1,1,101,227,62,98,1,1,1
1,2,213,191,42,123,1,1,1
1,6,593,44,11,39,1,1,1
2,1,99,227,62,97,1,1,1
2,2,211,191,42,123,1,1,1
2,6,592,44,12,39,1,1,1
3,1,97,226,61,97,1,1,1
3,2,210,191,42,123,1,1,1
3,6,592,44,12,39,1,1,1
4,1,95,225,62,97,1,1,1
4,2,208,191,42,124,1,1,1
4,6,592,44,12,39,1,1,1
5,1,93,224,62,96,1,1,1
5,2,206,191,43,125,1,1,1
5,6,592,44,12,39,1,1,1
6,1,93,224,62,96,1,1,1
6,2,206,191,43,125,1,1,1
6,6,592,44,12,39,1,1,1
7,1,91,224,62,96,1,1,1
7,2,204,189,43,127,1,1,1
7,6,592,44,12,39,1,1,1
8,1,90,223,61,95,1,1,1
8,2,193,191,49,124,1,1,1
8,6,592,44,12,39,1,1,1
9,1,88,222,61,94,1,1,1
9,2,189,193,53,123,1,1,1
9,6,592,44,11,38,1,1,1
10,1,86,222,61,94,1,1,1
10,2,187,193,53,123,1,1,1
10,6,592,44,11,38,1,1,1
11,1,85,221,61,94,1,1,1
11,2,186,193,53,123,1,1,1
11,6,592,44,11,38,1,1,1
12,1,87,221,59,94,1,1,1
12,2,186,193,53,123,1,1,1
12,6,592,44,11,38,1,1,1
13,1,86,221,59,93,1,1,1
13,2,184,193,53,123,1,1,1
13,6,592,44,11,37,1,1,1
14,1,84,220,58,93,1,1,1
14,2,182,194,60,121,1,1,1
14,6,592,44,11,38,1,1,1
15,1,83,220,58,92,1,1,1
15,2,181,194,60,121,1,1,1
15,6,592,44,11,38,1,1,1
16,1,81,219,59,92,1,1,1
16,2,182,194,57,121,1,1,1
16,6,592,44,11,38,1,1,1
17,1,81,218,58,91,1,1,1
17,2,181,194,57,121,1,1,1
17,6,594,44,12,37,1,1,1
18,1,81,218,58,91,1,1,1
18,2,182,194,58,120,1,1,1
18,6,594,44,12,37,1,1,1
19,1,91,216,57,91,1,1,1
19,2,191,193,58,119,1,1,1
19,6,615,45,11,35,1,1,1
20,1,116,214,56,90,1,1,1
20,2,214,186,51,122,1,1,1
20,6,647,46,11,35,1,1,1
21,1,144,211,55,90,1,1,1
21,2,241,188,51,118,1,1,1
22,1,166,210,54,89,1,1,1
22,2,261,188,51,117,1,1,1
23,1,173,210,52,87,1,1,1
23,2,269,187,38,120,1,1,1
24,1,173,210,52,87,1,1,1
24,2,269,187,38,120,1,1,1
25,1,174,209,52,87,1,1,1
25,2,269,187,38,120,1,1,1
26,1,174,208,52,87,1,1,1
26,2,268,187,38,119,1,1,1
27,1,173,208,52,86,1,1,1
27,2,267,187,38,119,1,1,1
28,1,172,207,51,86,1,1,1
28,2,258,186,45,120,1,1,1
29,1,171,206,51,86,1,1,1
29,2,249,186,50,122,1,1,1
30,1,172,206,50,86,1,1,1
30,2,249,186,50,122,1,1,1
31,1,171,205,50,86,1,1,1
31,2,244,186,53,119,1,1,1
32,1,170,205,49,85,1,1,1
32,2,242,186,53,119,1,1,1
33,1,170,204,49,85,1,1,1
33,2,236,187,62,120,1,1,1
34,1,169,204,49,84,1,1,1
34,2,235,187,62,119,1,1,1
35,1,168,203,49,84,1,1,1
35,2,237,187,60,120,1,1,1
36,1,168,203,49,84,1,1,1
36,2,237,187,60,120,1,1,1
37,1,167,202,49,84,1,1,1
37,2,235,187,60,120,1,1,1
38,1,167,202,49,83,1,1,1
38,2,235,186,60,119,1,1,1
39,1,166,201,48,83,1,1,1
39,2,234,186,59,120,1,1,1
40,1,165,201,48,83,1,1,1
40,2,234,186,57,121,1,1,1
41,1,164,200,48,82,1,1,1
41,2,235,186,51,121,1,1,1
42,1,164,200,48,82,1,1,1
42,2,235,186,51,121,1,1,1
43,1,163,200,47,82,1,1,1
43,2,233,186,51,121,1,1,1
44,1,162,199,48,82,1,1,1
44,2,230,185,48,121,1,1,1
45,1,162,199,49,82,1,1,1
45,2,228,185,46,120,1,1,1
46,1,161,198,49,82,1,1,1
46,2,226,185,41,119,1,1,1
47,1,161,198,49,81,1,1,1
47,2,224,185,41,119,1,1,1
48,1,161,198,49,81,1,1,1
48,2,224,185,39,122,1,1,1
49,1,159,197,50,81,1,1,1
49,2,223,185,35,123,1,1,1
50,1,158,197,50,81,1,1,1
50,2,221,185,35,123,1,1,1
51,1,157,196,49,81,1,1,1
51,2,217,185,41,122,1,1,1
52,1,157,196,49,81,1,1,1
52,2,212,185,46,120,1,1,1
53,1,164,195,48,80,1,1,1
53,2,217,187,46,119,1,1,1
54,1,164,195,48,80,1,1,1
54,2,217,187,46,119,1,1,1
55,1,185,193,48,80,1,1,1
55,2,239,186,44,114,1,1,1
56,1,213,192,47,79,1,1,1
56,2,265,185,44,114,1,1,1
57,1,232,191,46,78,1,1,1
57,2,283,185,49,118,1,1,1
58,1,237,191,48,77,1,1,1
58,2,287,185,49,118,1,1,1
59,1,237,190,48,77,1,1,1
59,2,288,183,47,121,1,1,1
60,1,238,190,47,77,1,1,1
60,2,288,183,47,121,1,1,1
61,1,238,189,47,77,1,1,1
61,2,287,182,44,122,1,1,1
62,1,237,189,47,77,1,1,1
62,2,286,182,43,122,1,1,1
63,1,236,188,47,77,1,1,1
63,2,285,182,40,118,1,1,1
64,1,236,188,47,77,1,1,1
64,2,285,182,34,117,1,1,1
65,1,235,187,46,77,1,1,1
65,2,284,182,32,117,1,1,1
66,1,235,187,46,77,1,1,1
66,2,284,182,32,117,1,1,1
67,1,234,187,46,77,1,1,1
67,2,282,182,31,117,1,1,1
68,1,234,186,45,76,1,1,1
68,2,279,182,34,119,1,1,1
69,1,233,186,45,76,1,1,1
69,2,273,182,38,119,1,1,1
70,1,232,185,46,76,1,1,1
70,2,264,182,48,117,1,1,1
71,1,231,185,46,76,1,1,1
71,2,258,182,53,116,1,1,1
72,1,231,185,46,76,1,1,1
72,2,258,182,53,116,1,1,1
73,1,231,184,46,76,1,1,1
73,2,253,182,57,115,1,1,1
74,1,230,184,46,76,1,1,1
74,2,252,182,56,114,1,1,1
75,1,229,183,46,75,1,1,1
75,2,247,183,62,112,1,1,1
76,1,229,184,46,74,1,1,1
76,2,246,183,62,111,1,1,1
77,1,228,184,46,74,1,1,1
77,2,246,184,59,111,1,1,1
78,1,228,184,46,74,1,1,1
78,2,246,184,59,111,1,1,1
79,1,228,184,45,72,1,1,1
79,2,247,184,60,112,1,1,1
80,1,227,183,46,74,1,1,1
80,2,245,184,63,111,1,1,1
81,1,226,182,46,74,1,1,1
81,2,245,184,61,111,1,1,1
82,1,226,182,46,74,1,1,1
82,2,245,184,57,111,1,1,1
83,1,225,181,46,74,1,1,1
83,2,243,184,57,110,1,1,1
84,1,225,181,46,74,1,1,1
84,2,245,184,55,110,1,1,1
85,1,225,180,46,74,1,1,1
85,2,243,184,51,111,1,1,1
86,1,224,181,45,72,1,1,1
86,2,244,181,44,114,1,1,1
87,1,223,181,44,71,1,1,1
87,2,244,181,39,113,1,1,1
88,1,222,181,43,70,1,1,1
88,2,242,181,38,113,1,1,1
89,1,222,181,42,71,1,1,1
89,2,239,181,39,113,1,1,1
90,1,222,181,42,71,1,1,1
90,2,239,181,39,113,1,1,1
91,1,221,181,41,70,1,1,1
91,2,237,181,39,113,1,1,1
92,1,220,181,41,69,1,1,1
92,2,234,181,39,114,1,1,1
93,1,219,182,40,67,1,1,1
93,2,233,181,39,117,1,1,1
94,1,220,182,38,64,1,1,1
94,2,229,181,42,117,1,1,1
95,1,219,182,37,63,1,1,1
95,2,227,181,42,117,1,1,1
96,1,220,181,37,63,1,1,1
96,2,227,181,42,116,1,1,1
97,1,219,181,37,68,1,1,1
97,2,225,181,42,116,1,1,1
98,1,218,181,36,64,1,1,1
98,2,224,181,44,116,1,1,1
99,1,217,181,45,63,1,1,1
99,2,223,181,44,117,1,1,1
100,1,216,181,45,63,1,1,1
100,2,222,181,44,117,1,1,1
101,1,218,181,41,61,1,1,1
101,2,220,180,44,116,1,1,1
102,1,218,181,41,61,1,1,1
102,2,220,180,44,117,1,1,1
103,1,218,177,41,61,1,1,1
103,2,218,180,44,116,1,1,1
104,1,217,176,41,61,1,1,1
104,2,217,179,40,114,1,1,1
105,1,218,173,41,63,1,1,1
105,2,216,179,40,113,1,1,1
106,1,219,172,39,63,1,1,1
106,2,215,178,35,114,1,1,1
107,1,218,171,39,63,1,1,1
107,2,214,177,35,114,1,1,1
108,1,218,171,39,63,1,1,1
108,2,214,177,35,114,1,1,1
109,1,217,171,40,64,1,1,1
109,2,213,177,34,115,1,1,1
110,1,218,172,40,64,1,1,1
110,2,211,176,35,115,1,1,1
111,1,217,171,40,65,1,1,1
111,2,210,176,35,115,1,1,1
112,1,216,171,41,65,1,1,1
112,2,205,175,39,114,1,1,1
113,1,216,171,40,64,1,1,1
113,2,198,175,45,113,1,1,1
114,1,216,171,40,64,1,1,1
114,2,198,175,45,113,1,1,1
115,1,216,170,40,65,1,1,1
115,2,195,175,47,112,1,1,1
116,1,215,169,40,66,1,1,1
116,2,194,175,47,111,1,1,1
117,1,214,169,41,66,1,1,1
117,2,193,173,47,113,1,1,1
118,1,212,168,41,67,1,1,1
118,2,192,173,47,113,1,1,1
119,1,213,167,38,67,1,1,1
119,2,193,172,44,113,1,1,1
120,1,213,167,38,67,1,1,1
120,2,193,172,44,113,1,1,1
121,1,216,165,38,67,1,1,1
121,2,191,171,46,113,1,1,1
122,1,215,166,38,67,1,1,1
122,2,190,170,46,113,1,1,1
123,1,214,165,38,67,1,1,1
123,2,188,169,46,113,1,1,1
124,1,214,165,38,67,1,1,1
124,2,188,169,43,111,1,1,1
125,1,214,164,38,67,1,1,1
125,2,187,168,41,110,1,1,1
126,1,214,164,38,67,1,1,1
126,2,187,168,41,110,1,1,1
127,1,221,163,39,68,1,1,1
127,2,193,167,38,108,1,1,1
128,1,242,162,39,68,1,1,1
128,2,213,165,37,108,1,1,1
128,5,-24,39,27,41,1,1,1
129,1,272,162,39,66,1,1,1
129,2,240,164,37,107,1,1,1
129,5,8,39,28,40,1,1,1
130,1,297,162,37,66,1,1,1
130,2,266,164,38,108,1,1,1
130,5,43,39,22,39,1,1,1
131,1,308,162,40,64,1,1,1
131,2,278,163,40,107,1,1,1
131,5,55,39,21,40,1,1,1
132,1,308,162,40,64,1,1,1
132,2,278,163,40,107,1,1,1
132,5,57,41,20,42,1,1,1
133,1,311,162,40,64,1,1,1
133,2,280,163,40,107,1,1,1
133,5,59,41,20,42,1,1,1
134,1,311,161,40,64,1,1,1
134,2,280,163,40,107,1,1,1
134,5,59,40,20,43,1,1,1
135,1,310,161,41,65,1,1,1
135,2,279,163,40,107,1,1,1
135,5,59,40,20,43,1,1,1
136,1,310,160,40,64,1,1,1
136,2,279,162,40,106,1,1,1
136,5,59,40,20,44,1,1,1
137,1,310,160,40,64,1,1,1
137,2,277,162,40,106,1,1,1
137,5,59,40,20,44,1,1,1
138,1,310,160,40,64,1,1,1
138,2,277,162,40,107,1,1,1
138,5,59,40,20,44,1,1,1
139,1,309,160,40,64,1,1,1
139,2,277,161,40,106,1,1,1
139,5,59,40,20,44,1,1,1
140,1,309,159,40,64,1,1,1
140,2,276,161,39,103,1,1,1
140,5,59,40,20,44,1,1,1
141,1,308,159,40,64,1,1,1
141,2,274,159,37,103,1,1,1
141,5,59,40,20,44,1,1,1
142,1,308,159,40,64,1,1,1
142,2,273,158,37,102,1,1,1
142,5,59,40,20,44,1,1,1
143,1,307,158,40,66,1,1,1
143,2,273,157,37,102,1,1,1
143,5,59,40,20,44,1,1,1
144,1,307,158,40,66,1,1,1
144,2,273,157,37,103,1,1,1
144,5,59,40,19,42,1,1,1
145,1,306,158,41,64,1,1,1
145,2,272,156,37,102,1,1,1
145,5,58,39,20,43,1,1,1
146,1,305,158,41,64,1,1,1
146,2,272,155,38,104,1,1,1
146,5,58,39,20,43,1,1,1
147,1,305,157,41,66,1,1,1
147,2,271,156,39,104,1,1,1
147,5,58,39,20,43,1,1,1
148,1,304,157,41,66,1,1,1
148,2,270,156,39,104,1,1,1
148,5,58,39,20,43,1,1,1
149,1,304,157,41,66,1,1,1
149,2,270,155,39,104,1,1,1
149,5,58,39,18,42,1,1,1
150,1,304,157,41,66,1,1,1
150,2,270,156,39,104,1,1,1
150,5,58,39,18,42,1,1,1
151,1,303,156,41,66,1,1,1
151,2,269,155,39,105,1,1,1
151,5,58,39,18,42,1,1,1
152,1,302,157,41,65,1,1,1
152,2,266,155,41,104,1,1,1
152,5,58,39,18,42,1,1,1
153,1,301,157,41,65,1,1,1
153,2,265,155,41,104,1,1,1
153,5,58,39,18,42,1,1,1
154,1,301,156,41,65,1,1,1
154,2,266,155,39,103,1,1,1
154,5,58,39,18,42,1,1,1
155,1,300,156,41,65,1,1,1
155,2,265,155,39,102,1,1,1
155,5,58,39,18,42,1,1,1
156,1,300,156,41,65,1,1,1
156,2,265,155,39,103,1,1,1
156,5,58,39,18,42,1,1,1
157,1,299,156,41,65,1,1,1
157,2,264,154,39,103,1,1,1
157,5,58,39,18,42,1,1,1
158,1,299,155,41,65,1,1,1
158,2,263,155,39,101,1,1,1
158,5,58,39,18,41,1,1,1
159,1,298,155,40,64,1,1,1
159,2,262,154,39,101,1,1,1
159,5,58,39,18,41,1,1,1
160,1,297,155,40,64,1,1,1
160,2,261,153,39,101,1,1,1
160,5,58,39,18,41,1,1,1
161,1,297,155,40,64,1,1,1
161,2,262,153,36,100,1,1,1
161,5,58,39,18,41,1,1,1
162,1,297,155,40,64,1,1,1
162,2,262,153,36,100,1,1,1
162,5,58,39,18,41,1,1,1
163,1,296,155,40,64,1,1,1
163,2,261,153,36,100,1,1,1
163,5,58,39,18,42,1,1,1
164,1,295,155,40,64,1,1,1
164,2,260,153,36,99,1,1,1
164,5,58,39,18,41,1,1,1
165,1,294,155,40,64,1,1,1
165,2,259,153,33,96,1,1,1
165,5,58,40,18,41,1,1,1
166,1,294,156,40,64,1,1,1
166,2,258,153,33,96,1,1,1
166,5,58,40,18,42,1,1,1
167,1,293,156,40,64,1,1,1
167,2,257,153,33,96,1,1,1
167,5,58,40,18,42,1,1,1
168,1,293,156,40,64,1,1,1
168,2,257,153,33,96,1,1,1
168,5,58,40,18,42,1,1,1
169,1,292,156,40,64,1,1,1
169,2,256,154,34,99,1,1,1
169,5,58,40,18,42,1,1,1
170,1,292,156,40,64,1,1,1
170,2,254,154,35,99,1,1,1
170,5,58,40,18,42,1,1,1
171,1,291,156,40,64,1,1,1
171,2,253,154,35,98,1,1,1
171,5,58,40,18,42,1,1,1
172,1,291,156,40,63,1,1,1
172,2,252,154,35,98,1,1,1
172,5,58,40,18,42,1,1,1
173,1,290,156,40,63,1,1,1
173,2,251,154,34,97,1,1,1
173,5,58,40,18,41,1,1,1
174,1,290,156,40,63,1,1,1
174,2,251,154,34,98,1,1,1
174,5,58,40,18,41,1,1,1
175,1,289,155,40,63,1,1,1
175,2,250,154,34,97,1,1,1
175,5,58,40,18,41,1,1,1
176,1,288,155,39,63,1,1,1
176,2,249,154,34,97,1,1,1
176,5,58,40,18,41,1,1,1
177,1,288,155,39,63,1,1,1
177,2,249,154,34,97,1,1,1
177,5,58,40,18,41,1,1,1
178,1,287,155,39,63,1,1,1
178,2,248,153,33,96,1,1,1
178,5,58,40,18,41,1,1,1
179,1,286,155,39,63,1,1,1
179,2,248,153,34,90,1,1,1
179,5,58,40,18,41,1,1,1
180,1,286,155,39,63,1,1,1
180,2,248,153,34,90,1,1,1
180,5,58,40,18,41,1,1,1
181,1,286,155,39,62,1,1,1
181,2,247,153,34,90,1,1,1
181,5,58,40,18,41,1,1,1
182,1,285,156,39,62,1,1,1
182,2,247,153,34,89,1,1,1
182,5,58,40,18,41,1,1,1
183,1,284,156,39,62,1,1,1
183,2,245,153,36,89,1,1,1
183,5,58,41,18,41,1,1,1
184,1,284,157,39,62,1,1,1
184,2,245,153,36,89,1,1,1
184,5,58,41,18,42,1,1,1
185,1,283,158,39,62,1,1,1
185,2,244,154,34,92,1,1,1
185,5,58,41,18,42,1,1,1
186,1,283,158,39,62,1,1,1
186,2,244,154,34,92,1,1,1
186,5,58,41,18,41,1,1,1
187,1,282,158,38,61,1,1,1
187,2,243,154,34,92,1,1,1
187,5,58,41,18,42,1,1,1
188,1,282,159,36,62,1,1,1
188,2,243,155,34,92,1,1,1
188,5,58,41,18,42,1,1,1
189,1,281,159,36,62,1,1,1
189,2,242,155,34,92,1,1,1
189,5,59,41,18,42,1,1,1
190,1,281,159,36,62,1,1,1
190,2,243,155,33,93,1,1,1
190,5,59,42,18,41,1,1,1
191,1,280,159,37,62,1,1,1
191,2,239,155,36,91,1,1,1
191,5,59,42,18,41,1,1,1
192,1,280,159,37,62,1,1,1
192,2,239,155,36,91,1,1,1
192,5,59,41,18,42,1,1,1
193,1,279,159,37,62,1,1,1
193,2,237,155,38,94,1,1,1
193,5,59,42,18,41,1,1,1
194,1,278,159,37,62,1,1,1
194,2,236,155,38,94,1,1,1
194,5,59,42,18,41,1,1,1
195,1,277,158,37,62,1,1,1
195,2,238,155,35,93,1,1,1
195,5,59,42,18,41,1,1,1
196,1,277,158,37,62,1,1,1
196,2,237,154,35,93,1,1,1
196,5,59,42,18,42,1,1,1
197,1,276,158,36,61,1,1,1
197,2,236,154,35,93,1,1,1
197,5,60,42,18,41,1,1,1
198,1,276,158,36,61,1,1,1
198,2,236,154,35,93,1,1,1
198,5,60,42,18,41,1,1,1
199,1,275,158,36,61,1,1,1
199,2,234,153,35,93,1,1,1
199,5,60,42,18,41,1,1,1
200,1,275,158,35,61,1,1,1
200,2,233,153,35,92,1,1,1
200,5,60,42,18,42,1,1,1
201,1,274,157,35,61,1,1,1
201,2,232,153,35,91,1,1,1
201,5,60,42,18,42,1,1,1
202,1,273,158,36,61,1,1,1
202,2,231,153,33,90,1,1,1
202,5,60,42,18,42,1,1,1
203,1,272,159,36,61,1,1,1
203,2,230,153,33,90,1,1,1
203,5,60,42,18,42,1,1,1
204,1,272,159,36,61,1,1,1
204,2,230,153,33,90,1,1,1
204,5,60,42,18,42,1,1,1
205,1,272,159,36,61,1,1,1
205,2,229,154,32,88,1,1,1
205,5,60,42,18,41,1,1,1
206,1,271,160,36,60,1,1,1
206,2,228,155,32,88,1,1,1
206,5,60,42,18,41,1,1,1
207,1,270,161,36,60,1,1,1
207,2,227,156,32,88,1,1,1
207,5,61,43,17,41,1,1,1
208,1,270,162,36,60,1,1,1
208,2,226,157,33,90,1,1,1
208,5,61,43,17,41,1,1,1
209,1,269,162,36,60,1,1,1
209,2,225,158,33,90,1,1,1
209,5,61,43,17,41,1,1,1
210,1,269,162,36,60,1,1,1
210,2,225,158,33,90,1,1,1
210,5,61,43,17,41,1,1,1
211,1,268,162,35,60,1,1,1
211,2,224,158,33,90,1,1,1
211,5,61,44,17,41,1,1,1
212,1,268,163,36,60,1,1,1
212,2,223,159,33,90,1,1,1
212,5,61,44,17,41,1,1,1
213,1,267,163,36,60,1,1,1
213,2,223,159,33,90,1,1,1
213,5,61,44,17,41,1,1,1
214,1,267,163,35,59,1,1,1
214,2,222,159,33,90,1,1,1
214,5,61,44,17,41,1,1,1
215,1,266,163,35,59,1,1,1
215,2,221,159,34,88,1,1,1
215,5,61,44,17,41,1,1,1
216,1,266,163,35,59,1,1,1
216,2,221,159,34,88,1,1,1
216,5,61,44,17,41,1,1,1
217,1,265,163,35,59,1,1,1
217,2,220,159,34,88,1,1,1
217,5,61,44,17,41,1,1,1
218,1,265,163,35,59,1,1,1
218,2,220,158,34,87,1,1,1
218,5,61,44,17,41,1,1,1
219,1,264,162,35,59,1,1,1
219,2,219,158,32,88,1,1,1
219,5,61,44,17,41,1,1,1
220,1,264,162,35,59,1,1,1
220,2,219,157,32,88,1,1,1
220,5,61,44,17,41,1,1,1
221,1,263,162,34,58,1,1,1
221,2,218,157,32,87,1,1,1
221,5,61,44,17,42,1,1,1
222,1,263,162,34,58,1,1,1
222,2,218,157,32,88,1,1,1
222,5,61,44,17,42,1,1,1
223,1,263,162,34,58,1,1,1
223,2,218,156,32,87,1,1,1
223,5,61,44,17,42,1,1,1
224,1,262,161,34,58,1,1,1
224,2,218,156,32,87,1,1,1
224,5,61,44,17,42,1,1,1
225,1,262,161,34,58,1,1,1
225,2,217,155,32,87,1,1,1
225,5,61,44,17,41,1,1,1
226,1,261,160,34,58,1,1,1
226,2,217,155,32,87,1,1,1
226,5,61,44,17,41,1,1,1
227,1,260,160,34,58,1,1,1
227,2,217,155,31,86,1,1,1
227,5,61,44,17,41,1,1,1
228,1,260,160,34,58,1,1,1
228,2,217,155,31,86,1,1,1
228,5,61,44,17,41,1,1,1
229,1,260,160,34,58,1,1,1
229,2,217,154,31,86,1,1,1
229,5,61,44,17,41,1,1,1
230,1,260,159,34,58,1,1,1
230,2,217,154,31,86,1,1,1
230,5,61,44,16,41,1,1,1
231,1,258,159,34,57,1,1,1
231,2,216,154,31,85,1,1,1
231,5,61,44,16,41,1,1,1
232,1,259,158,34,57,1,1,1
232,2,215,153,32,87,1,1,1
232,5,61,44,16,41,1,1,1
233,1,258,158,34,57,1,1,1
233,2,215,153,32,87,1,1,1
233,5,61,44,17,41,1,1,1
234,1,258,158,34,57,1,1,1
234,2,215,153,32,87,1,1,1
234,5,61,44,17,41,1,1,1
235,1,258,158,34,57,1,1,1
235,2,214,152,33,85,1,1,1
235,5,61,44,17,41,1,1,1
236,1,257,157,33,57,1,1,1
236,2,212,151,34,85,1,1,1
236,5,61,44,17,41,1,1,1
237,1,257,157,33,57,1,1,1
237,2,212,151,34,85,1,1,1
237,5,61,44,17,41,1,1,1
238,1,256,157,34,56,1,1,1
238,2,211,150,34,85,1,1,1
238,5,61,44,17,41,1,1,1
239,1,256,157,34,56,1,1,1
239,2,210,149,34,84,1,1,1
239,5,61,43,17,41,1,1,1
240,1,255,157,34,56,1,1,1
240,2,210,149,34,84,1,1,1
240,5,61,43,17,41,1,1,1
241,1,255,156,34,56,1,1,1
241,2,209,149,34,84,1,1,1
241,5,61,43,17,41,1,1,1
242,1,254,156,34,56,1,1,1
242,2,209,147,34,85,1,1,1
242,5,61,43,16,41,1,1,1
243,1,254,156,34,56,1,1,1
243,2,208,147,34,85,1,1,1
243,5,61,43,17,41,1,1,1
244,1,253,155,34,55,1,1,1
244,2,207,146,33,85,1,1,1
244,5,61,43,16,40,1,1,1
245,1,253,155,34,55,1,1,1
245,2,207,146,33,85,1,1,1
245,5,61,43,16,40,1,1,1
246,1,253,155,34,55,1,1,1
246,2,207,146,32,85,1,1,1
246,5,61,43,16,40,1,1,1
247,1,252,155,34,55,1,1,1
247,2,207,146,32,85,1,1,1
247,5,61,43,16,39,1,1,1
248,1,252,154,34,55,1,1,1
248,2,206,146,32,85,1,1,1
248,5,61,43,16,39,1,1,1
249,1,251,154,33,55,1,1,1
249,2,206,146,32,85,1,1,1
249,5,61,43,16,39,1,1,1
250,1,251,153,33,55,1,1,1
250,2,205,146,33,85,1,1,1
250,5,61,43,16,40,1,1,1
251,1,250,153,33,55,1,1,1
251,2,205,146,33,84,1,1,1
251,5,61,43,16,40,1,1,1
252,1,250,153,33,55,1,1,1
252,2,204,146,34,83,1,1,1
252,5,61,43,16,40,1,1,1
253,1,250,153,33,55,1,1,1
253,2,204,146,34,83,1,1,1
253,5,61,43,16,40,1,1,1
254,1,249,153,33,55,1,1,1
254,2,203,146,34,83,1,1,1
254,5,61,43,16,40,1,1,1
255,1,249,152,33,55,1,1,1
255,2,203,145,34,83,1,1,1
255,5,61,43,16,40,1,1,1
256,1,248,152,33,54,1,1,1
256,2,203,145,34,83,1,1,1
256,5,61,43,16,40,1,1,1
257,1,247,152,33,54,1,1,1
257,2,203,143,34,83,1,1,1
257,5,59,43,17,40,1,1,1
258,1,247,152,33,54,1,1,1
258,2,203,143,34,83,1,1,1
258,5,59,43,17,40,1,1,1
259,1,247,151,33,54,1,1,1
259,2,203,142,34,83,1,1,1
259,5,59,43,17,40,1,1,1
260,1,246,151,33,54,1,1,1
260,2,202,142,34,83,1,1,1
260,5,59,43,17,40,1,1,1
261,1,246,151,33,54,1,1,1
261,2,202,142,33,83,1,1,1
261,5,59,43,17,40,1,1,1
262,1,245,151,33,54,1,1,1
262,2,202,141,31,83,1,1,1
262,5,59,43,17,40,1,1,1
263,1,245,151,33,54,1,1,1
263,2,202,141,31,83,1,1,1
263,5,59,43,17,39,1,1,1
264,1,245,151,33,54,1,1,1
264,2,202,141,31,83,1,1,1
264,5,59,43,17,39,1,1,1
265,1,244,151,33,54,1,1,1
265,2,202,141,31,83,1,1,1
265,5,59,43,17,39,1,1,1
266,1,243,149,33,55,1,1,1
266,2,201,140,31,84,1,1,1
266,5,59,43,17,39,1,1,1
267,1,242,149,33,55,1,1,1
267,2,201,140,31,83,1,1,1
267,5,59,43,17,39,1,1,1
268,1,242,149,33,55,1,1,1
268,2,201,140,31,83,1,1,1
268,5,59,43,17,39,1,1,1
269,1,241,148,33,55,1,1,1
269,2,200,140,31,84,1,1,1
269,5,59,43,17,39,1,1,1
270,1,241,148,33,55,1,1,1
270,2,200,140,31,83,1,1,1
270,5,59,43,17,40,1,1,1
271,1,241,148,33,55,1,1,1
271,2,200,140,31,84,1,1,1
271,5,59,43,17,39,1,1,1
272,1,240,148,33,55,1,1,1
272,2,200,141,31,82,1,1,1
272,5,58,43,17,39,1,1,1
273,1,239,148,33,55,1,1,1
273,2,199,140,31,83,1,1,1
273,5,58,43,17,39,1,1,1
274,1,239,148,33,55,1,1,1
274,2,199,140,31,83,1,1,1
274,5,58,43,17,38,1,1,1
275,1,238,148,34,56,1,1,1
275,2,198,140,31,83,1,1,1
275,5,57,43,17,38,1,1,1
276,1,238,148,34,56,1,1,1
276,2,198,140,31,83,1,1,1
276,5,57,43,17,38,1,1,1
277,1,237,148,34,56,1,1,1
277,2,198,140,31,82,1,1,1
277,5,57,43,17,38,1,1,1
278,1,237,148,34,56,1,1,1
278,2,197,140,31,82,1,1,1
278,5,57,43,17,38,1,1,1
279,1,237,148,34,56,1,1,1
279,2,197,140,31,82,1,1,1
279,5,57,43,17,40,1,1,1
280,1,236,148,34,56,1,1,1
280,2,196,140,31,83,1,1,1
280,5,57,43,17,40,1,1,1
281,1,236,148,34,56,1,1,1
281,2,195,140,31,82,1,1,1
281,5,56,43,17,40,1,1,1
282,1,236,148,34,56,1,1,1
282,2,195,140,31,82,1,1,1
282,5,56,43,18,41,1,1,1
283,1,235,148,34,56,1,1,1
283,2,195,139,31,83,1,1,1
283,5,56,43,18,41,1,1,1
284,1,235,148,34,56,1,1,1
284,2,194,139,31,83,1,1,1
284,5,56,43,18,41,1,1,1
285,1,234,148,34,56,1,1,1
285,2,193,140,31,83,1,1,1
285,5,55,43,18,40,1,1,1
286,1,234,148,34,56,1,1,1
286,2,193,140,31,84,1,1,1
286,5,55,43,18,40,1,1,1
287,1,234,148,34,56,1,1,1
287,2,193,140,31,83,1,1,1
287,5,54,43,16,40,1,1,1
288,1,233,148,34,56,1,1,1
288,2,192,140,31,83,1,1,1
288,5,54,43,16,40,1,1,1
289,1,233,148,34,55,1,1,1
289,2,192,140,30,82,1,1,1
289,5,53,43,16,40,1,1,1
290,1,232,148,34,56,1,1,1
290,2,192,140,30,82,1,1,1
290,5,53,43,16,40,1,1,1
291,1,232,149,34,56,1,1,1
291,2,191,141,30,82,1,1,1
291,5,51,43,17,40,1,1,1
292,1,231,149,34,56,1,1,1
292,2,191,141,30,83,1,1,1
292,5,51,43,17,40,1,1,1
293,1,231,149,34,56,1,1,1
293,2,191,141,30,83,1,1,1
293,5,51,43,17,40,1,1,1
294,1,231,149,34,56,1,1,1
294,2,190,142,30,83,1,1,1
294,5,50,42,17,41,1,1,1
295,1,231,150,34,56,1,1,1
295,2,189,143,30,83,1,1,1
295,5,50,42,17,41,1,1,1
296,1,230,150,34,56,1,1,1
296,2,189,144,30,83,1,1,1
296,5,49,44,17,40,1,1,1
297,1,230,151,34,56,1,1,1
297,2,188,144,31,84,1,1,1
297,5,49,44,17,40,1,1,1
298,1,229,152,33,57,1,1,1
298,2,188,145,31,84,1,1,1
298,5,48,43,17,42,1,1,1
299,1,229,152,33,57,1,1,1
299,2,188,145,31,84,1,1,1
299,5,48,43,17,42,1,1,1
300,1,229,153,33,57,1,1,1
300,2,187,146,31,84,1,1,1
300,5,48,43,17,40,1,1,1
301,1,228,154,33,57,1,1,1
301,2,187,146,31,84,1,1,1
301,5,47,43,17,40,1,1,1
302,1,227,155,34,55,1,1,1
302,2,186,147,31,84,1,1,1
302,5,46,43,18,42,1,1,1
303,1,226,156,34,55,1,1,1
303,2,185,148,31,85,1,1,1
303,5,45,43,18,41,1,1,1
304,1,226,157,34,55,1,1,1
304,2,185,149,31,85,1,1,1
304,5,45,44,18,42,1,1,1
305,1,226,157,34,55,1,1,1
305,2,185,149,31,86,1,1,1
305,5,45,44,18,42,1,1,1
306,1,225,156,34,57,1,1,1
306,2,184,150,31,86,1,1,1
306,5,45,44,18,40,1,1,1
307,1,224,157,34,57,1,1,1
307,2,184,151,31,86,1,1,1
307,5,44,44,18,42,1,1,1
308,1,225,158,33,57,1,1,1
308,2,183,152,32,86,1,1,1
308,5,43,43,20,43,1,1,1
309,1,224,159,33,57,1,1,1
309,2,182,153,32,87,1,1,1
309,5,43,43,20,43,1,1,1
310,1,224,160,34,57,1,1,1
310,2,182,154,33,87,1,1,1
310,5,42,44,20,43,1,1,1
311,1,224,160,34,57,1,1,1
311,2,182,154,33,87,1,1,1
311,5,42,44,19,43,1,1,1
312,1,223,161,34,57,1,1,1
312,2,181,155,33,87,1,1,1
312,5,42,44,19,43,1,1,1
313,1,223,162,34,57,1,1,1
313,2,181,156,33,88,1,1,1
313,5,41,45,18,43,1,1,1
314,1,222,163,34,58,1,1,1
314,2,180,157,34,89,1,1,1
314,5,41,45,18,43,1,1,1
315,1,222,164,35,58,1,1,1
315,2,179,158,34,89,1,1,1
315,5,41,45,18,43,1,1,1
316,1,221,164,35,58,1,1,1
316,2,179,159,34,90,1,1,1
316,5,40,45,18,43,1,1,1
317,1,221,164,34,58,1,1,1
317,2,179,159,34,90,1,1,1
317,5,40,45,18,43,1,1,1
318,1,221,165,35,58,1,1,1
318,2,178,159,34,90,1,1,1
318,3,-21,101,19,56,1,1,1
318,5,40,45,18,41,1,1,1
319,1,221,165,35,58,1,1,1
319,2,178,160,35,90,1,1,1
319,3,-20,101,19,56,1,1,1
319,5,40,45,18,43,1,1,1
320,1,220,165,35,58,1,1,1
320,2,177,160,35,95,1,1,1
320,3,-20,102,19,56,1,1,1
320,5,40,45,18,43,1,1,1
321,1,220,166,35,58,1,1,1
321,2,176,160,35,95,1,1,1
321,3,-20,102,19,58,1,1,1
321,5,40,45,17,41,1,1,1
322,1,220,166,35,58,1,1,1
322,2,176,160,35,95,1,1,1
322,3,-19,102,20,58,1,1,1
322,5,40,45,17,41,1,1,1
323,1,220,166,35,58,1,1,1
323,2,176,160,35,95,1,1,1
323,3,-20,102,24,55,1,1,1
323,5,40,45,17,41,1,1,1
324,1,219,166,35,60,1,1,1
324,2,175,160,35,96,1,1,1
324,3,-19,102,24,55,1,1,1
324,5,40,45,17,41,1,1,1
325,1,219,166,35,60,1,1,1
325,2,175,160,36,97,1,1,1
325,3,-21,102,27,55,1,1,1
325,5,40,45,17,41,1,1,1
326,1,218,166,35,60,1,1,1
326,2,175,160,36,97,1,1,1
326,3,-20,102,28,55,1,1,1
326,5,39,45,17,40,1,1,1
327,1,218,166,35,60,1,1,1
327,2,174,160,36,97,1,1,1
327,3,-20,102,25,55,1,1,1
327,5,39,45,17,40,1,1,1
328,1,218,166,35,60,1,1,1
328,2,174,160,36,97,1,1,1
328,3,-19,102,25,55,1,1,1
328,5,39,45,17,40,1,1,1
329,1,218,166,35,60,1,1,1
329,2,174,160,35,98,1,1,1
329,3,-19,102,25,55,1,1,1
329,5,39,45,17,40,1,1,1
330,1,218,166,35,60,1,1,1
330,2,174,160,34,95,1,1,1
330,3,-19,102,26,56,1,1,1
330,5,39,45,17,40,1,1,1
331,1,217,167,35,60,1,1,1
331,2,174,160,34,95,1,1,1
331,3,-16,102,25,55,1,1,1
331,5,39,45,17,40,1,1,1
332,1,217,167,38,59,1,1,1
332,2,173,160,34,95,1,1,1
332,3,-16,102,25,55,1,1,1
332,5,39,45,17,40,1,1,1
333,1,217,167,38,59,1,1,1
333,2,173,160,34,95,1,1,1
333,3,-15,101,27,57,1,1,1
333,5,39,45,17,40,1,1,1
334,1,217,167,36,60,1,1,1
334,2,173,160,34,95,1,1,1
334,3,-17,99,31,60,1,1,1
334,5,39,45,17,40,1,1,1
335,1,217,167,36,60,1,1,1
335,2,170,160,37,95,1,1,1
335,3,-17,99,31,60,1,1,1
335,5,39,45,17,40,1,1,1
336,1,217,167,36,60,1,1,1
336,2,170,160,37,95,1,1,1
336,3,-15,99,30,60,1,1,1
336,5,39,45,17,40,1,1,1
337,1,216,167,36,60,1,1,1
337,2,170,160,37,95,1,1,1
337,3,-14,99,30,60,1,1,1
337,5,39,45,17,40,1,1,1
338,1,216,167,36,60,1,1,1
338,2,169,160,37,95,1,1,1
338,3,-14,99,30,60,1,1,1
338,5,39,45,17,40,1,1,1
339,1,216,167,36,60,1,1,1
339,2,169,160,37,95,1,1,1
339,3,-12,100,30,59,1,1,1
339,5,39,45,17,40,1,1,1
340,1,215,167,36,60,1,1,1
340,2,169,160,36,92,1,1,1
340,3,-9,100,29,59,1,1,1
340,5,39,45,17,40,1,1,1
341,1,215,167,36,60,1,1,1
341,2,169,160,36,92,1,1,1
341,3,-9,100,29,59,1,1,1
341,5,39,45,17,40,1,1,1
342,1,215,167,36,60,1,1,1
342,2,169,160,36,92,1,1,1
342,3,-8,101,30,60,1,1,1
342,5,39,45,17,40,1,1,1
343,1,215,167,36,60,1,1,1
343,2,169,160,36,92,1,1,1
343,3,-7,102,30,59,1,1,1
343,5,39,45,17,40,1,1,1
344,1,215,167,36,60,1,1,1
344,2,169,160,36,92,1,1,1
344,3,-6,102,29,60,1,1,1
344,5,39,45,17,40,1,1,1
345,1,215,166,36,60,1,1,1
345,2,169,160,36,91,1,1,1
345,3,-4,102,28,61,1,1,1
345,5,38,45,17,40,1,1,1
346,1,214,166,36,60,1,1,1
346,2,170,160,35,90,1,1,1
346,3,-3,102,27,59,1,1,1
346,5,39,45,17,40,1,1,1
347,1,214,166,36,60,1,1,1
347,2,170,160,35,91,1,1,1
347,3,-3,102,27,57,1,1,1
347,5,39,45,17,40,1,1,1
348,1,214,166,36,60,1,1,1
348,2,170,160,35,90,1,1,1
348,3,-2,102,26,60,1,1,1
348,5,39,45,17,40,1,1,1
349,1,214,166,36,60,1,1,1
349,2,170,160,35,90,1,1,1
349,3,-1,102,26,60,1,1,1
349,5,39,45,16,40,1,1,1
350,1,214,166,36,59,1,1,1
350,2,170,159,35,90,1,1,1
350,3,0,102,26,60,1,1,1
350,5,39,45,16,39,1,1,1
351,1,214,166,36,59,1,1,1
351,2,170,159,35,89,1,1,1
351,3,1,103,29,59,1,1,1
351,5,39,45,16,39,1,1,1
352,1,214,166,35,59,1,1,1
352,2,170,159,35,89,1,1,1
352,3,2,103,29,59,1,1,1
352,5,39,45,16,39,1,1,1
353,1,214,166,35,59,1,1,1
353,2,170,159,35,89,1,1,1
353,3,2,103,29,59,1,1,1
353,5,39,45,16,39,1,1,1
354,1,213,166,35,59,1,1,1
354,2,170,158,35,89,1,1,1
354,3,4,104,28,59,1,1,1
354,5,39,45,16,39,1,1,1
355,1,213,166,35,59,1,1,1
355,2,170,158,35,89,1,1,1
355,3,5,105,28,58,1,1,1
355,5,39,45,16,39,1,1,1
356,1,213,166,35,59,1,1,1
356,2,171,158,35,92,1,1,1
356,3,8,106,27,58,1,1,1
356,5,39,45,16,39,1,1,1
357,1,213,166,35,59,1,1,1
357,2,171,158,35,93,1,1,1
357,3,9,106,27,58,1,1,1
357,5,39,45,16,39,1,1,1
358,1,212,165,35,59,1,1,1
358,2,171,158,35,93,1,1,1
358,3,11,106,29,57,1,1,1
358,5,39,45,16,39,1,1,1
359,1,212,165,35,59,1,1,1
359,2,171,158,35,93,1,1,1
359,3,11,106,29,57,1,1,1
359,5,39,45,16,39,1,1,1
360,1,212,165,35,59,1,1,1
360,2,171,158,35,93,1,1,1
360,3,11,106,30,56,1,1,1
360,5,39,45,16,39,1,1,1
361,1,212,165,35,59,1,1,1
361,2,171,158,35,93,1,1,1
361,3,12,106,30,56,1,1,1
361,5,40,45,16,39,1,1,1
362,1,211,164,35,59,1,1,1
362,2,170,157,32,89,1,1,1
362,3,15,106,29,56,1,1,1
362,5,39,45,16,39,1,1,1
363,1,211,164,35,59,1,1,1
363,2,170,157,32,89,1,1,1
363,3,16,106,27,57,1,1,1
363,5,40,45,16,39,1,1,1
364,1,211,164,35,59,1,1,1
364,2,169,157,32,89,1,1,1
364,3,17,106,27,57,1,1,1
364,5,40,45,16,39,1,1,1
365,1,211,164,35,59,1,1,1
365,2,169,157,32,89,1,1,1
365,3,17,106,28,58,1,1,1
365,5,40,45,16,39,1,1,1
366,1,211,164,35,59,1,1,1
366,2,169,157,32,89,1,1,1
366,3,18,106,29,58,1,1,1
366,5,40,45,16,39,1,1,1
367,1,210,164,35,59,1,1,1
367,2,169,157,34,90,1,1,1
367,3,21,106,30,59,1,1,1
367,5,40,45,16,39,1,1,1
368,1,210,163,35,59,1,1,1
368,2,168,157,34,90,1,1,1
368,3,23,106,30,60,1,1,1
368,5,40,45,16,39,1,1,1
369,1,210,163,35,58,1,1,1
369,2,168,157,34,90,1,1,1
369,3,24,106,31,61,1,1,1
369,5,40,45,16,39,1,1,1
370,1,210,163,35,59,1,1,1
370,2,167,156,34,90,1,1,1
370,3,25,106,32,61,1,1,1
370,5,40,45,16,39,1,1,1
371,1,210,163,35,58,1,1,1
371,2,167,156,34,90,1,1,1
371,3,25,106,32,61,1,1,1
371,5,40,45,16,39,1,1,1
372,1,210,163,35,58,1,1,1
372,2,167,156,34,90,1,1,1
372,3,26,107,32,60,1,1,1
372,5,40,45,16,39,1,1,1
373,1,210,163,35,58,1,1,1
373,2,166,156,34,90,1,1,1
373,3,29,108,31,60,1,1,1
373,5,39,45,16,39,1,1,1
374,1,209,162,35,58,1,1,1
374,2,165,155,34,90,1,1,1
374,3,30,108,31,60,1,1,1
374,5,39,45,16,39,1,1,1
375,1,209,162,35,58,1,1,1
375,2,165,156,33,87,1,1,1
375,3,31,108,31,60,1,1,1
375,4,-20,124,24,56,1,1,1
375,5,39,45,16,39,1,1,1
376,1,209,162,34,57,1,1,1
376,2,163,155,35,90,1,1,1
376,3,33,109,31,59,1,1,1
376,4,-19,124,24,56,1,1,1
376,5,39,45,16,39,1,1,1
377,1,209,162,34,57,1,1,1
377,2,163,155,35,90,1,1,1
377,3,32,109,30,58,1,1,1
377,4,-19,124,24,56,1,1,1
377,5,39,45,16,39,1,1,1
378,1,209,162,34,57,1,1,1
378,2,162,155,35,90,1,1,1
378,3,33,109,30,58,1,1,1
378,4,-18,124,24,56,1,1,1
378,5,39,45,16,39,1,1,1
379,1,209,162,33,57,1,1,1
379,2,162,155,35,90,1,1,1
379,3,35,110,29,59,1,1,1
379,4,-15,125,23,56,1,1,1
379,5,39,45,16,39,1,1,1
380,1,209,162,33,57,1,1,1
380,2,161,155,35,90,1,1,1
380,3,36,109,28,59,1,1,1
380,4,-19,125,28,54,1,1,1
380,5,39,45,16,39,1,1,1
381,1,209,161,33,58,1,1,1
381,2,161,155,35,90,1,1,1
381,3,37,109,28,59,1,1,1
381,4,-20,125,31,54,1,1,1
381,5,39,45,16,39,1,1,1
382,1,209,161,33,58,1,1,1
382,2,160,154,33,88,1,1,1
382,3,39,109,26,60,1,1,1
382,4,-19,125,31,50,1,1,1
382,5,40,45,16,39,1,1,1
383,1,209,161,33,58,1,1,1
383,2,160,154,33,88,1,1,1
383,3,39,109,26,60,1,1,1
383,4,-19,125,31,50,1,1,1
383,5,40,45,16,39,1,1,1
384,1,207,161,34,56,1,1,1
384,2,160,154,33,88,1,1,1
384,3,40,109,27,60,1,1,1
384,4,-18,125,31,50,1,1,1
384,5,40,45,16,39,1,1,1
385,1,207,161,34,56,1,1,1
385,2,159,154,33,88,1,1,1
385,3,41,110,27,59,1,1,1
385,4,-16,128,31,47,1,1,1
385,5,40,45,16,39,1,1,1
386,1,207,160,34,56,1,1,1
386,2,159,154,33,88,1,1,1
386,3,42,110,33,58,1,1,1
386,4,-15,128,31,47,1,1,1
386,5,40,45,16,39,1,1,1
387,1,206,160,34,55,1,1,1
387,2,159,154,33,87,1,1,1
387,3,44,112,32,57,1,1,1
387,4,-14,128,31,47,1,1,1
387,5,40,45,16,39,1,1,1
388,1,206,160,34,55,1,1,1
388,2,158,153,33,87,1,1,1
388,3,45,112,31,56,1,1,1
388,4,-13,130,32,46,1,1,1
388,5,40,45,16,39,1,1,1
389,1,206,159,34,56,1,1,1
389,2,158,153,33,87,1,1,1
389,3,45,112,31,56,1,1,1
389,4,-13,130,32,46,1,1,1
389,5,40,45,16,39,1,1,1
390,1,206,159,34,56,1,1,1
390,2,158,154,33,87,1,1,1
390,3,46,108,31,60,1,1,1
390,4,-10,130,31,46,1,1,1
390,5,40,45,16,39,1,1,1
391,1,206,159,34,56,1,1,1
391,2,158,153,33,87,1,1,1
391,3,47,108,32,60,1,1,1
391,4,-9,130,31,46,1,1,1
391,5,40,45,16,39,1,1,1
392,1,205,158,34,56,1,1,1
392,2,158,153,33,87,1,1,1
392,3,49,109,31,60,1,1,1
392,4,-8,131,30,45,1,1,1
392,5,40,45,16,39,1,1,1
393,1,205,158,34,55,1,1,1
393,2,157,153,32,86,1,1,1
393,3,49,109,32,59,1,1,1
393,4,-8,130,32,47,1,1,1
393,5,40,45,16,39,1,1,1
394,1,205,158,34,55,1,1,1
394,2,157,153,33,87,1,1,1
394,3,50,109,32,58,1,1,1
394,4,-4,132,28,42,1,1,1
394,5,40,45,16,39,1,1,1
395,1,205,158,34,55,1,1,1
395,2,157,153,32,86,1,1,1
395,3,51,109,31,60,1,1,1
395,4,-4,132,28,42,1,1,1
395,5,40,45,16,39,1,1,1
396,1,204,157,34,55,1,1,1
396,2,157,153,32,86,1,1,1
396,3,53,109,30,58,1,1,1
396,4,-4,131,33,51,1,1,1
396,5,40,45,16,39,1,1,1
397,1,204,157,34,55,1,1,1
397,2,157,153,32,86,1,1,1
397,3,55,109,27,57,1,1,1
397,4,-3,131,33,51,1,1,1
397,5,40,45,16,39,1,1,1
398,1,204,157,34,55,1,1,1
398,2,157,152,32,86,1,1,1
398,3,57,109,27,57,1,1,1
398,4,-2,132,33,51,1,1,1
398,5,40,45,16,39,1,1,1
399,1,203,157,34,55,1,1,1
399,2,157,152,32,86,1,1,1
399,3,59,109,29,62,1,1,1
399,4,0,132,32,51,1,1,1
399,5,41,45,16,39,1,1,1
400,1,203,157,33,55,1,1,1
400,2,156,152,32,86,1,1,1
400,3,60,109,29,62,1,1,1
400,4,0,133,32,51,1,1,1
400,5,41,45,16,39,1,1,1
401,1,203,157,33,55,1,1,1
401,2,157,152,32,86,1,1,1
401,3,60,109,30,60,1,1,1
401,4,0,133,32,51,1,1,1
401,5,41,45,16,39,1,1,1
402,1,203,157,33,55,1,1,1
402,2,157,152,32,86,1,1,1
402,3,61,109,31,60,1,1,1
402,4,0,133,34,51,1,1,1
402,5,41,45,16,39,1,1,1
403,1,203,157,33,55,1,1,1
403,2,156,152,32,86,1,1,1
403,3,64,110,32,60,1,1,1
403,4,1,134,34,51,1,1,1
403,5,41,45,16,39,1,1,1
404,1,202,157,33,55,1,1,1
404,2,156,152,32,85,1,1,1
404,3,65,110,32,59,1,1,1
404,4,1,135,34,51,1,1,1
404,5,41,45,16,39,1,1,1
405,1,202,157,33,55,1,1,1
405,2,156,152,32,86,1,1,1
405,3,66,111,33,59,1,1,1
405,4,3,136,32,52,1,1,1
405,5,41,45,16,39,1,1,1
406,1,202,157,33,55,1,1,1
406,2,156,152,32,85,1,1,1
406,3,67,112,33,59,1,1,1
406,4,5,136,31,52,1,1,1
406,5,41,45,16,38,1,1,1
407,1,202,157,33,55,1,1,1
407,2,156,152,32,85,1,1,1
407,3,67,111,33,59,1,1,1
407,4,5,137,31,52,1,1,1
407,5,41,45,16,38,1,1,1
408,1,201,156,33,55,1,1,1
408,2,156,151,32,85,1,1,1
408,3,68,112,33,59,1,1,1
408,4,5,137,31,52,1,1,1
408,5,41,46,16,38,1,1,1
409,1,201,156,33,54,1,1,1
409,2,156,152,32,84,1,1,1
409,3,69,112,33,60,1,1,1
409,4,6,137,31,52,1,1,1
409,5,41,46,16,38,1,1,1
410,1,201,156,33,54,1,1,1
410,2,156,151,32,85,1,1,1
410,3,72,112,34,60,1,1,1
410,4,7,138,31,52,1,1,1
410,5,41,46,16,38,1,1,1
411,1,200,156,33,54,1,1,1
411,2,156,151,32,85,1,1,1
411,3,73,113,29,60,1,1,1
411,4,7,138,32,53,1,1,1
411,5,41,46,16,38,1,1,1
412,1,200,156,33,54,1,1,1
412,2,155,151,31,85,1,1,1
412,3,74,113,29,60,1,1,1
412,4,7,139,32,53,1,1,1
412,5,41,46,16,38,1,1,1
413,1,200,156,33,54,1,1,1
413,2,157,151,29,85,1,1,1
413,3,76,113,27,61,1,1,1
413,4,7,139,31,53,1,1,1
413,5,41,46,16,38,1,1,1
414,1,200,156,33,54,1,1,1
414,2,157,151,29,85,1,1,1
414,3,77,113,24,60,1,1,1
414,4,8,139,31,53,1,1,1
414,5,41,46,16,38,1,1,1
415,1,199,155,33,54,1,1,1
415,2,157,151,29,85,1,1,1
415,3,78,113,24,60,1,1,1
415,4,8,139,32,53,1,1,1
415,5,41,46,16,38,1,1,1
416,1,199,155,33,54,1,1,1
416,2,156,151,29,85,1,1,1
416,3,79,113,24,60,1,1,1
416,4,9,140,33,54,1,1,1
416,5,41,46,16,38,1,1,1
417,1,199,155,33,54,1,1,1
417,2,156,150,29,85,1,1,1
417,3,80,113,30,61,1,1,1
417,4,9,140,33,54,1,1,1
417,5,41,45,16,38,1,1,1
418,1,198,155,33,54,1,1,1
418,2,156,151,29,83,1,1,1
418,3,81,113,30,61,1,1,1
418,4,11,141,32,55,1,1,1
418,5,41,45,16,38,1,1,1
419,1,198,155,33,54,1,1,1
419,2,156,151,29,83,1,1,1
419,3,81,113,30,61,1,1,1
419,4,11,141,32,55,1,1,1
419,5,41,45,16,38,1,1,1
420,1,198,155,33,54,1,1,1
420,2,155,151,30,83,1,1,1
420,3,83,114,29,61,1,1,1
420,4,11,141,32,55,1,1,1
420,5,41,45,16,38,1,1,1
421,1,197,153,33,55,1,1,1
421,2,155,151,30,83,1,1,1
421,3,84,114,29,61,1,1,1
421,4,12,142,32,55,1,1,1
421,5,41,45,16,38,1,1,1
422,1,197,153,32,54,1,1,1
422,2,154,150,31,82,1,1,1
422,3,86,114,29,61,1,1,1
422,4,12,142,32,55,1,1,1
422,5,41,45,16,38,1,1,1
423,1,197,153,32,54,1,1,1
423,2,154,149,31,82,1,1,1
423,3,88,114,29,61,1,1,1
423,4,13,143,32,55,1,1,1
423,5,41,45,16,38,1,1,1
424,1,196,153,33,55,1,1,1
424,2,153,149,31,82,1,1,1
424,3,87,114,32,62,1,1,1
424,4,13,143,32,55,1,1,1
424,5,41,45,16,38,1,1,1
425,1,196,153,32,54,1,1,1
425,2,153,149,31,82,1,1,1
425,3,87,114,32,62,1,1,1
425,4,14,143,32,55,1,1,1
425,5,41,45,16,38,1,1,1
426,1,196,152,33,54,1,1,1
426,2,153,149,31,81,1,1,1
426,3,89,114,33,62,1,1,1
426,4,15,143,33,58,1,1,1
426,5,41,45,16,38,1,1,1
427,1,196,152,32,54,1,1,1
427,2,153,148,31,82,1,1,1
427,3,88,114,35,60,1,1,1
427,4,16,143,33,58,1,1,1
427,5,41,45,16,37,1,1,1
428,1,195,151,33,54,1,1,1
428,2,152,148,30,81,1,1,1
428,3,89,114,29,61,1,1,1
428,4,16,145,35,58,1,1,1
428,5,41,45,16,37,1,1,1
429,1,194,151,33,54,1,1,1
429,2,152,147,31,81,1,1,1
429,3,93,114,26,61,1,1,1
429,4,18,145,34,58,1,1,1
429,5,41,45,16,37,1,1,1
430,1,196,151,32,54,1,1,1
430,2,152,147,31,81,1,1,1
430,3,98,114,26,60,1,1,1
430,4,18,146,34,58,1,1,1
430,5,41,45,16,38,1,1,1
431,1,196,151,32,53,1,1,1
431,2,152,147,31,81,1,1,1
431,3,98,114,26,60,1,1,1
431,4,18,142,32,62,1,1,1
431,5,41,45,16,38,1,1,1
432,1,193,150,32,54,1,1,1
432,2,149,146,33,81,1,1,1
432,3,99,112,26,62,1,1,1
432,4,19,143,32,61,1,1,1
432,5,41,45,16,38,1,1,1
433,1,193,150,32,54,1,1,1
433,2,149,146,33,83,1,1,1
433,3,100,112,29,63,1,1,1
433,4,19,144,32,61,1,1,1
433,5,41,44,16,38,1,1,1
434,1,194,150,31,55,1,1,1
434,2,149,146,33,83,1,1,1
434,3,101,112,29,63,1,1,1
434,4,20,145,32,61,1,1,1
434,5,41,44,16,37,1,1,1
435,1,193,150,31,55,1,1,1
435,2,148,146,33,83,1,1,1
435,3,102,113,31,62,1,1,1
435,4,20,145,32,61,1,1,1
435,5,40,44,16,38,1,1,1
436,1,193,150,31,55,1,1,1
436,2,148,146,33,83,1,1,1
436,3,103,113,31,62,1,1,1
436,4,21,146,32,61,1,1,1
436,5,40,44,16,37,1,1,1
437,1,193,150,32,55,1,1,1
437,2,148,146,33,83,1,1,1
437,3,103,113,31,62,1,1,1
437,4,21,146,32,61,1,1,1
437,5,40,44,16,37,1,1,1
438,1,192,150,32,55,1,1,1
438,2,148,146,33,83,1,1,1
438,3,104,115,31,61,1,1,1
438,4,21,147,32,61,1,1,1
438,5,40,44,16,38,1,1,1
439,1,192,150,32,55,1,1,1
439,2,147,147,33,83,1,1,1
439,3,106,115,31,61,1,1,1
439,4,22,149,32,60,1,1,1
439,5,40,44,16,38,1,1,1
440,1,191,151,32,55,1,1,1
440,2,147,147,33,84,1,1,1
440,3,107,116,31,61,1,1,1
440,4,22,150,32,61,1,1,1
440,5,40,44,16,38,1,1,1
441,1,190,151,31,56,1,1,1
441,2,147,147,32,84,1,1,1
441,3,109,117,30,61,1,1,1
441,4,24,151,31,60,1,1,1
441,5,39,44,16,37,1,1,1
442,1,189,151,31,56,1,1,1
442,2,147,147,32,84,1,1,1
442,3,105,118,34,60,1,1,1
442,4,24,152,31,60,1,1,1
442,5,39,44,16,37,1,1,1
443,1,189,151,31,56,1,1,1
443,2,147,147,32,84,1,1,1
443,3,105,118,34,60,1,1,1
443,4,24,152,31,60,1,1,1
443,5,39,44,16,37,1,1,1
444,1,188,152,31,56,1,1,1
444,2,146,147,32,84,1,1,1
444,3,109,119,32,60,1,1,1
444,4,24,153,31,60,1,1,1
444,5,39,45,16,37,1,1,1
445,1,187,152,31,56,1,1,1
445,2,146,147,32,85,1,1,1
445,3,110,120,32,59,1,1,1
445,4,25,154,31,60,1,1,1
445,5,38,45,16,37,1,1,1
446,1,186,153,31,57,1,1,1
446,2,145,148,32,84,1,1,1
446,3,111,120,25,61,1,1,1
446,4,25,156,31,61,1,1,1
446,5,38,45,16,37,1,1,1
447,1,185,153,31,57,1,1,1
447,2,145,148,32,85,1,1,1
447,3,112,120,25,61,1,1,1
447,4,25,157,31,61,1,1,1
447,5,37,45,15,37,1,1,1
448,1,184,153,32,57,1,1,1
448,2,144,148,32,85,1,1,1
448,3,112,121,25,61,1,1,1
448,4,26,160,31,62,1,1,1
448,5,37,45,15,37,1,1,1
449,1,184,154,32,56,1,1,1
449,2,144,148,32,84,1,1,1
449,3,112,121,25,62,1,1,1
449,4,26,160,31,62,1,1,1
449,5,37,45,15,37,1,1,1
450,1,183,154,32,56,1,1,1
450,2,144,148,32,84,1,1,1
450,3,112,122,25,61,1,1,1
450,4,26,161,31,62,1,1,1
450,5,37,45,15,37,1,1,1
451,1,181,155,32,57,1,1,1
451,2,143,149,32,84,1,1,1
451,3,116,122,27,62,1,1,1
451,4,26,162,33,62,1,1,1
451,5,36,45,15,37,1,1,1
452,1,180,156,32,57,1,1,1
452,2,142,149,32,85,1,1,1
452,3,117,123,27,62,1,1,1
452,4,27,164,33,63,1,1,1
452,5,34,45,16,37,1,1,1
453,1,179,156,32,57,1,1,1
453,2,141,150,30,82,1,1,1
453,3,117,124,27,63,1,1,1
453,4,26,165,33,63,1,1,1
453,5,34,45,16,37,1,1,1
454,1,177,157,32,58,1,1,1
454,2,140,151,30,82,1,1,1
454,3,117,125,27,63,1,1,1
454,4,27,167,33,64,1,1,1
454,5,33,45,16,37,1,1,1
455,1,177,157,32,58,1,1,1
455,2,140,151,30,82,1,1,1
455,3,117,125,27,63,1,1,1
455,4,27,167,33,63,1,1,1
455,5,33,45,16,38,1,1,1
456,1,176,157,32,58,1,1,1
456,2,139,151,30,82,1,1,1
456,3,118,126,27,63,1,1,1
456,4,28,168,32,64,1,1,1
456,5,33,45,16,38,1,1,1
457,1,175,158,33,58,1,1,1
457,2,138,152,30,83,1,1,1
457,3,121,126,27,65,1,1,1
457,4,28,170,33,64,1,1,1
457,5,32,46,16,38,1,1,1
458,1,174,159,33,58,1,1,1
458,2,138,153,30,82,1,1,1
458,3,116,127,33,62,1,1,1
458,4,29,171,33,65,1,1,1
458,5,32,46,16,38,1,1,1
459,1,173,160,33,58,1,1,1
459,2,136,153,30,83,1,1,1
459,3,116,128,33,62,1,1,1
459,4,29,173,33,65,1,1,1
459,5,31,46,16,38,1,1,1
460,1,170,160,34,59,1,1,1
460,2,135,154,30,83,1,1,1
460,3,120,129,31,62,1,1,1
460,4,29,175,33,66,1,1,1
460,5,31,46,16,38,1,1,1
461,1,170,160,34,59,1,1,1
461,2,135,154,30,83,1,1,1
461,3,120,129,31,62,1,1,1
461,4,29,175,33,65,1,1,1
461,5,31,46,16,38,1,1,1
462,1,169,162,34,58,1,1,1
462,2,134,155,31,84,1,1,1
462,3,121,130,30,62,1,1,1
462,4,29,178,33,65,1,1,1
462,5,30,46,16,37,1,1,1
463,1,168,163,34,58,1,1,1
463,2,133,156,31,84,1,1,1
463,3,123,131,32,62,1,1,1
463,4,30,180,34,65,1,1,1
463,5,30,46,16,38,1,1,1
464,1,166,164,34,58,1,1,1
464,2,131,157,31,84,1,1,1
464,3,124,131,32,62,1,1,1
464,4,30,182,34,67,1,1,1
464,5,29,46,16,38,1,1,1
465,1,165,165,34,59,1,1,1
465,2,130,158,31,85,1,1,1
465,3,124,133,30,61,1,1,1
465,4,30,184,34,67,1,1,1
465,5,27,46,17,38,1,1,1
466,1,163,166,34,59,1,1,1
466,2,128,159,31,84,1,1,1
466,3,124,131,30,63,1,1,1
466,4,30,186,35,69,1,1,1
466,5,28,47,16,38,1,1,1
467,1,163,166,34,59,1,1,1
467,2,128,159,31,84,1,1,1
467,3,124,131,30,63,1,1,1
467,4,30,186,35,69,1,1,1
467,5,28,47,16,38,1,1,1
468,1,162,167,35,59,1,1,1
468,2,127,160,31,85,1,1,1
468,3,124,132,30,63,1,1,1
468,4,30,188,35,70,1,1,1
468,5,26,47,16,37,1,1,1
469,1,161,168,35,59,1,1,1
469,2,124,160,32,86,1,1,1
469,3,123,134,30,62,1,1,1
469,4,30,189,36,72,1,1,1
469,5,26,47,16,38,1,1,1
470,1,159,169,35,60,1,1,1
470,2,122,162,32,85,1,1,1
470,3,122,135,30,62,1,1,1
470,4,30,191,36,73,1,1,1
470,5,25,46,16,39,1,1,1
471,1,158,170,35,60,1,1,1
471,2,120,163,31,85,1,1,1
471,3,124,137,27,62,1,1,1
471,4,30,194,37,74,1,1,1
471,5,24,46,16,39,1,1,1
472,1,156,171,35,60,1,1,1
472,2,118,164,31,86,1,1,1
472,3,123,138,27,63,1,1,1
472,4,30,196,37,75,1,1,1
472,5,23,46,16,38,1,1,1
473,1,156,171,35,60,1,1,1
473,2,118,164,31,86,1,1,1
473,3,123,138,30,65,1,1,1
473,4,30,196,37,75,1,1,1
473,5,24,46,16,39,1,1,1
474,1,155,172,35,60,1,1,1
474,2,116,166,32,87,1,1,1
474,3,122,139,30,66,1,1,1
474,4,30,199,38,75,1,1,1
474,5,23,46,16,38,1,1,1
475,1,153,173,35,60,1,1,1
475,2,114,167,32,88,1,1,1
475,3,129,140,26,63,1,1,1
475,4,30,203,38,75,1,1,1
475,5,22,46,16,38,1,1,1
476,1,152,174,34,61,1,1,1
476,2,111,169,34,88,1,1,1
476,3,129,141,26,64,1,1,1
476,4,31,205,37,76,1,1,1
476,5,22,47,16,39,1,1,1
477,1,150,176,35,61,1,1,1
477,2,109,170,34,89,1,1,1
477,3,129,143,26,63,1,1,1
477,4,32,208,39,77,1,1,1
477,5,21,47,16,38,1,1,1
478,1,149,177,35,61,1,1,1
478,2,107,172,35,89,1,1,1
478,3,129,144,26,63,1,1,1
478,4,32,211,39,78,1,1,1
478,5,19,47,17,38,1,1,1
479,1,149,177,35,61,1,1,1
479,2,107,172,34,89,1,1,1
479,3,130,143,26,68,1,1,1
479,4,32,211,39,78,1,1,1
479,5,19,47,17,38,1,1,1
480,1,147,178,35,62,1,1,1
480,2,103,173,36,91,1,1,1
480,3,131,144,25,68,1,1,1
480,4,32,214,39,79,1,1,1
480,5,19,47,17,38,1,1,1
481,1,146,179,35,62,1,1,1
481,2,101,173,36,92,1,1,1
481,3,131,146,28,67,1,1,1
481,4,32,217,40,80,1,1,1
481,5,18,47,17,38,1,1,1
482,1,144,181,35,63,1,1,1
482,2,99,175,36,90,1,1,1
482,3,134,148,25,68,1,1,1
482,4,32,221,40,81,1,1,1
482,5,17,48,16,38,1,1,1
483,1,143,182,36,63,1,1,1
483,2,96,175,37,93,1,1,1
483,3,134,151,25,66,1,1,1
483,4,33,224,40,82,1,1,1
483,5,17,48,16,39,1,1,1
484,1,141,183,36,63,1,1,1
484,2,94,177,35,91,1,1,1
484,3,136,154,24,68,1,1,1
484,4,33,228,41,82,1,1,1
484,5,16,48,16,39,1,1,1
485,1,141,183,36,64,1,1,1
485,2,94,177,35,91,1,1,1
485,3,136,154,24,68,1,1,1
485,4,33,228,41,82,1,1,1
485,5,16,48,16,39,1,1,1
486,1,139,185,36,64,1,1,1
486,2,92,178,35,90,1,1,1
486,3,136,157,24,67,1,1,1
486,4,33,232,40,83,1,1,1
486,5,15,49,16,39,1,1,1
487,1,138,187,36,64,1,1,1
487,2,90,179,35,91,1,1,1
487,3,137,159,23,66,1,1,1
487,4,34,236,42,84,1,1,1
487,5,14,49,16,39,1,1,1
488,1,136,189,37,63,1,1,1
488,2,87,181,36,91,1,1,1
488,3,137,162,23,63,1,1,1
488,4,34,240,42,86,1,1,1
488,5,14,50,16,39,1,1,1
489,1,135,192,37,63,1,1,1
489,2,85,182,36,91,1,1,1
489,3,137,164,23,63,1,1,1
489,4,35,244,42,85,1,1,1
489,5,13,50,16,39,1,1,1
490,1,133,193,37,63,1,1,1
490,2,83,183,36,92,1,1,1
490,3,141,162,23,66,1,1,1
490,4,36,247,43,88,1,1,1
490,5,13,50,16,39,1,1,1
491,1,133,193,37,63,1,1,1
491,2,83,183,36,92,1,1,1
491,3,141,162,23,66,1,1,1
491,4,36,247,43,88,1,1,1
491,5,13,50,16,39,1,1,1
492,1,132,194,37,63,1,1,1
492,2,82,184,36,92,1,1,1
492,3,141,163,25,62,1,1,1
492,4,38,250,43,89,1,1,1
492,5,11,50,17,40,1,1,1
493,1,131,195,37,64,1,1,1
493,2,80,186,36,92,1,1,1
493,3,141,164,25,63,1,1,1
493,4,39,255,43,89,1,1,1
493,5,10,50,18,40,1,1,1
494,1,130,196,37,64,1,1,1
494,2,78,186,36,92,1,1,1
494,3,143,164,27,71,1,1,1
494,4,40,258,44,90,1,1,1
494,5,10,50,18,40,1,1,1
495,1,129,197,37,64,1,1,1
495,2,77,187,37,92,1,1,1
495,3,143,165,31,67,1,1,1
495,4,42,260,44,90,1,1,1
495,5,10,50,18,40,1,1,1
496,1,128,197,37,63,1,1,1
496,2,75,187,36,94,1,1,1
496,3,147,166,33,64,1,1,1
496,4,44,263,45,92,1,1,1
496,5,9,50,18,40,1,1,1
497,1,128,197,37,63,1,1,1
497,2,75,187,36,94,1,1,1
497,3,147,166,32,68,1,1,1
497,4,44,263,45,86,1,1,1
497,5,9,50,18,40,1,1,1
498,1,127,197,37,63,1,1,1
498,2,73,188,37,93,1,1,1
498,3,148,167,35,69,1,1,1
498,4,46,265,45,87,1,1,1
498,5,9,51,18,40,1,1,1
499,1,126,198,37,63,1,1,1
499,2,71,188,37,92,1,1,1
499,3,148,168,40,76,1,1,1
499,4,50,268,45,88,1,1,1
499,5,9,51,18,40,1,1,1
500,1,126,198,37,63,1,1,1
500,2,70,188,37,93,1,1,1
500,3,149,169,40,77,1,1,1
500,4,52,270,46,89,1,1,1
500,5,9,51,18,40,1,1,1
501,1,125,198,37,63,1,1,1
501,2,69,188,37,93,1,1,1
501,3,146,168,45,77,1,1,1
501,4,55,273,47,89,1,1,1
501,5,8,50,18,40,1,1,1
502,1,124,198,37,63,1,1,1
502,2,67,188,37,92,1,1,1
502,3,147,169,45,77,1,1,1
502,4,59,275,46,90,1,1,1
502,5,8,50,18,40,1,1,1
503,1,124,198,37,63,1,1,1
503,2,67,188,37,92,1,1,1
503,3,147,169,45,77,1,1,1
503,4,59,275,46,91,1,1,1
503,5,8,51,18,40,1,1,1
504,1,124,198,37,63,1,1,1
504,2,66,188,37,90,1,1,1
504,3,148,170,45,77,1,1,1
504,4,62,277,47,91,1,1,1
504,5,8,51,16,39,1,1,1
505,1,123,198,37,63,1,1,1
505,2,65,188,37,90,1,1,1
505,3,150,171,46,80,1,1,1
505,4,67,280,45,89,1,1,1
505,5,8,51,16,39,1,1,1
506,1,123,198,37,63,1,1,1
506,2,64,188,37,89,1,1,1
506,3,151,172,46,80,1,1,1
506,4,71,282,45,91,1,1,1
506,5,8,51,16,39,1,1,1
507,1,123,198,37,63,1,1,1
507,2,62,186,38,91,1,1,1
507,3,156,173,43,81,1,1,1
507,4,74,283,48,93,1,1,1
507,5,8,51,16,39,1,1,1
508,1,122,198,37,63,1,1,1
508,2,62,186,38,91,1,1,1
508,3,158,174,42,78,1,1,1
508,4,78,285,48,93,1,1,1
508,5,8,51,16,39,1,1,1
509,1,122,198,37,63,1,1,1
509,2,62,186,38,91,1,1,1
509,3,158,174,42,78,1,1,1
509,4,78,285,48,94,1,1,1
509,5,8,51,16,39,1,1,1
510,1,122,198,37,63,1,1,1
510,2,61,186,38,91,1,1,1
510,3,161,175,36,77,1,1,1
510,4,83,287,47,94,1,1,1
510,5,8,51,16,39,1,1,1
511,1,122,198,37,63,1,1,1
511,2,60,186,38,91,1,1,1
511,3,165,175,33,77,1,1,1
511,4,87,289,48,95,1,1,1
511,5,8,51,16,39,1,1,1
512,1,121,197,37,63,1,1,1
512,2,60,186,38,91,1,1,1
512,3,167,175,32,77,1,1,1
512,4,86,291,54,96,1,1,1
512,5,8,51,16,39,1,1,1
513,1,121,196,37,63,1,1,1
513,2,59,186,38,91,1,1,1
513,3,169,176,33,78,1,1,1
513,4,90,293,55,97,1,1,1
513,5,8,51,16,39,1,1,1
514,1,121,196,37,63,1,1,1
514,2,59,186,38,91,1,1,1
514,3,171,177,34,78,1,1,1
514,4,95,294,56,97,1,1,1
514,5,8,51,18,40,1,1,1
515,1,121,196,37,63,1,1,1
515,2,59,186,38,91,1,1,1
515,3,171,177,34,78,1,1,1
515,4,95,294,56,97,1,1,1
515,5,8,51,18,40,1,1,1
516,1,121,196,36,63,1,1,1
516,2,59,186,38,90,1,1,1
516,3,173,178,37,77,1,1,1
516,4,101,295,55,98,1,1,1
516,5,8,51,16,38,1,1,1
517,1,120,196,36,63,1,1,1
517,2,58,185,37,91,1,1,1
517,3,175,179,39,80,1,1,1
517,4,106,297,53,95,1,1,1
517,5,8,50,18,40,1,1,1
518,1,120,195,36,63,1,1,1
518,2,59,185,39,94,1,1,1
518,3,177,180,39,80,1,1,1
518,4,111,298,53,96,1,1,1
518,5,8,50,18,40,1,1,1
519,1,120,195,36,63,1,1,1
519,2,59,184,39,94,1,1,1
519,3,179,181,39,80,1,1,1
519,4,117,299,54,96,1,1,1
519,5,8,50,18,40,1,1,1
520,1,120,194,36,63,1,1,1
520,2,59,184,39,94,1,1,1
520,3,175,181,45,77,1,1,1
520,4,122,301,54,97,1,1,1
520,5,8,50,16,39,1,1,1
521,1,120,194,36,63,1,1,1
521,2,59,184,39,94,1,1,1
521,3,175,181,44,80,1,1,1
521,4,122,301,54,97,1,1,1
521,5,8,50,16,39,1,1,1
522,1,120,194,36,63,1,1,1
522,2,59,183,39,94,1,1,1
522,3,177,181,44,80,1,1,1
522,4,128,302,54,97,1,1,1
522,5,8,50,16,39,1,1,1
523,1,119,194,36,62,1,1,1
523,2,59,182,39,94,1,1,1
523,3,179,181,40,81,1,1,1
523,4,133,303,54,97,1,1,1
523,5,8,50,16,39,1,1,1
524,1,119,193,36,62,1,1,1
524,2,59,181,39,93,1,1,1
524,3,186,181,34,82,1,1,1
524,4,140,304,53,98,1,1,1
524,5,8,50,16,39,1,1,1
525,1,119,193,36,62,1,1,1
525,2,59,180,39,93,1,1,1
525,3,190,181,31,82,1,1,1
525,4,142,306,57,98,1,1,1
525,5,8,50,16,39,1,1,1
526,1,119,192,36,61,1,1,1
526,2,59,179,40,90,1,1,1
526,3,194,181,31,81,1,1,1
526,4,148,307,58,98,1,1,1
526,5,8,50,16,39,1,1,1
527,1,119,192,36,61,1,1,1
527,2,59,179,40,90,1,1,1
527,3,194,181,31,81,1,1,1
527,4,148,307,58,98,1,1,1
527,5,8,50,16,39,1,1,1
528,1,119,192,36,61,1,1,1
528,2,59,178,40,90,1,1,1
528,3,199,181,32,73,1,1,1
528,4,153,308,59,99,1,1,1
528,5,8,50,16,39,1,1,1
529,1,119,192,35,61,1,1,1
529,2,59,177,40,90,1,1,1
529,3,202,181,31,82,1,1,1
529,4,159,309,59,99,1,1,1
529,5,8,50,16,39,1,1,1
530,1,119,191,35,61,1,1,1
530,2,60,177,40,89,1,1,1
530,3,204,182,35,77,1,1,1
530,4,166,310,58,100,1,1,1
530,5,8,50,16,39,1,1,1
531,1,119,191,35,61,1,1,1
531,2,60,177,40,89,1,1,1
531,3,206,183,35,81,1,1,1
531,4,172,311,58,100,1,1,1
531,5,9,50,17,39,1,1,1
532,1,119,190,35,61,1,1,1
532,2,60,177,39,88,1,1,1
532,3,206,184,38,80,1,1,1
532,4,178,312,59,101,1,1,1
532,5,9,50,17,39,1,1,1
533,1,119,190,35,61,1,1,1
533,2,60,177,41,93,1,1,1
533,3,206,184,38,80,1,1,1
533,4,178,312,58,100,1,1,1
533,5,9,50,17,39,1,1,1
534,1,119,190,35,61,1,1,1
534,2,60,177,41,93,1,1,1
534,3,208,185,38,80,1,1,1
534,4,184,314,58,100,1,1,1
534,5,9,50,17,39,1,1,1
535,1,119,189,35,61,1,1,1
535,2,60,177,41,92,1,1,1
535,3,210,186,37,79,1,1,1
535,4,190,314,60,101,1,1,1
535,5,9,50,17,39,1,1,1
536,1,118,189,34,60,1,1,1
536,2,61,177,40,92,1,1,1
536,3,209,187,42,80,1,1,1
536,4,196,315,60,110,1,1,1
536,5,9,50,17,39,1,1,1
537,1,118,189,34,60,1,1,1
537,2,61,176,40,91,1,1,1
537,3,211,188,41,79,1,1,1
537,4,203,316,59,111,1,1,1
537,5,9,50,17,39,1,1,1
538,1,117,188,35,60,1,1,1
538,2,61,176,40,91,1,1,1
538,3,213,189,41,79,1,1,1
538,4,209,317,59,111,1,1,1
538,5,9,50,17,39,1,1,1
539,1,117,188,35,60,1,1,1
539,2,61,176,40,91,1,1,1
539,3,213,189,41,79,1,1,1
539,4,209,317,59,112,1,1,1
539,5,9,50,17,40,1,1,1
540,1,117,188,35,60,1,1,1
540,2,60,175,40,91,1,1,1
540,3,216,189,41,80,1,1,1
540,4,216,318,59,112,1,1,1
540,5,9,50,18,40,1,1,1
541,1,117,187,35,60,1,1,1
541,2,60,174,40,91,1,1,1
541,3,221,190,36,79,1,1,1
541,4,222,319,66,115,1,1,1
541,5,9,49,18,40,1,1,1
542,1,117,187,35,60,1,1,1
542,2,60,173,40,91,1,1,1
542,3,224,191,34,79,1,1,1
542,4,228,320,66,116,1,1,1
542,5,9,49,18,40,1,1,1
543,1,117,186,35,60,1,1,1
543,2,60,173,40,89,1,1,1
543,3,228,185,28,86,1,1,1
543,4,235,321,66,116,1,1,1
543,5,9,49,16,39,1,1,1
544,1,117,186,35,60,1,1,1
544,2,60,172,40,89,1,1,1
544,3,229,185,28,85,1,1,1
544,4,241,322,67,116,1,1,1
544,5,9,49,16,39,1,1,1
545,1,117,186,35,60,1,1,1
545,2,60,172,40,89,1,1,1
545,3,229,185,28,85,1,1,1
545,4,241,322,66,120,1,1,1
545,5,9,49,16,39,1,1,1
546,1,117,186,35,59,1,1,1
546,2,60,172,40,88,1,1,1
546,3,231,186,31,84,1,1,1
546,4,247,323,66,120,1,1,1
546,5,9,49,16,39,1,1,1
547,1,117,185,35,59,1,1,1
547,2,60,171,40,88,1,1,1
547,3,232,187,36,84,1,1,1
547,4,254,324,67,121,1,1,1
547,5,10,49,17,39,1,1,1
548,1,117,185,34,59,1,1,1
548,2,59,171,40,89,1,1,1
548,3,232,187,41,83,1,1,1
548,4,260,325,68,121,1,1,1
548,5,10,49,17,39,1,1,1
549,1,117,185,34,59,1,1,1
549,2,59,170,40,88,1,1,1
549,3,234,187,41,83,1,1,1
549,4,267,326,65,118,1,1,1
549,5,10,49,17,39,1,1,1
550,1,117,184,34,59,1,1,1
550,2,59,170,40,89,1,1,1
550,3,235,188,41,82,1,1,1
550,4,274,327,65,118,1,1,1
550,5,10,49,17,39,1,1,1
551,1,116,184,34,59,1,1,1
551,2,59,170,40,88,1,1,1
551,3,235,188,41,82,1,1,1
551,4,274,327,65,118,1,1,1
551,5,10,49,17,39,1,1,1
552,1,116,184,34,59,1,1,1
552,2,59,170,37,88,1,1,1
552,3,237,189,41,82,1,1,1
552,4,280,328,65,118,1,1,1
552,5,10,49,17,39,1,1,1
553,1,116,183,38,60,1,1,1
553,2,59,170,37,88,1,1,1
553,3,235,189,44,82,1,1,1
553,4,287,329,65,119,1,1,1
553,5,10,49,17,39,1,1,1
554,1,116,183,38,60,1,1,1
554,2,59,170,37,87,1,1,1
554,3,237,189,44,81,1,1,1
554,4,294,330,65,119,1,1,1
554,5,10,49,17,39,1,1,1
555,1,116,182,38,60,1,1,1
555,2,59,170,35,87,1,1,1
555,3,242,191,41,80,1,1,1
555,4,301,331,65,119,1,1,1
555,5,10,49,17,39,1,1,1
556,1,116,182,38,60,1,1,1
556,2,59,170,35,87,1,1,1
556,3,243,191,36,79,1,1,1
556,4,308,332,66,107,1,1,1
556,5,10,49,17,39,1,1,1
557,1,116,182,38,60,1,1,1
557,2,59,170,35,87,1,1,1
557,3,247,191,32,80,1,1,1
557,4,308,332,66,107,1,1,1
557,5,10,49,17,39,1,1,1
558,1,116,182,38,60,1,1,1
558,2,59,170,35,86,1,1,1
558,3,249,191,32,80,1,1,1
558,4,315,333,66,107,1,1,1
558,5,10,49,17,39,1,1,1
559,1,116,182,38,60,1,1,1
559,2,59,170,35,86,1,1,1
559,3,251,191,29,80,1,1,1
559,4,315,333,66,107,1,1,1
559,5,11,49,17,39,1,1,1
560,1,116,182,38,60,1,1,1
560,2,59,170,35,86,1,1,1
560,3,251,191,29,80,1,1,1
560,4,315,333,66,107,1,1,1
560,5,11,49,17,39,1,1,1
561,1,116,182,38,60,1,1,1
561,2,59,170,35,86,1,1,1
561,3,251,191,29,80,1,1,1
561,4,315,333,66,107,1,1,1
561,5,11,49,17,39,1,1,1
562,1,116,182,38,60,1,1,1
562,2,59,170,35,86,1,1,1
562,3,251,191,29,80,1,1,1
562,4,315,333,66,107,1,1,1
562,5,11,49,17,39,1,1,1
563,1,116,182,38,60,1,1,1
563,2,59,170,35,86,1,1,1
563,3,251,191,29,80,1,1,1
563,4,315,333,66,107,1,1,1
563,5,11,49,17,39,1,1,1
564,1,116,182,38,60,1,1,1
564,2,59,170,35,86,1,1,1
564,3,251,191,29,80,1,1,1
564,4,315,333,66,107,1,1,1
564,5,11,49,17,39,1,1,1
565,1,116,182,38,60,1,1,1
565,2,59,170,35,86,1,1,1
565,3,251,191,29,80,1,1,1
565,4,315,333,66,107,1,1,1
565,5,11,49,17,39,1,1,1
566,1,116,182,38,60,1,1,1
566,2,59,170,35,86,1,1,1
566,3,251,191,29,80,1,1,1
566,4,315,333,66,107,1,1,1
566,5,11,49,17,39,1,1,1
567,1,116,182,38,60,1,1,1
567,2,59,170,35,86,1,1,1
567,3,251,191,29,80,1,1,1
567,4,315,333,66,107,1,1,1
567,5,11,49,17,39,1,1,1
568,1,116,182,38,60,1,1,1
568,2,59,170,35,86,1,1,1
568,3,251,191,29,80,1,1,1
568,4,315,333,66,107,1,1,1
568,5,11,49,17,39,1,1,1
569,1,116,182,38,60,1,1,1
569,2,59,170,35,86,1,1,1
569,3,251,191,29,80,1,1,1
569,4,315,333,66,107,1,1,1
569,5,11,49,17,39,1,1,1
570,1,116,182,38,60,1,1,1
570,2,59,170,35,86,1,1,1
570,3,251,191,29,80,1,1,1
570,4,315,333,66,107,1,1,1
570,5,11,49,17,39,1,1,1
571,1,116,182,38,60,1,1,1
571,2,59,170,35,86,1,1,1
571,3,251,191,29,80,1,1,1
571,4,315,333,66,107,1,1,1
571,5,11,49,17,39,1,1,1
572,1,116,182,38,60,1,1,1
572,2,59,170,35,86,1,1,1
572,3,251,191,29,80,1,1,1
572,4,315,333,66,107,1,1,1
572,5,11,49,17,39,1,1,1
573,1,116,182,38,60,1,1,1
573,2,59,170,35,86,1,1,1
573,3,251,191,29,80,1,1,1
573,4,315,333,66,107,1,1,1
573,5,11,49,17,39,1,1,1
574,1,116,182,38,60,1,1,1
574,2,59,170,35,86,1,1,1
574,3,251,191,29,80,1,1,1
574,4,315,333,66,107,1,1,1
574,5,11,49,17,39,1,1,1
575,1,116,182,38,60,1,1,1
575,2,59,170,35,86,1,1,1
575,3,251,191,29,80,1,1,1
575,4,315,333,66,107,1,1,1
575,5,11,49,17,39,1,1,1
576,1,116,182,38,60,1,1,1
576,2,59,170,35,86,1,1,1
576,3,251,191,29,80,1,1,1
576,4,315,333,66,107,1,1,1
576,5,11,49,17,39,1,1,1
577,1,116,182,38,60,1,1,1
577,2,59,170,35,87,1,1,1
577,3,241,191,37,80,1,1,1
577,4,301,331,65,107,1,1,1
577,5,10,49,17,40,1,1,1
578,1,116,182,38,60,1,1,1
578,2,59,170,35,87,1,1,1
578,3,247,191,33,79,1,1,1
578,4,308,332,66,107,1,1,1
578,5,10,49,17,39,1,1,1
579,1,116,182,38,60,1,1,1
579,2,59,170,35,86,1,1,1
579,3,251,190,31,80,1,1,1
579,4,315,333,66,107,1,1,1
579,5,11,49,17,39,1,1,1
580,1,116,182,38,60,1,1,1
580,2,59,170,35,87,1,1,1
580,3,241,186,37,82,1,1,1
580,4,301,331,65,107,1,1,1
580,5,10,49,17,39,1,1,1
581,1,116,182,38,60,1,1,1
581,2,59,170,35,87,1,1,1
581,3,245,186,35,84,1,1,1
581,4,308,332,66,107,1,1,1
581,5,11,49,17,39,1,1,1
582,1,116,182,38,60,1,1,1
582,2,59,170,35,87,1,1,1
582,3,245,186,35,84,1,1,1
582,4,308,332,66,107,1,1,1
582,5,11,49,17,39,1,1,1
583,1,116,182,38,60,1,1,1
583,2,59,170,35,87,1,1,1
583,3,245,186,35,84,1,1,1
583,4,308,332,66,107,1,1,1
583,5,11,49,17,39,1,1,1
584,1,116,182,38,60,1,1,1
584,2,59,170,35,87,1,1,1
584,3,245,186,35,84,1,1,1
584,4,308,332,66,107,1,1,1
584,5,11,49,17,39,1,1,1
585,1,116,182,38,60,1,1,1
585,2,59,170,35,87,1,1,1
585,3,245,186,35,84,1,1,1
585,4,308,332,66,107,1,1,1
585,5,11,49,17,39,1,1,1
586,1,111,173,35,57,1,1,1
586,2,62,154,34,82,1,1,1
586,3,294,196,45,87,1,1,1
586,4,492,351,76,130,1,1,1
586,5,15,48,16,39,1,1,1
587,1,111,173,35,57,1,1,1
587,2,62,154,34,82,1,1,1
587,3,294,194,46,88,1,1,1
587,4,492,351,76,130,1,1,1
587,5,15,48,16,39,1,1,1
588,1,110,172,35,57,1,1,1
588,2,62,154,34,82,1,1,1
588,3,298,194,43,88,1,1,1
588,4,499,351,77,131,1,1,1
588,5,15,48,16,39,1,1,1
589,1,110,172,35,57,1,1,1
589,2,62,154,34,82,1,1,1
589,3,302,194,40,88,1,1,1
589,4,508,353,78,130,1,1,1
589,5,15,48,16,39,1,1,1
590,1,109,172,35,57,1,1,1
590,2,62,154,34,81,1,1,1
590,3,308,194,35,89,1,1,1
590,4,515,353,79,131,1,1,1
590,5,15,48,16,39,1,1,1
591,1,109,171,35,57,1,1,1
591,2,62,154,34,81,1,1,1
591,3,314,196,30,87,1,1,1
591,4,522,354,81,132,1,1,1
591,5,16,48,16,39,1,1,1
592,1,108,171,35,57,1,1,1
592,2,62,155,34,79,1,1,1
592,3,319,196,28,87,1,1,1
592,4,531,354,81,133,1,1,1
592,5,16,48,16,39,1,1,1
593,1,108,171,35,57,1,1,1
593,2,62,155,34,79,1,1,1
593,3,319,196,28,87,1,1,1
593,4,531,354,81,132,1,1,1
593,5,16,48,16,39,1,1,1
594,1,108,171,35,57,1,1,1
594,2,62,155,34,79,1,1,1
594,3,321,196,34,91,1,1,1
594,4,539,355,82,133,1,1,1
594,5,16,48,16,39,1,1,1
595,1,108,171,35,56,1,1,1
595,2,62,155,34,79,1,1,1
595,3,322,197,40,88,1,1,1
595,4,546,355,82,132,1,1,1
595,5,16,48,16,39,1,1,1
596,1,107,170,35,57,1,1,1
596,2,63,155,34,78,1,1,1
596,3,323,198,41,88,1,1,1
596,4,554,357,83,133,1,1,1
596,5,16,48,16,39,1,1,1
597,1,107,170,35,56,1,1,1
597,2,63,153,34,80,1,1,1
597,3,325,198,44,90,1,1,1
597,4,563,358,83,132,1,1,1
597,5,17,48,16,38,1,1,1
598,1,106,170,35,56,1,1,1
598,2,64,153,34,80,1,1,1
598,3,325,199,42,89,1,1,1
598,4,570,358,86,133,1,1,1
598,5,17,48,16,38,1,1,1
599,1,106,170,35,56,1,1,1
599,2,63,153,34,80,1,1,1
599,3,325,199,42,89,1,1,1
599,4,570,358,86,133,1,1,1
599,5,17,48,16,38,1,1,1
600,1,105,169,36,56,1,1,1
600,2,64,152,34,79,1,1,1
600,3,327,199,42,89,1,1,1
600,4,578,359,88,135,1,1,1
600,5,17,48,16,38,1,1,1
601,1,104,169,36,56,1,1,1
601,2,65,151,33,78,1,1,1
601,3,323,200,46,92,1,1,1
601,4,584,358,87,129,1,1,1
601,5,17,48,16,38,1,1,1
602,1,103,169,36,56,1,1,1
602,2,65,150,35,77,1,1,1
602,3,326,200,44,91,1,1,1
602,4,591,359,90,128,1,1,1
602,5,17,48,16,38,1,1,1
603,1,103,169,36,56,1,1,1
603,2,66,149,35,77,1,1,1
603,3,330,203,44,89,1,1,1
603,4,601,360,91,129,1,1,1
603,5,18,48,17,37,1,1,1
604,1,103,169,36,56,1,1,1
604,2,67,148,35,76,1,1,1
604,3,333,203,43,91,1,1,1
604,4,609,360,96,135,1,1,1
604,5,18,48,17,37,1,1,1
605,1,103,169,36,56,1,1,1
605,2,67,148,35,76,1,1,1
605,3,333,203,43,91,1,1,1
605,4,610,360,95,133,1,1,1
605,5,18,48,17,37,1,1,1
606,1,103,168,36,56,1,1,1
606,2,67,148,34,76,1,1,1
606,3,340,203,38,91,1,1,1
606,4,618,361,99,133,1,1,1
606,5,18,48,17,38,1,1,1
607,1,103,168,36,56,1,1,1
607,2,68,147,34,75,1,1,1
607,3,347,203,33,88,1,1,1
607,5,19,48,17,39,1,1,1
608,1,103,168,36,56,1,1,1
608,2,69,148,34,74,1,1,1
608,3,350,203,30,89,1,1,1
608,5,21,48,16,37,1,1,1
609,1,102,167,36,57,1,1,1
609,2,69,146,35,78,1,1,1
609,3,354,203,32,90,1,1,1
609,5,22,48,16,38,1,1,1
610,1,102,166,36,57,1,1,1
610,2,72,147,33,75,1,1,1
610,3,356,203,32,90,1,1,1
610,5,21,48,16,37,1,1,1
611,1,103,166,35,58,1,1,1
611,2,72,147,33,75,1,1,1
611,3,356,203,32,90,1,1,1
611,5,21,48,16,37,1,1,1
612,1,103,166,35,58,1,1,1
612,2,73,147,33,74,1,1,1
612,3,359,203,37,89,1,1,1
612,5,21,47,16,38,1,1,1
613,1,103,165,35,58,1,1,1
613,2,73,147,33,74,1,1,1
613,3,358,203,48,90,1,1,1
613,5,22,47,16,39,1,1,1
614,1,103,165,35,58,1,1,1
614,2,75,148,31,71,1,1,1
614,3,360,203,48,90,1,1,1
614,5,23,47,16,39,1,1,1
615,1,102,165,35,58,1,1,1
615,2,75,146,32,73,1,1,1
615,3,363,203,49,91,1,1,1
615,5,23,47,16,39,1,1,1
616,1,102,165,35,58,1,1,1
616,2,75,145,32,73,1,1,1
616,3,360,204,51,90,1,1,1
616,5,23,47,16,39,1,1,1
617,1,102,165,35,58,1,1,1
617,2,75,146,32,73,1,1,1
617,3,360,204,51,90,1,1,1
617,5,23,47,16,39,1,1,1
618,1,102,164,35,58,1,1,1
618,2,75,145,32,73,1,1,1
618,3,362,204,51,90,1,1,1
618,5,24,48,16,37,1,1,1
619,1,101,164,35,58,1,1,1
619,2,74,144,32,72,1,1,1
619,3,367,205,50,89,1,1,1
619,5,24,48,16,38,1,1,1
620,1,101,164,35,58,1,1,1
620,2,75,143,32,72,1,1,1
620,3,371,204,47,92,1,1,1
620,5,24,48,16,38,1,1,1
621,1,101,164,35,58,1,1,1
621,2,75,142,32,73,1,1,1
621,3,376,204,43,92,1,1,1
621,5,25,48,16,37,1,1,1
622,1,102,163,35,58,1,1,1
622,2,77,141,32,73,1,1,1
622,3,384,204,41,93,1,1,1
622,5,29,48,15,36,1,1,1
623,1,102,163,35,58,1,1,1
623,2,77,141,32,73,1,1,1
623,3,384,204,41,93,1,1,1
623,5,29,47,16,37,1,1,1
624,1,112,163,34,57,1,1,1
624,2,88,140,32,73,1,1,1
624,3,398,204,38,94,1,1,1
624,5,43,48,14,35,1,1,1
625,1,122,162,35,57,1,1,1
625,2,99,138,32,73,1,1,1
625,3,414,204,37,95,1,1,1
625,5,54,47,14,37,1,1,1
626,1,127,162,34,57,1,1,1
626,2,104,139,32,72,1,1,1
626,3,420,204,42,92,1,1,1
626,5,58,46,16,37,1,1,1
627,1,127,162,34,57,1,1,1
627,2,105,139,32,72,1,1,1
627,3,421,204,46,94,1,1,1
627,5,60,46,15,37,1,1,1
628,1,127,162,34,57,1,1,1
628,2,106,139,32,71,1,1,1
628,3,423,204,51,94,1,1,1
628,5,60,46,15,37,1,1,1
629,1,127,161,34,57,1,1,1
629,2,106,139,32,71,1,1,1
629,3,423,204,51,94,1,1,1
629,5,60,46,15,37,1,1,1
630,1,128,162,34,56,1,1,1
630,2,106,138,32,71,1,1,1
630,3,425,210,54,92,1,1,1
630,5,60,46,15,37,1,1,1
631,1,127,161,30,57,1,1,1
631,2,106,138,32,71,1,1,1
631,3,424,210,57,93,1,1,1
631,5,60,46,15,37,1,1,1
632,1,127,161,30,57,1,1,1
632,2,106,138,32,71,1,1,1
632,3,426,210,60,95,1,1,1
632,5,60,46,15,38,1,1,1
633,1,126,161,29,57,1,1,1
633,2,107,138,32,71,1,1,1
633,3,428,210,60,95,1,1,1
633,5,60,46,15,38,1,1,1
634,1,124,160,30,57,1,1,1
634,2,107,138,32,71,1,1,1
634,3,432,212,59,94,1,1,1
634,5,61,46,15,38,1,1,1
635,1,124,160,30,57,1,1,1
635,2,107,138,32,70,1,1,1
635,3,432,212,59,94,1,1,1
635,5,61,46,15,38,1,1,1
636,1,123,160,30,57,1,1,1
636,2,107,138,32,71,1,1,1
636,3,434,213,58,93,1,1,1
636,5,61,46,15,37,1,1,1
637,1,123,161,30,56,1,1,1
637,2,107,137,32,70,1,1,1
637,3,438,213,54,92,1,1,1
637,5,62,46,15,37,1,1,1
638,1,128,158,31,59,1,1,1
638,2,117,135,31,71,1,1,1
638,3,454,214,43,93,1,1,1
638,5,72,46,14,35,1,1,1
639,1,149,157,30,58,1,1,1
639,2,139,133,31,71,1,1,1
639,3,476,216,43,93,1,1,1
639,5,99,46,13,32,1,1,1
640,1,176,156,29,57,1,1,1
640,2,166,132,31,70,1,1,1
640,3,506,219,43,92,1,1,1
640,5,127,46,11,33,1,1,1
641,1,175,156,30,58,1,1,1
641,2,166,132,31,70,1,1,1
641,3,507,219,42,92,1,1,1
641,5,127,46,11,33,1,1,1
642,1,185,155,29,58,1,1,1
642,2,177,132,31,70,1,1,1
642,3,523,220,43,89,1,1,1
642,5,135,45,13,35,1,1,1
643,1,186,155,30,58,1,1,1
643,2,178,131,31,71,1,1,1
643,3,524,221,46,92,1,1,1
643,5,136,45,13,35,1,1,1
644,1,183,156,33,57,1,1,1
644,2,178,130,32,72,1,1,1
644,3,524,221,49,90,1,1,1
644,5,137,45,13,35,1,1,1
645,1,183,156,33,57,1,1,1
645,2,182,131,29,71,1,1,1
645,3,525,221,56,92,1,1,1
645,5,137,45,13,35,1,1,1
646,1,182,156,33,57,1,1,1
646,2,182,131,29,71,1,1,1
646,3,527,221,58,94,1,1,1
646,5,137,45,13,35,1,1,1
647,1,182,156,33,57,1,1,1
647,2,182,131,29,71,1,1,1
647,3,527,221,57,94,1,1,1
647,5,137,45,13,35,1,1,1
648,1,180,155,33,57,1,1,1
648,2,182,131,29,71,1,1,1
648,3,526,222,61,92,1,1,1
648,5,136,45,14,36,1,1,1
649,1,179,155,33,57,1,1,1
649,2,181,130,29,71,1,1,1
649,3,529,223,61,95,1,1,1
649,5,137,45,14,36,1,1,1
650,1,178,154,33,57,1,1,1
650,2,184,128,29,71,1,1,1
650,3,531,225,62,95,1,1,1
650,5,137,45,14,36,1,1,1
651,1,177,154,33,57,1,1,1
651,2,184,128,29,71,1,1,1
651,3,536,226,59,95,1,1,1
651,5,137,45,13,35,1,1,1
652,1,176,154,33,57,1,1,1
652,2,188,128,24,71,1,1,1
652,3,542,226,54,94,1,1,1
652,5,137,45,14,36,1,1,1
653,1,176,154,33,57,1,1,1
653,2,187,128,25,71,1,1,1
653,3,544,226,52,95,1,1,1
653,5,137,45,13,35,1,1,1
654,1,176,154,33,57,1,1,1
654,2,187,128,25,71,1,1,1
654,3,549,226,48,96,1,1,1
654,5,138,46,13,34,1,1,1
655,1,175,154,33,57,1,1,1
655,2,185,127,26,71,1,1,1
655,3,557,226,44,98,1,1,1
655,5,138,46,13,35,1,1,1
656,1,172,153,34,58,1,1,1
656,2,187,127,27,71,1,1,1
656,3,565,226,39,94,1,1,1
656,5,138,46,13,34,1,1,1
657,1,171,152,35,58,1,1,1
657,2,187,126,27,71,1,1,1
657,3,569,226,45,97,1,1,1
657,5,138,46,13,35,1,1,1
658,1,171,152,34,58,1,1,1
658,2,187,126,27,72,1,1,1
658,3,568,226,53,97,1,1,1
658,5,138,44,14,36,1,1,1
659,1,170,152,32,58,1,1,1
659,2,187,126,27,72,1,1,1
659,3,568,226,53,97,1,1,1
659,5,138,44,14,36,1,1,1
660,1,169,152,32,58,1,1,1
660,2,187,126,27,71,1,1,1
660,3,570,226,58,100,1,1,1
660,5,138,44,14,36,1,1,1
661,1,168,153,34,56,1,1,1
661,2,188,125,27,71,1,1,1
661,3,569,226,63,100,1,1,1
661,5,138,44,14,36,1,1,1
662,1,167,153,34,56,1,1,1
662,2,185,124,29,73,1,1,1
662,3,571,226,69,102,1,1,1
662,5,138,44,14,36,1,1,1
663,1,166,152,34,56,1,1,1
663,2,188,124,27,71,1,1,1
663,3,573,226,69,102,1,1,1
663,5,138,44,14,36,1,1,1
664,1,166,152,34,56,1,1,1
664,2,188,124,27,70,1,1,1
664,3,571,228,78,103,1,1,1
664,5,139,44,14,36,1,1,1
665,1,166,153,34,55,1,1,1
665,2,188,124,27,71,1,1,1
665,3,571,228,78,103,1,1,1
665,5,139,44,14,36,1,1,1
666,1,165,153,34,55,1,1,1
666,2,187,123,28,70,1,1,1
666,3,573,229,78,103,1,1,1
666,5,139,44,14,36,1,1,1
667,1,165,152,34,55,1,1,1
667,2,187,123,27,70,1,1,1
667,3,581,228,70,106,1,1,1
667,5,139,44,14,36,1,1,1
668,1,163,152,34,55,1,1,1
668,2,187,123,27,70,1,1,1
668,3,589,228,63,106,1,1,1
668,5,139,44,14,36,1,1,1
669,1,163,152,33,55,1,1,1
669,2,187,123,27,70,1,1,1
669,3,597,228,55,108,1,1,1
669,5,139,44,14,36,1,1,1
670,1,162,152,33,55,1,1,1
670,2,187,122,27,70,1,1,1
670,3,598,228,51,103,1,1,1
670,5,139,44,13,35,1,1,1
671,1,162,152,33,55,1,1,1
671,2,187,123,27,70,1,1,1
671,3,604,228,45,103,1,1,1
671,5,139,44,13,35,1,1,1
672,1,161,151,33,54,1,1,1
672,2,189,123,26,69,1,1,1
672,3,610,228,41,105,1,1,1
672,5,139,44,13,35,1,1,1
673,1,160,151,33,54,1,1,1
673,2,187,122,27,70,1,1,1
673,3,612,228,44,107,1,1,1
673,5,139,44,14,36,1,1,1
674,1,159,150,32,54,1,1,1
674,2,189,122,26,70,1,1,1
674,3,612,229,46,106,1,1,1
674,5,139,44,14,36,1,1,1
675,1,159,150,32,54,1,1,1
675,2,190,122,27,67,1,1,1
675,3,612,230,46,105,1,1,1
675,5,139,44,14,36,1,1,1
676,1,158,150,32,53,1,1,1
676,2,190,122,27,67,1,1,1
676,3,614,230,47,103,1,1,1
676,5,140,45,14,35,1,1,1
677,1,158,149,32,54,1,1,1
677,2,190,122,27,67,1,1,1
677,3,614,230,45,103,1,1,1
677,5,140,45,14,35,1,1,1
678,1,157,149,32,54,1,1,1
678,2,191,121,27,67,1,1,1
678,3,615,229,47,104,1,1,1
678,5,140,45,13,35,1,1,1
679,1,156,149,32,53,1,1,1
679,2,191,121,27,67,1,1,1
679,3,617,229,46,105,1,1,1
679,5,139,43,14,36,1,1,1
680,1,156,149,31,53,1,1,1
680,2,192,121,27,67,1,1,1
680,5,140,43,14,36,1,1,1
681,1,155,149,31,53,1,1,1
681,2,192,120,26,66,1,1,1
681,5,140,43,14,36,1,1,1
682,1,154,150,31,53,1,1,1
682,2,192,120,26,66,1,1,1
682,5,139,43,14,36,1,1,1
683,1,154,150,31,53,1,1,1
683,2,192,120,26,66,1,1,1
683,5,139,43,14,36,1,1,1
684,1,153,150,32,52,1,1,1
684,2,192,120,26,66,1,1,1
684,5,139,43,14,36,1,1,1
685,1,152,150,32,52,1,1,1
685,2,193,119,26,66,1,1,1
685,5,139,43,14,36,1,1,1
686,1,151,151,32,52,1,1,1
686,2,192,120,27,66,1,1,1
686,5,139,43,14,36,1,1,1
687,1,150,151,32,52,1,1,1
687,2,192,120,27,66,1,1,1
687,5,139,43,14,37,1,1,1
688,1,149,151,32,51,1,1,1
688,2,192,121,27,66,1,1,1
688,5,138,43,14,36,1,1,1
689,1,149,151,32,51,1,1,1
689,2,192,121,27,66,1,1,1
689,5,138,43,14,36,1,1,1
690,1,147,152,33,51,1,1,1
690,2,192,121,27,66,1,1,1
690,5,138,43,14,36,1,1,1
691,1,146,152,33,51,1,1,1
691,2,192,122,27,65,1,1,1
691,5,138,44,14,36,1,1,1
692,1,145,153,33,51,1,1,1
692,2,193,122,27,65,1,1,1
692,5,138,44,14,36,1,1,1
693,1,144,153,33,51,1,1,1
693,2,192,122,27,66,1,1,1
693,5,137,44,14,36,1,1,1
694,1,143,153,33,51,1,1,1
694,2,192,123,27,66,1,1,1
694,5,137,44,13,36,1,1,1
695,1,143,153,33,51,1,1,1
695,2,192,123,27,66,1,1,1
695,5,137,44,14,36,1,1,1
696,1,142,154,33,51,1,1,1
696,2,192,123,27,66,1,1,1
696,5,137,44,14,36,1,1,1
697,1,141,155,33,51,1,1,1
697,2,191,123,27,67,1,1,1
697,5,136,44,14,36,1,1,1
698,1,139,155,33,51,1,1,1
698,2,190,124,27,66,1,1,1
698,5,136,44,14,36,1,1,1
699,1,137,156,33,52,1,1,1
699,2,190,124,27,66,1,1,1
699,5,136,45,14,36,1,1,1
700,1,137,156,33,52,1,1,1
700,2,189,124,27,67,1,1,1
700,5,135,45,14,37,1,1,1
701,1,137,156,33,52,1,1,1
701,2,189,124,27,67,1,1,1
701,5,135,45,14,36,1,1,1
702,1,135,157,33,52,1,1,1
702,2,188,124,27,67,1,1,1
702,5,135,45,14,37,1,1,1
703,1,134,158,33,52,1,1,1
703,2,188,125,27,67,1,1,1
703,5,134,45,14,36,1,1,1
704,1,133,159,33,52,1,1,1
704,2,186,125,29,67,1,1,1
704,5,134,45,14,37,1,1,1
705,1,131,160,33,52,1,1,1
705,2,185,126,30,70,1,1,1
705,5,133,46,14,37,1,1,1
706,1,130,161,33,52,1,1,1
706,2,184,127,30,70,1,1,1
706,5,133,46,14,37,1,1,1
707,1,128,161,33,52,1,1,1
707,2,184,127,30,70,1,1,1
707,5,133,46,14,36,1,1,1
708,1,128,162,33,52,1,1,1
708,2,183,128,30,71,1,1,1
708,5,132,46,14,36,1,1,1
709,1,127,163,33,52,1,1,1
709,2,183,129,30,71,1,1,1
709,5,132,46,14,37,1,1,1
710,1,125,164,33,52,1,1,1
710,2,182,130,30,71,1,1,1
710,5,131,47,14,37,1,1,1
711,1,123,165,34,52,1,1,1
711,2,180,131,30,71,1,1,1
711,5,131,47,14,36,1,1,1
712,1,121,167,35,53,1,1,1
712,2,180,132,29,71,1,1,1
712,5,130,47,14,37,1,1,1
713,1,120,167,34,53,1,1,1
713,2,180,132,29,71,1,1,1
713,5,130,47,14,37,1,1,1
714,1,119,168,34,53,1,1,1
714,2,179,133,29,71,1,1,1
714,5,130,47,14,38,1,1,1
715,1,118,169,34,53,1,1,1
715,2,178,134,29,72,1,1,1
715,5,129,48,14,37,1,1,1
716,1,116,171,34,53,1,1,1
716,2,176,135,31,72,1,1,1
716,5,128,48,14,37,1,1,1
717,1,113,172,34,54,1,1,1
717,2,175,136,31,72,1,1,1
717,5,128,48,14,37,1,1,1
718,1,112,174,34,54,1,1,1
718,2,174,137,31,73,1,1,1
718,5,127,48,14,37,1,1,1
719,1,111,174,34,54,1,1,1
719,2,174,137,31,73,1,1,1
719,5,127,48,14,38,1,1,1
720,1,111,175,34,54,1,1,1
720,2,174,137,32,74,1,1,1
720,5,127,49,14,37,1,1,1
721,1,106,177,35,56,1,1,1
721,2,173,138,32,74,1,1,1
721,5,126,49,14,37,1,1,1
722,1,108,177,33,57,1,1,1
722,2,172,139,32,74,1,1,1
722,5,126,49,14,37,1,1,1
723,1,106,179,33,57,1,1,1
723,2,171,140,32,74,1,1,1
723,5,125,50,14,38,1,1,1
724,1,104,181,33,58,1,1,1
724,2,170,141,32,75,1,1,1
724,5,125,50,14,37,1,1,1
725,1,104,181,33,58,1,1,1
725,2,170,141,32,75,1,1,1
725,5,125,50,14,38,1,1,1
726,1,101,183,35,58,1,1,1
726,2,169,143,32,75,1,1,1
726,5,124,51,14,38,1,1,1
727,1,99,185,35,58,1,1,1
727,2,169,145,33,76,1,1,1
727,5,124,53,14,36,1,1,1
728,1,97,188,35,59,1,1,1
728,2,168,147,33,77,1,1,1
728,5,123,52,14,37,1,1,1
729,1,95,191,34,59,1,1,1
729,2,167,150,33,76,1,1,1
729,5,123,54,14,37,1,1,1
730,1,93,193,34,59,1,1,1
730,2,166,151,33,78,1,1,1
730,5,122,55,15,38,1,1,1
731,1,93,193,34,59,1,1,1
731,2,166,151,33,78,1,1,1
731,5,122,55,14,37,1,1,1
732,1,91,195,35,61,1,1,1
732,2,165,153,34,78,1,1,1
732,5,120,55,15,38,1,1,1
733,1,88,196,35,61,1,1,1
733,2,164,154,34,79,1,1,1
733,5,120,56,15,36,1,1,1
734,1,87,198,35,62,1,1,1
734,2,163,155,34,79,1,1,1
734,5,120,56,15,37,1,1,1
735,1,84,199,36,62,1,1,1
735,2,161,156,34,80,1,1,1
735,5,119,56,14,36,1,1,1
736,1,82,200,36,62,1,1,1
736,2,160,156,34,80,1,1,1
736,5,119,56,15,37,1,1,1
737,1,82,200,36,62,1,1,1
737,2,160,156,34,80,1,1,1
737,5,119,56,16,38,1,1,1
738,1,81,201,37,63,1,1,1
738,2,159,156,35,81,1,1,1
738,5,118,56,16,38,1,1,1
739,1,79,201,37,63,1,1,1
739,2,158,156,35,81,1,1,1
739,5,118,56,16,38,1,1,1
740,1,78,202,37,63,1,1,1
740,2,157,157,35,81,1,1,1
740,5,117,56,15,38,1,1,1
741,1,77,202,38,63,1,1,1
741,2,156,157,35,81,1,1,1
741,5,117,56,15,38,1,1,1
742,1,76,202,38,63,1,1,1
742,2,155,157,35,81,1,1,1
742,5,117,56,15,38,1,1,1
743,1,76,202,38,63,1,1,1
743,2,155,157,35,81,1,1,1
743,5,117,56,15,38,1,1,1
744,1,75,203,38,63,1,1,1
744,2,154,157,35,82,1,1,1
744,5,117,56,15,38,1,1,1
745,1,74,203,38,63,1,1,1
745,2,153,157,35,82,1,1,1
745,5,117,56,15,38,1,1,1
746,1,73,203,37,63,1,1,1
746,2,152,157,34,82,1,1,1
746,5,116,55,15,39,1,1,1
747,1,73,203,37,63,1,1,1
747,2,152,158,34,82,1,1,1
747,5,116,55,15,39,1,1,1
748,1,71,203,38,63,1,1,1
748,2,152,158,34,82,1,1,1
748,5,116,55,15,39,1,1,1
749,1,71,203,38,63,1,1,1
749,2,152,158,34,82,1,1,1
749,5,116,55,15,39,1,1,1
750,1,71,203,38,63,1,1,1
750,2,152,159,34,81,1,1,1
750,5,116,55,15,39,1,1,1
751,1,70,203,38,63,1,1,1
751,2,152,159,34,81,1,1,1
751,5,116,57,15,38,1,1,1
752,1,70,203,38,63,1,1,1
752,2,152,160,34,81,1,1,1
752,5,116,57,15,38,1,1,1
753,1,70,203,38,63,1,1,1
753,2,151,160,34,80,1,1,1
753,5,116,57,15,38,1,1,1
754,1,70,203,38,63,1,1,1
754,2,151,160,34,81,1,1,1
754,5,116,57,15,38,1,1,1
755,1,70,203,38,63,1,1,1
755,2,151,160,34,80,1,1,1
755,5,116,57,15,38,1,1,1
756,1,69,203,38,63,1,1,1
756,2,151,160,34,80,1,1,1
756,5,116,57,15,39,1,1,1
757,1,69,203,38,63,1,1,1
757,2,151,160,33,80,1,1,1
757,5,116,57,15,39,1,1,1
758,1,69,203,38,63,1,1,1
758,2,151,160,33,80,1,1,1
758,5,116,57,15,39,1,1,1
759,1,69,202,38,63,1,1,1
759,2,152,159,33,78,1,1,1
759,5,116,57,15,39,1,1,1
760,1,69,202,38,61,1,1,1
760,2,151,159,33,78,1,1,1
760,5,116,57,15,39,1,1,1
761,1,69,202,38,61,1,1,1
761,2,152,159,32,77,1,1,1
761,5,116,57,15,39,1,1,1
762,1,69,202,38,61,1,1,1
762,2,151,158,33,79,1,1,1
762,5,116,57,15,39,1,1,1
763,1,69,201,38,61,1,1,1
763,2,152,158,33,78,1,1,1
763,5,116,57,15,39,1,1,1
764,1,69,200,38,61,1,1,1
764,2,152,158,33,78,1,1,1
764,5,116,57,15,39,1,1,1
765,1,69,200,38,61,1,1,1
765,2,151,157,33,78,1,1,1
765,5,116,57,15,39,1,1,1
766,1,69,199,38,60,1,1,1
766,2,152,157,33,79,1,1,1
766,5,116,57,15,39,1,1,1
767,1,69,199,38,60,1,1,1
767,2,152,157,33,79,1,1,1
767,5,116,57,15,39,1,1,1
768,1,69,199,38,60,1,1,1
768,2,152,158,30,77,1,1,1
768,5,116,57,15,39,1,1,1
769,1,69,198,38,60,1,1,1
769,2,152,158,30,77,1,1,1
769,5,116,57,15,39,1,1,1
770,1,69,198,37,60,1,1,1
770,2,152,158,30,77,1,1,1
770,5,116,57,15,39,1,1,1
771,1,69,197,37,60,1,1,1
771,2,151,158,30,77,1,1,1
771,5,116,57,15,39,1,1,1
772,1,70,197,37,60,1,1,1
772,2,151,157,30,76,1,1,1
772,5,116,57,15,39,1,1,1
773,1,70,197,37,60,1,1,1
773,2,151,158,30,76,1,1,1
773,5,116,57,15,39,1,1,1
774,1,70,196,37,60,1,1,1
774,2,151,157,30,76,1,1,1
774,5,116,57,15,39,1,1,1
775,1,70,195,37,60,1,1,1
775,2,150,156,30,77,1,1,1
775,5,116,57,15,39,1,1,1
776,1,70,195,37,59,1,1,1
776,2,149,156,30,76,1,1,1
776,5,116,57,15,39,1,1,1
777,1,70,194,37,58,1,1,1
777,2,149,156,30,76,1,1,1
777,5,116,57,15,39,1,1,1
778,1,70,193,37,58,1,1,1
778,2,148,155,30,75,1,1,1
778,5,116,57,15,39,1,1,1
779,1,70,193,37,58,1,1,1
779,2,148,155,30,75,1,1,1
779,5,116,57,15,39,1,1,1
780,1,70,192,37,58,1,1,1
780,2,148,155,30,75,1,1,1
780,5,117,57,16,39,1,1,1
781,1,70,192,37,58,1,1,1
781,2,148,155,29,75,1,1,1
781,5,117,57,16,39,1,1,1
782,1,70,191,37,58,1,1,1
782,2,146,155,30,75,1,1,1
782,5,117,57,16,40,1,1,1
783,1,71,189,37,60,1,1,1
783,2,146,154,30,78,1,1,1
783,5,117,57,16,39,1,1,1
784,1,71,188,37,60,1,1,1
784,2,146,154,28,79,1,1,1
784,5,117,57,16,39,1,1,1
785,1,71,188,37,60,1,1,1
785,2,146,154,28,79,1,1,1
785,5,117,57,16,39,1,1,1
786,1,71,188,37,60,1,1,1
786,2,146,154,28,79,1,1,1
786,5,117,56,16,40,1,1,1
787,1,71,187,37,60,1,1,1
787,2,146,154,28,79,1,1,1
787,5,117,56,16,40,1,1,1
788,1,71,186,37,59,1,1,1
788,2,145,153,28,79,1,1,1
788,5,117,56,16,40,1,1,1
789,1,71,185,37,59,1,1,1
789,2,145,153,28,79,1,1,1
789,5,117,56,16,40,1,1,1
790,1,71,185,36,59,1,1,1
790,2,145,153,28,79,1,1,1
790,5,117,56,16,40,1,1,1
791,1,71,185,36,59,1,1,1
791,2,145,153,28,79,1,1,1
791,5,117,56,16,39,1,1,1
792,1,72,184,36,59,1,1,1
792,2,145,152,28,78,1,1,1
792,5,117,56,16,40,1,1,1
793,1,72,184,36,59,1,1,1
793,2,144,151,28,79,1,1,1
793,5,118,56,16,40,1,1,1
794,1,72,182,36,60,1,1,1
794,2,144,150,28,79,1,1,1
794,5,118,56,16,40,1,1,1
795,1,72,181,36,60,1,1,1
795,2,144,150,28,79,1,1,1
795,5,118,56,16,40,1,1,1
796,1,72,181,36,59,1,1,1
796,2,144,149,28,74,1,1,1
796,5,118,56,16,40,1,1,1
797,1,72,181,36,59,1,1,1
797,2,144,149,28,74,1,1,1
797,5,118,56,16,39,1,1,1
798,1,72,180,36,59,1,1,1
798,2,144,148,28,74,1,1,1
798,5,118,56,16,39,1,1,1
799,1,72,180,36,59,1,1,1
799,2,144,148,28,74,1,1,1
799,5,118,56,16,39,1,1,1
800,1,72,179,36,58,1,1,1
800,2,144,148,28,74,1,1,1
800,5,118,56,16,39,1,1,1
801,1,72,178,36,58,1,1,1
801,2,143,147,28,75,1,1,1
801,5,118,56,16,39,1,1,1
