1,1,701,353,64,147,1,1,1
1,2,756,373,69,139,1,1,1
2,1,702,354,62,144,1,1,1
2,2,755,373,69,139,1,1,1
3,1,701,353,62,142,1,1,1
3,2,753,373,69,138,1,1,1
4,1,701,352,62,142,1,1,1
4,2,752,372,69,138,1,1,1
5,1,701,350,62,142,1,1,1
5,2,752,372,69,138,1,1,1
6,1,700,350,62,142,1,1,1
6,2,751,372,67,137,1,1,1
7,1,699,349,62,142,1,1,1
7,2,750,371,67,138,1,1,1
8,1,698,347,62,142,1,1,1
8,2,749,370,67,138,1,1,1
9,1,696,348,62,142,1,1,1
9,2,749,368,67,136,1,1,1
10,1,697,347,62,142,1,1,1
10,2,751,368,64,134,1,1,1
11,1,697,346,62,142,1,1,1
11,2,752,366,60,133,1,1,1
12,1,696,345,62,144,1,1,1
12,2,751,365,60,134,1,1,1
13,1,697,346,59,142,1,1,1
13,2,753,364,58,134,1,1,1
14,1,698,348,59,142,1,1,1
14,2,752,364,58,134,1,1,1
15,1,697,345,59,142,1,1,1
15,2,752,364,58,134,1,1,1
16,1,696,345,59,142,1,1,1
16,2,751,363,56,135,1,1,1
17,1,696,343,59,142,1,1,1
17,2,748,363,58,135,1,1,1
18,1,696,342,59,142,1,1,1
18,2,747,363,58,135,1,1,1
19,1,696,340,59,142,1,1,1
19,2,747,363,58,134,1,1,1
20,1,695,342,59,138,1,1,1
20,2,747,363,55,133,1,1,1
21,1,696,341,59,138,1,1,1
21,2,746,362,55,134,1,1,1
22,1,696,340,59,138,1,1,1
22,2,745,362,55,134,1,1,1
23,1,696,339,59,138,1,1,1
23,2,744,361,55,133,1,1,1
24,1,694,339,60,138,1,1,1
24,2,742,361,55,131,1,1,1
25,1,694,337,61,138,1,1,1
25,2,738,359,58,130,1,1,1
26,1,695,336,60,138,1,1,1
26,2,737,358,58,129,1,1,1
27,1,694,336,60,140,1,1,1
27,2,736,357,58,129,1,1,1
28,1,695,337,59,140,1,1,1
28,2,733,354,59,132,1,1,1
29,1,695,334,59,140,1,1,1
29,2,730,354,60,132,1,1,1
30,1,695,336,58,140,1,1,1
30,2,728,354,62,132,1,1,1
31,1,696,337,55,136,1,1,1
31,2,728,354,61,132,1,1,1
32,1,696,335,55,136,1,1,1
32,2,728,354,61,132,1,1,1
33,1,696,333,55,136,1,1,1
33,2,727,354,61,132,1,1,1
34,1,697,331,55,136,1,1,1
34,2,731,353,56,132,1,1,1
35,1,697,330,55,136,1,1,1
35,2,731,353,56,132,1,1,1
36,1,698,329,55,136,1,1,1
36,2,729,353,58,131,1,1,1
37,1,698,327,55,136,1,1,1
37,2,729,353,58,131,1,1,1
38,1,699,328,55,137,1,1,1
38,2,729,351,55,133,1,1,1
39,1,699,327,51,137,1,1,1
39,2,729,351,55,133,1,1,1
40,1,699,327,51,137,1,1,1
40,2,729,348,55,133,1,1,1
41,1,700,326,51,137,1,1,1
41,2,729,348,55,133,1,1,1
42,1,701,326,51,137,1,1,1
42,2,729,347,53,130,1,1,1
43,1,701,326,51,137,1,1,1
43,2,727,346,54,128,1,1,1
44,1,702,327,51,137,1,1,1
44,2,727,346,54,128,1,1,1
45,1,702,326,51,137,1,1,1
45,2,727,345,54,128,1,1,1
46,1,704,326,51,137,1,1,1
46,2,726,344,54,129,1,1,1
47,1,706,323,51,137,1,1,1
47,2,726,343,55,129,1,1,1
48,1,706,323,51,137,1,1,1
48,2,725,343,55,129,1,1,1
49,1,707,323,50,133,1,1,1
49,2,725,343,55,129,1,1,1
50,1,707,322,51,132,1,1,1
50,2,725,342,55,129,1,1,1
51,1,708,320,51,132,1,1,1
51,2,724,342,55,129,1,1,1
52,1,708,320,51,132,1,1,1
52,2,724,342,55,129,1,1,1
53,1,708,319,51,134,1,1,1
53,2,723,342,56,128,1,1,1
54,1,708,319,51,134,1,1,1
54,2,720,342,59,128,1,1,1
55,1,710,319,51,134,1,1,1
55,2,719,342,60,127,1,1,1
56,1,711,318,51,133,1,1,1
56,2,720,341,58,127,1,1,1
57,1,711,318,51,133,1,1,1
57,2,720,339,58,129,1,1,1
58,1,713,317,51,133,1,1,1
58,2,720,339,56,128,1,1,1
59,1,715,317,51,133,1,1,1
59,2,720,339,56,126,1,1,1
60,1,716,317,51,133,1,1,1
60,2,718,338,58,125,1,1,1
61,1,718,317,51,132,1,1,1
61,2,718,338,57,123,1,1,1
62,1,718,316,51,132,1,1,1
62,2,718,337,57,123,1,1,1
63,1,718,316,54,132,1,1,1
63,2,718,337,57,123,1,1,1
64,1,719,316,53,131,1,1,1
64,2,718,336,57,124,1,1,1
65,1,719,316,53,131,1,1,1
65,2,718,335,57,124,1,1,1
66,1,719,315,53,131,1,1,1
66,2,718,334,57,125,1,1,1
67,1,719,315,53,128,1,1,1
67,2,718,334,57,125,1,1,1
68,1,722,313,51,128,1,1,1
68,2,718,333,57,125,1,1,1
69,1,722,313,51,128,1,1,1
69,2,718,333,57,125,1,1,1
70,1,723,313,51,127,1,1,1
70,2,718,332,58,126,1,1,1
71,1,727,312,49,125,1,1,1
71,2,722,332,55,126,1,1,1
72,1,728,312,52,126,1,1,1
72,2,722,332,55,126,1,1,1
73,1,728,311,53,126,1,1,1
73,2,723,331,52,124,1,1,1
74,1,729,310,54,128,1,1,1
74,2,723,330,52,124,1,1,1
75,1,731,309,53,128,1,1,1
75,2,724,330,52,124,1,1,1
76,1,732,309,53,127,1,1,1
76,2,724,328,52,124,1,1,1
77,1,734,308,50,124,1,1,1
77,2,727,327,49,121,1,1,1
78,1,736,308,51,126,1,1,1
78,2,727,326,49,121,1,1,1
79,1,738,307,50,126,1,1,1
79,2,728,325,49,122,1,1,1
80,1,735,304,54,126,1,1,1
80,2,728,324,50,123,1,1,1
81,1,741,305,49,124,1,1,1
81,2,728,324,50,123,1,1,1
82,1,740,305,51,125,1,1,1
82,2,728,324,51,123,1,1,1
83,1,741,304,51,127,1,1,1
83,2,728,324,51,123,1,1,1
84,1,743,304,51,125,1,1,1
84,2,728,323,53,124,1,1,1
85,1,744,304,51,126,1,1,1
85,2,728,323,53,124,1,1,1
86,1,744,304,52,127,1,1,1
86,2,728,322,53,124,1,1,1
87,1,744,304,54,127,1,1,1
87,2,729,322,53,124,1,1,1
88,1,745,304,54,127,1,1,1
88,2,729,322,53,124,1,1,1
89,1,745,304,56,127,1,1,1
89,2,729,322,53,124,1,1,1
90,1,751,304,50,127,1,1,1
90,2,728,321,54,124,1,1,1
91,1,751,303,50,127,1,1,1
91,2,728,320,54,124,1,1,1
92,1,752,303,50,127,1,1,1
92,2,728,320,54,122,1,1,1
93,1,752,304,50,126,1,1,1
93,2,728,318,54,121,1,1,1
94,1,753,303,49,125,1,1,1
94,2,731,317,51,121,1,1,1
95,1,752,302,50,127,1,1,1
95,2,731,317,51,121,1,1,1
96,1,753,300,50,126,1,1,1
96,2,732,316,54,122,1,1,1
97,1,753,301,50,123,1,1,1
97,2,734,315,52,123,1,1,1
98,1,753,301,50,123,1,1,1
98,2,734,315,52,123,1,1,1
99,1,754,300,50,123,1,1,1
99,2,735,314,52,123,1,1,1
100,1,754,300,50,124,1,1,1
100,2,735,314,56,123,1,1,1
101,1,755,300,50,124,1,1,1
101,2,737,314,57,122,1,1,1
102,1,756,299,51,124,1,1,1
102,2,738,314,59,121,1,1,1
103,1,757,298,52,127,1,1,1
103,2,739,314,59,121,1,1,1
104,1,758,298,51,126,1,1,1
104,2,740,314,56,121,1,1,1
105,1,760,298,51,125,1,1,1
105,2,741,314,56,121,1,1,1
106,1,763,299,51,119,1,1,1
106,2,742,313,56,121,1,1,1
107,1,763,298,51,117,1,1,1
107,2,743,313,52,120,1,1,1
108,1,764,298,51,117,1,1,1
108,2,744,313,52,120,1,1,1
109,1,765,297,51,117,1,1,1
109,2,745,312,52,120,1,1,1
110,1,766,297,51,117,1,1,1
110,2,746,311,52,119,1,1,1
111,1,768,297,50,115,1,1,1
111,2,747,311,52,119,1,1,1
112,1,768,295,51,117,1,1,1
112,2,752,310,48,118,1,1,1
113,1,771,296,49,117,1,1,1
113,2,753,310,48,119,1,1,1
114,1,775,294,45,118,1,1,1
114,2,754,308,49,120,1,1,1
115,1,773,294,50,119,1,1,1
115,2,755,308,49,120,1,1,1
116,1,774,291,50,122,1,1,1
116,2,755,307,50,120,1,1,1
117,1,775,288,50,124,1,1,1
117,2,756,307,50,120,1,1,1
118,1,775,291,50,121,1,1,1
118,2,756,308,50,119,1,1,1
119,1,776,290,50,122,1,1,1
119,2,758,308,50,119,1,1,1
120,1,779,289,49,124,1,1,1
120,2,757,307,50,119,1,1,1
121,1,779,289,49,124,1,1,1
121,2,759,307,49,119,1,1,1
122,1,780,288,49,124,1,1,1
122,2,759,307,51,119,1,1,1
123,1,780,289,49,121,1,1,1
123,2,760,306,51,119,1,1,1
124,1,781,290,50,120,1,1,1
124,2,760,305,53,119,1,1,1
125,1,781,290,50,120,1,1,1
125,2,761,304,52,118,1,1,1
126,1,782,289,50,120,1,1,1
126,2,764,303,49,117,1,1,1
127,1,782,289,50,119,1,1,1
127,2,765,303,49,115,1,1,1
128,1,782,288,51,118,1,1,1
128,2,766,302,49,115,1,1,1
129,1,783,288,51,118,1,1,1
129,2,767,302,49,115,1,1,1
130,1,783,285,51,119,1,1,1
130,2,769,301,47,116,1,1,1
131,1,785,285,50,118,1,1,1
131,2,771,300,46,116,1,1,1
132,1,785,285,51,119,1,1,1
132,2,772,300,50,114,1,1,1
133,1,786,284,51,119,1,1,1
133,2,773,299,50,114,1,1,1
134,1,787,284,51,121,1,1,1
134,2,775,300,54,112,1,1,1
135,1,788,283,49,120,1,1,1
135,2,776,300,54,112,1,1,1
136,1,789,283,49,120,1,1,1
136,2,777,300,54,109,1,1,1
137,1,790,283,49,119,1,1,1
137,2,778,300,54,109,1,1,1
138,1,791,283,48,118,1,1,1
138,2,779,299,54,109,1,1,1
139,1,791,283,48,118,1,1,1
139,2,780,300,54,109,1,1,1
140,1,793,283,49,117,1,1,1
140,2,783,299,50,110,1,1,1
141,1,795,283,47,116,1,1,1
141,2,784,299,50,110,1,1,1
142,1,796,282,48,117,1,1,1
142,2,784,298,50,110,1,1,1
143,1,797,282,48,116,1,1,1
143,2,786,297,50,112,1,1,1
144,1,798,282,49,115,1,1,1
144,2,787,296,50,112,1,1,1
145,1,797,282,50,115,1,1,1
145,2,787,295,50,113,1,1,1
146,1,796,282,52,115,1,1,1
146,2,789,295,49,114,1,1,1
147,1,800,281,48,114,1,1,1
147,2,790,294,49,114,1,1,1
148,1,800,282,49,114,1,1,1
148,2,791,294,48,115,1,1,1
149,1,799,281,51,114,1,1,1
149,2,792,293,48,115,1,1,1
150,1,800,281,51,114,1,1,1
150,2,793,293,47,116,1,1,1
151,1,800,281,50,114,1,1,1
151,2,794,293,47,116,1,1,1
152,1,801,281,50,113,1,1,1
152,2,794,293,47,116,1,1,1
153,1,802,280,50,114,1,1,1
153,2,794,293,49,116,1,1,1
154,1,803,280,50,114,1,1,1
154,2,795,293,51,116,1,1,1
155,1,803,280,50,114,1,1,1
155,2,795,293,51,116,1,1,1
156,1,804,280,50,113,1,1,1
156,2,796,292,51,116,1,1,1
157,1,804,277,50,115,1,1,1
157,2,798,291,49,116,1,1,1
158,1,805,277,50,115,1,1,1
158,2,798,291,49,116,1,1,1
159,1,804,275,50,115,1,1,1
159,2,798,290,50,113,1,1,1
160,1,804,275,50,115,1,1,1
160,2,800,290,48,112,1,1,1
161,1,805,275,50,115,1,1,1
161,2,801,290,48,112,1,1,1
162,1,805,274,50,115,1,1,1
162,2,805,289,44,112,1,1,1
163,1,806,273,47,115,1,1,1
163,2,805,289,44,112,1,1,1
164,1,806,271,48,116,1,1,1
164,2,806,288,44,112,1,1,1
165,1,807,273,49,114,1,1,1
165,2,806,288,48,112,1,1,1
166,1,807,273,49,113,1,1,1
166,2,807,288,50,113,1,1,1
167,1,810,272,47,114,1,1,1
167,2,808,288,51,113,1,1,1
168,1,810,272,47,114,1,1,1
168,2,808,288,51,113,1,1,1
169,1,811,272,47,113,1,1,1
169,2,809,288,51,113,1,1,1
170,1,812,272,47,113,1,1,1
170,2,810,288,51,112,1,1,1
171,1,814,273,46,111,1,1,1
171,2,811,288,51,112,1,1,1
172,1,814,272,46,112,1,1,1
172,2,814,288,49,112,1,1,1
173,1,816,271,47,112,1,1,1
173,2,815,288,47,112,1,1,1
174,1,817,271,47,112,1,1,1
174,2,816,288,47,112,1,1,1
175,1,817,270,47,112,1,1,1
175,2,816,287,47,111,1,1,1
176,1,818,270,47,111,1,1,1
176,2,817,287,45,109,1,1,1
177,1,819,270,47,112,1,1,1
177,2,818,286,45,109,1,1,1
178,1,820,269,46,111,1,1,1
178,2,818,285,45,110,1,1,1
179,1,821,268,47,113,1,1,1
179,2,819,285,45,110,1,1,1
180,1,822,267,47,114,1,1,1
180,2,819,284,45,110,1,1,1
181,1,823,267,47,114,1,1,1
181,2,821,284,45,109,1,1,1
182,1,823,267,47,113,1,1,1
182,2,822,284,46,110,1,1,1
183,1,824,267,47,113,1,1,1
183,2,822,284,46,110,1,1,1
184,1,825,267,46,113,1,1,1
184,2,823,284,46,110,1,1,1
185,1,825,267,47,113,1,1,1
185,2,823,284,46,109,1,1,1
186,1,826,267,46,113,1,1,1
186,2,824,284,46,109,1,1,1
187,1,826,267,46,113,1,1,1
187,2,825,284,45,109,1,1,1
188,1,826,266,46,112,1,1,1
188,2,825,284,45,108,1,1,1
189,1,827,266,46,113,1,1,1
189,2,826,284,46,109,1,1,1
190,1,828,266,46,111,1,1,1
190,2,826,283,46,109,1,1,1
191,1,828,266,46,111,1,1,1
191,2,826,283,46,109,1,1,1
192,1,829,265,45,108,1,1,1
192,2,826,281,47,109,1,1,1
193,1,829,265,45,108,1,1,1
193,2,826,281,47,108,1,1,1
194,1,829,264,46,109,1,1,1
194,2,826,281,47,108,1,1,1
195,1,829,263,46,109,1,1,1
195,2,827,280,47,108,1,1,1
196,1,828,263,48,110,1,1,1
196,2,827,280,47,108,1,1,1
197,1,831,263,45,110,1,1,1
197,2,827,280,48,109,1,1,1
198,1,832,263,45,110,1,1,1
198,2,831,279,44,108,1,1,1
199,1,833,263,46,110,1,1,1
199,2,831,279,44,108,1,1,1
200,1,832,263,47,110,1,1,1
200,2,832,279,44,108,1,1,1
201,1,834,263,46,110,1,1,1
201,2,832,279,46,107,1,1,1
202,1,839,263,41,106,1,1,1
202,2,833,279,47,107,1,1,1
203,1,840,263,41,106,1,1,1
203,2,834,279,47,107,1,1,1
204,1,840,263,43,106,1,1,1
204,2,834,279,47,107,1,1,1
205,1,841,263,42,106,1,1,1
205,2,835,279,47,107,1,1,1
206,1,842,263,42,106,1,1,1
206,2,836,279,46,107,1,1,1
207,1,842,262,44,107,1,1,1
207,2,837,279,45,106,1,1,1
208,1,843,262,44,107,1,1,1
208,2,837,279,45,104,1,1,1
209,1,843,261,45,107,1,1,1
209,2,837,278,45,104,1,1,1
210,1,843,261,46,107,1,1,1
210,2,837,278,45,104,1,1,1
211,1,843,261,47,107,1,1,1
211,2,837,277,45,104,1,1,1
212,1,841,261,47,107,1,1,1
212,2,835,276,44,105,1,1,1
213,1,837,261,46,107,1,1,1
213,2,829,276,44,105,1,1,1
214,1,829,261,46,107,1,1,1
214,2,821,276,44,105,1,1,1
215,1,819,261,47,107,1,1,1
215,2,811,276,44,106,1,1,1
216,1,810,261,47,107,1,1,1
216,2,801,276,44,106,1,1,1
217,1,805,261,46,107,1,1,1
217,2,797,276,43,105,1,1,1
218,1,802,261,47,107,1,1,1
218,2,795,276,43,105,1,1,1
219,1,803,261,46,107,1,1,1
219,2,794,276,43,105,1,1,1
220,1,804,260,45,108,1,1,1
220,2,794,276,46,105,1,1,1
221,1,806,260,44,110,1,1,1
221,2,794,276,46,105,1,1,1
222,1,803,260,47,105,1,1,1
222,2,795,275,46,106,1,1,1
223,1,805,256,45,111,1,1,1
223,2,795,275,46,106,1,1,1
224,1,805,255,45,111,1,1,1
224,2,795,274,46,106,1,1,1
225,1,807,255,44,112,1,1,1
225,2,795,274,46,106,1,1,1
226,1,809,255,43,112,1,1,1
226,2,796,274,46,106,1,1,1
227,1,813,254,41,112,1,1,1
227,2,796,273,46,106,1,1,1
228,1,814,255,42,108,1,1,1
228,2,798,272,44,105,1,1,1
229,1,814,256,44,108,1,1,1
229,2,798,272,44,105,1,1,1
230,1,815,255,46,109,1,1,1
230,2,799,271,44,104,1,1,1
231,1,816,256,49,108,1,1,1
231,2,799,271,44,104,1,1,1
232,1,817,256,48,108,1,1,1
232,2,800,270,44,104,1,1,1
233,1,819,257,48,107,1,1,1
233,2,800,270,44,104,1,1,1
234,1,820,257,50,107,1,1,1
234,2,803,270,42,104,1,1,1
235,1,821,257,50,107,1,1,1
235,2,803,270,42,104,1,1,1
236,1,821,257,50,107,1,1,1
236,2,804,270,45,103,1,1,1
237,1,824,257,49,107,1,1,1
237,2,804,270,48,103,1,1,1
238,1,824,255,49,107,1,1,1
238,2,803,270,48,103,1,1,1
239,1,812,255,49,107,1,1,1
239,2,790,270,48,104,1,1,1
240,1,780,256,50,106,1,1,1
240,2,758,270,46,105,1,1,1
241,1,738,258,50,104,1,1,1
241,2,715,270,46,106,1,1,1
242,1,692,258,50,107,1,1,1
242,2,669,271,47,107,1,1,1
243,1,648,259,50,108,1,1,1
243,2,624,272,48,108,1,1,1
244,1,625,259,49,108,1,1,1
244,2,598,272,47,108,1,1,1
245,1,617,259,49,108,1,1,1
245,2,591,272,46,107,1,1,1
246,1,616,259,49,107,1,1,1
246,2,592,272,44,105,1,1,1
247,1,617,259,52,107,1,1,1
247,2,592,272,42,105,1,1,1
248,1,618,260,52,106,1,1,1
248,2,593,272,42,105,1,1,1
249,1,620,259,51,109,1,1,1
249,2,595,271,40,105,1,1,1
250,1,621,259,51,109,1,1,1
250,2,596,271,40,105,1,1,1
251,1,622,259,51,108,1,1,1
251,2,597,270,43,107,1,1,1
252,1,624,259,47,106,1,1,1
252,2,598,268,43,108,1,1,1
253,1,625,259,47,106,1,1,1
253,2,599,269,43,107,1,1,1
254,1,628,259,45,106,1,1,1
254,2,599,271,47,106,1,1,1
255,1,633,259,41,106,1,1,1
255,2,601,271,47,105,1,1,1
256,1,634,259,41,106,1,1,1
256,2,602,271,51,105,1,1,1
257,1,639,258,38,107,1,1,1
257,2,603,271,51,105,1,1,1
258,1,640,257,38,107,1,1,1
258,2,604,271,51,105,1,1,1
259,1,643,257,38,108,1,1,1
259,2,606,271,48,105,1,1,1
260,1,644,257,40,108,1,1,1
260,2,607,271,48,105,1,1,1
261,1,645,257,45,108,1,1,1
261,2,610,270,44,105,1,1,1
262,1,646,257,48,108,1,1,1
262,2,611,270,44,105,1,1,1
263,1,647,257,50,107,1,1,1
263,2,613,269,42,105,1,1,1
264,1,648,257,52,107,1,1,1
264,2,617,269,41,102,1,1,1
265,1,647,257,54,108,1,1,1
265,2,620,267,39,104,1,1,1
266,1,648,257,54,108,1,1,1
266,2,621,267,39,104,1,1,1
267,1,649,257,53,107,1,1,1
267,2,622,266,39,104,1,1,1
268,1,654,258,48,108,1,1,1
268,2,626,266,39,105,1,1,1
269,1,656,258,46,107,1,1,1
269,2,627,265,40,105,1,1,1
270,1,661,258,42,106,1,1,1
270,2,628,265,43,105,1,1,1
271,1,664,258,38,106,1,1,1
271,2,629,266,50,105,1,1,1
272,1,668,258,35,106,1,1,1
272,2,630,266,53,104,1,1,1
273,1,669,258,35,106,1,1,1
273,2,631,268,56,102,1,1,1
274,1,671,257,38,108,1,1,1
274,2,630,268,56,102,1,1,1
275,1,672,257,38,108,1,1,1
275,2,631,268,56,102,1,1,1
276,1,674,257,42,108,1,1,1
276,2,630,269,58,103,1,1,1
277,1,675,257,48,108,1,1,1
277,2,631,269,58,103,1,1,1
278,1,674,257,55,107,1,1,1
278,2,635,269,53,102,1,1,1
279,1,675,257,55,107,1,1,1
279,2,638,269,49,103,1,1,1
280,1,675,259,58,106,1,1,1
280,2,642,269,46,103,1,1,1
281,1,676,259,58,106,1,1,1
281,2,648,269,41,103,1,1,1
282,1,677,259,58,106,1,1,1
282,2,649,268,41,104,1,1,1
283,1,679,257,57,108,1,1,1
283,2,654,268,37,103,1,1,1
284,1,680,257,57,108,1,1,1
284,2,655,268,37,103,1,1,1
285,1,684,257,52,107,1,1,1
285,2,656,268,37,103,1,1,1
286,1,688,257,45,107,1,1,1
286,2,659,268,41,103,1,1,1
287,1,690,257,45,107,1,1,1
287,2,660,268,50,103,1,1,1
288,1,694,258,41,107,1,1,1
288,2,661,267,53,106,1,1,1
289,1,699,258,37,107,1,1,1
289,2,662,269,59,104,1,1,1
290,1,700,258,39,107,1,1,1
290,2,663,269,59,104,1,1,1
291,1,704,257,39,108,1,1,1
291,2,663,270,62,103,1,1,1
292,1,705,257,39,108,1,1,1
292,2,664,270,62,103,1,1,1
293,1,708,257,40,108,1,1,1
293,2,663,270,63,102,1,1,1
294,1,707,258,47,108,1,1,1
294,2,664,270,63,102,1,1,1
295,1,708,258,51,108,1,1,1
295,2,666,269,61,104,1,1,1
296,1,709,258,51,108,1,1,1
296,2,667,268,61,105,1,1,1
297,1,710,258,51,107,1,1,1
297,2,673,268,55,105,1,1,1
298,1,712,258,51,107,1,1,1
298,2,677,267,49,105,1,1,1
299,1,713,259,48,107,1,1,1
299,2,681,266,46,106,1,1,1
300,1,714,259,48,107,1,1,1
300,2,685,268,43,105,1,1,1
301,1,718,259,44,107,1,1,1
301,2,688,268,39,105,1,1,1
302,1,721,263,42,106,1,1,1
302,2,691,272,39,104,1,1,1
303,1,725,263,39,106,1,1,1
303,2,692,271,39,105,1,1,1
304,1,728,263,37,106,1,1,1
304,2,693,272,42,105,1,1,1
305,1,729,263,37,106,1,1,1
305,2,697,272,43,105,1,1,1
306,1,731,262,39,108,1,1,1
306,2,698,272,50,105,1,1,1
307,1,733,262,39,108,1,1,1
307,2,698,273,53,104,1,1,1
308,1,734,261,45,108,1,1,1
308,2,699,273,53,104,1,1,1
309,1,735,261,49,108,1,1,1
309,2,698,273,56,104,1,1,1
310,1,734,261,55,108,1,1,1
310,2,699,273,56,104,1,1,1
311,1,735,261,56,107,1,1,1
311,2,701,273,56,104,1,1,1
312,1,735,262,58,107,1,1,1
312,2,702,274,52,103,1,1,1
313,1,736,262,58,107,1,1,1
313,2,706,274,49,103,1,1,1
314,1,738,261,58,108,1,1,1
314,2,707,274,49,104,1,1,1
315,1,739,261,54,108,1,1,1
315,2,711,272,47,107,1,1,1
316,1,738,261,54,108,1,1,1
316,2,713,272,44,106,1,1,1
317,1,731,261,54,108,1,1,1
317,2,707,274,39,105,1,1,1
318,1,714,261,48,109,1,1,1
318,2,688,274,39,106,1,1,1
319,1,688,263,45,109,1,1,1
319,2,657,274,39,106,1,1,1
320,1,661,262,41,109,1,1,1
320,2,628,275,42,106,1,1,1
321,1,632,263,41,109,1,1,1
321,2,597,277,47,106,1,1,1
322,1,618,263,41,110,1,1,1
322,2,582,277,55,107,1,1,1
323,1,612,263,43,112,1,1,1
323,2,575,277,62,107,1,1,1
324,1,612,263,43,112,1,1,1
324,2,575,277,62,108,1,1,1
325,1,614,264,47,111,1,1,1
325,2,575,277,64,107,1,1,1
326,1,615,265,52,110,1,1,1
326,2,576,277,64,107,1,1,1
327,1,617,265,52,109,1,1,1
327,2,575,277,67,109,1,1,1
328,1,617,266,52,108,1,1,1
328,2,577,277,65,108,1,1,1
329,1,618,266,52,109,1,1,1
329,2,580,278,62,106,1,1,1
330,1,619,266,52,108,1,1,1
330,2,581,278,62,107,1,1,1
331,1,621,266,50,109,1,1,1
331,2,588,276,54,107,1,1,1
332,1,622,266,50,109,1,1,1
332,2,593,276,48,107,1,1,1
333,1,626,266,47,110,1,1,1
333,2,597,276,44,106,1,1,1
334,1,631,266,43,110,1,1,1
334,2,601,276,41,108,1,1,1
335,1,633,266,43,110,1,1,1
335,2,602,275,41,109,1,1,1
336,1,634,266,43,110,1,1,1
336,2,605,275,41,108,1,1,1
337,1,636,265,43,110,1,1,1
337,2,606,275,45,109,1,1,1
338,1,640,265,43,111,1,1,1
338,2,610,277,48,107,1,1,1
339,1,642,265,42,111,1,1,1
339,2,611,279,55,105,1,1,1
340,1,643,267,48,109,1,1,1
340,2,611,279,59,103,1,1,1
341,1,645,268,52,108,1,1,1
341,2,612,279,60,103,1,1,1
342,1,645,269,57,107,1,1,1
342,2,612,281,62,102,1,1,1
343,1,647,270,57,106,1,1,1
343,2,613,281,63,104,1,1,1
344,1,646,268,60,108,1,1,1
344,2,615,282,59,103,1,1,1
345,1,648,268,60,107,1,1,1
345,2,618,282,56,102,1,1,1
346,1,649,268,60,108,1,1,1
346,2,621,281,53,104,1,1,1
347,1,651,267,56,109,1,1,1
347,2,627,281,48,104,1,1,1
348,1,653,267,53,109,1,1,1
348,2,631,280,46,105,1,1,1
349,1,654,267,53,109,1,1,1
349,2,633,279,44,106,1,1,1
350,1,661,267,46,109,1,1,1
350,2,638,279,40,107,1,1,1
351,1,667,266,42,109,1,1,1
351,2,640,279,40,107,1,1,1
352,1,670,266,40,109,1,1,1
352,2,641,278,40,108,1,1,1
353,1,672,266,40,109,1,1,1
353,2,642,279,49,106,1,1,1
354,1,674,266,40,109,1,1,1
354,2,643,281,53,104,1,1,1
355,1,676,266,42,109,1,1,1
355,2,646,281,58,105,1,1,1
356,1,678,267,45,110,1,1,1
356,2,646,281,63,105,1,1,1
357,1,679,267,50,110,1,1,1
357,2,647,281,63,105,1,1,1
358,1,681,268,50,109,1,1,1
358,2,647,282,65,104,1,1,1
359,1,680,268,53,108,1,1,1
359,2,647,282,65,104,1,1,1
360,1,680,268,55,109,1,1,1
360,2,649,282,65,104,1,1,1
361,1,682,268,55,109,1,1,1
361,2,650,281,66,106,1,1,1
362,1,684,268,51,109,1,1,1
362,2,654,281,64,105,1,1,1
363,1,685,268,51,109,1,1,1
363,2,660,281,55,104,1,1,1
364,1,691,268,47,108,1,1,1
364,2,665,280,49,105,1,1,1
365,1,694,268,45,108,1,1,1
365,2,671,280,44,105,1,1,1
366,1,695,268,45,108,1,1,1
366,2,674,280,40,104,1,1,1
367,1,701,268,40,109,1,1,1
367,2,676,280,40,105,1,1,1
368,1,703,268,40,109,1,1,1
368,2,678,280,40,106,1,1,1
369,1,704,268,40,109,1,1,1
369,2,679,281,43,104,1,1,1
370,1,702,268,40,109,1,1,1
370,2,677,281,45,105,1,1,1
371,1,695,269,45,108,1,1,1
371,2,669,282,50,104,1,1,1
372,1,677,270,53,107,1,1,1
372,2,654,282,56,105,1,1,1
373,1,660,271,56,107,1,1,1
373,2,637,283,58,104,1,1,1
374,1,648,272,60,107,1,1,1
374,2,626,283,59,104,1,1,1
375,1,643,270,61,109,1,1,1
375,2,620,285,62,105,1,1,1
376,1,643,270,61,109,1,1,1
376,2,620,285,62,105,1,1,1
377,1,645,270,58,109,1,1,1
377,2,622,285,59,105,1,1,1
378,1,647,269,55,109,1,1,1
378,2,624,285,56,104,1,1,1
379,1,649,269,55,109,1,1,1
379,2,626,285,56,104,1,1,1
380,1,654,269,48,109,1,1,1
380,2,633,284,48,105,1,1,1
381,1,655,269,48,109,1,1,1
381,2,636,284,46,105,1,1,1
382,1,660,269,45,109,1,1,1
382,2,640,284,44,105,1,1,1
383,1,665,269,41,110,1,1,1
383,2,641,284,44,105,1,1,1
384,1,667,269,41,110,1,1,1
384,2,644,283,44,106,1,1,1
385,1,670,269,41,110,1,1,1
385,2,645,283,42,106,1,1,1
386,1,671,269,43,111,1,1,1
386,2,646,283,47,106,1,1,1
387,1,673,269,43,111,1,1,1
387,2,647,283,53,106,1,1,1
388,1,675,269,48,112,1,1,1
388,2,648,283,56,106,1,1,1
389,1,675,270,53,111,1,1,1
389,2,649,283,58,106,1,1,1
390,1,677,271,53,110,1,1,1
390,2,651,283,58,106,1,1,1
391,1,676,271,55,109,1,1,1
391,2,652,284,61,105,1,1,1
392,1,678,271,55,108,1,1,1
392,2,651,284,64,105,1,1,1
393,1,680,272,51,108,1,1,1
393,2,653,284,64,105,1,1,1
394,1,682,272,51,108,1,1,1
394,2,653,284,63,105,1,1,1
395,1,683,272,51,108,1,1,1
395,2,658,284,59,105,1,1,1
396,1,689,271,46,109,1,1,1
396,2,659,284,59,105,1,1,1
397,1,693,271,43,109,1,1,1
397,2,663,282,53,106,1,1,1
398,1,696,271,41,109,1,1,1
398,2,667,282,50,106,1,1,1
399,1,697,271,41,109,1,1,1
399,2,674,282,44,106,1,1,1
400,1,699,271,41,109,1,1,1
400,2,676,282,42,106,1,1,1
401,1,702,271,41,109,1,1,1
401,2,678,282,42,108,1,1,1
402,1,703,271,44,109,1,1,1
402,2,679,282,42,108,1,1,1
403,1,703,271,51,110,1,1,1
403,2,680,282,42,107,1,1,1
404,1,703,271,58,110,1,1,1
404,2,682,282,47,107,1,1,1
405,1,705,272,58,109,1,1,1
405,2,685,283,50,106,1,1,1
406,1,706,272,57,109,1,1,1
406,2,686,283,54,105,1,1,1
407,1,707,272,60,109,1,1,1
407,2,687,283,55,105,1,1,1
408,1,709,272,60,108,1,1,1
408,2,686,285,58,103,1,1,1
409,1,708,272,61,107,1,1,1
409,2,687,285,57,103,1,1,1
410,1,710,272,58,107,1,1,1
410,2,687,285,57,104,1,1,1
411,1,714,272,55,107,1,1,1
411,2,689,285,55,104,1,1,1
412,1,718,272,52,107,1,1,1
412,2,691,284,55,104,1,1,1
413,1,722,272,50,108,1,1,1
413,2,694,285,54,104,1,1,1
414,1,725,272,48,108,1,1,1
414,2,696,285,49,104,1,1,1
415,1,730,272,44,110,1,1,1
415,2,699,285,45,104,1,1,1
416,1,731,272,44,110,1,1,1
416,2,704,284,41,105,1,1,1
417,1,733,272,44,109,1,1,1
417,2,705,284,41,105,1,1,1
418,1,735,270,44,111,1,1,1
418,2,708,284,39,105,1,1,1
419,1,736,271,44,110,1,1,1
419,2,709,284,39,105,1,1,1
420,1,738,271,44,110,1,1,1
420,2,711,284,40,105,1,1,1
421,1,737,272,49,109,1,1,1
421,2,712,284,45,105,1,1,1
422,1,738,273,49,108,1,1,1
422,2,713,284,47,105,1,1,1
423,1,740,273,48,109,1,1,1
423,2,714,284,50,105,1,1,1
424,1,741,274,48,108,1,1,1
424,2,715,285,54,105,1,1,1
425,1,744,274,48,108,1,1,1
425,2,716,285,52,105,1,1,1
426,1,746,275,46,107,1,1,1
426,2,716,285,54,105,1,1,1
427,1,747,275,46,106,1,1,1
427,2,716,285,52,105,1,1,1
428,1,751,275,44,108,1,1,1
428,2,717,285,51,105,1,1,1
429,1,754,275,42,107,1,1,1
429,2,718,285,51,105,1,1,1
430,1,755,275,42,107,1,1,1
430,2,719,284,51,106,1,1,1
431,1,756,275,42,107,1,1,1
431,2,726,284,46,106,1,1,1
432,1,758,274,41,108,1,1,1
432,2,730,284,43,106,1,1,1
433,1,759,274,45,108,1,1,1
433,2,731,284,41,104,1,1,1
434,1,762,274,47,108,1,1,1
434,2,734,284,39,104,1,1,1
435,1,763,275,51,108,1,1,1
435,2,735,284,39,104,1,1,1
436,1,762,275,55,108,1,1,1
436,2,736,284,39,104,1,1,1
437,1,763,276,55,107,1,1,1
437,2,737,284,39,103,1,1,1
438,1,763,276,56,107,1,1,1
438,2,739,284,41,103,1,1,1
439,1,765,276,54,106,1,1,1
439,2,742,284,43,103,1,1,1
440,1,766,277,54,107,1,1,1
440,2,742,284,45,104,1,1,1
441,1,768,277,54,107,1,1,1
441,2,743,284,45,104,1,1,1
442,1,771,277,48,106,1,1,1
442,2,744,284,46,105,1,1,1
443,1,775,277,45,106,1,1,1
443,2,744,287,45,102,1,1,1
444,1,776,277,45,106,1,1,1
444,2,745,287,45,102,1,1,1
445,1,778,275,46,108,1,1,1
445,2,745,287,45,102,1,1,1
446,1,779,275,48,110,1,1,1
446,2,746,287,45,102,1,1,1
447,1,780,275,48,110,1,1,1
447,2,747,287,41,103,1,1,1
448,1,781,275,48,112,1,1,1
448,2,747,287,41,103,1,1,1
449,1,782,276,48,112,1,1,1
449,2,750,287,39,103,1,1,1
450,1,783,276,48,112,1,1,1
450,2,751,287,38,103,1,1,1
451,1,784,277,48,111,1,1,1
451,2,752,287,38,103,1,1,1
452,1,785,276,49,114,1,1,1
452,2,753,287,39,103,1,1,1
453,1,787,277,48,113,1,1,1
453,2,754,287,38,104,1,1,1
454,1,787,277,49,114,1,1,1
454,2,754,287,42,103,1,1,1
455,1,789,277,49,113,1,1,1
455,2,754,287,44,103,1,1,1
456,1,790,278,49,113,1,1,1
456,2,754,288,48,103,1,1,1
457,1,791,279,47,110,1,1,1
457,2,755,288,48,103,1,1,1
458,1,792,279,47,110,1,1,1
458,2,757,288,48,103,1,1,1
459,1,792,279,47,110,1,1,1
459,2,758,289,48,103,1,1,1
460,1,793,279,47,110,1,1,1
460,2,758,288,48,103,1,1,1
461,1,794,279,47,109,1,1,1
461,2,759,289,48,103,1,1,1
462,1,795,279,47,110,1,1,1
462,2,759,289,46,104,1,1,1
463,1,795,279,47,110,1,1,1
463,2,760,289,46,104,1,1,1
464,1,795,280,47,112,1,1,1
464,2,760,289,46,104,1,1,1
465,1,796,280,47,112,1,1,1
465,2,761,289,46,104,1,1,1
466,1,796,281,47,111,1,1,1
466,2,763,289,44,104,1,1,1
467,1,797,282,47,111,1,1,1
467,2,763,289,44,104,1,1,1
468,1,799,282,45,111,1,1,1
468,2,764,289,44,104,1,1,1
469,1,800,283,45,111,1,1,1
469,2,764,289,44,104,1,1,1
470,1,801,283,45,111,1,1,1
470,2,764,289,44,104,1,1,1
471,1,801,283,45,111,1,1,1
471,2,764,290,44,104,1,1,1
472,1,802,284,45,111,1,1,1
472,2,764,290,44,107,1,1,1
473,1,802,284,45,110,1,1,1
473,2,764,290,44,107,1,1,1
474,1,803,284,45,111,1,1,1
474,2,766,292,44,107,1,1,1
475,1,803,284,45,110,1,1,1
475,2,766,292,44,107,1,1,1
476,1,803,284,45,110,1,1,1
476,2,766,293,44,107,1,1,1
477,1,803,284,45,110,1,1,1
477,2,766,294,44,106,1,1,1
478,1,803,282,47,114,1,1,1
478,2,766,294,46,106,1,1,1
479,1,803,283,47,114,1,1,1
479,2,766,295,46,106,1,1,1
480,1,803,283,47,115,1,1,1
480,2,766,295,46,106,1,1,1
481,1,803,284,47,116,1,1,1
481,2,766,295,46,106,1,1,1
482,1,803,285,47,116,1,1,1
482,2,765,295,46,106,1,1,1
483,1,803,286,47,115,1,1,1
483,2,765,295,46,106,1,1,1
484,1,803,286,46,115,1,1,1
484,2,763,295,47,106,1,1,1
485,1,803,287,46,115,1,1,1
485,2,763,295,47,106,1,1,1
486,1,803,287,46,115,1,1,1
486,2,763,294,47,108,1,1,1
487,1,803,287,46,115,1,1,1
487,2,763,294,47,108,1,1,1
488,1,803,287,46,115,1,1,1
488,2,763,294,47,108,1,1,1
489,1,802,287,48,115,1,1,1
489,2,763,295,47,107,1,1,1
490,1,802,287,48,115,1,1,1
490,2,761,296,47,109,1,1,1
491,1,802,287,48,115,1,1,1
491,2,761,296,47,108,1,1,1
492,1,802,287,48,115,1,1,1
492,2,761,297,47,110,1,1,1
493,1,802,287,48,115,1,1,1
493,2,761,297,47,110,1,1,1
494,1,802,288,48,115,1,1,1
494,2,761,298,47,110,1,1,1
495,1,802,288,48,117,1,1,1
495,2,761,299,47,110,1,1,1
496,1,800,289,50,118,1,1,1
496,2,761,299,47,110,1,1,1
497,1,800,290,50,117,1,1,1
497,2,761,299,47,110,1,1,1
498,1,800,290,50,117,1,1,1
498,2,761,299,45,110,1,1,1
499,1,800,291,49,117,1,1,1
499,2,761,299,45,110,1,1,1
500,1,801,292,49,118,1,1,1
500,2,761,299,45,110,1,1,1
501,1,801,292,49,118,1,1,1
501,2,760,299,48,110,1,1,1
502,1,801,293,49,117,1,1,1
502,2,760,299,48,110,1,1,1
503,1,801,293,49,117,1,1,1
503,2,759,299,48,110,1,1,1
504,1,801,293,49,117,1,1,1
504,2,759,299,47,110,1,1,1
505,1,801,293,49,117,1,1,1
505,2,759,299,47,112,1,1,1
506,1,801,293,49,117,1,1,1
506,2,759,299,47,112,1,1,1
507,1,801,293,49,117,1,1,1
507,2,757,302,49,111,1,1,1
508,1,801,293,49,117,1,1,1
508,2,757,302,49,111,1,1,1
509,1,800,293,49,117,1,1,1
509,2,756,303,49,112,1,1,1
510,1,799,293,51,122,1,1,1
510,2,756,304,49,112,1,1,1
511,1,800,294,49,120,1,1,1
511,2,755,304,49,112,1,1,1
512,1,800,295,46,118,1,1,1
512,2,754,304,49,112,1,1,1
513,1,800,296,46,118,1,1,1
513,2,753,305,49,111,1,1,1
514,1,800,296,46,118,1,1,1
514,2,753,305,49,111,1,1,1
515,1,799,297,46,118,1,1,1
515,2,752,305,49,112,1,1,1
516,1,800,297,45,119,1,1,1
516,2,751,305,49,112,1,1,1
517,1,798,298,48,118,1,1,1
517,2,750,305,49,113,1,1,1
518,1,798,298,48,118,1,1,1
518,2,750,306,48,110,1,1,1
519,1,797,298,48,118,1,1,1
519,2,748,305,49,113,1,1,1
520,1,797,298,48,118,1,1,1
520,2,749,306,48,110,1,1,1
521,1,797,298,48,118,1,1,1
521,2,746,305,49,113,1,1,1
522,1,797,298,48,119,1,1,1
522,2,746,307,49,113,1,1,1
523,1,796,298,48,118,1,1,1
523,2,746,307,49,113,1,1,1
524,1,795,298,49,120,1,1,1
524,2,746,308,46,114,1,1,1
525,1,795,299,49,120,1,1,1
525,2,746,309,46,114,1,1,1
526,1,795,299,49,122,1,1,1
526,2,745,310,46,113,1,1,1
527,1,795,300,49,122,1,1,1
527,2,745,310,46,113,1,1,1
528,1,794,300,50,123,1,1,1
528,2,745,311,46,115,1,1,1
529,1,794,301,49,123,1,1,1
529,2,745,311,46,115,1,1,1
530,1,794,301,49,123,1,1,1
530,2,745,311,46,115,1,1,1
531,1,794,302,49,122,1,1,1
531,2,745,311,46,115,1,1,1
532,1,794,301,48,122,1,1,1
532,2,745,311,46,115,1,1,1
533,1,794,301,47,122,1,1,1
533,2,745,311,46,115,1,1,1
534,1,794,302,48,122,1,1,1
534,2,745,311,46,115,1,1,1
535,1,792,302,49,122,1,1,1
535,2,744,311,48,115,1,1,1
536,1,793,302,48,122,1,1,1
536,2,744,311,48,115,1,1,1
537,1,793,302,49,122,1,1,1
537,2,744,312,48,115,1,1,1
538,1,793,302,49,122,1,1,1
538,2,744,312,48,116,1,1,1
539,1,792,302,49,122,1,1,1
539,2,744,312,48,117,1,1,1
540,1,792,302,49,125,1,1,1
540,2,744,313,48,117,1,1,1
541,1,792,302,49,125,1,1,1
541,2,744,314,48,116,1,1,1
542,1,791,303,49,126,1,1,1
542,2,743,316,48,116,1,1,1
543,1,791,304,49,126,1,1,1
543,2,743,317,48,116,1,1,1
544,1,790,304,49,126,1,1,1
544,2,742,317,48,115,1,1,1
545,1,790,306,48,126,1,1,1
545,2,741,318,50,117,1,1,1
546,1,789,307,48,125,1,1,1
546,2,740,318,50,117,1,1,1
547,1,788,307,49,125,1,1,1
547,2,740,318,50,117,1,1,1
548,1,787,307,49,125,1,1,1
548,2,738,318,52,117,1,1,1
549,1,787,307,49,125,1,1,1
549,2,738,318,52,117,1,1,1
550,1,787,307,49,125,1,1,1
550,2,737,318,52,117,1,1,1
551,1,786,307,49,126,1,1,1
551,2,734,318,52,117,1,1,1
552,1,786,307,49,126,1,1,1
552,2,734,319,52,117,1,1,1
553,1,785,307,49,126,1,1,1
553,2,733,319,52,117,1,1,1
554,1,785,307,49,126,1,1,1
554,2,733,319,52,116,1,1,1
555,1,783,308,51,127,1,1,1
555,2,733,320,52,119,1,1,1
556,1,783,308,51,129,1,1,1
556,2,733,321,52,119,1,1,1
557,1,783,309,51,129,1,1,1
557,2,733,321,47,121,1,1,1
558,1,782,309,50,131,1,1,1
558,2,733,322,47,120,1,1,1
559,1,782,309,50,131,1,1,1
559,2,733,322,47,120,1,1,1
560,1,782,311,50,130,1,1,1
560,2,732,324,47,120,1,1,1
561,1,782,310,50,131,1,1,1
561,2,732,324,47,120,1,1,1
562,1,782,311,50,130,1,1,1
562,2,732,324,47,120,1,1,1
563,1,782,313,49,129,1,1,1
563,2,733,324,46,122,1,1,1
564,1,782,312,49,130,1,1,1
564,2,733,324,49,122,1,1,1
565,1,782,312,50,130,1,1,1
565,2,733,324,49,122,1,1,1
566,1,782,312,49,129,1,1,1
566,2,733,324,49,121,1,1,1
567,1,782,314,50,128,1,1,1
567,2,733,324,49,121,1,1,1
568,1,782,314,49,128,1,1,1
568,2,732,324,51,121,1,1,1
569,1,781,313,50,129,1,1,1
569,2,732,324,51,121,1,1,1
570,1,781,315,50,130,1,1,1
570,2,731,325,53,122,1,1,1
571,1,780,315,50,130,1,1,1
571,2,731,325,53,125,1,1,1
572,1,780,317,49,130,1,1,1
572,2,731,326,53,124,1,1,1
573,1,780,316,49,132,1,1,1
573,2,730,329,53,122,1,1,1
574,1,780,317,49,132,1,1,1
574,2,730,330,53,122,1,1,1
575,1,780,317,49,132,1,1,1
575,2,729,330,53,124,1,1,1
576,1,779,318,49,132,1,1,1
576,2,729,330,53,124,1,1,1
577,1,777,319,52,133,1,1,1
577,2,728,331,53,124,1,1,1
578,1,777,319,52,133,1,1,1
578,2,727,332,53,123,1,1,1
579,1,776,319,52,133,1,1,1
579,2,725,332,55,124,1,1,1
580,1,776,320,52,133,1,1,1
580,2,724,332,55,124,1,1,1
581,1,775,320,52,133,1,1,1
581,2,724,332,55,124,1,1,1
582,1,775,320,52,133,1,1,1
582,2,724,332,55,124,1,1,1
583,1,775,320,52,133,1,1,1
583,2,723,332,55,124,1,1,1
584,1,774,320,52,133,1,1,1
584,2,721,332,57,124,1,1,1
585,1,774,320,52,132,1,1,1
585,2,721,332,57,124,1,1,1
586,1,774,320,52,133,1,1,1
586,2,719,332,53,124,1,1,1
587,1,773,321,53,134,1,1,1
587,2,719,333,53,124,1,1,1
588,1,773,321,53,134,1,1,1
588,2,719,333,53,126,1,1,1
589,1,773,321,53,137,1,1,1
589,2,719,336,53,126,1,1,1
590,1,773,324,53,135,1,1,1
590,2,719,337,53,126,1,1,1
591,1,773,324,53,136,1,1,1
591,2,719,337,53,125,1,1,1
592,1,773,327,53,135,1,1,1
592,2,719,338,53,125,1,1,1
593,1,773,327,53,135,1,1,1
593,2,719,339,53,125,1,1,1
594,1,773,327,53,134,1,1,1
594,2,719,339,53,126,1,1,1
595,1,774,328,53,134,1,1,1
595,2,719,340,53,126,1,1,1
596,1,774,328,53,134,1,1,1
596,2,719,340,53,126,1,1,1
597,1,774,329,52,133,1,1,1
597,2,719,340,53,126,1,1,1
598,1,774,329,52,134,1,1,1
598,2,720,340,53,126,1,1,1
599,1,774,328,53,134,1,1,1
599,2,720,340,53,126,1,1,1
600,1,774,328,53,135,1,1,1
600,2,721,340,54,126,1,1,1
601,1,775,329,52,135,1,1,1
601,2,721,340,54,126,1,1,1
602,1,775,329,53,135,1,1,1
602,2,721,340,56,128,1,1,1
603,1,775,330,53,137,1,1,1
603,2,721,341,56,128,1,1,1
604,1,777,330,52,139,1,1,1
604,2,723,341,56,131,1,1,1
605,1,775,331,54,139,1,1,1
605,2,723,341,56,134,1,1,1
606,1,775,331,54,138,1,1,1
606,2,723,342,56,134,1,1,1
607,1,775,332,55,139,1,1,1
607,2,724,346,56,130,1,1,1
608,1,775,333,55,139,1,1,1
608,2,724,347,56,130,1,1,1
609,1,775,333,56,139,1,1,1
609,2,724,347,56,131,1,1,1
610,1,775,333,56,139,1,1,1
610,2,724,347,56,131,1,1,1
611,1,775,333,56,139,1,1,1
611,2,724,348,56,131,1,1,1
612,1,775,333,56,138,1,1,1
612,2,724,348,56,131,1,1,1
613,1,775,334,56,139,1,1,1
613,2,724,350,56,131,1,1,1
614,1,776,333,56,139,1,1,1
614,2,724,350,56,131,1,1,1
615,1,776,334,56,139,1,1,1
615,2,724,350,56,130,1,1,1
616,1,778,334,56,139,1,1,1
616,2,724,350,56,130,1,1,1
617,1,779,334,56,139,1,1,1
617,2,725,350,56,130,1,1,1
618,1,779,335,56,139,1,1,1
618,2,725,350,56,130,1,1,1
619,1,780,335,56,139,1,1,1
619,2,726,350,56,131,1,1,1
620,1,780,336,57,140,1,1,1
620,2,727,350,56,131,1,1,1
621,1,781,336,61,141,1,1,1
621,2,730,351,53,131,1,1,1
622,1,785,337,62,141,1,1,1
622,2,731,352,56,131,1,1,1
623,1,786,338,62,141,1,1,1
623,2,732,352,58,133,1,1,1
624,1,788,339,61,140,1,1,1
624,2,733,352,58,133,1,1,1
625,1,788,339,62,140,1,1,1
625,2,734,352,59,134,1,1,1
626,1,791,340,62,140,1,1,1
626,2,736,356,58,131,1,1,1
627,1,793,341,61,140,1,1,1
627,2,737,357,58,131,1,1,1
628,1,794,341,61,141,1,1,1
628,2,738,356,55,132,1,1,1
629,1,796,341,61,140,1,1,1
629,2,739,356,55,132,1,1,1
630,1,797,341,61,140,1,1,1
630,2,741,356,52,133,1,1,1
631,1,802,341,57,141,1,1,1
631,2,742,356,52,133,1,1,1
632,1,803,341,57,141,1,1,1
632,2,745,356,53,133,1,1,1
633,1,804,341,57,141,1,1,1
633,2,747,356,53,134,1,1,1
634,1,809,341,56,143,1,1,1
634,2,751,356,54,134,1,1,1
635,1,810,342,56,142,1,1,1
635,2,754,358,55,136,1,1,1
636,1,812,342,55,142,1,1,1
636,2,755,358,55,136,1,1,1
637,1,814,342,56,144,1,1,1
637,2,758,359,57,136,1,1,1
638,1,818,343,55,143,1,1,1
638,2,759,360,59,135,1,1,1
639,1,819,344,55,142,1,1,1
639,2,760,361,59,134,1,1,1
640,1,820,345,55,141,1,1,1
640,2,762,361,59,135,1,1,1
641,1,823,345,55,141,1,1,1
641,2,765,363,58,132,1,1,1
642,1,823,347,54,141,1,1,1
642,2,764,365,62,131,1,1,1
643,1,825,347,52,140,1,1,1
643,2,764,366,64,134,1,1,1
644,1,826,347,52,140,1,1,1
644,2,765,367,62,133,1,1,1
645,1,829,347,52,141,1,1,1
645,2,770,367,58,133,1,1,1
646,1,829,348,52,140,1,1,1
646,2,771,367,58,133,1,1,1
647,1,830,348,52,140,1,1,1
647,2,779,366,51,134,1,1,1
648,1,831,347,52,140,1,1,1
648,2,780,366,51,134,1,1,1
649,1,839,347,48,141,1,1,1
649,2,786,365,48,135,1,1,1
650,1,840,347,48,141,1,1,1
650,2,787,365,48,135,1,1,1
651,1,842,347,51,141,1,1,1
651,2,793,365,47,135,1,1,1
652,1,846,347,51,141,1,1,1
652,2,794,365,51,135,1,1,1
653,1,847,348,57,141,1,1,1
653,2,795,365,55,135,1,1,1
654,1,848,348,64,141,1,1,1
654,2,796,365,62,135,1,1,1
655,1,849,348,65,141,1,1,1
655,2,797,365,71,135,1,1,1
656,1,850,348,70,141,1,1,1
656,2,798,365,76,136,1,1,1
657,1,851,349,71,141,1,1,1
657,2,800,368,79,134,1,1,1
658,1,851,349,69,140,1,1,1
658,2,802,368,77,134,1,1,1
659,1,853,349,69,140,1,1,1
659,2,802,368,78,133,1,1,1
660,1,855,349,67,140,1,1,1
660,2,803,368,77,134,1,1,1
661,1,858,349,64,139,1,1,1
661,2,804,368,76,134,1,1,1
662,1,862,349,62,140,1,1,1
662,2,810,368,72,135,1,1,1
663,1,864,349,62,140,1,1,1
663,2,815,368,65,134,1,1,1
664,1,866,349,62,140,1,1,1
664,2,823,368,59,135,1,1,1
665,1,870,349,62,140,1,1,1
665,2,830,367,52,136,1,1,1
666,1,879,349,54,143,1,1,1
666,2,836,367,47,137,1,1,1
667,1,881,349,54,143,1,1,1
667,2,842,367,43,139,1,1,1
668,1,885,349,54,144,1,1,1
668,2,844,367,43,139,1,1,1
669,1,888,349,54,144,1,1,1
669,2,846,367,48,140,1,1,1
670,1,890,349,55,145,1,1,1
670,2,848,367,55,140,1,1,1
671,1,893,349,58,144,1,1,1
671,2,848,370,65,137,1,1,1
672,1,891,350,63,143,1,1,1
672,2,844,370,72,137,1,1,1
673,1,871,351,66,142,1,1,1
673,2,821,370,78,138,1,1,1
674,1,833,352,70,141,1,1,1
674,2,787,372,78,137,1,1,1
675,1,792,351,68,145,1,1,1
675,2,743,373,79,139,1,1,1
676,1,747,355,69,139,1,1,1
676,2,697,374,83,140,1,1,1
677,1,712,354,66,143,1,1,1
677,2,658,378,83,140,1,1,1
678,1,691,358,63,140,1,1,1
678,2,641,378,75,141,1,1,1
679,1,685,358,60,140,1,1,1
679,2,637,378,71,141,1,1,1
680,1,689,358,55,140,1,1,1
680,2,640,378,68,142,1,1,1
681,1,694,358,51,140,1,1,1
681,2,646,374,57,146,1,1,1
682,1,696,358,51,140,1,1,1
682,2,651,374,54,147,1,1,1
683,1,700,357,51,140,1,1,1
683,2,653,374,54,147,1,1,1
684,1,704,357,51,141,1,1,1
684,2,659,374,52,146,1,1,1
685,1,707,357,51,141,1,1,1
685,2,661,374,52,147,1,1,1
686,1,709,357,57,141,1,1,1
686,2,663,377,62,143,1,1,1
687,1,710,358,65,140,1,1,1
687,2,665,378,70,143,1,1,1
688,1,710,358,69,141,1,1,1
688,2,667,378,74,144,1,1,1
689,1,712,358,69,141,1,1,1
689,2,669,378,78,144,1,1,1
690,1,712,358,71,137,1,1,1
690,2,668,378,81,142,1,1,1
691,1,714,358,70,139,1,1,1
691,2,670,377,81,143,1,1,1
692,1,718,358,66,142,1,1,1
692,2,670,377,84,144,1,1,1
693,1,721,357,63,142,1,1,1
693,2,672,376,81,145,1,1,1
694,1,723,357,62,140,1,1,1
694,2,678,380,74,142,1,1,1
695,1,727,356,58,141,1,1,1
695,2,683,377,71,142,1,1,1
696,1,733,356,53,140,1,1,1
696,2,689,377,65,141,1,1,1
697,1,738,355,48,141,1,1,1
697,2,696,376,58,140,1,1,1
698,1,740,355,48,142,1,1,1
698,2,702,376,53,141,1,1,1
699,1,743,355,48,142,1,1,1
699,2,706,376,51,142,1,1,1
700,1,746,355,48,142,1,1,1
700,2,710,376,49,142,1,1,1
701,1,748,355,52,142,1,1,1
701,2,711,376,54,142,1,1,1
702,1,755,356,55,141,1,1,1
702,2,715,377,57,141,1,1,1
703,1,754,357,62,141,1,1,1
703,2,717,377,64,141,1,1,1
704,1,756,358,66,138,1,1,1
704,2,719,377,71,141,1,1,1
705,1,758,359,67,137,1,1,1
705,2,718,381,78,136,1,1,1
706,1,756,358,70,137,1,1,1
706,2,718,381,81,136,1,1,1
707,1,758,359,67,135,1,1,1
707,2,718,381,83,136,1,1,1
708,1,757,360,66,134,1,1,1
708,2,718,383,81,134,1,1,1
709,1,756,358,62,140,1,1,1
709,2,715,383,82,134,1,1,1
710,1,746,359,62,140,1,1,1
710,2,705,385,79,135,1,1,1
711,1,731,362,55,137,1,1,1
711,2,687,384,76,136,1,1,1
712,1,703,362,50,138,1,1,1
712,2,658,386,71,136,1,1,1
713,1,670,362,45,141,1,1,1
713,2,623,388,68,136,1,1,1
714,1,633,365,40,141,1,1,1
714,2,584,390,64,138,1,1,1
715,1,596,364,44,145,1,1,1
715,2,551,392,57,142,1,1,1
716,1,572,365,46,146,1,1,1
716,2,531,393,54,142,1,1,1
717,1,564,366,52,146,1,1,1
717,2,523,393,54,143,1,1,1
718,1,564,367,60,145,1,1,1
718,2,524,393,55,143,1,1,1
719,1,562,366,69,146,1,1,1
719,2,525,393,63,142,1,1,1
720,1,564,367,72,145,1,1,1
720,2,528,393,69,144,1,1,1
721,1,563,368,75,144,1,1,1
721,2,530,393,76,144,1,1,1
722,1,565,367,74,145,1,1,1
722,2,532,393,79,144,1,1,1
723,1,565,365,75,146,1,1,1
723,2,534,393,79,145,1,1,1
724,1,567,366,74,144,1,1,1
724,2,534,393,82,145,1,1,1
725,1,570,364,72,147,1,1,1
725,2,535,393,83,144,1,1,1
726,1,572,364,72,146,1,1,1
726,2,536,393,82,144,1,1,1
727,1,573,365,71,146,1,1,1
727,2,540,393,78,143,1,1,1
728,1,577,363,73,148,1,1,1
728,2,544,393,76,144,1,1,1
729,1,581,363,71,145,1,1,1
729,2,548,392,71,142,1,1,1
730,1,596,363,47,147,1,1,1
730,2,555,392,64,140,1,1,1
731,1,599,363,47,147,1,1,1
731,2,560,392,58,139,1,1,1
732,1,601,363,48,149,1,1,1
732,2,563,392,55,139,1,1,1
733,1,604,364,52,145,1,1,1
733,2,566,392,53,140,1,1,1
734,1,606,365,62,144,1,1,1
734,2,568,392,55,139,1,1,1
735,1,608,366,66,144,1,1,1
735,2,570,392,60,140,1,1,1
736,1,610,367,71,142,1,1,1
736,2,571,392,68,140,1,1,1
737,1,609,368,73,141,1,1,1
737,2,576,392,71,140,1,1,1
738,1,608,369,75,140,1,1,1
738,2,578,392,77,139,1,1,1
739,1,609,369,75,141,1,1,1
739,2,580,392,79,139,1,1,1
740,1,610,366,75,144,1,1,1
740,2,582,392,79,139,1,1,1
741,1,612,367,74,143,1,1,1
741,2,582,392,79,139,1,1,1
742,1,616,368,68,142,1,1,1
742,2,582,392,81,140,1,1,1
743,1,623,367,63,142,1,1,1
743,2,583,392,82,140,1,1,1
744,1,625,368,58,140,1,1,1
744,2,585,392,78,139,1,1,1
745,1,634,366,51,142,1,1,1
745,2,588,392,77,139,1,1,1
746,1,638,366,49,143,1,1,1
746,2,593,391,70,138,1,1,1
747,1,639,366,49,143,1,1,1
747,2,597,391,65,138,1,1,1
748,1,643,366,48,141,1,1,1
748,2,603,390,60,139,1,1,1
749,1,645,366,49,143,1,1,1
749,2,608,390,56,139,1,1,1
750,1,647,367,57,143,1,1,1
750,2,613,390,52,139,1,1,1
751,1,648,367,63,142,1,1,1
751,2,614,389,52,139,1,1,1
752,1,649,368,68,141,1,1,1
752,2,617,390,52,140,1,1,1
753,1,649,368,70,141,1,1,1
753,2,619,389,58,140,1,1,1
754,1,651,368,70,140,1,1,1
754,2,621,389,64,141,1,1,1
755,1,650,368,72,139,1,1,1
755,2,622,389,68,142,1,1,1
756,1,652,365,71,143,1,1,1
756,2,624,389,71,141,1,1,1
757,1,654,366,70,142,1,1,1
757,2,624,389,74,140,1,1,1
758,1,656,365,65,142,1,1,1
758,2,624,388,76,141,1,1,1
759,1,659,364,63,141,1,1,1
759,2,625,388,77,142,1,1,1
760,1,662,363,60,143,1,1,1
760,2,626,388,77,142,1,1,1
761,1,668,364,55,142,1,1,1
761,2,626,388,76,142,1,1,1
762,1,674,364,49,141,1,1,1
762,2,631,387,72,142,1,1,1
763,1,680,363,47,144,1,1,1
763,2,634,386,69,141,1,1,1
764,1,681,363,47,144,1,1,1
764,2,640,385,62,140,1,1,1
765,1,684,363,47,144,1,1,1
765,2,646,384,56,141,1,1,1
766,1,687,363,51,145,1,1,1
766,2,650,383,53,139,1,1,1
767,1,686,364,61,144,1,1,1
767,2,652,383,53,142,1,1,1
768,1,685,365,67,142,1,1,1
768,2,654,383,53,141,1,1,1
769,1,687,366,70,139,1,1,1
769,2,657,383,54,141,1,1,1
770,1,689,367,68,138,1,1,1
770,2,658,383,58,140,1,1,1
771,1,688,367,70,138,1,1,1
771,2,660,383,66,140,1,1,1
772,1,690,368,67,137,1,1,1
772,2,662,383,71,138,1,1,1
773,1,693,368,65,136,1,1,1
773,2,663,384,78,138,1,1,1
774,1,696,368,60,137,1,1,1
774,2,665,384,77,138,1,1,1
775,1,698,368,61,138,1,1,1
775,2,667,384,77,138,1,1,1
776,1,704,368,54,137,1,1,1
776,2,666,384,80,139,1,1,1
777,1,706,368,54,137,1,1,1
777,2,665,384,83,139,1,1,1
778,1,709,368,54,136,1,1,1
778,2,666,384,83,140,1,1,1
779,1,712,367,54,138,1,1,1
779,2,668,386,79,137,1,1,1
780,1,714,367,54,137,1,1,1
780,2,672,386,76,137,1,1,1
781,1,717,367,53,138,1,1,1
781,2,677,385,72,139,1,1,1
782,1,722,367,54,138,1,1,1
782,2,684,385,63,136,1,1,1
783,1,724,366,60,139,1,1,1
783,2,688,385,60,137,1,1,1
784,1,723,368,68,137,1,1,1
784,2,694,385,55,137,1,1,1
785,1,725,368,68,136,1,1,1
785,2,698,383,52,137,1,1,1
786,1,725,366,69,139,1,1,1
786,2,700,383,52,137,1,1,1
787,1,725,366,70,138,1,1,1
787,2,701,382,52,138,1,1,1
788,1,727,367,70,138,1,1,1
788,2,702,382,53,140,1,1,1
789,1,728,367,68,137,1,1,1
789,2,705,382,58,139,1,1,1
790,1,735,367,63,137,1,1,1
790,2,706,382,64,140,1,1,1
791,1,740,366,56,137,1,1,1
791,2,707,382,69,139,1,1,1
792,1,742,366,54,137,1,1,1
792,2,709,382,72,140,1,1,1
793,1,747,364,51,139,1,1,1
793,2,711,382,72,140,1,1,1
794,1,753,363,47,139,1,1,1
794,2,712,381,72,141,1,1,1
795,1,755,363,47,139,1,1,1
795,2,712,385,72,136,1,1,1
796,1,758,363,47,139,1,1,1
796,2,714,385,72,136,1,1,1
797,1,760,363,47,139,1,1,1
797,2,715,384,71,135,1,1,1
798,1,762,363,52,140,1,1,1
798,2,718,384,67,136,1,1,1
799,1,764,364,58,139,1,1,1
799,2,722,384,64,135,1,1,1
800,1,766,364,62,138,1,1,1
800,2,727,383,60,133,1,1,1
801,1,766,365,65,137,1,1,1
801,2,733,383,51,130,1,1,1
802,1,768,366,65,136,1,1,1
802,2,737,383,48,130,1,1,1
803,1,766,367,66,134,1,1,1
803,2,738,382,48,134,1,1,1
804,1,768,367,66,133,1,1,1
804,2,739,382,48,135,1,1,1
805,1,770,368,63,133,1,1,1
805,2,741,381,49,135,1,1,1
806,1,778,368,56,133,1,1,1
806,2,745,382,49,131,1,1,1
807,1,779,368,56,132,1,1,1
807,2,746,382,55,131,1,1,1
808,1,784,368,50,133,1,1,1
808,2,747,382,58,131,1,1,1
809,1,791,368,44,133,1,1,1
809,2,750,383,66,130,1,1,1
810,1,794,368,45,133,1,1,1
810,2,751,383,66,130,1,1,1
811,1,796,367,47,135,1,1,1
811,2,753,383,66,130,1,1,1
812,1,798,367,47,135,1,1,1
812,2,752,384,67,130,1,1,1
813,1,799,367,53,135,1,1,1
813,2,754,384,67,130,1,1,1
814,1,800,367,61,135,1,1,1
814,2,756,385,66,129,1,1,1
815,1,801,368,69,133,1,1,1
815,2,757,384,67,129,1,1,1
816,1,799,369,76,132,1,1,1
816,2,760,384,64,129,1,1,1
817,1,801,369,76,131,1,1,1
817,2,763,384,59,129,1,1,1
818,1,802,370,75,131,1,1,1
818,2,769,384,54,130,1,1,1
819,1,806,371,73,133,1,1,1
819,2,771,384,53,131,1,1,1
820,1,805,370,71,133,1,1,1
820,2,775,383,50,132,1,1,1
821,1,809,368,67,135,1,1,1
821,2,776,384,50,130,1,1,1
822,1,811,368,67,135,1,1,1
822,2,777,384,50,130,1,1,1
823,1,821,368,58,134,1,1,1
823,2,778,384,50,129,1,1,1
824,1,824,368,59,136,1,1,1
824,2,783,384,50,129,1,1,1
825,1,829,368,54,135,1,1,1
825,2,784,384,55,130,1,1,1
826,1,830,368,54,135,1,1,1
826,2,785,384,60,130,1,1,1
827,1,831,368,59,138,1,1,1
827,2,786,384,64,131,1,1,1
828,1,832,368,59,140,1,1,1
828,2,788,384,64,131,1,1,1
829,1,833,368,59,140,1,1,1
829,2,789,384,64,131,1,1,1
830,1,835,369,60,141,1,1,1
830,2,790,385,64,131,1,1,1
831,1,837,370,59,141,1,1,1
831,2,791,385,64,131,1,1,1
832,1,839,371,60,141,1,1,1
832,2,793,386,62,132,1,1,1
833,1,841,372,59,141,1,1,1
833,2,794,386,62,132,1,1,1
834,1,843,373,59,139,1,1,1
834,2,795,386,62,132,1,1,1
835,1,844,373,59,141,1,1,1
835,2,800,386,56,134,1,1,1
836,1,846,373,60,142,1,1,1
836,2,801,386,56,134,1,1,1
837,1,847,373,60,139,1,1,1
837,2,802,386,54,134,1,1,1
838,1,848,374,60,138,1,1,1
838,2,803,386,54,133,1,1,1
839,1,849,374,60,138,1,1,1
839,2,804,386,54,133,1,1,1
840,1,852,374,58,139,1,1,1
840,2,807,386,53,133,1,1,1
841,1,853,374,58,139,1,1,1
841,2,808,386,54,133,1,1,1
842,1,854,374,58,139,1,1,1
842,2,808,388,57,133,1,1,1
843,1,855,374,58,140,1,1,1
843,2,809,388,57,135,1,1,1
844,1,856,375,58,139,1,1,1
844,2,810,389,58,136,1,1,1
845,1,859,376,57,141,1,1,1
845,2,812,390,58,137,1,1,1
846,1,860,377,60,141,1,1,1
846,2,811,392,60,137,1,1,1
847,1,861,378,62,141,1,1,1
847,2,812,393,60,137,1,1,1
848,1,862,379,62,141,1,1,1
848,2,812,393,61,138,1,1,1
849,1,865,379,60,142,1,1,1
849,2,813,393,61,138,1,1,1
850,1,866,380,60,142,1,1,1
850,2,813,394,62,138,1,1,1
851,1,868,381,60,143,1,1,1
851,2,816,394,61,138,1,1,1
852,1,869,381,60,143,1,1,1
852,2,816,396,61,138,1,1,1
853,1,871,382,60,142,1,1,1
853,2,816,396,61,138,1,1,1
854,1,872,382,60,142,1,1,1
854,2,817,396,61,138,1,1,1
855,1,873,383,59,142,1,1,1
855,2,817,397,61,138,1,1,1
856,1,875,381,62,145,1,1,1
856,2,818,397,59,136,1,1,1
857,1,876,381,62,145,1,1,1
857,2,818,397,59,136,1,1,1
858,1,876,381,62,145,1,1,1
858,2,819,397,59,136,1,1,1
859,1,877,381,62,145,1,1,1
859,2,820,398,59,136,1,1,1
860,1,879,383,61,148,1,1,1
860,2,820,398,59,136,1,1,1
861,1,880,383,61,148,1,1,1
861,2,824,398,55,137,1,1,1
862,1,881,385,62,150,1,1,1
862,2,825,399,58,138,1,1,1
863,1,882,386,62,150,1,1,1
863,2,826,402,60,136,1,1,1
864,1,883,387,62,150,1,1,1
864,2,827,403,62,137,1,1,1
865,1,884,389,62,150,1,1,1
865,2,828,403,62,137,1,1,1
866,1,885,390,60,149,1,1,1
866,2,828,404,62,137,1,1,1
867,1,885,391,60,149,1,1,1
867,2,830,406,59,138,1,1,1
868,1,886,391,60,148,1,1,1
868,2,831,406,59,138,1,1,1
869,1,886,392,60,148,1,1,1
869,2,832,407,59,138,1,1,1
870,1,887,392,60,149,1,1,1
870,2,833,407,56,139,1,1,1
871,1,888,391,61,151,1,1,1
871,2,834,407,56,139,1,1,1
872,1,890,391,60,149,1,1,1
872,2,835,407,56,139,1,1,1
873,1,889,391,61,149,1,1,1
873,2,837,407,58,139,1,1,1
874,1,890,391,61,149,1,1,1
874,2,837,407,58,139,1,1,1
875,1,890,392,61,148,1,1,1
875,2,840,407,58,139,1,1,1
876,1,891,394,60,148,1,1,1
876,2,841,407,58,141,1,1,1
877,1,892,395,59,150,1,1,1
877,2,840,409,60,141,1,1,1
878,1,887,396,59,150,1,1,1
878,2,834,410,63,144,1,1,1
879,1,865,397,59,149,1,1,1
879,2,811,412,63,146,1,1,1
880,1,827,401,60,148,1,1,1
880,2,773,413,64,149,1,1,1
881,1,785,403,60,151,1,1,1
881,2,729,417,67,148,1,1,1
882,1,753,404,60,152,1,1,1
882,2,696,419,67,149,1,1,1
883,1,737,406,60,152,1,1,1
883,2,679,420,68,149,1,1,1
884,1,733,407,60,151,1,1,1
884,2,674,421,69,152,1,1,1
885,1,733,407,60,151,1,1,1
885,2,673,424,68,150,1,1,1
886,1,733,408,64,152,1,1,1
886,2,673,424,68,150,1,1,1
887,1,734,408,64,152,1,1,1
887,2,673,425,68,150,1,1,1
888,1,734,408,64,152,1,1,1
888,2,673,425,68,150,1,1,1
889,1,738,408,62,152,1,1,1
889,2,673,425,68,150,1,1,1
890,1,738,408,62,152,1,1,1
890,2,673,425,68,150,1,1,1
891,1,739,408,65,154,1,1,1
891,2,673,425,68,150,1,1,1
892,1,739,409,65,157,1,1,1
892,2,675,427,67,148,1,1,1
893,1,739,410,67,158,1,1,1
893,2,675,427,67,148,1,1,1
894,1,740,410,67,158,1,1,1
894,2,676,428,65,146,1,1,1
895,1,741,412,67,158,1,1,1
895,2,676,429,65,146,1,1,1
896,1,741,413,67,158,1,1,1
896,2,677,429,67,149,1,1,1
897,1,742,414,67,158,1,1,1
897,2,681,430,66,149,1,1,1
898,1,742,414,67,158,1,1,1
898,2,681,430,71,151,1,1,1
899,1,742,415,67,158,1,1,1
899,2,682,431,71,151,1,1,1
900,1,743,415,68,159,1,1,1
900,2,682,435,71,149,1,1,1
901,1,743,416,68,159,1,1,1
901,2,683,436,70,149,1,1,1
902,1,744,416,68,158,1,1,1
902,2,684,436,66,151,1,1,1
903,1,744,416,68,158,1,1,1
903,2,686,436,65,151,1,1,1
904,1,744,417,68,158,1,1,1
904,2,687,436,65,151,1,1,1
905,1,745,419,69,156,1,1,1
905,2,689,437,63,150,1,1,1
906,1,746,419,69,156,1,1,1
906,2,690,437,63,150,1,1,1
907,1,746,419,69,156,1,1,1
907,2,690,437,63,150,1,1,1
908,1,747,420,69,155,1,1,1
908,2,691,437,66,150,1,1,1
909,1,749,422,67,158,1,1,1
909,2,693,437,65,150,1,1,1
910,1,750,423,66,160,1,1,1
910,2,694,438,65,150,1,1,1
911,1,751,423,66,160,1,1,1
911,2,695,438,67,155,1,1,1
912,1,752,424,66,159,1,1,1
912,2,696,439,69,158,1,1,1
913,1,753,428,65,157,1,1,1
913,2,697,443,69,157,1,1,1
914,1,754,428,65,157,1,1,1
914,2,698,443,69,157,1,1,1
915,1,755,428,65,158,1,1,1
915,2,698,446,71,154,1,1,1
916,1,760,429,62,159,1,1,1
916,2,699,447,71,154,1,1,1
917,1,761,430,62,159,1,1,1
917,2,699,447,73,157,1,1,1
918,1,762,430,62,159,1,1,1
918,2,699,447,73,159,1,1,1
919,1,762,430,66,159,1,1,1
919,2,699,448,73,159,1,1,1
920,1,763,430,66,159,1,1,1
920,2,700,448,73,159,1,1,1
921,1,765,430,66,159,1,1,1
921,2,701,450,71,157,1,1,1
922,1,766,431,66,159,1,1,1
922,2,701,450,71,157,1,1,1
923,1,767,431,67,161,1,1,1
923,2,702,450,71,157,1,1,1
924,1,769,432,66,164,1,1,1
924,2,705,450,64,155,1,1,1
925,1,769,433,67,163,1,1,1
925,2,705,450,64,155,1,1,1
926,1,769,434,68,165,1,1,1
926,2,706,450,64,155,1,1,1
927,1,770,435,68,164,1,1,1
927,2,706,451,64,155,1,1,1
928,1,771,436,67,164,1,1,1
928,2,708,453,63,153,1,1,1
929,1,772,439,66,163,1,1,1
929,2,708,454,67,155,1,1,1
930,1,773,440,66,162,1,1,1
930,2,709,455,70,157,1,1,1
931,1,773,440,66,162,1,1,1
931,2,710,456,72,157,1,1,1
932,1,774,441,66,162,1,1,1
932,2,713,456,70,159,1,1,1
933,1,776,441,66,162,1,1,1
933,2,714,457,70,159,1,1,1
934,1,777,441,66,162,1,1,1
934,2,715,457,70,159,1,1,1
935,1,778,441,66,162,1,1,1
935,2,717,459,70,159,1,1,1
936,1,779,441,66,162,1,1,1
936,2,718,461,65,161,1,1,1
937,1,780,441,66,161,1,1,1
937,2,719,461,65,161,1,1,1
938,1,781,441,66,162,1,1,1
938,2,723,461,64,161,1,1,1
939,1,784,442,66,162,1,1,1
939,2,724,461,64,161,1,1,1
940,1,785,443,66,165,1,1,1
940,2,725,462,64,160,1,1,1
941,1,786,444,66,166,1,1,1
941,2,727,461,65,161,1,1,1
942,1,787,445,71,165,1,1,1
942,2,728,461,65,161,1,1,1
943,1,788,446,71,165,1,1,1
943,2,729,462,68,160,1,1,1
944,1,790,447,70,164,1,1,1
944,2,730,462,70,164,1,1,1
945,1,792,449,70,166,1,1,1
945,2,731,463,72,167,1,1,1
946,1,794,449,70,166,1,1,1
946,2,733,465,72,167,1,1,1
947,1,795,450,70,165,1,1,1
947,2,735,467,72,167,1,1,1
948,1,797,451,69,165,1,1,1
948,2,736,468,72,167,1,1,1
949,1,799,451,69,164,1,1,1
949,2,738,469,72,167,1,1,1
950,1,800,451,71,165,1,1,1
950,2,740,470,73,168,1,1,1
951,1,801,450,71,166,1,1,1
951,2,741,470,73,168,1,1,1
952,1,802,451,71,165,1,1,1
952,2,744,473,72,168,1,1,1
953,1,804,450,73,169,1,1,1
953,2,745,473,72,168,1,1,1
954,1,809,450,69,171,1,1,1
954,2,746,474,72,167,1,1,1
955,1,810,450,69,174,1,1,1
955,2,746,474,69,167,1,1,1
956,1,811,451,71,176,1,1,1
956,2,747,474,69,167,1,1,1
957,1,812,452,73,176,1,1,1
957,2,751,475,66,166,1,1,1
958,1,813,453,73,175,1,1,1
958,2,752,475,66,166,1,1,1
959,1,815,454,73,175,1,1,1
959,2,753,475,66,166,1,1,1
960,1,816,457,73,173,1,1,1
960,2,756,475,64,166,1,1,1
961,1,817,457,73,172,1,1,1
961,2,758,476,67,165,1,1,1
962,1,818,458,73,172,1,1,1
962,2,761,477,67,165,1,1,1
963,1,821,458,70,174,1,1,1
963,2,762,477,72,167,1,1,1
964,1,822,458,70,174,1,1,1
964,2,764,478,78,167,1,1,1
965,1,823,458,70,173,1,1,1
965,2,765,479,80,167,1,1,1
966,1,824,458,70,173,1,1,1
966,2,766,480,80,167,1,1,1
967,1,825,458,70,173,1,1,1
967,2,768,480,80,170,1,1,1
968,1,830,457,66,173,1,1,1
968,2,772,483,76,168,1,1,1
969,1,832,457,66,173,1,1,1
969,2,774,483,76,168,1,1,1
970,1,833,458,66,172,1,1,1
970,2,777,483,72,168,1,1,1
971,1,835,459,72,172,1,1,1
971,2,779,483,72,168,1,1,1
972,1,836,460,78,173,1,1,1
972,2,781,483,67,169,1,1,1
973,1,837,460,78,173,1,1,1
973,2,782,483,67,169,1,1,1
974,1,837,462,80,173,1,1,1
974,2,787,483,62,167,1,1,1
975,1,839,462,80,172,1,1,1
975,2,788,483,62,167,1,1,1
976,1,841,463,80,172,1,1,1
976,2,790,483,65,167,1,1,1
977,1,843,463,80,172,1,1,1
977,2,791,483,65,167,1,1,1
978,1,845,463,79,172,1,1,1
978,2,794,487,67,175,1,1,1
979,1,846,463,79,171,1,1,1
979,2,795,486,69,180,1,1,1
980,1,847,462,76,172,1,1,1
980,2,796,486,71,180,1,1,1
981,1,852,462,72,172,1,1,1
981,2,799,487,69,180,1,1,1
982,1,856,462,71,172,1,1,1
982,2,800,488,69,180,1,1,1
983,1,857,462,73,175,1,1,1
983,2,801,492,71,177,1,1,1
984,1,863,462,70,178,1,1,1
984,2,802,493,71,181,1,1,1
985,1,864,462,70,178,1,1,1
985,2,803,493,71,181,1,1,1
986,1,865,463,72,179,1,1,1
986,2,803,494,71,180,1,1,1
987,1,866,463,72,179,1,1,1
987,2,806,494,68,180,1,1,1
988,1,866,464,72,178,1,1,1
988,2,807,494,68,180,1,1,1
989,1,867,464,72,179,1,1,1
989,2,807,494,68,180,1,1,1
990,1,868,465,74,177,1,1,1
990,2,808,494,62,179,1,1,1
991,1,868,466,74,177,1,1,1
991,2,809,494,62,179,1,1,1
992,1,868,466,74,176,1,1,1
992,2,809,494,62,180,1,1,1
993,1,869,466,74,176,1,1,1
993,2,815,494,59,180,1,1,1
994,1,869,466,74,176,1,1,1
994,2,816,494,59,180,1,1,1
995,1,869,466,73,176,1,1,1
995,2,816,494,61,180,1,1,1
996,1,869,466,73,176,1,1,1
996,2,817,494,66,181,1,1,1
997,1,869,466,73,176,1,1,1
997,2,818,494,66,181,1,1,1
998,1,869,466,73,176,1,1,1
998,2,819,494,66,181,1,1,1
999,1,869,470,73,171,1,1,1
999,2,819,494,66,181,1,1,1
1000,1,869,470,73,171,1,1,1
1000,2,821,495,67,177,1,1,1
1001,1,869,470,68,171,1,1,1
1001,2,822,496,65,176,1,1,1
