1,17.00,961.00,110.00,43.00,163,1,1,1
1,63.00,91.00,332.00,185.00,524,1,1,1
1,116.00,765.00,184.00,85.00,296,1,1,1
1,148.00,1259.00,103.00,45.00,177,1,1,1
1,178.00,691.00,160.00,70.00,240,1,1,1
1,197.00,1043.00,149.00,66.00,249,1,1,1
1,199.00,696.00,153.00,66.00,224,1,1,1
1,225.00,97.00,157.00,61.00,175,1,1,1
1,230.00,274.00,264.00,137.00,410,1,1,1
1,244.00,206.00,154.00,60.00,178,1,1,1
1,246.00,915.00,388.00,199.00,705,1,1,1
1,354.00,733.00,144.00,61.00,210,1,1,1
1,560.00,834.00,142.00,61.00,215,1,1,1
1,564.00,800.00,153.00,66.00,233,1,1,1
1,573.00,329.00,145.00,56.00,172,1,1,1
1,593.00,1345.00,201.00,109.00,385,1,1,1
1,618.00,55.00,234.00,115.00,328,1,1,1
2,17.00,963.00,110.00,43.00,163,1,1,1
2,63.00,129.00,342.00,191.00,549,1,1,1
2,64.00,181.00,181.00,79.00,232,1,1,1
2,65.00,245.00,184.00,81.00,245,1,1,1
2,66.00,121.00,385.00,222.00,631,1,1,1
2,116.00,773.00,184.00,85.00,295,1,1,1
2,148.00,1261.00,103.00,45.00,177,1,1,1
2,178.00,688.00,161.00,70.00,239,1,1,1
2,197.00,1043.00,149.00,66.00,249,1,1,1
2,199.00,696.00,153.00,66.00,224,1,1,1
2,225.00,97.00,157.00,61.00,175,1,1,1
2,230.00,195.00,257.00,132.00,386,1,1,1
2,242.00,1870.00,269.00,226.00,572,1,1,1
2,244.00,236.00,150.00,58.00,173,1,1,1
2,246.00,1086.00,387.00,196.00,719,1,1,1
2,354.00,733.00,144.00,61.00,210,1,1,1
2,560.00,834.00,142.00,61.00,215,1,1,1
2,564.00,797.00,152.00,67.00,233,1,1,1
2,573.00,326.00,145.00,56.00,172,1,1,1
2,593.00,1293.00,209.00,107.00,395,1,1,1
2,618.00,50.00,234.00,115.00,329,1,1,1
3,17.00,963.00,110.00,43.00,163,1,1,1
3,63.00,162.00,358.00,202.00,583,1,1,1
3,64.00,241.00,178.00,77.00,231,1,1,1
3,65.00,293.00,178.00,78.00,237,1,1,1
3,66.00,254.00,395.00,224.00,660,1,1,1
3,116.00,773.00,184.00,85.00,295,1,1,1
3,148.00,1263.00,103.00,45.00,178,1,1,1
3,178.00,688.00,161.00,70.00,239,1,1,1
3,197.00,1043.00,149.00,66.00,249,1,1,1
3,199.00,702.00,152.00,65.00,224,1,1,1
3,225.00,97.00,157.00,61.00,175,1,1,1
3,230.00,103.00,257.00,132.00,379,1,1,1
3,242.00,1673.00,266.00,194.00,545,1,1,1
3,244.00,257.00,145.00,54.00,164,1,1,1
3,246.00,1274.00,404.00,222.00,767,1,1,1
3,354.00,731.00,144.00,61.00,210,1,1,1
3,560.00,838.00,142.00,61.00,215,1,1,1
3,564.00,797.00,152.00,67.00,233,1,1,1
3,573.00,329.00,145.00,56.00,172,1,1,1
3,593.00,1229.00,214.00,105.00,400,1,1,1
3,618.00,50.00,234.00,115.00,329,1,1,1
4,17.00,963.00,110.00,43.00,163,1,1,1
4,63.00,202.00,379.00,215.00,626,1,1,1
4,64.00,269.00,175.00,75.00,227,1,1,1
4,65.00,316.00,175.00,76.00,232,1,1,1
4,66.00,421.00,412.00,231.00,708,1,1,1
4,67.00,93.00,171.00,70.00,203,1,1,1
4,116.00,773.00,184.00,85.00,295,1,1,1
4,148.00,1263.00,103.00,45.00,178,1,1,1
4,178.00,688.00,161.00,70.00,239,1,1,1
4,197.00,1043.00,149.00,66.00,249,1,1,1
4,199.00,702.00,152.00,65.00,224,1,1,1
4,225.00,97.00,157.00,61.00,175,1,1,1
4,242.00,1547.00,276.00,183.00,551,1,1,1
4,244.00,300.00,140.00,52.00,159,1,1,1
4,246.00,1433.00,410.00,258.00,794,1,1,1
4,354.00,731.00,144.00,61.00,210,1,1,1
4,560.00,838.00,142.00,61.00,215,1,1,1
4,564.00,797.00,152.00,67.00,233,1,1,1
4,573.00,329.00,145.00,56.00,172,1,1,1
4,593.00,1170.00,216.00,104.00,399,1,1,1
4,618.00,50.00,234.00,115.00,329,1,1,1
5,17.00,963.00,110.00,43.00,163,1,1,1
5,63.00,225.00,403.00,231.00,674,1,1,1
5,64.00,311.00,170.00,73.00,223,1,1,1
5,65.00,360.00,170.00,73.00,228,1,1,1
5,66.00,583.00,398.00,217.00,695,1,1,1
5,67.00,144.00,164.00,66.00,194,1,1,1
5,116.00,776.00,184.00,85.00,296,1,1,1
5,148.00,1265.00,103.00,45.00,178,1,1,1
5,178.00,688.00,161.00,70.00,239,1,1,1
5,197.00,1043.00,149.00,66.00,249,1,1,1
5,199.00,711.00,152.00,65.00,223,1,1,1
5,225.00,97.00,157.00,61.00,175,1,1,1
5,242.00,1408.00,271.00,160.00,529,1,1,1
5,244.00,313.00,137.00,50.00,154,1,1,1
5,246.00,1655.00,418.00,309.00,830,1,1,1
5,354.00,731.00,144.00,61.00,210,1,1,1
5,560.00,838.00,142.00,61.00,215,1,1,1
5,564.00,797.00,152.00,67.00,233,1,1,1
5,573.00,326.00,145.00,56.00,172,1,1,1
5,593.00,1129.00,228.00,109.00,418,1,1,1
5,618.00,50.00,234.00,115.00,329,1,1,1
6,17.00,965.00,110.00,43.00,162,1,1,1
6,63.00,293.00,454.00,263.00,776,1,1,1
6,64.00,363.00,164.00,69.00,216,1,1,1
6,65.00,400.00,166.00,72.00,223,1,1,1
6,66.00,776.00,423.00,225.00,760,1,1,1
6,67.00,190.00,159.00,63.00,188,1,1,1
6,116.00,768.00,185.00,86.00,297,1,1,1
6,148.00,1265.00,103.00,45.00,178,1,1,1
6,178.00,688.00,161.00,70.00,239,1,1,1
6,197.00,1041.00,150.00,66.00,252,1,1,1
6,199.00,711.00,152.00,65.00,223,1,1,1
6,225.00,97.00,157.00,61.00,175,1,1,1
6,242.00,1285.00,272.00,144.00,520,1,1,1
6,244.00,330.00,133.00,48.00,149,1,1,1
6,246.00,1809.00,415.00,340.00,839,1,1,1
6,354.00,731.00,144.00,61.00,210,1,1,1
6,560.00,838.00,142.00,61.00,215,1,1,1
6,564.00,797.00,152.00,67.00,233,1,1,1
6,573.00,326.00,145.00,56.00,172,1,1,1
6,593.00,1099.00,235.00,113.00,429,1,1,1
6,618.00,50.00,234.00,115.00,329,1,1,1
7,17.00,961.00,110.00,43.00,163,1,1,1
7,63.00,419.00,505.00,289.00,878,1,1,1
7,64.00,377.00,162.00,68.00,213,1,1,1
7,65.00,437.00,161.00,68.00,217,1,1,1
7,66.00,1004.00,440.00,224.00,810,1,1,1
7,67.00,225.00,155.00,61.00,183,1,1,1
7,68.00,151.00,189.00,84.00,246,1,1,1
7,116.00,768.00,185.00,86.00,297,1,1,1
7,148.00,1265.00,103.00,45.00,178,1,1,1
7,178.00,688.00,161.00,70.00,239,1,1,1
7,197.00,1059.00,150.00,67.00,255,1,1,1
7,199.00,711.00,152.00,65.00,223,1,1,1
7,225.00,95.00,157.00,60.00,175,1,1,1
7,242.00,1166.00,273.00,135.00,510,1,1,1
7,244.00,344.00,131.00,46.00,144,1,1,1
7,354.00,731.00,144.00,61.00,210,1,1,1
7,560.00,838.00,142.00,61.00,215,1,1,1
7,564.00,797.00,152.00,67.00,233,1,1,1
7,573.00,336.00,144.00,56.00,172,1,1,1
7,593.00,1041.00,241.00,116.00,436,1,1,1
7,618.00,55.00,233.00,115.00,328,1,1,1
8,17.00,961.00,110.00,43.00,163,1,1,1
8,63.00,647.00,591.00,328.00,1049,1,1,1
8,64.00,426.00,158.00,66.00,209,1,1,1
8,65.00,471.00,157.00,66.00,211,1,1,1
8,66.00,1268.00,455.00,254.00,859,1,1,1
8,67.00,259.00,150.00,58.00,177,1,1,1
8,68.00,224.00,181.00,79.00,237,1,1,1
8,116.00,772.00,185.00,85.00,296,1,1,1
8,148.00,1263.00,103.00,45.00,178,1,1,1
8,178.00,688.00,161.00,70.00,239,1,1,1
8,197.00,1045.00,151.00,67.00,254,1,1,1
8,199.00,713.00,151.00,66.00,223,1,1,1
8,225.00,95.00,157.00,60.00,175,1,1,1
8,242.00,1000.00,274.00,135.00,496,1,1,1
8,244.00,360.00,128.00,45.00,140,1,1,1
8,354.00,731.00,144.00,61.00,210,1,1,1
8,560.00,833.00,142.00,61.00,216,1,1,1
8,564.00,797.00,152.00,67.00,233,1,1,1
8,573.00,344.00,143.00,55.00,170,1,1,1
8,593.00,1137.00,248.00,120.00,457,1,1,1
8,618.00,55.00,233.00,115.00,328,1,1,1
9,17.00,961.00,110.00,43.00,163,1,1,1
9,63.00,781.00,739.00,399.00,1311,1,1,1
9,64.00,462.00,153.00,64.00,202,1,1,1
9,65.00,510.00,152.00,63.00,204,1,1,1
9,66.00,1455.00,471.00,306.00,906,1,1,1
9,67.00,276.00,147.00,57.00,172,1,1,1
9,68.00,296.00,176.00,76.00,233,1,1,1
9,69.00,122.00,320.00,176.00,505,1,1,1
9,116.00,772.00,185.00,85.00,296,1,1,1
9,148.00,1263.00,103.00,45.00,178,1,1,1
9,178.00,688.00,161.00,70.00,239,1,1,1
9,197.00,1054.00,150.00,67.00,253,1,1,1
9,199.00,713.00,151.00,66.00,223,1,1,1
9,225.00,97.00,157.00,61.00,175,1,1,1
9,242.00,842.00,286.00,144.00,504,1,1,1
9,354.00,731.00,144.00,61.00,210,1,1,1
9,560.00,830.00,142.00,61.00,216,1,1,1
9,564.00,800.00,152.00,67.00,233,1,1,1
9,573.00,348.00,142.00,54.00,168,1,1,1
9,593.00,1179.00,260.00,129.00,486,1,1,1
9,618.00,55.00,233.00,115.00,328,1,1,1
10,17.00,963.00,110.00,43.00,163,1,1,1
10,63.00,1051.00,865.00,501.00,1530,1,1,1
10,64.00,466.00,152.00,63.00,202,1,1,1
10,65.00,530.00,149.00,62.00,201,1,1,1
10,66.00,1812.00,506.00,422.00,1002,1,1,1
10,67.00,287.00,145.00,55.00,168,1,1,1
10,68.00,350.00,171.00,74.00,229,1,1,1
10,69.00,240.00,333.00,183.00,540,1,1,1
10,116.00,768.00,185.00,86.00,297,1,1,1
10,148.00,1263.00,103.00,45.00,178,1,1,1
10,178.00,688.00,161.00,70.00,239,1,1,1
10,197.00,1031.00,151.00,68.00,252,1,1,1
10,199.00,713.00,151.00,66.00,223,1,1,1
10,225.00,100.00,157.00,60.00,175,1,1,1
10,242.00,709.00,276.00,140.00,474,1,1,1
10,354.00,731.00,144.00,61.00,210,1,1,1
10,560.00,830.00,142.00,61.00,216,1,1,1
10,564.00,800.00,152.00,67.00,233,1,1,1
10,573.00,360.00,141.00,53.00,166,1,1,1
10,593.00,1191.00,274.00,137.00,513,1,1,1
10,618.00,55.00,233.00,115.00,328,1,1,1
11,17.00,963.00,110.00,43.00,163,1,1,1
11,64.00,504.00,150.00,62.00,201,1,1,1
11,65.00,567.00,147.00,61.00,199,1,1,1
11,67.00,301.00,142.00,54.00,163,1,1,1
11,68.00,412.00,165.00,71.00,222,1,1,1
11,69.00,437.00,334.00,181.00,562,1,1,1
11,116.00,772.00,185.00,85.00,296,1,1,1
11,148.00,1265.00,103.00,45.00,178,1,1,1
11,178.00,688.00,161.00,70.00,239,1,1,1
11,197.00,1035.00,150.00,66.00,253,1,1,1
11,199.00,713.00,151.00,66.00,223,1,1,1
11,225.00,103.00,157.00,60.00,174,1,1,1
11,242.00,632.00,276.00,141.00,466,1,1,1
11,354.00,728.00,144.00,61.00,210,1,1,1
11,560.00,830.00,142.00,61.00,216,1,1,1
11,564.00,803.00,152.00,67.00,232,1,1,1
11,573.00,371.00,138.00,52.00,161,1,1,1
11,593.00,1239.00,288.00,148.00,544,1,1,1
11,618.00,55.00,233.00,115.00,328,1,1,1
12,17.00,961.00,110.00,43.00,163,1,1,1
12,64.00,554.00,149.00,62.00,202,1,1,1
12,65.00,581.00,146.00,60.00,198,1,1,1
12,67.00,313.00,139.00,51.00,158,1,1,1
12,68.00,459.00,161.00,68.00,218,1,1,1
12,69.00,650.00,323.00,170.00,560,1,1,1
12,116.00,772.00,185.00,85.00,296,1,1,1
12,148.00,1241.00,104.00,44.00,176,1,1,1
12,178.00,688.00,161.00,70.00,239,1,1,1
12,197.00,1035.00,150.00,66.00,253,1,1,1
12,199.00,713.00,151.00,66.00,223,1,1,1
12,225.00,103.00,157.00,60.00,174,1,1,1
12,242.00,524.00,266.00,136.00,437,1,1,1
12,354.00,730.00,145.00,61.00,210,1,1,1
12,560.00,830.00,142.00,61.00,216,1,1,1
12,564.00,803.00,152.00,67.00,232,1,1,1
12,573.00,363.00,137.00,51.00,158,1,1,1
12,593.00,1249.00,312.00,163.00,593,1,1,1
12,618.00,55.00,233.00,115.00,328,1,1,1
13,17.00,956.00,110.00,44.00,161,1,1,1
13,64.00,628.00,145.00,60.00,202,1,1,1
13,65.00,609.00,144.00,59.00,198,1,1,1
13,67.00,324.00,136.00,50.00,154,1,1,1
13,68.00,493.00,157.00,67.00,214,1,1,1
13,69.00,867.00,317.00,161.00,567,1,1,1
13,116.00,772.00,185.00,85.00,296,1,1,1
13,148.00,1243.00,103.00,44.00,176,1,1,1
13,178.00,691.00,160.00,70.00,240,1,1,1
13,197.00,1035.00,150.00,66.00,253,1,1,1
13,199.00,713.00,151.00,66.00,223,1,1,1
13,225.00,103.00,157.00,60.00,174,1,1,1
13,242.00,460.00,258.00,132.00,416,1,1,1
13,354.00,730.00,145.00,61.00,210,1,1,1
13,560.00,830.00,142.00,61.00,216,1,1,1
13,564.00,803.00,152.00,67.00,232,1,1,1
13,573.00,361.00,135.00,50.00,155,1,1,1
13,593.00,1268.00,341.00,183.00,650,1,1,1
13,618.00,60.00,233.00,115.00,327,1,1,1
14,17.00,962.00,110.00,44.00,161,1,1,1
14,64.00,681.00,143.00,60.00,202,1,1,1
14,65.00,657.00,141.00,58.00,197,1,1,1
14,67.00,324.00,134.00,48.00,150,1,1,1
14,68.00,533.00,154.00,65.00,212,1,1,1
14,69.00,1104.00,308.00,152.00,573,1,1,1
14,70.00,1758.00,189.00,145.00,403,1,1,1
14,71.00,1783.00,173.00,136.00,373,1,1,1
14,116.00,772.00,185.00,85.00,296,1,1,1
14,148.00,1243.00,103.00,44.00,176,1,1,1
14,178.00,691.00,160.00,70.00,240,1,1,1
14,197.00,1035.00,150.00,66.00,253,1,1,1
14,199.00,711.00,152.00,65.00,223,1,1,1
14,225.00,103.00,157.00,60.00,174,1,1,1
14,242.00,394.00,250.00,127.00,394,1,1,1
14,354.00,732.00,145.00,61.00,211,1,1,1
14,560.00,830.00,142.00,61.00,216,1,1,1
14,564.00,803.00,152.00,67.00,232,1,1,1
14,573.00,373.00,133.00,48.00,150,1,1,1
14,593.00,1261.00,379.00,205.00,720,1,1,1
14,618.00,50.00,229.00,112.00,319,1,1,1
15,17.00,964.00,110.00,44.00,161,1,1,1
15,64.00,745.00,140.00,58.00,202,1,1,1
15,65.00,735.00,138.00,57.00,197,1,1,1
15,67.00,321.00,133.00,48.00,146,1,1,1
15,68.00,581.00,149.00,62.00,205,1,1,1
15,69.00,1326.00,310.00,173.00,596,1,1,1
15,70.00,1647.00,199.00,140.00,410,1,1,1
15,71.00,1613.00,179.00,121.00,366,1,1,1
15,72.00,147.00,344.00,193.00,556,1,1,1
15,116.00,764.00,185.00,86.00,297,1,1,1
15,148.00,1243.00,103.00,44.00,176,1,1,1
15,178.00,691.00,160.00,70.00,240,1,1,1
15,197.00,1035.00,150.00,66.00,253,1,1,1
15,199.00,708.00,152.00,65.00,223,1,1,1
15,225.00,97.00,157.00,61.00,175,1,1,1
15,242.00,308.00,250.00,128.00,386,1,1,1
15,354.00,729.00,145.00,62.00,211,1,1,1
15,560.00,838.00,142.00,61.00,215,1,1,1
15,564.00,800.00,152.00,67.00,233,1,1,1
15,573.00,398.00,129.00,46.00,144,1,1,1
15,593.00,1292.00,426.00,240.00,809,1,1,1
15,618.00,55.00,230.00,112.00,319,1,1,1
16,17.00,962.00,110.00,44.00,161,1,1,1
16,64.00,801.00,139.00,58.00,205,1,1,1
16,65.00,801.00,135.00,56.00,196,1,1,1
16,67.00,341.00,130.00,46.00,143,1,1,1
16,68.00,621.00,146.00,61.00,201,1,1,1
16,69.00,1543.00,312.00,208.00,620,1,1,1
16,70.00,1502.00,209.00,131.00,417,1,1,1
16,71.00,1490.00,188.00,115.00,372,1,1,1
16,72.00,345.00,346.00,190.00,575,1,1,1
16,73.00,168.00,430.00,250.00,719,1,1,1
16,116.00,764.00,185.00,86.00,297,1,1,1
16,148.00,1243.00,103.00,44.00,176,1,1,1
16,178.00,691.00,160.00,70.00,240,1,1,1
16,197.00,1035.00,150.00,66.00,253,1,1,1
16,199.00,699.00,152.00,66.00,224,1,1,1
16,225.00,98.00,157.00,60.00,175,1,1,1
16,242.00,196.00,258.00,132.00,388,1,1,1
16,354.00,729.00,145.00,62.00,211,1,1,1
16,560.00,838.00,142.00,61.00,215,1,1,1
16,564.00,800.00,152.00,67.00,233,1,1,1
16,573.00,400.00,127.00,45.00,141,1,1,1
16,593.00,1328.00,475.00,280.00,901,1,1,1
16,618.00,50.00,230.00,112.00,320,1,1,1
17,17.00,962.00,110.00,44.00,161,1,1,1
17,64.00,870.00,136.00,58.00,208,1,1,1
17,65.00,875.00,131.00,54.00,196,1,1,1
17,67.00,354.00,127.00,45.00,139,1,1,1
17,68.00,665.00,142.00,59.00,198,1,1,1
17,69.00,1742.00,310.00,239.00,637,1,1,1
17,70.00,1407.00,219.00,126.00,425,1,1,1
17,71.00,1333.00,195.00,104.00,372,1,1,1
17,72.00,608.00,340.00,180.00,588,1,1,1
17,73.00,495.00,421.00,234.00,732,1,1,1
17,74.00,139.00,348.00,196.00,560,1,1,1
17,116.00,764.00,185.00,86.00,297,1,1,1
17,148.00,1243.00,103.00,44.00,176,1,1,1
17,178.00,691.00,160.00,70.00,240,1,1,1
17,197.00,1035.00,150.00,66.00,253,1,1,1
17,199.00,699.00,152.00,66.00,224,1,1,1
17,225.00,98.00,157.00,60.00,175,1,1,1
17,242.00,80.00,263.00,136.00,389,1,1,1
17,354.00,736.00,145.00,62.00,213,1,1,1
17,560.00,838.00,142.00,61.00,215,1,1,1
17,564.00,800.00,152.00,67.00,233,1,1,1
17,573.00,411.00,125.00,44.00,137,1,1,1
17,593.00,1363.00,541.00,333.00,1021,1,1,1
17,618.00,50.00,230.00,112.00,320,1,1,1
18,17.00,960.00,110.00,44.00,161,1,1,1
18,64.00,904.00,137.00,58.00,210,1,1,1
18,65.00,922.00,131.00,55.00,200,1,1,1
18,68.00,704.00,138.00,57.00,195,1,1,1
18,70.00,1201.00,227.00,111.00,423,1,1,1
18,71.00,1210.00,204.00,98.00,379,1,1,1
18,72.00,802.00,333.00,172.00,592,1,1,1
18,73.00,774.00,429.00,227.00,769,1,1,1
18,74.00,295.00,366.00,205.00,609,1,1,1
18,116.00,764.00,185.00,86.00,297,1,1,1
18,148.00,1249.00,103.00,44.00,176,1,1,1
18,178.00,691.00,160.00,70.00,240,1,1,1
18,197.00,1035.00,150.00,66.00,253,1,1,1
18,199.00,705.00,152.00,65.00,223,1,1,1
18,225.00,98.00,157.00,60.00,175,1,1,1
18,354.00,741.00,145.00,61.00,212,1,1,1
18,560.00,838.00,142.00,61.00,215,1,1,1
18,564.00,800.00,152.00,67.00,233,1,1,1
18,573.00,420.00,123.00,43.00,135,1,1,1
18,593.00,1374.00,623.00,395.00,1164,1,1,1
18,618.00,55.00,230.00,112.00,319,1,1,1
19,17.00,962.00,110.00,44.00,161,1,1,1
19,64.00,965.00,135.00,58.00,215,1,1,1
19,65.00,983.00,130.00,55.00,204,1,1,1
19,68.00,753.00,135.00,55.00,192,1,1,1
19,70.00,1041.00,236.00,113.00,424,1,1,1
19,71.00,1051.00,213.00,101.00,380,1,1,1
19,72.00,1095.00,341.00,171.00,634,1,1,1
19,73.00,1072.00,427.00,218.00,791,1,1,1
19,74.00,473.00,396.00,219.00,683,1,1,1
19,116.00,768.00,185.00,86.00,297,1,1,1
19,148.00,1249.00,103.00,44.00,176,1,1,1
19,178.00,691.00,160.00,70.00,240,1,1,1
19,197.00,1035.00,150.00,66.00,253,1,1,1
19,199.00,705.00,152.00,65.00,223,1,1,1
19,225.00,87.00,157.00,60.00,174,1,1,1
19,354.00,741.00,145.00,61.00,212,1,1,1
19,560.00,833.00,142.00,61.00,216,1,1,1
19,564.00,800.00,152.00,67.00,233,1,1,1
19,593.00,1391.00,724.00,477.00,1335,1,1,1
19,618.00,84.00,229.00,112.00,321,1,1,1
20,17.00,962.00,110.00,44.00,161,1,1,1
20,64.00,1032.00,136.00,59.00,223,1,1,1
20,65.00,1036.00,131.00,57.00,213,1,1,1
20,68.00,794.00,131.00,53.00,188,1,1,1
20,70.00,889.00,246.00,121.00,431,1,1,1
20,71.00,928.00,224.00,108.00,391,1,1,1
20,72.00,1358.00,354.00,206.00,681,1,1,1
20,73.00,1357.00,424.00,252.00,812,1,1,1
20,74.00,693.00,422.00,227.00,751,1,1,1
20,116.00,768.00,185.00,86.00,297,1,1,1
20,148.00,1247.00,103.00,44.00,176,1,1,1
20,178.00,691.00,160.00,70.00,240,1,1,1
20,197.00,1035.00,150.00,66.00,253,1,1,1
20,199.00,705.00,152.00,65.00,223,1,1,1
20,225.00,63.00,160.00,62.00,176,1,1,1
20,354.00,735.00,144.00,62.00,211,1,1,1
20,560.00,833.00,142.00,61.00,216,1,1,1
20,564.00,800.00,152.00,67.00,233,1,1,1
20,593.00,1278.00,792.00,487.00,1433,1,1,1
20,618.00,138.00,225.00,109.00,317,1,1,1
21,17.00,962.00,110.00,44.00,161,1,1,1
21,64.00,1081.00,137.00,60.00,228,1,1,1
21,65.00,1101.00,131.00,57.00,220,1,1,1
21,68.00,836.00,128.00,53.00,186,1,1,1
21,70.00,750.00,255.00,127.00,437,1,1,1
21,71.00,762.00,230.00,112.00,386,1,1,1
21,72.00,1602.00,359.00,253.00,715,1,1,1
21,73.00,1692.00,426.00,324.00,849,1,1,1
21,74.00,1004.00,469.00,239.00,864,1,1,1
21,116.00,768.00,185.00,86.00,297,1,1,1
21,148.00,1247.00,103.00,44.00,176,1,1,1
21,178.00,691.00,160.00,70.00,240,1,1,1
21,197.00,1035.00,150.00,66.00,253,1,1,1
21,199.00,705.00,152.00,65.00,223,1,1,1
21,225.00,50.00,161.00,62.00,180,1,1,1
21,354.00,738.00,144.00,61.00,210,1,1,1
21,560.00,833.00,142.00,61.00,216,1,1,1
21,564.00,800.00,152.00,67.00,233,1,1,1
21,593.00,1286.00,946.00,608.00,1672,1,1,1
21,618.00,153.00,224.00,108.00,316,1,1,1
22,17.00,962.00,110.00,44.00,161,1,1,1
22,64.00,1138.00,138.00,61.00,237,1,1,1
22,65.00,1174.00,133.00,58.00,229,1,1,1
22,68.00,880.00,124.00,51.00,182,1,1,1
22,70.00,576.00,266.00,136.00,440,1,1,1
22,71.00,583.00,237.00,118.00,384,1,1,1
22,74.00,1427.00,526.00,339.00,1003,1,1,1
22,116.00,768.00,185.00,86.00,297,1,1,1
22,148.00,1247.00,103.00,44.00,176,1,1,1
22,178.00,691.00,160.00,70.00,240,1,1,1
22,197.00,1035.00,150.00,66.00,253,1,1,1
22,199.00,705.00,152.00,65.00,223,1,1,1
22,354.00,738.00,144.00,61.00,210,1,1,1
22,560.00,833.00,142.00,61.00,216,1,1,1
22,564.00,800.00,152.00,67.00,233,1,1,1
22,618.00,153.00,224.00,108.00,316,1,1,1
23,17.00,962.00,110.00,44.00,161,1,1,1
23,64.00,1163.00,138.00,61.00,240,1,1,1
23,65.00,1239.00,133.00,60.00,237,1,1,1
23,68.00,922.00,121.00,49.00,179,1,1,1
23,70.00,399.00,272.00,141.00,435,1,1,1
23,71.00,456.00,248.00,125.00,393,1,1,1
23,116.00,768.00,185.00,86.00,297,1,1,1
23,148.00,1243.00,103.00,44.00,176,1,1,1
23,178.00,691.00,160.00,70.00,240,1,1,1
23,197.00,1035.00,150.00,66.00,253,1,1,1
23,199.00,705.00,152.00,65.00,223,1,1,1
23,354.00,738.00,144.00,61.00,210,1,1,1
23,560.00,833.00,142.00,61.00,216,1,1,1
23,564.00,800.00,152.00,67.00,233,1,1,1
23,618.00,141.00,221.00,107.00,312,1,1,1
24,17.00,962.00,110.00,44.00,161,1,1,1
24,64.00,1262.00,141.00,66.00,256,1,1,1
24,65.00,1290.00,134.00,64.00,242,1,1,1
24,68.00,953.00,117.00,48.00,176,1,1,1
24,70.00,275.00,276.00,145.00,434,1,1,1
24,71.00,306.00,253.00,129.00,389,1,1,1
24,116.00,766.00,185.00,86.00,298,1,1,1
24,148.00,1241.00,104.00,44.00,176,1,1,1
24,178.00,694.00,160.00,71.00,240,1,1,1
24,197.00,1035.00,150.00,66.00,253,1,1,1
24,199.00,705.00,152.00,65.00,223,1,1,1
24,354.00,738.00,144.00,61.00,210,1,1,1
24,560.00,833.00,142.00,61.00,216,1,1,1
24,564.00,800.00,152.00,67.00,233,1,1,1
24,618.00,141.00,221.00,107.00,312,1,1,1
25,17.00,962.00,110.00,44.00,161,1,1,1
25,64.00,1327.00,143.00,72.00,265,1,1,1
25,65.00,1365.00,136.00,71.00,256,1,1,1
25,68.00,982.00,114.00,46.00,172,1,1,1
25,70.00,185.00,269.00,140.00,410,1,1,1
25,71.00,176.00,257.00,132.00,385,1,1,1
25,116.00,766.00,185.00,86.00,298,1,1,1
25,148.00,1241.00,104.00,44.00,176,1,1,1
25,178.00,694.00,160.00,71.00,240,1,1,1
25,197.00,1035.00,150.00,66.00,253,1,1,1
25,199.00,705.00,152.00,65.00,223,1,1,1
25,354.00,738.00,144.00,61.00,210,1,1,1
25,560.00,836.00,142.00,60.00,216,1,1,1
25,564.00,812.00,151.00,66.00,232,1,1,1
25,618.00,141.00,221.00,107.00,312,1,1,1
26,17.00,962.00,110.00,44.00,161,1,1,1
26,64.00,1397.00,147.00,80.00,280,1,1,1
26,65.00,1427.00,139.00,78.00,269,1,1,1
26,68.00,1018.00,111.00,44.00,169,1,1,1
26,70.00,56.00,284.00,152.00,428,1,1,1
26,71.00,62.00,266.00,138.00,393,1,1,1
26,75.00,78.00,365.00,208.00,587,1,1,1
26,116.00,766.00,185.00,86.00,298,1,1,1
26,148.00,1241.00,104.00,44.00,176,1,1,1
26,178.00,694.00,160.00,71.00,240,1,1,1
26,197.00,1035.00,150.00,66.00,253,1,1,1
26,199.00,708.00,152.00,65.00,223,1,1,1
26,354.00,738.00,144.00,61.00,210,1,1,1
26,560.00,838.00,142.00,61.00,215,1,1,1
26,564.00,812.00,151.00,66.00,232,1,1,1
26,618.00,118.00,224.00,108.00,313,1,1,1
27,17.00,962.00,110.00,44.00,161,1,1,1
27,64.00,1496.00,149.00,91.00,296,1,1,1
27,65.00,1504.00,142.00,86.00,283,1,1,1
27,68.00,1045.00,109.00,44.00,167,1,1,1
27,75.00,200.00,376.00,214.00,621,1,1,1
27,116.00,766.00,185.00,86.00,298,1,1,1
27,148.00,1241.00,104.00,44.00,176,1,1,1
27,178.00,694.00,160.00,71.00,240,1,1,1
27,197.00,1046.00,150.00,67.00,254,1,1,1
27,199.00,708.00,152.00,65.00,223,1,1,1
27,354.00,735.00,144.00,62.00,211,1,1,1
27,560.00,836.00,142.00,60.00,216,1,1,1
27,564.00,812.00,151.00,66.00,232,1,1,1
27,618.00,127.00,223.00,108.00,312,1,1,1
28,17.00,962.00,110.00,44.00,161,1,1,1
28,64.00,1573.00,152.00,98.00,309,1,1,1
28,65.00,1595.00,146.00,97.00,298,1,1,1
28,68.00,1068.00,106.00,43.00,165,1,1,1
28,75.00,403.00,377.00,209.00,641,1,1,1
28,116.00,766.00,185.00,86.00,298,1,1,1
28,148.00,1249.00,104.00,45.00,177,1,1,1
28,178.00,694.00,160.00,71.00,240,1,1,1
28,197.00,1046.00,150.00,67.00,254,1,1,1
28,199.00,708.00,152.00,65.00,223,1,1,1
28,354.00,738.00,144.00,61.00,210,1,1,1
28,560.00,838.00,142.00,61.00,215,1,1,1
28,564.00,812.00,151.00,66.00,232,1,1,1
28,618.00,127.00,223.00,108.00,312,1,1,1
29,17.00,961.00,110.00,44.00,161,1,1,1
29,64.00,1670.00,156.00,111.00,327,1,1,1
29,65.00,1691.00,149.00,107.00,315,1,1,1
29,68.00,1082.00,105.00,42.00,162,1,1,1
29,75.00,598.00,392.00,212.00,686,1,1,1
29,76.00,91.00,288.00,154.00,439,1,1,1
29,116.00,766.00,185.00,86.00,298,1,1,1
29,148.00,1249.00,104.00,45.00,177,1,1,1
29,178.00,694.00,160.00,71.00,240,1,1,1
29,197.00,1046.00,150.00,67.00,254,1,1,1
29,199.00,708.00,152.00,65.00,223,1,1,1
29,354.00,741.00,144.00,61.00,210,1,1,1
29,560.00,836.00,142.00,60.00,216,1,1,1
29,564.00,812.00,151.00,66.00,232,1,1,1
29,618.00,132.00,222.00,107.00,312,1,1,1
30,17.00,961.00,110.00,44.00,161,1,1,1
30,64.00,1756.00,160.00,123.00,344,1,1,1
30,65.00,1774.00,152.00,118.00,329,1,1,1
30,68.00,1086.00,103.00,41.00,159,1,1,1
30,75.00,804.00,400.00,211.00,720,1,1,1
30,76.00,255.00,265.00,137.00,409,1,1,1
30,116.00,766.00,185.00,86.00,298,1,1,1
30,148.00,1263.00,104.00,45.00,177,1,1,1
30,178.00,694.00,160.00,71.00,240,1,1,1
30,197.00,1040.00,151.00,67.00,253,1,1,1
30,199.00,711.00,152.00,65.00,223,1,1,1
30,354.00,741.00,144.00,61.00,210,1,1,1
30,560.00,836.00,142.00,60.00,216,1,1,1
30,564.00,812.00,151.00,66.00,232,1,1,1
30,618.00,132.00,222.00,107.00,312,1,1,1
31,17.00,961.00,110.00,44.00,161,1,1,1
31,64.00,1821.00,163.00,132.00,355,1,1,1
31,65.00,1872.00,155.00,131.00,346,1,1,1
31,68.00,1093.00,102.00,41.00,156,1,1,1
31,75.00,1066.00,425.00,216.00,786,1,1,1
31,76.00,429.00,242.00,121.00,380,1,1,1
31,77.00,90.00,384.00,222.00,627,1,1,1
31,116.00,766.00,185.00,86.00,298,1,1,1
31,148.00,1263.00,104.00,45.00,177,1,1,1
31,178.00,694.00,160.00,71.00,240,1,1,1
31,197.00,1046.00,150.00,67.00,254,1,1,1
31,199.00,711.00,152.00,65.00,223,1,1,1
31,354.00,741.00,144.00,61.00,210,1,1,1
31,560.00,836.00,142.00,60.00,216,1,1,1
31,564.00,812.00,151.00,66.00,232,1,1,1
31,618.00,132.00,222.00,107.00,312,1,1,1
32,17.00,961.00,110.00,44.00,161,1,1,1
32,68.00,1099.00,100.00,40.00,155,1,1,1
32,75.00,1335.00,439.00,257.00,836,1,1,1
32,76.00,590.00,224.00,109.00,357,1,1,1
32,77.00,198.00,393.00,225.00,653,1,1,1
32,116.00,766.00,185.00,86.00,298,1,1,1
32,148.00,1263.00,104.00,45.00,177,1,1,1
32,178.00,694.00,160.00,71.00,240,1,1,1
32,197.00,1038.00,150.00,66.00,252,1,1,1
32,199.00,711.00,152.00,65.00,223,1,1,1
32,354.00,741.00,144.00,61.00,210,1,1,1
32,560.00,833.00,142.00,61.00,216,1,1,1
32,564.00,812.00,151.00,66.00,232,1,1,1
32,618.00,132.00,223.00,107.00,312,1,1,1
33,17.00,961.00,110.00,44.00,161,1,1,1
33,68.00,1107.00,100.00,40.00,154,1,1,1
33,75.00,1612.00,465.00,338.00,912,1,1,1
33,76.00,756.00,207.00,99.00,340,1,1,1
33,77.00,381.00,409.00,231.00,700,1,1,1
33,116.00,766.00,185.00,86.00,298,1,1,1
33,148.00,1263.00,104.00,45.00,177,1,1,1
33,178.00,694.00,160.00,71.00,240,1,1,1
33,197.00,1038.00,150.00,66.00,252,1,1,1
33,199.00,696.00,153.00,66.00,224,1,1,1
33,354.00,740.00,144.00,61.00,211,1,1,1
33,560.00,833.00,142.00,61.00,216,1,1,1
33,564.00,812.00,151.00,66.00,232,1,1,1
33,618.00,132.00,223.00,107.00,312,1,1,1
34,17.00,961.00,110.00,44.00,161,1,1,1
34,68.00,1118.00,99.00,40.00,154,1,1,1
34,75.00,1876.00,508.00,442.00,1014,1,1,1
34,76.00,881.00,191.00,89.00,320,1,1,1
34,77.00,614.00,431.00,235.00,759,1,1,1
34,116.00,766.00,185.00,86.00,298,1,1,1
34,148.00,1263.00,104.00,45.00,177,1,1,1
34,178.00,694.00,160.00,71.00,240,1,1,1
34,197.00,1038.00,150.00,66.00,252,1,1,1
34,199.00,696.00,153.00,66.00,224,1,1,1
34,354.00,740.00,144.00,61.00,211,1,1,1
34,560.00,833.00,142.00,61.00,216,1,1,1
34,564.00,812.00,151.00,66.00,232,1,1,1
34,618.00,132.00,223.00,107.00,312,1,1,1
35,17.00,961.00,110.00,44.00,161,1,1,1
35,68.00,1120.00,99.00,39.00,153,1,1,1
35,76.00,995.00,178.00,82.00,303,1,1,1
35,77.00,917.00,447.00,232.00,815,1,1,1
35,116.00,766.00,185.00,86.00,298,1,1,1
35,148.00,1263.00,104.00,45.00,177,1,1,1
35,178.00,694.00,160.00,71.00,240,1,1,1
35,197.00,1038.00,150.00,66.00,252,1,1,1
35,199.00,696.00,153.00,66.00,224,1,1,1
35,354.00,740.00,144.00,61.00,211,1,1,1
35,560.00,836.00,142.00,60.00,216,1,1,1
35,564.00,812.00,151.00,66.00,232,1,1,1
35,618.00,132.00,223.00,107.00,312,1,1,1
36,17.00,961.00,110.00,44.00,161,1,1,1
36,76.00,1065.00,165.00,75.00,286,1,1,1
36,77.00,1221.00,459.00,249.00,864,1,1,1
36,116.00,766.00,185.00,86.00,298,1,1,1
36,148.00,1264.00,103.00,46.00,178,1,1,1
36,178.00,697.00,160.00,71.00,239,1,1,1
36,197.00,1038.00,150.00,66.00,252,1,1,1
36,199.00,699.00,152.00,66.00,224,1,1,1
36,354.00,743.00,144.00,61.00,211,1,1,1
36,560.00,838.00,142.00,61.00,215,1,1,1
36,564.00,818.00,151.00,66.00,231,1,1,1
36,618.00,132.00,223.00,107.00,312,1,1,1
37,17.00,961.00,110.00,44.00,161,1,1,1
37,76.00,1132.00,154.00,69.00,270,1,1,1
37,77.00,1484.00,461.00,305.00,890,1,1,1
37,116.00,766.00,185.00,86.00,298,1,1,1
37,148.00,1264.00,103.00,46.00,178,1,1,1
37,178.00,697.00,160.00,71.00,239,1,1,1
37,197.00,1038.00,150.00,66.00,252,1,1,1
37,199.00,699.00,152.00,66.00,224,1,1,1
37,354.00,733.00,143.00,60.00,208,1,1,1
37,560.00,838.00,142.00,61.00,215,1,1,1
37,564.00,821.00,150.00,66.00,232,1,1,1
37,618.00,127.00,223.00,108.00,313,1,1,1
38,17.00,961.00,110.00,44.00,161,1,1,1
38,76.00,1179.00,146.00,65.00,256,1,1,1
38,116.00,766.00,185.00,86.00,298,1,1,1
38,148.00,1264.00,103.00,46.00,178,1,1,1
38,178.00,697.00,160.00,71.00,239,1,1,1
38,197.00,1037.00,150.00,67.00,251,1,1,1
38,199.00,699.00,152.00,66.00,224,1,1,1
38,354.00,727.00,142.00,60.00,204,1,1,1
38,560.00,836.00,142.00,60.00,216,1,1,1
38,564.00,815.00,151.00,66.00,232,1,1,1
38,618.00,127.00,223.00,108.00,313,1,1,1
39,17.00,961.00,110.00,44.00,161,1,1,1
39,76.00,1216.00,137.00,61.00,243,1,1,1
39,116.00,769.00,185.00,86.00,297,1,1,1
39,148.00,1264.00,103.00,46.00,178,1,1,1
39,178.00,697.00,160.00,71.00,239,1,1,1
39,197.00,1037.00,150.00,67.00,251,1,1,1
39,199.00,697.00,152.00,65.00,223,1,1,1
39,354.00,727.00,142.00,60.00,204,1,1,1
39,560.00,838.00,142.00,61.00,215,1,1,1
39,564.00,815.00,151.00,66.00,232,1,1,1
39,618.00,127.00,223.00,108.00,313,1,1,1
40,17.00,963.00,110.00,44.00,161,1,1,1
40,76.00,1250.00,130.00,59.00,232,1,1,1
40,78.00,180.00,306.00,165.00,482,1,1,1
40,116.00,773.00,185.00,86.00,297,1,1,1
40,148.00,1263.00,104.00,45.00,177,1,1,1
40,178.00,697.00,160.00,71.00,239,1,1,1
40,197.00,1037.00,150.00,67.00,251,1,1,1
40,199.00,697.00,152.00,65.00,223,1,1,1
40,354.00,724.00,143.00,60.00,206,1,1,1
40,560.00,830.00,142.00,61.00,216,1,1,1
40,564.00,815.00,151.00,66.00,232,1,1,1
40,618.00,122.00,224.00,109.00,313,1,1,1
41,17.00,961.00,110.00,44.00,161,1,1,1
41,76.00,1295.00,124.00,59.00,222,1,1,1
41,78.00,369.00,307.00,165.00,503,1,1,1
41,79.00,170.00,355.00,200.00,577,1,1,1
41,80.00,250.00,389.00,221.00,648,1,1,1
41,116.00,773.00,185.00,86.00,297,1,1,1
41,148.00,1263.00,104.00,45.00,177,1,1,1
41,178.00,697.00,160.00,71.00,239,1,1,1
41,197.00,1037.00,150.00,67.00,251,1,1,1
41,199.00,697.00,152.00,65.00,223,1,1,1
41,354.00,716.00,144.00,60.00,208,1,1,1
41,560.00,830.00,142.00,61.00,216,1,1,1
41,564.00,815.00,151.00,66.00,232,1,1,1
41,618.00,132.00,223.00,108.00,313,1,1,1
42,17.00,961.00,110.00,44.00,161,1,1,1
42,76.00,1317.00,119.00,57.00,214,1,1,1
42,78.00,566.00,312.00,165.00,531,1,1,1
42,79.00,397.00,356.00,196.00,599,1,1,1
42,80.00,463.00,397.00,220.00,685,1,1,1
42,116.00,769.00,185.00,86.00,297,1,1,1
42,148.00,1263.00,104.00,45.00,177,1,1,1
42,178.00,697.00,160.00,71.00,239,1,1,1
42,197.00,1040.00,149.00,67.00,251,1,1,1
42,199.00,697.00,152.00,65.00,223,1,1,1
42,354.00,716.00,144.00,60.00,208,1,1,1
42,560.00,830.00,142.00,61.00,216,1,1,1
42,564.00,815.00,151.00,66.00,232,1,1,1
42,618.00,132.00,223.00,108.00,313,1,1,1
43,17.00,961.00,110.00,44.00,161,1,1,1
43,76.00,1332.00,113.00,55.00,203,1,1,1
43,78.00,763.00,317.00,164.00,557,1,1,1
43,79.00,619.00,350.00,187.00,609,1,1,1
43,80.00,743.00,420.00,224.00,752,1,1,1
43,116.00,769.00,185.00,86.00,297,1,1,1
43,148.00,1263.00,104.00,45.00,177,1,1,1
43,178.00,697.00,160.00,71.00,239,1,1,1
43,197.00,1040.00,149.00,67.00,251,1,1,1
43,199.00,697.00,152.00,65.00,223,1,1,1
43,354.00,746.00,144.00,61.00,212,1,1,1
43,560.00,830.00,142.00,61.00,216,1,1,1
43,564.00,815.00,151.00,66.00,232,1,1,1
43,618.00,134.00,218.00,104.00,303,1,1,1
44,17.00,961.00,110.00,44.00,161,1,1,1
44,76.00,1357.00,109.00,54.00,198,1,1,1
44,78.00,1012.00,329.00,164.00,604,1,1,1
44,79.00,856.00,363.00,187.00,654,1,1,1
44,80.00,994.00,441.00,225.00,812,1,1,1
44,116.00,769.00,185.00,86.00,297,1,1,1
44,148.00,1263.00,104.00,45.00,177,1,1,1
44,178.00,697.00,160.00,71.00,239,1,1,1
44,197.00,1037.00,150.00,67.00,251,1,1,1
44,199.00,700.00,152.00,65.00,223,1,1,1
44,354.00,749.00,144.00,61.00,212,1,1,1
44,560.00,830.00,142.00,61.00,216,1,1,1
44,564.00,812.00,151.00,66.00,232,1,1,1
44,618.00,134.00,218.00,104.00,303,1,1,1
45,17.00,963.00,110.00,44.00,161,1,1,1
45,76.00,1368.00,105.00,52.00,190,1,1,1
45,78.00,1287.00,351.00,192.00,670,1,1,1
45,79.00,1110.00,386.00,197.00,719,1,1,1
45,80.00,1266.00,475.00,266.00,895,1,1,1
45,116.00,769.00,185.00,86.00,297,1,1,1
45,148.00,1263.00,104.00,45.00,177,1,1,1
45,178.00,700.00,160.00,71.00,239,1,1,1
45,197.00,1037.00,150.00,67.00,251,1,1,1
45,199.00,700.00,152.00,65.00,223,1,1,1
45,354.00,737.00,145.00,61.00,211,1,1,1
45,560.00,833.00,142.00,61.00,216,1,1,1
45,564.00,812.00,151.00,66.00,232,1,1,1
45,618.00,166.00,215.00,103.00,301,1,1,1
46,17.00,963.00,110.00,44.00,161,1,1,1
46,78.00,1582.00,371.00,258.00,736,1,1,1
46,79.00,1440.00,415.00,263.00,805,1,1,1
46,80.00,1518.00,517.00,356.00,994,1,1,1
46,116.00,769.00,185.00,86.00,297,1,1,1
46,148.00,1259.00,104.00,45.00,180,1,1,1
46,178.00,703.00,160.00,71.00,238,1,1,1
46,197.00,1037.00,150.00,67.00,251,1,1,1
46,199.00,700.00,152.00,65.00,223,1,1,1
46,354.00,737.00,145.00,61.00,211,1,1,1
46,560.00,836.00,142.00,60.00,216,1,1,1
46,564.00,812.00,151.00,66.00,232,1,1,1
46,618.00,194.00,214.00,102.00,301,1,1,1
47,17.00,967.00,109.00,44.00,162,1,1,1
47,78.00,1873.00,386.00,328.00,792,1,1,1
47,79.00,1743.00,442.00,348.00,882,1,1,1
47,81.00,232.00,244.00,124.00,367,1,1,1
47,116.00,769.00,185.00,86.00,297,1,1,1
47,148.00,1259.00,104.00,45.00,180,1,1,1
47,178.00,703.00,160.00,71.00,238,1,1,1
47,197.00,1037.00,150.00,67.00,251,1,1,1
47,199.00,703.00,152.00,65.00,223,1,1,1
47,354.00,737.00,145.00,61.00,211,1,1,1
47,560.00,838.00,142.00,61.00,215,1,1,1
47,564.00,812.00,151.00,66.00,232,1,1,1
47,618.00,190.00,215.00,102.00,302,1,1,1
48,17.00,961.00,110.00,44.00,161,1,1,1
48,81.00,454.00,220.00,107.00,339,1,1,1
48,116.00,769.00,185.00,86.00,297,1,1,1
48,148.00,1258.00,104.00,45.00,177,1,1,1
48,178.00,703.00,160.00,71.00,238,1,1,1
48,197.00,1034.00,150.00,67.00,251,1,1,1
48,199.00,703.00,152.00,65.00,223,1,1,1
48,354.00,737.00,145.00,61.00,211,1,1,1
48,560.00,833.00,142.00,61.00,216,1,1,1
48,564.00,812.00,151.00,66.00,232,1,1,1
48,618.00,185.00,215.00,103.00,302,1,1,1
49,17.00,961.00,110.00,44.00,161,1,1,1
49,81.00,557.00,206.00,98.00,318,1,1,1
49,116.00,769.00,185.00,86.00,297,1,1,1
49,148.00,1256.00,104.00,45.00,177,1,1,1
49,178.00,703.00,160.00,71.00,238,1,1,1
49,197.00,1039.00,150.00,67.00,251,1,1,1
49,199.00,703.00,152.00,65.00,223,1,1,1
49,354.00,737.00,145.00,61.00,211,1,1,1
49,560.00,833.00,142.00,61.00,216,1,1,1
49,564.00,809.00,151.00,66.00,233,1,1,1
49,618.00,178.00,218.00,104.00,306,1,1,1
50,17.00,961.00,110.00,44.00,161,1,1,1
50,81.00,616.00,196.00,92.00,306,1,1,1
50,116.00,769.00,185.00,86.00,297,1,1,1
50,148.00,1232.00,103.00,43.00,174,1,1,1
50,178.00,703.00,160.00,71.00,238,1,1,1
50,197.00,1039.00,150.00,67.00,251,1,1,1
50,199.00,703.00,152.00,65.00,223,1,1,1
50,354.00,737.00,145.00,61.00,211,1,1,1
50,560.00,833.00,142.00,61.00,216,1,1,1
50,564.00,812.00,151.00,66.00,232,1,1,1
50,618.00,182.00,217.00,104.00,307,1,1,1
51,17.00,961.00,110.00,44.00,161,1,1,1
51,81.00,633.00,191.00,89.00,295,1,1,1
51,116.00,769.00,185.00,86.00,297,1,1,1
51,148.00,1238.00,101.00,42.00,171,1,1,1
51,178.00,707.00,159.00,70.00,239,1,1,1
51,197.00,1039.00,150.00,67.00,251,1,1,1
51,199.00,703.00,152.00,65.00,223,1,1,1
51,354.00,737.00,145.00,61.00,211,1,1,1
51,560.00,833.00,142.00,61.00,216,1,1,1
51,564.00,812.00,151.00,66.00,232,1,1,1
51,618.00,187.00,217.00,104.00,306,1,1,1
52,17.00,961.00,110.00,44.00,161,1,1,1
52,81.00,633.00,191.00,89.00,295,1,1,1
52,116.00,769.00,185.00,86.00,297,1,1,1
52,178.00,707.00,159.00,70.00,239,1,1,1
52,197.00,1039.00,150.00,67.00,251,1,1,1
52,199.00,703.00,152.00,65.00,223,1,1,1
52,354.00,737.00,145.00,61.00,211,1,1,1
52,560.00,833.00,142.00,61.00,216,1,1,1
52,564.00,812.00,151.00,66.00,232,1,1,1
52,618.00,190.00,215.00,103.00,303,1,1,1
53,17.00,961.00,110.00,44.00,161,1,1,1
53,81.00,665.00,187.00,87.00,292,1,1,1
53,116.00,769.00,185.00,86.00,297,1,1,1
53,178.00,707.00,159.00,70.00,239,1,1,1
53,197.00,1039.00,150.00,67.00,251,1,1,1
53,199.00,703.00,152.00,65.00,223,1,1,1
53,354.00,737.00,145.00,61.00,211,1,1,1
53,560.00,833.00,142.00,61.00,216,1,1,1
53,564.00,816.00,151.00,66.00,232,1,1,1
53,618.00,194.00,215.00,103.00,302,1,1,1
54,17.00,959.00,110.00,44.00,161,1,1,1
54,81.00,679.00,185.00,86.00,288,1,1,1
54,116.00,753.00,184.00,85.00,295,1,1,1
54,178.00,707.00,159.00,70.00,239,1,1,1
54,197.00,1039.00,150.00,67.00,251,1,1,1
54,199.00,703.00,152.00,65.00,223,1,1,1
54,354.00,727.00,144.00,61.00,208,1,1,1
54,560.00,833.00,142.00,61.00,216,1,1,1
54,564.00,816.00,151.00,66.00,232,1,1,1
54,618.00,199.00,214.00,102.00,302,1,1,1
55,17.00,954.00,110.00,44.00,160,1,1,1
55,81.00,660.00,187.00,87.00,291,1,1,1
55,82.00,50.00,250.00,126.00,359,1,1,1
55,116.00,753.00,184.00,85.00,295,1,1,1
55,178.00,707.00,159.00,70.00,239,1,1,1
55,197.00,1039.00,150.00,67.00,251,1,1,1
55,199.00,703.00,152.00,65.00,223,1,1,1
55,354.00,717.00,143.00,60.00,206,1,1,1
55,560.00,841.00,142.00,61.00,216,1,1,1
55,564.00,816.00,151.00,66.00,232,1,1,1
55,618.00,190.00,215.00,103.00,303,1,1,1
56,17.00,953.00,109.00,43.00,158,1,1,1
56,81.00,660.00,187.00,87.00,291,1,1,1
56,82.00,77.00,244.00,123.00,351,1,1,1
56,116.00,753.00,184.00,85.00,295,1,1,1
56,178.00,707.00,159.00,70.00,239,1,1,1
56,197.00,1039.00,150.00,67.00,251,1,1,1
56,199.00,703.00,152.00,65.00,223,1,1,1
56,354.00,711.00,142.00,60.00,204,1,1,1
56,560.00,841.00,142.00,61.00,216,1,1,1
56,564.00,816.00,151.00,66.00,232,1,1,1
56,618.00,190.00,215.00,103.00,303,1,1,1
57,17.00,971.00,107.00,42.00,157,1,1,1
57,81.00,660.00,187.00,87.00,291,1,1,1
57,82.00,140.00,236.00,117.00,341,1,1,1
57,83.00,50.00,230.00,112.00,321,1,1,1
57,116.00,772.00,183.00,84.00,293,1,1,1
57,178.00,707.00,159.00,70.00,239,1,1,1
57,197.00,1039.00,150.00,67.00,251,1,1,1
57,199.00,703.00,152.00,65.00,223,1,1,1
57,354.00,727.00,141.00,59.00,202,1,1,1
57,560.00,841.00,142.00,61.00,216,1,1,1
57,564.00,816.00,151.00,66.00,232,1,1,1
57,618.00,185.00,215.00,102.00,302,1,1,1
58,17.00,987.00,106.00,41.00,154,1,1,1
58,81.00,660.00,187.00,87.00,291,1,1,1
58,82.00,212.00,226.00,111.00,328,1,1,1
58,83.00,50.00,230.00,112.00,320,1,1,1
58,116.00,772.00,183.00,84.00,293,1,1,1
58,178.00,707.00,159.00,70.00,239,1,1,1
58,197.00,1039.00,150.00,67.00,251,1,1,1
58,199.00,703.00,152.00,65.00,223,1,1,1
58,354.00,736.00,140.00,59.00,201,1,1,1
58,560.00,841.00,142.00,61.00,216,1,1,1
58,564.00,816.00,151.00,66.00,232,1,1,1
58,618.00,177.00,211.00,100.00,295,1,1,1
59,17.00,1000.00,104.00,41.00,153,1,1,1
59,81.00,665.00,189.00,88.00,296,1,1,1
59,82.00,209.00,223.00,108.00,322,1,1,1
59,83.00,55.00,229.00,112.00,319,1,1,1
59,116.00,772.00,183.00,84.00,293,1,1,1
59,178.00,707.00,159.00,70.00,239,1,1,1
59,197.00,1039.00,150.00,67.00,251,1,1,1
59,199.00,703.00,152.00,65.00,223,1,1,1
59,354.00,739.00,141.00,60.00,205,1,1,1
59,560.00,841.00,142.00,61.00,216,1,1,1
59,564.00,816.00,151.00,66.00,232,1,1,1
59,618.00,144.00,211.00,100.00,291,1,1,1
60,17.00,1016.00,103.00,40.00,151,1,1,1
60,81.00,645.00,193.00,90.00,301,1,1,1
60,82.00,231.00,216.00,103.00,308,1,1,1
60,83.00,55.00,229.00,111.00,318,1,1,1
60,116.00,772.00,183.00,84.00,293,1,1,1
60,178.00,707.00,159.00,70.00,239,1,1,1
60,197.00,1039.00,150.00,67.00,251,1,1,1
60,199.00,703.00,152.00,65.00,223,1,1,1
60,354.00,734.00,142.00,60.00,205,1,1,1
60,560.00,841.00,142.00,61.00,216,1,1,1
60,564.00,816.00,151.00,66.00,232,1,1,1
60,618.00,144.00,211.00,100.00,291,1,1,1
61,17.00,1031.00,101.00,39.00,150,1,1,1
61,81.00,660.00,196.00,93.00,309,1,1,1
61,82.00,249.00,211.00,100.00,300,1,1,1
61,83.00,64.00,224.00,108.00,308,1,1,1
61,116.00,772.00,183.00,84.00,293,1,1,1
61,178.00,707.00,159.00,70.00,239,1,1,1
61,197.00,1041.00,150.00,66.00,252,1,1,1
61,199.00,711.00,152.00,65.00,223,1,1,1
61,354.00,734.00,142.00,60.00,205,1,1,1
61,560.00,835.00,142.00,61.00,217,1,1,1
61,564.00,816.00,151.00,66.00,232,1,1,1
61,618.00,133.00,209.00,99.00,286,1,1,1
62,17.00,1040.00,99.00,39.00,147,1,1,1
62,81.00,662.00,196.00,92.00,310,1,1,1
62,82.00,242.00,207.00,98.00,290,1,1,1
62,83.00,92.00,220.00,106.00,305,1,1,1
62,116.00,772.00,183.00,84.00,293,1,1,1
62,178.00,707.00,159.00,70.00,239,1,1,1
62,197.00,1041.00,150.00,66.00,252,1,1,1
62,199.00,711.00,152.00,65.00,223,1,1,1
62,354.00,734.00,142.00,60.00,205,1,1,1
62,560.00,835.00,142.00,61.00,217,1,1,1
62,564.00,816.00,151.00,66.00,232,1,1,1
62,618.00,128.00,208.00,97.00,281,1,1,1
63,17.00,1051.00,99.00,39.00,147,1,1,1
63,81.00,689.00,197.00,93.00,314,1,1,1
63,82.00,259.00,202.00,94.00,283,1,1,1
63,83.00,119.00,216.00,102.00,298,1,1,1
63,116.00,772.00,183.00,84.00,293,1,1,1
63,178.00,707.00,159.00,70.00,239,1,1,1
63,197.00,1039.00,150.00,67.00,251,1,1,1
63,199.00,711.00,152.00,65.00,223,1,1,1
63,354.00,736.00,142.00,60.00,206,1,1,1
63,560.00,835.00,142.00,61.00,217,1,1,1
63,564.00,816.00,151.00,66.00,232,1,1,1
63,618.00,114.00,206.00,95.00,276,1,1,1
64,81.00,709.00,196.00,92.00,314,1,1,1
64,82.00,279.00,198.00,92.00,276,1,1,1
64,83.00,140.00,213.00,101.00,294,1,1,1
64,116.00,797.00,182.00,84.00,294,1,1,1
64,178.00,707.00,159.00,70.00,239,1,1,1
64,197.00,1039.00,150.00,67.00,251,1,1,1
64,199.00,711.00,152.00,65.00,223,1,1,1
64,354.00,725.00,142.00,60.00,206,1,1,1
64,560.00,835.00,142.00,61.00,217,1,1,1
64,564.00,816.00,151.00,66.00,232,1,1,1
64,618.00,83.00,206.00,96.00,275,1,1,1
65,81.00,710.00,196.00,93.00,315,1,1,1
65,82.00,306.00,193.00,88.00,268,1,1,1
65,83.00,151.00,209.00,98.00,286,1,1,1
65,116.00,797.00,182.00,84.00,294,1,1,1
65,178.00,707.00,159.00,70.00,239,1,1,1
65,197.00,1039.00,150.00,67.00,251,1,1,1
65,199.00,711.00,152.00,65.00,223,1,1,1
65,354.00,725.00,142.00,60.00,206,1,1,1
65,560.00,835.00,142.00,61.00,217,1,1,1
65,564.00,816.00,151.00,66.00,232,1,1,1
65,618.00,88.00,206.00,95.00,273,1,1,1
66,81.00,729.00,195.00,91.00,314,1,1,1
66,82.00,331.00,188.00,86.00,262,1,1,1
66,83.00,152.00,204.00,95.00,277,1,1,1
66,116.00,809.00,180.00,83.00,292,1,1,1
66,178.00,707.00,159.00,70.00,239,1,1,1
66,197.00,1039.00,150.00,67.00,251,1,1,1
66,199.00,711.00,152.00,65.00,223,1,1,1
66,354.00,725.00,142.00,60.00,206,1,1,1
66,560.00,835.00,142.00,61.00,217,1,1,1
66,564.00,816.00,151.00,66.00,232,1,1,1
66,618.00,62.00,203.00,93.00,267,1,1,1
67,81.00,779.00,193.00,91.00,315,1,1,1
67,82.00,345.00,182.00,81.00,250,1,1,1
67,83.00,173.00,198.00,90.00,267,1,1,1
67,116.00,809.00,180.00,83.00,292,1,1,1
67,178.00,707.00,159.00,70.00,239,1,1,1
67,197.00,1039.00,150.00,67.00,251,1,1,1
67,199.00,711.00,152.00,65.00,223,1,1,1
67,354.00,715.00,141.00,59.00,203,1,1,1
67,560.00,835.00,142.00,61.00,217,1,1,1
67,564.00,816.00,151.00,66.00,232,1,1,1
67,618.00,58.00,199.00,89.00,256,1,1,1
68,81.00,798.00,191.00,90.00,313,1,1,1
68,82.00,342.00,178.00,79.00,242,1,1,1
68,83.00,191.00,192.00,87.00,257,1,1,1
68,116.00,809.00,180.00,83.00,292,1,1,1
68,178.00,707.00,159.00,70.00,239,1,1,1
68,197.00,1039.00,150.00,67.00,251,1,1,1
68,199.00,716.00,151.00,66.00,223,1,1,1
68,354.00,727.00,141.00,59.00,202,1,1,1
68,560.00,835.00,142.00,61.00,217,1,1,1
68,564.00,816.00,151.00,66.00,232,1,1,1
68,618.00,69.00,197.00,89.00,254,1,1,1
69,81.00,814.00,190.00,89.00,311,1,1,1
69,82.00,336.00,176.00,77.00,237,1,1,1
69,83.00,213.00,187.00,84.00,249,1,1,1
69,116.00,809.00,180.00,83.00,292,1,1,1
69,178.00,707.00,159.00,70.00,239,1,1,1
69,197.00,1039.00,150.00,67.00,251,1,1,1
69,199.00,716.00,151.00,66.00,223,1,1,1
69,354.00,727.00,141.00,59.00,202,1,1,1
69,560.00,835.00,142.00,61.00,217,1,1,1
69,564.00,816.00,151.00,66.00,232,1,1,1
69,618.00,94.00,190.00,85.00,244,1,1,1
70,81.00,844.00,187.00,87.00,308,1,1,1
70,82.00,339.00,171.00,74.00,228,1,1,1
70,83.00,229.00,182.00,81.00,240,1,1,1
70,116.00,807.00,179.00,82.00,287,1,1,1
70,178.00,707.00,159.00,70.00,239,1,1,1
70,197.00,1035.00,148.00,66.00,247,1,1,1
70,199.00,716.00,151.00,66.00,223,1,1,1
70,354.00,727.00,141.00,59.00,202,1,1,1
70,560.00,835.00,142.00,61.00,217,1,1,1
70,564.00,816.00,151.00,66.00,232,1,1,1
70,618.00,132.00,184.00,80.00,234,1,1,1
71,81.00,861.00,187.00,87.00,309,1,1,1
71,82.00,348.00,167.00,72.00,220,1,1,1
71,83.00,248.00,178.00,78.00,232,1,1,1
71,116.00,811.00,178.00,82.00,288,1,1,1
71,178.00,707.00,159.00,70.00,239,1,1,1
71,197.00,1035.00,148.00,66.00,247,1,1,1
71,199.00,716.00,151.00,66.00,223,1,1,1
71,354.00,727.00,141.00,59.00,202,1,1,1
71,560.00,838.00,142.00,61.00,217,1,1,1
71,564.00,816.00,151.00,66.00,232,1,1,1
71,618.00,143.00,180.00,77.00,226,1,1,1
72,81.00,861.00,187.00,87.00,309,1,1,1
72,82.00,371.00,163.00,69.00,212,1,1,1
72,83.00,256.00,172.00,73.00,221,1,1,1
72,116.00,769.00,179.00,83.00,285,1,1,1
72,178.00,707.00,159.00,70.00,239,1,1,1
72,197.00,1035.00,148.00,66.00,247,1,1,1
72,199.00,716.00,151.00,66.00,223,1,1,1
72,354.00,727.00,141.00,59.00,202,1,1,1
72,560.00,838.00,142.00,61.00,217,1,1,1
72,564.00,816.00,151.00,66.00,232,1,1,1
72,618.00,171.00,173.00,73.00,215,1,1,1
73,81.00,885.00,183.00,85.00,304,1,1,1
73,82.00,379.00,159.00,66.00,205,1,1,1
73,83.00,273.00,168.00,71.00,215,1,1,1
73,116.00,776.00,178.00,81.00,282,1,1,1
73,178.00,707.00,159.00,70.00,239,1,1,1
73,197.00,1035.00,148.00,66.00,247,1,1,1
73,199.00,716.00,151.00,66.00,223,1,1,1
73,354.00,732.00,140.00,59.00,202,1,1,1
73,560.00,841.00,142.00,61.00,216,1,1,1
73,564.00,816.00,151.00,66.00,232,1,1,1
73,618.00,204.00,168.00,70.00,206,1,1,1
74,81.00,885.00,183.00,85.00,304,1,1,1
74,82.00,392.00,155.00,63.00,199,1,1,1
74,83.00,291.00,164.00,68.00,208,1,1,1
74,116.00,772.00,177.00,81.00,281,1,1,1
74,178.00,707.00,159.00,70.00,239,1,1,1
74,197.00,1035.00,148.00,66.00,247,1,1,1
74,199.00,716.00,151.00,66.00,223,1,1,1
74,354.00,732.00,140.00,59.00,202,1,1,1
74,560.00,852.00,141.00,60.00,216,1,1,1
74,564.00,816.00,151.00,66.00,232,1,1,1
74,618.00,227.00,162.00,66.00,197,1,1,1
75,81.00,869.00,182.00,84.00,300,1,1,1
75,82.00,410.00,152.00,62.00,194,1,1,1
75,83.00,303.00,160.00,66.00,201,1,1,1
75,84.00,1884.00,161.00,137.00,357,1,1,1
75,116.00,772.00,177.00,81.00,281,1,1,1
75,178.00,707.00,159.00,70.00,239,1,1,1
75,197.00,1035.00,148.00,66.00,247,1,1,1
75,199.00,716.00,151.00,66.00,223,1,1,1
75,354.00,732.00,140.00,59.00,202,1,1,1
75,560.00,852.00,141.00,60.00,216,1,1,1
75,564.00,816.00,151.00,66.00,232,1,1,1
75,618.00,256.00,157.00,63.00,191,1,1,1
76,81.00,872.00,179.00,83.00,295,1,1,1
76,82.00,430.00,149.00,60.00,189,1,1,1
76,83.00,329.00,155.00,63.00,193,1,1,1
76,84.00,1803.00,153.00,122.00,333,1,1,1
76,86.00,183.00,383.00,218.00,631,1,1,1
76,87.00,50.00,262.00,135.00,384,1,1,1
76,116.00,772.00,177.00,81.00,281,1,1,1
76,178.00,707.00,159.00,70.00,239,1,1,1
76,197.00,1035.00,148.00,66.00,247,1,1,1
76,199.00,716.00,151.00,66.00,223,1,1,1
76,354.00,734.00,140.00,58.00,202,1,1,1
76,560.00,852.00,141.00,60.00,216,1,1,1
76,564.00,816.00,151.00,66.00,232,1,1,1
76,618.00,274.00,154.00,61.00,187,1,1,1
77,81.00,884.00,177.00,81.00,291,1,1,1
77,82.00,442.00,146.00,58.00,184,1,1,1
77,83.00,345.00,152.00,61.00,188,1,1,1
77,84.00,1772.00,151.00,117.00,327,1,1,1
77,86.00,416.00,398.00,222.00,680,1,1,1
77,87.00,79.00,259.00,134.00,382,1,1,1
77,116.00,761.00,176.00,81.00,279,1,1,1
77,178.00,707.00,159.00,70.00,239,1,1,1
77,197.00,1035.00,148.00,66.00,247,1,1,1
77,199.00,713.00,151.00,66.00,223,1,1,1
77,354.00,731.00,140.00,59.00,202,1,1,1
77,560.00,860.00,141.00,60.00,215,1,1,1
77,564.00,816.00,151.00,66.00,232,1,1,1
77,593.00,1267.00,889.00,555.00,1584,1,1,1
77,618.00,296.00,150.00,59.00,181,1,1,1
78,81.00,884.00,177.00,81.00,291,1,1,1
78,82.00,449.00,143.00,56.00,180,1,1,1
78,83.00,351.00,149.00,59.00,184,1,1,1
78,84.00,1772.00,151.00,117.00,327,1,1,1
78,86.00,693.00,415.00,223.00,738,1,1,1
78,87.00,140.00,258.00,133.00,385,1,1,1
78,116.00,739.00,177.00,81.00,279,1,1,1
78,178.00,707.00,159.00,70.00,239,1,1,1
78,197.00,1035.00,148.00,66.00,247,1,1,1
78,199.00,713.00,151.00,66.00,223,1,1,1
78,354.00,727.00,142.00,60.00,206,1,1,1
78,560.00,861.00,140.00,60.00,215,1,1,1
78,564.00,816.00,151.00,66.00,232,1,1,1
78,593.00,1098.00,816.00,472.00,1457,1,1,1
78,618.00,313.00,147.00,57.00,175,1,1,1
79,81.00,868.00,176.00,81.00,287,1,1,1
79,82.00,451.00,141.00,55.00,175,1,1,1
79,83.00,371.00,146.00,57.00,178,1,1,1
79,84.00,1772.00,151.00,117.00,327,1,1,1
79,86.00,987.00,433.00,221.00,797,1,1,1
79,87.00,181.00,255.00,131.00,383,1,1,1
79,116.00,713.00,178.00,81.00,279,1,1,1
79,178.00,707.00,159.00,70.00,239,1,1,1
79,197.00,1035.00,148.00,66.00,247,1,1,1
79,199.00,713.00,151.00,66.00,223,1,1,1
79,354.00,729.00,143.00,61.00,208,1,1,1
79,560.00,856.00,141.00,60.00,215,1,1,1
79,564.00,816.00,151.00,66.00,232,1,1,1
79,593.00,1047.00,716.00,399.00,1293,1,1,1
79,618.00,328.00,144.00,56.00,170,1,1,1
80,81.00,845.00,174.00,80.00,283,1,1,1
80,82.00,462.00,138.00,53.00,171,1,1,1
80,83.00,377.00,143.00,55.00,172,1,1,1
80,84.00,1775.00,151.00,118.00,327,1,1,1
80,86.00,1313.00,450.00,260.00,855,1,1,1
80,87.00,181.00,255.00,130.00,382,1,1,1
80,88.00,49.00,393.00,229.00,640,1,1,1
80,116.00,698.00,178.00,81.00,275,1,1,1
80,178.00,703.00,160.00,71.00,238,1,1,1
80,197.00,1035.00,148.00,66.00,247,1,1,1
80,199.00,716.00,151.00,66.00,223,1,1,1
80,354.00,740.00,142.00,60.00,207,1,1,1
80,560.00,840.00,142.00,61.00,217,1,1,1
80,564.00,816.00,151.00,66.00,232,1,1,1
80,593.00,918.00,613.00,320.00,1108,1,1,1
80,618.00,337.00,142.00,54.00,166,1,1,1
81,81.00,810.00,175.00,80.00,281,1,1,1
81,82.00,474.00,135.00,52.00,167,1,1,1
81,83.00,396.00,140.00,54.00,168,1,1,1
81,84.00,1796.00,148.00,117.00,324,1,1,1
81,85.00,1888.00,284.00,242.00,603,1,1,1
81,86.00,1668.00,467.00,353.00,921,1,1,1
81,87.00,181.00,255.00,130.00,382,1,1,1
81,88.00,343.00,383.00,214.00,645,1,1,1
81,116.00,679.00,177.00,81.00,274,1,1,1
81,178.00,703.00,160.00,71.00,238,1,1,1
81,197.00,1038.00,148.00,66.00,246,1,1,1
81,199.00,711.00,152.00,65.00,223,1,1,1
81,354.00,749.00,143.00,61.00,210,1,1,1
81,560.00,836.00,143.00,62.00,216,1,1,1
81,564.00,816.00,151.00,66.00,232,1,1,1
81,593.00,870.00,514.00,270.00,931,1,1,1
81,618.00,354.00,139.00,52.00,162,1,1,1
82,81.00,767.00,176.00,81.00,280,1,1,1
82,82.00,488.00,133.00,50.00,163,1,1,1
82,83.00,404.00,137.00,52.00,164,1,1,1
82,84.00,1793.00,145.00,114.00,316,1,1,1
82,85.00,1815.00,263.00,213.00,554,1,1,1
82,87.00,181.00,255.00,130.00,382,1,1,1
82,88.00,631.00,384.00,207.00,673,1,1,1
82,116.00,649.00,179.00,82.00,273,1,1,1
82,178.00,703.00,160.00,71.00,238,1,1,1
82,197.00,1038.00,148.00,66.00,246,1,1,1
82,199.00,705.00,151.00,65.00,221,1,1,1
82,354.00,749.00,143.00,61.00,210,1,1,1
82,560.00,836.00,143.00,62.00,216,1,1,1
82,564.00,819.00,151.00,66.00,232,1,1,1
82,593.00,862.00,485.00,255.00,879,1,1,1
82,618.00,374.00,136.00,50.00,157,1,1,1
83,81.00,731.00,177.00,81.00,277,1,1,1
83,82.00,486.00,131.00,50.00,159,1,1,1
83,83.00,420.00,135.00,50.00,160,1,1,1
83,84.00,1712.00,140.00,102.00,297,1,1,1
83,85.00,1752.00,244.00,188.00,511,1,1,1
83,87.00,181.00,255.00,130.00,382,1,1,1
83,88.00,892.00,384.00,198.00,697,1,1,1
83,116.00,643.00,179.00,82.00,274,1,1,1
83,178.00,701.00,160.00,71.00,239,1,1,1
83,197.00,1038.00,148.00,66.00,246,1,1,1
83,199.00,694.00,151.00,65.00,221,1,1,1
83,354.00,749.00,143.00,61.00,210,1,1,1
83,560.00,836.00,143.00,62.00,216,1,1,1
83,564.00,819.00,151.00,66.00,232,1,1,1
83,593.00,889.00,454.00,237.00,826,1,1,1
83,618.00,390.00,133.00,49.00,154,1,1,1
84,81.00,719.00,176.00,81.00,274,1,1,1
84,82.00,493.00,129.00,47.00,154,1,1,1
84,83.00,425.00,133.00,50.00,156,1,1,1
84,84.00,1654.00,135.00,95.00,283,1,1,1
84,85.00,1721.00,219.00,164.00,459,1,1,1
84,87.00,222.00,252.00,128.00,379,1,1,1
84,88.00,1194.00,386.00,203.00,728,1,1,1
84,116.00,628.00,181.00,83.00,274,1,1,1
84,178.00,708.00,159.00,70.00,240,1,1,1
84,197.00,1038.00,148.00,66.00,246,1,1,1
84,199.00,694.00,151.00,65.00,221,1,1,1
84,354.00,749.00,143.00,61.00,210,1,1,1
84,560.00,839.00,142.00,61.00,217,1,1,1
84,564.00,819.00,151.00,66.00,232,1,1,1
84,593.00,825.00,427.00,225.00,769,1,1,1
84,618.00,400.00,131.00,48.00,151,1,1,1
85,81.00,745.00,173.00,79.00,272,1,1,1
85,82.00,495.00,127.00,47.00,152,1,1,1
85,83.00,433.00,131.00,49.00,153,1,1,1
85,84.00,1611.00,131.00,87.00,269,1,1,1
85,85.00,1803.00,204.00,162.00,435,1,1,1
85,87.00,270.00,250.00,127.00,381,1,1,1
85,88.00,1440.00,415.00,263.00,805,1,1,1
85,90.00,139.00,378.00,216.00,617,1,1,1
85,92.00,50.00,213.00,100.00,286,1,1,1
85,116.00,643.00,179.00,82.00,274,1,1,1
85,178.00,708.00,159.00,70.00,240,1,1,1
85,197.00,1038.00,148.00,66.00,246,1,1,1
85,199.00,694.00,151.00,65.00,221,1,1,1
85,354.00,749.00,143.00,61.00,210,1,1,1
85,560.00,839.00,142.00,61.00,217,1,1,1
85,564.00,819.00,151.00,66.00,232,1,1,1
85,593.00,857.00,400.00,208.00,723,1,1,1
85,618.00,423.00,128.00,46.00,146,1,1,1
85,1109.00,56.00,268.00,139.00,395,1,1,1
86,81.00,783.00,171.00,78.00,270,1,1,1
86,82.00,499.00,126.00,46.00,148,1,1,1
86,83.00,433.00,129.00,47.00,150,1,1,1
86,84.00,1572.00,128.00,82.00,260,1,1,1
86,85.00,1911.00,190.00,164.00,419,1,1,1
86,87.00,348.00,247.00,125.00,382,1,1,1
86,88.00,1759.00,438.00,350.00,877,1,1,1
86,90.00,372.00,389.00,217.00,660,1,1,1
86,92.00,106.00,209.00,99.00,284,1,1,1
86,93.00,56.00,289.00,155.00,439,1,1,1
86,116.00,685.00,177.00,81.00,272,1,1,1
86,178.00,708.00,159.00,70.00,240,1,1,1
86,197.00,1038.00,148.00,66.00,246,1,1,1
86,199.00,676.00,152.00,66.00,221,1,1,1
86,354.00,749.00,143.00,61.00,210,1,1,1
86,560.00,839.00,142.00,61.00,217,1,1,1
86,564.00,819.00,151.00,66.00,232,1,1,1
86,593.00,820.00,358.00,186.00,642,1,1,1
86,618.00,418.00,127.00,46.00,143,1,1,1
86,1109.00,132.00,269.00,140.00,405,1,1,1
87,81.00,809.00,170.00,77.00,270,1,1,1
87,82.00,505.00,124.00,45.00,146,1,1,1
87,83.00,424.00,129.00,47.00,147,1,1,1
87,84.00,1535.00,125.00,77.00,249,1,1,1
87,87.00,435.00,239.00,120.00,375,1,1,1
87,90.00,623.00,413.00,225.00,728,1,1,1
87,92.00,118.00,207.00,97.00,278,1,1,1
87,93.00,140.00,287.00,154.00,443,1,1,1
87,116.00,715.00,178.00,81.00,277,1,1,1
87,178.00,711.00,159.00,70.00,239,1,1,1
87,197.00,1038.00,148.00,66.00,246,1,1,1
87,199.00,676.00,152.00,66.00,221,1,1,1
87,354.00,749.00,143.00,61.00,210,1,1,1
87,560.00,839.00,142.00,61.00,217,1,1,1
87,564.00,816.00,151.00,66.00,232,1,1,1
87,593.00,817.00,334.00,172.00,596,1,1,1
87,618.00,417.00,126.00,44.00,140,1,1,1
87,1109.00,186.00,270.00,140.00,412,1,1,1
88,81.00,794.00,169.00,77.00,269,1,1,1
88,82.00,508.00,123.00,44.00,144,1,1,1
88,83.00,436.00,126.00,45.00,143,1,1,1
88,84.00,1477.00,123.00,71.00,239,1,1,1
88,87.00,511.00,238.00,119.00,379,1,1,1
88,90.00,944.00,434.00,223.00,794,1,1,1
88,92.00,122.00,206.00,96.00,277,1,1,1
88,93.00,236.00,281.00,148.00,438,1,1,1
88,116.00,729.00,178.00,82.00,280,1,1,1
88,178.00,705.00,160.00,70.00,239,1,1,1
88,197.00,1038.00,148.00,66.00,246,1,1,1
88,199.00,684.00,151.00,65.00,220,1,1,1
88,354.00,749.00,143.00,61.00,210,1,1,1
88,560.00,839.00,142.00,61.00,217,1,1,1
88,564.00,816.00,151.00,66.00,232,1,1,1
88,593.00,795.00,311.00,159.00,548,1,1,1
88,618.00,405.00,125.00,44.00,139,1,1,1
88,1109.00,295.00,264.00,136.00,412,1,1,1
89,81.00,794.00,169.00,77.00,269,1,1,1
89,82.00,509.00,121.00,44.00,141,1,1,1
89,83.00,438.00,124.00,44.00,140,1,1,1
89,84.00,1402.00,120.00,65.00,227,1,1,1
89,87.00,602.00,232.00,115.00,377,1,1,1
89,90.00,1357.00,469.00,282.00,894,1,1,1
89,92.00,143.00,204.00,95.00,276,1,1,1
89,93.00,329.00,279.00,147.00,444,1,1,1
89,116.00,744.00,177.00,81.00,279,1,1,1
89,178.00,705.00,160.00,70.00,239,1,1,1
89,197.00,1038.00,148.00,66.00,246,1,1,1
89,199.00,693.00,151.00,64.00,219,1,1,1
89,354.00,749.00,143.00,61.00,210,1,1,1
89,560.00,839.00,142.00,61.00,217,1,1,1
89,564.00,819.00,151.00,66.00,232,1,1,1
89,593.00,769.00,291.00,149.00,509,1,1,1
89,618.00,415.00,124.00,43.00,136,1,1,1
89,1109.00,351.00,265.00,137.00,417,1,1,1
90,81.00,817.00,169.00,77.00,271,1,1,1
90,82.00,510.00,120.00,43.00,137,1,1,1
90,83.00,433.00,123.00,44.00,138,1,1,1
90,84.00,1350.00,119.00,60.00,218,1,1,1
90,87.00,697.00,230.00,113.00,381,1,1,1
90,90.00,1765.00,493.00,399.00,976,1,1,1
90,92.00,156.00,204.00,94.00,276,1,1,1
90,93.00,399.00,280.00,146.00,451,1,1,1
90,116.00,750.00,177.00,81.00,280,1,1,1
90,178.00,708.00,159.00,70.00,240,1,1,1
90,197.00,1038.00,148.00,66.00,246,1,1,1
90,199.00,708.00,151.00,65.00,221,1,1,1
90,354.00,749.00,143.00,61.00,210,1,1,1
90,560.00,839.00,142.00,61.00,217,1,1,1
90,564.00,819.00,151.00,66.00,232,1,1,1
90,593.00,783.00,280.00,142.00,487,1,1,1
90,618.00,419.00,122.00,42.00,134,1,1,1
90,1109.00,425.00,262.00,135.00,420,1,1,1
91,81.00,857.00,169.00,76.00,272,1,1,1
91,82.00,515.00,118.00,41.00,135,1,1,1
91,83.00,435.00,122.00,43.00,136,1,1,1
91,84.00,1303.00,117.00,55.00,209,1,1,1
91,87.00,765.00,229.00,112.00,385,1,1,1
91,92.00,168.00,203.00,94.00,275,1,1,1
91,93.00,486.00,280.00,145.00,460,1,1,1
91,94.00,127.00,312.00,171.00,489,1,1,1
91,116.00,764.00,178.00,82.00,281,1,1,1
91,178.00,708.00,159.00,70.00,240,1,1,1
91,197.00,1038.00,148.00,66.00,246,1,1,1
91,199.00,711.00,151.00,65.00,221,1,1,1
91,354.00,752.00,143.00,60.00,210,1,1,1
91,560.00,839.00,142.00,61.00,217,1,1,1
91,564.00,819.00,151.00,66.00,232,1,1,1
91,593.00,757.00,266.00,134.00,458,1,1,1
91,618.00,414.00,121.00,41.00,131,1,1,1
91,1109.00,473.00,264.00,135.00,427,1,1,1
92,81.00,873.00,169.00,77.00,275,1,1,1
92,82.00,520.00,117.00,40.00,132,1,1,1
92,83.00,439.00,121.00,42.00,132,1,1,1
92,84.00,1247.00,115.00,51.00,200,1,1,1
92,87.00,864.00,226.00,110.00,390,1,1,1
92,92.00,175.00,205.00,95.00,279,1,1,1
92,93.00,513.00,285.00,148.00,472,1,1,1
92,94.00,246.00,309.00,167.00,494,1,1,1
92,116.00,786.00,176.00,80.00,282,1,1,1
92,178.00,708.00,159.00,70.00,240,1,1,1
92,197.00,1038.00,148.00,66.00,246,1,1,1
92,199.00,705.00,151.00,65.00,221,1,1,1
92,354.00,752.00,143.00,60.00,210,1,1,1
92,560.00,839.00,142.00,61.00,217,1,1,1
92,564.00,819.00,151.00,66.00,232,1,1,1
92,593.00,749.00,249.00,125.00,425,1,1,1
92,1109.00,533.00,267.00,137.00,438,1,1,1
93,81.00,909.00,169.00,77.00,278,1,1,1
93,82.00,518.00,116.00,40.00,129,1,1,1
93,84.00,1207.00,113.00,49.00,192,1,1,1
93,87.00,968.00,225.00,109.00,398,1,1,1
93,92.00,187.00,204.00,95.00,279,1,1,1
93,93.00,593.00,284.00,147.00,477,1,1,1
93,94.00,301.00,306.00,164.00,494,1,1,1
93,95.00,50.00,229.00,111.00,318,1,1,1
93,116.00,811.00,177.00,81.00,284,1,1,1
93,178.00,705.00,160.00,70.00,239,1,1,1
93,197.00,1038.00,148.00,66.00,246,1,1,1
93,199.00,705.00,151.00,65.00,221,1,1,1
93,354.00,752.00,143.00,60.00,210,1,1,1
93,560.00,839.00,142.00,61.00,217,1,1,1
93,564.00,819.00,151.00,66.00,232,1,1,1
93,593.00,737.00,236.00,116.00,396,1,1,1
93,1109.00,601.00,269.00,137.00,448,1,1,1
94,81.00,926.00,169.00,77.00,280,1,1,1
94,84.00,1172.00,111.00,46.00,183,1,1,1
94,87.00,1070.00,222.00,106.00,401,1,1,1
94,92.00,213.00,206.00,96.00,286,1,1,1
94,94.00,369.00,313.00,168.00,515,1,1,1
94,95.00,64.00,226.00,110.00,314,1,1,1
94,116.00,774.00,179.00,83.00,285,1,1,1
94,178.00,697.00,160.00,71.00,239,1,1,1
94,197.00,1029.00,148.00,66.00,248,1,1,1
94,199.00,693.00,152.00,66.00,223,1,1,1
94,354.00,732.00,144.00,61.00,209,1,1,1
94,560.00,823.00,143.00,62.00,216,1,1,1
94,564.00,823.00,151.00,66.00,232,1,1,1
94,593.00,695.00,229.00,113.00,380,1,1,1
94,1017.00,1142.00,98.00,40.00,155,1,1,1
94,1109.00,659.00,282.00,145.00,481,1,1,1
95,81.00,895.00,170.00,77.00,277,1,1,1
95,84.00,1120.00,110.00,46.00,178,1,1,1
95,87.00,1180.00,220.00,106.00,406,1,1,1
95,92.00,266.00,203.00,95.00,287,1,1,1
95,94.00,447.00,302.00,160.00,500,1,1,1
95,95.00,115.00,219.00,105.00,303,1,1,1
95,116.00,777.00,179.00,83.00,287,1,1,1
95,178.00,697.00,160.00,71.00,239,1,1,1
95,197.00,1029.00,148.00,66.00,248,1,1,1
95,199.00,694.00,152.00,65.00,222,1,1,1
95,354.00,732.00,144.00,61.00,209,1,1,1
95,560.00,830.00,142.00,61.00,216,1,1,1
95,564.00,823.00,151.00,66.00,232,1,1,1
95,593.00,660.00,221.00,108.00,360,1,1,1
95,1017.00,1139.00,98.00,40.00,155,1,1,1
95,1020.00,57.00,183.00,78.00,223,1,1,1
95,1109.00,670.00,280.00,143.00,478,1,1,1
96,81.00,895.00,170.00,77.00,277,1,1,1
96,84.00,1096.00,109.00,45.00,173,1,1,1
96,87.00,1268.00,226.00,116.00,428,1,1,1
96,92.00,293.00,205.00,97.00,292,1,1,1
96,93.00,869.00,260.00,129.00,456,1,1,1
96,94.00,510.00,303.00,161.00,509,1,1,1
96,95.00,116.00,221.00,106.00,307,1,1,1
96,116.00,777.00,179.00,83.00,287,1,1,1
96,178.00,692.00,160.00,70.00,239,1,1,1
96,197.00,1029.00,148.00,66.00,248,1,1,1
96,199.00,696.00,152.00,65.00,223,1,1,1
96,354.00,733.00,144.00,61.00,208,1,1,1
96,560.00,830.00,142.00,61.00,216,1,1,1
96,564.00,823.00,151.00,66.00,232,1,1,1
96,593.00,674.00,210.00,100.00,338,1,1,1
96,1017.00,1136.00,98.00,40.00,155,1,1,1
96,1020.00,112.00,176.00,74.00,215,1,1,1
96,1021.00,65.00,196.00,88.00,253,1,1,1
96,1109.00,717.00,287.00,147.00,495,1,1,1
97,81.00,895.00,170.00,77.00,277,1,1,1
97,84.00,1075.00,109.00,45.00,171,1,1,1
97,87.00,1361.00,225.00,125.00,433,1,1,1
97,92.00,314.00,205.00,96.00,295,1,1,1
97,93.00,921.00,260.00,128.00,460,1,1,1
97,94.00,510.00,303.00,161.00,509,1,1,1
97,95.00,144.00,219.00,105.00,305,1,1,1
97,116.00,796.00,178.00,82.00,285,1,1,1
97,178.00,692.00,160.00,70.00,239,1,1,1
97,197.00,1029.00,148.00,66.00,248,1,1,1
97,199.00,700.00,152.00,65.00,223,1,1,1
97,354.00,733.00,144.00,61.00,208,1,1,1
97,560.00,830.00,142.00,61.00,216,1,1,1
97,564.00,823.00,151.00,66.00,232,1,1,1
97,593.00,647.00,202.00,96.00,319,1,1,1
97,1017.00,1136.00,98.00,40.00,155,1,1,1
97,1020.00,163.00,170.00,71.00,207,1,1,1
97,1021.00,159.00,189.00,84.00,245,1,1,1
97,1109.00,763.00,282.00,144.00,489,1,1,1
98,81.00,895.00,170.00,77.00,277,1,1,1
98,84.00,1067.00,110.00,45.00,171,1,1,1
98,87.00,1411.00,219.00,127.00,427,1,1,1
98,92.00,347.00,207.00,97.00,300,1,1,1
98,93.00,918.00,261.00,129.00,463,1,1,1
98,94.00,510.00,303.00,161.00,509,1,1,1
98,95.00,163.00,217.00,104.00,305,1,1,1
98,116.00,796.00,178.00,82.00,285,1,1,1
98,178.00,692.00,160.00,70.00,239,1,1,1
98,197.00,1029.00,148.00,66.00,248,1,1,1
98,199.00,700.00,152.00,65.00,223,1,1,1
98,354.00,728.00,144.00,61.00,209,1,1,1
98,560.00,832.00,143.00,62.00,216,1,1,1
98,564.00,823.00,151.00,66.00,232,1,1,1
98,593.00,635.00,195.00,92.00,306,1,1,1
98,1017.00,1136.00,98.00,40.00,155,1,1,1
98,1020.00,213.00,163.00,66.00,198,1,1,1
98,1021.00,240.00,182.00,80.00,239,1,1,1
98,1109.00,802.00,285.00,144.00,499,1,1,1
99,81.00,895.00,170.00,77.00,277,1,1,1
99,84.00,1055.00,110.00,45.00,172,1,1,1
99,87.00,1401.00,221.00,127.00,430,1,1,1
99,92.00,379.00,205.00,98.00,301,1,1,1
99,93.00,951.00,262.00,129.00,468,1,1,1
99,94.00,525.00,302.00,159.00,507,1,1,1
99,95.00,204.00,214.00,102.00,302,1,1,1
99,116.00,796.00,178.00,82.00,285,1,1,1
99,178.00,692.00,160.00,70.00,239,1,1,1
99,197.00,1029.00,148.00,66.00,248,1,1,1
99,199.00,702.00,152.00,65.00,222,1,1,1
99,354.00,728.00,144.00,61.00,209,1,1,1
99,560.00,838.00,142.00,61.00,217,1,1,1
99,564.00,823.00,151.00,66.00,232,1,1,1
99,593.00,601.00,192.00,89.00,295,1,1,1
99,1017.00,1136.00,98.00,40.00,155,1,1,1
99,1020.00,249.00,157.00,64.00,191,1,1,1
99,1021.00,313.00,176.00,77.00,236,1,1,1
99,1109.00,804.00,286.00,145.00,500,1,1,1
100,81.00,891.00,170.00,78.00,278,1,1,1
100,84.00,1069.00,111.00,45.00,173,1,1,1
100,87.00,1393.00,235.00,135.00,457,1,1,1
100,92.00,389.00,205.00,97.00,301,1,1,1
100,93.00,969.00,258.00,126.00,463,1,1,1
100,94.00,513.00,296.00,156.00,495,1,1,1
100,95.00,244.00,211.00,100.00,300,1,1,1
100,116.00,797.00,179.00,82.00,287,1,1,1
100,178.00,692.00,160.00,70.00,239,1,1,1
100,197.00,1029.00,148.00,66.00,248,1,1,1
100,199.00,713.00,150.00,65.00,221,1,1,1
100,354.00,735.00,144.00,61.00,209,1,1,1
100,560.00,835.00,142.00,61.00,217,1,1,1
100,564.00,823.00,151.00,66.00,232,1,1,1
100,593.00,608.00,187.00,87.00,286,1,1,1
100,1017.00,1136.00,98.00,40.00,155,1,1,1
100,1020.00,289.00,152.00,60.00,183,1,1,1
100,1021.00,363.00,173.00,76.00,233,1,1,1
100,1109.00,804.00,286.00,145.00,500,1,1,1
101,81.00,891.00,170.00,78.00,278,1,1,1
101,84.00,1087.00,110.00,46.00,175,1,1,1
101,87.00,1343.00,242.00,134.00,466,1,1,1
101,92.00,417.00,202.00,95.00,298,1,1,1
101,93.00,968.00,256.00,126.00,459,1,1,1
101,94.00,581.00,288.00,149.00,486,1,1,1
101,95.00,254.00,214.00,102.00,307,1,1,1
101,116.00,797.00,179.00,82.00,287,1,1,1
101,178.00,692.00,160.00,70.00,239,1,1,1
101,197.00,1029.00,148.00,66.00,248,1,1,1
101,199.00,737.00,149.00,65.00,221,1,1,1
101,354.00,743.00,143.00,61.00,209,1,1,1
101,560.00,835.00,142.00,61.00,217,1,1,1
101,564.00,823.00,151.00,66.00,232,1,1,1
101,593.00,565.00,186.00,86.00,279,1,1,1
101,1017.00,1131.00,99.00,40.00,154,1,1,1
101,1020.00,311.00,148.00,58.00,176,1,1,1
101,1021.00,388.00,169.00,73.00,228,1,1,1
101,1109.00,815.00,283.00,143.00,498,1,1,1
102,81.00,891.00,170.00,78.00,278,1,1,1
102,84.00,1112.00,110.00,45.00,177,1,1,1
102,87.00,1252.00,256.00,131.00,485,1,1,1
102,92.00,441.00,206.00,98.00,309,1,1,1
102,93.00,890.00,255.00,126.00,448,1,1,1
102,94.00,581.00,288.00,149.00,486,1,1,1
102,95.00,299.00,211.00,101.00,305,1,1,1
102,116.00,797.00,179.00,82.00,287,1,1,1
102,178.00,689.00,160.00,70.00,239,1,1,1
102,197.00,1029.00,148.00,66.00,248,1,1,1
102,199.00,726.00,150.00,65.00,222,1,1,1
102,354.00,743.00,143.00,61.00,209,1,1,1
102,560.00,838.00,142.00,61.00,217,1,1,1
102,564.00,823.00,151.00,66.00,232,1,1,1
102,593.00,550.00,183.00,83.00,271,1,1,1
102,1017.00,1131.00,99.00,40.00,154,1,1,1
102,1020.00,341.00,143.00,55.00,170,1,1,1
102,1021.00,433.00,165.00,71.00,224,1,1,1
102,1109.00,824.00,283.00,143.00,499,1,1,1
103,81.00,891.00,170.00,78.00,278,1,1,1
103,84.00,1130.00,110.00,45.00,177,1,1,1
103,87.00,1161.00,259.00,127.00,482,1,1,1
103,92.00,459.00,205.00,97.00,308,1,1,1
103,93.00,890.00,255.00,126.00,448,1,1,1
103,94.00,585.00,283.00,147.00,477,1,1,1
103,95.00,337.00,212.00,101.00,309,1,1,1
103,116.00,797.00,179.00,82.00,287,1,1,1
103,178.00,689.00,160.00,70.00,239,1,1,1
103,197.00,1029.00,148.00,66.00,248,1,1,1
103,199.00,705.00,151.00,65.00,223,1,1,1
103,354.00,743.00,143.00,61.00,209,1,1,1
103,560.00,838.00,142.00,61.00,217,1,1,1
103,564.00,823.00,151.00,66.00,232,1,1,1
103,593.00,512.00,181.00,82.00,264,1,1,1
103,1017.00,1131.00,99.00,40.00,154,1,1,1
103,1020.00,356.00,139.00,53.00,164,1,1,1
103,1021.00,452.00,164.00,70.00,223,1,1,1
103,1109.00,824.00,283.00,143.00,499,1,1,1
104,81.00,901.00,170.00,78.00,280,1,1,1
104,84.00,1127.00,110.00,46.00,178,1,1,1
104,87.00,1098.00,260.00,126.00,477,1,1,1
104,92.00,508.00,203.00,96.00,309,1,1,1
104,93.00,941.00,246.00,121.00,437,1,1,1
104,94.00,600.00,277.00,142.00,464,1,1,1
104,95.00,391.00,212.00,102.00,315,1,1,1
104,116.00,805.00,177.00,82.00,284,1,1,1
104,178.00,712.00,159.00,70.00,240,1,1,1
104,197.00,1035.00,147.00,65.00,246,1,1,1
104,199.00,693.00,152.00,65.00,221,1,1,1
104,354.00,752.00,143.00,60.00,210,1,1,1
104,560.00,826.00,143.00,61.00,217,1,1,1
104,564.00,823.00,151.00,66.00,232,1,1,1
104,593.00,490.00,179.00,81.00,259,1,1,1
104,1020.00,382.00,136.00,51.00,158,1,1,1
104,1021.00,490.00,160.00,68.00,218,1,1,1
104,1109.00,802.00,290.00,147.00,509,1,1,1
105,81.00,898.00,169.00,77.00,278,1,1,1
105,84.00,1119.00,110.00,45.00,176,1,1,1
105,87.00,1069.00,258.00,125.00,471,1,1,1
105,92.00,555.00,202.00,96.00,311,1,1,1
105,93.00,916.00,251.00,124.00,444,1,1,1
105,94.00,591.00,279.00,144.00,470,1,1,1
105,95.00,454.00,212.00,102.00,323,1,1,1
105,116.00,809.00,176.00,81.00,284,1,1,1
105,178.00,694.00,160.00,70.00,238,1,1,1
105,197.00,1029.00,148.00,65.00,246,1,1,1
105,199.00,689.00,152.00,65.00,221,1,1,1
105,354.00,751.00,143.00,60.00,209,1,1,1
105,560.00,835.00,143.00,61.00,217,1,1,1
105,564.00,828.00,151.00,66.00,232,1,1,1
105,593.00,480.00,177.00,79.00,253,1,1,1
105,1020.00,399.00,132.00,49.00,152,1,1,1
105,1021.00,502.00,160.00,68.00,219,1,1,1
105,1109.00,798.00,292.00,148.00,512,1,1,1
106,81.00,903.00,169.00,77.00,278,1,1,1
106,84.00,1133.00,110.00,46.00,177,1,1,1
106,87.00,1068.00,261.00,126.00,478,1,1,1
106,92.00,602.00,202.00,96.00,316,1,1,1
106,93.00,928.00,247.00,120.00,436,1,1,1
106,94.00,596.00,281.00,146.00,474,1,1,1
106,95.00,511.00,215.00,104.00,335,1,1,1
106,116.00,802.00,177.00,81.00,284,1,1,1
106,178.00,702.00,159.00,70.00,239,1,1,1
106,197.00,1029.00,148.00,65.00,246,1,1,1
106,199.00,691.00,152.00,65.00,222,1,1,1
106,354.00,749.00,143.00,60.00,208,1,1,1
106,560.00,848.00,142.00,61.00,218,1,1,1
106,564.00,804.00,152.00,67.00,233,1,1,1
106,593.00,430.00,177.00,79.00,248,1,1,1
106,1020.00,411.00,129.00,47.00,148,1,1,1
106,1021.00,511.00,160.00,69.00,220,1,1,1
106,1109.00,820.00,292.00,149.00,516,1,1,1
107,81.00,912.00,169.00,77.00,278,1,1,1
107,84.00,1144.00,110.00,46.00,179,1,1,1
107,87.00,1050.00,258.00,126.00,470,1,1,1
107,92.00,701.00,200.00,95.00,322,1,1,1
107,93.00,902.00,252.00,124.00,444,1,1,1
107,94.00,581.00,279.00,143.00,466,1,1,1
107,95.00,576.00,216.00,104.00,343,1,1,1
107,116.00,809.00,178.00,82.00,287,1,1,1
107,178.00,702.00,159.00,70.00,239,1,1,1
107,197.00,1023.00,148.00,66.00,247,1,1,1
107,199.00,689.00,152.00,66.00,223,1,1,1
107,354.00,731.00,144.00,61.00,209,1,1,1
107,560.00,830.00,143.00,61.00,217,1,1,1
107,564.00,804.00,152.00,67.00,233,1,1,1
107,593.00,422.00,175.00,77.00,243,1,1,1
107,1019.00,103.00,192.00,86.00,249,1,1,1
107,1020.00,418.00,127.00,45.00,142,1,1,1
107,1021.00,502.00,161.00,70.00,223,1,1,1
107,1109.00,786.00,302.00,154.00,531,1,1,1
108,81.00,909.00,169.00,77.00,278,1,1,1
108,84.00,1174.00,111.00,46.00,183,1,1,1
108,87.00,1055.00,261.00,126.00,474,1,1,1
108,92.00,750.00,201.00,95.00,328,1,1,1
108,93.00,908.00,251.00,123.00,444,1,1,1
108,94.00,595.00,278.00,144.00,467,1,1,1
108,95.00,670.00,215.00,104.00,347,1,1,1
108,116.00,813.00,178.00,82.00,287,1,1,1
108,178.00,705.00,160.00,70.00,239,1,1,1
108,197.00,1021.00,148.00,66.00,246,1,1,1
108,199.00,701.00,152.00,65.00,222,1,1,1
108,354.00,701.00,145.00,62.00,210,1,1,1
108,560.00,840.00,143.00,61.00,218,1,1,1
108,564.00,815.00,151.00,66.00,233,1,1,1
108,593.00,423.00,173.00,77.00,240,1,1,1
108,1019.00,140.00,189.00,84.00,246,1,1,1
108,1020.00,416.00,125.00,44.00,139,1,1,1
108,1021.00,490.00,163.00,70.00,225,1,1,1
108,1109.00,822.00,296.00,150.00,522,1,1,1
109,81.00,905.00,169.00,77.00,277,1,1,1
109,84.00,1217.00,111.00,48.00,188,1,1,1
109,87.00,1010.00,264.00,129.00,479,1,1,1
109,92.00,805.00,198.00,94.00,328,1,1,1
109,93.00,910.00,252.00,124.00,445,1,1,1
109,94.00,595.00,278.00,144.00,467,1,1,1
109,95.00,749.00,215.00,104.00,357,1,1,1
109,116.00,806.00,178.00,82.00,288,1,1,1
109,178.00,708.00,159.00,70.00,240,1,1,1
109,197.00,1026.00,148.00,66.00,248,1,1,1
109,199.00,702.00,152.00,65.00,222,1,1,1
109,354.00,700.00,145.00,62.00,210,1,1,1
109,560.00,830.00,143.00,62.00,218,1,1,1
109,564.00,820.00,151.00,66.00,234,1,1,1
109,593.00,409.00,171.00,75.00,235,1,1,1
109,1019.00,187.00,185.00,81.00,241,1,1,1
109,1020.00,420.00,121.00,42.00,131,1,1,1
109,1021.00,494.00,163.00,71.00,226,1,1,1
109,1109.00,812.00,304.00,155.00,537,1,1,1
109,1174.00,60.00,184.00,79.00,226,1,1,1
110,81.00,909.00,169.00,77.00,278,1,1,1
110,84.00,1255.00,112.00,49.00,194,1,1,1
110,87.00,995.00,267.00,131.00,482,1,1,1
110,92.00,900.00,195.00,91.00,329,1,1,1
110,93.00,919.00,250.00,123.00,443,1,1,1
110,94.00,584.00,280.00,145.00,470,1,1,1
110,95.00,842.00,210.00,100.00,354,1,1,1
110,116.00,817.00,177.00,81.00,287,1,1,1
110,178.00,711.00,159.00,70.00,239,1,1,1
110,197.00,1032.00,148.00,66.00,247,1,1,1
110,199.00,699.00,152.00,65.00,222,1,1,1
110,354.00,700.00,145.00,62.00,210,1,1,1
110,560.00,839.00,142.00,61.00,217,1,1,1
110,564.00,820.00,151.00,66.00,234,1,1,1
110,593.00,403.00,169.00,74.00,229,1,1,1
110,1019.00,217.00,182.00,79.00,237,1,1,1
110,1020.00,426.00,121.00,41.00,133,1,1,1
110,1021.00,511.00,163.00,71.00,227,1,1,1
110,1109.00,822.00,296.00,150.00,522,1,1,1
110,1174.00,96.00,178.00,76.00,218,1,1,1
111,81.00,897.00,169.00,77.00,277,1,1,1
111,84.00,1299.00,113.00,53.00,202,1,1,1
111,87.00,1004.00,267.00,131.00,483,1,1,1
111,92.00,975.00,188.00,88.00,324,1,1,1
111,93.00,908.00,251.00,123.00,444,1,1,1
111,94.00,576.00,280.00,144.00,469,1,1,1
111,95.00,988.00,202.00,95.00,351,1,1,1
111,116.00,808.00,178.00,82.00,286,1,1,1
111,178.00,711.00,159.00,70.00,239,1,1,1
111,197.00,1038.00,148.00,66.00,246,1,1,1
111,199.00,699.00,152.00,65.00,222,1,1,1
111,354.00,737.00,143.00,60.00,208,1,1,1
111,560.00,835.00,143.00,61.00,217,1,1,1
111,564.00,821.00,152.00,67.00,233,1,1,1
111,593.00,400.00,167.00,72.00,225,1,1,1
111,1019.00,257.00,178.00,78.00,234,1,1,1
111,1021.00,515.00,163.00,70.00,227,1,1,1
111,1109.00,802.00,296.00,151.00,519,1,1,1
111,1174.00,111.00,175.00,74.00,213,1,1,1
112,81.00,900.00,168.00,77.00,276,1,1,1
112,84.00,1346.00,114.00,57.00,209,1,1,1
112,87.00,999.00,272.00,134.00,491,1,1,1
112,92.00,1054.00,179.00,82.00,311,1,1,1
112,93.00,922.00,251.00,123.00,443,1,1,1
112,94.00,568.00,283.00,147.00,475,1,1,1
112,95.00,1079.00,190.00,89.00,338,1,1,1
112,116.00,797.00,179.00,82.00,287,1,1,1
112,178.00,711.00,159.00,70.00,239,1,1,1
112,197.00,1038.00,148.00,66.00,246,1,1,1
112,199.00,699.00,152.00,65.00,222,1,1,1
112,354.00,755.00,142.00,60.00,206,1,1,1
112,560.00,836.00,142.00,60.00,216,1,1,1
112,564.00,822.00,151.00,66.00,233,1,1,1
112,593.00,422.00,165.00,71.00,221,1,1,1
112,1019.00,309.00,175.00,76.00,232,1,1,1
112,1021.00,522.00,162.00,70.00,228,1,1,1
112,1109.00,817.00,300.00,153.00,529,1,1,1
112,1174.00,142.00,171.00,71.00,209,1,1,1
112,1175.00,99.00,183.00,79.00,229,1,1,1
113,81.00,907.00,169.00,77.00,278,1,1,1
113,84.00,1412.00,116.00,62.00,219,1,1,1
113,87.00,976.00,267.00,132.00,480,1,1,1
113,92.00,1095.00,169.00,77.00,295,1,1,1
113,93.00,922.00,251.00,123.00,443,1,1,1
113,94.00,575.00,283.00,146.00,474,1,1,1
113,95.00,1164.00,179.00,82.00,324,1,1,1
113,116.00,813.00,178.00,82.00,287,1,1,1
113,178.00,711.00,159.00,70.00,239,1,1,1
113,197.00,1032.00,148.00,66.00,247,1,1,1
113,199.00,698.00,152.00,65.00,222,1,1,1
113,354.00,749.00,142.00,61.00,208,1,1,1
113,560.00,823.00,143.00,61.00,217,1,1,1
113,564.00,822.00,151.00,66.00,233,1,1,1
113,593.00,443.00,161.00,69.00,217,1,1,1
113,1019.00,346.00,171.00,74.00,228,1,1,1
113,1021.00,519.00,163.00,71.00,230,1,1,1
113,1109.00,800.00,295.00,150.00,518,1,1,1
113,1174.00,156.00,169.00,69.00,204,1,1,1
113,1175.00,145.00,178.00,77.00,224,1,1,1
114,81.00,902.00,168.00,76.00,277,1,1,1
114,84.00,1478.00,117.00,67.00,228,1,1,1
114,87.00,992.00,266.00,130.00,481,1,1,1
114,92.00,1115.00,161.00,73.00,282,1,1,1
114,93.00,904.00,254.00,126.00,449,1,1,1
114,94.00,601.00,286.00,148.00,484,1,1,1
114,95.00,1212.00,168.00,78.00,304,1,1,1
114,116.00,802.00,179.00,82.00,287,1,1,1
114,178.00,708.00,159.00,70.00,240,1,1,1
114,197.00,1034.00,148.00,66.00,248,1,1,1
114,199.00,698.00,151.00,65.00,221,1,1,1
114,354.00,747.00,144.00,61.00,210,1,1,1
114,560.00,835.00,142.00,61.00,217,1,1,1
114,564.00,807.00,152.00,67.00,233,1,1,1
114,593.00,467.00,158.00,66.00,211,1,1,1
114,1019.00,375.00,168.00,72.00,224,1,1,1
114,1021.00,516.00,164.00,71.00,229,1,1,1
114,1101.00,170.00,335.00,186.00,538,1,1,1
114,1109.00,817.00,292.00,148.00,514,1,1,1
114,1121.00,1821.00,126.00,102.00,282,1,1,1
114,1169.00,1715.00,133.00,98.00,285,1,1,1
114,1174.00,178.00,166.00,68.00,200,1,1,1
114,1175.00,173.00,175.00,75.00,219,1,1,1
115,81.00,893.00,169.00,77.00,278,1,1,1
115,84.00,1540.00,119.00,73.00,237,1,1,1
115,87.00,982.00,264.00,130.00,476,1,1,1
115,92.00,1135.00,153.00,69.00,267,1,1,1
115,93.00,899.00,252.00,124.00,442,1,1,1
115,94.00,592.00,283.00,146.00,475,1,1,1
115,95.00,1240.00,158.00,74.00,287,1,1,1
115,116.00,809.00,178.00,82.00,287,1,1,1
115,178.00,698.00,159.00,70.00,239,1,1,1
115,197.00,1031.00,149.00,67.00,249,1,1,1
115,199.00,698.00,151.00,65.00,221,1,1,1
115,354.00,738.00,144.00,61.00,210,1,1,1
115,560.00,831.00,143.00,61.00,216,1,1,1
115,564.00,807.00,152.00,66.00,234,1,1,1
115,593.00,486.00,155.00,65.00,209,1,1,1
115,1019.00,418.00,163.00,69.00,220,1,1,1
115,1021.00,483.00,166.00,72.00,230,1,1,1
115,1035.00,153.00,259.00,133.00,388,1,1,1
115,1036.00,89.00,375.00,215.00,608,1,1,1
115,1101.00,337.00,338.00,185.00,560,1,1,1
115,1107.00,991.00,97.00,37.00,138,1,1,1
115,1109.00,836.00,294.00,149.00,520,1,1,1
115,1121.00,1763.00,125.00,97.00,274,1,1,1
115,1169.00,1634.00,132.00,91.00,274,1,1,1
115,1174.00,205.00,162.00,66.00,196,1,1,1
115,1175.00,201.00,172.00,73.00,215,1,1,1
116,81.00,902.00,168.00,76.00,277,1,1,1
116,84.00,1626.00,118.00,79.00,244,1,1,1
116,87.00,979.00,266.00,131.00,478,1,1,1
116,92.00,1138.00,147.00,66.00,255,1,1,1
116,93.00,877.00,251.00,124.00,438,1,1,1
116,94.00,590.00,276.00,142.00,463,1,1,1
116,95.00,1239.00,149.00,69.00,270,1,1,1
116,116.00,825.00,178.00,82.00,288,1,1,1
116,178.00,717.00,159.00,70.00,238,1,1,1
116,197.00,1031.00,148.00,66.00,248,1,1,1
116,199.00,689.00,152.00,65.00,221,1,1,1
116,354.00,727.00,145.00,62.00,211,1,1,1
116,593.00,525.00,151.00,63.00,204,1,1,1
116,1019.00,457.00,161.00,68.00,216,1,1,1
116,1021.00,455.00,170.00,74.00,237,1,1,1
116,1035.00,282.00,250.00,127.00,381,1,1,1
116,1036.00,259.00,386.00,219.00,645,1,1,1
116,1101.00,469.00,342.00,185.00,580,1,1,1
116,1107.00,985.00,98.00,37.00,138,1,1,1
116,1109.00,844.00,291.00,147.00,515,1,1,1
116,1121.00,1659.00,125.00,87.00,261,1,1,1
116,1169.00,1548.00,131.00,82.00,262,1,1,1
116,1174.00,224.00,161.00,65.00,194,1,1,1
116,1175.00,230.00,166.00,69.00,207,1,1,1
117,81.00,907.00,169.00,77.00,278,1,1,1
117,84.00,1734.00,117.00,87.00,253,1,1,1
117,87.00,988.00,266.00,131.00,478,1,1,1
117,92.00,1132.00,141.00,62.00,244,1,1,1
117,93.00,905.00,251.00,123.00,442,1,1,1
117,94.00,610.00,277.00,143.00,467,1,1,1
117,95.00,1231.00,142.00,65.00,253,1,1,1
117,116.00,817.00,177.00,81.00,287,1,1,1
117,178.00,699.00,160.00,70.00,238,1,1,1
117,197.00,1037.00,148.00,66.00,247,1,1,1
117,199.00,699.00,151.00,65.00,222,1,1,1
117,354.00,732.00,144.00,61.00,209,1,1,1
117,560.00,833.00,144.00,62.00,218,1,1,1
117,564.00,800.00,152.00,67.00,233,1,1,1
117,593.00,548.00,147.00,61.00,199,1,1,1
117,1019.00,503.00,156.00,66.00,213,1,1,1
117,1021.00,390.00,176.00,78.00,241,1,1,1
117,1035.00,409.00,236.00,117.00,366,1,1,1
117,1036.00,436.00,395.00,220.00,678,1,1,1
117,1039.00,84.00,182.00,78.00,225,1,1,1
117,1101.00,608.00,350.00,187.00,607,1,1,1
117,1107.00,980.00,98.00,37.00,139,1,1,1
117,1109.00,870.00,290.00,146.00,516,1,1,1
117,1121.00,1578.00,124.00,80.00,253,1,1,1
117,1169.00,1489.00,129.00,76.00,253,1,1,1
117,1174.00,246.00,157.00,63.00,190,1,1,1
117,1175.00,251.00,163.00,67.00,203,1,1,1
117,1178.00,73.00,256.00,131.00,375,1,1,1
118,81.00,896.00,170.00,78.00,278,1,1,1
118,84.00,1789.00,116.00,91.00,258,1,1,1
118,87.00,1004.00,265.00,130.00,479,1,1,1
118,92.00,1110.00,137.00,60.00,231,1,1,1
118,93.00,905.00,251.00,123.00,442,1,1,1
118,94.00,611.00,281.00,145.00,473,1,1,1
118,95.00,1227.00,135.00,61.00,241,1,1,1
118,178.00,710.00,159.00,70.00,239,1,1,1
118,197.00,1026.00,148.00,66.00,248,1,1,1
118,199.00,699.00,151.00,65.00,222,1,1,1
118,354.00,737.00,144.00,62.00,211,1,1,1
118,560.00,839.00,142.00,61.00,217,1,1,1
118,564.00,800.00,153.00,66.00,233,1,1,1
118,593.00,590.00,145.00,60.00,197,1,1,1
118,1019.00,550.00,152.00,64.00,209,1,1,1
118,1021.00,361.00,180.00,80.00,248,1,1,1
118,1035.00,556.00,227.00,112.00,362,1,1,1
118,1036.00,645.00,398.00,215.00,700,1,1,1
118,1039.00,140.00,173.00,72.00,211,1,1,1
118,1101.00,774.00,359.00,188.00,639,1,1,1
118,1107.00,975.00,99.00,37.00,141,1,1,1
118,1109.00,887.00,290.00,145.00,516,1,1,1
118,1121.00,1520.00,123.00,75.00,243,1,1,1
118,1124.00,808.00,178.00,82.00,286,1,1,1
118,1169.00,1451.00,127.00,72.00,246,1,1,1
118,1174.00,264.00,154.00,61.00,186,1,1,1
118,1175.00,269.00,159.00,64.00,194,1,1,1
118,1178.00,214.00,244.00,123.00,364,1,1,1
119,81.00,898.00,169.00,77.00,278,1,1,1
119,87.00,979.00,264.00,129.00,474,1,1,1
119,92.00,1085.00,133.00,58.00,220,1,1,1
119,93.00,905.00,249.00,123.00,439,1,1,1
119,94.00,579.00,281.00,146.00,472,1,1,1
119,95.00,1205.00,130.00,58.00,226,1,1,1
119,116.00,817.00,177.00,81.00,287,1,1,1
119,178.00,709.00,160.00,70.00,239,1,1,1
119,197.00,1037.00,148.00,66.00,247,1,1,1
119,354.00,737.00,144.00,62.00,211,1,1,1
119,560.00,832.00,143.00,62.00,216,1,1,1
119,564.00,803.00,152.00,67.00,232,1,1,1
119,593.00,626.00,141.00,58.00,194,1,1,1
119,1019.00,596.00,148.00,62.00,205,1,1,1
119,1021.00,330.00,184.00,83.00,255,1,1,1
119,1035.00,669.00,216.00,104.00,349,1,1,1
119,1036.00,852.00,420.00,220.00,760,1,1,1
119,1039.00,172.00,166.00,68.00,201,1,1,1
119,1048.00,50.00,177.00,73.00,210,1,1,1
119,1101.00,1025.00,377.00,190.00,695,1,1,1
119,1107.00,971.00,99.00,38.00,141,1,1,1
119,1109.00,870.00,290.00,146.00,516,1,1,1
119,1121.00,1480.00,121.00,71.00,236,1,1,1
119,1169.00,1393.00,125.00,66.00,236,1,1,1
119,1174.00,264.00,153.00,61.00,184,1,1,1
119,1175.00,298.00,155.00,62.00,189,1,1,1
119,1178.00,330.00,237.00,118.00,359,1,1,1
120,81.00,903.00,169.00,77.00,278,1,1,1
120,87.00,976.00,267.00,132.00,480,1,1,1
120,92.00,1058.00,130.00,56.00,211,1,1,1
120,93.00,900.00,248.00,122.00,436,1,1,1
120,94.00,608.00,277.00,143.00,465,1,1,1
120,95.00,1175.00,126.00,54.00,215,1,1,1
120,116.00,831.00,176.00,81.00,286,1,1,1
120,178.00,708.00,159.00,70.00,240,1,1,1
120,197.00,1034.00,148.00,66.00,248,1,1,1
120,199.00,723.00,150.00,65.00,222,1,1,1
120,354.00,738.00,144.00,61.00,210,1,1,1
120,560.00,838.00,142.00,61.00,217,1,1,1
120,564.00,804.00,152.00,67.00,233,1,1,1
120,593.00,681.00,138.00,57.00,191,1,1,1
120,1019.00,628.00,146.00,61.00,204,1,1,1
120,1021.00,303.00,188.00,85.00,257,1,1,1
120,1035.00,804.00,206.00,98.00,342,1,1,1
120,1036.00,1107.00,433.00,225.00,807,1,1,1
120,1039.00,194.00,162.00,66.00,194,1,1,1
120,1048.00,110.00,168.00,69.00,199,1,1,1
120,1057.00,56.00,168.00,67.00,192,1,1,1
120,1101.00,1158.00,384.00,199.00,720,1,1,1
120,1107.00,966.00,100.00,38.00,141,1,1,1
120,1109.00,869.00,293.00,148.00,520,1,1,1
120,1121.00,1432.00,119.00,66.00,226,1,1,1
120,1169.00,1351.00,123.00,63.00,228,1,1,1
120,1174.00,270.00,150.00,58.00,177,1,1,1
120,1175.00,311.00,150.00,60.00,182,1,1,1
120,1178.00,460.00,227.00,112.00,352,1,1,1
120,1201.00,1134.00,98.00,39.00,155,1,1,1
121,81.00,895.00,170.00,77.00,279,1,1,1
121,87.00,970.00,270.00,133.00,485,1,1,1
121,92.00,1037.00,126.00,53.00,202,1,1,1
121,93.00,925.00,250.00,122.00,441,1,1,1
121,94.00,625.00,277.00,142.00,467,1,1,1
121,95.00,1137.00,122.00,52.00,205,1,1,1
121,116.00,819.00,179.00,82.00,291,1,1,1
121,178.00,708.00,159.00,70.00,240,1,1,1
121,197.00,1037.00,148.00,66.00,247,1,1,1
121,199.00,704.00,151.00,65.00,221,1,1,1
121,354.00,734.00,145.00,61.00,210,1,1,1
121,560.00,835.00,143.00,61.00,217,1,1,1
121,564.00,806.00,152.00,66.00,233,1,1,1
121,593.00,710.00,135.00,55.00,190,1,1,1
121,1019.00,668.00,143.00,60.00,203,1,1,1
121,1021.00,280.00,191.00,87.00,264,1,1,1
121,1035.00,920.00,197.00,93.00,337,1,1,1
121,1036.00,1376.00,465.00,284.00,889,1,1,1
121,1039.00,200.00,158.00,63.00,186,1,1,1
121,1048.00,137.00,163.00,65.00,191,1,1,1
121,1057.00,83.00,163.00,64.00,184,1,1,1
121,1101.00,1436.00,397.00,249.00,769,1,1,1
121,1107.00,969.00,100.00,38.00,140,1,1,1
121,1109.00,868.00,287.00,144.00,510,1,1,1
121,1121.00,1382.00,117.00,60.00,217,1,1,1
121,1169.00,1300.00,121.00,57.00,218,1,1,1
121,1174.00,273.00,148.00,57.00,173,1,1,1
121,1175.00,319.00,148.00,58.00,177,1,1,1
121,1178.00,587.00,219.00,107.00,350,1,1,1
121,1192.00,112.00,349.00,197.00,561,1,1,1
122,81.00,905.00,169.00,77.00,279,1,1,1
122,87.00,977.00,271.00,134.00,488,1,1,1
122,92.00,1020.00,123.00,51.00,193,1,1,1
122,93.00,927.00,249.00,122.00,439,1,1,1
122,94.00,595.00,278.00,144.00,467,1,1,1
122,95.00,1111.00,120.00,51.00,198,1,1,1
122,116.00,822.00,180.00,83.00,291,1,1,1
122,178.00,708.00,159.00,70.00,240,1,1,1
122,197.00,1037.00,148.00,66.00,247,1,1,1
122,199.00,711.00,151.00,66.00,222,1,1,1
122,354.00,738.00,144.00,61.00,210,1,1,1
122,560.00,832.00,143.00,61.00,217,1,1,1
122,593.00,747.00,133.00,54.00,187,1,1,1
122,1019.00,693.00,141.00,59.00,201,1,1,1
122,1021.00,270.00,193.00,87.00,265,1,1,1
122,1035.00,1042.00,187.00,87.00,327,1,1,1
122,1036.00,1692.00,483.00,371.00,950,1,1,1
122,1039.00,197.00,155.00,61.00,180,1,1,1
122,1048.00,148.00,160.00,64.00,185,1,1,1
122,1057.00,85.00,160.00,62.00,179,1,1,1
122,1063.00,114.00,403.00,234.00,663,1,1,1
122,1101.00,1729.00,431.00,337.00,862,1,1,1
122,1107.00,968.00,100.00,38.00,142,1,1,1
122,1109.00,844.00,289.00,146.00,510,1,1,1
122,1121.00,1358.00,115.00,58.00,211,1,1,1
122,1169.00,1267.00,119.00,55.00,211,1,1,1
122,1174.00,276.00,146.00,56.00,170,1,1,1
122,1175.00,335.00,144.00,55.00,171,1,1,1
122,1178.00,727.00,210.00,101.00,344,1,1,1
122,1192.00,258.00,370.00,208.00,614,1,1,1
123,81.00,893.00,169.00,77.00,278,1,1,1
123,87.00,986.00,269.00,132.00,485,1,1,1
123,92.00,994.00,120.00,50.00,186,1,1,1
123,93.00,925.00,251.00,123.00,445,1,1,1
123,94.00,608.00,279.00,143.00,471,1,1,1
123,95.00,1080.00,117.00,49.00,188,1,1,1
123,116.00,814.00,179.00,82.00,288,1,1,1
123,178.00,708.00,159.00,70.00,240,1,1,1
123,197.00,1037.00,148.00,66.00,247,1,1,1
123,199.00,702.00,152.00,65.00,222,1,1,1
123,354.00,751.00,144.00,62.00,211,1,1,1
123,560.00,834.00,143.00,61.00,217,1,1,1
123,564.00,787.00,152.00,66.00,231,1,1,1
123,593.00,788.00,130.00,53.00,185,1,1,1
123,1019.00,723.00,139.00,58.00,197,1,1,1
123,1021.00,279.00,193.00,88.00,266,1,1,1
123,1035.00,1141.00,180.00,83.00,322,1,1,1
123,1039.00,205.00,153.00,59.00,175,1,1,1
123,1048.00,153.00,156.00,61.00,179,1,1,1
123,1057.00,105.00,156.00,59.00,173,1,1,1
123,1063.00,279.00,432.00,248.00,733,1,1,1
123,1107.00,965.00,100.00,38.00,141,1,1,1
123,1109.00,886.00,294.00,148.00,526,1,1,1
123,1121.00,1314.00,114.00,55.00,205,1,1,1
123,1169.00,1245.00,118.00,52.00,205,1,1,1
123,1174.00,280.00,144.00,55.00,165,1,1,1
123,1175.00,338.00,142.00,54.00,167,1,1,1
123,1178.00,836.00,200.00,95.00,334,1,1,1
123,1192.00,427.00,379.00,210.00,647,1,1,1
124,81.00,896.00,170.00,78.00,278,1,1,1
124,87.00,1026.00,266.00,130.00,482,1,1,1
124,92.00,986.00,117.00,48.00,179,1,1,1
124,93.00,922.00,246.00,120.00,434,1,1,1
124,94.00,601.00,274.00,141.00,460,1,1,1
124,95.00,1060.00,115.00,47.00,182,1,1,1
124,116.00,803.00,177.00,82.00,285,1,1,1
124,178.00,693.00,160.00,70.00,239,1,1,1
124,197.00,1038.00,148.00,66.00,246,1,1,1
124,199.00,706.00,152.00,65.00,222,1,1,1
124,354.00,735.00,144.00,62.00,211,1,1,1
124,560.00,836.00,143.00,62.00,216,1,1,1
124,564.00,812.00,152.00,66.00,233,1,1,1
124,593.00,836.00,127.00,52.00,184,1,1,1
124,1019.00,771.00,136.00,57.00,198,1,1,1
124,1021.00,287.00,193.00,88.00,266,1,1,1
124,1035.00,1231.00,171.00,81.00,314,1,1,1
124,1039.00,225.00,149.00,57.00,170,1,1,1
124,1048.00,152.00,154.00,59.00,172,1,1,1
124,1063.00,490.00,460.00,258.00,803,1,1,1
124,1107.00,971.00,100.00,39.00,141,1,1,1
124,1109.00,910.00,290.00,145.00,520,1,1,1
124,1121.00,1294.00,113.00,52.00,199,1,1,1
124,1132.00,308.00,393.00,223.00,663,1,1,1
124,1169.00,1206.00,116.00,50.00,199,1,1,1
124,1174.00,288.00,141.00,53.00,161,1,1,1
124,1175.00,342.00,140.00,53.00,164,1,1,1
124,1178.00,935.00,190.00,89.00,324,1,1,1
124,1192.00,652.00,401.00,216.00,708,1,1,1
124,1199.00,92.00,205.00,94.00,272,1,1,1
125,81.00,896.00,170.00,78.00,278,1,1,1
125,87.00,1008.00,268.00,131.00,484,1,1,1
125,92.00,969.00,115.00,46.00,173,1,1,1
125,93.00,922.00,246.00,120.00,434,1,1,1
125,94.00,605.00,275.00,141.00,463,1,1,1
125,95.00,1045.00,112.00,46.00,175,1,1,1
125,116.00,803.00,177.00,82.00,285,1,1,1
125,178.00,693.00,160.00,70.00,239,1,1,1
125,197.00,1038.00,148.00,66.00,246,1,1,1
125,199.00,697.00,152.00,65.00,222,1,1,1
125,354.00,735.00,144.00,62.00,211,1,1,1
125,560.00,836.00,143.00,62.00,216,1,1,1
125,564.00,812.00,152.00,66.00,233,1,1,1
125,593.00,891.00,124.00,51.00,184,1,1,1
125,1019.00,802.00,135.00,56.00,197,1,1,1
125,1021.00,285.00,192.00,87.00,264,1,1,1
125,1035.00,1322.00,163.00,84.00,307,1,1,1
125,1039.00,286.00,145.00,54.00,167,1,1,1
125,1048.00,151.00,151.00,58.00,168,1,1,1
125,1063.00,706.00,517.00,281.00,923,1,1,1
125,1107.00,971.00,100.00,39.00,141,1,1,1
125,1121.00,1260.00,111.00,50.00,193,1,1,1
125,1132.00,486.00,406.00,225.00,702,1,1,1
125,1169.00,1183.00,114.00,48.00,192,1,1,1
125,1174.00,300.00,139.00,51.00,156,1,1,1
125,1175.00,352.00,137.00,52.00,159,1,1,1
125,1178.00,1050.00,179.00,82.00,311,1,1,1
125,1192.00,839.00,393.00,205.00,710,1,1,1
125,1199.00,181.00,198.00,91.00,268,1,1,1
126,81.00,896.00,170.00,78.00,278,1,1,1
126,87.00,995.00,269.00,133.00,486,1,1,1
126,92.00,940.00,113.00,45.00,167,1,1,1
126,93.00,922.00,246.00,120.00,434,1,1,1
126,94.00,605.00,275.00,141.00,463,1,1,1
126,95.00,1027.00,110.00,44.00,169,1,1,1
126,116.00,803.00,177.00,82.00,285,1,1,1
126,178.00,693.00,160.00,70.00,239,1,1,1
126,197.00,1038.00,148.00,66.00,246,1,1,1
126,199.00,697.00,152.00,65.00,222,1,1,1
126,354.00,735.00,144.00,62.00,211,1,1,1
126,560.00,839.00,142.00,61.00,217,1,1,1
126,564.00,812.00,152.00,66.00,233,1,1,1
126,593.00,923.00,122.00,50.00,183,1,1,1
126,1019.00,840.00,132.00,55.00,197,1,1,1
126,1021.00,301.00,189.00,85.00,259,1,1,1
126,1035.00,1397.00,156.00,85.00,299,1,1,1
126,1039.00,249.00,142.00,53.00,159,1,1,1
126,1048.00,165.00,148.00,55.00,161,1,1,1
126,1063.00,1114.00,559.00,303.00,1031,1,1,1
126,1107.00,971.00,100.00,39.00,141,1,1,1
126,1109.00,859.00,295.00,149.00,524,1,1,1
126,1121.00,1230.00,110.00,48.00,189,1,1,1
126,1132.00,707.00,469.00,254.00,838,1,1,1
126,1169.00,1164.00,113.00,47.00,186,1,1,1
126,1174.00,315.00,136.00,50.00,153,1,1,1
126,1175.00,367.00,135.00,50.00,154,1,1,1
126,1178.00,1132.00,171.00,79.00,304,1,1,1
126,1192.00,1036.00,415.00,209.00,766,1,1,1
126,1199.00,239.00,190.00,85.00,257,1,1,1
127,81.00,896.00,170.00,78.00,278,1,1,1
127,87.00,995.00,269.00,133.00,486,1,1,1
127,92.00,918.00,112.00,44.00,161,1,1,1
127,93.00,925.00,246.00,120.00,436,1,1,1
127,94.00,621.00,275.00,142.00,465,1,1,1
127,95.00,998.00,108.00,43.00,162,1,1,1
127,116.00,803.00,177.00,82.00,285,1,1,1
127,178.00,693.00,160.00,70.00,239,1,1,1
127,197.00,1038.00,148.00,66.00,246,1,1,1
127,199.00,697.00,152.00,65.00,222,1,1,1
127,354.00,735.00,144.00,62.00,211,1,1,1
127,560.00,824.00,143.00,62.00,217,1,1,1
127,564.00,812.00,152.00,66.00,233,1,1,1
127,593.00,958.00,120.00,49.00,181,1,1,1
127,1019.00,859.00,131.00,54.00,194,1,1,1
127,1021.00,316.00,184.00,82.00,252,1,1,1
127,1035.00,1473.00,149.00,88.00,292,1,1,1
127,1063.00,1270.00,524.00,298.00,983,1,1,1
127,1107.00,971.00,100.00,39.00,141,1,1,1
127,1109.00,856.00,292.00,148.00,517,1,1,1
127,1121.00,1201.00,109.00,46.00,184,1,1,1
127,1132.00,796.00,551.00,296.00,993,1,1,1
127,1169.00,1137.00,112.00,46.00,182,1,1,1
127,1174.00,318.00,134.00,48.00,149,1,1,1
127,1175.00,361.00,134.00,49.00,151,1,1,1
127,1178.00,1213.00,164.00,77.00,298,1,1,1
127,1192.00,1286.00,437.00,246.00,829,1,1,1
127,1199.00,281.00,185.00,83.00,252,1,1,1
128,81.00,898.00,169.00,77.00,278,1,1,1
128,87.00,995.00,269.00,133.00,486,1,1,1
128,92.00,907.00,110.00,43.00,156,1,1,1
128,93.00,925.00,246.00,120.00,436,1,1,1
128,94.00,621.00,275.00,142.00,465,1,1,1
128,95.00,970.00,107.00,42.00,156,1,1,1
128,116.00,809.00,176.00,81.00,284,1,1,1
128,178.00,693.00,160.00,70.00,239,1,1,1
128,197.00,1038.00,148.00,66.00,246,1,1,1
128,199.00,697.00,152.00,65.00,222,1,1,1
128,354.00,735.00,144.00,62.00,211,1,1,1
128,560.00,825.00,143.00,62.00,218,1,1,1
128,564.00,812.00,152.00,66.00,233,1,1,1
128,593.00,991.00,118.00,48.00,181,1,1,1
128,1019.00,898.00,129.00,54.00,195,1,1,1
128,1021.00,376.00,177.00,78.00,242,1,1,1
128,1035.00,1550.00,143.00,90.00,287,1,1,1
128,1063.00,1539.00,567.00,400.00,1084,1,1,1
128,1107.00,971.00,100.00,39.00,141,1,1,1
128,1109.00,876.00,294.00,148.00,525,1,1,1
128,1132.00,1135.00,595.00,328.00,1096,1,1,1
128,1169.00,1105.00,111.00,46.00,178,1,1,1
128,1174.00,319.00,133.00,47.00,146,1,1,1
128,1175.00,362.00,132.00,47.00,148,1,1,1
128,1178.00,1289.00,157.00,77.00,292,1,1,1
128,1199.00,305.00,180.00,79.00,241,1,1,1
129,81.00,898.00,169.00,77.00,278,1,1,1
129,87.00,995.00,269.00,133.00,486,1,1,1
129,92.00,880.00,108.00,42.00,151,1,1,1
129,93.00,925.00,246.00,120.00,436,1,1,1
129,94.00,621.00,275.00,142.00,465,1,1,1
129,95.00,947.00,106.00,41.00,152,1,1,1
129,116.00,809.00,176.00,81.00,284,1,1,1
129,178.00,693.00,160.00,70.00,239,1,1,1
129,197.00,1038.00,148.00,66.00,246,1,1,1
129,199.00,697.00,152.00,65.00,222,1,1,1
129,354.00,735.00,144.00,62.00,211,1,1,1
129,560.00,843.00,143.00,61.00,217,1,1,1
129,564.00,812.00,152.00,66.00,233,1,1,1
129,593.00,1042.00,116.00,48.00,182,1,1,1
129,1019.00,905.00,129.00,54.00,195,1,1,1
129,1021.00,423.00,170.00,74.00,232,1,1,1
129,1035.00,1620.00,136.00,92.00,281,1,1,1
129,1107.00,971.00,100.00,39.00,141,1,1,1
129,1109.00,829.00,287.00,145.00,506,1,1,1
129,1121.00,1138.00,107.00,45.00,173,1,1,1
129,1132.00,1582.00,731.00,551.00,1363,1,1,1
129,1169.00,1085.00,110.00,45.00,175,1,1,1
129,1175.00,368.00,130.00,46.00,144,1,1,1
129,1178.00,1350.00,150.00,79.00,283,1,1,1
129,1195.00,203.00,363.00,204.00,594,1,1,1
129,1199.00,342.00,173.00,75.00,230,1,1,1
130,81.00,898.00,169.00,77.00,278,1,1,1
130,87.00,995.00,269.00,133.00,486,1,1,1
130,92.00,865.00,107.00,41.00,146,1,1,1
130,93.00,925.00,246.00,120.00,436,1,1,1
130,94.00,621.00,275.00,142.00,465,1,1,1
130,95.00,918.00,105.00,40.00,146,1,1,1
130,116.00,809.00,176.00,81.00,284,1,1,1
130,178.00,693.00,160.00,70.00,239,1,1,1
130,197.00,1038.00,148.00,66.00,246,1,1,1
130,199.00,697.00,152.00,65.00,222,1,1,1
130,354.00,735.00,144.00,62.00,211,1,1,1
130,564.00,812.00,152.00,66.00,233,1,1,1
130,593.00,1049.00,116.00,48.00,182,1,1,1
130,1019.00,926.00,127.00,53.00,194,1,1,1
130,1021.00,453.00,163.00,70.00,222,1,1,1
130,1035.00,1700.00,131.00,95.00,278,1,1,1
130,1107.00,971.00,100.00,39.00,141,1,1,1
130,1109.00,833.00,293.00,149.00,518,1,1,1
130,1121.00,1104.00,107.00,44.00,170,1,1,1
130,1169.00,1059.00,110.00,45.00,170,1,1,1
130,1175.00,354.00,129.00,46.00,142,1,1,1
130,1178.00,1446.00,142.00,81.00,275,1,1,1
130,1195.00,347.00,376.00,210.00,633,1,1,1
130,1199.00,400.00,165.00,71.00,221,1,1,1
131,81.00,898.00,169.00,77.00,278,1,1,1
131,87.00,1014.00,267.00,131.00,484,1,1,1
131,92.00,846.00,106.00,40.00,142,1,1,1
131,93.00,925.00,246.00,120.00,436,1,1,1
131,94.00,621.00,275.00,142.00,465,1,1,1
131,95.00,906.00,103.00,39.00,142,1,1,1
131,116.00,804.00,177.00,81.00,283,1,1,1
131,178.00,693.00,160.00,70.00,239,1,1,1
131,197.00,1038.00,148.00,66.00,246,1,1,1
131,199.00,697.00,152.00,65.00,222,1,1,1
131,354.00,735.00,144.00,62.00,211,1,1,1
131,560.00,834.00,142.00,61.00,217,1,1,1
131,564.00,812.00,152.00,66.00,233,1,1,1
131,593.00,1075.00,114.00,47.00,181,1,1,1
131,1019.00,926.00,127.00,53.00,194,1,1,1
131,1021.00,481.00,156.00,66.00,209,1,1,1
131,1035.00,1758.00,126.00,96.00,273,1,1,1
131,1107.00,968.00,100.00,38.00,142,1,1,1
131,1109.00,831.00,290.00,147.00,512,1,1,1
131,1113.00,149.00,451.00,266.00,755,1,1,1
131,1121.00,1074.00,107.00,43.00,166,1,1,1
131,1169.00,1036.00,109.00,44.00,166,1,1,1
131,1178.00,1519.00,136.00,83.00,271,1,1,1
131,1195.00,560.00,391.00,213.00,681,1,1,1
131,1199.00,412.00,159.00,66.00,208,1,1,1
132,81.00,898.00,169.00,77.00,278,1,1,1
132,87.00,997.00,264.00,129.00,476,1,1,1
132,92.00,836.00,104.00,39.00,138,1,1,1
132,93.00,925.00,246.00,120.00,436,1,1,1
132,94.00,621.00,275.00,142.00,465,1,1,1
132,95.00,894.00,102.00,38.00,139,1,1,1
132,116.00,807.00,177.00,81.00,285,1,1,1
132,178.00,693.00,160.00,70.00,239,1,1,1
132,197.00,1038.00,148.00,66.00,246,1,1,1
132,199.00,697.00,152.00,65.00,222,1,1,1
132,354.00,735.00,144.00,62.00,211,1,1,1
132,560.00,839.00,142.00,61.00,217,1,1,1
132,564.00,812.00,152.00,66.00,233,1,1,1
132,593.00,1154.00,111.00,46.00,181,1,1,1
132,1019.00,955.00,125.00,53.00,194,1,1,1
132,1021.00,510.00,150.00,62.00,200,1,1,1
132,1035.00,1824.00,123.00,100.00,274,1,1,1
132,1107.00,968.00,100.00,38.00,142,1,1,1
132,1109.00,827.00,292.00,148.00,515,1,1,1
132,1113.00,338.00,479.00,276.00,823,1,1,1
132,1121.00,1045.00,106.00,43.00,161,1,1,1
132,1169.00,998.00,109.00,44.00,162,1,1,1
132,1178.00,1591.00,131.00,86.00,267,1,1,1
132,1195.00,766.00,412.00,219.00,739,1,1,1
132,1199.00,424.00,154.00,64.00,200,1,1,1
133,81.00,898.00,169.00,77.00,278,1,1,1
133,87.00,997.00,264.00,129.00,476,1,1,1
133,92.00,827.00,103.00,37.00,133,1,1,1
133,93.00,925.00,246.00,120.00,436,1,1,1
133,94.00,621.00,275.00,142.00,465,1,1,1
133,95.00,879.00,101.00,37.00,134,1,1,1
133,116.00,807.00,177.00,81.00,285,1,1,1
133,178.00,693.00,160.00,70.00,239,1,1,1
133,197.00,1038.00,148.00,66.00,246,1,1,1
133,199.00,697.00,152.00,65.00,222,1,1,1
133,354.00,735.00,144.00,62.00,211,1,1,1
133,560.00,851.00,142.00,61.00,218,1,1,1
133,564.00,816.00,151.00,66.00,232,1,1,1
133,593.00,1158.00,110.00,46.00,182,1,1,1
133,1019.00,936.00,126.00,53.00,193,1,1,1
133,1021.00,519.00,147.00,60.00,194,1,1,1
133,1107.00,968.00,100.00,38.00,142,1,1,1
133,1109.00,830.00,292.00,148.00,517,1,1,1
133,1113.00,521.00,513.00,289.00,901,1,1,1
133,1169.00,967.00,108.00,42.00,159,1,1,1
133,1178.00,1661.00,127.00,88.00,265,1,1,1
133,1195.00,1012.00,421.00,213.00,776,1,1,1
133,1199.00,439.00,149.00,61.00,191,1,1,1