1 17 961 110 43 163
1 63 91 332 185 524
1 116 765 184 85 296
1 148 1259 103 45 177
1 178 691 160 70 240
1 197 1043 149 66 249
1 199 696 153 66 224
1 225 97 157 61 175
1 230 274 264 137 410
1 244 206 154 60 178
1 246 915 388 199 705
1 354 733 144 61 210
1 560 834 142 61 215
1 564 800 153 66 233
1 573 329 145 56 172
1 593 1345 201 109 385
1 618 55 234 115 328
2 17 963 110 43 163
2 63 129 342 191 549
2 64 181 181 79 232
2 65 245 184 81 245
2 66 121 385 222 631
2 116 773 184 85 295
2 148 1261 103 45 177
2 178 688 161 70 239
2 197 1043 149 66 249
2 199 696 153 66 224
2 225 97 157 61 175
2 230 195 257 132 386
2 242 1870 269 226 572
2 244 236 150 58 173
2 246 1086 387 196 719
2 354 733 144 61 210
2 560 834 142 61 215
2 564 797 152 67 233
2 573 326 145 56 172
2 593 1293 209 107 395
2 618 50 234 115 329
3 17 963 110 43 163
3 63 162 358 202 583
3 64 241 178 77 231
3 65 293 178 78 237
3 66 254 395 224 660
3 116 773 184 85 295
3 148 1263 103 45 178
3 178 688 161 70 239
3 197 1043 149 66 249
3 199 702 152 65 224
3 225 97 157 61 175
3 230 103 257 132 379
3 242 1673 266 194 545
3 244 257 145 54 164
3 246 1274 404 222 767
3 354 731 144 61 210
3 560 838 142 61 215
3 564 797 152 67 233
3 573 329 145 56 172
3 593 1229 214 105 400
3 618 50 234 115 329
4 17 963 110 43 163
4 63 202 379 215 626
4 64 269 175 75 227
4 65 316 175 76 232
4 66 421 412 231 708
4 67 93 171 70 203
4 116 773 184 85 295
4 148 1263 103 45 178
4 178 688 161 70 239
4 197 1043 149 66 249
4 199 702 152 65 224
4 225 97 157 61 175
4 242 1547 276 183 551
4 244 300 140 52 159
4 246 1433 410 258 794
4 354 731 144 61 210
4 560 838 142 61 215
4 564 797 152 67 233
4 573 329 145 56 172
4 593 1170 216 104 399
4 618 50 234 115 329
5 17 963 110 43 163
5 63 225 403 231 674
5 64 311 170 73 223
5 65 360 170 73 228
5 66 583 398 217 695
5 67 144 164 66 194
5 116 776 184 85 296
5 148 1265 103 45 178
5 178 688 161 70 239
5 197 1043 149 66 249
5 199 711 152 65 223
5 225 97 157 61 175
5 242 1408 271 160 529
5 244 313 137 50 154
5 246 1655 418 309 830
5 354 731 144 61 210
5 560 838 142 61 215
5 564 797 152 67 233
5 573 326 145 56 172
5 593 1129 228 109 418
5 618 50 234 115 329
6 17 965 110 43 162
6 63 293 454 263 776
6 64 363 164 69 216
6 65 400 166 72 223
6 66 776 423 225 760
6 67 190 159 63 188
6 116 768 185 86 297
6 148 1265 103 45 178
6 178 688 161 70 239
6 197 1041 150 66 252
6 199 711 152 65 223
6 225 97 157 61 175
6 242 1285 272 144 520
6 244 330 133 48 149
6 246 1809 415 340 839
6 354 731 144 61 210
6 560 838 142 61 215
6 564 797 152 67 233
6 573 326 145 56 172
6 593 1099 235 113 429
6 618 50 234 115 329
7 17 961 110 43 163
7 63 419 505 289 878
7 64 377 162 68 213
7 65 437 161 68 217
7 66 1004 440 224 810
7 67 225 155 61 183
7 68 151 189 84 246
7 116 768 185 86 297
7 148 1265 103 45 178
7 178 688 161 70 239
7 197 1059 150 67 255
7 199 711 152 65 223
7 225 95 157 60 175
7 242 1166 273 135 510
7 244 344 131 46 144
7 354 731 144 61 210
7 560 838 142 61 215
7 564 797 152 67 233
7 573 336 144 56 172
7 593 1041 241 116 436
7 618 55 233 115 328
8 17 961 110 43 163
8 63 647 591 328 1049
8 64 426 158 66 209
8 65 471 157 66 211
8 66 1268 455 254 859
8 67 259 150 58 177
8 68 224 181 79 237
8 116 772 185 85 296
8 148 1263 103 45 178
8 178 688 161 70 239
8 197 1045 151 67 254
8 199 713 151 66 223
8 225 95 157 60 175
8 242 1000 274 135 496
8 244 360 128 45 140
8 354 731 144 61 210
8 560 833 142 61 216
8 564 797 152 67 233
8 573 344 143 55 170
8 593 1137 248 120 457
8 618 55 233 115 328
9 17 961 110 43 163
9 63 781 739 399 1311
9 64 462 153 64 202
9 65 510 152 63 204
9 66 1455 471 306 906
9 67 276 147 57 172
9 68 296 176 76 233
9 69 122 320 176 505
9 116 772 185 85 296
9 148 1263 103 45 178
9 178 688 161 70 239
9 197 1054 150 67 253
9 199 713 151 66 223
9 225 97 157 61 175
9 242 842 286 144 504
9 354 731 144 61 210
9 560 830 142 61 216
9 564 800 152 67 233
9 573 348 142 54 168
9 593 1179 260 129 486
9 618 55 233 115 328
10 17 963 110 43 163
10 63 1051 865 501 1530
10 64 466 152 63 202
10 65 530 149 62 201
10 66 1812 506 422 1002
10 67 287 145 55 168
10 68 350 171 74 229
10 69 240 333 183 540
10 116 768 185 86 297
10 148 1263 103 45 178
10 178 688 161 70 239
10 197 1031 151 68 252
10 199 713 151 66 223
10 225 100 157 60 175
10 242 709 276 140 474
10 354 731 144 61 210
10 560 830 142 61 216
10 564 800 152 67 233
10 573 360 141 53 166
10 593 1191 274 137 513
10 618 55 233 115 328
11 17 963 110 43 163
11 64 504 150 62 201
11 65 567 147 61 199
11 67 301 142 54 163
11 68 412 165 71 222
11 69 437 334 181 562
11 116 772 185 85 296
11 148 1265 103 45 178
11 178 688 161 70 239
11 197 1035 150 66 253
11 199 713 151 66 223
11 225 103 157 60 174
11 242 632 276 141 466
11 354 728 144 61 210
11 560 830 142 61 216
11 564 803 152 67 232
11 573 371 138 52 161
11 593 1239 288 148 544
11 618 55 233 115 328
12 17 961 110 43 163
12 64 554 149 62 202
12 65 581 146 60 198
12 67 313 139 51 158
12 68 459 161 68 218
12 69 650 323 170 560
12 116 772 185 85 296
12 148 1241 104 44 176
12 178 688 161 70 239
12 197 1035 150 66 253
12 199 713 151 66 223
12 225 103 157 60 174
12 242 524 266 136 437
12 354 730 145 61 210
12 560 830 142 61 216
12 564 803 152 67 232
12 573 363 137 51 158
12 593 1249 312 163 593
12 618 55 233 115 328
13 17 956 110 44 161
13 64 628 145 60 202
13 65 609 144 59 198
13 67 324 136 50 154
13 68 493 157 67 214
13 69 867 317 161 567
13 116 772 185 85 296
13 148 1243 103 44 176
13 178 691 160 70 240
13 197 1035 150 66 253
13 199 713 151 66 223
13 225 103 157 60 174
13 242 460 258 132 416
13 354 730 145 61 210
13 560 830 142 61 216
13 564 803 152 67 232
13 573 361 135 50 155
13 593 1268 341 183 650
13 618 60 233 115 327
14 17 962 110 44 161
14 64 681 143 60 202
14 65 657 141 58 197
14 67 324 134 48 150
14 68 533 154 65 212
14 69 1104 308 152 573
14 70 1758 189 145 403
14 71 1783 173 136 373
14 116 772 185 85 296
14 148 1243 103 44 176
14 178 691 160 70 240
14 197 1035 150 66 253
14 199 711 152 65 223
14 225 103 157 60 174
14 242 394 250 127 394
14 354 732 145 61 211
14 560 830 142 61 216
14 564 803 152 67 232
14 573 373 133 48 150
14 593 1261 379 205 720
14 618 50 229 112 319
15 17 964 110 44 161
15 64 745 140 58 202
15 65 735 138 57 197
15 67 321 133 48 146
15 68 581 149 62 205
15 69 1326 310 173 596
15 70 1647 199 140 410
15 71 1613 179 121 366
15 72 147 344 193 556
15 116 764 185 86 297
15 148 1243 103 44 176
15 178 691 160 70 240
15 197 1035 150 66 253
15 199 708 152 65 223
15 225 97 157 61 175
15 242 308 250 128 386
15 354 729 145 62 211
15 560 838 142 61 215
15 564 800 152 67 233
15 573 398 129 46 144
15 593 1292 426 240 809
15 618 55 230 112 319
16 17 962 110 44 161
16 64 801 139 58 205
16 65 801 135 56 196
16 67 341 130 46 143
16 68 621 146 61 201
16 69 1543 312 208 620
16 70 1502 209 131 417
16 71 1490 188 115 372
16 72 345 346 190 575
16 73 168 430 250 719
16 116 764 185 86 297
16 148 1243 103 44 176
16 178 691 160 70 240
16 197 1035 150 66 253
16 199 699 152 66 224
16 225 98 157 60 175
16 242 196 258 132 388
16 354 729 145 62 211
16 560 838 142 61 215
16 564 800 152 67 233
16 573 400 127 45 141
16 593 1328 475 280 901
16 618 50 230 112 320
17 17 962 110 44 161
17 64 870 136 58 208
17 65 875 131 54 196
17 67 354 127 45 139
17 68 665 142 59 198
17 69 1742 310 239 637
17 70 1407 219 126 425
17 71 1333 195 104 372
17 72 608 340 180 588
17 73 495 421 234 732
17 74 139 348 196 560
17 116 764 185 86 297
17 148 1243 103 44 176
17 178 691 160 70 240
17 197 1035 150 66 253
17 199 699 152 66 224
17 225 98 157 60 175
17 242 80 263 136 389
17 354 736 145 62 213
17 560 838 142 61 215
17 564 800 152 67 233
17 573 411 125 44 137
17 593 1363 541 333 1021
17 618 50 230 112 320
18 17 960 110 44 161
18 64 904 137 58 210
18 65 922 131 55 200
18 68 704 138 57 195
18 70 1201 227 111 423
18 71 1210 204 98 379
18 72 802 333 172 592
18 73 774 429 227 769
18 74 295 366 205 609
18 116 764 185 86 297
18 148 1249 103 44 176
18 178 691 160 70 240
18 197 1035 150 66 253
18 199 705 152 65 223
18 225 98 157 60 175
18 354 741 145 61 212
18 560 838 142 61 215
18 564 800 152 67 233
18 573 420 123 43 135
18 593 1374 623 395 1164
18 618 55 230 112 319
19 17 962 110 44 161
19 64 965 135 58 215
19 65 983 130 55 204
19 68 753 135 55 192
19 70 1041 236 113 424
19 71 1051 213 101 380
19 72 1095 341 171 634
19 73 1072 427 218 791
19 74 473 396 219 683
19 116 768 185 86 297
19 148 1249 103 44 176
19 178 691 160 70 240
19 197 1035 150 66 253
19 199 705 152 65 223
19 225 87 157 60 174
19 354 741 145 61 212
19 560 833 142 61 216
19 564 800 152 67 233
19 593 1391 724 477 1335
19 618 84 229 112 321
20 17 962 110 44 161
20 64 1032 136 59 223
20 65 1036 131 57 213
20 68 794 131 53 188
20 70 889 246 121 431
20 71 928 224 108 391
20 72 1358 354 206 681
20 73 1357 424 252 812
20 74 693 422 227 751
20 116 768 185 86 297
20 148 1247 103 44 176
20 178 691 160 70 240
20 197 1035 150 66 253
20 199 705 152 65 223
20 225 63 160 62 176
20 354 735 144 62 211
20 560 833 142 61 216
20 564 800 152 67 233
20 593 1278 792 487 1433
20 618 138 225 109 317
21 17 962 110 44 161
21 64 1081 137 60 228
21 65 1101 131 57 220
21 68 836 128 53 186
21 70 750 255 127 437
21 71 762 230 112 386
21 72 1602 359 253 715
21 73 1692 426 324 849
21 74 1004 469 239 864
21 116 768 185 86 297
21 148 1247 103 44 176
21 178 691 160 70 240
21 197 1035 150 66 253
21 199 705 152 65 223
21 225 50 161 62 180
21 354 738 144 61 210
21 560 833 142 61 216
21 564 800 152 67 233
21 593 1286 946 608 1672
21 618 153 224 108 316
22 17 962 110 44 161
22 64 1138 138 61 237
22 65 1174 133 58 229
22 68 880 124 51 182
22 70 576 266 136 440
22 71 583 237 118 384
22 74 1427 526 339 1003
22 116 768 185 86 297
22 148 1247 103 44 176
22 178 691 160 70 240
22 197 1035 150 66 253
22 199 705 152 65 223
22 354 738 144 61 210
22 560 833 142 61 216
22 564 800 152 67 233
22 618 153 224 108 316
23 17 962 110 44 161
23 64 1163 138 61 240
23 65 1239 133 60 237
23 68 922 121 49 179
23 70 399 272 141 435
23 71 456 248 125 393
23 116 768 185 86 297
23 148 1243 103 44 176
23 178 691 160 70 240
23 197 1035 150 66 253
23 199 705 152 65 223
23 354 738 144 61 210
23 560 833 142 61 216
23 564 800 152 67 233
23 618 141 221 107 312
24 17 962 110 44 161
24 64 1262 141 66 256
24 65 1290 134 64 242
24 68 953 117 48 176
24 70 275 276 145 434
24 71 306 253 129 389
24 116 766 185 86 298
24 148 1241 104 44 176
24 178 694 160 71 240
24 197 1035 150 66 253
24 199 705 152 65 223
24 354 738 144 61 210
24 560 833 142 61 216
24 564 800 152 67 233
24 618 141 221 107 312
25 17 962 110 44 161
25 64 1327 143 72 265
25 65 1365 136 71 256
25 68 982 114 46 172
25 70 185 269 140 410
25 71 176 257 132 385
25 116 766 185 86 298
25 148 1241 104 44 176
25 178 694 160 71 240
25 197 1035 150 66 253
25 199 705 152 65 223
25 354 738 144 61 210
25 560 836 142 60 216
25 564 812 151 66 232
25 618 141 221 107 312
26 17 962 110 44 161
26 64 1397 147 80 280
26 65 1427 139 78 269
26 68 1018 111 44 169
26 70 56 284 152 428
26 71 62 266 138 393
26 75 78 365 208 587
26 116 766 185 86 298
26 148 1241 104 44 176
26 178 694 160 71 240
26 197 1035 150 66 253
26 199 708 152 65 223
26 354 738 144 61 210
26 560 838 142 61 215
26 564 812 151 66 232
26 618 118 224 108 313
27 17 962 110 44 161
27 64 1496 149 91 296
27 65 1504 142 86 283
27 68 1045 109 44 167
27 75 200 376 214 621
27 116 766 185 86 298
27 148 1241 104 44 176
27 178 694 160 71 240
27 197 1046 150 67 254
27 199 708 152 65 223
27 354 735 144 62 211
27 560 836 142 60 216
27 564 812 151 66 232
27 618 127 223 108 312
28 17 962 110 44 161
28 64 1573 152 98 309
28 65 1595 146 97 298
28 68 1068 106 43 165
28 75 403 377 209 641
28 116 766 185 86 298
28 148 1249 104 45 177
28 178 694 160 71 240
28 197 1046 150 67 254
28 199 708 152 65 223
28 354 738 144 61 210
28 560 838 142 61 215
28 564 812 151 66 232
28 618 127 223 108 312
29 17 961 110 44 161
29 64 1670 156 111 327
29 65 1691 149 107 315
29 68 1082 105 42 162
29 75 598 392 212 686
29 76 91 288 154 439
29 116 766 185 86 298
29 148 1249 104 45 177
29 178 694 160 71 240
29 197 1046 150 67 254
29 199 708 152 65 223
29 354 741 144 61 210
29 560 836 142 60 216
29 564 812 151 66 232
29 618 132 222 107 312
30 17 961 110 44 161
30 64 1756 160 123 344
30 65 1774 152 118 329
30 68 1086 103 41 159
30 75 804 400 211 720
30 76 255 265 137 409
30 116 766 185 86 298
30 148 1263 104 45 177
30 178 694 160 71 240
30 197 1040 151 67 253
30 199 711 152 65 223
30 354 741 144 61 210
30 560 836 142 60 216
30 564 812 151 66 232
30 618 132 222 107 312
31 17 961 110 44 161
31 64 1821 163 132 355
31 65 1872 155 131 346
31 68 1093 102 41 156
31 75 1066 425 216 786
31 76 429 242 121 380
31 77 90 384 222 627
31 116 766 185 86 298
31 148 1263 104 45 177
31 178 694 160 71 240
31 197 1046 150 67 254
31 199 711 152 65 223
31 354 741 144 61 210
31 560 836 142 60 216
31 564 812 151 66 232
31 618 132 222 107 312
32 17 961 110 44 161
32 68 1099 100 40 155
32 75 1335 439 257 836
32 76 590 224 109 357
32 77 198 393 225 653
32 116 766 185 86 298
32 148 1263 104 45 177
32 178 694 160 71 240
32 197 1038 150 66 252
32 199 711 152 65 223
32 354 741 144 61 210
32 560 833 142 61 216
32 564 812 151 66 232
32 618 132 223 107 312
33 17 961 110 44 161
33 68 1107 100 40 154
33 75 1612 465 338 912
33 76 756 207 99 340
33 77 381 409 231 700
33 116 766 185 86 298
33 148 1263 104 45 177
33 178 694 160 71 240
33 197 1038 150 66 252
33 199 696 153 66 224
33 354 740 144 61 211
33 560 833 142 61 216
33 564 812 151 66 232
33 618 132 223 107 312
34 17 961 110 44 161
34 68 1118 99 40 154
34 75 1876 508 442 1014
34 76 881 191 89 320
34 77 614 431 235 759
34 116 766 185 86 298
34 148 1263 104 45 177
34 178 694 160 71 240
34 197 1038 150 66 252
34 199 696 153 66 224
34 354 740 144 61 211
34 560 833 142 61 216
34 564 812 151 66 232
34 618 132 223 107 312
35 17 961 110 44 161
35 68 1120 99 39 153
35 76 995 178 82 303
35 77 917 447 232 815
35 116 766 185 86 298
35 148 1263 104 45 177
35 178 694 160 71 240
35 197 1038 150 66 252
35 199 696 153 66 224
35 354 740 144 61 211
35 560 836 142 60 216
35 564 812 151 66 232
35 618 132 223 107 312
36 17 961 110 44 161
36 76 1065 165 75 286
36 77 1221 459 249 864
36 116 766 185 86 298
36 148 1264 103 46 178
36 178 697 160 71 239
36 197 1038 150 66 252
36 199 699 152 66 224
36 354 743 144 61 211
36 560 838 142 61 215
36 564 818 151 66 231
36 618 132 223 107 312
37 17 961 110 44 161
37 76 1132 154 69 270
37 77 1484 461 305 890
37 116 766 185 86 298
37 148 1264 103 46 178
37 178 697 160 71 239
37 197 1038 150 66 252
37 199 699 152 66 224
37 354 733 143 60 208
37 560 838 142 61 215
37 564 821 150 66 232
37 618 127 223 108 313
38 17 961 110 44 161
38 76 1179 146 65 256
38 116 766 185 86 298
38 148 1264 103 46 178
38 178 697 160 71 239
38 197 1037 150 67 251
38 199 699 152 66 224
38 354 727 142 60 204
38 560 836 142 60 216
38 564 815 151 66 232
38 618 127 223 108 313
39 17 961 110 44 161
39 76 1216 137 61 243
39 116 769 185 86 297
39 148 1264 103 46 178
39 178 697 160 71 239
39 197 1037 150 67 251
39 199 697 152 65 223
39 354 727 142 60 204
39 560 838 142 61 215
39 564 815 151 66 232
39 618 127 223 108 313
40 17 963 110 44 161
40 76 1250 130 59 232
40 78 180 306 165 482
40 116 773 185 86 297
40 148 1263 104 45 177
40 178 697 160 71 239
40 197 1037 150 67 251
40 199 697 152 65 223
40 354 724 143 60 206
40 560 830 142 61 216
40 564 815 151 66 232
40 618 122 224 109 313
41 17 961 110 44 161
41 76 1295 124 59 222
41 78 369 307 165 503
41 79 170 355 200 577
41 80 250 389 221 648
41 116 773 185 86 297
41 148 1263 104 45 177
41 178 697 160 71 239
41 197 1037 150 67 251
41 199 697 152 65 223
41 354 716 144 60 208
41 560 830 142 61 216
41 564 815 151 66 232
41 618 132 223 108 313
42 17 961 110 44 161
42 76 1317 119 57 214
42 78 566 312 165 531
42 79 397 356 196 599
42 80 463 397 220 685
42 116 769 185 86 297
42 148 1263 104 45 177
42 178 697 160 71 239
42 197 1040 149 67 251
42 199 697 152 65 223
42 354 716 144 60 208
42 560 830 142 61 216
42 564 815 151 66 232
42 618 132 223 108 313
43 17 961 110 44 161
43 76 1332 113 55 203
43 78 763 317 164 557
43 79 619 350 187 609
43 80 743 420 224 752
43 116 769 185 86 297
43 148 1263 104 45 177
43 178 697 160 71 239
43 197 1040 149 67 251
43 199 697 152 65 223
43 354 746 144 61 212
43 560 830 142 61 216
43 564 815 151 66 232
43 618 134 218 104 303
44 17 961 110 44 161
44 76 1357 109 54 198
44 78 1012 329 164 604
44 79 856 363 187 654
44 80 994 441 225 812
44 116 769 185 86 297
44 148 1263 104 45 177
44 178 697 160 71 239
44 197 1037 150 67 251
44 199 700 152 65 223
44 354 749 144 61 212
44 560 830 142 61 216
44 564 812 151 66 232
44 618 134 218 104 303
45 17 963 110 44 161
45 76 1368 105 52 190
45 78 1287 351 192 670
45 79 1110 386 197 719
45 80 1266 475 266 895
45 116 769 185 86 297
45 148 1263 104 45 177
45 178 700 160 71 239
45 197 1037 150 67 251
45 199 700 152 65 223
45 354 737 145 61 211
45 560 833 142 61 216
45 564 812 151 66 232
45 618 166 215 103 301
46 17 963 110 44 161
46 78 1582 371 258 736
46 79 1440 415 263 805
46 80 1518 517 356 994
46 116 769 185 86 297
46 148 1259 104 45 180
46 178 703 160 71 238
46 197 1037 150 67 251
46 199 700 152 65 223
46 354 737 145 61 211
46 560 836 142 60 216
46 564 812 151 66 232
46 618 194 214 102 301
47 17 967 109 44 162
47 78 1873 386 328 792
47 79 1743 442 348 882
47 81 232 244 124 367
47 116 769 185 86 297
47 148 1259 104 45 180
47 178 703 160 71 238
47 197 1037 150 67 251
47 199 703 152 65 223
47 354 737 145 61 211
47 560 838 142 61 215
47 564 812 151 66 232
47 618 190 215 102 302
48 17 961 110 44 161
48 81 454 220 107 339
48 116 769 185 86 297
48 148 1258 104 45 177
48 178 703 160 71 238
48 197 1034 150 67 251
48 199 703 152 65 223
48 354 737 145 61 211
48 560 833 142 61 216
48 564 812 151 66 232
48 618 185 215 103 302
49 17 961 110 44 161
49 81 557 206 98 318
49 116 769 185 86 297
49 148 1256 104 45 177
49 178 703 160 71 238
49 197 1039 150 67 251
49 199 703 152 65 223
49 354 737 145 61 211
49 560 833 142 61 216
49 564 809 151 66 233
49 618 178 218 104 306
50 17 961 110 44 161
50 81 616 196 92 306
50 116 769 185 86 297
50 148 1232 103 43 174
50 178 703 160 71 238
50 197 1039 150 67 251
50 199 703 152 65 223
50 354 737 145 61 211
50 560 833 142 61 216
50 564 812 151 66 232
50 618 182 217 104 307
51 17 961 110 44 161
51 81 633 191 89 295
51 116 769 185 86 297
51 148 1238 101 42 171
51 178 707 159 70 239
51 197 1039 150 67 251
51 199 703 152 65 223
51 354 737 145 61 211
51 560 833 142 61 216
51 564 812 151 66 232
51 618 187 217 104 306
52 17 961 110 44 161
52 81 633 191 89 295
52 116 769 185 86 297
52 178 707 159 70 239
52 197 1039 150 67 251
52 199 703 152 65 223
52 354 737 145 61 211
52 560 833 142 61 216
52 564 812 151 66 232
52 618 190 215 103 303
53 17 961 110 44 161
53 81 665 187 87 292
53 116 769 185 86 297
53 178 707 159 70 239
53 197 1039 150 67 251
53 199 703 152 65 223
53 354 737 145 61 211
53 560 833 142 61 216
53 564 816 151 66 232
53 618 194 215 103 302
54 17 959 110 44 161
54 81 679 185 86 288
54 116 753 184 85 295
54 178 707 159 70 239
54 197 1039 150 67 251
54 199 703 152 65 223
54 354 727 144 61 208
54 560 833 142 61 216
54 564 816 151 66 232
54 618 199 214 102 302
55 17 954 110 44 160
55 81 660 187 87 291
55 82 50 250 126 359
55 116 753 184 85 295
55 178 707 159 70 239
55 197 1039 150 67 251
55 199 703 152 65 223
55 354 717 143 60 206
55 560 841 142 61 216
55 564 816 151 66 232
55 618 190 215 103 303
56 17 953 109 43 158
56 81 660 187 87 291
56 82 77 244 123 351
56 116 753 184 85 295
56 178 707 159 70 239
56 197 1039 150 67 251
56 199 703 152 65 223
56 354 711 142 60 204
56 560 841 142 61 216
56 564 816 151 66 232
56 618 190 215 103 303
57 17 971 107 42 157
57 81 660 187 87 291
57 82 140 236 117 341
57 83 50 230 112 321
57 116 772 183 84 293
57 178 707 159 70 239
57 197 1039 150 67 251
57 199 703 152 65 223
57 354 727 141 59 202
57 560 841 142 61 216
57 564 816 151 66 232
57 618 185 215 102 302
58 17 987 106 41 154
58 81 660 187 87 291
58 82 212 226 111 328
58 83 50 230 112 320
58 116 772 183 84 293
58 178 707 159 70 239
58 197 1039 150 67 251
58 199 703 152 65 223
58 354 736 140 59 201
58 560 841 142 61 216
58 564 816 151 66 232
58 618 177 211 100 295
59 17 1000 104 41 153
59 81 665 189 88 296
59 82 209 223 108 322
59 83 55 229 112 319
59 116 772 183 84 293
59 178 707 159 70 239
59 197 1039 150 67 251
59 199 703 152 65 223
59 354 739 141 60 205
59 560 841 142 61 216
59 564 816 151 66 232
59 618 144 211 100 291
60 17 1016 103 40 151
60 81 645 193 90 301
60 82 231 216 103 308
60 83 55 229 111 318
60 116 772 183 84 293
60 178 707 159 70 239
60 197 1039 150 67 251
60 199 703 152 65 223
60 354 734 142 60 205
60 560 841 142 61 216
60 564 816 151 66 232
60 618 144 211 100 291
61 17 1031 101 39 150
61 81 660 196 93 309
61 82 249 211 100 300
61 83 64 224 108 308
61 116 772 183 84 293
61 178 707 159 70 239
61 197 1041 150 66 252
61 199 711 152 65 223
61 354 734 142 60 205
61 560 835 142 61 217
61 564 816 151 66 232
61 618 133 209 99 286
62 17 1040 99 39 147
62 81 662 196 92 310
62 82 242 207 98 290
62 83 92 220 106 305
62 116 772 183 84 293
62 178 707 159 70 239
62 197 1041 150 66 252
62 199 711 152 65 223
62 354 734 142 60 205
62 560 835 142 61 217
62 564 816 151 66 232
62 618 128 208 97 281
63 17 1051 99 39 147
63 81 689 197 93 314
63 82 259 202 94 283
63 83 119 216 102 298
63 116 772 183 84 293
63 178 707 159 70 239
63 197 1039 150 67 251
63 199 711 152 65 223
63 354 736 142 60 206
63 560 835 142 61 217
63 564 816 151 66 232
63 618 114 206 95 276
64 81 709 196 92 314
64 82 279 198 92 276
64 83 140 213 101 294
64 116 797 182 84 294
64 178 707 159 70 239
64 197 1039 150 67 251
64 199 711 152 65 223
64 354 725 142 60 206
64 560 835 142 61 217
64 564 816 151 66 232
64 618 83 206 96 275
65 81 710 196 93 315
65 82 306 193 88 268
65 83 151 209 98 286
65 116 797 182 84 294
65 178 707 159 70 239
65 197 1039 150 67 251
65 199 711 152 65 223
65 354 725 142 60 206
65 560 835 142 61 217
65 564 816 151 66 232
65 618 88 206 95 273
66 81 729 195 91 314
66 82 331 188 86 262
66 83 152 204 95 277
66 116 809 180 83 292
66 178 707 159 70 239
66 197 1039 150 67 251
66 199 711 152 65 223
66 354 725 142 60 206
66 560 835 142 61 217
66 564 816 151 66 232
66 618 62 203 93 267
67 81 779 193 91 315
67 82 345 182 81 250
67 83 173 198 90 267
67 116 809 180 83 292
67 178 707 159 70 239
67 197 1039 150 67 251
67 199 711 152 65 223
67 354 715 141 59 203
67 560 835 142 61 217
67 564 816 151 66 232
67 618 58 199 89 256
68 81 798 191 90 313
68 82 342 178 79 242
68 83 191 192 87 257
68 116 809 180 83 292
68 178 707 159 70 239
68 197 1039 150 67 251
68 199 716 151 66 223
68 354 727 141 59 202
68 560 835 142 61 217
68 564 816 151 66 232
68 618 69 197 89 254
69 81 814 190 89 311
69 82 336 176 77 237
69 83 213 187 84 249
69 116 809 180 83 292
69 178 707 159 70 239
69 197 1039 150 67 251
69 199 716 151 66 223
69 354 727 141 59 202
69 560 835 142 61 217
69 564 816 151 66 232
69 618 94 190 85 244
70 81 844 187 87 308
70 82 339 171 74 228
70 83 229 182 81 240
70 116 807 179 82 287
70 178 707 159 70 239
70 197 1035 148 66 247
70 199 716 151 66 223
70 354 727 141 59 202
70 560 835 142 61 217
70 564 816 151 66 232
70 618 132 184 80 234
71 81 861 187 87 309
71 82 348 167 72 220
71 83 248 178 78 232
71 116 811 178 82 288
71 178 707 159 70 239
71 197 1035 148 66 247
71 199 716 151 66 223
71 354 727 141 59 202
71 560 838 142 61 217
71 564 816 151 66 232
71 618 143 180 77 226
72 81 861 187 87 309
72 82 371 163 69 212
72 83 256 172 73 221
72 116 769 179 83 285
72 178 707 159 70 239
72 197 1035 148 66 247
72 199 716 151 66 223
72 354 727 141 59 202
72 560 838 142 61 217
72 564 816 151 66 232
72 618 171 173 73 215
73 81 885 183 85 304
73 82 379 159 66 205
73 83 273 168 71 215
73 116 776 178 81 282
73 178 707 159 70 239
73 197 1035 148 66 247
73 199 716 151 66 223
73 354 732 140 59 202
73 560 841 142 61 216
73 564 816 151 66 232
73 618 204 168 70 206
74 81 885 183 85 304
74 82 392 155 63 199
74 83 291 164 68 208
74 116 772 177 81 281
74 178 707 159 70 239
74 197 1035 148 66 247
74 199 716 151 66 223
74 354 732 140 59 202
74 560 852 141 60 216
74 564 816 151 66 232
74 618 227 162 66 197
75 81 869 182 84 300
75 82 410 152 62 194
75 83 303 160 66 201
75 84 1884 161 137 357
75 116 772 177 81 281
75 178 707 159 70 239
75 197 1035 148 66 247
75 199 716 151 66 223
75 354 732 140 59 202
75 560 852 141 60 216
75 564 816 151 66 232
75 618 256 157 63 191
76 81 872 179 83 295
76 82 430 149 60 189
76 83 329 155 63 193
76 84 1803 153 122 333
76 86 183 383 218 631
76 87 50 262 135 384
76 116 772 177 81 281
76 178 707 159 70 239
76 197 1035 148 66 247
76 199 716 151 66 223
76 354 734 140 58 202
76 560 852 141 60 216
76 564 816 151 66 232
76 618 274 154 61 187
77 81 884 177 81 291
77 82 442 146 58 184
77 83 345 152 61 188
77 84 1772 151 117 327
77 86 416 398 222 680
77 87 79 259 134 382
77 116 761 176 81 279
77 178 707 159 70 239
77 197 1035 148 66 247
77 199 713 151 66 223
77 354 731 140 59 202
77 560 860 141 60 215
77 564 816 151 66 232
77 593 1267 889 555 1584
77 618 296 150 59 181
78 81 884 177 81 291
78 82 449 143 56 180
78 83 351 149 59 184
78 84 1772 151 117 327
78 86 693 415 223 738
78 87 140 258 133 385
78 116 739 177 81 279
78 178 707 159 70 239
78 197 1035 148 66 247
78 199 713 151 66 223
78 354 727 142 60 206
78 560 861 140 60 215
78 564 816 151 66 232
78 593 1098 816 472 1457
78 618 313 147 57 175
79 81 868 176 81 287
79 82 451 141 55 175
79 83 371 146 57 178
79 84 1772 151 117 327
79 86 987 433 221 797
79 87 181 255 131 383
79 116 713 178 81 279
79 178 707 159 70 239
79 197 1035 148 66 247
79 199 713 151 66 223
79 354 729 143 61 208
79 560 856 141 60 215
79 564 816 151 66 232
79 593 1047 716 399 1293
79 618 328 144 56 170
80 81 845 174 80 283
80 82 462 138 53 171
80 83 377 143 55 172
80 84 1775 151 118 327
80 86 1313 450 260 855
80 87 181 255 130 382
80 88 49 393 229 640
80 116 698 178 81 275
80 178 703 160 71 238
80 197 1035 148 66 247
80 199 716 151 66 223
80 354 740 142 60 207
80 560 840 142 61 217
80 564 816 151 66 232
80 593 918 613 320 1108
80 618 337 142 54 166
81 81 810 175 80 281
81 82 474 135 52 167
81 83 396 140 54 168
81 84 1796 148 117 324
81 85 1888 284 242 603
81 86 1668 467 353 921
81 87 181 255 130 382
81 88 343 383 214 645
81 116 679 177 81 274
81 178 703 160 71 238
81 197 1038 148 66 246
81 199 711 152 65 223
81 354 749 143 61 210
81 560 836 143 62 216
81 564 816 151 66 232
81 593 870 514 270 931
81 618 354 139 52 162
82 81 767 176 81 280
82 82 488 133 50 163
82 83 404 137 52 164
82 84 1793 145 114 316
82 85 1815 263 213 554
82 87 181 255 130 382
82 88 631 384 207 673
82 116 649 179 82 273
82 178 703 160 71 238
82 197 1038 148 66 246
82 199 705 151 65 221
82 354 749 143 61 210
82 560 836 143 62 216
82 564 819 151 66 232
82 593 862 485 255 879
82 618 374 136 50 157
83 81 731 177 81 277
83 82 486 131 50 159
83 83 420 135 50 160
83 84 1712 140 102 297
83 85 1752 244 188 511
83 87 181 255 130 382
83 88 892 384 198 697
83 116 643 179 82 274
83 178 701 160 71 239
83 197 1038 148 66 246
83 199 694 151 65 221
83 354 749 143 61 210
83 560 836 143 62 216
83 564 819 151 66 232
83 593 889 454 237 826
83 618 390 133 49 154
84 81 719 176 81 274
84 82 493 129 47 154
84 83 425 133 50 156
84 84 1654 135 95 283
84 85 1721 219 164 459
84 87 222 252 128 379
84 88 1194 386 203 728
84 116 628 181 83 274
84 178 708 159 70 240
84 197 1038 148 66 246
84 199 694 151 65 221
84 354 749 143 61 210
84 560 839 142 61 217
84 564 819 151 66 232
84 593 825 427 225 769
84 618 400 131 48 151
85 81 745 173 79 272
85 82 495 127 47 152
85 83 433 131 49 153
85 84 1611 131 87 269
85 85 1803 204 162 435
85 87 270 250 127 381
85 88 1440 415 263 805
85 90 139 378 216 617
85 92 50 213 100 286
85 116 643 179 82 274
85 178 708 159 70 240
85 197 1038 148 66 246
85 199 694 151 65 221
85 354 749 143 61 210
85 560 839 142 61 217
85 564 819 151 66 232
85 593 857 400 208 723
85 618 423 128 46 146
85 1109 56 268 139 395
86 81 783 171 78 270
86 82 499 126 46 148
86 83 433 129 47 150
86 84 1572 128 82 260
86 85 1911 190 164 419
86 87 348 247 125 382
86 88 1759 438 350 877
86 90 372 389 217 660
86 92 106 209 99 284
86 93 56 289 155 439
86 116 685 177 81 272
86 178 708 159 70 240
86 197 1038 148 66 246
86 199 676 152 66 221
86 354 749 143 61 210
86 560 839 142 61 217
86 564 819 151 66 232
86 593 820 358 186 642
86 618 418 127 46 143
86 1109 132 269 140 405
87 81 809 170 77 270
87 82 505 124 45 146
87 83 424 129 47 147
87 84 1535 125 77 249
87 87 435 239 120 375
87 90 623 413 225 728
87 92 118 207 97 278
87 93 140 287 154 443
87 116 715 178 81 277
87 178 711 159 70 239
87 197 1038 148 66 246
87 199 676 152 66 221
87 354 749 143 61 210
87 560 839 142 61 217
87 564 816 151 66 232
87 593 817 334 172 596
87 618 417 126 44 140
87 1109 186 270 140 412
88 81 794 169 77 269
88 82 508 123 44 144
88 83 436 126 45 143
88 84 1477 123 71 239
88 87 511 238 119 379
88 90 944 434 223 794
88 92 122 206 96 277
88 93 236 281 148 438
88 116 729 178 82 280
88 178 705 160 70 239
88 197 1038 148 66 246
88 199 684 151 65 220
88 354 749 143 61 210
88 560 839 142 61 217
88 564 816 151 66 232
88 593 795 311 159 548
88 618 405 125 44 139
88 1109 295 264 136 412
89 81 794 169 77 269
89 82 509 121 44 141
89 83 438 124 44 140
89 84 1402 120 65 227
89 87 602 232 115 377
89 90 1357 469 282 894
89 92 143 204 95 276
89 93 329 279 147 444
89 116 744 177 81 279
89 178 705 160 70 239
89 197 1038 148 66 246
89 199 693 151 64 219
89 354 749 143 61 210
89 560 839 142 61 217
89 564 819 151 66 232
89 593 769 291 149 509
89 618 415 124 43 136
89 1109 351 265 137 417
90 81 817 169 77 271
90 82 510 120 43 137
90 83 433 123 44 138
90 84 1350 119 60 218
90 87 697 230 113 381
90 90 1765 493 399 976
90 92 156 204 94 276
90 93 399 280 146 451
90 116 750 177 81 280
90 178 708 159 70 240
90 197 1038 148 66 246
90 199 708 151 65 221
90 354 749 143 61 210
90 560 839 142 61 217
90 564 819 151 66 232
90 593 783 280 142 487
90 618 419 122 42 134
90 1109 425 262 135 420
91 81 857 169 76 272
91 82 515 118 41 135
91 83 435 122 43 136
91 84 1303 117 55 209
91 87 765 229 112 385
91 92 168 203 94 275
91 93 486 280 145 460
91 94 127 312 171 489
91 116 764 178 82 281
91 178 708 159 70 240
91 197 1038 148 66 246
91 199 711 151 65 221
91 354 752 143 60 210
91 560 839 142 61 217
91 564 819 151 66 232
91 593 757 266 134 458
91 618 414 121 41 131
91 1109 473 264 135 427
92 81 873 169 77 275
92 82 520 117 40 132
92 83 439 121 42 132
92 84 1247 115 51 200
92 87 864 226 110 390
92 92 175 205 95 279
92 93 513 285 148 472
92 94 246 309 167 494
92 116 786 176 80 282
92 178 708 159 70 240
92 197 1038 148 66 246
92 199 705 151 65 221
92 354 752 143 60 210
92 560 839 142 61 217
92 564 819 151 66 232
92 593 749 249 125 425
92 1109 533 267 137 438
93 81 909 169 77 278
93 82 518 116 40 129
93 84 1207 113 49 192
93 87 968 225 109 398
93 92 187 204 95 279
93 93 593 284 147 477
93 94 301 306 164 494
93 95 50 229 111 318
93 116 811 177 81 284
93 178 705 160 70 239
93 197 1038 148 66 246
93 199 705 151 65 221
93 354 752 143 60 210
93 560 839 142 61 217
93 564 819 151 66 232
93 593 737 236 116 396
93 1109 601 269 137 448
94 81 926 169 77 280
94 84 1172 111 46 183
94 87 1070 222 106 401
94 92 213 206 96 286
94 94 369 313 168 515
94 95 64 226 110 314
94 116 774 179 83 285
94 178 697 160 71 239
94 197 1029 148 66 248
94 199 693 152 66 223
94 354 732 144 61 209
94 560 823 143 62 216
94 564 823 151 66 232
94 593 695 229 113 380
94 1017 1142 98 40 155
94 1109 659 282 145 481
95 81 895 170 77 277
95 84 1120 110 46 178
95 87 1180 220 106 406
95 92 266 203 95 287
95 94 447 302 160 500
95 95 115 219 105 303
95 116 777 179 83 287
95 178 697 160 71 239
95 197 1029 148 66 248
95 199 694 152 65 222
95 354 732 144 61 209
95 560 830 142 61 216
95 564 823 151 66 232
95 593 660 221 108 360
95 1017 1139 98 40 155
95 1020 57 183 78 223
95 1109 670 280 143 478
96 81 895 170 77 277
96 84 1096 109 45 173
96 87 1268 226 116 428
96 92 293 205 97 292
96 93 869 260 129 456
96 94 510 303 161 509
96 95 116 221 106 307
96 116 777 179 83 287
96 178 692 160 70 239
96 197 1029 148 66 248
96 199 696 152 65 223
96 354 733 144 61 208
96 560 830 142 61 216
96 564 823 151 66 232
96 593 674 210 100 338
96 1017 1136 98 40 155
96 1020 112 176 74 215
96 1021 65 196 88 253
96 1109 717 287 147 495
97 81 895 170 77 277
97 84 1075 109 45 171
97 87 1361 225 125 433
97 92 314 205 96 295
97 93 921 260 128 460
97 94 510 303 161 509
97 95 144 219 105 305
97 116 796 178 82 285
97 178 692 160 70 239
97 197 1029 148 66 248
97 199 700 152 65 223
97 354 733 144 61 208
97 560 830 142 61 216
97 564 823 151 66 232
97 593 647 202 96 319
97 1017 1136 98 40 155
97 1020 163 170 71 207
97 1021 159 189 84 245
97 1109 763 282 144 489
98 81 895 170 77 277
98 84 1067 110 45 171
98 87 1411 219 127 427
98 92 347 207 97 300
98 93 918 261 129 463
98 94 510 303 161 509
98 95 163 217 104 305
98 116 796 178 82 285
98 178 692 160 70 239
98 197 1029 148 66 248
98 199 700 152 65 223
98 354 728 144 61 209
98 560 832 143 62 216
98 564 823 151 66 232
98 593 635 195 92 306
98 1017 1136 98 40 155
98 1020 213 163 66 198
98 1021 240 182 80 239
98 1109 802 285 144 499
99 81 895 170 77 277
99 84 1055 110 45 172
99 87 1401 221 127 430
99 92 379 205 98 301
99 93 951 262 129 468
99 94 525 302 159 507
99 95 204 214 102 302
99 116 796 178 82 285
99 178 692 160 70 239
99 197 1029 148 66 248
99 199 702 152 65 222
99 354 728 144 61 209
99 560 838 142 61 217
99 564 823 151 66 232
99 593 601 192 89 295
99 1017 1136 98 40 155
99 1020 249 157 64 191
99 1021 313 176 77 236
99 1109 804 286 145 500
100 81 891 170 78 278
100 84 1069 111 45 173
100 87 1393 235 135 457
100 92 389 205 97 301
100 93 969 258 126 463
100 94 513 296 156 495
100 95 244 211 100 300
100 116 797 179 82 287
100 178 692 160 70 239
100 197 1029 148 66 248
100 199 713 150 65 221
100 354 735 144 61 209
100 560 835 142 61 217
100 564 823 151 66 232
100 593 608 187 87 286
100 1017 1136 98 40 155
100 1020 289 152 60 183
100 1021 363 173 76 233
100 1109 804 286 145 500
101 81 891 170 78 278
101 84 1087 110 46 175
101 87 1343 242 134 466
101 92 417 202 95 298
101 93 968 256 126 459
101 94 581 288 149 486
101 95 254 214 102 307
101 116 797 179 82 287
101 178 692 160 70 239
101 197 1029 148 66 248
101 199 737 149 65 221
101 354 743 143 61 209
101 560 835 142 61 217
101 564 823 151 66 232
101 593 565 186 86 279
101 1017 1131 99 40 154
101 1020 311 148 58 176
101 1021 388 169 73 228
101 1109 815 283 143 498
102 81 891 170 78 278
102 84 1112 110 45 177
102 87 1252 256 131 485
102 92 441 206 98 309
102 93 890 255 126 448
102 94 581 288 149 486
102 95 299 211 101 305
102 116 797 179 82 287
102 178 689 160 70 239
102 197 1029 148 66 248
102 199 726 150 65 222
102 354 743 143 61 209
102 560 838 142 61 217
102 564 823 151 66 232
102 593 550 183 83 271
102 1017 1131 99 40 154
102 1020 341 143 55 170
102 1021 433 165 71 224
102 1109 824 283 143 499
103 81 891 170 78 278
103 84 1130 110 45 177
103 87 1161 259 127 482
103 92 459 205 97 308
103 93 890 255 126 448
103 94 585 283 147 477
103 95 337 212 101 309
103 116 797 179 82 287
103 178 689 160 70 239
103 197 1029 148 66 248
103 199 705 151 65 223
103 354 743 143 61 209
103 560 838 142 61 217
103 564 823 151 66 232
103 593 512 181 82 264
103 1017 1131 99 40 154
103 1020 356 139 53 164
103 1021 452 164 70 223
103 1109 824 283 143 499
104 81 901 170 78 280
104 84 1127 110 46 178
104 87 1098 260 126 477
104 92 508 203 96 309
104 93 941 246 121 437
104 94 600 277 142 464
104 95 391 212 102 315
104 116 805 177 82 284
104 178 712 159 70 240
104 197 1035 147 65 246
104 199 693 152 65 221
104 354 752 143 60 210
104 560 826 143 61 217
104 564 823 151 66 232
104 593 490 179 81 259
104 1020 382 136 51 158
104 1021 490 160 68 218
104 1109 802 290 147 509
105 81 898 169 77 278
105 84 1119 110 45 176
105 87 1069 258 125 471
105 92 555 202 96 311
105 93 916 251 124 444
105 94 591 279 144 470
105 95 454 212 102 323
105 116 809 176 81 284
105 178 694 160 70 238
105 197 1029 148 65 246
105 199 689 152 65 221
105 354 751 143 60 209
105 560 835 143 61 217
105 564 828 151 66 232
105 593 480 177 79 253
105 1020 399 132 49 152
105 1021 502 160 68 219
105 1109 798 292 148 512
106 81 903 169 77 278
106 84 1133 110 46 177
106 87 1068 261 126 478
106 92 602 202 96 316
106 93 928 247 120 436
106 94 596 281 146 474
106 95 511 215 104 335
106 116 802 177 81 284
106 178 702 159 70 239
106 197 1029 148 65 246
106 199 691 152 65 222
106 354 749 143 60 208
106 560 848 142 61 218
106 564 804 152 67 233
106 593 430 177 79 248
106 1020 411 129 47 148
106 1021 511 160 69 220
106 1109 820 292 149 516
107 81 912 169 77 278
107 84 1144 110 46 179
107 87 1050 258 126 470
107 92 701 200 95 322
107 93 902 252 124 444
107 94 581 279 143 466
107 95 576 216 104 343
107 116 809 178 82 287
107 178 702 159 70 239
107 197 1023 148 66 247
107 199 689 152 66 223
107 354 731 144 61 209
107 560 830 143 61 217
107 564 804 152 67 233
107 593 422 175 77 243
107 1019 103 192 86 249
107 1020 418 127 45 142
107 1021 502 161 70 223
107 1109 786 302 154 531
108 81 909 169 77 278
108 84 1174 111 46 183
108 87 1055 261 126 474
108 92 750 201 95 328
108 93 908 251 123 444
108 94 595 278 144 467
108 95 670 215 104 347
108 116 813 178 82 287
108 178 705 160 70 239
108 197 1021 148 66 246
108 199 701 152 65 222
108 354 701 145 62 210
108 560 840 143 61 218
108 564 815 151 66 233
108 593 423 173 77 240
108 1019 140 189 84 246
108 1020 416 125 44 139
108 1021 490 163 70 225
108 1109 822 296 150 522
109 81 905 169 77 277
109 84 1217 111 48 188
109 87 1010 264 129 479
109 92 805 198 94 328
109 93 910 252 124 445
109 94 595 278 144 467
109 95 749 215 104 357
109 116 806 178 82 288
109 178 708 159 70 240
109 197 1026 148 66 248
109 199 702 152 65 222
109 354 700 145 62 210
109 560 830 143 62 218
109 564 820 151 66 234
109 593 409 171 75 235
109 1019 187 185 81 241
109 1020 420 121 42 131
109 1021 494 163 71 226
109 1109 812 304 155 537
109 1174 60 184 79 226
110 81 909 169 77 278
110 84 1255 112 49 194
110 87 995 267 131 482
110 92 900 195 91 329
110 93 919 250 123 443
110 94 584 280 145 470
110 95 842 210 100 354
110 116 817 177 81 287
110 178 711 159 70 239
110 197 1032 148 66 247
110 199 699 152 65 222
110 354 700 145 62 210
110 560 839 142 61 217
110 564 820 151 66 234
110 593 403 169 74 229
110 1019 217 182 79 237
110 1020 426 121 41 133
110 1021 511 163 71 227
110 1109 822 296 150 522
110 1174 96 178 76 218
111 81 897 169 77 277
111 84 1299 113 53 202
111 87 1004 267 131 483
111 92 975 188 88 324
111 93 908 251 123 444
111 94 576 280 144 469
111 95 988 202 95 351
111 116 808 178 82 286
111 178 711 159 70 239
111 197 1038 148 66 246
111 199 699 152 65 222
111 354 737 143 60 208
111 560 835 143 61 217
111 564 821 152 67 233
111 593 400 167 72 225
111 1019 257 178 78 234
111 1021 515 163 70 227
111 1109 802 296 151 519
111 1174 111 175 74 213
112 81 900 168 77 276
112 84 1346 114 57 209
112 87 999 272 134 491
112 92 1054 179 82 311
112 93 922 251 123 443
112 94 568 283 147 475
112 95 1079 190 89 338
112 116 797 179 82 287
112 178 711 159 70 239
112 197 1038 148 66 246
112 199 699 152 65 222
112 354 755 142 60 206
112 560 836 142 60 216
112 564 822 151 66 233
112 593 422 165 71 221
112 1019 309 175 76 232
112 1021 522 162 70 228
112 1109 817 300 153 529
112 1174 142 171 71 209
112 1175 99 183 79 229
113 81 907 169 77 278
113 84 1412 116 62 219
113 87 976 267 132 480
113 92 1095 169 77 295
113 93 922 251 123 443
113 94 575 283 146 474
113 95 1164 179 82 324
113 116 813 178 82 287
113 178 711 159 70 239
113 197 1032 148 66 247
113 199 698 152 65 222
113 354 749 142 61 208
113 560 823 143 61 217
113 564 822 151 66 233
113 593 443 161 69 217
113 1019 346 171 74 228
113 1021 519 163 71 230
113 1109 800 295 150 518
113 1174 156 169 69 204
113 1175 145 178 77 224
114 81 902 168 76 277
114 84 1478 117 67 228
114 87 992 266 130 481
114 92 1115 161 73 282
114 93 904 254 126 449
114 94 601 286 148 484
114 95 1212 168 78 304
114 116 802 179 82 287
114 178 708 159 70 240
114 197 1034 148 66 248
114 199 698 151 65 221
114 354 747 144 61 210
114 560 835 142 61 217
114 564 807 152 67 233
114 593 467 158 66 211
114 1019 375 168 72 224
114 1021 516 164 71 229
114 1101 170 335 186 538
114 1109 817 292 148 514
114 1121 1821 126 102 282
114 1169 1715 133 98 285
114 1174 178 166 68 200
114 1175 173 175 75 219
115 81 893 169 77 278
115 84 1540 119 73 237
115 87 982 264 130 476
115 92 1135 153 69 267
115 93 899 252 124 442
115 94 592 283 146 475
115 95 1240 158 74 287
115 116 809 178 82 287
115 178 698 159 70 239
115 197 1031 149 67 249
115 199 698 151 65 221
115 354 738 144 61 210
115 560 831 143 61 216
115 564 807 152 66 234
115 593 486 155 65 209
115 1019 418 163 69 220
115 1021 483 166 72 230
115 1035 153 259 133 388
115 1036 89 375 215 608
115 1101 337 338 185 560
115 1107 991 97 37 138
115 1109 836 294 149 520
115 1121 1763 125 97 274
115 1169 1634 132 91 274
115 1174 205 162 66 196
115 1175 201 172 73 215
116 81 902 168 76 277
116 84 1626 118 79 244
116 87 979 266 131 478
116 92 1138 147 66 255
116 93 877 251 124 438
116 94 590 276 142 463
116 95 1239 149 69 270
116 116 825 178 82 288
116 178 717 159 70 238
116 197 1031 148 66 248
116 199 689 152 65 221
116 354 727 145 62 211
116 593 525 151 63 204
116 1019 457 161 68 216
116 1021 455 170 74 237
116 1035 282 250 127 381
116 1036 259 386 219 645
116 1101 469 342 185 580
116 1107 985 98 37 138
116 1109 844 291 147 515
116 1121 1659 125 87 261
116 1169 1548 131 82 262
116 1174 224 161 65 194
116 1175 230 166 69 207
117 81 907 169 77 278
117 84 1734 117 87 253
117 87 988 266 131 478
117 92 1132 141 62 244
117 93 905 251 123 442
117 94 610 277 143 467
117 95 1231 142 65 253
117 116 817 177 81 287
117 178 699 160 70 238
117 197 1037 148 66 247
117 199 699 151 65 222
117 354 732 144 61 209
117 560 833 144 62 218
117 564 800 152 67 233
117 593 548 147 61 199
117 1019 503 156 66 213
117 1021 390 176 78 241
117 1035 409 236 117 366
117 1036 436 395 220 678
117 1039 84 182 78 225
117 1101 608 350 187 607
117 1107 980 98 37 139
117 1109 870 290 146 516
117 1121 1578 124 80 253
117 1169 1489 129 76 253
117 1174 246 157 63 190
117 1175 251 163 67 203
117 1178 73 256 131 375
118 81 896 170 78 278
118 84 1789 116 91 258
118 87 1004 265 130 479
118 92 1110 137 60 231
118 93 905 251 123 442
118 94 611 281 145 473
118 95 1227 135 61 241
118 178 710 159 70 239
118 197 1026 148 66 248
118 199 699 151 65 222
118 354 737 144 62 211
118 560 839 142 61 217
118 564 800 153 66 233
118 593 590 145 60 197
118 1019 550 152 64 209
118 1021 361 180 80 248
118 1035 556 227 112 362
118 1036 645 398 215 700
118 1039 140 173 72 211
118 1101 774 359 188 639
118 1107 975 99 37 141
118 1109 887 290 145 516
118 1121 1520 123 75 243
118 1124 808 178 82 286
118 1169 1451 127 72 246
118 1174 264 154 61 186
118 1175 269 159 64 194
118 1178 214 244 123 364
119 81 898 169 77 278
119 87 979 264 129 474
119 92 1085 133 58 220
119 93 905 249 123 439
119 94 579 281 146 472
119 95 1205 130 58 226
119 116 817 177 81 287
119 178 709 160 70 239
119 197 1037 148 66 247
119 354 737 144 62 211
119 560 832 143 62 216
119 564 803 152 67 232
119 593 626 141 58 194
119 1019 596 148 62 205
119 1021 330 184 83 255
119 1035 669 216 104 349
119 1036 852 420 220 760
119 1039 172 166 68 201
119 1048 50 177 73 210
119 1101 1025 377 190 695
119 1107 971 99 38 141
119 1109 870 290 146 516
119 1121 1480 121 71 236
119 1169 1393 125 66 236
119 1174 264 153 61 184
119 1175 298 155 62 189
119 1178 330 237 118 359
120 81 903 169 77 278
120 87 976 267 132 480
120 92 1058 130 56 211
120 93 900 248 122 436
120 94 608 277 143 465
120 95 1175 126 54 215
120 116 831 176 81 286
120 178 708 159 70 240
120 197 1034 148 66 248
120 199 723 150 65 222
120 354 738 144 61 210
120 560 838 142 61 217
120 564 804 152 67 233
120 593 681 138 57 191
120 1019 628 146 61 204
120 1021 303 188 85 257
120 1035 804 206 98 342
120 1036 1107 433 225 807
120 1039 194 162 66 194
120 1048 110 168 69 199
120 1057 56 168 67 192
120 1101 1158 384 199 720
120 1107 966 100 38 141
120 1109 869 293 148 520
120 1121 1432 119 66 226
120 1169 1351 123 63 228
120 1174 270 150 58 177
120 1175 311 150 60 182
120 1178 460 227 112 352
120 1201 1134 98 39 155
121 81 895 170 77 279
121 87 970 270 133 485
121 92 1037 126 53 202
121 93 925 250 122 441
121 94 625 277 142 467
121 95 1137 122 52 205
121 116 819 179 82 291
121 178 708 159 70 240
121 197 1037 148 66 247
121 199 704 151 65 221
121 354 734 145 61 210
121 560 835 143 61 217
121 564 806 152 66 233
121 593 710 135 55 190
121 1019 668 143 60 203
121 1021 280 191 87 264
121 1035 920 197 93 337
121 1036 1376 465 284 889
121 1039 200 158 63 186
121 1048 137 163 65 191
121 1057 83 163 64 184
121 1101 1436 397 249 769
121 1107 969 100 38 140
121 1109 868 287 144 510
121 1121 1382 117 60 217
121 1169 1300 121 57 218
121 1174 273 148 57 173
121 1175 319 148 58 177
121 1178 587 219 107 350
121 1192 112 349 197 561
122 81 905 169 77 279
122 87 977 271 134 488
122 92 1020 123 51 193
122 93 927 249 122 439
122 94 595 278 144 467
122 95 1111 120 51 198
122 116 822 180 83 291
122 178 708 159 70 240
122 197 1037 148 66 247
122 199 711 151 66 222
122 354 738 144 61 210
122 560 832 143 61 217
122 593 747 133 54 187
122 1019 693 141 59 201
122 1021 270 193 87 265
122 1035 1042 187 87 327
122 1036 1692 483 371 950
122 1039 197 155 61 180
122 1048 148 160 64 185
122 1057 85 160 62 179
122 1063 114 403 234 663
122 1101 1729 431 337 862
122 1107 968 100 38 142
122 1109 844 289 146 510
122 1121 1358 115 58 211
122 1169 1267 119 55 211
122 1174 276 146 56 170
122 1175 335 144 55 171
122 1178 727 210 101 344
122 1192 258 370 208 614
123 81 893 169 77 278
123 87 986 269 132 485
123 92 994 120 50 186
123 93 925 251 123 445
123 94 608 279 143 471
123 95 1080 117 49 188
123 116 814 179 82 288
123 178 708 159 70 240
123 197 1037 148 66 247
123 199 702 152 65 222
123 354 751 144 62 211
123 560 834 143 61 217
123 564 787 152 66 231
123 593 788 130 53 185
123 1019 723 139 58 197
123 1021 279 193 88 266
123 1035 1141 180 83 322
123 1039 205 153 59 175
123 1048 153 156 61 179
123 1057 105 156 59 173
123 1063 279 432 248 733
123 1107 965 100 38 141
123 1109 886 294 148 526
123 1121 1314 114 55 205
123 1169 1245 118 52 205
123 1174 280 144 55 165
123 1175 338 142 54 167
123 1178 836 200 95 334
123 1192 427 379 210 647
124 81 896 170 78 278
124 87 1026 266 130 482
124 92 986 117 48 179
124 93 922 246 120 434
124 94 601 274 141 460
124 95 1060 115 47 182
124 116 803 177 82 285
124 178 693 160 70 239
124 197 1038 148 66 246
124 199 706 152 65 222
124 354 735 144 62 211
124 560 836 143 62 216
124 564 812 152 66 233
124 593 836 127 52 184
124 1019 771 136 57 198
124 1021 287 193 88 266
124 1035 1231 171 81 314
124 1039 225 149 57 170
124 1048 152 154 59 172
124 1063 490 460 258 803
124 1107 971 100 39 141
124 1109 910 290 145 520
124 1121 1294 113 52 199
124 1132 308 393 223 663
124 1169 1206 116 50 199
124 1174 288 141 53 161
124 1175 342 140 53 164
124 1178 935 190 89 324
124 1192 652 401 216 708
124 1199 92 205 94 272
125 81 896 170 78 278
125 87 1008 268 131 484
125 92 969 115 46 173
125 93 922 246 120 434
125 94 605 275 141 463
125 95 1045 112 46 175
125 116 803 177 82 285
125 178 693 160 70 239
125 197 1038 148 66 246
125 199 697 152 65 222
125 354 735 144 62 211
125 560 836 143 62 216
125 564 812 152 66 233
125 593 891 124 51 184
125 1019 802 135 56 197
125 1021 285 192 87 264
125 1035 1322 163 84 307
125 1039 286 145 54 167
125 1048 151 151 58 168
125 1063 706 517 281 923
125 1107 971 100 39 141
125 1121 1260 111 50 193
125 1132 486 406 225 702
125 1169 1183 114 48 192
125 1174 300 139 51 156
125 1175 352 137 52 159
125 1178 1050 179 82 311
125 1192 839 393 205 710
125 1199 181 198 91 268
126 81 896 170 78 278
126 87 995 269 133 486
126 92 940 113 45 167
126 93 922 246 120 434
126 94 605 275 141 463
126 95 1027 110 44 169
126 116 803 177 82 285
126 178 693 160 70 239
126 197 1038 148 66 246
126 199 697 152 65 222
126 354 735 144 62 211
126 560 839 142 61 217
126 564 812 152 66 233
126 593 923 122 50 183
126 1019 840 132 55 197
126 1021 301 189 85 259
126 1035 1397 156 85 299
126 1039 249 142 53 159
126 1048 165 148 55 161
126 1063 1114 559 303 1031
126 1107 971 100 39 141
126 1109 859 295 149 524
126 1121 1230 110 48 189
126 1132 707 469 254 838
126 1169 1164 113 47 186
126 1174 315 136 50 153
126 1175 367 135 50 154
126 1178 1132 171 79 304
126 1192 1036 415 209 766
126 1199 239 190 85 257
127 81 896 170 78 278
127 87 995 269 133 486
127 92 918 112 44 161
127 93 925 246 120 436
127 94 621 275 142 465
127 95 998 108 43 162
127 116 803 177 82 285
127 178 693 160 70 239
127 197 1038 148 66 246
127 199 697 152 65 222
127 354 735 144 62 211
127 560 824 143 62 217
127 564 812 152 66 233
127 593 958 120 49 181
127 1019 859 131 54 194
127 1021 316 184 82 252
127 1035 1473 149 88 292
127 1063 1270 524 298 983
127 1107 971 100 39 141
127 1109 856 292 148 517
127 1121 1201 109 46 184
127 1132 796 551 296 993
127 1169 1137 112 46 182
127 1174 318 134 48 149
127 1175 361 134 49 151
127 1178 1213 164 77 298
127 1192 1286 437 246 829
127 1199 281 185 83 252
128 81 898 169 77 278
128 87 995 269 133 486
128 92 907 110 43 156
128 93 925 246 120 436
128 94 621 275 142 465
128 95 970 107 42 156
128 116 809 176 81 284
128 178 693 160 70 239
128 197 1038 148 66 246
128 199 697 152 65 222
128 354 735 144 62 211
128 560 825 143 62 218
128 564 812 152 66 233
128 593 991 118 48 181
128 1019 898 129 54 195
128 1021 376 177 78 242
128 1035 1550 143 90 287
128 1063 1539 567 400 1084
128 1107 971 100 39 141
128 1109 876 294 148 525
128 1132 1135 595 328 1096
128 1169 1105 111 46 178
128 1174 319 133 47 146
128 1175 362 132 47 148
128 1178 1289 157 77 292
128 1199 305 180 79 241
129 81 898 169 77 278
129 87 995 269 133 486
129 92 880 108 42 151
129 93 925 246 120 436
129 94 621 275 142 465
129 95 947 106 41 152
129 116 809 176 81 284
129 178 693 160 70 239
129 197 1038 148 66 246
129 199 697 152 65 222
129 354 735 144 62 211
129 560 843 143 61 217
129 564 812 152 66 233
129 593 1042 116 48 182
129 1019 905 129 54 195
129 1021 423 170 74 232
129 1035 1620 136 92 281
129 1107 971 100 39 141
129 1109 829 287 145 506
129 1121 1138 107 45 173
129 1132 1582 731 551 1363
129 1169 1085 110 45 175
129 1175 368 130 46 144
129 1178 1350 150 79 283
129 1195 203 363 204 594
129 1199 342 173 75 230
130 81 898 169 77 278
130 87 995 269 133 486
130 92 865 107 41 146
130 93 925 246 120 436
130 94 621 275 142 465
130 95 918 105 40 146
130 116 809 176 81 284
130 178 693 160 70 239
130 197 1038 148 66 246
130 199 697 152 65 222
130 354 735 144 62 211
130 564 812 152 66 233
130 593 1049 116 48 182
130 1019 926 127 53 194
130 1021 453 163 70 222
130 1035 1700 131 95 278
130 1107 971 100 39 141
130 1109 833 293 149 518
130 1121 1104 107 44 170
130 1169 1059 110 45 170
130 1175 354 129 46 142
130 1178 1446 142 81 275
130 1195 347 376 210 633
130 1199 400 165 71 221
131 81 898 169 77 278
131 87 1014 267 131 484
131 92 846 106 40 142
131 93 925 246 120 436
131 94 621 275 142 465
131 95 906 103 39 142
131 116 804 177 81 283
131 178 693 160 70 239
131 197 1038 148 66 246
131 199 697 152 65 222
131 354 735 144 62 211
131 560 834 142 61 217
131 564 812 152 66 233
131 593 1075 114 47 181
131 1019 926 127 53 194
131 1021 481 156 66 209
131 1035 1758 126 96 273
131 1107 968 100 38 142
131 1109 831 290 147 512
131 1113 149 451 266 755
131 1121 1074 107 43 166
131 1169 1036 109 44 166
131 1178 1519 136 83 271
131 1195 560 391 213 681
131 1199 412 159 66 208
132 81 898 169 77 278
132 87 997 264 129 476
132 92 836 104 39 138
132 93 925 246 120 436
132 94 621 275 142 465
132 95 894 102 38 139
132 116 807 177 81 285
132 178 693 160 70 239
132 197 1038 148 66 246
132 199 697 152 65 222
132 354 735 144 62 211
132 560 839 142 61 217
132 564 812 152 66 233
132 593 1154 111 46 181
132 1019 955 125 53 194
132 1021 510 150 62 200
132 1035 1824 123 100 274
132 1107 968 100 38 142
132 1109 827 292 148 515
132 1113 338 479 276 823
132 1121 1045 106 43 161
132 1169 998 109 44 162
132 1178 1591 131 86 267
132 1195 766 412 219 739
132 1199 424 154 64 200
133 81 898 169 77 278
133 87 997 264 129 476
133 92 827 103 37 133
133 93 925 246 120 436
133 94 621 275 142 465
133 95 879 101 37 134
133 116 807 177 81 285
133 178 693 160 70 239
133 197 1038 148 66 246
133 199 697 152 65 222
133 354 735 144 62 211
133 560 851 142 61 218
133 564 816 151 66 232
133 593 1158 110 46 182
133 1019 936 126 53 193
133 1021 519 147 60 194
133 1107 968 100 38 142
133 1109 830 292 148 517
133 1113 521 513 289 901
133 1169 967 108 42 159
133 1178 1661 127 88 265
133 1195 1012 421 213 776
133 1199 439 149 61 191
