1002,1,639,886,165,398,1,1,1
1003,1,638,886,164,400,1,1,1
1004,1,636,886,165,403,1,1,1
1005,1,635,886,164,405,1,1,1
1006,1,633,886,163,406,1,1,1
1007,1,637,886,158,411,1,1,1
1008,1,640,886,153,414,1,1,1
1009,1,644,887,146,417,1,1,1
1010,1,648,887,140,420,1,1,1
1011,1,651,886,134,423,1,1,1
1012,1,648,888,136,424,1,1,1
1013,1,646,888,135,425,1,1,1
1014,1,643,889,136,424,1,1,1
1015,1,640,890,137,424,1,1,1
1016,1,637,890,137,425,1,1,1
1017,1,635,891,139,425,1,1,1
1018,1,633,892,140,425,1,1,1
1019,1,630,893,142,425,1,1,1
1020,1,628,894,142,424,1,1,1
1021,1,625,895,143,424,1,1,1
1022,1,626,896,143,424,1,1,1
1023,1,626,897,143,425,1,1,1
1024,1,626,898,143,425,1,1,1
1025,1,626,899,143,425,1,1,1
1026,1,626,900,142,425,1,1,1
1027,1,628,902,142,424,1,1,1
1028,1,629,904,143,423,1,1,1
1029,1,631,906,142,422,1,1,1
1030,1,633,908,142,420,1,1,1
1031,1,634,909,141,419,1,1,1
1032,1,637,911,141,420,1,1,1
1033,1,639,912,141,421,1,1,1
1034,1,641,914,142,421,1,1,1
1035,1,643,915,142,422,1,1,1
1036,1,645,916,141,422,1,1,1
1037,1,648,918,141,422,1,1,1
1038,1,651,920,140,422,1,1,1
1039,1,655,921,138,422,1,1,1
1040,1,658,922,137,422,1,1,1
1041,1,660,923,135,421,1,1,1
1051,1,715,925,127,370,1,1,1
1052,1,718,925,127,389,1,1,1
1053,1,721,926,126,406,1,1,1
1054,1,724,926,124,425,1,1,1
1055,1,728,926,122,443,1,1,1
1056,1,730,926,121,460,1,1,1
1057,1,732,927,125,460,1,1,1
1058,1,733,927,130,460,1,1,1
1059,1,734,926,134,461,1,1,1
1060,1,735,926,139,461,1,1,1
1061,1,736,926,142,461,1,1,1
1062,1,741,926,146,460,1,1,1
1063,1,746,925,150,460,1,1,1
1064,1,751,925,153,459,1,1,1
1065,1,755,924,157,459,1,1,1
1066,1,760,924,160,458,1,1,1
1067,1,762,922,158,460,1,1,1
1068,1,763,920,158,462,1,1,1
1069,1,765,918,156,463,1,1,1
1070,1,766,916,155,465,1,1,1
1071,1,768,913,152,466,1,1,1
1072,1,778,913,146,466,1,1,1
1073,1,787,911,140,467,1,1,1
1074,1,797,910,132,467,1,1,1
1075,1,806,908,126,468,1,1,1
1076,1,815,907,119,467,1,1,1
1077,1,820,906,128,467,1,1,1
1078,1,824,904,138,468,1,1,1
1079,1,828,903,147,467,1,1,1
1080,1,832,901,156,468,1,1,1
1081,1,836,900,164,467,1,1,1
1082,1,838,899,177,467,1,1,1
1083,1,840,899,188,466,1,1,1
1084,1,841,898,200,466,1,1,1
1085,1,843,897,211,466,1,1,1
1086,1,844,896,222,465,1,1,1
1087,1,845,894,222,466,1,1,1
1088,1,845,892,223,467,1,1,1
1089,1,846,889,222,469,1,1,1
1090,1,846,887,222,469,1,1,1
1091,1,846,884,221,470,1,1,1
1092,1,855,883,213,469,1,1,1
1093,1,864,882,204,467,1,1,1
1094,1,874,881,194,464,1,1,1
1095,1,883,879,185,463,1,1,1
1096,1,891,877,176,461,1,1,1
1097,1,902,876,167,461,1,1,1
1098,1,912,874,157,461,1,1,1
1099,1,922,872,148,462,1,1,1
1100,1,932,871,139,461,1,1,1
1101,1,942,868,129,461,1,1,1
1102,1,947,868,137,460,1,1,1
1103,1,952,867,144,459,1,1,1
1104,1,957,866,150,458,1,1,1
1105,1,962,865,157,457,1,1,1
1106,1,966,863,164,456,1,1,1
1107,1,971,863,170,455,1,1,1
1108,1,976,862,175,453,1,1,1
1109,1,980,862,182,451,1,1,1
1110,1,985,861,187,449,1,1,1
1111,1,989,860,192,446,1,1,1
1112,1,991,860,193,447,1,1,1
1113,1,992,859,195,447,1,1,1
1114,1,993,858,196,447,1,1,1
1115,1,994,857,198,447,1,1,1
1116,1,995,855,198,447,1,1,1
1117,1,997,854,198,449,1,1,1
1118,1,999,853,197,450,1,1,1
1119,1,1000,852,197,450,1,1,1
1120,1,1002,851,196,451,1,1,1
1121,1,1003,849,195,452,1,1,1
1122,1,1007,848,198,452,1,1,1
1123,1,1011,848,200,450,1,1,1
1124,1,1015,847,202,449,1,1,1
1125,1,1019,846,204,448,1,1,1
1126,1,1022,845,207,446,1,1,1
1127,1,1030,844,198,447,1,1,1
1128,1,1038,844,188,447,1,1,1
1129,1,1046,843,178,447,1,1,1
1130,1,1054,843,168,447,1,1,1
1131,1,1061,842,159,446,1,1,1
1132,1,1065,842,158,447,1,1,1
1133,1,1070,842,155,447,1,1,1
1134,1,1074,841,153,448,1,1,1
1135,1,1078,841,151,448,1,1,1
1136,1,1081,840,149,447,1,1,1
1137,1,1082,840,150,448,1,1,1
1138,1,1082,839,152,449,1,1,1
1139,1,1081,839,154,448,1,1,1
1140,1,1081,838,155,449,1,1,1
1141,1,1081,837,155,449,1,1,1
1142,1,1081,838,151,447,1,1,1
1143,1,1081,838,145,446,1,1,1
1144,1,1080,838,140,445,1,1,1
1145,1,1080,839,134,443,1,1,1
1146,1,1079,838,128,442,1,1,1
1147,1,1079,839,129,443,1,1,1
1148,1,1078,838,130,445,1,1,1
1149,1,1077,838,131,446,1,1,1
1150,1,1076,838,132,447,1,1,1
1151,1,1075,837,133,448,1,1,1
1152,1,1074,837,134,449,1,1,1
1153,1,1072,837,135,449,1,1,1
1154,1,1071,837,135,449,1,1,1
1155,1,1070,836,135,449,1,1,1
1156,1,1068,836,136,449,1,1,1
1157,1,1066,837,139,448,1,1,1
1158,1,1064,837,142,447,1,1,1
1159,1,1061,838,145,446,1,1,1
1160,1,1059,838,148,445,1,1,1
1161,1,1056,838,150,443,1,1,1
1162,1,1056,839,153,444,1,1,1
1163,1,1056,839,155,444,1,1,1
1164,1,1056,839,156,444,1,1,1
1165,1,1055,840,159,443,1,1,1
1166,1,1055,840,160,442,1,1,1
1167,1,1055,839,164,443,1,1,1
1168,1,1055,838,168,443,1,1,1
1169,1,1056,837,171,444,1,1,1
1170,1,1056,837,176,443,1,1,1
1171,1,1055,835,179,444,1,1,1
1172,1,1060,836,177,446,1,1,1
1173,1,1064,836,174,447,1,1,1
1174,1,1068,837,171,448,1,1,1
1175,1,1072,837,168,450,1,1,1
1176,1,1076,837,165,451,1,1,1
1177,1,1080,838,161,451,1,1,1
1178,1,1083,838,158,451,1,1,1
1179,1,1087,838,154,452,1,1,1
1180,1,1090,838,151,452,1,1,1
1181,1,1093,837,147,452,1,1,1
1182,1,1095,838,146,453,1,1,1
1183,1,1096,837,145,454,1,1,1
1184,1,1097,837,144,455,1,1,1
1185,1,1099,836,142,456,1,1,1
1186,1,1100,836,141,456,1,1,1
1187,1,1107,836,135,457,1,1,1
1188,1,1114,836,128,457,1,1,1
1189,1,1121,836,122,458,1,1,1
1190,1,1129,837,114,457,1,1,1
1191,1,1135,836,107,457,1,1,1
1192,1,1135,837,119,457,1,1,1
1193,1,1134,837,130,457,1,1,1
1194,1,1132,837,143,458,1,1,1
1195,1,1131,836,154,459,1,1,1
1196,1,1130,836,165,458,1,1,1
1197,1,1131,837,177,458,1,1,1
1198,1,1131,837,189,458,1,1,1
1199,1,1132,837,200,458,1,1,1
1200,1,1133,838,211,457,1,1,1
1201,1,1133,838,222,457,1,1,1
1202,1,1137,839,220,457,1,1,1
1203,1,1141,839,218,458,1,1,1
1204,1,1145,840,215,458,1,1,1
1205,1,1150,840,212,459,1,1,1
1206,1,1153,841,209,458,1,1,1
1207,1,1157,841,206,461,1,1,1
1208,1,1160,841,202,463,1,1,1
1209,1,1164,841,198,465,1,1,1
1210,1,1167,841,194,468,1,1,1
1211,1,1170,840,190,470,1,1,1
1212,1,1176,840,184,471,1,1,1
1213,1,1183,839,177,473,1,1,1
1214,1,1189,838,171,475,1,1,1
1215,1,1195,837,165,476,1,1,1
1216,1,1201,836,158,477,1,1,1
1217,1,1208,837,153,478,1,1,1
1218,1,1214,837,149,478,1,1,1
1219,1,1220,837,145,479,1,1,1
1220,1,1226,838,141,478,1,1,1
1221,1,1232,837,136,478,1,1,1
1222,1,1236,838,136,483,1,1,1
1223,1,1240,838,135,488,1,1,1
1224,1,1243,838,135,493,1,1,1
1225,1,1247,839,134,497,1,1,1
1226,1,1250,838,134,501,1,1,1
1227,1,1254,839,136,501,1,1,1
1228,1,1257,839,139,500,1,1,1
1229,1,1261,840,140,499,1,1,1
1230,1,1264,840,143,498,1,1,1
1231,1,1268,840,145,498,1,1,1
1232,1,1272,841,145,501,1,1,1
1233,1,1275,841,145,504,1,1,1
1234,1,1279,842,145,507,1,1,1
1235,1,1283,842,145,511,1,1,1
1236,1,1286,842,145,514,1,1,1
1237,1,1290,841,142,516,1,1,1
1238,1,1294,840,138,517,1,1,1
1239,1,1297,838,135,520,1,1,1
1240,1,1301,837,131,521,1,1,1
1241,1,1304,835,127,523,1,1,1
1242,1,1306,834,133,524,1,1,1
1243,1,1309,833,138,525,1,1,1
1244,1,1311,832,144,526,1,1,1
1245,1,1313,831,150,527,1,1,1
1246,1,1315,829,154,528,1,1,1
1247,1,1318,829,162,529,1,1,1
1248,1,1321,829,169,529,1,1,1
1249,1,1324,829,175,529,1,1,1
1250,1,1326,829,183,529,1,1,1
1251,1,1328,828,189,529,1,1,1
1252,1,1331,829,198,530,1,1,1
1253,1,1333,829,207,530,1,1,1
1254,1,1336,829,215,531,1,1,1
1255,1,1338,829,223,532,1,1,1
1256,1,1340,829,231,531,1,1,1
1257,1,1346,829,227,537,1,1,1
1258,1,1351,828,222,543,1,1,1
1259,1,1356,828,218,548,1,1,1
1260,1,1361,827,213,554,1,1,1
1261,1,1366,827,208,558,1,1,1
1262,1,1373,826,203,562,1,1,1
1263,1,1378,825,200,565,1,1,1
1264,1,1384,823,195,569,1,1,1
1265,1,1390,822,190,572,1,1,1
1266,1,1395,820,185,575,1,1,1
1267,1,1405,822,182,574,1,1,1
1268,1,1415,823,178,573,1,1,1
1269,1,1424,824,175,573,1,1,1
1270,1,1434,825,171,572,1,1,1
1271,1,1443,826,168,570,1,1,1
1272,1,1449,826,169,576,1,1,1
1273,1,1454,826,172,581,1,1,1
1274,1,1460,826,173,585,1,1,1
1275,1,1465,825,176,591,1,1,1
1276,1,1470,825,177,595,1,1,1
1277,1,1474,825,179,599,1,1,1
1278,1,1477,824,181,603,1,1,1
1279,1,1481,824,182,606,1,1,1
1280,1,1484,823,184,610,1,1,1
1281,1,1487,822,185,612,1,1,1
1282,1,1493,823,187,615,1,1,1
1283,1,1498,824,190,617,1,1,1
1284,1,1504,824,191,620,1,1,1
1285,1,1509,825,194,622,1,1,1
1286,1,1514,825,195,625,1,1,1
1287,1,1519,824,193,629,1,1,1
1288,1,1524,823,189,632,1,1,1
1289,1,1528,821,186,637,1,1,1
1290,1,1533,820,182,640,1,1,1
1291,1,1537,818,179,643,1,1,1
1292,1,1543,819,173,644,1,1,1
1293,1,1548,819,167,644,1,1,1
1294,1,1554,819,160,644,1,1,1
1295,1,1559,819,154,644,1,1,1
1296,1,1564,818,147,643,1,1,1
1297,1,1569,819,152,644,1,1,1
1298,1,1572,819,158,644,1,1,1
1299,1,1576,820,163,643,1,1,1
1300,1,1580,820,168,643,1,1,1
1301,1,1584,820,172,642,1,1,1
1302,1,1588,820,193,643,1,1,1
1303,1,1591,820,215,642,1,1,1
1304,1,1595,820,236,642,1,1,1
1305,1,1598,820,258,642,1,1,1
1306,1,1601,819,278,642,1,1,1
1307,1,1607,820,282,642,1,1,1
1308,1,1612,820,286,643,1,1,1
1309,1,1617,820,289,643,1,1,1
1310,1,1623,820,292,643,1,1,1
1311,1,1628,819,295,643,1,1,1
1312,1,1628,819,298,645,1,1,1
1313,1,1629,818,299,647,1,1,1
1314,1,1629,817,301,649,1,1,1
1315,1,1629,817,303,650,1,1,1
1316,1,1629,815,304,651,1,1,1
1317,1,1637,815,296,652,1,1,1
1318,1,1644,814,289,653,1,1,1
1319,1,1651,813,281,654,1,1,1
1320,1,1658,812,274,655,1,1,1
1321,1,1665,810,266,655,1,1,1
1322,1,1686,811,246,659,1,1,1
1323,1,1707,811,226,663,1,1,1
1324,1,1727,811,207,666,1,1,1
1325,1,1748,811,187,670,1,1,1
1326,1,1768,811,166,672,1,1,1
1327,1,1774,812,186,676,1,1,1
1328,1,1779,813,205,679,1,1,1
1329,1,1784,813,225,684,1,1,1
1330,1,1789,814,244,687,1,1,1
1331,1,1794,814,262,689,1,1,1
1332,1,1798,815,280,688,1,1,1
1333,1,1801,815,298,687,1,1,1
1334,1,1805,815,315,686,1,1,1
1335,1,1808,815,333,685,1,1,1
1336,1,1811,814,351,684,1,1,1
1337,1,1812,815,355,685,1,1,1
1338,1,1812,815,360,686,1,1,1
1339,1,1812,815,365,687,1,1,1
1340,1,1812,815,370,688,1,1,1
1341,1,1812,814,375,689,1,1,1
1342,1,1814,813,374,693,1,1,1
1343,1,1816,811,373,696,1,1,1
1344,1,1817,810,373,699,1,1,1
1345,1,1819,808,373,702,1,1,1
1346,1,1820,806,371,705,1,1,1
1347,1,1835,806,357,705,1,1,1
1348,1,1850,806,342,705,1,1,1
1349,1,1864,806,328,704,1,1,1
1350,1,1878,806,314,704,1,1,1
1351,1,1892,806,298,703,1,1,1
1352,1,1912,805,280,704,1,1,1
1353,1,1931,805,261,704,1,1,1
1354,1,1950,804,242,704,1,1,1
1355,1,1970,803,222,705,1,1,1
1356,1,1988,801,202,705,1,1,1
1357,1,1995,802,217,706,1,1,1
1358,1,2001,802,231,706,1,1,1
1359,1,2007,802,245,706,1,1,1
1360,1,2013,802,259,706,1,1,1
1361,1,2018,802,272,706,1,1,1
1362,1,2025,803,271,705,1,1,1
1363,1,2032,803,268,704,1,1,1
1364,1,2038,804,266,703,1,1,1
1365,1,2045,804,264,702,1,1,1
1366,1,2051,805,262,701,1,1,1
1367,1,2055,803,259,702,1,1,1
1368,1,2059,802,256,702,1,1,1
1369,1,2064,800,251,702,1,1,1
1370,1,2068,799,248,702,1,1,1
1371,1,2072,797,245,703,1,1,1
1372,1,2076,797,245,699,1,1,1
1373,1,2080,796,246,695,1,1,1
1374,1,2085,796,245,691,1,1,1
1375,1,2089,796,246,687,1,1,1
1376,1,2092,795,246,683,1,1,1
1377,1,2094,795,261,682,1,1,1
1378,1,2095,794,275,681,1,1,1
1379,1,2096,794,290,679,1,1,1
1380,1,2097,793,304,678,1,1,1
1381,1,2097,792,319,676,1,1,1
1382,1,2101,793,310,675,1,1,1
1383,1,2104,794,302,672,1,1,1
1384,1,2107,794,294,670,1,1,1
1385,1,2110,794,286,669,1,1,1
1386,1,2113,794,277,666,1,1,1
1387,1,2117,796,267,666,1,1,1
1388,1,2121,797,256,666,1,1,1
1389,1,2124,797,246,666,1,1,1
1390,1,2128,798,235,666,1,1,1
1391,1,2131,799,225,665,1,1,1
1392,1,2135,799,221,662,1,1,1
1393,1,2139,798,217,659,1,1,1
1394,1,2143,798,212,655,1,1,1
1395,1,2146,797,209,653,1,1,1
1396,1,2150,796,204,648,1,1,1
1397,1,2150,795,204,647,1,1,1
1398,1,2150,794,203,643,1,1,1
1399,1,2150,792,203,641,1,1,1
1400,1,2150,791,202,638,1,1,1
1401,1,2150,789,202,635,1,1,1
1402,1,2150,790,201,630,1,1,1
1403,1,2150,790,200,624,1,1,1
1404,1,2150,791,200,618,1,1,1
1405,1,2150,791,199,612,1,1,1
1406,1,2150,791,197,606,1,1,1
1407,1,2150,792,198,607,1,1,1
1408,1,2149,792,200,608,1,1,1
1409,1,2149,792,200,608,1,1,1
1410,1,2148,792,202,609,1,1,1
1411,1,2147,791,202,610,1,1,1
1412,1,2145,793,205,609,1,1,1
1413,1,2141,793,208,609,1,1,1
1414,1,2138,794,211,608,1,1,1
1415,1,2135,795,213,607,1,1,1
1416,1,2131,795,216,606,1,1,1
1417,1,2131,797,214,605,1,1,1
1418,1,2130,799,211,603,1,1,1
1419,1,2130,801,208,601,1,1,1
1420,1,2130,803,205,599,1,1,1
1421,1,2129,804,202,597,1,1,1
1422,1,2125,804,203,597,1,1,1
1423,1,2121,804,204,596,1,1,1
1424,1,2117,804,204,594,1,1,1
1425,1,2112,804,206,593,1,1,1
1426,1,2108,804,206,591,1,1,1
1427,1,2103,805,209,589,1,1,1
1428,1,2098,805,212,587,1,1,1
1429,1,2093,805,215,585,1,1,1
1430,1,2088,806,218,582,1,1,1
1431,1,2083,806,220,579,1,1,1
1432,1,2081,808,220,572,1,1,1
1433,1,2079,809,219,566,1,1,1
1434,1,2077,810,218,560,1,1,1
1435,1,2075,811,217,554,1,1,1
1436,1,2072,812,216,547,1,1,1
1437,1,2073,813,209,545,1,1,1
1438,1,2073,813,202,542,1,1,1
1439,1,2073,813,194,540,1,1,1
1440,1,2073,813,187,537,1,1,1
1441,1,2072,812,179,535,1,1,1
1442,1,2072,813,176,536,1,1,1
1443,1,2070,814,174,536,1,1,1
1444,1,2069,815,171,536,1,1,1
1445,1,2067,815,169,537,1,1,1
1446,1,2066,816,166,537,1,1,1
1447,1,2066,818,164,535,1,1,1
1448,1,2066,820,163,533,1,1,1
1449,1,2066,822,161,531,1,1,1
1450,1,2067,824,158,529,1,1,1
1451,1,2066,826,157,526,1,1,1
1452,1,2066,825,157,525,1,1,1
1453,1,2066,823,156,525,1,1,1
1454,1,2065,822,156,524,1,1,1
1455,1,2065,820,155,524,1,1,1
1456,1,2064,818,154,522,1,1,1
1457,1,2063,820,156,519,1,1,1
1458,1,2062,821,157,515,1,1,1
1459,1,2061,821,157,513,1,1,1
1460,1,2060,822,158,509,1,1,1
1461,1,2058,823,160,505,1,1,1
1462,1,2057,822,162,503,1,1,1
1463,1,2056,821,163,501,1,1,1
1464,1,2055,819,165,500,1,1,1
1465,1,2053,818,167,498,1,1,1
1466,1,2052,816,168,495,1,1,1
1467,1,2051,816,170,496,1,1,1
1468,1,2050,816,171,495,1,1,1
1469,1,2050,815,171,495,1,1,1
1470,1,2049,815,172,494,1,1,1
1471,1,2047,814,172,493,1,1,1
1472,1,2047,815,172,494,1,1,1
1473,1,2045,816,172,493,1,1,1
1474,1,2044,817,171,493,1,1,1
1475,1,2042,818,172,492,1,1,1
1476,1,2040,818,170,491,1,1,1
1477,1,2039,819,170,491,1,1,1
1478,1,2036,819,170,490,1,1,1
1479,1,2034,819,170,490,1,1,1
1480,1,2031,819,170,489,1,1,1
1481,1,2028,819,169,487,1,1,1
1482,1,2025,819,169,486,1,1,1
1483,1,2022,819,168,484,1,1,1
1484,1,2019,819,167,481,1,1,1
1485,1,2015,819,168,479,1,1,1
1486,1,2012,818,166,476,1,1,1
1487,1,2010,819,165,474,1,1,1
1488,1,2007,819,165,472,1,1,1
1489,1,2005,819,164,470,1,1,1
1490,1,2003,819,162,468,1,1,1
1491,1,2000,819,161,465,1,1,1
1492,1,1999,820,162,461,1,1,1
1493,1,1998,820,162,458,1,1,1
1494,1,1997,821,163,453,1,1,1
1495,1,1995,821,164,450,1,1,1
1496,1,1994,821,163,445,1,1,1
1497,1,1994,821,162,447,1,1,1
1498,1,1995,821,159,447,1,1,1
1499,1,1995,821,157,447,1,1,1
1500,1,1995,821,155,447,1,1,1
1002,2,1315,845,190,629,1,1,1
1003,2,1323,845,183,629,1,1,1
1004,2,1331,844,175,629,1,1,1
1005,2,1339,844,168,629,1,1,1
1006,2,1346,843,161,629,1,1,1
1007,2,1353,845,164,629,1,1,1
1008,2,1360,846,166,628,1,1,1
1009,2,1367,848,168,627,1,1,1
1010,2,1373,849,172,627,1,1,1
1011,2,1379,850,173,626,1,1,1
1012,2,1385,851,174,623,1,1,1
1013,2,1390,852,174,620,1,1,1
1014,2,1394,853,176,617,1,1,1
1015,2,1399,854,176,615,1,1,1
1016,2,1404,855,176,611,1,1,1
1017,2,1409,855,178,606,1,1,1
1018,2,1413,854,180,601,1,1,1
1019,2,1418,853,181,596,1,1,1
1020,2,1422,853,184,591,1,1,1
1021,2,1426,851,185,586,1,1,1
1022,2,1432,853,195,583,1,1,1
1023,2,1437,855,204,579,1,1,1
1024,2,1442,856,213,576,1,1,1
1025,2,1447,858,223,572,1,1,1
1026,2,1452,859,232,568,1,1,1
1027,2,1458,862,230,567,1,1,1
1028,2,1464,864,228,566,1,1,1
1029,2,1470,867,226,564,1,1,1
1030,2,1476,869,224,562,1,1,1
1031,2,1482,871,221,560,1,1,1
1032,2,1489,872,216,558,1,1,1
1033,2,1496,872,210,556,1,1,1
1034,2,1502,873,205,552,1,1,1
1035,2,1509,873,199,550,1,1,1
1036,2,1515,873,193,547,1,1,1
1037,2,1521,873,190,544,1,1,1
1038,2,1526,873,187,542,1,1,1
1039,2,1531,872,184,540,1,1,1
1040,2,1536,872,181,537,1,1,1
1041,2,1541,871,177,534,1,1,1
1042,2,1544,873,178,534,1,1,1
1043,2,1547,875,177,533,1,1,1
1044,2,1550,877,176,532,1,1,1
1045,2,1552,878,177,532,1,1,1
1046,2,1555,880,176,531,1,1,1
1047,2,1557,881,174,531,1,1,1
1048,2,1558,883,173,529,1,1,1
1049,2,1560,884,170,529,1,1,1
1050,2,1561,885,169,528,1,1,1
1051,2,1562,886,166,527,1,1,1
1052,2,1560,888,171,524,1,1,1
1053,2,1556,890,175,521,1,1,1
1054,2,1553,891,179,518,1,1,1
1055,2,1550,893,183,515,1,1,1
1056,2,1546,894,187,511,1,1,1
1057,2,1543,894,190,509,1,1,1
1058,2,1540,894,193,506,1,1,1
1059,2,1536,893,196,504,1,1,1
1060,2,1533,893,199,501,1,1,1
1061,2,1529,892,201,498,1,1,1
1062,2,1527,892,196,495,1,1,1
1063,2,1524,892,191,491,1,1,1
1064,2,1521,891,186,489,1,1,1
1065,2,1518,891,181,485,1,1,1
1066,2,1515,890,175,481,1,1,1
1067,2,1513,890,169,482,1,1,1
1068,2,1510,891,164,480,1,1,1
1069,2,1507,891,158,480,1,1,1
1070,2,1504,891,153,480,1,1,1
1071,2,1501,890,146,479,1,1,1
1072,2,1499,892,148,477,1,1,1
1073,2,1496,893,150,474,1,1,1
1074,2,1493,895,152,471,1,1,1
1075,2,1490,896,153,469,1,1,1
1076,2,1487,897,154,466,1,1,1
1077,2,1484,897,156,464,1,1,1
1078,2,1480,897,158,462,1,1,1
1079,2,1476,896,159,461,1,1,1
1080,2,1473,896,160,458,1,1,1
1081,2,1469,895,161,456,1,1,1
1082,2,1465,893,156,455,1,1,1
1083,2,1461,891,151,452,1,1,1
1084,2,1457,889,145,450,1,1,1
1085,2,1452,887,141,448,1,1,1
1086,2,1448,884,134,445,1,1,1
1087,2,1442,884,132,444,1,1,1
1088,2,1436,883,130,443,1,1,1
1089,2,1429,882,128,442,1,1,1
1090,2,1423,881,125,441,1,1,1
1091,2,1416,880,122,439,1,1,1
1092,2,1401,880,138,437,1,1,1
1093,2,1385,880,154,435,1,1,1
1094,2,1369,880,169,432,1,1,1
1095,2,1353,880,185,429,1,1,1
1096,2,1337,879,200,427,1,1,1
1097,2,1334,879,203,426,1,1,1
1098,2,1332,879,204,424,1,1,1
1099,2,1329,878,207,423,1,1,1
1100,2,1326,878,209,421,1,1,1
1101,2,1322,877,211,419,1,1,1
1102,2,1323,876,203,420,1,1,1
1103,2,1323,875,195,420,1,1,1
1104,2,1323,874,187,420,1,1,1
1105,2,1323,874,179,419,1,1,1
1106,2,1322,872,171,418,1,1,1
1107,2,1319,871,161,420,1,1,1
1108,2,1315,870,151,420,1,1,1
1109,2,1312,868,140,421,1,1,1
1110,2,1308,867,130,421,1,1,1
1111,2,1304,865,119,421,1,1,1
1112,2,1298,866,120,420,1,1,1
1113,2,1291,867,122,418,1,1,1
1114,2,1285,868,122,416,1,1,1
1115,2,1279,868,123,415,1,1,1
1116,2,1272,869,124,413,1,1,1
1117,2,1266,870,131,412,1,1,1
1118,2,1259,870,138,411,1,1,1
1119,2,1252,871,145,410,1,1,1
1120,2,1246,872,151,408,1,1,1
1121,2,1238,872,157,406,1,1,1
1122,2,1239,872,155,407,1,1,1
1123,2,1239,872,152,407,1,1,1
1124,2,1238,871,150,408,1,1,1
1125,2,1238,871,148,408,1,1,1
1126,2,1238,870,145,408,1,1,1
1127,2,1234,870,140,406,1,1,1
1128,2,1230,870,135,402,1,1,1
1129,2,1225,869,131,400,1,1,1
1130,2,1221,869,125,397,1,1,1
1131,2,1216,868,120,393,1,1,1
1132,2,1214,868,115,395,1,1,1
1133,2,1211,868,109,395,1,1,1
1134,2,1208,868,104,395,1,1,1
1135,2,1206,868,97,395,1,1,1
1136,2,1202,867,91,395,1,1,1
1137,2,1191,867,102,394,1,1,1
1138,2,1179,867,114,392,1,1,1
1139,2,1168,867,124,390,1,1,1
1140,2,1156,866,135,389,1,1,1
1141,2,1144,866,145,386,1,1,1
1142,2,1146,865,144,387,1,1,1
1143,2,1148,865,143,387,1,1,1
1144,2,1150,864,141,388,1,1,1
1145,2,1152,863,139,388,1,1,1
1146,2,1154,862,137,388,1,1,1
1147,2,1148,863,143,388,1,1,1
1148,2,1142,863,147,388,1,1,1
1149,2,1136,864,152,387,1,1,1
1150,2,1130,864,157,387,1,1,1
1151,2,1123,864,162,386,1,1,1
1152,2,1124,865,154,386,1,1,1
1153,2,1125,865,145,386,1,1,1
1154,2,1125,865,137,386,1,1,1
1155,2,1126,866,128,385,1,1,1
1156,2,1125,865,120,385,1,1,1
1181,2,1048,870,92,364,1,1,1
1182,2,1040,871,100,364,1,1,1
1183,2,1033,872,106,362,1,1,1
1184,2,1025,873,112,361,1,1,1
1185,2,1017,873,119,361,1,1,1
1186,2,1009,874,125,359,1,1,1
1187,2,1009,876,126,357,1,1,1
1188,2,1010,877,125,355,1,1,1
1189,2,1010,879,126,352,1,1,1
1190,2,1010,880,126,351,1,1,1
1191,2,1010,881,125,348,1,1,1
1192,2,1008,882,125,347,1,1,1
1193,2,1006,882,125,346,1,1,1
1194,2,1003,881,125,347,1,1,1
1195,2,1001,881,125,346,1,1,1
1196,2,998,881,123,344,1,1,1
1197,2,996,880,123,345,1,1,1
1198,2,992,879,123,346,1,1,1
1199,2,989,878,122,346,1,1,1
1200,2,986,877,120,346,1,1,1
1201,2,982,876,120,346,1,1,1
1202,2,980,877,119,346,1,1,1
1203,2,978,878,119,345,1,1,1
1204,2,976,878,118,346,1,1,1
1205,2,975,879,116,345,1,1,1
1206,2,972,879,115,344,1,1,1
1207,2,971,881,114,344,1,1,1
1208,2,969,882,113,343,1,1,1
1209,2,967,883,113,343,1,1,1
1210,2,965,884,112,343,1,1,1
1211,2,963,885,111,341,1,1,1
1212,2,961,886,110,342,1,1,1
1213,2,959,887,109,341,1,1,1
1214,2,957,887,108,341,1,1,1
1215,2,955,888,107,340,1,1,1
1216,2,953,888,105,340,1,1,1
1217,2,952,888,104,338,1,1,1
1218,2,950,888,104,336,1,1,1
1219,2,949,889,103,333,1,1,1
1220,2,947,889,103,331,1,1,1
1221,2,945,888,102,328,1,1,1
1222,2,943,889,103,328,1,1,1
1223,2,940,889,105,328,1,1,1
1224,2,938,890,105,326,1,1,1
1225,2,935,890,107,325,1,1,1
1226,2,932,890,107,324,1,1,1
1227,2,926,891,112,323,1,1,1
1228,2,918,892,117,321,1,1,1
1229,2,911,892,121,320,1,1,1
1230,2,904,893,126,319,1,1,1
1231,2,897,894,130,317,1,1,1
1232,2,898,894,125,317,1,1,1
1233,2,898,894,122,316,1,1,1
1234,2,899,895,117,315,1,1,1
1235,2,899,895,114,315,1,1,1
1236,2,900,895,109,314,1,1,1
1237,2,899,894,108,314,1,1,1
1238,2,898,894,107,313,1,1,1
1239,2,897,893,106,312,1,1,1
1240,2,895,892,106,312,1,1,1
1241,2,894,891,105,310,1,1,1
1242,2,892,891,105,311,1,1,1
1243,2,890,891,105,311,1,1,1
1244,2,889,890,104,311,1,1,1
1245,2,887,890,104,311,1,1,1
1246,2,884,889,104,310,1,1,1
1247,2,884,890,104,309,1,1,1
1248,2,883,890,103,308,1,1,1
1249,2,882,890,102,307,1,1,1
1250,2,881,890,101,306,1,1,1
1251,2,879,890,100,303,1,1,1
1252,2,879,892,100,303,1,1,1
1253,2,878,893,100,302,1,1,1
1254,2,878,894,99,301,1,1,1
1255,2,877,895,99,301,1,1,1
1256,2,876,895,98,300,1,1,1
1257,2,874,894,100,300,1,1,1
1258,2,872,892,101,300,1,1,1
1259,2,869,890,103,300,1,1,1
1260,2,867,888,105,300,1,1,1
1261,2,864,885,106,300,1,1,1
1286,2,887,879,79,277,1,1,1
1287,2,888,879,82,279,1,1,1
1288,2,888,878,85,281,1,1,1
1289,2,889,878,88,282,1,1,1
1290,2,889,877,91,284,1,1,1
1291,2,889,877,93,285,1,1,1
1292,2,891,877,97,284,1,1,1
1293,2,892,877,101,282,1,1,1
1294,2,893,877,105,281,1,1,1
1295,2,895,877,108,279,1,1,1
1296,2,895,877,112,277,1,1,1
1297,2,896,878,112,277,1,1,1
1298,2,896,879,112,276,1,1,1
1299,2,895,879,113,277,1,1,1
1300,2,895,880,113,276,1,1,1
1301,2,895,880,113,275,1,1,1
1302,2,899,881,110,275,1,1,1
1303,2,902,881,107,274,1,1,1
1304,2,906,881,103,273,1,1,1
1305,2,909,881,101,272,1,1,1
1306,2,912,881,97,270,1,1,1
1307,2,921,882,94,270,1,1,1
1308,2,929,883,90,269,1,1,1
1309,2,937,883,87,268,1,1,1
1310,2,945,884,84,267,1,1,1
1311,2,953,884,80,266,1,1,1
1312,2,955,884,82,267,1,1,1
1313,2,956,883,84,268,1,1,1
1314,2,957,882,86,269,1,1,1
1315,2,959,882,86,269,1,1,1
1316,2,960,881,88,269,1,1,1
1371,2,1106,868,125,284,1,1,1
1372,2,1116,867,116,285,1,1,1
1373,2,1125,866,108,285,1,1,1
1374,2,1135,865,99,286,1,1,1
1375,2,1144,864,91,286,1,1,1
1376,2,1153,863,82,286,1,1,1
1436,2,1268,870,100,350,1,1,1
1437,2,1271,871,98,349,1,1,1
1438,2,1274,872,95,347,1,1,1
1439,2,1276,872,93,346,1,1,1
1440,2,1279,873,90,345,1,1,1
1441,2,1281,872,87,343,1,1,1
1442,2,1282,872,90,346,1,1,1
1443,2,1283,871,92,349,1,1,1
1444,2,1284,870,95,351,1,1,1
1445,2,1284,869,98,354,1,1,1
1446,2,1285,868,100,356,1,1,1
1447,2,1287,869,100,356,1,1,1
1448,2,1289,871,99,355,1,1,1
1449,2,1290,872,100,355,1,1,1
1450,2,1292,874,99,355,1,1,1
1451,2,1294,875,98,354,1,1,1
1452,2,1295,874,100,356,1,1,1
1453,2,1296,873,101,357,1,1,1
1454,2,1296,871,102,358,1,1,1
1455,2,1297,870,103,359,1,1,1
1456,2,1297,868,104,360,1,1,1
1457,2,1299,870,101,363,1,1,1
1458,2,1300,871,99,365,1,1,1
1459,2,1301,871,96,369,1,1,1
1460,2,1302,872,93,371,1,1,1
1461,2,1303,873,90,373,1,1,1
1462,2,1304,873,92,374,1,1,1
1463,2,1305,872,93,375,1,1,1
1464,2,1306,872,95,375,1,1,1
1465,2,1307,871,97,377,1,1,1
1466,2,1308,870,97,377,1,1,1
1467,2,1309,872,96,378,1,1,1
1468,2,1309,873,94,378,1,1,1
1469,2,1310,875,91,378,1,1,1
1470,2,1310,876,90,379,1,1,1
1471,2,1310,877,87,379,1,1,1
1472,2,1311,876,89,382,1,1,1
1473,2,1312,875,91,384,1,1,1
1474,2,1313,874,92,386,1,1,1
1475,2,1314,873,94,388,1,1,1
1476,2,1315,872,95,390,1,1,1
1477,2,1314,871,100,391,1,1,1
1478,2,1312,870,105,392,1,1,1
1479,2,1310,869,111,393,1,1,1
1480,2,1308,867,116,395,1,1,1
1481,2,1306,866,121,395,1,1,1
1482,2,1307,867,128,395,1,1,1
1483,2,1307,867,135,396,1,1,1
1484,2,1308,867,141,397,1,1,1
1485,2,1308,868,148,396,1,1,1
1486,2,1308,868,155,396,1,1,1
1487,2,1312,868,155,398,1,1,1
1488,2,1315,868,155,400,1,1,1
1489,2,1318,868,155,401,1,1,1
1490,2,1322,868,154,403,1,1,1
1491,2,1325,868,154,403,1,1,1
1492,2,1327,868,152,407,1,1,1
1493,2,1329,867,149,410,1,1,1
1494,2,1331,866,147,414,1,1,1
1495,2,1333,866,144,416,1,1,1
1496,2,1335,865,140,419,1,1,1
1497,2,1338,863,142,422,1,1,1
1498,2,1340,862,144,422,1,1,1
1499,2,1342,860,146,424,1,1,1
1500,2,1344,858,148,426,1,1,1
1002,3,1251,883,87,269,1,1,1
1003,3,1251,884,87,267,1,1,1
1004,3,1251,886,87,265,1,1,1
1005,3,1251,887,86,263,1,1,1
1006,3,1251,887,85,261,1,1,1
1007,3,1251,888,86,260,1,1,1
1008,3,1251,888,86,259,1,1,1
1009,3,1251,889,86,257,1,1,1
1010,3,1250,889,87,256,1,1,1
1011,3,1250,889,87,255,1,1,1
1012,3,1251,889,85,255,1,1,1
1013,3,1252,890,82,254,1,1,1
1014,3,1253,890,79,254,1,1,1
1015,3,1254,890,76,255,1,1,1
1016,3,1254,890,73,254,1,1,1
1017,3,1254,891,74,254,1,1,1
1018,3,1254,892,73,254,1,1,1
1019,3,1253,892,74,254,1,1,1
1020,3,1253,893,73,253,1,1,1
1021,3,1252,893,73,253,1,1,1
1022,3,1253,895,73,253,1,1,1
1023,3,1253,896,73,252,1,1,1
1024,3,1254,897,72,252,1,1,1
1025,3,1254,899,72,251,1,1,1
1026,3,1254,900,71,251,1,1,1
1027,3,1254,901,74,251,1,1,1
1028,3,1254,903,76,250,1,1,1
1029,3,1254,904,78,250,1,1,1
1030,3,1253,906,81,248,1,1,1
1031,3,1253,907,82,247,1,1,1
1032,3,1253,909,81,247,1,1,1
1033,3,1252,910,81,247,1,1,1
1034,3,1251,911,80,247,1,1,1
1035,3,1251,913,79,245,1,1,1
1036,3,1250,913,78,245,1,1,1
1037,3,1251,915,77,246,1,1,1
1038,3,1251,917,77,246,1,1,1
1039,3,1252,918,76,246,1,1,1
1040,3,1253,919,75,247,1,1,1
1041,3,1253,920,73,247,1,1,1
1042,3,1254,922,74,247,1,1,1
1043,3,1254,923,74,248,1,1,1
1044,3,1255,925,73,248,1,1,1
1045,3,1255,926,73,248,1,1,1
1046,3,1255,927,72,248,1,1,1
1047,3,1256,927,72,251,1,1,1
1048,3,1256,928,72,252,1,1,1
1049,3,1257,928,71,255,1,1,1
1050,3,1257,928,72,257,1,1,1
1051,3,1257,928,71,258,1,1,1
1052,3,1258,929,70,258,1,1,1
1053,3,1258,930,69,257,1,1,1
1054,3,1258,931,69,257,1,1,1
1055,3,1259,931,67,257,1,1,1
1056,3,1258,931,66,256,1,1,1
1057,3,1258,932,67,256,1,1,1
1058,3,1257,931,67,257,1,1,1
1059,3,1256,931,67,258,1,1,1
1060,3,1255,931,67,258,1,1,1
1061,3,1254,930,67,258,1,1,1
1062,3,1251,930,70,259,1,1,1
1063,3,1248,929,72,259,1,1,1
1064,3,1245,928,74,260,1,1,1
1065,3,1242,928,77,260,1,1,1
1066,3,1239,927,78,260,1,1,1
1067,3,1237,927,80,261,1,1,1
1068,3,1234,927,82,261,1,1,1
1069,3,1231,927,84,262,1,1,1
1070,3,1228,927,86,262,1,1,1
1071,3,1225,927,87,262,1,1,1
1072,3,1224,927,87,264,1,1,1
1073,3,1222,927,87,265,1,1,1
1074,3,1220,926,87,267,1,1,1
1075,3,1219,926,86,267,1,1,1
1076,3,1216,925,85,269,1,1,1
1077,3,1214,924,87,269,1,1,1
1078,3,1211,923,89,269,1,1,1
1079,3,1208,921,91,270,1,1,1
1080,3,1206,920,91,270,1,1,1
1081,3,1202,918,92,270,1,1,1
1082,3,1202,917,93,271,1,1,1
1083,3,1200,915,94,271,1,1,1
1084,3,1199,914,94,271,1,1,1
1085,3,1198,912,94,272,1,1,1
1086,3,1196,910,95,272,1,1,1
1087,3,1195,910,98,273,1,1,1
1088,3,1194,909,100,274,1,1,1
1089,3,1193,908,102,274,1,1,1
1090,3,1191,907,105,275,1,1,1
1091,3,1190,905,107,276,1,1,1
1092,3,1192,905,106,277,1,1,1
1093,3,1193,905,105,277,1,1,1
1094,3,1195,904,104,279,1,1,1
1095,3,1197,904,102,279,1,1,1
1096,3,1198,903,101,279,1,1,1
1097,3,1199,901,103,281,1,1,1
1098,3,1201,899,102,282,1,1,1
1099,3,1202,897,103,283,1,1,1
1100,3,1203,895,104,284,1,1,1
1101,3,1204,892,104,285,1,1,1
1102,3,1205,892,104,287,1,1,1
1103,3,1206,890,104,289,1,1,1
1104,3,1207,889,104,290,1,1,1
1105,3,1209,888,103,292,1,1,1
1106,3,1209,887,103,292,1,1,1
1107,3,1210,887,104,294,1,1,1
1108,3,1211,887,104,294,1,1,1
1109,3,1211,886,105,296,1,1,1
1110,3,1212,886,105,297,1,1,1
1111,3,1212,885,105,297,1,1,1
1112,3,1213,885,104,299,1,1,1
1113,3,1214,884,102,301,1,1,1
1114,3,1214,884,101,302,1,1,1
1115,3,1215,883,99,303,1,1,1
1116,3,1215,882,97,304,1,1,1
1117,3,1218,882,99,304,1,1,1
1118,3,1221,881,99,305,1,1,1
1119,3,1224,880,99,305,1,1,1
1120,3,1226,879,100,306,1,1,1
1121,3,1228,878,100,306,1,1,1
1131,3,1287,875,122,306,1,1,1
1132,3,1289,875,122,307,1,1,1
1133,3,1291,874,121,307,1,1,1
1134,3,1292,873,120,308,1,1,1
1135,3,1293,872,119,309,1,1,1
1136,3,1294,870,118,309,1,1,1
1137,3,1302,869,111,312,1,1,1
1138,3,1310,867,104,315,1,1,1
1139,3,1318,866,96,317,1,1,1
1140,3,1326,864,89,320,1,1,1
1141,3,1333,862,81,322,1,1,1
1142,3,1340,863,85,322,1,1,1
1143,3,1346,864,88,321,1,1,1
1144,3,1352,864,92,321,1,1,1
1145,3,1358,865,95,320,1,1,1
1146,3,1363,865,98,320,1,1,1
1147,3,1365,865,101,323,1,1,1
1148,3,1367,864,103,326,1,1,1
1149,3,1368,864,106,328,1,1,1
1150,3,1369,864,108,330,1,1,1
1151,3,1370,863,110,332,1,1,1
1152,3,1377,863,104,332,1,1,1
1153,3,1383,862,99,333,1,1,1
1154,3,1389,862,94,332,1,1,1
1155,3,1395,861,88,333,1,1,1
1156,3,1400,860,83,332,1,1,1
1181,3,1495,850,133,349,1,1,1
1182,3,1505,850,126,351,1,1,1
1183,3,1515,851,119,353,1,1,1
1184,3,1524,851,112,355,1,1,1
1185,3,1534,851,104,358,1,1,1
1186,3,1543,851,97,359,1,1,1
1187,3,1545,853,99,360,1,1,1
1188,3,1547,854,100,360,1,1,1
1189,3,1549,856,101,360,1,1,1
1190,3,1551,857,102,361,1,1,1
1191,3,1553,858,103,360,1,1,1
1192,3,1557,858,104,364,1,1,1
1193,3,1560,858,105,366,1,1,1
1194,3,1563,858,106,368,1,1,1
1195,3,1567,858,106,371,1,1,1
1196,3,1569,858,107,372,1,1,1
1197,3,1572,857,110,375,1,1,1
1198,3,1575,856,111,377,1,1,1
1199,3,1577,855,114,378,1,1,1
1200,3,1580,855,115,379,1,1,1
1201,3,1582,853,117,380,1,1,1
1202,3,1578,855,130,380,1,1,1
1203,3,1573,856,143,380,1,1,1
1204,3,1569,857,155,380,1,1,1
1205,3,1564,858,168,380,1,1,1
1206,3,1559,859,180,379,1,1,1
1207,3,1562,861,185,381,1,1,1
1208,3,1565,862,188,384,1,1,1
1209,3,1567,864,192,385,1,1,1
1210,3,1569,865,197,388,1,1,1
1211,3,1571,866,200,389,1,1,1
1212,3,1580,866,192,393,1,1,1
1213,3,1589,866,182,397,1,1,1
1214,3,1597,866,174,400,1,1,1
1215,3,1605,866,165,403,1,1,1
1216,3,1613,865,156,407,1,1,1
1217,3,1616,865,154,408,1,1,1
1218,3,1618,864,152,410,1,1,1
1219,3,1621,863,149,411,1,1,1
1220,3,1623,862,147,413,1,1,1
1221,3,1625,861,144,414,1,1,1
1222,3,1628,862,146,416,1,1,1
1223,3,1630,862,148,419,1,1,1
1224,3,1632,862,150,421,1,1,1
1225,3,1635,862,151,424,1,1,1
1226,3,1636,862,152,425,1,1,1
1227,3,1638,864,153,429,1,1,1
1228,3,1639,866,153,431,1,1,1
1229,3,1640,867,153,434,1,1,1
1230,3,1641,869,153,437,1,1,1
1231,3,1642,870,153,440,1,1,1
1232,3,1642,869,154,444,1,1,1
1233,3,1642,868,154,447,1,1,1
1234,3,1642,867,155,451,1,1,1
1235,3,1642,866,156,454,1,1,1
1236,3,1642,864,156,458,1,1,1
1237,3,1643,864,156,459,1,1,1
1238,3,1644,863,156,460,1,1,1
1239,3,1645,863,156,460,1,1,1
1240,3,1646,862,155,461,1,1,1
1241,3,1647,861,154,461,1,1,1
1242,3,1649,862,165,463,1,1,1
1243,3,1650,862,176,464,1,1,1
1244,3,1651,861,186,467,1,1,1
1245,3,1652,861,197,468,1,1,1
1246,3,1653,861,207,469,1,1,1
1247,3,1658,863,202,472,1,1,1
1248,3,1662,866,197,473,1,1,1
1249,3,1666,868,192,475,1,1,1
1250,3,1670,870,187,477,1,1,1
1251,3,1674,872,181,478,1,1,1
1252,3,1678,869,178,484,1,1,1
1253,3,1682,867,175,489,1,1,1
1254,3,1686,864,172,494,1,1,1
1255,3,1690,861,169,499,1,1,1
1256,3,1694,858,165,504,1,1,1
1257,3,1696,857,166,505,1,1,1
1258,3,1698,855,166,507,1,1,1
1259,3,1700,853,166,508,1,1,1
1260,3,1702,852,167,509,1,1,1
1261,3,1704,850,166,510,1,1,1
1262,3,1706,850,162,510,1,1,1
1263,3,1708,850,158,509,1,1,1
1264,3,1709,850,154,508,1,1,1
1265,3,1711,850,150,507,1,1,1
1266,3,1712,850,145,506,1,1,1
1267,3,1708,851,154,506,1,1,1
1268,3,1704,851,161,507,1,1,1
1269,3,1700,852,168,507,1,1,1
1270,3,1696,852,176,508,1,1,1
1271,3,1691,852,183,508,1,1,1
1272,3,1689,855,191,508,1,1,1
1273,3,1687,857,198,507,1,1,1
1274,3,1684,859,206,507,1,1,1
1275,3,1682,861,213,506,1,1,1
1276,3,1679,862,220,506,1,1,1
1277,3,1678,863,220,504,1,1,1
1278,3,1677,863,219,502,1,1,1
1279,3,1675,864,219,500,1,1,1
1280,3,1674,864,218,498,1,1,1
1281,3,1672,864,216,495,1,1,1
1282,3,1666,865,210,494,1,1,1
1283,3,1660,865,203,493,1,1,1
1284,3,1653,865,197,492,1,1,1
1285,3,1646,865,190,490,1,1,1
1286,3,1639,864,183,489,1,1,1
1287,3,1632,863,178,493,1,1,1
1288,3,1624,861,172,497,1,1,1
1289,3,1616,860,167,500,1,1,1
1290,3,1608,858,162,504,1,1,1
1291,3,1600,856,156,508,1,1,1
1306,3,1525,853,132,522,1,1,1
1307,3,1507,853,147,523,1,1,1
1308,3,1488,853,162,523,1,1,1
1309,3,1470,853,177,523,1,1,1
1310,3,1451,852,192,524,1,1,1
1311,3,1432,852,207,523,1,1,1
1312,3,1424,854,215,522,1,1,1
1313,3,1416,857,222,518,1,1,1
1314,3,1408,859,229,516,1,1,1
1315,3,1400,861,237,513,1,1,1
1316,3,1391,863,244,510,1,1,1
1317,3,1391,862,236,510,1,1,1
1318,3,1390,860,229,510,1,1,1
1319,3,1390,859,220,510,1,1,1
1320,3,1389,857,212,510,1,1,1
1321,3,1388,855,204,509,1,1,1
1322,3,1386,856,191,513,1,1,1
1323,3,1383,855,179,519,1,1,1
1324,3,1381,855,166,523,1,1,1
1325,3,1378,855,154,527,1,1,1
1326,3,1375,854,140,531,1,1,1
1327,3,1368,855,145,531,1,1,1
1328,3,1360,855,149,530,1,1,1
1329,3,1352,855,153,530,1,1,1
1330,3,1344,855,157,530,1,1,1
1331,3,1336,854,161,529,1,1,1
1332,3,1331,856,161,531,1,1,1
1333,3,1326,857,160,533,1,1,1
1334,3,1321,858,159,534,1,1,1
1335,3,1316,859,158,536,1,1,1
1336,3,1311,860,157,537,1,1,1
1337,3,1311,860,156,539,1,1,1
1338,3,1310,859,155,541,1,1,1
1339,3,1309,858,155,543,1,1,1
1340,3,1308,858,154,545,1,1,1
1341,3,1306,856,153,546,1,1,1
1342,3,1303,856,148,547,1,1,1
1343,3,1298,855,144,548,1,1,1
1344,3,1294,855,138,547,1,1,1
1345,3,1290,854,133,548,1,1,1
1346,3,1285,853,128,547,1,1,1
1347,3,1284,854,126,547,1,1,1
1348,3,1282,854,124,547,1,1,1
1349,3,1280,855,122,546,1,1,1
1350,3,1278,855,120,547,1,1,1
1351,3,1276,855,117,546,1,1,1
1352,3,1273,855,121,546,1,1,1
1353,3,1269,855,125,545,1,1,1
1354,3,1266,855,128,544,1,1,1
1355,3,1262,854,131,544,1,1,1
1356,3,1258,854,134,542,1,1,1
1357,3,1255,854,138,541,1,1,1
1358,3,1251,854,143,538,1,1,1
1359,3,1248,854,146,536,1,1,1
1360,3,1244,854,150,534,1,1,1
1361,3,1240,854,154,531,1,1,1
1362,3,1237,853,157,528,1,1,1
1363,3,1234,852,160,524,1,1,1
1364,3,1231,851,163,520,1,1,1
1365,3,1228,850,165,516,1,1,1
1366,3,1225,849,168,512,1,1,1
1367,3,1219,849,172,512,1,1,1
1368,3,1212,849,177,512,1,1,1
1369,3,1206,850,182,510,1,1,1
1370,3,1199,850,187,510,1,1,1
1371,3,1193,850,191,510,1,1,1
1372,3,1191,850,189,510,1,1,1
1373,3,1190,851,185,508,1,1,1
1374,3,1188,851,183,508,1,1,1
1375,3,1186,852,180,507,1,1,1
1376,3,1184,852,177,505,1,1,1
1377,3,1183,853,176,502,1,1,1
1378,3,1182,853,173,499,1,1,1
1379,3,1181,853,171,496,1,1,1
1380,3,1180,854,169,492,1,1,1
1381,3,1178,854,167,488,1,1,1
1382,3,1176,854,166,486,1,1,1
1383,3,1174,853,164,484,1,1,1
1384,3,1172,852,162,483,1,1,1
1385,3,1170,851,160,481,1,1,1
1386,3,1167,850,158,478,1,1,1
1387,3,1168,851,159,479,1,1,1
1388,3,1168,852,159,478,1,1,1
1389,3,1169,852,159,479,1,1,1
1390,3,1169,853,160,478,1,1,1
1391,3,1169,853,159,478,1,1,1
1392,3,1173,855,157,476,1,1,1
1393,3,1176,856,155,473,1,1,1
1394,3,1180,858,151,470,1,1,1
1395,3,1183,859,149,468,1,1,1
1396,3,1186,861,146,464,1,1,1
1397,3,1184,860,152,463,1,1,1
1398,3,1182,859,158,462,1,1,1
1399,3,1181,858,163,460,1,1,1
1400,3,1179,857,169,458,1,1,1
1401,3,1177,856,175,456,1,1,1
1402,3,1186,856,168,452,1,1,1
1403,3,1195,855,161,449,1,1,1
1404,3,1203,855,155,445,1,1,1
1405,3,1212,855,148,441,1,1,1
1406,3,1220,854,141,437,1,1,1
1407,3,1225,855,140,437,1,1,1
1408,3,1228,856,140,436,1,1,1
1409,3,1232,857,138,435,1,1,1
1410,3,1236,857,137,435,1,1,1
1411,3,1239,858,135,433,1,1,1
1412,3,1242,859,136,433,1,1,1
1413,3,1244,860,136,432,1,1,1
1414,3,1246,861,137,431,1,1,1
1415,3,1248,862,137,430,1,1,1
1416,3,1250,862,137,429,1,1,1
1417,3,1252,863,138,425,1,1,1
1418,3,1254,863,139,421,1,1,1
1419,3,1256,864,139,416,1,1,1
1420,3,1258,864,140,413,1,1,1
1421,3,1260,864,139,408,1,1,1
1422,3,1264,865,137,406,1,1,1
1423,3,1268,866,135,403,1,1,1
1424,3,1272,867,132,400,1,1,1
1425,3,1275,868,130,397,1,1,1
1426,3,1279,868,127,393,1,1,1
1427,3,1283,870,132,391,1,1,1
1428,3,1287,870,136,390,1,1,1
1429,3,1290,871,141,388,1,1,1
1430,3,1294,872,146,386,1,1,1
1431,3,1297,872,150,383,1,1,1
1432,3,1301,873,148,382,1,1,1
1433,3,1304,874,146,380,1,1,1
1434,3,1307,874,145,379,1,1,1
1435,3,1310,875,143,376,1,1,1
1436,3,1312,875,141,375,1,1,1
1437,3,1318,874,137,374,1,1,1
1438,3,1323,873,134,374,1,1,1
1439,3,1328,872,130,373,1,1,1
1440,3,1333,872,126,371,1,1,1
1441,3,1337,870,122,370,1,1,1
1442,3,1332,871,131,371,1,1,1
1443,3,1327,870,139,372,1,1,1
1444,3,1322,870,147,372,1,1,1
1445,3,1317,870,154,372,1,1,1
1446,3,1312,870,162,372,1,1,1
1447,3,1319,872,155,370,1,1,1
1448,3,1326,873,149,369,1,1,1
1449,3,1333,875,142,368,1,1,1
1450,3,1340,877,136,366,1,1,1
1451,3,1347,878,128,364,1,1,1
1452,3,1348,878,128,366,1,1,1
1453,3,1349,877,128,368,1,1,1
1454,3,1349,876,128,370,1,1,1
1455,3,1350,876,127,371,1,1,1
1456,3,1350,875,127,372,1,1,1
1457,3,1353,877,125,370,1,1,1
1458,3,1355,879,123,367,1,1,1
1459,3,1358,881,121,364,1,1,1
1460,3,1361,883,118,361,1,1,1
1461,3,1363,885,116,358,1,1,1
1462,3,1364,884,118,356,1,1,1
1463,3,1365,884,119,353,1,1,1
1464,3,1367,883,119,351,1,1,1
1465,3,1368,882,120,348,1,1,1
1466,3,1368,881,120,345,1,1,1
1467,3,1369,882,122,344,1,1,1
1468,3,1369,882,124,343,1,1,1
1469,3,1369,882,126,343,1,1,1
1470,3,1369,883,127,341,1,1,1
1471,3,1368,883,129,339,1,1,1
1472,3,1372,882,126,341,1,1,1
1473,3,1375,882,124,341,1,1,1
1474,3,1378,881,122,343,1,1,1
1475,3,1381,880,119,344,1,1,1
1476,3,1384,879,116,345,1,1,1
1477,3,1386,880,115,344,1,1,1
1478,3,1389,881,112,343,1,1,1
1479,3,1391,882,110,341,1,1,1
1480,3,1394,883,107,340,1,1,1
1481,3,1396,884,105,338,1,1,1
1482,3,1397,883,106,337,1,1,1
1483,3,1397,881,107,337,1,1,1
1484,3,1397,879,108,337,1,1,1
1485,3,1398,877,109,336,1,1,1
1486,3,1398,875,110,335,1,1,1
1487,3,1401,874,108,334,1,1,1
1488,3,1404,874,107,331,1,1,1
1489,3,1407,873,105,329,1,1,1
1490,3,1410,873,103,326,1,1,1
1491,3,1412,872,101,323,1,1,1
1492,3,1412,872,101,324,1,1,1
1493,3,1411,872,102,323,1,1,1
1494,3,1410,872,102,323,1,1,1
1495,3,1410,871,102,324,1,1,1
1496,3,1409,871,102,323,1,1,1
1002,4,1804,834,161,447,1,1,1
1003,4,1806,833,169,448,1,1,1
1004,4,1809,832,176,449,1,1,1
1005,4,1812,831,183,450,1,1,1
1006,4,1814,829,189,450,1,1,1
1007,4,1818,830,193,453,1,1,1
1008,4,1821,831,197,454,1,1,1
1009,4,1824,831,200,456,1,1,1
1010,4,1827,832,204,457,1,1,1
1011,4,1830,832,207,458,1,1,1
1012,4,1834,832,202,461,1,1,1
1013,4,1838,832,196,463,1,1,1
1014,4,1842,832,191,466,1,1,1
1015,4,1846,832,185,468,1,1,1
1016,4,1850,831,179,470,1,1,1
1017,4,1854,830,177,472,1,1,1
1018,4,1858,829,175,474,1,1,1
1019,4,1862,828,173,475,1,1,1
1020,4,1866,827,171,476,1,1,1
1021,4,1869,825,169,478,1,1,1
1022,4,1873,827,169,477,1,1,1
1023,4,1877,828,167,477,1,1,1
1024,4,1881,828,165,477,1,1,1
1025,4,1885,829,164,477,1,1,1
1026,4,1888,830,162,476,1,1,1
1027,4,1892,831,162,477,1,1,1
1028,4,1896,832,160,477,1,1,1
1029,4,1899,833,160,478,1,1,1
1030,4,1903,834,158,478,1,1,1
1031,4,1906,834,157,479,1,1,1
1032,4,1909,835,156,480,1,1,1
1033,4,1912,835,154,481,1,1,1
1034,4,1915,836,152,482,1,1,1
1035,4,1918,837,150,482,1,1,1
1036,4,1920,837,149,483,1,1,1
1037,4,1916,839,155,483,1,1,1
1038,4,1913,840,159,483,1,1,1
1039,4,1909,842,164,483,1,1,1
1040,4,1905,843,169,483,1,1,1
1041,4,1900,845,174,482,1,1,1
1042,4,1903,846,173,483,1,1,1
1043,4,1905,847,172,483,1,1,1
1044,4,1907,848,171,483,1,1,1
1045,4,1909,849,170,483,1,1,1
1046,4,1910,850,169,483,1,1,1
1047,4,1908,851,174,483,1,1,1
1048,4,1906,852,178,483,1,1,1
1049,4,1904,852,181,484,1,1,1
1050,4,1901,853,186,484,1,1,1
1051,4,1899,853,189,484,1,1,1
1052,4,1897,855,192,483,1,1,1
1053,4,1894,856,196,483,1,1,1
1054,4,1891,857,199,483,1,1,1
1055,4,1889,858,201,482,1,1,1
1056,4,1885,859,205,481,1,1,1
1057,4,1883,859,199,482,1,1,1
1058,4,1880,859,192,483,1,1,1
1059,4,1877,858,186,484,1,1,1
1060,4,1874,858,180,484,1,1,1
1061,4,1871,857,173,485,1,1,1
1062,4,1868,857,171,486,1,1,1
1063,4,1864,857,170,487,1,1,1
1064,4,1861,857,167,487,1,1,1
1065,4,1858,856,165,489,1,1,1
1066,4,1854,855,163,489,1,1,1
1067,4,1850,856,167,487,1,1,1
1068,4,1846,857,171,484,1,1,1
1069,4,1842,857,174,482,1,1,1
1070,4,1837,858,179,480,1,1,1
1071,4,1833,858,182,477,1,1,1
1072,4,1829,858,181,477,1,1,1
1073,4,1825,858,180,476,1,1,1
1074,4,1821,857,179,477,1,1,1
1075,4,1817,857,177,476,1,1,1
1076,4,1812,856,176,476,1,1,1
1077,4,1807,856,169,476,1,1,1
1078,4,1801,855,162,476,1,1,1
1079,4,1796,855,155,475,1,1,1
1080,4,1790,854,148,475,1,1,1
1081,4,1784,853,140,474,1,1,1
1082,4,1776,853,148,474,1,1,1
1083,4,1767,853,155,473,1,1,1
1084,4,1758,852,163,472,1,1,1
1085,4,1749,852,171,471,1,1,1
1086,4,1739,851,178,469,1,1,1
1087,4,1732,853,186,468,1,1,1
1088,4,1724,855,193,465,1,1,1
1089,4,1716,856,201,463,1,1,1
1090,4,1708,858,208,460,1,1,1
1091,4,1700,859,215,457,1,1,1
1092,4,1697,858,209,456,1,1,1
1093,4,1693,857,203,454,1,1,1
1094,4,1690,855,197,453,1,1,1
1095,4,1686,854,191,451,1,1,1
1096,4,1683,852,184,449,1,1,1
1097,4,1676,851,175,446,1,1,1
1098,4,1670,850,164,443,1,1,1
1099,4,1663,849,153,439,1,1,1
1100,4,1657,847,142,437,1,1,1
1101,4,1650,845,132,433,1,1,1
1102,4,1638,846,140,431,1,1,1
1103,4,1627,845,148,430,1,1,1
1104,4,1615,845,156,428,1,1,1
1105,4,1604,845,163,426,1,1,1
1106,4,1592,844,170,424,1,1,1
1107,4,1583,846,179,421,1,1,1
1108,4,1573,847,188,418,1,1,1
1109,4,1563,847,197,416,1,1,1
1110,4,1553,848,206,413,1,1,1
1111,4,1543,849,214,409,1,1,1
1112,4,1542,849,210,409,1,1,1
1113,4,1542,850,205,406,1,1,1
1114,4,1541,850,200,405,1,1,1
1115,4,1541,850,195,404,1,1,1
1116,4,1540,850,190,402,1,1,1
1117,4,1537,849,178,402,1,1,1
1118,4,1535,847,166,402,1,1,1
1119,4,1532,846,154,402,1,1,1
1120,4,1530,845,142,401,1,1,1
1121,4,1527,843,130,401,1,1,1
1122,4,1523,843,125,401,1,1,1
1123,4,1520,843,118,401,1,1,1
1124,4,1516,843,113,400,1,1,1
1125,4,1512,844,107,399,1,1,1
1126,4,1508,843,101,398,1,1,1
1127,4,1499,844,111,398,1,1,1
1128,4,1490,845,121,397,1,1,1
1129,4,1480,846,131,395,1,1,1
1130,4,1471,846,141,395,1,1,1
1131,4,1461,846,150,393,1,1,1
1132,4,1462,848,148,392,1,1,1
1133,4,1463,848,145,390,1,1,1
1134,4,1463,849,144,388,1,1,1
1135,4,1464,850,141,385,1,1,1
1136,4,1464,850,138,383,1,1,1
1137,4,1461,849,134,382,1,1,1
1138,4,1458,847,129,382,1,1,1
1139,4,1454,846,125,381,1,1,1
1140,4,1451,844,120,380,1,1,1
1141,4,1447,842,115,379,1,1,1
1142,4,1447,842,109,380,1,1,1
1143,4,1446,841,103,381,1,1,1
1144,4,1445,840,97,383,1,1,1
1145,4,1444,839,92,384,1,1,1
1146,4,1443,838,85,384,1,1,1
1147,4,1443,839,85,384,1,1,1
1148,4,1442,838,85,385,1,1,1
1149,4,1441,838,85,385,1,1,1
1150,4,1441,838,84,385,1,1,1
1151,4,1440,838,84,384,1,1,1
1152,4,1440,838,85,384,1,1,1
1153,4,1440,838,86,384,1,1,1
1154,4,1440,838,86,384,1,1,1
1155,4,1440,838,87,384,1,1,1
1156,4,1439,838,87,383,1,1,1
1157,4,1440,839,87,383,1,1,1
1158,4,1440,839,87,383,1,1,1
1159,4,1440,839,86,383,1,1,1
1160,4,1441,839,85,382,1,1,1
1161,4,1440,839,84,381,1,1,1
1162,4,1440,839,85,382,1,1,1
1163,4,1440,838,85,384,1,1,1
1164,4,1440,838,85,384,1,1,1
1165,4,1439,837,86,385,1,1,1
1166,4,1438,836,85,385,1,1,1
1167,4,1439,836,91,386,1,1,1
1168,4,1439,837,97,385,1,1,1
1169,4,1440,837,103,385,1,1,1
1170,4,1440,837,109,385,1,1,1
1171,4,1440,836,114,385,1,1,1
1172,4,1442,837,113,385,1,1,1
1173,4,1443,836,113,386,1,1,1
1174,4,1444,836,113,386,1,1,1
1175,4,1445,836,113,386,1,1,1
1176,4,1445,835,112,386,1,1,1
1177,4,1448,836,113,386,1,1,1
1178,4,1450,836,114,386,1,1,1
1179,4,1453,836,114,386,1,1,1
1180,4,1455,837,114,385,1,1,1
1181,4,1457,837,114,385,1,1,1
1182,4,1458,837,113,385,1,1,1
1183,4,1459,837,111,386,1,1,1
1184,4,1460,836,109,387,1,1,1
1185,4,1461,836,108,387,1,1,1
1186,4,1462,836,105,387,1,1,1
1187,4,1462,837,110,389,1,1,1
1188,4,1463,839,113,390,1,1,1
1189,4,1463,840,117,392,1,1,1
1190,4,1464,841,120,394,1,1,1
1191,4,1464,842,123,395,1,1,1
1192,4,1464,843,123,397,1,1,1
1193,4,1463,843,124,398,1,1,1
1194,4,1463,843,124,400,1,1,1
1195,4,1462,843,125,401,1,1,1
1196,4,1461,842,125,403,1,1,1
1197,4,1463,842,125,404,1,1,1
1198,4,1464,842,125,404,1,1,1
1199,4,1465,842,125,404,1,1,1
1200,4,1467,842,125,404,1,1,1
1201,4,1467,841,125,404,1,1,1
1202,4,1469,843,124,406,1,1,1
1203,4,1471,845,122,406,1,1,1
1204,4,1472,846,121,408,1,1,1
1205,4,1474,847,119,409,1,1,1
1206,4,1475,848,117,409,1,1,1
1207,4,1473,849,118,411,1,1,1
1208,4,1472,850,117,412,1,1,1
1209,4,1470,850,118,414,1,1,1
1210,4,1468,850,118,416,1,1,1
1211,4,1466,850,117,417,1,1,1
1212,4,1464,852,119,416,1,1,1
1213,4,1461,853,121,416,1,1,1
1214,4,1458,853,123,416,1,1,1
1215,4,1455,854,124,415,1,1,1
1216,4,1452,855,125,414,1,1,1
1217,4,1448,855,130,415,1,1,1
1218,4,1444,855,134,415,1,1,1
1219,4,1440,854,138,416,1,1,1
1220,4,1436,854,141,417,1,1,1
1221,4,1431,853,145,417,1,1,1
1222,4,1424,855,153,417,1,1,1
1223,4,1417,857,160,415,1,1,1
1224,4,1409,858,168,415,1,1,1
1225,4,1402,860,175,413,1,1,1
1226,4,1394,861,182,412,1,1,1
1227,4,1393,861,182,413,1,1,1
1228,4,1392,861,182,414,1,1,1
1229,4,1391,861,181,414,1,1,1
1230,4,1389,861,182,415,1,1,1
1231,4,1388,861,181,415,1,1,1
1232,4,1384,860,177,415,1,1,1
1233,4,1381,859,171,414,1,1,1
1234,4,1377,858,167,414,1,1,1
1235,4,1374,857,162,413,1,1,1
1236,4,1370,856,156,412,1,1,1
1237,4,1368,856,146,414,1,1,1
1238,4,1366,855,134,416,1,1,1
1239,4,1364,855,123,417,1,1,1
1240,4,1361,855,112,418,1,1,1
1241,4,1359,854,100,420,1,1,1
1256,4,1266,853,178,406,1,1,1
1257,4,1266,853,169,406,1,1,1
1258,4,1266,852,159,407,1,1,1
1259,4,1265,851,149,407,1,1,1
1260,4,1265,851,139,406,1,1,1
1261,4,1264,850,129,406,1,1,1
1262,4,1262,851,123,404,1,1,1
1263,4,1260,852,115,402,1,1,1
1264,4,1258,853,108,400,1,1,1
1265,4,1256,853,101,398,1,1,1
1266,4,1254,854,93,395,1,1,1
1267,4,1245,853,104,398,1,1,1
1268,4,1236,853,113,400,1,1,1
1269,4,1228,852,122,402,1,1,1
1270,4,1219,851,132,405,1,1,1
1271,4,1209,850,141,406,1,1,1
1272,4,1212,852,143,405,1,1,1
1273,4,1214,853,144,404,1,1,1
1274,4,1216,855,146,402,1,1,1
1275,4,1219,857,146,399,1,1,1
1276,4,1220,858,147,397,1,1,1
1277,4,1220,857,147,398,1,1,1
1278,4,1219,857,146,397,1,1,1
1279,4,1218,856,146,397,1,1,1
1280,4,1218,855,144,396,1,1,1
1281,4,1216,854,143,395,1,1,1
1282,4,1213,853,137,396,1,1,1
1283,4,1210,852,130,396,1,1,1
1284,4,1207,850,122,396,1,1,1
1285,4,1203,849,116,396,1,1,1
1286,4,1200,847,108,395,1,1,1
1287,4,1195,849,110,395,1,1,1
1288,4,1190,850,112,394,1,1,1
1289,4,1185,852,113,392,1,1,1
1290,4,1180,853,115,391,1,1,1
1291,4,1175,854,116,389,1,1,1
1292,4,1167,853,123,390,1,1,1
1293,4,1158,853,130,388,1,1,1
1294,4,1150,852,135,388,1,1,1
1295,4,1142,851,141,388,1,1,1
1296,4,1133,850,147,387,1,1,1
1297,4,1132,852,146,386,1,1,1
1298,4,1131,854,144,385,1,1,1
1299,4,1130,856,142,384,1,1,1
1300,4,1129,858,140,382,1,1,1
1301,4,1127,860,138,380,1,1,1
1302,4,1127,860,138,380,1,1,1
1303,4,1126,860,137,379,1,1,1
1304,4,1125,860,137,378,1,1,1
1305,4,1125,859,136,377,1,1,1
1306,4,1123,859,135,376,1,1,1
1307,4,1124,859,130,375,1,1,1
1308,4,1123,859,125,373,1,1,1
1309,4,1123,858,119,373,1,1,1
1310,4,1123,858,114,372,1,1,1
1311,4,1122,857,108,370,1,1,1
1312,4,1121,858,108,370,1,1,1
1313,4,1119,857,109,370,1,1,1
1314,4,1117,857,109,369,1,1,1
1315,4,1115,857,110,369,1,1,1
1316,4,1112,856,110,368,1,1,1
1317,4,1111,857,111,368,1,1,1
1318,4,1110,857,111,368,1,1,1
1319,4,1109,857,110,368,1,1,1
1320,4,1108,857,110,367,1,1,1
1321,4,1106,856,110,367,1,1,1
1322,4,1105,857,111,368,1,1,1
1323,4,1105,858,111,368,1,1,1
1324,4,1104,858,112,369,1,1,1
1325,4,1103,859,112,369,1,1,1
1326,4,1101,859,112,369,1,1,1
1327,4,1101,860,113,369,1,1,1
1328,4,1100,860,113,368,1,1,1
1329,4,1099,860,113,368,1,1,1
1330,4,1097,861,114,367,1,1,1
1331,4,1096,861,113,366,1,1,1
1332,4,1096,861,114,366,1,1,1
1333,4,1095,861,115,365,1,1,1
1334,4,1095,861,115,364,1,1,1
1335,4,1094,861,116,364,1,1,1
1336,4,1093,860,116,363,1,1,1
1337,4,1093,860,116,362,1,1,1
1338,4,1092,860,116,360,1,1,1
1339,4,1091,860,116,358,1,1,1
1340,4,1090,859,116,357,1,1,1
1341,4,1089,859,115,354,1,1,1
1342,4,1088,859,115,354,1,1,1
1343,4,1087,858,115,355,1,1,1
1344,4,1086,858,114,354,1,1,1
1345,4,1085,858,113,354,1,1,1
1346,4,1084,857,111,354,1,1,1
1347,4,1086,858,107,353,1,1,1
1348,4,1089,858,101,353,1,1,1
1349,4,1091,858,97,352,1,1,1
1350,4,1093,859,92,351,1,1,1
1351,4,1094,858,87,350,1,1,1
1352,4,1095,859,88,349,1,1,1
1353,4,1095,858,89,350,1,1,1
1354,4,1095,858,90,349,1,1,1
1355,4,1095,858,91,348,1,1,1
1356,4,1095,857,91,347,1,1,1
1357,4,1093,857,93,348,1,1,1
1358,4,1091,857,95,348,1,1,1
1359,4,1089,857,97,348,1,1,1
1360,4,1087,857,99,348,1,1,1
1361,4,1085,857,100,348,1,1,1
1362,4,1085,857,98,348,1,1,1
1363,4,1085,856,95,348,1,1,1
1364,4,1085,856,93,348,1,1,1
1365,4,1084,855,91,348,1,1,1
1366,4,1084,855,89,348,1,1,1
1466,4,1081,866,104,352,1,1,1
1467,4,1081,866,104,352,1,1,1
1468,4,1080,865,104,352,1,1,1
1469,4,1080,864,103,352,1,1,1
1470,4,1080,863,102,352,1,1,1
1471,4,1079,862,102,352,1,1,1
1472,4,1079,863,103,354,1,1,1
1473,4,1079,863,103,356,1,1,1
1474,4,1079,863,103,357,1,1,1
1475,4,1079,863,104,359,1,1,1
1476,4,1078,863,104,361,1,1,1
1477,4,1078,863,106,362,1,1,1
1478,4,1077,863,107,362,1,1,1
1479,4,1076,863,108,362,1,1,1
1480,4,1075,863,109,362,1,1,1
1481,4,1074,862,110,362,1,1,1
1482,4,1074,863,110,362,1,1,1
1483,4,1073,863,111,362,1,1,1
1484,4,1072,864,112,361,1,1,1
1485,4,1072,864,112,360,1,1,1
1486,4,1070,864,112,360,1,1,1
1487,4,1071,864,112,360,1,1,1
1488,4,1072,864,111,360,1,1,1
1489,4,1072,864,111,360,1,1,1
1490,4,1073,863,110,361,1,1,1
1491,4,1073,863,109,360,1,1,1
1492,4,1073,863,113,361,1,1,1
1493,4,1072,862,116,362,1,1,1
1494,4,1072,862,119,362,1,1,1
1495,4,1071,862,123,362,1,1,1
1496,4,1070,861,126,362,1,1,1
1497,4,1071,861,129,364,1,1,1
1498,4,1071,860,133,365,1,1,1
1499,4,1071,860,137,366,1,1,1
1500,4,1071,859,140,368,1,1,1
1002,5,905,876,228,496,1,1,1
1003,5,906,877,227,498,1,1,1
1004,5,907,878,226,501,1,1,1
1005,5,907,878,226,504,1,1,1
1006,5,908,878,225,506,1,1,1
1007,5,909,879,214,508,1,1,1
1008,5,909,879,204,509,1,1,1
1009,5,909,879,193,510,1,1,1
1010,5,910,878,182,512,1,1,1
1011,5,910,878,171,512,1,1,1
1012,5,904,879,166,516,1,1,1
1013,5,899,880,159,519,1,1,1
1014,5,893,881,153,522,1,1,1
1015,5,888,881,145,527,1,1,1
1016,5,882,882,139,529,1,1,1
1017,5,866,883,154,533,1,1,1
1018,5,850,884,168,536,1,1,1
1019,5,834,885,182,540,1,1,1
1020,5,818,886,197,543,1,1,1
1021,5,801,887,211,546,1,1,1
1022,5,797,890,217,549,1,1,1
1023,5,792,893,222,551,1,1,1
1024,5,787,897,228,552,1,1,1
1025,5,782,900,234,554,1,1,1
1026,5,777,903,239,556,1,1,1
1027,5,779,902,231,559,1,1,1
1028,5,780,901,223,562,1,1,1
1029,5,782,900,214,565,1,1,1
1030,5,784,899,205,568,1,1,1
1031,5,785,897,196,570,1,1,1
1032,5,780,900,188,570,1,1,1
1033,5,775,902,179,569,1,1,1
1034,5,769,904,170,569,1,1,1
1035,5,764,906,161,568,1,1,1
1036,5,758,908,152,566,1,1,1
1037,5,738,911,171,566,1,1,1
1038,5,718,913,188,566,1,1,1
1039,5,698,915,206,566,1,1,1
1040,5,677,918,225,565,1,1,1
1041,5,657,920,242,564,1,1,1
1042,5,647,924,254,564,1,1,1
1043,5,636,928,267,564,1,1,1
1044,5,626,932,278,563,1,1,1
1045,5,616,936,289,563,1,1,1
1046,5,605,939,301,562,1,1,1
1047,5,605,940,299,565,1,1,1
1048,5,604,940,298,568,1,1,1
1049,5,604,940,296,571,1,1,1
1050,5,603,940,295,574,1,1,1
1051,5,602,940,293,576,1,1,1
1052,5,603,940,276,577,1,1,1
1053,5,604,940,257,577,1,1,1
1054,5,604,941,240,576,1,1,1
1055,5,605,941,222,576,1,1,1
1056,5,605,940,203,576,1,1,1
1057,5,597,941,195,577,1,1,1
1058,5,588,941,187,578,1,1,1
1059,5,579,941,179,578,1,1,1
1060,5,570,941,171,579,1,1,1
1061,5,561,941,162,578,1,1,1
1062,5,530,943,192,577,1,1,1
1063,5,499,944,221,576,1,1,1
1064,5,468,945,251,575,1,1,1
1065,5,437,946,280,574,1,1,1
1066,5,405,947,309,572,1,1,1
1067,5,409,949,305,571,1,1,1
1068,5,412,950,301,570,1,1,1
1069,5,415,951,296,569,1,1,1
1070,5,418,953,292,567,1,1,1
1071,5,420,954,287,565,1,1,1
1072,5,418,952,272,568,1,1,1
1073,5,415,951,257,568,1,1,1
1074,5,412,949,242,570,1,1,1
1075,5,409,947,227,572,1,1,1
1076,5,405,945,212,573,1,1,1
1077,5,403,945,206,574,1,1,1
1078,5,401,944,199,575,1,1,1
1079,5,399,943,191,576,1,1,1
1080,5,397,943,184,576,1,1,1
1081,5,394,942,177,577,1,1,1
1082,5,389,942,178,578,1,1,1
1083,5,383,941,179,579,1,1,1
1084,5,377,941,181,579,1,1,1
1085,5,371,940,182,580,1,1,1
1086,5,365,939,183,580,1,1,1
1087,5,360,939,184,580,1,1,1
1088,5,355,939,184,579,1,1,1
1089,5,350,938,184,579,1,1,1
1090,5,345,937,185,579,1,1,1
1091,5,339,936,185,578,1,1,1
1092,5,337,935,184,579,1,1,1
1093,5,334,933,183,579,1,1,1
1094,5,331,932,181,578,1,1,1
1095,5,328,930,180,579,1,1,1
1096,5,325,928,177,577,1,1,1
1097,5,322,927,182,574,1,1,1
1098,5,319,926,185,570,1,1,1
1099,5,316,925,188,565,1,1,1
1100,5,313,923,191,562,1,1,1
1101,5,309,921,194,557,1,1,1
1102,5,302,920,200,554,1,1,1
1103,5,294,919,206,550,1,1,1
1104,5,287,917,211,547,1,1,1
1105,5,279,915,217,544,1,1,1
1106,5,271,913,221,540,1,1,1
1107,5,275,913,218,540,1,1,1
1108,5,278,913,213,540,1,1,1
1109,5,281,913,209,539,1,1,1
1110,5,284,912,205,539,1,1,1
1111,5,286,911,201,538,1,1,1
1112,5,286,911,199,537,1,1,1
1113,5,285,910,197,537,1,1,1
1114,5,285,910,194,535,1,1,1
1115,5,284,909,193,534,1,1,1
1116,5,283,908,190,533,1,1,1
1117,5,282,907,190,530,1,1,1
1118,5,280,905,190,528,1,1,1
1119,5,278,904,191,525,1,1,1
1120,5,277,903,190,522,1,1,1
1121,5,275,901,190,519,1,1,1
1122,5,276,901,188,515,1,1,1
1123,5,277,901,187,511,1,1,1
1124,5,278,900,185,508,1,1,1
1125,5,279,900,183,504,1,1,1
1126,5,280,900,180,500,1,1,1
1127,5,281,900,181,500,1,1,1
1128,5,282,900,181,500,1,1,1
1129,5,283,901,182,498,1,1,1
1130,5,284,901,182,498,1,1,1
1131,5,284,901,183,497,1,1,1
1132,5,287,902,181,495,1,1,1
1133,5,289,902,180,494,1,1,1
1134,5,292,903,178,491,1,1,1
1135,5,295,904,176,489,1,1,1
1136,5,297,904,174,487,1,1,1
1137,5,302,904,174,485,1,1,1
1138,5,307,903,173,484,1,1,1
1139,5,312,902,172,482,1,1,1
1140,5,317,902,171,479,1,1,1
1141,5,322,901,170,477,1,1,1
1142,5,326,900,171,474,1,1,1
1143,5,331,898,170,470,1,1,1
1144,5,335,897,170,466,1,1,1
1145,5,340,896,170,462,1,1,1
1146,5,343,894,170,457,1,1,1
1147,5,348,893,168,457,1,1,1
1148,5,353,892,165,455,1,1,1
1149,5,358,892,162,452,1,1,1
1150,5,362,891,160,450,1,1,1
1151,5,366,889,157,448,1,1,1
1152,5,370,891,156,448,1,1,1
1153,5,374,892,155,447,1,1,1
1154,5,378,892,153,447,1,1,1
1155,5,381,893,153,446,1,1,1
1156,5,384,894,151,444,1,1,1
1157,5,389,895,149,442,1,1,1
1158,5,394,895,147,441,1,1,1
1159,5,399,895,144,439,1,1,1
1160,5,404,896,142,437,1,1,1
1161,5,408,895,139,435,1,1,1
1162,5,412,895,138,434,1,1,1
1163,5,416,894,137,432,1,1,1
1164,5,420,893,135,430,1,1,1
1165,5,425,893,132,428,1,1,1
1166,5,428,891,130,426,1,1,1
1167,5,432,891,131,423,1,1,1
1168,5,435,890,131,420,1,1,1
1169,5,439,889,131,417,1,1,1
1170,5,442,888,131,415,1,1,1
1171,5,445,886,130,411,1,1,1
1172,5,449,887,137,411,1,1,1
1173,5,453,888,143,409,1,1,1
1174,5,457,888,149,408,1,1,1
1175,5,461,888,155,408,1,1,1
1176,5,464,888,161,406,1,1,1
1177,5,468,890,167,405,1,1,1
1178,5,471,891,172,404,1,1,1
1179,5,474,892,178,403,1,1,1
1180,5,477,893,184,402,1,1,1
1181,5,480,893,188,401,1,1,1
1182,5,481,893,188,400,1,1,1
1183,5,481,892,188,399,1,1,1
1184,5,481,892,187,397,1,1,1
1185,5,481,891,187,396,1,1,1
1186,5,481,890,186,394,1,1,1
1187,5,487,890,181,392,1,1,1
1188,5,493,890,175,389,1,1,1
1189,5,499,889,169,387,1,1,1
1190,5,505,889,163,383,1,1,1
1191,5,510,888,156,380,1,1,1
1192,5,524,888,146,380,1,1,1
1193,5,538,887,135,380,1,1,1
1194,5,552,886,124,380,1,1,1
1195,5,566,885,113,380,1,1,1
1196,5,579,884,102,380,1,1,1
1197,5,583,884,109,381,1,1,1
1198,5,586,884,117,380,1,1,1
1199,5,590,884,124,380,1,1,1
1200,5,593,884,132,380,1,1,1
1201,5,596,884,139,379,1,1,1
1202,5,597,884,146,380,1,1,1
1203,5,597,884,154,380,1,1,1
1204,5,597,884,161,380,1,1,1
1205,5,597,884,168,381,1,1,1
1206,5,596,884,176,380,1,1,1
1207,5,597,885,177,379,1,1,1
1208,5,597,885,177,379,1,1,1
1209,5,597,885,178,378,1,1,1
1210,5,597,885,179,377,1,1,1
1211,5,597,885,178,376,1,1,1
1212,5,600,886,175,375,1,1,1
1213,5,603,885,171,375,1,1,1
1214,5,606,885,167,374,1,1,1
1215,5,608,885,165,373,1,1,1
1216,5,610,885,160,372,1,1,1
1217,5,620,884,152,373,1,1,1
1218,5,630,884,142,373,1,1,1
1219,5,640,883,132,374,1,1,1
1220,5,649,882,123,375,1,1,1
1221,5,659,881,112,375,1,1,1
1222,5,666,881,110,377,1,1,1
1223,5,673,881,107,377,1,1,1
1224,5,679,881,105,378,1,1,1
1225,5,686,880,102,380,1,1,1
1226,5,692,879,98,380,1,1,1
1227,5,695,880,106,379,1,1,1
1228,5,698,881,111,377,1,1,1
1229,5,700,882,118,374,1,1,1
1230,5,703,882,124,373,1,1,1
1231,5,705,883,131,370,1,1,1
1232,5,705,883,133,371,1,1,1
1233,5,705,882,135,373,1,1,1
1234,5,705,882,137,374,1,1,1
1235,5,705,882,140,375,1,1,1
1236,5,705,881,141,376,1,1,1
1237,5,707,881,140,378,1,1,1
1238,5,710,881,137,378,1,1,1
1239,5,712,880,136,380,1,1,1
1240,5,714,880,134,381,1,1,1
1241,5,716,879,131,381,1,1,1
1242,5,725,879,126,382,1,1,1
1243,5,732,879,121,381,1,1,1
1244,5,740,878,116,381,1,1,1
1245,5,748,878,110,381,1,1,1
1246,5,756,877,104,381,1,1,1
1247,5,758,877,111,380,1,1,1
1248,5,760,876,118,380,1,1,1
1249,5,762,875,125,381,1,1,1
1250,5,765,875,131,380,1,1,1
1251,5,766,874,137,379,1,1,1
1252,5,769,873,144,381,1,1,1
1253,5,772,873,150,381,1,1,1
1254,5,775,872,156,382,1,1,1
1255,5,778,871,162,383,1,1,1
1256,5,780,870,168,383,1,1,1
1257,5,784,870,168,384,1,1,1
1258,5,787,869,168,385,1,1,1
1259,5,790,868,168,386,1,1,1
1260,5,793,868,168,386,1,1,1
1261,5,795,866,168,387,1,1,1
1262,5,798,867,166,388,1,1,1
1263,5,800,868,164,387,1,1,1
1264,5,802,868,161,387,1,1,1
1265,5,804,868,159,388,1,1,1
1266,5,806,868,156,387,1,1,1
1267,5,814,868,152,388,1,1,1
1268,5,822,866,147,389,1,1,1
1269,5,829,865,144,390,1,1,1
1270,5,837,864,139,391,1,1,1
1271,5,844,862,134,391,1,1,1
1272,5,855,862,129,394,1,1,1
1273,5,865,861,123,397,1,1,1
1274,5,875,860,118,399,1,1,1
1275,5,886,859,111,402,1,1,1
1276,5,895,858,106,404,1,1,1
1277,5,900,858,111,404,1,1,1
1278,5,903,858,117,403,1,1,1
1279,5,907,858,121,402,1,1,1
1280,5,911,858,126,401,1,1,1
1281,5,914,858,131,400,1,1,1
1282,5,917,859,136,400,1,1,1
1283,5,920,859,140,400,1,1,1
1284,5,922,860,145,400,1,1,1
1285,5,925,860,149,400,1,1,1
1286,5,927,860,154,400,1,1,1
1287,5,927,860,156,403,1,1,1
1288,5,927,860,157,405,1,1,1
1289,5,927,860,158,407,1,1,1
1290,5,927,860,159,409,1,1,1
1291,5,927,860,160,410,1,1,1
1292,5,929,860,158,410,1,1,1
1293,5,930,860,156,408,1,1,1
1294,5,932,860,153,407,1,1,1
1295,5,934,860,150,406,1,1,1
1296,5,935,860,147,404,1,1,1
1297,5,944,860,139,405,1,1,1
1298,5,953,859,130,406,1,1,1
1299,5,961,858,122,408,1,1,1
1300,5,970,857,113,409,1,1,1
1301,5,978,856,104,409,1,1,1
1302,5,980,856,103,410,1,1,1
1303,5,981,856,102,410,1,1,1
1304,5,982,856,101,410,1,1,1
1305,5,983,855,100,411,1,1,1
1306,5,984,854,98,411,1,1,1
1307,5,985,855,98,411,1,1,1
1308,5,986,856,98,411,1,1,1
1309,5,987,857,97,410,1,1,1
1310,5,988,857,96,410,1,1,1
1311,5,988,857,95,409,1,1,1
1312,5,990,857,94,410,1,1,1
1313,5,992,857,92,409,1,1,1
1314,5,993,856,91,410,1,1,1
1315,5,994,855,89,410,1,1,1
1316,5,995,854,87,409,1,1,1
1317,5,996,855,87,409,1,1,1
1318,5,997,855,85,410,1,1,1
1319,5,997,855,85,410,1,1,1
1320,5,997,855,84,410,1,1,1
1321,5,997,854,83,410,1,1,1
1322,5,999,854,83,412,1,1,1
1323,5,1000,854,83,412,1,1,1
1324,5,1001,854,83,412,1,1,1
1325,5,1002,853,82,413,1,1,1
1326,5,1002,852,82,413,1,1,1
1327,5,1003,853,83,414,1,1,1
1328,5,1003,854,84,413,1,1,1
1329,5,1003,854,86,414,1,1,1
1330,5,1003,854,87,414,1,1,1
1331,5,1002,854,87,413,1,1,1
1332,5,1002,855,89,414,1,1,1
1333,5,1000,855,92,414,1,1,1
1334,5,999,856,94,413,1,1,1
1335,5,998,856,95,413,1,1,1
1336,5,996,856,96,412,1,1,1
1337,5,996,857,98,411,1,1,1
1338,5,996,857,99,411,1,1,1
1339,5,995,857,100,411,1,1,1
1340,5,995,857,101,410,1,1,1
1341,5,993,857,102,409,1,1,1
1342,5,995,858,103,409,1,1,1
1343,5,997,857,103,410,1,1,1
1344,5,998,857,104,410,1,1,1
1345,5,1000,857,103,410,1,1,1
1346,5,1001,857,104,409,1,1,1
1347,5,1002,857,103,409,1,1,1
1348,5,1003,857,102,409,1,1,1
1349,5,1003,857,103,408,1,1,1
1350,5,1004,857,102,408,1,1,1
1351,5,1005,857,100,407,1,1,1
1352,5,1006,856,101,408,1,1,1
1353,5,1007,856,101,407,1,1,1
1354,5,1008,855,101,407,1,1,1
1355,5,1009,855,101,406,1,1,1
1356,5,1009,853,101,406,1,1,1
1357,5,1014,854,100,404,1,1,1
1358,5,1018,853,98,403,1,1,1
1359,5,1022,853,97,401,1,1,1
1360,5,1026,853,96,399,1,1,1
1361,5,1029,852,94,397,1,1,1
1362,5,1031,853,101,396,1,1,1
1363,5,1033,853,107,394,1,1,1
1364,5,1034,853,114,393,1,1,1
1365,5,1036,853,119,391,1,1,1
1366,5,1037,853,126,390,1,1,1
1367,5,1039,852,124,391,1,1,1
1368,5,1040,851,122,391,1,1,1
1369,5,1042,850,120,392,1,1,1
1370,5,1043,849,118,392,1,1,1
1371,5,1045,848,116,393,1,1,1
1372,5,1046,847,115,394,1,1,1
1373,5,1047,846,115,394,1,1,1
1374,5,1048,846,114,394,1,1,1
1375,5,1049,845,114,395,1,1,1
1376,5,1050,844,113,395,1,1,1
1377,5,1051,845,113,394,1,1,1
1378,5,1053,845,113,393,1,1,1
1379,5,1054,846,113,392,1,1,1
1380,5,1055,846,113,391,1,1,1
1381,5,1056,846,112,390,1,1,1
1382,5,1057,847,113,390,1,1,1
1383,5,1058,846,112,391,1,1,1
1384,5,1059,846,112,391,1,1,1
1385,5,1059,846,112,391,1,1,1
1386,5,1060,845,111,391,1,1,1
1387,5,1060,846,112,391,1,1,1
1388,5,1061,846,112,391,1,1,1
1389,5,1061,846,112,391,1,1,1
1390,5,1062,846,112,391,1,1,1
1391,5,1062,845,112,391,1,1,1
1392,5,1062,846,111,392,1,1,1
1393,5,1062,846,111,392,1,1,1
1394,5,1062,846,110,393,1,1,1
1395,5,1061,846,110,393,1,1,1
1396,5,1061,846,109,393,1,1,1
1397,5,1060,847,113,394,1,1,1
1398,5,1059,849,117,392,1,1,1
1399,5,1058,850,120,392,1,1,1
1400,5,1057,851,124,392,1,1,1
1401,5,1056,852,127,391,1,1,1
1402,5,1057,851,124,393,1,1,1
1403,5,1057,850,122,394,1,1,1
1404,5,1057,850,120,394,1,1,1
1405,5,1058,849,117,395,1,1,1
1406,5,1058,847,114,395,1,1,1
1407,5,1058,849,115,395,1,1,1
1408,5,1058,850,116,394,1,1,1
1409,5,1058,852,116,392,1,1,1
1410,5,1058,853,117,391,1,1,1
1411,5,1058,854,116,389,1,1,1
1412,5,1059,854,116,391,1,1,1
1413,5,1060,853,114,393,1,1,1
1414,5,1061,853,113,395,1,1,1
1415,5,1062,852,111,397,1,1,1
1416,5,1062,852,110,397,1,1,1
1417,5,1062,852,111,398,1,1,1
1418,5,1061,853,112,398,1,1,1
1419,5,1060,853,113,398,1,1,1
1420,5,1059,854,114,398,1,1,1
1421,5,1058,854,114,397,1,1,1
1422,5,1059,854,114,397,1,1,1
1423,5,1059,854,114,396,1,1,1
1424,5,1060,854,113,396,1,1,1
1425,5,1060,854,113,395,1,1,1
1426,5,1060,854,112,393,1,1,1
1427,5,1061,855,112,394,1,1,1
1428,5,1061,857,111,393,1,1,1
1429,5,1062,858,110,394,1,1,1
1430,5,1062,859,109,394,1,1,1
1431,5,1062,860,108,393,1,1,1
1432,5,1063,861,108,393,1,1,1
1433,5,1063,861,108,393,1,1,1
1434,5,1064,862,107,392,1,1,1
1435,5,1064,862,107,392,1,1,1
1436,5,1064,862,106,391,1,1,1
1437,5,1064,863,105,392,1,1,1
1438,5,1064,863,103,393,1,1,1
1439,5,1063,864,103,393,1,1,1
1440,5,1063,864,101,393,1,1,1
1441,5,1062,864,100,393,1,1,1
1442,5,1062,865,102,393,1,1,1
1443,5,1062,865,104,394,1,1,1
1444,5,1061,865,106,394,1,1,1
1445,5,1061,866,108,393,1,1,1
1446,5,1060,866,110,393,1,1,1
1447,5,1060,866,109,393,1,1,1
1448,5,1060,866,109,393,1,1,1
1449,5,1060,866,108,393,1,1,1
1450,5,1061,867,106,391,1,1,1
1451,5,1060,866,105,391,1,1,1
1452,5,1060,865,108,393,1,1,1
1453,5,1059,864,109,393,1,1,1
1454,5,1058,863,111,394,1,1,1
1455,5,1057,862,113,395,1,1,1
1456,5,1056,860,114,395,1,1,1
1457,5,1052,862,118,395,1,1,1
1458,5,1048,863,120,395,1,1,1
1459,5,1044,864,123,395,1,1,1
1460,5,1039,865,127,394,1,1,1
1461,5,1035,866,130,393,1,1,1
1462,5,1034,867,132,392,1,1,1
1463,5,1034,867,133,392,1,1,1
1464,5,1033,867,134,391,1,1,1
1465,5,1032,867,136,390,1,1,1
1466,5,1031,866,137,389,1,1,1
1467,5,1031,865,138,391,1,1,1
1468,5,1030,864,139,392,1,1,1
1469,5,1030,863,139,393,1,1,1
1470,5,1030,862,139,394,1,1,1
1471,5,1029,860,139,395,1,1,1
1472,5,1029,861,137,397,1,1,1
1473,5,1030,861,133,398,1,1,1
1474,5,1030,862,131,399,1,1,1
1475,5,1030,862,128,400,1,1,1
1476,5,1030,862,125,400,1,1,1
1477,5,1028,863,119,402,1,1,1
1478,5,1025,864,113,403,1,1,1
1479,5,1022,864,108,404,1,1,1
1480,5,1020,864,101,406,1,1,1
1481,5,1017,864,95,407,1,1,1
1482,5,1014,865,96,408,1,1,1
1483,5,1010,865,98,410,1,1,1
1484,5,1007,865,98,411,1,1,1
1485,5,1003,865,100,412,1,1,1
1486,5,1000,864,100,413,1,1,1
1487,5,996,865,103,415,1,1,1
1488,5,992,866,105,416,1,1,1
1489,5,988,866,108,418,1,1,1
1490,5,983,866,111,420,1,1,1
1491,5,979,866,113,421,1,1,1
1492,5,975,867,119,421,1,1,1
1493,5,970,867,125,421,1,1,1
1494,5,966,867,131,421,1,1,1
1495,5,961,867,137,422,1,1,1
1496,5,956,866,143,421,1,1,1
1497,5,954,866,144,421,1,1,1
1498,5,951,866,145,420,1,1,1
1499,5,948,865,146,419,1,1,1
1500,5,945,865,147,418,1,1,1
1002,8,761,910,99,208,1,1,1
1003,8,760,910,100,208,1,1,1
1004,8,759,910,102,209,1,1,1
1005,8,758,909,104,210,1,1,1
1006,8,756,909,106,210,1,1,1
1007,8,759,911,105,209,1,1,1
1008,8,762,912,103,209,1,1,1
1009,8,765,913,101,208,1,1,1
1010,8,768,915,99,206,1,1,1
1011,8,770,915,96,205,1,1,1
1012,8,772,916,95,206,1,1,1
1013,8,773,916,93,207,1,1,1
1014,8,774,916,91,208,1,1,1
1015,8,775,915,89,209,1,1,1
1016,8,776,915,86,209,1,1,1
1017,8,778,916,83,209,1,1,1
1018,8,779,917,81,209,1,1,1
1019,8,781,917,77,209,1,1,1
1020,8,783,918,74,209,1,1,1
1021,8,784,918,71,208,1,1,1
1022,8,786,919,71,209,1,1,1
1023,8,788,919,70,210,1,1,1
1024,8,790,919,69,211,1,1,1
1025,8,793,920,67,210,1,1,1
1026,8,794,919,66,211,1,1,1
1046,8,828,947,68,211,1,1,1
1047,8,828,949,70,212,1,1,1
1048,8,829,950,69,213,1,1,1
1049,8,829,951,70,214,1,1,1
1050,8,829,952,70,215,1,1,1
1051,8,829,952,70,216,1,1,1
1052,8,830,953,71,217,1,1,1
1053,8,831,954,70,216,1,1,1
1054,8,833,954,69,216,1,1,1
1055,8,834,955,68,216,1,1,1
1056,8,834,955,68,215,1,1,1
1057,8,834,955,69,214,1,1,1
1058,8,834,955,68,212,1,1,1
1059,8,833,954,69,212,1,1,1
1060,8,832,954,70,210,1,1,1
1061,8,831,953,69,209,1,1,1
1062,8,833,953,68,209,1,1,1
1063,8,834,953,67,208,1,1,1
1064,8,835,953,66,208,1,1,1
1065,8,836,952,65,208,1,1,1
1066,8,836,952,64,207,1,1,1
1086,8,826,932,67,212,1,1,1
1087,8,826,932,67,211,1,1,1
1088,8,825,931,67,210,1,1,1
1089,8,824,930,67,210,1,1,1
1090,8,823,929,67,209,1,1,1
1091,8,822,928,66,208,1,1,1
1092,8,822,927,67,209,1,1,1
1093,8,822,926,68,210,1,1,1
1094,8,822,924,68,211,1,1,1
1095,8,822,923,69,211,1,1,1
1096,8,822,922,69,211,1,1,1
1097,8,822,921,69,212,1,1,1
1098,8,821,920,70,212,1,1,1
1099,8,821,919,69,211,1,1,1
1100,8,821,918,69,211,1,1,1
1101,8,820,917,68,210,1,1,1
1102,8,820,916,69,211,1,1,1
1103,8,820,915,69,211,1,1,1
1104,8,820,914,69,211,1,1,1
1105,8,820,913,69,211,1,1,1
1106,8,819,912,68,211,1,1,1
1107,8,820,911,68,212,1,1,1
1108,8,820,910,68,212,1,1,1
1109,8,820,909,68,212,1,1,1
1110,8,820,908,67,212,1,1,1
1111,8,819,906,67,212,1,1,1
1112,8,820,906,68,212,1,1,1
1113,8,821,905,68,212,1,1,1
1114,8,821,905,68,210,1,1,1
1115,8,822,904,68,210,1,1,1
1116,8,821,903,68,209,1,1,1
1117,8,822,903,69,210,1,1,1
1118,8,823,902,67,210,1,1,1
1119,8,823,902,67,210,1,1,1
1120,8,823,901,67,211,1,1,1
1121,8,823,900,65,210,1,1,1
1122,8,824,900,65,210,1,1,1
1123,8,824,900,66,210,1,1,1
1124,8,824,900,66,209,1,1,1
1125,8,824,900,66,208,1,1,1
1126,8,823,900,66,207,1,1,1
1127,8,825,900,65,207,1,1,1
1128,8,825,899,65,208,1,1,1
1129,8,826,899,64,208,1,1,1
1130,8,827,898,63,209,1,1,1
1131,8,827,897,62,209,1,1,1
1132,8,828,897,63,209,1,1,1
1133,8,828,897,63,208,1,1,1
1134,8,827,896,64,209,1,1,1
1135,8,827,896,64,208,1,1,1
1136,8,827,895,64,207,1,1,1
1137,8,828,895,64,208,1,1,1
1138,8,828,895,65,208,1,1,1
1139,8,829,894,64,208,1,1,1
1140,8,829,894,65,208,1,1,1
1141,8,829,893,65,208,1,1,1
1142,8,830,893,65,208,1,1,1
1143,8,830,892,65,209,1,1,1
1144,8,830,892,65,208,1,1,1
1145,8,831,891,64,209,1,1,1
1146,8,830,890,64,208,1,1,1
1147,8,831,890,66,209,1,1,1
1148,8,831,890,67,209,1,1,1
1149,8,832,890,67,208,1,1,1
1150,8,832,890,69,208,1,1,1
1151,8,832,889,69,208,1,1,1
1152,8,833,889,69,209,1,1,1
1153,8,833,889,70,209,1,1,1
1154,8,833,889,70,209,1,1,1
1155,8,834,889,69,209,1,1,1
1156,8,834,888,69,209,1,1,1
1157,8,835,889,69,209,1,1,1
1158,8,835,889,70,209,1,1,1
1159,8,836,889,69,209,1,1,1
1160,8,836,889,70,209,1,1,1
1161,8,836,889,69,208,1,1,1
1162,8,837,889,69,209,1,1,1
1163,8,838,889,68,209,1,1,1
1164,8,838,888,68,210,1,1,1
1165,8,838,888,69,210,1,1,1
1166,8,838,887,68,209,1,1,1
1167,8,839,888,68,209,1,1,1
1168,8,839,888,67,209,1,1,1
1169,8,839,888,67,209,1,1,1
1170,8,839,888,67,209,1,1,1
1171,8,839,888,66,208,1,1,1
1172,8,840,888,67,208,1,1,1
1173,8,841,888,66,208,1,1,1
1174,8,841,888,67,208,1,1,1
1175,8,842,888,67,208,1,1,1
1176,8,842,888,66,207,1,1,1
1177,8,843,888,67,208,1,1,1
1178,8,843,888,67,208,1,1,1
1179,8,843,887,67,209,1,1,1
1180,8,843,887,67,209,1,1,1
1181,8,843,886,66,210,1,1,1
1182,8,843,886,67,210,1,1,1
1183,8,843,886,67,210,1,1,1
1184,8,843,886,67,210,1,1,1
1185,8,843,886,66,210,1,1,1
1186,8,842,886,66,209,1,1,1
1187,8,843,887,66,209,1,1,1
1188,8,843,887,66,209,1,1,1
1189,8,844,888,65,209,1,1,1
1190,8,844,889,65,208,1,1,1
1191,8,844,889,65,208,1,1,1
1192,8,844,889,65,208,1,1,1
1193,8,843,889,66,208,1,1,1
1194,8,843,889,66,208,1,1,1
1195,8,842,889,67,208,1,1,1
1196,8,841,888,67,208,1,1,1
1197,8,842,888,69,210,1,1,1
1198,8,842,888,70,210,1,1,1
1199,8,842,888,71,211,1,1,1
1200,8,843,887,71,212,1,1,1
1201,8,842,886,72,213,1,1,1
1202,8,843,888,72,212,1,1,1
1203,8,843,889,71,211,1,1,1
1204,8,844,890,69,210,1,1,1
1205,8,844,891,69,210,1,1,1
1206,8,843,891,68,209,1,1,1
1207,8,844,892,68,209,1,1,1
1208,8,844,891,68,210,1,1,1
1209,8,844,891,67,210,1,1,1
1210,8,845,891,66,210,1,1,1
1211,8,844,890,65,210,1,1,1
1212,8,844,891,67,211,1,1,1
1213,8,844,891,67,211,1,1,1
1214,8,844,892,67,211,1,1,1
1215,8,843,892,68,211,1,1,1
1216,8,842,892,68,211,1,1,1
1217,8,843,892,68,212,1,1,1
1218,8,843,892,67,211,1,1,1
1219,8,843,892,66,211,1,1,1
1220,8,843,892,65,211,1,1,1
1221,8,842,892,64,210,1,1,1
1222,8,843,893,65,210,1,1,1
1223,8,844,893,65,210,1,1,1
1224,8,844,893,65,210,1,1,1
1225,8,844,893,66,210,1,1,1
1226,8,844,893,65,208,1,1,1
1227,8,845,893,65,209,1,1,1
1228,8,845,893,66,209,1,1,1
1229,8,844,892,67,210,1,1,1
1230,8,844,892,67,210,1,1,1
1231,8,844,891,67,211,1,1,1
1232,8,845,891,66,211,1,1,1
1233,8,846,892,65,210,1,1,1
1234,8,847,892,63,210,1,1,1
1235,8,847,892,63,209,1,1,1
1236,8,848,892,61,208,1,1,1
1237,8,848,892,63,209,1,1,1
1238,8,848,891,64,210,1,1,1
1239,8,848,891,65,209,1,1,1
1240,8,849,891,65,209,1,1,1
1241,8,848,890,65,209,1,1,1
1242,8,849,890,66,209,1,1,1
1243,8,849,890,67,209,1,1,1
1244,8,849,890,67,208,1,1,1
1245,8,849,890,68,208,1,1,1
1246,8,849,889,68,207,1,1,1
1247,8,850,889,68,206,1,1,1
1248,8,850,888,69,206,1,1,1
1249,8,850,887,70,205,1,1,1
1250,8,851,887,70,204,1,1,1
1251,8,850,886,70,202,1,1,1
1296,8,883,875,66,210,1,1,1
1297,8,883,876,67,210,1,1,1
1298,8,882,878,68,208,1,1,1
1299,8,882,879,68,207,1,1,1
1300,8,881,881,69,205,1,1,1
1301,8,880,881,68,204,1,1,1
1302,8,881,882,67,205,1,1,1
1303,8,881,882,66,206,1,1,1
1304,8,880,882,65,206,1,1,1
1305,8,880,882,64,206,1,1,1
1306,8,880,881,61,207,1,1,1
1307,8,880,881,63,207,1,1,1
1308,8,880,881,63,207,1,1,1
1309,8,880,880,64,207,1,1,1
1310,8,880,880,64,207,1,1,1
1311,8,879,879,65,206,1,1,1
1312,8,879,879,66,207,1,1,1
1313,8,879,879,65,206,1,1,1
1314,8,879,879,65,206,1,1,1
1315,8,879,879,64,206,1,1,1
1316,8,878,878,64,205,1,1,1
1317,8,879,879,64,205,1,1,1
1318,8,879,879,64,206,1,1,1
1319,8,878,879,65,206,1,1,1
1320,8,878,879,64,206,1,1,1
1321,8,877,878,64,206,1,1,1
1322,8,877,879,65,206,1,1,1
1323,8,877,878,66,208,1,1,1
1324,8,876,878,67,208,1,1,1
1325,8,876,877,67,209,1,1,1
1326,8,875,876,68,209,1,1,1
1327,8,875,877,69,209,1,1,1
1328,8,875,877,69,209,1,1,1
1329,8,874,877,70,209,1,1,1
1330,8,874,878,70,208,1,1,1
1331,8,874,877,70,208,1,1,1
1332,8,874,878,70,208,1,1,1
1333,8,874,878,69,209,1,1,1
1334,8,873,877,70,210,1,1,1
1335,8,873,877,69,210,1,1,1
1336,8,872,877,68,210,1,1,1
1337,8,873,878,68,210,1,1,1
1338,8,872,878,69,210,1,1,1
1339,8,872,879,69,209,1,1,1
1340,8,872,879,68,209,1,1,1
1341,8,871,879,68,208,1,1,1
1342,8,871,879,69,209,1,1,1
1343,8,871,879,69,208,1,1,1
1344,8,871,879,69,208,1,1,1
1345,8,871,879,70,208,1,1,1
1346,8,870,879,69,207,1,1,1
1347,8,871,879,68,207,1,1,1
1348,8,871,879,67,207,1,1,1
1349,8,872,879,64,207,1,1,1
1350,8,872,879,62,207,1,1,1
1351,8,872,878,60,207,1,1,1
1352,8,872,878,61,207,1,1,1
1353,8,872,878,61,207,1,1,1
1354,8,872,877,61,207,1,1,1
1355,8,872,877,61,207,1,1,1
1356,8,872,876,60,206,1,1,1
1357,8,872,876,62,207,1,1,1
1358,8,873,876,62,207,1,1,1
1359,8,873,876,63,207,1,1,1
1360,8,873,876,64,207,1,1,1
1361,8,873,875,65,207,1,1,1
1362,8,873,875,64,207,1,1,1
1363,8,873,875,63,206,1,1,1
1364,8,872,875,63,205,1,1,1
1365,8,872,874,61,206,1,1,1
1366,8,872,874,60,205,1,1,1
1367,8,872,874,61,205,1,1,1
1368,8,873,873,61,206,1,1,1
1369,8,873,873,62,206,1,1,1
1370,8,874,872,62,207,1,1,1
1371,8,874,872,63,207,1,1,1
1372,8,874,872,64,207,1,1,1
1373,8,873,872,66,206,1,1,1
1374,8,873,872,67,206,1,1,1
1375,8,873,872,68,206,1,1,1
1376,8,872,871,69,205,1,1,1
1377,8,873,871,68,206,1,1,1
1378,8,872,871,68,207,1,1,1
1379,8,872,871,67,207,1,1,1
1380,8,872,871,66,207,1,1,1
1381,8,872,870,65,206,1,1,1
1382,8,873,871,65,206,1,1,1
1383,8,873,871,66,206,1,1,1
1384,8,874,871,65,206,1,1,1
1385,8,874,871,66,205,1,1,1
1386,8,875,870,65,205,1,1,1
1387,8,875,871,65,205,1,1,1
1388,8,875,871,65,205,1,1,1
1389,8,875,872,65,205,1,1,1
1390,8,876,872,64,205,1,1,1
1391,8,875,871,63,205,1,1,1
1392,8,875,872,64,205,1,1,1
1393,8,875,872,63,205,1,1,1
1394,8,875,873,63,204,1,1,1
1395,8,874,873,64,204,1,1,1
1396,8,874,873,62,203,1,1,1
1397,8,873,873,65,204,1,1,1
1398,8,872,873,66,205,1,1,1
1399,8,871,873,68,205,1,1,1
1400,8,870,873,69,206,1,1,1
1401,8,868,872,70,206,1,1,1
1402,8,868,873,71,207,1,1,1
1403,8,868,873,71,209,1,1,1
1404,8,868,873,70,210,1,1,1
1405,8,867,873,71,211,1,1,1
1406,8,866,872,70,212,1,1,1
1407,8,868,874,70,212,1,1,1
1408,8,869,875,69,211,1,1,1
1409,8,870,875,69,212,1,1,1
1410,8,872,876,67,211,1,1,1
1411,8,872,877,66,210,1,1,1
1412,8,873,877,66,210,1,1,1
1413,8,873,877,66,209,1,1,1
1414,8,873,877,65,208,1,1,1
1415,8,873,877,65,207,1,1,1
1416,8,872,877,64,206,1,1,1
1417,8,873,877,65,207,1,1,1
1418,8,872,878,66,207,1,1,1
1419,8,872,878,66,208,1,1,1
1420,8,871,879,67,208,1,1,1
1421,8,870,879,66,208,1,1,1
1422,8,872,880,66,208,1,1,1
1423,8,872,881,66,208,1,1,1
1424,8,873,882,65,208,1,1,1
1425,8,874,882,64,209,1,1,1
1426,8,875,883,62,208,1,1,1
1427,8,874,883,63,210,1,1,1
1428,8,873,883,64,210,1,1,1
1429,8,871,883,65,211,1,1,1
1430,8,870,883,66,212,1,1,1
1431,8,868,883,66,212,1,1,1
1432,8,869,884,67,212,1,1,1
1433,8,870,884,67,212,1,1,1
1434,8,870,885,68,211,1,1,1
1435,8,870,885,69,211,1,1,1
1436,8,870,885,68,210,1,1,1
1437,8,871,885,68,211,1,1,1
1438,8,871,885,68,211,1,1,1
1439,8,871,885,67,211,1,1,1
1440,8,871,885,67,211,1,1,1
1441,8,870,885,66,210,1,1,1
1442,8,870,886,66,210,1,1,1
1443,8,870,886,65,209,1,1,1
1444,8,869,886,65,209,1,1,1
1445,8,869,887,64,208,1,1,1
1446,8,868,887,64,208,1,1,1
1447,8,869,888,64,207,1,1,1
1448,8,870,888,64,208,1,1,1
1449,8,871,889,65,207,1,1,1
1450,8,872,890,65,206,1,1,1
1451,8,872,890,65,205,1,1,1
1452,8,872,889,66,208,1,1,1
1453,8,871,888,68,210,1,1,1
1454,8,870,886,69,213,1,1,1
1455,8,870,885,69,214,1,1,1
1456,8,868,883,70,216,1,1,1
1457,8,870,884,69,216,1,1,1
1458,8,871,885,67,216,1,1,1
1459,8,871,886,67,215,1,1,1
1460,8,872,887,65,214,1,1,1
1461,8,873,888,63,213,1,1,1
1462,8,872,889,65,212,1,1,1
1463,8,870,890,67,209,1,1,1
1464,8,868,890,69,208,1,1,1
1465,8,866,891,71,206,1,1,1
1466,8,864,891,72,204,1,1,1
1467,8,865,891,72,205,1,1,1
1468,8,865,890,72,207,1,1,1
1469,8,866,889,70,208,1,1,1
1470,8,866,888,70,210,1,1,1
1471,8,866,887,68,210,1,1,1
1472,8,868,888,68,210,1,1,1
1473,8,868,889,68,209,1,1,1
1474,8,869,889,68,209,1,1,1
1475,8,870,890,67,208,1,1,1
1476,8,871,890,66,208,1,1,1
1477,8,871,890,66,208,1,1,1
1478,8,871,889,66,209,1,1,1
1479,8,871,889,66,209,1,1,1
1480,8,871,889,66,209,1,1,1
1481,8,870,888,66,209,1,1,1
1482,8,870,889,66,209,1,1,1
1483,8,870,889,66,208,1,1,1
1484,8,869,889,66,208,1,1,1
1485,8,869,888,65,209,1,1,1
1486,8,868,888,64,208,1,1,1
1487,8,869,888,64,209,1,1,1
1488,8,869,888,64,209,1,1,1
1489,8,869,888,64,209,1,1,1
1490,8,869,888,63,209,1,1,1
1491,8,868,888,63,208,1,1,1
1492,8,869,888,64,209,1,1,1
1493,8,869,887,64,210,1,1,1
1494,8,869,887,65,209,1,1,1
1495,8,869,886,65,210,1,1,1
1496,8,868,885,65,210,1,1,1
1497,8,868,885,66,211,1,1,1
1498,8,868,885,65,211,1,1,1
1499,8,868,884,63,212,1,1,1
1500,8,867,884,63,212,1,1,1
1002,10,1694,874,62,186,1,1,1
1003,10,1695,874,62,186,1,1,1
1004,10,1697,873,61,187,1,1,1
1005,10,1698,872,60,188,1,1,1
1006,10,1698,871,60,187,1,1,1
1007,10,1699,872,62,188,1,1,1
1008,10,1700,873,62,187,1,1,1
1009,10,1701,873,63,188,1,1,1
1010,10,1702,874,64,187,1,1,1
1011,10,1702,874,65,187,1,1,1
1012,10,1704,874,64,188,1,1,1
1013,10,1705,875,64,187,1,1,1
1014,10,1706,875,64,187,1,1,1
1015,10,1708,875,62,187,1,1,1
1016,10,1708,875,62,186,1,1,1
1017,10,1710,876,62,187,1,1,1
1018,10,1711,876,62,187,1,1,1
1019,10,1712,877,62,187,1,1,1
1020,10,1713,877,62,188,1,1,1
1021,10,1713,877,62,187,1,1,1
1022,10,1715,878,63,188,1,1,1
1023,10,1716,879,63,187,1,1,1
1024,10,1717,879,64,187,1,1,1
1025,10,1718,880,64,186,1,1,1
1026,10,1718,880,64,186,1,1,1
1027,10,1720,881,65,187,1,1,1
1028,10,1721,882,65,187,1,1,1
1029,10,1723,883,65,187,1,1,1
1030,10,1724,884,65,187,1,1,1
1031,10,1725,885,65,186,1,1,1
1032,10,1726,887,66,186,1,1,1
1033,10,1727,888,66,186,1,1,1
1034,10,1728,889,66,186,1,1,1
1035,10,1729,890,66,186,1,1,1
1036,10,1729,891,66,185,1,1,1
1037,10,1731,893,67,185,1,1,1
1038,10,1733,894,66,185,1,1,1
1039,10,1735,895,66,186,1,1,1
1040,10,1737,896,65,186,1,1,1
1041,10,1738,897,65,185,1,1,1
1042,10,1739,898,66,186,1,1,1
1043,10,1740,899,66,186,1,1,1
1044,10,1742,900,66,186,1,1,1
1045,10,1743,900,66,188,1,1,1
1046,10,1743,901,66,187,1,1,1
1047,10,1745,902,67,188,1,1,1
1048,10,1747,903,66,188,1,1,1
1049,10,1748,904,66,188,1,1,1
1050,10,1750,905,65,188,1,1,1
1051,10,1751,906,65,187,1,1,1
1052,10,1752,907,65,187,1,1,1
1053,10,1753,907,65,188,1,1,1
1054,10,1753,907,66,188,1,1,1
1055,10,1754,908,66,188,1,1,1
1056,10,1754,908,66,187,1,1,1
1057,10,1754,908,67,188,1,1,1
1058,10,1754,908,67,188,1,1,1
1059,10,1754,908,67,188,1,1,1
1060,10,1754,907,68,189,1,1,1
1061,10,1754,907,67,189,1,1,1
1062,10,1755,907,67,189,1,1,1
1063,10,1755,906,67,189,1,1,1
1064,10,1755,906,67,188,1,1,1
1065,10,1755,905,67,189,1,1,1
1066,10,1755,905,66,188,1,1,1
1067,10,1755,905,66,188,1,1,1
1068,10,1754,904,67,188,1,1,1
1069,10,1754,904,67,187,1,1,1
1070,10,1754,903,66,188,1,1,1
1071,10,1753,902,66,187,1,1,1
1072,10,1753,902,65,187,1,1,1
1073,10,1752,902,65,186,1,1,1
1074,10,1752,901,63,186,1,1,1
1075,10,1751,901,62,185,1,1,1
1076,10,1750,900,60,184,1,1,1
1077,10,1750,899,62,185,1,1,1
1078,10,1750,897,63,187,1,1,1
1079,10,1750,896,64,188,1,1,1
1080,10,1750,894,65,189,1,1,1
1081,10,1749,892,66,190,1,1,1
1096,10,1747,881,54,183,1,1,1
1097,10,1747,880,56,184,1,1,1
1098,10,1746,880,57,184,1,1,1
1099,10,1745,879,59,185,1,1,1
1100,10,1744,878,61,186,1,1,1
1101,10,1743,876,62,187,1,1,1
1102,10,1743,876,62,188,1,1,1
1103,10,1742,875,63,188,1,1,1
1104,10,1741,875,63,188,1,1,1
1105,10,1740,874,64,188,1,1,1
1106,10,1739,873,63,188,1,1,1
1107,10,1740,873,63,188,1,1,1
1108,10,1740,873,63,187,1,1,1
1109,10,1740,872,64,187,1,1,1
1110,10,1740,872,64,187,1,1,1
1111,10,1740,871,63,186,1,1,1
1112,10,1740,871,63,186,1,1,1
1113,10,1740,870,63,186,1,1,1
1114,10,1740,869,63,187,1,1,1
1115,10,1740,869,62,186,1,1,1
1116,10,1740,867,61,186,1,1,1
1117,10,1740,867,62,187,1,1,1
1118,10,1740,867,63,187,1,1,1
1119,10,1741,867,62,186,1,1,1
1120,10,1741,866,63,187,1,1,1
1121,10,1741,865,63,186,1,1,1
1122,10,1741,866,64,186,1,1,1
1123,10,1742,865,62,187,1,1,1
1124,10,1742,865,62,186,1,1,1
1125,10,1742,865,62,186,1,1,1
1126,10,1742,864,61,185,1,1,1
1127,10,1742,865,62,185,1,1,1
1128,10,1743,865,61,184,1,1,1
1129,10,1743,865,62,183,1,1,1
1130,10,1743,865,62,183,1,1,1
1131,10,1743,865,61,181,1,1,1
1132,10,1743,864,62,183,1,1,1
1133,10,1742,864,63,183,1,1,1
1134,10,1742,863,62,184,1,1,1
1135,10,1741,863,63,184,1,1,1
1136,10,1740,861,63,184,1,1,1
1137,10,1742,862,63,184,1,1,1
1138,10,1743,861,62,185,1,1,1
1139,10,1744,861,62,185,1,1,1
1140,10,1745,860,62,186,1,1,1
1141,10,1746,860,61,185,1,1,1
1142,10,1747,860,61,185,1,1,1
1143,10,1747,860,62,185,1,1,1
1144,10,1747,860,63,186,1,1,1
1145,10,1747,860,63,186,1,1,1
1146,10,1747,859,63,185,1,1,1
1147,10,1748,860,64,185,1,1,1
1148,10,1749,859,64,186,1,1,1
1149,10,1749,859,64,186,1,1,1
1150,10,1750,859,64,186,1,1,1
1151,10,1750,858,64,185,1,1,1
1152,10,1750,858,65,186,1,1,1
1153,10,1751,858,64,186,1,1,1
1154,10,1751,858,64,186,1,1,1
1155,10,1751,857,64,187,1,1,1
1156,10,1751,857,63,186,1,1,1
1157,10,1752,857,64,187,1,1,1
1158,10,1753,857,64,187,1,1,1
1159,10,1753,856,65,188,1,1,1
1160,10,1754,856,64,188,1,1,1
1161,10,1754,856,64,187,1,1,1
1162,10,1755,856,64,188,1,1,1
1163,10,1755,856,64,188,1,1,1
1164,10,1755,856,65,188,1,1,1
1165,10,1755,856,65,188,1,1,1
1166,10,1754,855,65,188,1,1,1
1167,10,1755,856,66,188,1,1,1
1168,10,1756,856,65,188,1,1,1
1169,10,1756,857,66,187,1,1,1
1170,10,1757,857,65,187,1,1,1
1171,10,1757,857,65,186,1,1,1
1172,10,1758,857,65,187,1,1,1
1173,10,1758,857,65,187,1,1,1
1174,10,1758,857,65,187,1,1,1
1175,10,1759,857,65,188,1,1,1
1176,10,1759,857,64,187,1,1,1
1177,10,1760,858,64,187,1,1,1
1178,10,1760,858,64,187,1,1,1
1179,10,1760,858,65,187,1,1,1
1180,10,1760,858,65,188,1,1,1
1181,10,1760,858,65,187,1,1,1
1182,10,1760,859,65,187,1,1,1
1183,10,1760,859,65,187,1,1,1
1184,10,1761,859,65,187,1,1,1
1185,10,1761,859,65,187,1,1,1
1186,10,1761,859,64,187,1,1,1
1187,10,1761,860,65,187,1,1,1
1188,10,1761,860,66,187,1,1,1
1189,10,1761,860,66,187,1,1,1
1190,10,1762,861,65,187,1,1,1
1191,10,1761,860,65,187,1,1,1
1192,10,1762,861,65,188,1,1,1
1193,10,1762,862,65,187,1,1,1
1194,10,1762,862,65,188,1,1,1
1195,10,1762,863,65,187,1,1,1
1196,10,1762,863,64,187,1,1,1
1197,10,1763,864,64,188,1,1,1
1198,10,1763,864,64,188,1,1,1
1199,10,1763,865,63,188,1,1,1
1200,10,1763,865,63,188,1,1,1
1201,10,1762,865,62,187,1,1,1
1202,10,1763,867,63,187,1,1,1
1203,10,1762,867,64,188,1,1,1
1204,10,1762,868,64,187,1,1,1
1205,10,1762,868,64,188,1,1,1
1206,10,1761,869,63,187,1,1,1
1207,10,1762,869,64,188,1,1,1
1208,10,1762,870,64,188,1,1,1
1209,10,1762,870,64,189,1,1,1
1210,10,1762,871,64,189,1,1,1
1211,10,1761,871,64,189,1,1,1
1212,10,1762,872,64,189,1,1,1
1213,10,1762,873,64,189,1,1,1
1214,10,1762,873,64,189,1,1,1
1215,10,1762,874,64,189,1,1,1
1216,10,1761,875,63,188,1,1,1
1217,10,1762,876,64,188,1,1,1
1218,10,1763,877,63,188,1,1,1
1219,10,1763,877,63,188,1,1,1
1220,10,1763,878,63,188,1,1,1
1221,10,1763,878,62,187,1,1,1
1222,10,1764,879,62,188,1,1,1
1223,10,1764,880,62,187,1,1,1
1224,10,1764,880,62,187,1,1,1
1225,10,1765,880,61,188,1,1,1
1226,10,1765,880,61,187,1,1,1
1227,10,1765,881,61,188,1,1,1
1228,10,1765,881,62,188,1,1,1
1229,10,1765,881,62,188,1,1,1
1230,10,1765,882,63,188,1,1,1
1231,10,1765,882,63,188,1,1,1
1232,10,1766,882,62,189,1,1,1
1233,10,1766,883,63,188,1,1,1
1234,10,1767,883,62,189,1,1,1
1235,10,1768,884,61,189,1,1,1
1236,10,1768,884,61,189,1,1,1
1237,10,1768,884,62,189,1,1,1
1238,10,1769,884,61,189,1,1,1
1239,10,1769,884,61,189,1,1,1
1240,10,1769,883,62,190,1,1,1
1241,10,1769,883,61,189,1,1,1
1242,10,1769,883,63,190,1,1,1
1243,10,1769,883,64,190,1,1,1
1244,10,1769,883,64,189,1,1,1
1245,10,1769,883,65,189,1,1,1
1246,10,1769,882,65,189,1,1,1
1247,10,1771,883,63,189,1,1,1
1248,10,1772,883,62,189,1,1,1
1249,10,1774,882,59,189,1,1,1
1250,10,1776,882,57,189,1,1,1
1251,10,1777,882,55,188,1,1,1
1276,10,1808,881,64,193,1,1,1
1277,10,1808,882,65,193,1,1,1
1278,10,1808,882,66,192,1,1,1
1279,10,1808,882,66,192,1,1,1
1280,10,1808,883,67,190,1,1,1
1281,10,1808,883,66,189,1,1,1
1282,10,1807,882,67,190,1,1,1
1283,10,1807,882,66,189,1,1,1
1284,10,1806,881,65,189,1,1,1
1285,10,1805,880,65,190,1,1,1
1286,10,1804,879,64,189,1,1,1
1287,10,1805,879,64,190,1,1,1
1288,10,1805,879,64,191,1,1,1
1289,10,1805,879,64,191,1,1,1
1290,10,1806,879,63,191,1,1,1
1291,10,1806,879,62,191,1,1,1
1292,10,1806,880,63,191,1,1,1
1293,10,1806,881,63,190,1,1,1
1294,10,1806,882,63,189,1,1,1
1295,10,1806,882,63,189,1,1,1
1296,10,1806,883,62,187,1,1,1
1297,10,1806,883,61,188,1,1,1
1298,10,1806,883,60,188,1,1,1
1299,10,1805,882,59,190,1,1,1
1300,10,1805,882,58,190,1,1,1
1301,10,1804,881,56,190,1,1,1
1302,10,1804,882,57,190,1,1,1
1303,10,1804,882,57,190,1,1,1
1304,10,1804,882,56,189,1,1,1
1305,10,1803,882,57,189,1,1,1
1306,10,1802,881,56,188,1,1,1
1307,10,1802,882,57,188,1,1,1
1308,10,1801,882,58,188,1,1,1
1309,10,1801,883,58,187,1,1,1
1310,10,1800,883,59,187,1,1,1
1311,10,1799,883,59,186,1,1,1
1312,10,1799,883,60,187,1,1,1
1313,10,1799,883,59,187,1,1,1
1314,10,1799,883,59,187,1,1,1
1315,10,1799,882,59,188,1,1,1
1316,10,1798,882,58,187,1,1,1
1336,10,1790,881,68,188,1,1,1
1337,10,1790,881,68,189,1,1,1
1338,10,1790,881,66,189,1,1,1
1339,10,1790,882,65,188,1,1,1
1340,10,1789,882,64,189,1,1,1
1341,10,1789,881,62,189,1,1,1
1342,10,1789,882,63,189,1,1,1
1343,10,1789,882,63,188,1,1,1
1344,10,1788,881,65,189,1,1,1
1345,10,1788,881,65,189,1,1,1
1346,10,1787,881,65,188,1,1,1
1347,10,1788,881,65,189,1,1,1
1348,10,1788,880,64,189,1,1,1
1349,10,1789,880,63,189,1,1,1
1350,10,1789,879,63,190,1,1,1
1351,10,1789,878,61,190,1,1,1
1352,10,1790,879,61,189,1,1,1
1353,10,1790,879,61,189,1,1,1
1354,10,1790,879,61,188,1,1,1
1355,10,1791,880,60,186,1,1,1
1356,10,1790,880,60,185,1,1,1
1357,10,1791,880,60,186,1,1,1
1358,10,1791,879,60,187,1,1,1
1359,10,1791,879,60,186,1,1,1
1360,10,1791,879,60,186,1,1,1
1361,10,1791,878,59,186,1,1,1
1362,10,1791,878,60,187,1,1,1
1363,10,1791,877,60,188,1,1,1
1364,10,1790,876,60,188,1,1,1
1365,10,1790,875,60,189,1,1,1
1366,10,1789,874,61,190,1,1,1
1367,10,1789,874,61,189,1,1,1
1368,10,1789,874,61,189,1,1,1
1369,10,1790,873,60,189,1,1,1
1370,10,1790,873,60,189,1,1,1
1371,10,1790,873,60,188,1,1,1
1372,10,1791,873,59,188,1,1,1
1373,10,1791,872,60,188,1,1,1
1374,10,1792,872,59,188,1,1,1
1375,10,1792,872,60,188,1,1,1
1376,10,1792,871,59,188,1,1,1
1377,10,1793,871,59,188,1,1,1
1378,10,1792,872,60,187,1,1,1
1379,10,1792,872,59,187,1,1,1
1380,10,1792,872,59,187,1,1,1
1381,10,1791,871,59,186,1,1,1
1382,10,1792,872,59,186,1,1,1
1383,10,1792,871,59,187,1,1,1
1384,10,1792,871,59,186,1,1,1
1385,10,1792,871,60,186,1,1,1
1386,10,1792,870,59,185,1,1,1
1387,10,1793,871,59,186,1,1,1
1388,10,1793,870,59,187,1,1,1
1389,10,1793,870,59,188,1,1,1
1390,10,1793,870,60,188,1,1,1
1391,10,1793,869,59,188,1,1,1
1392,10,1793,870,60,188,1,1,1
1393,10,1793,870,60,188,1,1,1
1394,10,1792,870,61,188,1,1,1
1395,10,1792,870,61,188,1,1,1
1396,10,1791,870,61,187,1,1,1
1397,10,1791,869,62,188,1,1,1
1398,10,1791,868,63,189,1,1,1
1399,10,1790,867,65,189,1,1,1
1400,10,1790,866,66,189,1,1,1
1401,10,1789,864,66,189,1,1,1
1402,10,1788,865,68,190,1,1,1
1403,10,1787,866,68,190,1,1,1
1404,10,1786,867,69,190,1,1,1
1405,10,1785,868,70,189,1,1,1
1406,10,1783,868,70,189,1,1,1
1407,10,1784,869,71,189,1,1,1
1408,10,1784,870,71,188,1,1,1
1409,10,1785,870,70,188,1,1,1
1410,10,1785,870,71,188,1,1,1
1411,10,1785,870,70,187,1,1,1
1412,10,1786,870,70,189,1,1,1
1413,10,1787,870,68,190,1,1,1
1414,10,1788,870,67,191,1,1,1
1415,10,1789,869,66,193,1,1,1
1416,10,1789,868,64,193,1,1,1
1417,10,1790,869,65,194,1,1,1
1418,10,1790,870,65,193,1,1,1
1419,10,1791,870,64,193,1,1,1
1420,10,1791,870,65,193,1,1,1
1421,10,1791,870,64,191,1,1,1
1422,10,1792,872,64,191,1,1,1
1423,10,1793,873,63,190,1,1,1
1424,10,1793,875,63,189,1,1,1
1425,10,1793,876,63,188,1,1,1
1426,10,1793,877,62,187,1,1,1
1427,10,1793,877,63,188,1,1,1
1428,10,1793,877,62,188,1,1,1
1429,10,1793,877,62,189,1,1,1
1430,10,1792,877,63,189,1,1,1
1431,10,1791,877,62,189,1,1,1
1432,10,1791,877,64,190,1,1,1
1433,10,1791,877,64,191,1,1,1
1434,10,1790,877,65,191,1,1,1
1435,10,1790,877,66,191,1,1,1
1436,10,1789,877,66,191,1,1,1
1437,10,1790,878,66,191,1,1,1
1438,10,1790,880,65,189,1,1,1
1439,10,1791,881,64,188,1,1,1
1440,10,1791,882,64,187,1,1,1
1441,10,1791,883,62,185,1,1,1
1442,10,1792,882,63,186,1,1,1
1443,10,1792,881,63,186,1,1,1
1444,10,1792,880,64,186,1,1,1
1445,10,1793,878,63,187,1,1,1
1446,10,1793,877,64,187,1,1,1
1447,10,1793,878,63,187,1,1,1
1448,10,1792,879,63,187,1,1,1
1449,10,1792,879,62,187,1,1,1
1450,10,1792,880,61,187,1,1,1
1451,10,1791,880,60,186,1,1,1
1452,10,1791,880,61,188,1,1,1
1453,10,1791,879,61,189,1,1,1
1454,10,1790,879,62,189,1,1,1
1455,10,1790,878,62,191,1,1,1
1456,10,1789,877,62,191,1,1,1
1457,10,1790,877,62,192,1,1,1
1458,10,1790,878,62,191,1,1,1
1459,10,1790,878,62,192,1,1,1
1460,10,1790,878,62,192,1,1,1
1461,10,1790,878,61,191,1,1,1
1462,10,1790,878,61,192,1,1,1
1463,10,1791,878,60,192,1,1,1
1464,10,1791,878,60,191,1,1,1
1465,10,1791,877,59,192,1,1,1
1466,10,1791,877,58,191,1,1,1
1467,10,1791,877,59,191,1,1,1
1468,10,1790,876,61,191,1,1,1
1469,10,1789,876,62,190,1,1,1
1470,10,1788,875,64,190,1,1,1
1471,10,1787,875,64,189,1,1,1
1472,10,1788,875,64,190,1,1,1
1473,10,1788,876,65,190,1,1,1
1474,10,1788,876,65,191,1,1,1
1475,10,1788,877,66,190,1,1,1
1476,10,1788,877,65,190,1,1,1
1477,10,1789,877,65,191,1,1,1
1478,10,1790,877,63,191,1,1,1
1479,10,1790,877,63,191,1,1,1
1480,10,1791,877,62,191,1,1,1
1481,10,1791,877,61,190,1,1,1
1482,10,1791,877,61,190,1,1,1
1483,10,1790,877,62,190,1,1,1
1484,10,1790,877,61,190,1,1,1
1485,10,1790,876,61,190,1,1,1
1486,10,1789,876,61,189,1,1,1
1487,10,1789,876,62,190,1,1,1
1488,10,1788,876,62,190,1,1,1
1489,10,1788,876,62,189,1,1,1
1490,10,1788,876,62,189,1,1,1
1491,10,1787,875,62,189,1,1,1
1492,10,1787,875,63,189,1,1,1
1493,10,1787,875,63,189,1,1,1
1494,10,1786,875,64,188,1,1,1
1495,10,1786,874,64,189,1,1,1
1496,10,1785,873,63,188,1,1,1
1497,10,1786,874,63,188,1,1,1
1498,10,1786,873,63,189,1,1,1
1499,10,1786,873,63,188,1,1,1
1500,10,1785,873,63,188,1,1,1