1 1 403 335 55 147
1 2 493 338 49 167
1 3 494 333 53 140
1 4 542 314 57 143
1 5 462 286 46 93
2 1 406 334 54 147
2 2 493 339 50 166
2 3 493 331 52 140
2 4 544 313 56 144
2 5 461 285 46 98
3 1 410 336 54 147
3 2 495 339 49 167
3 3 493 331 53 141
3 4 542 313 57 144
3 5 464 284 46 97
4 1 411 336 55 147
4 2 495 339 49 172
4 3 491 333 52 138
4 4 541 312 56 144
4 5 465 285 50 97
5 1 417 336 50 150
5 2 493 340 56 171
5 3 493 333 53 140
5 4 540 313 56 143
5 5 464 285 51 97
6 1 418 338 50 150
6 2 493 341 57 171
6 3 494 333 53 140
6 4 540 311 56 144
6 5 466 287 50 98
7 1 419 339 50 150
7 2 495 342 56 171
7 3 495 329 53 141
7 4 537 312 57 144
7 5 468 289 51 98
8 1 420 339 50 150
8 2 495 342 56 171
8 3 491 331 53 140
8 4 536 316 56 144
8 5 470 287 51 99
9 1 420 338 50 153
9 2 496 343 58 171
9 3 493 330 52 140
9 4 536 314 56 144
9 5 470 289 51 98
10 1 421 340 50 152
10 2 496 341 63 173
10 3 493 331 53 140
10 4 534 314 56 144
10 5 472 291 51 98
11 1 422 340 50 153
11 2 495 342 65 173
11 3 491 331 53 141
11 4 534 316 56 144
11 5 473 287 43 98
12 1 423 341 50 153
12 2 493 340 69 173
12 3 494 331 53 141
12 4 532 315 57 144
12 5 479 285 42 98
13 1 424 342 51 153
13 2 495 342 68 173
13 3 495 329 53 141
13 4 534 316 56 144
13 5 478 289 40 98
14 1 425 341 50 155
14 2 493 343 72 173
14 3 495 330 53 140
14 4 534 316 57 144
14 5 481 287 39 99
15 1 426 338 50 156
15 2 492 343 72 173
15 3 495 330 53 140
15 4 533 316 57 144
15 5 482 286 39 98
16 1 427 340 50 156
16 2 492 344 74 173
16 3 494 330 53 141
16 4 534 316 56 144
16 5 482 286 40 98
17 1 427 339 50 156
17 2 491 344 75 173
17 3 492 334 53 140
17 4 534 317 56 144
17 5 484 287 39 98
18 1 429 340 50 156
18 2 490 344 75 174
18 3 494 330 53 140
18 4 533 317 56 144
18 5 485 291 40 98
19 1 430 339 50 156
19 2 490 344 75 174
19 3 491 331 56 140
19 4 533 317 57 144
19 5 488 292 39 98
20 1 430 341 50 155
20 2 488 344 76 174
20 3 490 330 56 140
20 4 533 317 56 144
20 5 488 293 39 98
21 1 430 340 50 156
21 2 489 345 76 174
21 3 491 329 56 147
21 4 533 317 56 144
21 5 489 293 42 98
22 1 431 341 50 156
22 2 485 346 79 173
22 3 488 329 56 147
22 4 533 317 57 144
22 5 491 290 44 98
23 1 432 341 50 155
23 2 487 342 79 173
23 3 487 327 56 147
23 4 534 318 56 144
23 5 494 290 44 98
24 1 433 340 50 156
24 2 486 343 80 173
24 3 491 324 56 147
24 4 533 318 57 144
24 5 494 294 49 98
25 1 434 340 49 156
25 2 486 343 79 173
25 3 490 324 57 147
25 4 534 318 56 144
25 5 496 292 49 97
26 1 434 340 49 156
26 2 486 343 79 173
26 3 491 324 56 147
26 4 534 318 56 144
26 5 497 296 49 98
27 1 433 337 53 163
27 2 485 343 79 173
27 3 487 328 56 148
27 4 534 319 57 144
27 5 497 294 49 98
28 1 433 336 53 164
28 2 485 344 80 173
28 3 488 328 56 148
28 4 534 318 57 144
28 5 501 294 49 98
29 1 434 336 53 164
29 2 485 344 74 173
29 3 488 331 56 148
29 4 536 317 57 144
29 5 500 294 49 98
30 1 435 336 52 164
30 2 484 343 75 173
30 3 487 331 56 147
30 4 537 318 57 144
30 5 501 295 48 98
31 1 435 336 52 164
31 2 485 344 75 174
31 3 487 330 56 147
31 4 537 318 56 144
31 5 503 295 48 98
32 1 440 336 43 164
32 2 485 346 74 173
32 3 488 331 56 148
32 4 538 318 56 144
32 5 502 294 53 98
33 1 441 338 43 164
33 2 484 344 75 173
33 3 488 330 56 147
33 4 538 319 56 144
33 5 506 292 54 97
34 1 441 337 43 164
34 2 483 346 74 173
34 3 487 327 56 147
34 4 539 319 56 144
34 5 509 292 53 98
35 1 442 337 43 164
35 2 483 345 75 173
35 3 485 328 56 147
35 4 539 319 56 144
35 5 510 294 53 104
36 1 442 337 43 163
36 2 483 346 74 173
36 3 486 332 56 147
36 4 539 318 56 144
36 5 511 294 53 111
37 1 443 338 43 164
37 2 483 339 74 173
37 3 487 330 56 148
37 4 538 319 57 144
37 5 514 294 53 117
38 1 443 336 43 164
38 2 483 340 74 173
38 3 487 330 56 148
38 4 539 319 56 144
38 5 516 295 53 121
39 1 444 337 43 163
39 2 484 341 74 173
39 3 486 330 56 148
39 4 538 318 60 144
39 5 520 293 53 129
40 1 444 337 43 163
40 2 483 341 74 173
40 3 486 330 56 147
40 4 537 319 60 144
40 5 522 300 61 117
41 1 445 336 40 164
41 2 484 341 74 173
41 3 484 333 56 147
41 4 535 321 63 143
41 5 523 295 54 113
42 1 446 337 41 163
42 2 484 342 74 173
42 3 485 329 56 147
42 4 536 322 63 143
42 5 521 297 55 112
43 1 447 337 40 163
43 2 484 340 75 173
43 3 484 330 56 148
43 4 536 322 63 143
43 5 525 295 54 113
44 1 446 337 41 164
44 2 485 342 74 173
44 3 484 330 56 148
44 4 535 321 64 144
44 5 527 296 49 112
45 1 447 337 41 164
45 2 485 342 74 173
45 3 485 330 56 148
45 4 536 321 63 144
45 5 529 298 50 113
46 1 447 338 41 163
46 2 486 342 74 173
46 3 486 332 56 147
46 4 536 321 64 144
46 5 532 298 50 113
47 1 447 337 41 163
47 2 485 342 75 173
47 3 485 330 56 148
47 4 537 322 63 143
47 5 532 297 50 112
48 1 448 337 40 164
48 2 485 342 75 173
48 3 485 333 56 147
48 4 536 322 64 143
48 5 534 299 46 118
49 1 448 337 41 163
49 2 486 341 75 173
49 3 487 329 56 148
49 4 536 321 64 144
49 5 538 296 45 118
49 12 279 196 5 10
50 1 448 337 41 163
50 2 487 342 70 173
50 3 486 327 56 147
50 4 537 322 64 143
50 5 540 297 46 118
50 12 280 196 6 10
51 1 448 331 42 173
51 2 488 341 71 173
51 3 487 330 56 148
51 4 533 322 63 144
51 5 543 303 46 118
51 12 280 196 6 10
52 1 448 332 42 172
52 2 488 342 71 173
52 3 488 332 56 147
52 4 532 319 63 144
52 5 547 300 50 119
52 12 281 197 5 9
53 1 448 340 43 154
53 2 489 342 71 173
53 3 488 333 56 147
53 4 534 322 63 143
53 5 541 299 56 118
53 12 280 196 6 10
54 1 449 341 42 154
54 2 489 344 71 173
54 3 487 331 56 147
54 4 533 322 63 144
54 5 544 301 57 118
54 12 281 194 6 10
55 1 449 341 43 154
55 2 490 344 71 173
55 3 489 331 56 147
55 4 536 317 55 144
55 5 546 299 57 118
55 12 277 197 7 9
56 1 449 341 42 154
56 2 490 344 71 173
56 3 489 334 56 147
56 4 531 319 63 144
56 5 547 300 57 118
56 12 276 196 8 11
57 1 449 341 42 154
57 2 491 343 71 173
57 3 486 335 56 147
57 4 526 318 69 144
57 5 548 302 57 118
57 12 276 196 7 11
58 1 449 341 43 154
58 2 491 343 71 173
58 3 486 334 56 147
58 4 521 317 69 144
58 5 548 300 57 118
59 1 449 341 43 154
59 2 491 343 71 173
59 3 488 331 56 147
59 4 520 318 69 144
59 5 557 300 48 118
60 1 450 341 42 154
60 2 492 343 71 173
60 3 491 331 57 148
60 4 518 318 68 144
60 5 556 298 49 118
61 1 450 340 42 154
61 2 492 343 71 173
61 3 493 333 56 147
61 4 518 319 68 143
61 5 562 299 45 118
62 1 450 341 42 154
62 2 492 344 71 173
62 3 493 330 56 148
62 4 516 319 69 144
62 5 560 302 51 119
63 1 450 341 42 154
63 2 493 344 71 173
63 3 495 330 56 147
63 4 513 319 69 143
63 5 567 302 44 118
64 1 450 341 42 154
64 2 493 345 71 173
64 3 495 332 56 148
64 4 524 318 56 144
64 5 571 302 48 114
65 1 450 342 42 154
65 2 493 344 71 174
65 3 492 334 57 147
65 4 519 319 63 144
65 5 569 302 54 115
66 1 450 342 42 154
66 2 493 345 71 173
66 3 497 332 56 147
66 4 517 319 64 144
66 5 574 305 51 120
67 1 450 342 42 154
67 2 493 345 71 173
67 3 497 332 56 147
67 4 524 320 54 143
67 5 576 305 52 120
68 1 450 341 42 154
68 2 493 345 71 173
68 3 498 331 56 147
68 4 518 320 60 143
68 5 575 304 61 126
69 1 450 341 42 154
69 2 494 345 71 173
69 3 498 328 58 154
69 4 511 320 67 143
69 5 575 308 60 126
70 1 450 342 43 154
70 2 494 346 71 174
70 3 498 332 56 148
70 4 519 320 56 143
70 5 577 309 61 126
71 1 451 342 42 154
71 2 493 345 71 174
71 3 500 331 56 148
71 4 515 318 58 143
71 5 578 309 61 126
72 1 451 343 43 154
72 2 493 346 71 173
72 3 501 332 56 147
72 4 514 319 61 143
72 5 582 310 61 126
73 1 451 344 43 153
73 2 493 347 71 173
73 3 500 328 59 155
73 4 509 320 64 143
73 5 585 311 60 125
74 1 452 344 42 153
74 2 493 348 71 173
74 3 500 329 54 155
74 4 508 319 64 143
74 5 586 312 61 125
75 1 452 344 42 153
75 2 492 348 71 173
75 3 502 331 54 153
75 4 507 319 64 143
75 5 588 312 61 126
76 1 453 342 42 154
76 2 492 348 71 174
76 3 502 332 54 152
76 4 504 319 64 143
76 5 591 306 61 126
77 1 454 342 42 154
77 2 490 342 71 173
77 3 501 334 54 152
77 4 503 319 63 143
77 5 599 311 44 118
78 1 454 342 42 154
78 2 490 345 71 173
78 3 499 332 57 158
78 4 507 319 56 143
78 5 601 312 44 118
79 1 455 342 44 154
79 2 489 344 71 173
79 3 499 334 57 152
79 4 505 320 57 143
79 5 603 304 48 126
80 1 454 341 45 154
80 2 488 344 71 174
80 3 498 336 57 153
80 4 506 320 51 143
80 5 607 309 48 125
81 1 455 341 48 154
81 2 488 344 71 174
81 3 497 336 57 153
81 4 507 321 54 143
81 5 609 314 48 126
82 1 455 341 47 154
82 2 488 345 71 173
82 3 506 336 48 153
82 4 501 320 54 143
82 5 614 310 48 126
83 1 456 342 47 154
83 2 487 344 71 174
83 3 505 334 48 153
83 4 499 320 54 143
84 1 456 342 48 154
84 2 487 345 70 173
84 3 504 332 48 153
84 4 509 319 43 143
85 1 457 341 47 154
85 2 486 344 70 174
85 3 501 336 48 153
85 4 508 321 43 143
86 1 457 340 48 154
86 2 485 345 70 173
86 3 503 333 48 153
86 4 506 324 43 143
87 1 458 342 47 154
87 2 484 345 71 174
87 3 503 333 48 153
87 4 504 320 48 145
88 1 459 341 48 154
88 2 484 345 71 173
88 3 503 335 48 153
88 4 500 321 49 145
89 1 459 341 48 154
89 2 488 345 67 174
89 3 499 337 48 153
89 4 499 321 49 141
90 1 462 342 45 154
90 2 486 346 67 173
90 3 501 337 48 153
90 4 498 320 49 140
91 1 465 343 45 154
91 2 486 345 67 173
91 3 501 335 48 153
91 4 501 322 49 140
92 1 466 342 45 154
92 2 486 345 66 174
92 3 502 335 48 153
92 4 500 322 49 140
93 1 467 343 45 154
93 2 486 345 66 173
93 3 500 336 48 153
93 4 497 322 51 140
94 1 466 343 46 154
94 2 486 345 67 174
94 3 499 336 47 153
94 4 498 322 51 140
95 1 469 344 45 154
95 2 486 345 66 173
95 3 498 336 48 153
95 4 496 322 51 140
96 1 465 345 51 154
96 2 486 345 67 173
96 3 498 336 48 153
96 4 496 324 52 140
97 1 461 342 51 154
97 2 486 344 67 174
97 3 499 328 47 153
97 4 495 322 52 140
98 1 465 347 49 148
98 2 491 343 64 173
98 3 503 337 46 145
98 4 495 324 51 140
99 1 468 348 47 144
99 2 489 343 64 173
99 3 503 336 46 154
99 4 495 321 52 142
100 1 466 350 47 143
100 2 489 342 66 177
100 3 501 337 46 155
100 4 496 322 47 142
101 1 470 351 47 144
101 2 488 341 65 177
101 3 502 337 45 154
101 4 495 323 46 143
102 1 471 352 47 144
102 2 491 345 69 178
102 3 502 337 46 154
102 4 495 322 46 143
103 1 471 351 47 144
103 2 487 343 72 178
103 3 502 336 45 155
103 4 492 322 47 143
104 1 470 351 49 144
104 2 490 343 71 179
104 3 502 337 46 155
104 4 491 321 40 143
105 1 469 350 54 139
105 2 494 344 67 179
105 3 503 337 46 155
105 4 490 322 41 143
106 1 468 351 54 140
106 2 495 343 66 178
106 3 504 337 46 154
106 4 487 321 41 143
107 1 467 352 54 139
107 2 495 347 66 173
107 3 504 337 46 155
107 4 472 321 56 143
108 1 472 349 50 145
108 2 496 347 66 173
108 3 505 338 46 155
108 4 464 322 57 142
109 1 471 351 52 143
109 2 496 346 66 173
109 3 505 338 46 155
109 4 459 323 60 142
110 1 474 353 52 143
110 2 497 346 66 173
110 3 506 338 46 155
110 4 457 323 63 142
111 1 472 352 51 143
111 2 497 347 66 173
111 3 506 338 46 155
111 4 454 323 66 143
112 1 474 353 51 143
112 2 497 347 66 173
112 3 506 338 46 155
112 4 452 322 70 142
113 1 473 350 51 142
113 2 498 348 66 173
113 3 506 339 46 154
113 4 454 324 71 142
114 1 472 348 51 143
114 2 497 348 66 173
114 3 507 338 45 155
114 4 451 322 75 143
115 1 472 350 51 143
115 2 499 348 66 173
115 3 507 338 45 155
115 4 451 323 74 143
116 1 475 351 51 142
116 2 499 348 66 173
116 3 507 338 46 155
116 4 452 321 75 146
117 1 473 352 52 142
117 2 499 348 66 173
117 3 507 338 46 155
117 4 451 322 71 142
118 1 473 351 52 142
118 2 500 349 66 173
118 3 508 338 45 155
118 4 451 321 67 142
119 1 473 352 51 142
119 2 499 349 66 173
119 3 508 339 45 154
119 4 451 321 67 145
120 1 470 349 51 143
120 2 497 349 66 173
120 3 508 338 46 155
120 4 452 323 67 145
121 1 471 352 52 143
121 2 497 350 66 173
121 3 508 339 46 154
121 4 452 319 61 145
122 1 470 349 56 143
122 2 501 350 62 173
122 3 508 339 45 154
122 4 451 319 56 145
123 1 469 348 56 143
123 2 500 350 68 173
123 3 508 338 46 155
123 4 450 319 52 145
124 1 471 351 57 142
124 2 497 350 68 173
124 3 508 338 45 155
124 4 452 319 48 145
125 1 471 349 56 143
125 2 495 350 69 173
125 3 509 342 43 147
125 4 452 320 48 141
126 1 470 349 58 144
126 2 501 350 66 173
126 3 508 342 44 148
126 4 448 321 42 145
127 1 471 348 58 144
127 2 498 349 66 173
127 3 509 342 43 148
127 4 447 321 41 146
128 1 471 349 58 144
128 2 500 350 62 173
128 3 508 342 44 148
128 4 445 323 41 146
129 1 471 350 58 143
129 2 501 348 62 173
129 3 508 342 44 148
129 4 444 320 44 145
130 1 472 350 58 143
130 2 498 348 63 173
130 3 508 344 44 147
130 4 440 320 47 145
131 1 474 351 58 144
131 2 501 348 59 173
131 3 508 345 43 147
131 4 438 324 48 146
132 1 475 352 57 144
132 2 499 348 59 173
132 3 508 345 43 147
132 4 436 323 48 145
133 1 469 351 57 143
133 2 498 348 59 173
133 3 507 340 44 152
133 4 438 324 46 146
134 1 471 350 58 144
134 2 498 349 59 173
134 3 508 336 44 152
134 4 438 325 45 145
135 1 470 351 58 143
135 2 497 349 59 173
135 3 507 340 44 152
135 4 438 323 44 148
136 1 470 351 54 143
136 2 498 349 58 173
136 3 507 341 43 152
136 4 437 324 44 148
137 1 470 350 54 144
137 2 497 348 58 173
137 3 507 341 43 152
137 4 437 324 44 148
138 1 469 350 54 144
138 2 497 349 58 173
138 3 506 341 44 152
138 4 435 325 44 147
139 1 468 350 54 143
139 2 497 349 59 173
139 3 505 338 46 160
139 4 437 323 43 155
140 1 468 350 54 144
140 2 497 349 58 173
140 3 505 338 46 160
140 4 434 322 43 155
141 1 468 350 54 143
141 2 497 349 58 173
141 3 505 338 46 159
141 4 433 321 44 155
142 1 467 350 54 143
142 2 496 349 59 173
142 3 506 339 45 159
142 4 434 326 44 151
143 1 467 350 54 144
143 2 497 349 58 173
143 3 506 339 45 159
143 4 430 324 44 150
144 1 473 350 48 143
144 2 496 350 59 173
144 3 506 339 45 159
144 4 432 327 43 150
145 1 471 349 48 144
145 2 497 351 58 173
145 3 503 335 49 168
145 4 430 326 44 151
146 1 471 349 48 144
146 2 497 350 58 173
146 3 504 335 48 168
146 4 428 326 44 150
147 1 470 350 48 144
147 2 497 350 58 173
147 3 503 336 49 167
147 4 425 327 47 150
148 1 470 350 48 143
148 2 496 350 59 173
148 3 503 335 49 168
148 4 424 328 48 151
149 1 471 350 48 143
149 2 496 350 59 173
149 3 503 336 49 157
149 4 422 329 50 148
150 1 470 349 48 144
150 2 497 351 58 173
150 3 504 341 48 157
150 4 419 327 54 147
151 1 470 350 48 144
151 2 496 350 59 173
151 3 504 337 49 157
151 4 415 328 59 148
152 1 470 351 48 144
152 2 497 350 58 173
152 3 504 340 48 158
152 4 412 328 62 148
153 1 470 349 48 144
153 2 497 351 58 173
153 3 504 341 48 157
153 4 409 327 63 148
154 1 470 350 48 143
154 2 497 351 59 173
154 3 504 341 48 157
154 4 409 329 63 148
155 1 469 350 48 144
155 2 498 351 58 173
155 3 504 341 48 158
155 4 405 329 68 148
156 1 470 348 48 143
156 2 498 352 59 172
156 3 504 341 49 157
156 4 404 328 68 148
157 1 470 351 48 144
157 2 498 352 59 173
157 3 504 341 49 157
157 4 403 328 67 148
158 1 469 351 48 144
158 2 498 352 58 172
158 3 504 341 49 158
158 4 402 330 68 148
159 1 470 348 48 148
159 2 498 352 58 172
159 3 504 342 48 157
159 4 404 332 68 148
160 1 469 349 48 148
160 2 498 352 58 173
160 3 504 342 48 157
160 4 402 331 67 148
161 1 468 347 49 148
161 2 497 347 62 181
161 3 505 341 48 158
161 4 404 333 68 150
162 1 467 346 49 147
162 2 498 353 59 172
162 3 505 342 48 158
162 4 405 335 65 150
163 1 467 345 49 148
163 2 503 351 54 173
163 3 505 336 48 157
163 4 405 332 62 158
164 1 467 346 49 147
164 2 501 352 54 173
164 3 505 342 49 157
164 4 403 333 62 158
165 1 467 347 49 148
165 2 501 352 54 173
165 3 508 333 48 158
165 4 403 333 62 158
166 1 467 347 48 148
166 2 501 353 54 172
166 3 505 339 49 157
166 4 404 334 62 158
167 1 467 347 49 148
167 2 502 353 54 172
167 3 505 338 48 157
167 4 402 331 64 166
168 1 467 348 49 147
168 2 502 353 54 172
168 3 510 334 49 157
168 4 401 331 65 161
169 1 467 347 49 148
169 2 502 352 54 173
169 3 507 338 48 157
169 4 401 334 60 161
170 1 467 347 48 148
170 2 502 352 54 173
170 3 507 337 48 157
170 4 400 328 60 162
171 1 466 344 52 155
171 2 502 353 54 172
171 3 507 337 48 157
171 4 401 329 60 161
172 1 466 344 51 155
172 2 503 353 54 172
172 3 508 337 48 152
172 4 401 330 60 161
173 1 466 348 48 152
173 2 503 353 54 172
173 3 510 334 49 152
173 4 400 330 60 161
174 1 466 348 48 152
174 2 502 353 54 172
174 3 508 337 48 152
174 4 400 330 60 161
175 1 466 348 48 152
175 2 502 353 54 173
175 3 507 334 51 159
175 4 400 330 60 161
176 1 466 348 48 152
176 2 503 353 54 173
176 3 507 334 50 159
176 4 400 333 60 158
177 1 469 348 45 151
177 2 503 353 54 172
177 3 507 335 51 159
177 4 400 334 60 158
178 1 469 349 45 151
178 2 503 353 54 173
178 3 509 337 48 152
178 4 400 333 60 162
179 1 469 350 45 151
179 2 504 353 54 172
179 3 509 338 48 152
179 4 400 334 60 162
180 1 470 349 45 151
180 2 503 353 54 172
180 3 508 338 48 152
180 4 400 335 60 162
181 1 469 350 45 151
181 2 504 352 54 173
181 3 509 338 48 152
181 4 401 334 60 162
182 1 469 350 45 151
182 2 504 352 54 173
182 3 509 338 48 152
182 4 401 334 60 165
183 1 470 349 45 151
183 2 503 353 54 172
183 3 509 339 48 152
183 4 401 334 60 166
184 1 469 350 45 151
184 2 503 353 54 173
184 3 512 340 49 152
184 4 402 335 60 165
185 1 469 346 47 158
185 2 504 353 55 172
185 3 510 344 48 152
185 4 402 336 60 165
186 1 472 352 41 148
186 2 500 353 54 172
186 3 518 342 48 152
186 4 403 335 60 166
187 1 473 354 41 147
187 2 505 351 55 173
187 3 511 345 48 151
187 4 404 335 61 166
187 13 293 197 5 10
188 1 474 353 41 148
188 2 502 350 54 173
188 3 521 344 48 152
188 4 404 336 60 169
188 13 291 196 7 12
189 1 473 354 41 147
189 2 501 350 54 173
189 3 520 343 48 152
189 4 405 337 61 168
189 13 292 197 7 11
190 1 474 352 41 148
190 2 500 351 54 173
190 3 512 345 48 152
190 4 407 338 60 168
190 13 291 195 8 15
191 1 474 354 41 148
191 2 499 352 54 173
191 3 518 343 49 152
191 4 409 337 60 169
191 13 291 196 7 13
192 1 475 354 40 146
192 2 503 354 54 173
192 3 518 345 49 152
192 4 410 338 60 168
192 13 291 196 7 14
193 1 475 353 39 146
193 2 500 354 54 172
193 3 521 344 48 152
193 4 411 337 60 169
193 13 292 196 7 13
194 1 475 354 40 146
194 2 501 354 54 172
194 3 513 346 49 152
194 4 412 339 60 168
194 13 291 196 7 13
195 1 476 353 39 146
195 2 500 353 54 173
195 3 517 344 48 152
195 4 413 339 60 168
195 13 290 196 7 13
196 1 476 354 39 146
196 2 500 351 54 173
196 3 518 342 49 152
196 4 413 339 60 168
196 13 290 196 8 13
197 1 476 355 40 146
197 2 500 349 54 173
197 3 513 342 53 152
197 4 415 341 60 168
197 13 290 196 8 14
198 1 477 353 40 146
198 2 499 350 54 173
198 3 515 344 53 152
198 4 415 341 59 168
198 13 290 196 8 13
199 1 477 351 40 146
199 2 500 351 54 173
199 3 520 342 52 152
199 4 417 341 59 168
200 1 477 352 39 147
200 2 501 351 54 173
200 3 512 341 52 152
200 4 418 342 59 168
201 1 477 351 39 147
201 2 500 349 54 173
201 3 522 342 42 152
201 4 418 343 60 168
202 1 477 354 40 147
202 2 499 350 54 173
202 3 524 343 42 152
202 4 419 343 60 172
203 1 477 354 40 146
203 2 502 349 54 173
203 3 522 344 42 152
203 4 421 347 59 171
204 1 477 354 40 146
204 2 499 348 54 173
204 3 522 345 42 153
204 4 422 348 59 171
205 1 478 355 40 146
205 2 499 350 54 173
205 3 521 345 42 152
205 4 422 343 56 174
206 1 479 352 40 146
206 2 499 350 54 173
206 3 522 344 42 152
206 4 424 346 56 174
207 1 479 351 40 146
207 2 500 349 54 173
207 3 520 341 45 152
207 4 426 347 56 174
208 1 479 352 40 146
208 2 500 353 54 173
208 3 522 341 46 152
208 4 423 349 60 174
209 1 479 350 40 147
209 2 501 351 54 173
209 3 521 340 45 152
209 4 421 349 59 173
210 1 479 350 40 147
210 2 500 349 54 173
210 3 516 341 56 152
210 4 422 349 60 174
211 1 479 350 40 146
211 2 499 349 54 173
211 3 510 341 55 152
211 4 425 347 59 179
212 1 479 351 40 146
212 2 499 350 54 173
212 3 510 341 55 152
212 4 428 351 59 178
213 1 480 350 40 147
213 2 500 350 54 173
213 3 510 341 55 152
213 4 429 351 59 178
214 1 480 351 40 146
214 2 499 350 54 173
214 3 510 341 55 152
214 4 429 351 60 178
215 1 481 350 40 148
215 2 499 350 54 173
215 3 510 341 55 152
215 4 430 351 60 178
216 1 481 350 40 148
216 2 500 349 54 173
216 3 509 341 55 152
216 4 431 350 60 179
217 1 479 349 43 148
217 2 500 350 54 173
217 3 510 341 55 152
217 4 432 351 60 178
218 1 480 349 43 148
218 2 500 350 54 173
218 3 509 341 55 152
218 4 433 350 60 179
219 1 479 350 43 148
219 2 500 350 54 173
219 3 509 341 55 152
219 4 434 351 59 178
220 1 480 350 43 148
220 2 500 350 54 173
220 3 517 341 48 152
220 4 435 350 59 179
221 1 481 350 43 148
221 2 500 349 54 173
221 3 515 341 47 152
221 4 437 351 59 178
222 1 482 350 43 148
222 2 500 350 54 173
222 3 521 341 47 152
222 4 438 354 56 170
223 1 483 350 43 148
223 2 501 349 54 173
223 3 522 341 48 152
223 4 439 354 56 170
224 1 483 351 43 148
224 2 499 349 54 173
224 3 522 342 48 152
224 4 441 354 55 172
225 1 487 350 43 148
225 2 499 351 54 173
225 3 518 341 52 152
225 4 446 357 55 172
226 1 491 351 39 148
226 2 500 351 54 171
226 3 525 341 46 152
226 4 448 357 56 172
227 1 489 349 39 148
227 2 499 349 54 171
227 3 521 341 51 152
227 4 450 357 55 172
228 1 491 351 39 148
228 2 500 350 54 171
228 3 524 340 49 152
228 4 451 357 56 172
229 1 490 350 39 148
229 2 498 349 54 171
229 3 523 341 49 152
229 4 450 357 60 172
230 1 491 352 39 148
230 2 500 349 54 171
230 3 520 341 49 152
230 4 448 355 60 172
231 1 488 352 41 148
231 2 502 350 53 171
231 3 519 342 50 152
231 4 450 356 60 172
232 1 487 349 43 148
232 2 501 349 52 171
232 3 518 341 49 152
232 4 449 354 60 172
233 1 489 351 41 148
233 2 501 349 52 171
233 3 523 342 44 152
233 4 453 355 60 172
234 1 489 351 43 148
234 2 501 350 55 171
234 3 523 340 44 152
234 4 455 354 57 172
235 1 492 353 43 148
235 2 500 349 57 171
235 3 524 341 45 152
235 4 457 354 58 172
236 1 490 352 43 148
236 2 501 350 58 171
236 3 526 340 45 152
236 4 463 357 50 172
237 1 489 353 43 148
237 2 501 350 58 171
237 3 523 339 45 152
237 4 468 357 45 172
238 1 490 353 43 148
238 2 501 349 57 171
238 3 523 339 44 152
238 4 470 358 45 172
239 1 495 352 43 148
239 2 501 348 58 171
239 3 523 340 44 152
239 4 475 357 45 172
240 1 493 352 43 148
240 2 502 349 57 171
240 3 522 339 45 152
240 4 474 358 46 172
241 1 494 352 43 148
241 2 501 349 57 171
241 3 522 339 45 152
241 4 474 359 50 172
242 1 495 353 43 148
242 2 500 348 57 171
242 3 522 340 44 152
242 4 474 357 56 172
243 1 493 352 43 148
243 2 502 347 57 171
243 3 522 340 44 152
243 4 475 357 61 172
244 1 491 353 43 148
244 2 503 348 57 171
244 3 522 339 45 152
244 4 476 358 66 172
245 1 491 354 43 148
245 2 502 348 57 171
245 3 527 340 39 152
245 4 474 358 69 172
246 1 491 354 43 148
246 2 501 348 59 171
246 3 525 340 39 152
246 4 476 358 69 172
247 1 489 347 46 148
247 2 501 349 58 171
247 3 529 339 39 152
247 4 478 359 69 172
248 1 487 353 52 148
248 2 500 349 60 170
248 3 528 339 39 152
248 4 476 367 77 162
249 1 486 349 51 148
249 2 502 349 58 171
249 3 528 339 39 152
249 4 475 365 73 162
250 1 486 351 51 148
250 2 501 349 59 171
250 3 528 339 39 152
250 4 476 365 73 163
251 1 487 352 51 148
251 2 502 347 58 171
251 3 529 339 40 152
251 4 478 364 73 169
252 1 487 350 52 148
252 2 502 347 58 171
252 3 530 339 40 152
252 4 482 360 65 169
253 1 487 353 52 148
253 2 504 351 56 162
253 3 530 339 39 152
253 4 484 364 66 169
254 1 487 349 51 148
254 2 504 351 56 162
254 3 530 339 39 152
254 4 487 364 66 169
255 1 488 350 51 148
255 2 501 350 63 168
255 3 530 339 40 152
255 4 491 361 63 169
256 1 487 350 52 148
256 2 501 350 60 169
256 3 531 339 39 152
256 4 498 363 58 169
257 1 488 350 52 148
257 2 501 351 60 169
257 3 533 342 37 149
257 4 501 362 58 169
258 1 486 352 51 148
258 2 501 351 60 168
258 3 533 336 37 149
258 4 502 362 58 178
259 1 487 351 52 148
259 2 501 348 60 168
259 3 532 340 37 149
259 4 502 362 58 178
260 1 487 352 52 148
260 2 502 351 60 168
260 3 533 341 37 149
260 4 512 361 49 179
261 1 488 350 51 148
261 2 502 348 61 168
261 3 530 341 37 149
261 4 512 361 49 179
261 13 278 196 6 13
262 1 488 352 52 148
262 2 503 348 61 168
262 3 529 340 37 149
262 4 512 361 49 179
262 13 277 195 7 13
263 1 487 353 51 145
263 2 503 348 61 168
263 3 529 340 37 149
263 4 513 361 49 179
263 13 278 195 6 13
264 1 486 353 51 145
264 2 500 348 65 168
264 3 527 337 39 157
264 4 513 361 49 179
264 13 278 196 6 11
265 1 485 353 51 145
265 2 502 347 64 168
265 3 527 340 39 156
265 4 514 360 49 179
265 13 277 196 7 11
266 1 487 352 52 145
266 2 503 347 64 172
266 3 528 339 39 156
266 4 515 359 49 179
266 13 276 196 7 13
267 1 487 351 52 145
267 2 503 347 65 172
267 3 527 340 39 156
267 4 515 356 51 187
267 13 277 194 6 14
268 1 486 353 51 145
268 2 505 348 65 172
268 3 527 344 39 156
268 4 519 356 52 188
268 13 277 195 6 13
269 1 487 352 52 145
269 2 501 350 70 172
269 3 526 343 39 157
269 4 520 357 52 188
269 13 276 196 7 12
270 1 488 352 51 145
270 2 502 353 70 171
270 3 525 342 41 156
270 4 520 357 52 188
270 13 276 195 7 12
271 1 485 352 51 145
271 2 504 353 70 171
271 3 528 339 42 156
271 4 521 357 56 188
271 13 276 195 6 12
272 1 482 351 54 145
272 2 505 353 61 172
272 3 527 344 42 157
272 4 521 357 59 188
272 13 276 194 6 14
273 1 484 352 54 145
273 2 508 355 65 167
273 3 526 340 44 164
273 4 523 357 57 188
273 13 277 195 6 13
274 1 484 352 54 145
274 2 511 356 59 165
274 3 527 340 44 164
274 4 523 357 61 188
274 13 276 194 7 14
275 1 483 352 54 145
275 2 510 357 61 165
275 3 528 339 44 164
275 4 523 358 61 188
275 13 276 194 7 14
276 1 483 353 54 145
276 2 513 357 61 165
276 3 528 339 44 164
276 4 524 358 60 188
276 13 277 194 6 13
277 1 483 352 54 145
277 2 516 359 60 165
277 3 528 340 44 164
277 4 524 357 60 188
278 1 483 353 54 145
278 2 517 359 58 165
278 3 529 339 44 164
278 4 524 357 61 188
279 1 481 352 54 145
279 2 519 359 53 162
279 3 530 338 44 164
279 4 525 357 61 188
280 1 482 353 54 145
280 2 524 355 53 163
280 3 531 338 44 164
280 4 526 360 61 185
281 1 488 352 49 149
281 2 525 355 53 166
281 3 531 339 44 164
281 4 526 359 67 186
282 1 488 351 49 149
282 2 524 352 50 167
282 3 532 338 43 164
282 4 526 359 68 186
283 1 487 350 48 150
283 2 515 353 50 167
283 3 533 338 43 164
283 4 526 359 68 185
284 1 488 348 48 150
284 2 516 350 58 173
284 3 534 337 43 165
284 4 527 360 68 183
285 1 488 351 48 149
285 2 517 359 57 161
285 3 535 338 44 164
285 4 527 360 68 183
285 6 606 287 65 93
286 1 488 351 49 149
286 2 515 359 57 160
286 3 528 333 44 164
286 4 527 360 68 183
286 6 602 289 65 93
287 1 487 350 49 149
287 2 517 359 61 160
287 3 528 336 44 156
287 4 528 365 68 179
287 6 586 289 65 92
288 1 488 351 48 149
288 2 519 357 66 165
288 3 527 338 44 155
288 4 528 365 68 179
288 6 577 288 61 90
289 1 488 350 49 150
289 2 518 355 73 165
289 3 530 340 44 155
289 4 528 364 68 179
289 6 569 286 61 90
290 1 487 351 50 149
290 2 521 357 73 164
290 3 530 339 44 155
290 4 535 364 64 179
290 6 562 286 61 90
291 1 487 351 50 149
291 2 522 356 72 164
291 3 529 338 44 155
291 4 536 365 66 179
291 6 554 285 57 88
292 1 488 352 50 149
292 2 524 355 72 165
292 3 530 337 44 156
292 4 536 365 68 179
292 6 544 287 57 87
293 1 487 351 50 149
293 2 525 358 73 161
293 3 530 336 44 156
293 4 536 365 70 179
293 6 534 285 57 88
294 1 488 350 51 150
294 2 523 357 72 162
294 3 528 333 44 155
294 4 537 365 71 179
294 6 525 282 57 88
295 1 488 352 50 149
295 2 530 358 69 161
295 3 530 336 44 156
295 4 538 367 71 139
295 6 516 282 57 88
296 1 488 350 51 149
296 2 528 359 72 162
296 3 529 337 44 155
296 4 541 365 70 144
296 6 514 282 52 79
297 1 488 351 52 150
297 2 529 358 70 164
297 3 531 342 44 155
297 4 543 365 70 144
297 6 506 280 52 75
298 1 487 351 51 150
298 2 530 358 71 164
298 3 530 337 47 156
298 4 541 365 73 143
298 6 498 276 52 75
299 1 487 352 51 149
299 2 529 358 74 165
299 3 528 340 48 155
299 4 544 363 72 144
299 6 497 278 44 71
300 1 489 352 51 149
300 2 532 356 75 165
300 3 529 336 47 156
300 4 545 362 72 144
300 6 488 274 45 71
301 1 488 352 52 149
301 2 526 355 80 165
301 3 529 336 48 155
301 4 546 364 72 144
301 6 481 273 45 71
302 1 489 350 51 149
302 2 527 355 80 165
302 3 531 335 48 155
302 4 547 363 72 143
302 6 474 271 44 72
303 1 490 350 51 150
303 2 528 354 80 165
303 3 532 335 47 156
303 4 548 362 73 143
303 6 466 269 45 71
304 1 490 351 51 151
304 2 533 356 80 165
304 3 530 335 50 156
304 4 551 365 69 146
304 6 464 268 45 71
305 1 490 352 51 150
305 2 535 355 80 165
305 3 529 337 51 155
305 4 552 366 69 144
305 6 454 267 45 71
306 1 491 349 50 155
306 2 536 355 80 165
306 3 530 339 51 155
306 4 552 364 68 144
306 6 448 266 46 72
307 1 491 351 50 154
307 2 538 353 80 165
307 3 531 336 50 163
307 4 554 367 68 144
307 6 440 266 45 72
308 1 491 351 50 149
308 2 544 354 74 165
308 3 532 332 50 162
308 4 553 367 67 144
308 6 434 267 46 65
309 1 490 352 50 149
309 2 546 356 73 165
309 3 534 334 50 163
309 4 552 367 73 144
309 6 430 269 46 65
310 1 490 352 50 149
310 2 547 355 71 165
310 3 535 333 50 162
310 4 553 366 72 144
310 6 425 268 45 65
311 1 491 352 50 149
311 2 549 356 70 165
311 3 537 335 48 161
311 4 553 366 72 144
311 6 421 268 45 65
312 1 491 352 50 149
312 2 547 355 77 170
312 3 539 337 47 161
312 4 552 365 71 144
312 6 414 267 46 65
313 1 490 350 50 149
313 2 550 357 76 169
313 3 541 338 48 161
313 4 553 365 72 144
313 6 409 266 46 65
314 1 491 349 52 150
314 2 550 355 73 174
314 3 537 335 52 161
314 4 551 363 71 144
314 6 405 265 41 59
315 1 490 351 50 149
315 2 551 355 68 175
315 3 538 337 52 161
315 4 551 365 71 144
315 6 399 263 40 59
316 1 490 350 50 149
316 2 563 354 71 175
316 3 538 334 51 161
316 4 549 369 72 144
316 6 392 262 41 59
317 1 491 351 50 149
317 2 561 355 72 174
317 3 539 339 51 157
317 4 554 369 67 145
317 6 389 261 41 59
318 1 490 350 50 149
318 2 554 354 81 175
318 3 540 339 51 157
318 4 555 363 67 144
318 6 384 259 41 59
319 1 490 349 50 150
319 2 553 355 81 174
319 3 540 338 51 157
319 4 554 364 68 144
319 6 382 260 39 56
320 1 490 349 50 150
320 2 556 355 80 175
320 3 542 338 51 157
320 4 555 367 67 144
320 6 377 259 39 56
321 1 491 349 50 149
321 2 561 356 81 175
321 3 543 339 51 157
321 4 555 367 69 144
321 6 372 258 39 57
322 1 491 350 50 149
322 2 559 355 81 175
322 3 543 341 51 158
322 4 555 364 70 144
322 6 368 258 39 56
323 1 490 349 50 150
323 2 560 354 81 174
323 3 544 343 51 157
323 4 555 365 70 144
323 6 363 257 39 57
324 1 490 350 50 149
324 2 572 355 71 175
324 3 545 341 51 158
324 4 556 366 69 144
324 6 360 257 39 57
325 1 490 351 50 149
325 2 566 354 78 175
325 3 546 343 50 157
325 4 556 368 70 144
325 6 356 254 39 57
326 1 490 351 50 149
326 2 575 355 78 175
326 3 544 342 51 157
326 4 557 367 73 144
326 6 350 254 40 57
327 1 491 350 50 149
327 2 569 356 77 175
327 3 545 343 51 157
327 4 557 368 76 145
327 6 348 257 39 56
328 1 491 351 50 149
328 2 566 354 77 175
328 3 546 341 51 157
328 4 557 368 79 150
328 6 344 257 40 56
329 1 491 351 50 149
329 2 567 355 77 175
329 3 546 341 57 157
329 4 554 368 83 154
329 6 341 257 35 51
330 1 491 351 50 149
330 2 559 354 86 175
330 3 547 343 57 157
330 4 557 367 83 154
330 6 340 257 34 51
331 1 491 351 50 149
331 2 564 355 87 175
331 3 551 345 57 158
331 4 557 367 83 153
331 6 337 258 34 51
332 1 491 352 50 149
332 2 560 356 87 175
332 3 553 350 57 158
332 4 555 366 87 153
332 6 330 253 34 51
333 1 491 352 48 149
333 2 570 356 72 175
333 3 553 345 57 158
333 4 553 367 89 154
333 6 328 251 34 50
334 1 491 352 50 149
334 2 571 355 72 175
334 3 552 345 57 157
334 4 557 368 86 153
334 6 325 251 34 50
335 1 491 353 50 149
335 2 571 355 72 175
335 3 559 346 57 158
335 4 556 367 87 153
335 6 319 251 34 50
336 1 492 353 50 149
336 2 571 356 72 175
336 3 561 347 57 157
336 4 557 364 87 153
336 6 315 251 34 51
337 1 492 351 50 149
337 2 567 354 72 175
337 3 556 346 62 158
337 4 556 364 86 153
337 6 313 251 34 51
338 1 492 352 50 151
338 2 569 356 72 175
338 3 556 349 62 158
338 4 554 366 87 152
339 1 492 352 50 151
339 2 566 354 72 175
339 3 556 347 62 158
339 4 553 365 86 152
340 1 493 353 50 151
340 2 565 356 72 175
340 3 558 343 62 157
340 4 555 366 84 151
341 1 493 352 50 151
341 2 565 356 72 175
341 3 558 343 62 158
341 4 554 365 84 152
342 1 493 353 50 151
342 2 561 355 72 174
342 3 560 344 62 157
342 4 559 365 77 152
343 1 495 353 50 151
343 2 561 355 72 174
343 3 555 344 62 158
343 4 558 365 77 151
344 1 495 353 50 151
344 2 561 354 72 175
344 3 557 337 62 158
344 4 558 364 75 151
345 1 496 354 50 151
345 2 561 354 72 175
345 3 555 343 62 158
345 4 559 363 75 152
345 6 295 248 25 35
346 1 497 354 50 151
346 2 560 355 73 174
346 3 556 338 62 157
346 4 559 362 75 152
346 6 296 248 25 35
346 9 89 216 13 25
347 1 498 356 49 151
347 2 568 355 65 174
347 3 557 341 62 158
347 4 559 366 75 148
347 6 294 247 25 35
347 9 90 217 13 26
348 1 499 356 50 151
348 2 564 355 65 174
348 3 559 341 62 158
348 4 559 364 75 147
348 6 292 245 25 35
348 9 89 217 13 26
349 1 500 358 50 151
349 2 564 354 65 175
349 3 558 342 62 158
349 4 559 363 75 147
349 6 282 249 25 35
349 9 90 217 13 26
350 1 501 357 50 152
350 2 564 354 65 174
350 3 555 341 62 158
350 4 559 362 75 148
350 6 283 245 25 39
350 9 90 217 13 26
351 1 502 354 53 155
351 2 565 353 64 175
351 3 559 341 61 158
351 4 559 363 75 147
351 6 277 245 25 38
351 9 91 218 12 25
352 1 501 354 57 154
352 2 564 352 65 175
352 3 557 341 62 158
352 4 559 361 75 148
352 6 276 243 25 38
352 9 91 218 12 25
353 1 501 353 59 153
353 2 564 354 65 174
353 3 557 340 62 158
353 4 559 361 75 148
353 6 277 242 25 38
353 9 90 218 13 26
354 1 502 353 56 153
354 2 564 354 65 174
354 3 557 341 62 158
354 4 559 360 75 148
354 6 272 239 25 45
354 9 91 218 12 26
355 1 502 354 60 151
355 2 564 352 64 179
355 3 554 341 61 158
355 4 558 364 75 144
355 6 273 239 25 44
355 9 91 215 11 28
356 1 499 356 60 150
356 2 563 350 65 179
356 3 556 340 62 158
356 4 559 360 75 153
356 6 267 238 25 44
356 9 91 216 11 27
357 1 502 355 60 149
357 2 562 350 65 179
357 3 555 341 62 158
357 4 558 365 75 145
357 6 267 237 25 44
357 9 92 215 11 28
358 1 503 355 60 150
358 2 562 350 65 179
358 3 554 340 62 158
358 4 558 364 75 142
358 6 267 237 25 44
358 9 91 216 11 27
359 1 504 356 60 149
359 2 562 350 64 179
359 3 555 339 62 158
359 4 557 360 75 142
359 6 266 237 25 44
359 9 92 216 11 27
360 1 506 354 60 150
360 2 562 350 64 179
360 3 556 339 62 158
360 4 559 360 73 154
360 6 261 235 25 45
360 9 92 217 11 27
361 1 510 354 55 152
361 2 561 350 65 179
361 3 557 339 62 158
361 4 558 358 73 154
361 6 261 234 25 44
361 9 91 215 12 29
362 1 511 356 54 152
362 2 561 350 64 179
362 3 553 338 61 158
362 4 557 358 73 154
362 6 260 234 25 44
362 9 92 214 11 29
363 1 513 353 55 158
363 2 561 350 64 179
363 3 556 338 62 157
363 4 560 360 73 147
363 6 255 240 25 44
363 9 93 215 11 29
364 1 515 355 55 158
364 2 560 351 65 178
364 3 555 337 62 158
364 4 558 359 74 150
364 6 255 238 25 45
364 9 92 213 12 29
365 1 516 355 55 158
365 2 560 351 65 178
365 3 554 338 61 157
365 4 556 358 74 150
365 6 253 238 24 45
365 9 92 213 12 31
366 1 515 355 55 158
366 2 559 351 68 178
366 3 553 340 58 158
366 4 556 358 74 151
366 6 250 237 25 44
366 9 92 214 12 30
367 1 515 356 55 158
367 2 558 351 68 178
367 3 551 341 58 158
367 4 555 359 74 150
367 6 249 237 25 44
367 9 92 214 12 30
368 1 516 355 55 158
368 2 558 351 68 178
368 3 553 335 58 158
368 4 555 359 74 151
368 6 248 236 25 44
368 9 92 213 11 30
369 1 515 354 55 158
369 2 557 350 68 179
369 3 551 337 58 158
369 4 555 358 74 151
369 6 248 237 25 44
369 9 93 214 11 30
370 1 516 354 55 158
370 2 557 350 68 179
370 3 551 339 58 158
370 4 555 358 74 151
370 6 246 235 24 44
370 9 92 214 12 30
371 1 516 354 55 158
371 2 557 351 68 178
371 3 552 335 58 158
371 4 555 359 74 150
371 6 245 233 25 44
371 9 93 214 11 29
372 1 516 353 55 159
372 2 557 350 68 179
372 3 552 339 54 158
372 4 555 358 74 151
372 6 241 230 25 44
372 9 92 214 11 30
373 1 516 357 55 158
373 2 557 351 68 178
373 3 552 341 54 158
373 4 554 359 74 150
373 6 240 233 24 44
373 9 92 215 11 29
374 1 515 356 55 158
374 2 557 350 68 179
374 3 551 339 54 158
374 4 555 359 74 150
374 6 240 233 21 40
374 9 92 214 12 31
375 1 516 356 55 158
375 2 557 351 68 178
375 3 549 340 54 158
375 4 555 359 74 150
375 6 238 231 22 42
375 9 92 214 12 31
376 1 516 356 55 158
376 2 557 350 68 179
376 3 552 343 54 157
376 4 554 358 74 151
376 6 238 233 20 38
376 9 92 214 12 31
377 1 516 355 55 158
377 2 557 350 68 179
377 3 549 339 54 155
377 4 554 359 74 150
377 6 236 231 20 42
377 9 92 215 12 31
378 1 515 356 55 158
378 2 556 351 71 178
378 3 550 340 54 155
378 4 555 359 74 151
378 6 233 231 24 44
378 9 92 213 12 31
379 1 516 355 55 158
379 2 555 351 71 178
379 3 552 340 54 155
379 4 554 359 74 150
379 6 233 230 23 44
379 9 93 215 12 30
380 1 516 355 55 158
380 2 555 350 71 179
380 3 552 340 54 155
380 4 554 359 74 150
380 6 232 231 23 44
380 9 93 215 13 30
381 1 515 353 55 159
381 2 555 350 71 179
381 3 555 343 54 155
381 4 553 358 74 151
381 6 230 231 24 44
381 9 93 215 12 30
382 1 515 354 55 158
382 2 554 350 71 179
382 3 551 345 54 155
382 4 553 359 74 151
382 6 229 229 25 44
382 9 93 215 13 30
383 1 519 355 51 156
383 2 555 350 71 179
383 3 553 339 55 155
383 4 553 361 74 150
383 6 227 230 25 44
383 9 94 215 12 30
384 1 520 356 51 156
384 2 554 351 71 178
384 3 553 340 54 155
384 4 553 361 74 150
384 6 226 229 20 41
384 9 92 213 12 30
385 1 520 354 51 157
385 2 553 351 71 178
385 3 552 341 54 155
385 4 552 362 74 150
385 6 225 230 20 42
385 9 93 214 12 30
386 1 520 356 51 156
386 2 555 350 70 179
386 3 553 339 54 155
386 4 552 363 74 150
386 6 224 230 19 42
386 9 92 214 12 29
387 1 521 355 51 156
387 2 553 350 70 179
387 3 553 339 55 155
387 4 551 364 74 150
387 6 223 227 19 41
387 9 93 214 12 29
388 1 520 355 51 156
388 2 556 351 70 178
388 3 552 340 54 155
388 4 550 362 74 154
388 6 222 229 19 41
388 9 93 214 13 29
389 1 521 354 51 157
389 2 555 352 70 178
389 3 554 339 54 155
389 4 549 360 74 159
389 6 221 230 20 41
389 9 92 214 12 29
390 1 521 354 51 157
390 2 556 352 70 179
390 3 553 340 54 155
390 4 548 360 75 162
390 6 219 229 20 41
390 9 92 215 12 29
391 1 520 355 51 156
391 2 554 350 70 179
391 3 552 340 54 155
391 4 548 362 72 162
391 6 219 229 19 41
391 9 91 215 12 28
392 1 521 354 51 156
392 2 558 351 70 178
392 3 551 339 54 155
392 4 552 364 67 162
392 6 217 227 19 42
392 9 92 216 11 27
393 1 520 354 51 156
393 2 558 351 70 179
393 3 556 340 54 155
393 4 551 360 67 167
393 6 215 228 19 41
393 9 92 216 12 27
394 1 520 354 51 156
394 2 556 350 70 179
394 3 555 340 55 155
394 4 547 362 68 166
394 6 216 228 19 41
394 9 93 215 11 26
395 1 520 355 51 156
395 2 553 351 70 178
395 3 555 339 54 155
395 4 544 362 68 166
395 6 215 226 19 38
395 9 93 215 11 28
396 1 521 356 51 156
396 2 554 351 70 178
396 3 555 339 54 155
396 4 545 363 69 166
396 6 213 226 19 37
396 9 93 216 11 28
397 1 521 355 51 156
397 2 555 350 70 178
397 3 553 339 55 155
397 4 541 361 68 166
397 6 211 226 20 37
397 9 93 216 11 28
398 1 520 355 51 156
398 2 557 351 70 179
398 3 553 339 54 155
398 4 538 359 68 167
398 6 211 225 19 37
398 9 93 215 11 28
399 1 520 356 51 156
399 2 554 352 70 178
399 3 553 339 55 155
399 4 537 360 68 167
399 6 210 224 20 37
399 9 93 216 12 27
400 1 520 355 51 156
400 2 556 352 70 178
400 3 552 335 57 163
400 4 537 361 68 166
400 6 208 222 19 37
400 9 94 215 12 28
401 1 520 354 51 156
401 2 556 350 70 178
401 3 551 339 57 161
401 4 536 362 68 166
401 6 210 221 19 37
401 9 93 215 12 29
402 1 522 352 52 156
402 2 559 350 70 179
402 3 552 340 57 159
402 4 535 362 69 166
402 6 210 221 19 37
402 9 93 213 13 31
403 1 520 352 52 157
403 2 557 351 70 179
403 3 552 341 57 159
403 4 533 362 69 166
403 6 205 220 20 37
403 9 93 213 13 31
404 1 518 352 52 156
404 2 557 349 70 178
404 3 553 341 57 159
404 4 532 361 69 167
404 6 204 220 20 37
404 9 94 214 13 30
405 1 520 352 52 157
405 2 557 351 70 178
405 3 553 340 57 159
405 4 531 361 68 167
405 6 205 220 20 37
405 9 96 216 10 27
406 1 520 352 52 156
406 2 556 350 70 179
406 3 553 341 57 159
406 4 530 363 69 166
406 6 205 219 19 37
406 9 96 215 10 27
407 1 519 352 52 157
407 2 554 350 70 178
407 3 554 341 57 159
407 4 528 361 69 166
407 6 203 219 19 38
407 9 96 215 10 27
408 1 519 353 52 157
408 2 555 351 70 178
408 3 554 340 57 159
408 4 529 360 68 167
408 6 201 220 19 35
408 9 96 215 10 27
409 1 519 353 52 156
409 2 552 352 70 178
409 3 553 340 57 159
409 4 522 360 73 167
409 6 201 220 19 35
409 9 96 216 10 27
410 1 519 354 52 157
410 2 553 351 70 175
410 3 554 340 57 159
410 4 522 360 75 166
410 6 201 220 19 35
410 9 96 216 10 27
411 1 519 353 52 157
411 2 553 350 70 175
411 3 555 344 57 158
411 4 522 360 74 166
411 6 199 219 19 35
411 9 97 216 9 28
412 1 520 352 52 157
412 2 557 352 65 175
412 3 557 344 57 159
412 4 522 361 74 167
412 6 198 218 19 34
412 9 96 216 10 29
413 1 520 353 52 156
413 2 556 353 65 174
413 3 557 344 57 158
413 4 521 360 74 166
413 6 196 222 20 30
413 9 96 215 10 29
414 1 522 354 51 156
414 2 558 354 61 175
414 3 558 344 58 159
414 4 521 361 74 167
414 6 194 222 19 30
414 9 97 215 10 29
415 1 520 353 52 157
415 2 558 354 61 174
415 3 557 340 60 167
415 4 521 360 75 166
415 6 192 222 19 31
415 9 96 215 10 29
416 1 521 354 52 156
416 2 559 353 61 174
416 3 560 344 60 147
416 4 522 360 74 167
416 6 193 222 19 31
416 9 96 215 10 29
417 1 520 352 52 157
417 2 559 354 61 174
417 3 561 345 59 146
417 4 523 361 74 167
417 6 192 222 19 30
417 9 97 215 10 28
418 1 521 352 52 157
418 2 565 353 55 175
418 3 561 345 60 146
418 4 522 360 74 166
418 6 191 222 19 30
418 9 97 216 10 27
419 1 520 353 52 156
419 2 565 353 55 175
419 3 562 345 60 146
419 4 524 360 74 166
419 6 190 222 19 30
419 9 97 216 10 27
420 1 522 352 52 156
420 2 566 352 55 175
420 3 563 344 59 147
420 4 525 361 74 166
420 6 189 222 18 29
420 9 97 216 10 27
421 1 522 353 51 156
421 2 566 353 55 175
421 3 563 344 60 147
421 4 525 360 75 166
421 6 188 222 19 29
421 9 97 215 9 28
422 1 520 352 52 156
422 2 568 351 55 175
422 3 564 345 59 147
422 4 525 360 75 167
422 6 187 223 18 29
422 9 96 215 10 28
423 1 525 353 51 156
423 2 567 350 56 175
423 3 564 345 60 146
423 4 524 362 80 167
423 6 185 222 18 29
423 9 96 216 10 27
424 1 523 351 51 157
424 2 567 350 56 175
424 3 564 344 59 147
424 4 530 362 77 166
424 6 185 223 18 29
424 9 96 215 10 28
425 1 519 354 52 156
425 2 568 349 55 175
425 3 565 344 59 147
425 4 533 362 77 166
425 6 182 221 17 27
425 9 97 216 9 27
426 1 520 354 52 157
426 2 568 350 55 175
426 3 564 345 60 146
426 4 534 362 77 166
426 6 183 222 17 28
426 9 97 215 9 28
427 1 520 352 52 157
427 2 568 350 55 175
427 3 564 346 68 145
427 4 539 363 77 166
427 6 180 219 17 28
427 9 97 215 9 28
428 1 521 354 52 156
428 2 568 351 56 175
428 3 571 346 61 145
428 4 541 362 77 167
428 6 180 219 17 28
428 9 96 215 10 28
429 1 520 353 52 156
429 2 569 352 55 175
429 3 570 347 67 145
429 4 544 362 73 166
429 6 179 218 17 28
429 9 96 215 10 27
430 1 519 352 52 157
430 2 568 351 56 175
430 3 578 347 63 145
430 4 547 364 72 166
430 6 179 218 17 27
430 9 97 215 9 28
431 1 516 353 52 157
431 2 566 345 58 184
431 3 579 346 64 150
431 4 545 364 73 167
431 6 178 217 17 28
431 9 97 215 9 28
432 1 522 350 45 156
432 2 569 348 55 175
432 3 578 343 63 151
432 4 548 365 73 167
432 6 175 217 17 28
432 9 97 216 9 27
433 1 520 351 45 157
433 2 566 349 55 175
433 3 578 345 63 151
433 4 550 364 73 167
433 6 174 218 17 27
433 9 97 216 9 27
434 1 520 353 45 157
434 2 566 345 58 184
434 3 576 347 63 151
434 4 555 364 72 167
434 6 173 217 16 28
434 9 96 215 10 28
435 1 519 350 45 156
435 2 567 346 58 183
435 3 577 349 63 150
435 4 557 363 72 166
435 6 172 217 17 28
435 9 97 215 10 27
436 1 521 353 45 156
436 2 568 346 58 179
436 3 585 347 59 151
436 4 557 362 67 167
436 6 172 218 16 27
436 9 97 215 10 27
437 1 522 353 45 156
437 2 567 349 58 179
437 3 588 342 59 156
437 4 560 363 67 166
437 6 169 218 17 27
437 9 97 215 10 27
438 1 520 353 45 156
438 2 569 347 58 179
438 3 582 342 58 156
438 4 562 362 67 167
438 6 167 218 17 28
438 9 96 215 12 29
439 1 522 354 45 157
439 2 570 346 58 179
439 3 580 342 59 156
439 4 562 362 67 167
439 6 168 219 17 27
439 9 96 214 12 29
440 1 519 351 45 157
440 2 571 344 58 179
440 3 579 341 59 156
440 4 572 361 60 167
440 6 165 216 17 28
440 9 96 214 12 29
441 1 521 354 45 156
441 2 569 343 58 179
441 3 580 342 58 156
441 4 571 366 59 156
441 6 166 216 17 28
441 9 97 214 12 29
442 1 519 350 47 164
442 2 568 346 58 179
442 3 582 343 58 156
442 4 576 357 52 157
442 6 165 216 17 27
442 9 96 214 13 30
443 1 520 350 45 164
443 2 569 346 58 179
443 3 585 343 59 156
443 4 579 367 53 156
443 6 164 214 17 27
443 9 96 214 13 30
444 1 521 351 45 164
444 2 572 346 59 179
444 3 587 343 58 156
444 4 581 368 53 157
444 6 165 215 17 27
444 9 97 213 12 30
445 1 520 352 46 160
445 2 570 347 58 179
445 3 585 343 59 156
445 4 583 366 52 157
445 6 164 215 16 28
445 9 97 213 12 30
446 1 519 351 46 160
446 2 571 348 58 179
446 3 586 343 59 156
446 4 582 365 53 157
446 6 160 215 17 27
446 9 97 213 12 31
447 1 520 347 45 159
447 2 572 347 58 179
447 3 586 345 59 156
447 4 583 366 53 157
447 6 160 214 17 27
447 9 97 213 12 31
448 1 521 350 45 160
448 2 572 346 58 179
448 3 587 344 59 156
448 4 587 368 53 156
448 6 161 214 17 27
448 9 97 214 12 30
449 1 521 349 45 160
449 2 570 347 65 179
449 3 583 342 58 156
449 4 588 369 53 157
449 6 158 214 17 27
449 9 97 213 12 30
450 1 520 349 45 160
450 2 570 349 65 179
450 3 583 343 59 156
450 4 592 369 53 157
450 6 158 214 17 27
450 9 97 214 13 30
451 1 519 349 46 160
451 2 569 350 65 179
451 3 584 342 59 156
451 4 593 369 53 157
451 6 158 214 17 27
451 9 97 214 13 30
452 1 520 349 45 160
452 2 571 351 64 170
452 3 583 346 59 155
452 4 595 367 53 157
452 6 158 214 17 27
452 9 97 214 12 30
453 1 519 348 46 160
453 2 571 348 64 170
453 3 588 341 59 156
453 4 598 365 53 157
453 6 158 213 17 27
453 9 97 214 13 30
454 1 520 348 45 160
454 2 571 350 64 170
454 3 590 342 59 156
454 4 601 368 53 156
454 6 155 214 16 27
454 9 98 214 12 30
455 1 519 348 45 160
455 2 570 351 64 171
455 3 590 346 59 156
455 4 603 365 53 157
455 6 154 215 17 28
455 9 97 213 13 31
456 1 520 352 43 157
456 2 572 349 65 170
456 3 592 344 56 156
456 4 604 362 51 157
456 6 153 215 17 27
456 9 97 214 13 30
457 1 520 352 44 155
457 2 569 351 65 171
457 3 591 344 56 156
457 4 607 362 52 157
457 6 152 217 16 28
457 9 97 214 13 30
458 1 520 351 44 158
458 2 570 349 64 170
458 3 590 345 56 156
458 6 155 214 12 27
458 9 97 213 13 31
459 1 520 349 42 161
459 2 570 349 65 175
459 3 588 342 56 156
459 4 612 363 51 157
459 6 155 216 12 28
459 9 97 213 13 31
460 1 521 349 42 161
460 2 567 348 65 174
460 3 588 345 56 156
460 6 153 213 12 27
460 9 97 213 12 31
461 1 521 350 48 161
461 2 572 345 61 179
461 3 585 347 57 156
461 6 152 214 12 27
461 9 97 214 12 31
462 1 520 351 49 160
462 2 568 342 61 180
462 3 582 344 61 156
462 6 151 214 12 27
462 9 97 213 13 31
463 1 520 348 51 164
463 2 574 341 58 183
463 3 584 345 61 156
463 6 152 213 12 26
463 9 97 214 13 30
464 1 519 349 51 164
464 2 577 341 58 183
464 3 588 346 61 156
464 6 150 214 11 24
464 9 97 214 12 30
465 1 519 349 51 164
465 2 571 342 59 183
465 3 585 342 62 156
465 6 151 217 11 24
465 9 97 214 12 30
466 1 520 348 51 164
466 2 572 342 63 183
466 3 583 345 62 156
466 6 148 214 12 25
466 9 96 213 13 31
467 1 521 349 50 164
467 2 572 343 63 183
467 3 580 346 62 155
467 6 147 213 12 26
467 9 96 213 13 31
468 1 520 349 51 164
468 2 572 343 63 183
468 3 584 342 58 164
468 6 146 215 10 22
468 9 96 213 13 31
469 1 519 350 51 164
469 2 570 343 53 183
469 3 591 343 58 164
469 6 147 215 10 23
469 9 97 213 12 31
470 1 520 350 51 164
470 2 571 342 63 183
470 3 593 342 58 164
470 6 147 214 10 24
470 9 97 213 12 31
471 1 519 348 51 164
471 2 572 344 63 183
471 3 582 342 64 164
471 6 146 215 11 23
471 9 96 213 13 31
472 1 519 349 51 164
472 2 573 350 61 176
472 3 581 342 64 164
472 6 146 214 10 23
472 9 96 213 13 31
473 1 518 346 54 173
473 2 575 349 60 175
473 3 581 343 64 164
473 6 145 212 10 24
473 9 96 214 13 30
474 1 518 346 54 173
474 2 576 349 60 176
474 3 581 343 64 164
474 6 144 212 11 24
474 9 96 213 12 31
475 1 518 346 54 173
475 2 575 349 58 176
475 3 580 343 64 164
475 6 144 211 11 23
475 9 96 214 13 30
476 1 519 351 51 164
476 2 576 349 58 176
476 3 580 343 64 164
476 6 145 211 10 23
476 9 96 214 13 31
477 1 519 351 51 164
477 2 576 349 58 176
477 3 578 343 64 164
477 6 145 211 10 23
477 9 96 214 13 31
478 1 519 351 51 164
478 2 576 350 58 175
478 3 583 343 59 164
478 6 145 212 10 22
478 9 96 214 12 30
479 1 519 352 51 164
479 2 576 349 58 175
479 3 584 342 56 164
479 6 143 210 12 25
479 9 96 214 12 30
480 1 517 349 54 172
480 2 575 348 58 175
480 3 580 340 65 164
480 6 142 210 12 24
480 9 96 214 13 30
481 1 517 347 53 172
481 2 572 350 59 176
481 3 579 340 65 164
481 6 141 210 14 24
481 9 97 215 12 30
482 1 516 355 53 165
482 2 576 347 58 176
482 3 580 340 65 164
482 6 141 209 14 24
482 9 97 214 12 31
483 1 515 355 54 165
483 2 575 347 58 176
483 3 580 340 64 164
483 6 142 209 14 24
483 9 97 214 12 31
484 1 515 355 54 166
484 2 575 347 58 176
484 3 579 338 65 164
484 6 141 208 14 25
484 9 96 214 13 30
485 1 515 356 54 165
485 2 576 348 58 175
485 3 582 338 64 164
485 6 141 208 14 25
485 9 97 215 12 30
486 1 515 355 54 166
486 2 575 348 58 175
486 3 579 340 65 164
486 6 142 208 14 25
486 9 97 214 12 31
487 1 515 356 53 166
487 2 576 347 58 176
487 3 579 340 64 164
487 6 142 208 14 24
487 9 97 214 12 31
488 1 515 356 53 166
488 2 576 348 58 176
488 3 576 339 64 164
488 6 141 208 14 25
488 9 96 214 13 31
489 1 515 357 53 165
489 2 575 348 58 175
489 3 579 339 64 164
489 6 139 208 14 23
489 9 96 214 13 31
490 1 515 358 53 165
490 2 576 348 58 175
490 3 578 340 64 164
490 6 142 208 13 24
490 9 96 214 13 31
491 1 514 358 53 165
491 2 575 348 58 175
491 3 577 340 65 164
491 6 138 207 14 24
491 9 96 214 13 31
492 1 514 358 53 165
492 2 575 347 58 176
492 3 576 343 64 164
492 6 138 208 14 23
492 9 96 214 13 30
493 1 514 358 53 165
493 2 575 348 58 176
493 3 577 342 64 156
493 6 138 207 13 24
493 9 96 213 13 31
494 1 515 358 53 166
494 2 574 348 58 175
494 3 580 342 64 155
494 6 138 208 13 23
494 9 96 214 13 30
495 1 516 358 53 166
495 2 575 348 58 176
495 3 579 343 64 156
495 6 137 207 13 23
495 9 96 213 13 31
496 1 515 358 54 165
496 2 573 347 60 176
496 3 587 343 57 156
496 6 135 207 14 24
496 9 96 214 13 30
497 1 512 358 57 165
497 2 574 347 59 175
497 3 583 343 56 156
497 6 136 207 14 24
497 9 96 214 13 30
498 1 515 360 57 165
498 2 573 348 60 175
498 3 584 347 57 156
498 6 136 207 14 23
498 9 96 214 13 31
499 1 515 360 57 166
499 2 574 347 59 176
499 3 582 347 57 155
499 6 136 207 14 24
499 9 96 214 13 31
500 1 515 359 57 166
500 2 574 347 60 176
500 3 581 344 56 151
500 6 135 207 14 23
500 9 97 215 12 30
501 1 514 355 60 174
501 2 574 347 60 176
501 3 585 345 57 151
501 6 135 206 14 24
501 9 96 215 13 30
502 1 515 355 60 174
502 2 572 349 60 176
502 3 583 346 56 151
502 6 135 206 13 24
502 9 96 215 13 30
503 1 517 361 57 166
503 2 574 347 60 176
503 3 581 344 57 151
503 6 135 206 14 24
503 9 96 215 13 30
504 1 517 361 57 166
504 2 574 348 60 175
504 3 582 346 57 150
504 6 135 207 13 23
504 9 96 214 13 31
505 1 518 362 57 166
505 2 574 348 60 175
505 3 581 348 56 151
505 6 136 207 13 22
505 9 96 214 13 31
506 1 519 363 57 166
506 2 574 347 60 176
506 3 581 347 57 151
506 6 136 207 13 22
506 9 97 215 12 30
507 1 520 363 58 166
507 2 574 347 59 176
507 3 582 347 56 150
507 6 135 207 13 23
507 9 97 215 12 30
508 1 522 363 58 166
508 2 574 347 60 175
508 3 582 347 57 151
508 6 134 206 13 23
508 9 97 215 12 30
509 1 521 363 60 166
509 2 573 347 60 176
509 3 583 345 56 151
509 6 133 206 13 23
509 9 97 215 12 30
510 1 525 363 58 166
510 2 572 349 60 176
510 3 581 347 56 151
510 6 134 206 13 23
510 9 97 214 12 31
511 1 523 363 63 166
511 2 572 350 60 176
511 3 581 348 56 150
511 6 134 207 13 23
511 9 97 214 12 30
512 1 523 364 63 166
512 2 572 350 60 175
512 3 580 346 56 151
512 6 134 207 13 22
512 9 96 214 13 31
513 1 525 363 63 166
513 2 572 350 60 176
513 3 580 347 56 150
513 6 134 207 12 21
513 9 96 214 13 30
514 1 527 364 63 166
514 2 572 350 60 176
514 3 581 347 57 151
514 6 133 207 13 21
514 9 96 214 13 30
515 1 526 363 69 166
515 2 572 350 60 175
515 3 582 348 56 151
515 6 133 207 13 21
515 9 96 214 13 31
516 1 528 363 75 166
516 2 572 350 60 176
516 3 576 349 56 150
516 6 134 206 13 22
516 9 96 214 13 30
517 1 529 363 81 166
517 2 572 350 60 176
517 3 580 346 56 151
517 6 134 206 12 20
517 9 97 215 12 30
518 1 530 364 81 166
518 2 572 350 60 176
518 3 579 347 57 150
518 6 134 206 12 20
518 9 97 214 13 30
519 1 527 367 81 166
519 2 572 350 60 175
519 3 581 347 56 150
519 6 132 208 13 20
519 9 97 214 13 31
520 1 528 364 81 166
520 2 572 350 60 176
520 3 579 348 56 150
520 6 131 206 13 20
520 9 97 214 12 31
521 1 529 366 81 166
521 2 571 350 60 176
521 3 582 346 56 151
521 6 132 206 14 21
521 9 97 214 12 30
522 1 531 366 81 166
522 2 571 350 60 176
522 3 581 346 57 151
522 6 132 206 13 20
522 9 97 214 13 31
523 1 534 367 81 166
523 2 570 350 60 175
523 3 581 347 56 150
523 6 132 206 13 20
523 9 97 214 12 31
524 1 534 368 81 166
524 2 571 350 60 176
524 3 578 347 56 151
524 6 131 207 13 19
524 9 97 214 12 30
525 1 535 366 81 167
525 2 570 350 60 175
525 3 581 348 56 150
525 6 131 206 13 20
525 9 97 215 13 30
526 1 535 367 81 166
526 2 570 350 60 175
526 3 582 349 56 150
526 6 131 205 13 20
526 9 97 214 12 31
527 1 539 366 81 167
527 2 570 350 59 175
527 3 581 349 57 151
527 6 131 205 13 19
527 9 97 215 12 30
528 1 545 363 65 166
528 2 570 350 60 176
528 3 581 349 56 151
528 6 130 205 13 20
528 9 97 215 13 30
529 1 546 373 53 158
529 2 570 350 60 175
529 3 580 349 57 151
529 6 130 205 13 20
529 9 97 214 13 31
530 1 542 375 51 154
530 2 570 350 59 175
530 3 582 348 57 151
530 6 130 205 13 20
530 9 97 215 13 30
531 1 545 378 51 154
531 2 570 350 60 176
531 3 581 347 57 151
531 6 130 205 13 20
531 9 97 214 12 30
532 1 546 379 51 155
532 2 571 351 60 175
532 3 581 348 56 150
532 6 129 204 13 20
532 9 97 215 12 30
533 1 545 374 60 155
533 2 570 351 60 175
533 3 580 346 57 151
533 6 129 204 13 20
533 9 97 214 12 31
534 1 544 377 60 155
534 2 570 351 60 176
534 3 579 348 56 150
534 6 129 205 13 19
534 9 98 214 12 31
535 1 543 376 64 155
535 2 570 351 59 176
535 3 580 348 57 151
535 6 128 205 13 19
535 9 98 215 12 31
536 1 544 375 71 154
536 2 570 351 59 175
536 3 579 348 57 150
536 6 127 204 13 19
536 9 98 215 12 31
537 1 543 381 71 154
537 2 570 351 60 176
537 3 583 345 57 151
537 6 127 204 13 20
537 9 97 215 13 31
538 1 543 378 72 155
538 2 570 351 59 175
538 3 578 351 57 150
538 6 128 204 13 19
538 9 97 215 13 31
539 1 546 378 72 155
539 2 568 345 63 184
539 3 579 350 57 150
539 6 127 203 13 19
539 9 98 215 12 31
540 1 548 378 71 155
540 2 567 345 63 184
540 3 579 348 57 150
540 6 127 203 13 20
540 9 98 215 13 30
541 1 552 377 72 155
541 2 569 354 59 175
541 3 580 348 56 151
541 6 129 203 10 20
541 9 98 215 13 31
542 1 550 381 72 154
542 2 568 352 60 175
542 3 580 348 56 150
542 6 130 203 10 20
542 9 98 215 12 31
543 1 551 379 72 155
543 2 567 345 63 184
543 3 583 351 52 150
543 6 127 203 11 20
543 9 97 216 13 30
544 1 552 384 72 154
544 2 567 345 63 184
544 3 582 351 52 150
544 6 129 203 10 20
544 9 98 216 12 30
545 1 552 384 72 154
545 2 567 345 63 184
545 3 580 349 55 151
545 6 126 203 11 20
545 9 98 215 13 31
546 1 553 384 72 154
546 2 567 345 63 184
546 3 580 350 56 150
546 6 125 203 10 20
546 9 98 215 12 31
547 1 563 384 60 144
547 2 568 345 63 184
547 3 581 350 56 151
547 6 125 204 11 19
547 9 98 216 13 30
548 1 568 385 60 144
548 2 569 345 63 184
548 3 581 351 56 151
548 6 126 203 10 20
548 9 98 216 12 30
549 1 568 384 60 145
549 2 568 345 63 184
549 3 580 352 56 150
549 6 126 203 11 19
549 9 98 216 13 30
550 1 569 385 60 144
550 2 569 345 63 184
550 3 581 350 55 151
550 6 127 203 10 19
550 9 98 216 12 31
551 1 568 385 63 144
551 2 571 350 60 176
551 3 592 353 45 151
551 6 127 203 10 19
551 9 98 215 13 31
552 1 570 383 63 144
552 2 572 351 60 175
552 3 594 352 45 151
552 6 125 203 10 19
552 9 98 216 12 30
553 1 572 385 61 144
553 2 571 345 63 184
553 3 597 348 44 151
553 6 125 203 10 19
553 9 98 216 12 30
554 1 574 382 60 148
554 2 571 345 63 184
554 3 591 347 45 151
554 9 98 216 13 30
555 1 576 387 61 141
555 2 572 345 63 185
555 3 597 349 45 151
555 9 98 216 13 30
556 1 575 384 68 147
556 2 574 345 63 184
556 3 594 350 49 151
556 9 98 217 12 30
557 1 574 390 68 141
557 2 575 345 62 185
557 3 597 349 49 151
557 9 97 216 13 30
558 1 574 390 68 140
558 2 576 345 62 184
558 3 592 347 57 153
558 9 98 216 12 31
559 1 576 389 75 141
559 2 574 345 66 185
559 3 591 348 58 153
559 9 97 216 13 30
560 1 577 390 75 141
560 2 577 345 66 185
560 3 589 348 57 162
560 9 98 216 12 31
561 1 575 390 82 140
561 2 574 345 69 184
561 3 596 345 50 163
561 9 97 216 13 30
562 1 580 389 82 141
562 2 575 345 60 184
562 3 600 346 51 162
562 9 97 216 13 30
563 1 583 389 82 141
563 2 573 345 69 184
563 3 598 345 51 162
563 9 97 216 12 31
564 1 588 389 82 141
564 2 572 346 60 185
564 3 601 344 51 163
564 9 97 216 13 31
565 1 584 387 85 141
565 2 575 345 59 184
565 3 602 344 50 162
565 9 97 216 12 31
566 2 571 345 73 184
566 3 604 343 50 162
566 9 97 217 13 30
567 2 573 345 68 185
567 3 607 342 50 162
567 9 97 216 12 31
568 2 575 345 69 185
568 3 605 343 50 163
568 9 97 216 12 31
569 2 574 345 67 184
569 3 607 342 51 162
569 9 97 216 12 31
570 2 570 352 73 179
570 3 605 343 50 163
570 9 97 216 12 31
571 2 569 352 73 179
571 3 605 345 51 163
571 6 115 204 9 13
571 9 97 216 13 31
572 2 569 351 73 179
572 3 604 344 61 163
572 6 116 204 9 13
572 9 96 216 13 31
573 2 576 351 73 179
573 3 605 345 61 163
573 6 115 203 9 14
573 9 97 217 12 30
574 2 577 351 73 179
574 3 607 347 61 163
574 6 115 203 10 14
574 9 97 218 13 30
575 2 577 350 73 179
575 6 115 203 9 14
575 9 96 217 13 30
576 2 578 350 73 179
576 6 115 203 9 14
576 9 97 218 12 30
577 2 578 350 73 179
577 6 114 203 9 14
577 9 97 217 13 30
578 2 579 342 77 188
578 6 113 203 10 14
578 9 97 218 12 30
579 2 580 342 77 188
579 6 114 203 9 14
579 9 97 218 13 30
580 2 578 356 77 188
580 6 113 203 10 14
580 9 97 218 12 30
581 2 576 356 77 184
581 6 113 202 10 15
581 9 97 217 13 30
582 2 577 356 76 184
582 6 113 202 10 15
582 9 97 218 12 30
583 2 578 357 77 184
583 6 112 203 10 15
583 9 97 217 12 30
584 2 579 357 77 183
584 6 110 202 11 15
584 9 97 218 13 30
585 2 580 356 77 184
585 6 111 201 11 16
585 9 97 218 13 30
586 2 580 357 84 183
586 6 112 201 10 15
586 9 97 218 12 30
587 2 581 357 84 184
587 6 110 200 10 16
587 9 97 218 12 30
588 2 581 358 84 183
588 6 110 201 10 15
588 9 97 219 12 30
589 2 582 358 89 184
589 6 110 200 10 15
589 9 97 219 13 30
590 2 583 358 89 184
590 6 108 199 10 16
590 9 97 219 13 30
591 2 583 359 90 183
591 6 109 199 10 16
591 9 97 219 13 30
592 2 585 359 89 184
592 6 108 199 10 15
592 9 97 218 13 30
593 6 109 199 10 15
593 9 97 219 13 30
594 6 108 199 9 15
594 9 97 219 13 30
595 6 109 199 9 16
595 9 97 219 13 30
596 6 107 201 8 15
596 9 97 219 13 30
597 6 108 201 8 15
597 9 97 219 13 30
598 6 105 201 11 15
598 9 97 219 13 30
599 6 107 201 11 15
599 9 97 219 12 30
600 6 106 200 10 15
600 9 97 219 12 30
601 6 107 200 11 15
601 9 97 218 12 30
602 6 105 201 11 15
602 9 97 219 13 30
603 6 104 201 11 15
603 9 97 219 13 30
604 6 103 201 10 15
604 9 97 219 12 30
605 6 103 200 11 15
605 9 97 219 12 30
606 6 103 201 10 14
606 9 97 218 13 30
607 6 102 201 10 14
607 9 97 219 12 30
608 6 102 201 10 15
608 9 97 219 13 30
609 6 103 201 10 14
609 9 97 219 12 30
610 6 102 201 10 15
610 9 97 219 13 30
611 6 102 202 10 14
611 9 97 219 13 30
612 6 101 200 11 15
612 9 96 218 13 30
613 6 102 201 10 14
613 9 97 219 12 30
614 6 101 201 11 14
614 9 97 218 13 30
615 6 101 201 10 15
615 9 97 219 12 30
616 6 101 200 10 15
616 9 97 219 13 30
617 6 101 200 10 15
617 9 97 219 12 30
618 6 99 199 10 15
618 9 97 218 12 30
619 6 101 200 10 15
619 9 97 219 13 30
620 6 100 200 10 15
620 9 97 219 12 30
621 6 100 200 10 15
621 9 97 218 13 30
622 6 100 200 10 15
622 9 97 219 13 30
623 6 100 199 10 15
623 9 97 218 12 30
624 6 100 199 10 15
624 9 97 219 13 30
625 6 100 199 10 15
625 9 97 218 13 30
626 6 98 199 10 15
626 9 97 218 12 30
627 6 99 199 10 15
627 9 97 219 12 30
628 6 98 199 10 15
628 9 97 218 13 30
629 6 98 199 10 15
629 9 97 218 13 30
630 6 97 199 10 15
630 9 97 218 12 30
631 6 97 199 10 15
631 9 97 219 13 30
632 6 97 200 10 15
632 9 97 219 13 30
633 6 97 200 10 15
633 9 97 218 13 30
634 6 96 202 10 14
634 9 97 218 13 30
635 9 97 218 12 30
636 9 97 218 12 30
637 9 97 219 13 30
638 9 97 218 13 30
639 9 97 218 13 30
640 9 97 219 12 30
641 9 97 218 13 30
642 9 98 219 12 30
643 9 97 219 13 30
644 9 97 219 13 30
645 9 97 219 13 30
646 9 97 218 13 30
647 9 97 219 13 30
648 9 98 219 12 30
649 9 97 218 12 30
650 9 97 219 12 30
651 9 98 218 12 30
652 9 97 218 13 30
653 9 98 218 12 30
654 9 97 218 13 30
655 9 97 217 13 32
656 9 97 216 13 32
657 9 98 217 13 32
658 9 97 216 13 32
659 9 98 216 13 32
660 9 97 216 13 32
661 9 98 216 13 32
662 9 97 216 13 32
663 9 98 216 13 32
664 9 98 216 13 32
665 9 97 216 13 32
666 9 97 216 13 32
667 9 98 216 13 32
668 9 97 217 13 32
669 9 98 217 13 32
670 9 97 216 13 32
671 9 98 217 13 32
672 9 97 218 13 31
673 9 97 218 13 31
674 9 97 218 13 32
675 9 97 218 13 32
676 9 97 217 13 32
677 9 97 217 13 32
678 9 97 217 13 32
679 9 97 217 13 32
680 9 97 217 13 32
681 9 97 217 13 32
682 9 97 217 13 32
683 9 97 217 13 32
684 9 97 218 13 31
685 9 97 218 13 31
686 9 97 218 13 31
687 9 97 217 13 32
688 9 97 218 13 31
689 9 97 218 13 31
690 9 97 218 13 32
691 9 97 218 13 31
692 9 97 218 13 31
693 9 98 217 13 32
694 9 97 218 13 31
695 9 98 217 13 32
696 9 97 218 13 31
697 9 97 218 13 31
698 9 97 218 13 31
699 9 98 217 13 32
700 9 97 217 13 32
701 9 98 217 13 32
702 9 97 218 13 31
703 9 98 218 13 32
704 9 97 218 13 32
705 9 97 218 13 31
706 9 97 218 13 31
707 9 97 218 13 32
708 9 97 218 13 31
709 9 97 218 13 32
710 9 97 218 13 32
711 9 97 218 13 31
712 9 97 218 13 32
713 9 97 218 13 31
714 9 97 218 13 32
715 9 97 218 13 32
716 9 97 218 13 32
717 9 97 218 13 32
718 9 97 218 13 31
719 9 97 218 13 32
720 9 97 218 13 31
721 9 97 218 13 32
722 9 97 218 13 32
723 9 97 218 13 31
724 9 97 218 13 31
725 4 598 336 81 171
725 9 97 218 13 31
726 4 601 335 75 166
726 9 97 218 13 32
727 4 592 331 82 166
727 9 97 218 13 32
728 4 590 327 82 166
728 9 97 218 13 32
729 4 593 334 82 166
729 9 97 218 13 32
730 4 584 333 95 167
730 9 97 219 13 32
731 4 583 331 97 166
731 9 97 218 13 32
732 4 583 329 96 173
732 9 97 218 13 32
733 4 584 335 88 164
733 9 97 218 13 32
734 4 587 333 88 164
734 9 98 218 13 32
735 4 587 333 88 164
735 9 97 218 13 32
736 4 586 334 88 163
736 9 97 218 13 32
737 4 584 330 88 164
737 9 97 218 13 32
738 4 589 340 88 152
738 9 97 219 13 32
739 4 579 338 88 162
739 9 97 219 13 32
740 4 582 337 88 161
740 9 97 219 13 32
741 4 581 337 88 162
741 9 97 219 13 32
742 4 580 337 88 162
742 9 97 219 13 32
743 4 579 337 89 162
743 9 97 219 13 32
744 4 578 338 88 161
744 9 97 219 13 32
745 4 577 338 88 161
745 9 97 219 13 32
746 4 576 337 88 162
746 9 98 218 13 32
747 4 576 337 88 162
747 9 97 218 13 32
748 4 575 337 88 162
748 9 98 219 13 32
749 4 574 337 88 162
749 9 97 219 13 32
750 4 573 338 88 161
750 9 98 218 13 32
751 4 571 338 80 162
751 9 97 218 13 32
752 4 573 339 79 162
752 9 97 218 13 32
753 4 572 340 79 162
753 9 97 219 13 32
754 4 569 336 84 169
754 9 97 219 13 32
755 4 569 336 67 170
755 9 98 218 13 32
756 4 570 338 67 170
756 9 97 218 13 32
757 4 569 338 67 169
757 9 97 219 13 32
758 4 567 339 61 169
758 9 97 218 13 32
759 4 568 340 61 170
759 9 97 219 13 32
760 4 567 340 57 169
760 9 97 218 13 32
761 4 556 340 69 169
761 9 97 218 13 32
762 4 559 340 68 169
762 9 97 219 13 32
763 4 554 339 68 169
763 9 97 218 13 31
764 4 556 340 69 169
764 9 97 218 13 31
765 4 552 339 68 170
765 9 97 219 13 32
766 4 553 340 69 169
766 9 97 219 13 32
767 4 547 339 75 170
767 9 97 218 13 32
768 4 548 339 75 170
768 9 97 218 13 32
769 4 547 339 75 170
769 9 97 218 13 32
770 4 547 339 75 170
770 9 97 218 13 32
771 4 545 340 75 169
771 9 97 218 13 31
772 4 543 339 76 170
772 9 97 218 13 32
773 4 542 339 75 170
773 9 98 218 13 31
774 4 540 339 76 169
774 9 98 217 13 32
775 4 539 338 65 170
775 9 97 218 13 32
776 4 541 339 57 169
776 9 98 218 13 31
777 4 541 341 52 169
777 9 98 218 13 32
778 4 541 340 52 169
778 9 98 219 13 32
779 4 540 343 52 169
779 9 98 218 13 31
780 4 539 344 52 169
780 9 98 218 13 31
781 4 531 345 52 169
781 9 98 218 13 31
782 4 522 344 63 169
782 9 99 218 13 32
783 4 510 346 79 168
783 9 98 218 13 32
784 4 505 346 79 168
784 9 98 218 13 32
785 4 502 347 79 168
785 9 98 218 13 32
786 4 499 346 79 169
786 9 98 218 13 32
787 4 500 346 79 168
787 9 98 218 13 32
788 4 497 347 88 168
788 9 99 218 13 32
789 4 499 344 78 169
789 9 99 218 13 32
790 4 491 349 93 160
790 9 99 219 13 32
791 4 493 351 93 160
791 9 99 218 13 32
792 4 492 351 93 160
792 9 99 219 13 32
793 4 490 352 93 160
793 9 99 218 13 32
794 4 487 352 93 160
794 9 99 218 13 32
795 4 486 351 93 160
795 9 99 219 13 32
796 4 483 348 93 161
796 9 99 219 13 32
797 4 480 346 93 160
797 9 99 218 13 31
798 4 488 350 83 160
798 9 99 218 13 31
799 4 486 347 83 161
799 9 100 218 13 32
800 4 483 346 83 166
800 9 99 218 13 32
801 4 482 344 82 172
801 9 99 218 13 31
802 4 480 342 82 172
802 9 100 218 13 31
803 4 479 343 82 172
803 9 99 218 13 31
804 4 478 343 82 172
804 9 100 218 13 32
805 4 476 342 72 172
805 9 99 218 13 32
806 4 477 342 72 172
806 9 100 218 13 32
807 4 476 342 65 172
807 9 99 218 13 31
808 3 597 353 72 177
808 4 477 342 65 183
808 9 99 218 13 31
809 3 591 352 69 177
809 4 478 341 65 183
809 9 99 218 13 32
810 3 584 356 78 170
810 4 476 342 65 183
810 9 99 218 13 32
811 3 581 354 78 170
811 4 475 341 57 183
811 9 98 218 13 32
812 3 580 355 78 170
812 4 477 342 57 183
812 9 98 218 13 31
813 3 577 358 88 170
813 4 475 343 55 183
813 9 98 218 13 32
814 3 571 357 88 170
814 4 475 344 55 183
814 9 98 218 13 32
815 3 570 357 88 170
815 4 474 344 54 183
815 9 98 218 13 32
816 3 571 355 88 170
816 4 472 344 55 183
816 9 98 218 13 32
817 3 569 358 88 170
817 4 471 344 55 183
817 9 98 218 13 31
818 3 567 355 88 170
818 4 470 344 54 183
818 9 98 218 13 31
819 3 567 352 87 170
819 4 469 344 55 183
819 9 98 218 13 31
820 3 569 354 88 170
820 4 467 344 55 184
820 9 98 218 13 31
821 3 568 354 87 170
821 4 466 343 55 183
821 9 97 218 13 31
822 3 565 354 88 170
822 4 465 343 54 183
822 9 97 218 13 31
823 3 564 354 87 170
823 4 462 343 54 183
823 9 97 218 13 31
824 3 562 353 88 170
824 4 461 343 54 183
824 9 97 218 13 32
825 3 561 353 88 170
825 4 459 344 55 183
825 9 97 218 13 32
826 3 559 352 79 170
826 4 457 346 55 183
826 9 97 218 13 32
827 3 559 352 80 170
827 4 455 346 55 183
827 9 97 218 13 32
828 3 559 353 70 170
828 4 448 346 60 183
828 9 97 218 13 32
829 3 561 350 65 170
829 4 438 346 70 183
829 9 98 219 13 32
830 3 561 348 65 170
830 4 435 346 70 183
830 9 98 219 13 32
831 3 562 353 62 162
831 4 429 344 71 183
831 9 98 218 13 32
832 3 560 353 62 162
832 4 419 358 82 169
832 9 97 218 13 32
833 3 559 353 58 162
833 4 408 354 92 169
833 9 97 218 13 32
834 3 551 352 66 162
834 4 406 353 91 169
834 9 97 218 13 32
835 3 553 352 66 161
835 4 410 356 91 169
835 9 98 218 13 32
836 3 544 352 74 162
836 4 404 356 92 170
836 9 98 219 13 32
837 3 545 352 74 162
837 4 405 356 91 169
837 9 98 219 13 32
838 3 545 353 74 162
838 4 403 357 91 170
838 9 98 219 13 32
839 3 543 352 74 162
839 4 405 357 91 170
839 9 98 219 13 32
840 3 542 352 74 162
840 4 403 357 92 170
840 9 99 219 13 32
841 3 541 352 74 161
841 4 402 358 92 169
841 9 99 219 13 32
842 3 540 352 74 162
842 4 403 360 91 169
842 9 99 219 13 32
843 3 538 348 63 165
843 4 400 359 92 169
843 9 99 219 13 32
844 3 540 351 63 165
844 4 398 359 92 170
844 9 99 218 13 32
845 3 539 350 62 164
845 4 397 357 92 170
845 9 99 218 13 32
846 3 537 350 62 164
846 4 395 357 92 170
846 9 99 218 13 32
847 3 535 347 63 165
847 4 394 357 91 170
847 9 99 219 13 32
848 3 531 344 66 174
848 4 392 357 92 170
848 9 99 219 13 32
849 3 530 342 65 173
849 4 391 357 92 169
849 9 99 219 13 32
850 3 528 342 65 173
850 4 390 358 79 169
850 9 99 218 13 32
851 3 526 342 65 173
851 4 393 359 79 170
851 9 99 218 13 32
852 3 524 341 65 173
852 4 392 359 79 170
852 9 99 219 13 32
853 3 522 342 61 173
853 4 391 359 79 170
853 9 99 219 13 32
854 3 522 342 61 173
854 4 391 359 79 170
854 9 99 219 13 32
855 3 513 335 67 173
855 4 391 359 79 170
855 9 99 219 13 32
856 3 514 338 67 163
856 4 390 360 79 169
856 9 99 218 13 32
857 3 514 340 67 164
857 4 390 360 79 169
857 9 99 219 13 32
858 3 514 341 67 163
858 4 389 359 79 170
858 9 99 218 13 32
859 3 513 340 67 164
859 4 389 359 78 170
859 9 98 219 13 32
860 3 512 339 67 164
860 4 389 360 79 169
860 9 98 219 13 32
861 3 511 339 62 164
861 4 389 359 79 170
861 9 98 219 13 32
862 3 512 341 63 163
862 4 388 360 79 169
862 9 98 218 13 32
863 3 510 336 65 172
863 4 388 360 79 169
863 9 98 218 13 32
864 3 510 337 65 172
864 4 388 359 79 170
864 9 98 219 13 32
865 3 508 337 66 172
865 4 389 359 72 170
865 9 98 219 13 32
866 3 508 338 65 162
866 4 392 359 72 170
866 9 98 219 13 32
867 3 508 340 66 162
867 4 392 360 72 169
867 9 98 219 13 32
868 3 509 342 63 155
868 4 393 360 72 169
868 7 349 276 15 39
868 8 362 275 18 46
868 9 98 218 13 32
869 3 504 334 66 162
869 4 393 360 72 169
869 7 354 277 15 39
869 8 370 280 19 45
869 9 98 218 13 32
870 3 506 337 66 163
870 4 393 359 72 170
870 7 360 279 15 38
870 8 377 281 19 48
870 9 98 218 13 32
871 3 506 337 65 163
871 4 395 360 71 169
871 7 366 279 15 39
871 8 384 286 19 45
871 9 97 218 13 32
872 3 503 333 69 171
872 4 395 360 72 169
872 7 371 281 15 38
872 8 383 281 19 45
872 9 97 218 13 32
873 3 503 333 61 171
873 4 396 360 71 169
873 7 377 283 15 39
873 8 390 281 19 45
873 9 97 219 13 32
874 3 506 334 61 171
874 4 399 368 68 161
874 7 382 285 15 38
874 8 396 284 19 45
874 9 98 219 13 32
875 3 506 335 61 171
875 4 399 368 68 161
875 7 389 285 15 39
875 8 402 283 19 47
875 9 98 219 13 32
876 3 506 336 60 171
876 4 401 367 68 162
876 7 395 286 15 39
876 8 409 286 19 47
876 9 98 219 13 32
877 3 506 337 60 171
877 4 402 368 68 161
877 7 402 287 15 38
877 8 416 291 20 47
877 9 98 219 13 32
878 3 506 337 60 171
878 4 403 368 68 161
878 7 408 287 16 41
878 8 421 286 19 46
878 9 98 219 13 32
879 3 505 337 61 171
879 4 404 367 64 162
879 7 415 289 15 41
879 8 430 290 19 47
879 9 98 219 13 32
880 3 506 337 60 171
880 4 407 367 64 162
880 7 422 291 15 40
880 8 437 291 20 51
880 9 98 219 13 32
881 3 506 338 60 171
881 4 407 368 65 161
881 7 429 291 16 42
881 8 444 293 21 51
881 9 98 219 13 32
882 3 505 337 61 171
882 4 400 368 64 161
882 7 435 292 17 42
882 8 451 289 22 54
882 9 98 220 13 32
883 3 505 337 61 171
883 4 407 367 65 162
883 7 443 294 16 42
883 8 461 297 21 53
883 9 98 219 13 32
884 3 504 335 61 170
884 4 403 365 65 162
884 7 451 297 16 42
884 8 470 294 21 53
884 9 99 219 13 32
885 3 504 333 61 171
885 4 402 367 64 162
885 7 459 297 17 44
885 8 478 296 21 53
885 9 99 219 13 32
886 3 505 333 61 171
886 4 409 368 65 161
886 7 467 298 18 47
886 8 484 296 21 54
886 9 99 219 13 32
887 3 507 339 56 157
887 4 410 367 64 162
887 7 475 300 17 46
887 8 493 298 22 56
887 9 99 219 13 32
888 3 510 340 56 157
888 4 410 367 65 162
888 7 484 302 18 46
888 8 506 305 23 58
888 9 99 219 13 32
889 3 509 340 56 158
889 4 411 368 64 161
889 7 493 302 18 49
889 8 514 299 23 58
889 9 100 219 13 32
890 3 509 340 56 157
890 4 412 367 64 162
890 7 501 303 19 51
890 8 524 298 23 59
890 9 100 220 13 32
891 3 510 340 56 158
891 4 413 368 64 161
891 7 510 305 20 53
891 8 530 300 23 59
891 9 99 219 13 32
892 3 511 340 56 157
892 4 413 367 64 162
892 7 520 306 20 54
892 8 542 308 23 59
892 9 99 219 13 32
893 3 510 341 56 157
893 4 414 367 64 162
893 7 530 309 20 54
893 8 552 311 23 58
893 9 99 218 14 34
894 3 511 340 56 157
894 4 414 366 64 161
894 7 542 310 19 54
894 8 563 313 24 61
894 9 99 219 14 33
895 3 511 340 56 157
895 4 414 366 65 161
895 7 552 313 20 53
895 8 574 312 26 65
895 9 99 219 14 33
896 3 511 340 56 157
896 4 414 365 65 162
896 7 563 315 20 53
896 8 584 313 26 65
896 9 100 218 13 34
897 3 511 340 56 157
897 4 415 365 65 161
897 7 574 316 21 56
897 8 595 314 26 65
897 9 100 218 13 33
898 3 511 340 56 157
898 4 415 365 64 164
898 7 586 318 21 56
898 8 608 318 26 65
898 9 99 218 14 34
899 3 510 340 56 158
899 4 417 364 64 165
899 7 598 320 21 56
899 9 100 219 14 33
900 3 510 340 56 157
900 4 417 363 65 165
900 7 611 323 21 55
900 9 100 219 13 33
901 3 511 340 56 157
901 4 417 363 64 165
901 7 623 325 22 56
901 9 100 218 13 34
902 3 511 340 56 157
902 4 417 364 65 165
902 9 100 219 13 33
903 3 511 340 56 157
903 4 418 365 65 164
903 9 100 218 14 33
904 3 511 340 56 157
904 4 420 364 64 165
904 9 100 219 13 33
905 3 511 340 56 157
905 4 420 364 64 165
905 9 100 219 14 33
906 3 511 340 56 157
906 4 421 364 64 165
906 9 100 219 13 33
907 3 511 340 56 157
907 4 421 364 64 165
907 9 100 219 14 33
908 3 511 340 56 157
908 4 422 364 64 165
908 9 100 218 14 34
909 3 511 340 56 157
909 4 422 364 64 165
909 9 100 218 13 34
910 3 511 340 56 157
910 4 423 364 68 165
910 9 99 218 14 33
911 3 511 340 56 157
911 4 423 363 70 167
911 9 99 218 14 34
912 3 511 340 56 157
912 4 423 367 70 162
912 9 99 218 14 34
913 3 512 340 56 157
913 4 424 362 70 167
913 9 99 218 14 33
914 3 512 340 56 157
914 4 425 368 70 161
914 9 100 218 13 33
915 3 507 339 60 157
915 4 426 362 70 167
915 9 99 218 14 34
916 3 505 340 64 157
916 4 427 368 71 161
916 9 100 218 13 34
917 3 502 337 64 157
917 4 429 362 70 167
917 9 99 218 14 33
918 3 495 337 69 157
918 4 428 370 71 159
918 9 100 218 13 34
919 3 494 337 74 157
919 4 429 368 71 161
919 9 99 218 14 33
920 3 490 338 74 157
920 4 430 369 70 160
920 9 99 218 14 34
921 3 487 339 74 157
921 4 430 369 71 160
921 9 100 218 13 34
922 3 485 337 75 157
922 4 431 371 64 158
922 9 99 218 14 33
923 3 488 338 74 157
923 4 433 373 65 156
923 9 100 218 13 34
924 3 484 338 75 157
924 4 433 374 64 155
924 9 99 218 13 33
925 3 484 336 74 157
925 4 433 370 65 159
925 9 99 218 14 33
926 3 486 337 75 157
926 4 434 370 65 159
926 9 100 218 13 33
927 3 486 337 70 157
927 4 433 362 65 167
927 9 99 218 14 34
928 3 487 337 71 157
928 4 433 369 65 160
928 9 99 218 14 33
929 3 487 336 70 157
929 4 432 362 65 167
929 9 100 218 13 34
930 3 485 336 71 157
930 4 432 362 64 167
930 9 99 218 14 34
931 3 484 335 71 157
931 4 432 362 64 167
931 9 99 218 14 34
932 3 483 335 70 157
932 4 432 362 65 167
932 9 100 218 13 34
933 3 483 335 70 157
933 4 432 362 65 167
933 9 99 218 14 34
934 3 482 334 70 157
934 4 433 362 64 167
934 9 99 218 14 34
935 3 481 334 65 157
935 4 433 374 65 155
935 9 100 218 13 34
936 3 481 333 65 157
936 4 434 371 65 158
936 9 100 218 13 34
937 3 480 333 65 157
937 4 435 373 65 156
937 9 100 219 14 34
938 3 478 334 66 157
938 4 437 376 65 153
938 9 100 219 14 33
939 3 477 333 59 157
939 4 438 370 65 159
939 9 100 219 14 34
940 3 476 333 59 157
940 4 439 376 65 153
940 9 100 219 14 33
941 3 476 333 59 153
941 4 441 379 64 150
941 9 101 219 13 34
942 3 474 334 59 153
942 4 444 379 57 150
942 9 101 219 13 33
943 3 473 334 53 153
943 4 439 377 65 152
943 9 101 219 13 33
944 3 471 333 53 154
944 4 445 380 57 149
944 9 101 219 13 34
945 3 470 333 49 154
945 4 447 376 58 152
945 9 101 219 13 33
946 3 469 334 49 153
946 4 448 377 59 150
946 9 101 219 13 34
947 3 468 334 50 153
947 4 448 378 63 151
947 9 101 219 13 33
948 3 467 335 50 153
948 4 451 378 61 148
948 9 101 219 13 34
949 3 467 335 50 154
949 4 452 378 61 152
949 9 101 219 14 33
950 3 464 333 52 161
950 4 452 376 69 151
950 9 101 219 13 34
951 3 467 333 49 161
951 4 453 378 69 151
951 9 101 219 14 33
952 3 458 336 55 151
952 4 453 376 69 153
952 9 101 219 13 34
953 3 457 331 56 155
953 4 454 380 65 149
953 9 101 219 14 33
954 3 455 331 59 158
954 4 454 374 69 165
954 9 101 219 14 34
955 3 456 333 53 148
955 4 456 376 68 153
955 9 101 219 14 34
956 3 456 332 53 149
956 4 456 379 69 150
956 9 101 220 13 33
957 3 454 335 53 149
957 4 457 380 68 149
957 9 101 219 14 33
958 3 456 333 53 149
958 4 458 382 60 147
958 9 100 220 14 33
959 3 455 334 53 149
959 4 459 375 68 154
959 9 101 219 13 34
960 3 454 335 53 149
960 4 459 374 68 155
960 9 100 220 14 33
961 3 454 331 53 148
961 4 459 382 68 147
961 9 101 220 13 34
962 3 451 332 53 144
962 4 459 382 69 147
962 9 100 220 13 33
963 3 452 334 53 144
963 4 460 381 68 148
963 9 100 220 13 33
964 3 453 334 53 144
964 4 461 381 68 148
964 9 100 220 13 33
965 3 453 330 53 144
965 4 461 381 68 148
965 9 100 220 13 34
966 3 451 332 53 144
966 4 461 381 68 148
966 9 100 220 14 34
967 3 453 334 53 144
967 4 460 381 68 148
967 9 100 219 13 34
968 3 455 332 53 144
968 4 461 381 68 148
968 9 100 219 13 34
969 3 452 333 53 144
969 4 461 381 68 148
969 9 100 220 14 33
970 3 455 334 53 144
970 4 462 381 68 148
970 9 99 220 14 34
971 3 454 333 53 144
971 4 463 381 68 148
971 9 99 220 14 34
972 3 453 334 53 144
972 4 464 381 69 148
972 9 99 220 14 33
973 3 451 331 53 144
973 4 466 389 69 140
973 9 99 220 14 33
974 3 458 331 53 144
974 4 468 389 68 140
974 9 99 220 14 34
975 3 456 331 53 144
975 4 469 389 69 140
975 9 99 220 14 33
976 3 454 334 53 144
976 4 471 389 69 140
976 9 99 220 14 34
977 3 456 331 57 148
977 4 474 389 69 140
977 9 99 220 14 33
978 3 457 333 57 148
978 4 476 389 69 140
978 9 99 220 14 33
979 3 456 334 57 148
979 4 479 389 69 140
979 9 99 220 14 34
980 3 457 334 57 147
980 4 481 389 69 140
980 9 100 220 13 34
981 3 455 334 61 148
981 4 484 389 69 140
981 9 100 220 14 33
982 3 454 334 70 148
982 4 486 389 69 140
982 9 100 221 14 33
983 3 455 333 65 148
983 4 489 389 68 140
983 9 100 220 14 34
984 3 458 335 65 148
984 4 491 389 69 140
984 9 100 219 14 35
985 3 463 332 57 147
985 4 492 389 69 140
985 9 99 219 15 35
986 3 466 333 53 147
986 4 493 388 69 141
986 9 100 219 14 35
987 3 467 334 53 147
987 4 495 389 69 140
987 9 100 219 14 35
988 3 472 334 50 147
988 4 497 388 69 141
988 9 100 220 14 35
989 3 473 332 50 148
989 4 499 388 69 141
989 9 100 220 15 35
990 3 478 334 46 147
990 4 502 388 69 141
990 9 100 219 15 35
991 3 478 336 46 147
991 4 504 389 69 140
991 9 100 220 15 35
992 3 475 335 52 153
992 4 505 389 69 140
992 9 101 220 14 35
993 3 478 332 50 153
993 4 504 396 73 147
993 9 101 219 14 35
994 3 475 333 50 153
994 4 502 393 76 154
994 9 101 219 14 35
995 3 479 332 50 153
995 4 502 393 77 154
995 9 101 219 14 35
996 3 481 333 50 153
996 4 502 393 77 154
996 9 102 219 14 35
997 3 482 333 49 153
997 4 503 393 77 154
997 9 102 220 14 35
998 3 483 333 49 153
998 4 512 392 68 155
998 9 102 219 14 35
999 3 483 333 50 153
999 4 512 392 68 155
999 9 102 219 14 35
1000 3 485 335 49 153
1000 4 512 393 69 154
1000 9 102 220 14 35
1001 3 485 334 53 153
1001 4 512 393 69 154
1001 9 102 219 14 35
1002 3 489 335 53 153
1002 4 513 394 77 154
1002 9 102 219 15 35
1003 3 490 335 54 153
1003 4 513 394 77 154
1003 9 102 219 15 35
1004 3 491 336 53 153
1004 4 513 395 77 154
1004 9 102 220 15 35
1005 3 492 336 53 155
1005 4 514 395 77 154
1005 9 102 220 14 35
1006 3 491 334 54 155
1006 4 515 396 77 154
1006 9 102 220 14 35
1007 3 494 335 53 159
1007 4 517 396 77 154
1007 9 102 219 14 35
1008 3 492 335 54 158
1008 4 518 396 78 154
1008 9 102 219 14 35
1009 3 496 335 54 158
1009 4 520 396 77 154
1009 9 102 219 14 35
1010 3 498 335 49 158
1010 4 521 397 77 155
1010 9 102 219 15 35
1011 3 500 336 50 158
1011 4 522 398 77 154
1011 9 102 220 15 35
1012 3 497 335 53 159
1012 4 524 398 77 155
1012 9 102 220 14 35
1013 3 500 336 53 158
1013 4 526 399 77 154
1013 9 102 220 14 35
1014 3 501 336 53 158
1014 4 528 398 78 155
1014 9 101 220 15 35
1015 3 501 336 53 159
1015 4 531 399 77 154
1015 9 101 220 15 35
1016 3 498 336 58 159
1016 4 533 399 78 154
1016 9 101 220 15 35
1017 3 498 337 62 158
1017 4 535 399 77 155
1017 9 102 220 14 35
1018 3 500 337 62 158
1018 4 537 401 77 154
1018 9 102 220 14 35
1019 3 498 337 65 159
1019 4 538 402 78 155
1019 9 102 220 14 35
1020 3 500 340 65 159
1020 4 540 402 77 155
1020 9 102 220 14 35
1021 3 500 338 65 159
1021 4 540 400 81 163
1021 9 102 219 14 35
1022 3 500 339 65 159
1022 4 541 400 82 163
1022 9 102 220 14 35
1023 3 501 339 65 159
1023 4 543 401 81 162
1023 9 102 220 14 35
1024 3 501 339 65 159
1024 4 545 401 82 163
1024 9 102 220 14 35
1025 3 502 340 65 159
1025 4 547 401 82 163
1025 9 102 220 14 35
1026 3 502 339 65 159
1026 4 549 403 81 163
1026 9 102 220 14 35
1027 3 503 344 62 158
1027 4 550 405 82 163
1027 9 102 220 15 35
1028 3 503 340 62 165
1028 4 552 406 81 163
1028 9 102 221 15 35
1029 3 504 343 58 160
1029 4 553 407 82 163
1029 9 102 220 15 35
1030 3 505 341 58 160
1030 4 553 407 82 163
1030 9 102 220 15 35
1031 3 505 341 59 166
1031 4 554 407 82 163
1031 9 103 220 14 35
1032 3 507 339 58 165
1032 4 555 406 82 163
1032 9 103 220 14 35
1033 3 508 339 58 165
1033 4 555 406 82 163
1033 9 103 220 14 35
1034 3 506 339 58 166
1034 4 556 406 82 163
1034 9 104 220 15 35
1035 3 505 340 59 166
1035 4 556 406 82 163
1035 9 104 220 15 35
1036 3 509 339 58 166
1036 4 557 407 82 163
1036 9 105 220 14 35
1037 3 508 343 59 163
1037 4 558 407 82 163
1037 9 105 220 14 35
1038 3 507 341 58 164
1038 4 558 407 82 163
1038 9 105 219 14 35
1039 3 505 343 59 163
1039 4 559 407 82 163
1039 9 105 220 14 35
1040 3 510 341 59 163
1040 4 560 407 81 163
1040 9 105 220 14 35
