1 17 -72 195 119 313
1 63 1807 174 71 202
1 116 1270 172 67 222
1 148 118 151 83 237
1 178 1086 192 75 259
1 197 930 161 58 218
1 199 983 198 75 273
1 225 1341 552 263 778
1 230 1698 180 74 216
1 239 1376 112 37 122
1 240 1395 118 40 132
1 242 1318 129 46 153
1 244 1086 422 183 604
1 246 1638 149 57 169
1 354 837 200 75 284
1 494 1520 110 36 113
1 507 1487 111 37 117
1 560 817 186 68 262
1 564 976 183 69 251
1 573 717 379 148 557
1 593 1238 142 52 176
1 617 1485 115 39 124
1 618 1792 213 94 263
1 1149 1464 111 37 116
2 17 -75 195 119 312
2 63 1797 171 69 197
2 64 1547 268 120 357
2 65 1509 242 106 321
2 66 1807 166 67 189
2 116 1264 172 67 221
2 148 116 151 83 237
2 178 1090 192 74 260
2 197 930 161 58 218
2 199 983 198 75 273
2 225 1341 552 263 778
2 230 1727 187 78 228
2 239 1365 110 37 120
2 240 1388 116 39 128
2 242 1346 132 48 155
2 244 915 437 181 633
2 246 1610 146 55 166
2 354 837 200 75 284
2 494 1510 109 35 112
2 507 1487 111 36 117
2 560 817 186 68 262
2 564 973 184 69 252
2 573 719 381 149 560
2 593 1276 144 53 177
2 617 1487 115 39 124
2 618 1796 213 94 263
2 1149 1449 110 37 115
3 17 -75 195 119 312
3 63 1790 167 68 193
3 64 1467 257 113 346
3 65 1429 242 105 323
3 66 1776 162 64 184
3 116 1264 172 67 221
3 148 132 151 82 235
3 178 1090 192 74 260
3 197 930 161 58 218
3 199 976 197 75 273
3 225 1341 552 263 778
3 230 1775 194 83 235
3 239 1346 107 36 117
3 240 1385 113 38 125
3 242 1365 135 49 160
3 244 600 497 204 730
3 246 1594 143 54 162
3 354 840 201 75 283
3 507 1520 112 37 115
3 560 816 185 68 262
3 564 973 184 69 252
3 573 712 380 149 560
3 593 1305 146 54 179
3 617 1473 115 39 123
3 618 1796 213 94 263
3 1149 1448 109 36 116
4 17 -75 195 119 312
4 63 1785 164 65 188
4 64 1417 257 112 346
4 65 1382 243 104 328
4 66 1744 157 62 178
4 67 1589 356 169 489
4 116 1264 172 67 221
4 148 132 151 82 235
4 178 1090 192 74 260
4 197 930 161 58 218
4 199 976 197 75 273
4 225 1341 552 263 778
4 239 1337 106 34 114
4 240 1384 111 37 121
4 242 1402 138 51 162
4 244 213 520 263 775
4 246 1575 141 52 159
4 354 840 201 75 283
4 507 1518 111 37 116
4 560 816 185 68 262
4 564 973 184 69 252
4 573 712 380 149 560
4 593 1323 148 55 181
4 617 1468 114 38 121
4 618 1796 213 94 263
4 1149 1448 109 36 116
5 17 -75 195 119 312
5 63 1785 162 64 183
5 64 1340 255 109 347
5 65 1313 240 102 326
5 66 1705 154 60 176
5 67 1423 371 171 516
5 116 1266 171 67 221
5 148 129 151 83 235
5 178 1090 192 74 260
5 197 930 161 58 218
5 199 966 196 75 272
5 225 1341 552 263 778
5 239 1326 104 34 111
5 240 1381 109 36 117
5 242 1416 141 52 166
5 244 -179 580 354 870
5 246 1550 138 51 156
5 354 840 201 75 283
5 507 1518 111 37 116
5 560 816 185 68 262
5 564 973 184 69 252
5 573 719 381 149 560
5 593 1367 149 56 180
5 617 1460 112 38 120
5 618 1796 213 94 263
5 1149 1446 109 36 115
6 17 -78 195 120 312
6 63 1781 157 62 177
6 64 1238 253 106 349
6 65 1241 239 99 326
6 66 1683 150 57 170
6 67 1265 376 168 531
6 116 1272 172 67 221
6 148 129 151 83 235
6 178 1090 192 74 260
6 197 943 161 59 217
6 199 966 196 75 272
6 225 1341 552 263 778
6 239 1318 103 33 110
6 240 1377 107 35 115
6 242 1440 143 53 170
6 246 1529 136 50 154
6 354 840 201 75 283
6 507 1518 111 37 116
6 560 816 185 68 262
6 564 973 184 69 252
6 573 719 381 149 560
6 593 1392 149 57 181
6 617 1460 112 38 120
6 618 1796 213 94 263
6 1149 1454 109 36 115
7 17 -72 195 119 313
7 63 1769 153 60 171
7 64 1197 255 106 353
7 65 1162 239 97 329
7 66 1655 146 56 166
7 67 1125 382 166 546
7 68 1621 256 115 337
7 116 1272 172 67 221
7 148 129 151 83 235
7 178 1090 192 74 260
7 197 948 159 58 215
7 199 966 196 75 272
7 225 1352 554 264 780
7 239 1306 101 32 108
7 240 1374 106 35 112
7 242 1463 146 55 173
7 246 1506 134 49 152
7 354 840 201 75 283
7 507 1515 111 37 116
7 560 816 185 68 262
7 564 973 184 69 252
7 573 691 378 149 555
7 593 1420 151 57 182
7 617 1454 112 38 119
7 618 1792 213 93 264
7 1149 1454 109 36 115
8 17 -72 195 119 313
8 63 1754 149 57 164
8 64 1113 250 102 348
8 65 1081 239 96 333
8 66 1627 143 54 161
8 67 944 398 165 575
8 68 1508 254 112 338
8 116 1269 172 67 221
8 148 132 151 82 235
8 178 1090 192 74 260
8 197 951 160 59 217
8 199 963 196 74 272
8 225 1352 554 264 780
8 239 1295 100 31 106
8 240 1371 104 34 110
8 242 1497 150 57 178
8 246 1486 132 48 150
8 354 840 201 75 283
8 507 1513 111 37 116
8 560 822 186 68 262
8 564 973 184 69 252
8 573 627 383 153 566
8 593 1416 148 56 177
8 617 1452 111 37 118
8 618 1792 213 93 264
8 1149 1455 109 36 115
9 17 -72 195 119 313
9 63 1763 146 56 160
9 64 1009 251 100 355
9 65 977 239 94 339
9 66 1610 141 53 157
9 67 799 417 166 608
9 68 1409 246 106 330
9 69 1793 174 72 205
9 116 1269 172 67 221
9 148 132 151 82 235
9 178 1090 192 74 260
9 197 944 160 58 216
9 199 963 196 74 272
9 225 1341 552 263 778
9 242 1551 154 59 182
9 246 1455 130 47 146
9 354 840 201 75 283
9 507 1513 111 37 116
9 560 825 186 68 262
9 564 970 183 69 252
9 573 555 392 163 583
9 593 1436 146 55 174
9 617 1479 109 36 114
9 618 1792 213 93 264
9 1149 1449 109 36 114
10 17 -75 195 119 312
10 63 1757 144 54 156
10 64 994 252 100 356
10 65 924 239 93 340
10 66 1586 137 50 153
10 67 674 435 174 639
10 68 1327 242 102 326
10 69 1758 168 68 196
10 116 1272 172 67 221
10 148 132 151 82 235
10 178 1090 192 74 260
10 197 951 161 59 218
10 199 963 196 74 272
10 225 1330 550 261 776
10 242 1569 159 62 189
10 246 1441 128 46 144
10 354 840 201 75 283
10 507 1509 111 36 115
10 560 825 186 68 262
10 564 970 183 69 252
10 573 477 395 172 589
10 593 1460 146 54 172
10 617 1492 109 36 113
10 618 1792 213 93 264
10 1149 1447 109 36 114
11 17 -75 195 119 312
11 63 1746 141 52 153
11 64 944 245 96 348
11 65 865 234 90 335
11 66 1578 134 49 149
11 67 428 471 211 699
11 68 1222 238 98 325
11 69 1703 162 64 188
11 116 1269 172 67 221
11 148 129 151 83 235
11 178 1090 192 74 260
11 197 948 161 59 218
11 199 963 196 74 272
11 225 1319 548 259 774
11 242 1590 162 64 192
11 246 1423 126 44 143
11 354 844 201 75 284
11 507 1504 110 36 112
11 560 825 186 68 262
11 564 967 183 69 252
11 573 229 426 215 642
11 593 1474 144 54 170
11 617 1489 109 36 113
11 618 1792 213 93 264
11 1149 1439 108 36 113
12 17 -72 195 119 313
12 63 1748 140 52 151
12 64 912 234 90 331
12 65 846 233 88 332
12 66 1573 132 48 145
12 67 142 515 271 770
12 68 1146 234 95 323
12 69 1640 157 61 182
12 116 1269 172 67 221
12 148 111 153 85 240
12 178 1090 192 74 260
12 197 948 161 59 218
12 199 963 196 74 272
12 225 1319 548 259 774
12 242 1608 167 67 200
12 246 1407 124 43 140
12 354 848 200 74 283
12 507 1520 108 35 111
12 560 825 186 68 262
12 564 967 183 69 252
12 573 94 457 248 691
12 593 1509 144 53 167
12 617 1485 109 36 113
12 618 1792 213 93 264
12 1149 1432 107 35 112
13 17 -101 197 122 316
13 63 1753 140 52 150
13 64 844 221 84 315
13 65 812 228 85 328
13 66 1556 129 46 141
13 67 -191 562 346 848
13 68 1080 232 93 323
13 69 1585 152 59 177
13 116 1269 172 67 221
13 148 109 153 84 240
13 178 1086 192 75 259
13 197 948 161 59 218
13 199 963 196 74 272
13 225 1319 548 259 774
13 242 1618 172 69 206
13 246 1378 123 43 139
13 354 848 200 74 283
13 507 1519 108 35 110
13 560 825 186 68 262
13 564 967 183 69 252
13 573 -135 498 301 758
13 593 1539 143 54 166
13 617 1481 109 35 112
13 618 1788 213 93 263
13 1149 1421 106 34 110
14 17 -110 196 122 315
14 63 1757 139 51 150
14 64 803 212 79 304
14 65 758 221 81 318
14 66 1553 127 45 139
14 68 1022 228 90 319
14 69 1529 147 55 171
14 70 1143 131 46 161
14 71 1074 129 45 162
14 116 1269 172 67 221
14 148 109 153 84 240
14 178 1086 192 75 259
14 197 948 161 59 218
14 199 966 196 75 272
14 225 1319 548 259 774
14 242 1630 177 72 214
14 246 1358 121 42 138
14 354 852 200 74 282
14 507 1507 107 35 108
14 560 825 186 68 262
14 564 967 183 69 252
14 593 1576 143 54 164
14 617 1472 106 34 109
14 618 1793 217 96 270
14 1149 1418 105 34 109
15 17 -112 196 122 314
15 63 1743 138 51 150
15 64 751 203 75 292
15 65 696 208 78 302
15 66 1543 125 44 137
15 68 919 226 87 319
15 69 1492 142 53 166
15 70 1190 134 48 164
15 71 1110 134 48 167
15 72 1791 170 69 196
15 116 1275 172 67 221
15 148 109 153 84 240
15 178 1086 192 75 259
15 197 948 161 59 218
15 199 970 197 74 272
15 225 1341 552 263 778
15 242 1666 182 75 221
15 246 1338 120 42 137
15 354 855 200 75 282
15 507 1496 105 33 105
15 560 816 185 68 262
15 564 970 183 69 252
15 593 1606 143 54 161
15 617 1461 105 33 107
15 618 1790 216 95 269
15 1149 1411 103 33 107
16 17 -110 196 122 315
16 63 1743 138 51 150
16 64 748 194 71 277
16 65 647 199 75 288
16 66 1537 124 44 136
16 68 849 222 84 316
16 69 1459 138 51 161
16 70 1246 138 50 168
16 71 1164 138 49 171
16 72 1734 163 65 189
16 73 1803 161 64 182
16 116 1275 172 67 221
16 148 109 153 84 240
16 178 1086 192 75 259
16 197 948 161 59 218
16 199 980 197 75 273
16 225 1344 549 261 774
16 242 1727 187 79 226
16 246 1322 119 41 135
16 354 855 200 75 282
16 507 1479 104 33 104
16 560 816 185 68 262
16 564 970 183 69 252
16 593 1629 142 54 160
16 617 1449 103 33 106
16 618 1794 216 95 270
16 1149 1402 102 33 105
17 17 -110 196 122 315
17 63 1743 138 51 150
17 64 718 185 67 265
17 65 586 189 75 276
17 66 1550 125 44 135
17 68 771 218 81 313
17 69 1429 135 49 157
17 70 1289 140 52 171
17 71 1215 143 53 177
17 72 1664 157 62 181
17 73 1733 155 60 175
17 74 1795 169 68 197
17 116 1275 172 67 221
17 148 109 153 84 240
17 178 1086 192 75 259
17 197 948 161 59 218
17 199 980 197 75 273
17 225 1344 549 261 774
17 242 1791 193 82 233
17 246 1310 118 40 134
17 354 860 198 74 280
17 560 816 185 68 262
17 564 970 183 69 252
17 593 1655 142 53 157
17 618 1794 216 95 270
18 17 -107 196 122 315
18 63 1745 139 52 149
18 64 732 180 65 256
18 65 611 182 71 263
18 66 1569 125 44 134
18 68 694 215 80 311
18 69 1415 130 47 151
18 70 1350 146 55 178
18 71 1273 147 55 181
18 72 1616 153 58 176
18 73 1686 150 57 170
18 74 1756 163 65 187
18 116 1275 172 67 221
18 148 102 153 85 239
18 178 1086 192 75 259
18 197 948 161 59 218
18 199 973 197 75 272
18 225 1344 549 261 774
18 246 1295 116 40 133
18 354 851 198 74 280
18 560 816 185 68 262
18 564 970 183 69 252
18 593 1681 142 53 156
18 618 1790 216 95 269
19 17 -110 196 122 315
19 63 1750 139 51 149
19 64 728 173 62 246
19 65 619 174 67 251
19 66 1573 125 44 135
19 68 619 209 82 305
19 69 1402 127 45 146
19 70 1405 151 58 183
19 71 1334 152 57 188
19 72 1568 146 56 169
19 73 1638 146 55 164
19 74 1727 157 61 178
19 116 1272 172 67 221
19 148 102 153 85 239
19 178 1086 192 75 259
19 197 948 161 59 218
19 199 973 197 75 272
19 225 1370 575 277 808
19 246 1277 115 40 132
19 354 851 198 74 280
19 560 822 186 68 262
19 564 970 183 69 252
19 593 1705 141 52 156
19 618 1767 213 93 265
20 17 -110 196 122 315
20 63 1750 139 51 149
20 64 761 165 58 233
20 65 668 167 61 239
20 66 1595 126 45 135
20 68 537 205 85 303
20 69 1405 125 44 142
20 70 1466 155 60 188
20 71 1398 156 60 191
20 72 1537 142 53 163
20 73 1595 142 53 160
20 74 1697 151 58 172
20 116 1272 172 67 221
20 148 104 153 85 239
20 178 1086 192 75 259
20 197 948 161 59 218
20 199 973 197 75 272
20 225 1495 568 282 795
20 246 1262 114 39 130
20 354 841 200 74 282
20 560 822 186 68 262
20 564 970 183 69 252
20 593 1728 142 54 156
20 618 1723 210 91 262
21 17 -110 196 122 315
21 63 1746 138 51 149
21 64 776 161 57 224
21 65 698 160 57 227
21 66 1603 126 45 135
21 68 478 200 86 297
21 69 1399 122 42 138
21 70 1522 160 62 191
21 71 1458 162 63 199
21 72 1506 138 51 158
21 73 1552 137 51 156
21 74 1670 146 55 164
21 116 1272 172 67 221
21 148 104 153 85 239
21 178 1086 192 75 259
21 197 948 161 59 218
21 199 973 197 75 272
21 225 1571 552 278 768
21 246 1248 113 38 128
21 354 838 199 74 283
21 560 822 186 68 262
21 564 970 183 69 252
21 593 1749 142 53 155
21 618 1711 209 91 262
22 17 -110 196 122 315
22 63 1746 138 51 149
22 64 804 156 56 215
22 65 738 154 54 215
22 66 1613 126 45 136
22 68 386 196 90 294
22 69 1404 120 42 135
22 70 1590 165 66 198
22 71 1532 170 68 207
22 72 1483 133 48 152
22 73 1531 134 49 152
22 74 1641 141 52 157
22 116 1272 172 67 221
22 148 104 153 85 239
22 178 1086 192 75 259
22 197 948 161 59 218
22 199 973 197 75 272
22 246 1237 111 38 127
22 354 838 199 74 283
22 560 822 186 68 262
22 564 970 183 69 252
22 593 1762 142 53 154
22 618 1711 209 91 262
23 17 -110 196 122 315
23 63 1720 136 50 145
23 64 811 154 55 212
23 65 757 149 52 207
23 66 1613 126 45 136
23 68 316 191 92 290
23 69 1404 118 40 131
23 70 1658 172 69 205
23 71 1601 174 70 212
23 72 1455 130 47 147
23 73 1503 131 48 146
23 74 1616 136 50 152
23 116 1272 172 67 221
23 148 109 153 84 240
23 178 1086 192 75 259
23 197 948 161 59 218
23 199 973 197 75 272
23 246 1234 110 37 125
23 354 838 199 74 283
23 560 822 186 68 262
23 564 970 183 69 252
23 593 1783 143 53 155
23 618 1716 212 92 267
24 17 -110 196 122 315
24 63 1712 134 49 143
24 64 858 147 52 200
24 65 772 146 51 201
24 66 1614 127 45 136
24 68 230 188 97 290
24 69 1403 116 39 127
24 70 1710 177 73 211
24 71 1671 181 74 221
24 72 1430 126 45 143
24 73 1494 128 45 142
24 74 1595 132 48 146
24 116 1276 172 67 221
24 148 111 153 85 240
24 178 1083 191 74 260
24 197 948 161 59 218
24 199 973 197 75 272
24 246 1232 108 36 123
24 354 838 199 74 283
24 560 822 186 68 262
24 564 970 183 69 252
24 593 1778 143 54 154
24 618 1716 212 92 267
25 17 -110 196 122 315
25 63 1691 130 47 138
25 64 878 144 51 193
25 65 815 142 49 192
25 66 1614 127 45 136
25 68 132 186 101 290
25 69 1404 114 39 124
25 70 1742 184 77 221
25 71 1736 189 80 228
25 72 1412 124 43 139
25 73 1469 124 44 139
25 74 1571 128 46 140
25 116 1276 172 67 221
25 148 111 153 85 240
25 178 1083 191 74 260
25 197 948 161 59 218
25 199 973 197 75 272
25 246 1233 107 35 121
25 354 838 199 74 283
25 560 819 186 68 261
25 564 958 182 68 251
25 593 1781 142 53 154
25 618 1716 212 92 267
26 17 -110 196 122 315
26 63 1669 128 46 136
26 64 916 140 49 186
26 65 850 139 49 186
26 66 1600 126 45 134
26 68 59 182 104 287
26 69 1394 111 37 121
26 70 1811 187 78 222
26 71 1802 193 83 232
26 72 1399 120 41 135
26 73 1458 122 43 134
26 74 1555 125 43 135
26 75 1817 169 68 195
26 116 1276 172 67 221
26 148 111 153 85 240
26 178 1083 191 74 260
26 197 948 161 59 218
26 199 970 197 74 272
26 246 1228 106 35 119
26 354 838 199 74 283
26 560 816 185 68 262
26 564 958 182 68 251
26 593 1777 142 53 153
26 618 1736 214 93 267
27 17 -110 196 122 315
27 63 1648 126 44 132
27 64 939 136 48 179
27 65 884 135 48 180
27 66 1573 123 43 133
27 68 12 179 105 284
27 69 1397 110 36 118
27 72 1384 118 41 131
27 73 1441 119 41 131
27 74 1530 122 43 131
27 75 1784 164 66 189
27 116 1276 172 67 221
27 148 111 153 85 240
27 178 1083 191 74 260
27 197 947 160 59 217
27 199 970 197 74 272
27 246 1232 105 34 117
27 354 841 200 74 282
27 560 819 186 68 261
27 564 958 182 68 251
27 593 1777 142 53 153
27 618 1728 213 93 267
28 17 -110 196 122 315
28 63 1635 124 43 130
28 64 961 133 47 174
28 65 915 132 46 174
28 66 1562 121 42 130
28 68 -48 177 106 282
28 69 1387 108 35 115
28 72 1375 115 39 127
28 73 1429 117 40 128
28 74 1508 119 41 127
28 75 1734 159 63 183
28 116 1276 172 67 221
28 148 129 152 83 238
28 178 1083 191 74 260
28 197 947 160 59 217
28 199 970 197 74 272
28 246 1233 104 34 115
28 354 838 199 74 283
28 560 816 185 68 262
28 564 958 182 68 251
28 593 1776 142 54 154
28 618 1728 213 93 267
29 17 -102 196 121 315
29 63 1622 121 42 127
29 64 986 131 45 168
29 65 941 129 45 169
29 66 1551 120 41 128
29 69 1378 106 35 112
29 72 1357 112 37 123
29 73 1416 114 38 125
29 74 1491 116 39 124
29 75 1699 154 60 176
29 76 1796 183 76 218
29 116 1276 172 67 221
29 148 129 152 83 238
29 178 1083 191 74 260
29 197 947 160 59 217
29 199 970 197 74 272
29 246 1232 103 34 115
29 354 834 199 74 282
29 560 819 186 68 261
29 564 958 182 68 251
29 593 1783 142 54 154
29 618 1724 213 93 267
30 17 -102 196 121 315
30 63 1612 119 41 124
30 64 1006 129 45 164
30 65 960 127 44 164
30 66 1530 118 40 126
30 69 1378 105 34 110
30 72 1361 111 37 120
30 73 1405 112 38 121
30 74 1472 113 38 121
30 75 1665 150 58 171
30 76 1707 181 75 217
30 116 1276 172 67 221
30 148 137 151 82 235
30 178 1083 191 74 260
30 197 953 161 58 217
30 199 966 196 75 272
30 246 1235 102 33 113
30 354 834 199 74 282
30 560 819 186 68 261
30 564 958 182 68 251
30 593 1783 142 54 154
30 618 1724 213 93 267
31 17 -102 196 121 315
31 63 1601 117 40 121
31 64 1019 127 44 161
31 65 976 125 44 160
31 66 1517 116 40 124
31 69 1374 103 33 107
31 72 1347 108 36 117
31 73 1398 110 36 117
31 74 1446 111 37 118
31 75 1638 146 55 165
31 76 1600 177 72 216
31 77 1816 167 67 190
31 116 1276 172 67 221
31 148 137 151 82 235
31 178 1083 191 74 260
31 197 947 160 59 217
31 199 966 196 75 272
31 246 1234 101 32 111
31 354 834 199 74 282
31 560 819 186 68 261
31 564 958 182 68 251
31 593 1783 142 54 154
31 618 1724 213 93 267
32 17 -102 196 121 315
32 63 1581 115 39 119
32 64 1037 124 44 157
32 65 997 123 42 155
32 66 1501 114 39 121
32 69 1369 101 32 105
32 72 1345 106 35 114
32 73 1387 108 35 115
32 74 1443 108 36 114
32 75 1608 142 53 160
32 76 1495 173 69 213
32 77 1789 163 65 186
32 116 1276 172 67 221
32 148 137 151 82 235
32 178 1083 191 74 260
32 197 946 161 59 218
32 199 966 196 75 272
32 246 1235 100 32 109
32 354 834 199 74 282
32 560 822 186 68 262
32 564 958 182 68 251
32 593 1788 143 54 154
32 618 1724 213 93 266
33 17 -102 196 121 315
33 63 1560 113 38 117
33 64 1063 121 42 151
33 65 1019 121 42 151
33 66 1495 113 38 119
33 72 1343 105 34 112
33 73 1385 106 34 112
33 74 1431 106 34 111
33 75 1587 139 52 156
33 76 1383 167 65 209
33 77 1751 158 62 179
33 116 1276 172 67 221
33 148 137 151 82 235
33 178 1083 191 74 260
33 197 946 161 59 218
33 199 983 198 75 273
33 246 1245 100 32 109
33 354 842 199 74 281
33 560 822 186 68 262
33 564 958 182 68 251
33 593 1792 143 54 155
33 618 1724 213 93 266
34 17 -102 196 121 315
34 63 1550 111 36 114
34 64 1079 119 41 146
34 65 1039 118 40 145
34 66 1478 111 37 115
34 72 1333 102 32 109
34 73 1374 104 33 109
34 74 1426 104 33 108
34 75 1580 136 50 153
34 76 1278 163 63 207
34 77 1714 152 59 173
34 116 1276 172 67 221
34 148 137 151 82 235
34 178 1083 191 74 260
34 197 946 161 59 218
34 199 983 198 75 273
34 246 1259 99 32 108
34 354 842 199 74 281
34 560 822 186 68 262
34 564 958 182 68 251
34 593 1783 143 54 154
34 618 1724 213 93 266
35 17 -102 196 121 315
35 63 1530 110 36 111
35 64 1096 117 41 142
35 65 1056 116 40 142
35 66 1462 109 36 114
35 72 1328 102 33 107
35 73 1370 103 33 107
35 74 1413 102 32 106
35 75 1549 132 48 147
35 76 1178 158 59 205
35 77 1672 147 56 167
35 116 1276 172 67 221
35 148 137 151 82 235
35 178 1083 191 74 260
35 197 946 161 59 218
35 199 983 198 75 273
35 246 1261 99 32 107
35 354 842 199 74 281
35 560 819 186 68 261
35 564 958 182 68 251
35 593 1783 143 54 154
35 618 1724 213 93 266
36 17 -102 196 121 315
36 63 1514 109 36 111
36 64 1115 115 39 138
36 65 1064 114 38 137
36 66 1448 107 35 112
36 72 1314 100 31 105
36 73 1362 101 33 106
36 75 1537 129 46 143
36 76 1084 156 58 205
36 77 1636 143 54 162
36 116 1276 172 67 221
36 148 135 151 82 235
36 178 1080 191 74 259
36 197 946 161 59 218
36 199 980 197 75 273
36 246 1260 99 32 105
36 354 839 199 73 280
36 560 816 185 68 262
36 564 952 182 68 251
36 593 1783 143 54 154
36 618 1724 213 93 266
37 17 -102 196 121 315
37 63 1502 107 35 109
37 64 1127 113 38 135
37 65 1079 112 38 134
37 66 1434 105 34 110
37 72 1307 99 31 104
37 73 1352 100 32 105
37 75 1516 126 45 139
37 76 984 154 56 205
37 77 1601 140 52 158
37 116 1276 172 67 221
37 148 135 151 82 235
37 178 1080 191 74 259
37 197 946 161 59 218
37 199 980 197 75 273
37 246 1268 98 31 103
37 354 818 201 75 287
37 560 816 185 68 262
37 564 949 182 68 250
37 593 1781 143 53 154
37 618 1728 213 93 267
38 17 -102 196 121 315
38 63 1489 106 34 108
38 64 1134 111 37 132
38 65 1098 110 36 130
38 66 1418 104 34 108
38 72 1305 98 31 103
38 75 1512 124 44 136
38 76 898 152 55 205
38 77 1572 136 50 152
38 116 1276 172 67 221
38 148 135 151 82 235
38 178 1080 191 74 259
38 197 940 161 59 218
38 199 980 197 75 273
38 246 1285 97 31 103
38 354 787 204 76 292
38 560 819 186 68 261
38 564 955 182 68 251
38 593 1783 143 54 154
38 618 1728 213 93 267
39 17 -102 196 121 315
39 64 1147 110 37 128
39 65 1116 108 36 126
39 66 1405 103 32 105
39 75 1490 122 43 133
39 76 807 150 53 207
39 77 1550 133 48 149
39 116 1273 172 67 220
39 148 135 151 82 235
39 178 1080 191 74 259
39 197 940 161 59 218
39 199 976 198 76 274
39 246 1276 96 30 102
39 354 787 204 76 292
39 560 816 185 68 262
39 564 955 182 68 251
39 593 1781 143 53 154
39 618 1728 213 93 267
40 17 -105 196 121 314
40 64 1163 108 36 126
40 65 1126 107 36 125
40 66 1395 102 32 104
40 75 1477 119 41 130
40 76 720 149 52 208
40 77 1531 130 46 144
40 78 1767 175 71 206
40 116 1270 171 66 221
40 148 137 151 82 235
40 178 1080 191 74 259
40 197 940 161 59 218
40 199 976 198 76 274
40 354 808 204 76 290
40 560 825 186 68 262
40 564 955 182 68 251
40 593 1783 143 54 154
40 618 1732 213 93 266
41 17 -102 196 121 315
41 64 1181 107 36 124
41 65 1140 106 35 122
41 75 1459 117 40 127
41 76 626 146 55 208
41 77 1509 126 45 139
41 78 1703 167 67 196
41 79 1787 168 68 193
41 80 1775 162 65 185
41 116 1270 171 66 221
41 148 137 151 82 235
41 178 1080 191 74 259
41 197 940 161 59 218
41 199 976 198 76 274
41 354 836 203 76 289
41 560 825 186 68 262
41 564 955 182 68 251
41 593 1783 143 54 154
41 618 1724 212 93 266
42 17 -102 196 121 315
42 64 1204 106 35 120
42 65 1160 104 34 119
42 75 1443 114 38 124
42 76 549 145 58 209
42 77 1503 124 43 137
42 78 1651 160 63 187
42 79 1726 161 63 186
42 80 1730 157 61 178
42 116 1273 172 67 220
42 148 137 151 82 235
42 178 1080 191 74 259
42 197 938 161 58 218
42 199 976 198 76 274
42 354 836 203 76 289
42 560 825 186 68 262
42 564 955 182 68 251
42 593 1783 143 54 154
42 618 1724 212 93 266
43 17 -102 196 121 315
43 64 1221 105 35 119
43 65 1186 104 34 117
43 75 1432 112 38 121
43 76 436 144 63 212
43 77 1488 121 42 133
43 78 1608 154 59 180
43 79 1669 156 61 180
43 80 1687 151 58 170
43 116 1273 172 67 220
43 148 137 151 82 235
43 178 1080 191 74 259
43 197 938 161 58 218
43 199 976 198 76 274
43 354 845 198 73 279
43 560 825 186 68 262
43 564 955 182 68 251
43 593 1783 143 54 154
43 618 1715 217 95 273
44 17 -102 196 121 315
44 64 1243 104 34 116
44 65 1205 103 34 115
44 75 1419 110 36 118
44 76 370 142 65 212
44 77 1469 118 41 129
44 78 1570 148 57 172
44 79 1631 150 57 173
44 80 1658 146 55 166
44 116 1273 172 67 220
44 148 137 151 82 235
44 178 1080 191 74 259
44 197 940 161 59 218
44 199 973 198 75 273
44 354 841 197 74 279
44 560 825 186 68 262
44 564 958 182 68 251
44 593 1785 143 54 155
44 618 1715 217 95 273
45 17 -105 196 121 314
45 64 1259 103 34 113
45 65 1225 102 33 112
45 75 1412 109 36 116
45 76 280 141 69 214
45 77 1456 116 39 126
45 78 1547 143 53 164
45 79 1605 146 55 165
45 80 1638 143 54 160
45 116 1273 172 67 220
45 148 137 151 82 235
45 178 1076 191 74 259
45 197 940 161 59 218
45 199 973 198 75 273
45 354 853 199 74 280
45 560 822 186 68 262
45 564 958 182 68 251
45 593 1788 143 54 153
45 618 1687 215 93 271
46 17 -105 196 121 314
46 64 1275 102 32 110
46 65 1239 100 32 110
46 75 1400 107 35 114
46 77 1446 114 38 122
46 78 1521 138 51 159
46 79 1578 141 52 159
46 80 1625 140 52 156
46 116 1273 172 67 220
46 148 160 151 80 235
46 178 1073 191 74 258
46 197 940 161 59 218
46 199 973 198 75 273
46 354 853 199 74 280
46 560 819 186 68 261
46 564 958 182 68 251
46 593 1788 143 53 154
46 618 1664 212 92 268
47 17 -111 195 122 314
47 64 1296 101 32 107
47 65 1254 100 32 108
47 75 1388 106 34 113
47 77 1444 112 38 119
47 78 1497 135 49 153
47 79 1556 137 51 155
47 80 1591 136 50 152
47 81 1694 190 79 231
47 116 1273 172 67 220
47 148 160 151 80 235
47 178 1073 191 74 258
47 197 940 161 59 218
47 199 969 197 76 274
47 354 853 199 74 280
47 560 816 185 68 262
47 564 958 182 68 251
47 593 1788 143 53 154
47 618 1668 212 92 268
48 17 -102 196 121 315
48 64 1307 100 31 105
48 65 1274 99 31 106
48 75 1383 104 33 109
48 77 1440 110 37 118
48 78 1490 132 47 149
48 79 1536 133 49 149
48 80 1580 132 48 147
48 81 1538 183 74 228
48 116 1273 172 67 220
48 148 133 152 83 236
48 178 1073 191 74 258
48 197 943 161 59 219
48 199 969 197 76 274
48 354 853 199 74 280
48 560 822 186 68 262
48 564 958 182 68 251
48 593 1785 143 54 154
48 618 1672 212 92 268
49 17 -102 196 121 315
49 64 1317 99 31 104
49 65 1283 98 31 104
49 75 1381 103 33 108
49 77 1431 109 36 115
49 78 1466 127 45 143
49 79 1521 129 46 144
49 80 1563 130 47 143
49 81 1445 181 72 228
49 116 1273 172 67 220
49 148 135 152 83 236
49 178 1073 191 74 258
49 197 942 161 59 218
49 199 969 197 76 274
49 354 853 199 74 280
49 560 822 186 68 262
49 564 961 183 69 251
49 593 1785 143 54 154
49 618 1683 211 91 266
50 17 -102 196 121 315
50 75 1371 102 33 107
50 77 1436 107 35 111
50 78 1455 125 44 139
50 79 1500 126 45 139
50 80 1548 127 45 138
50 81 1382 180 71 229
50 116 1273 172 67 220
50 148 79 155 87 242
50 178 1073 191 74 258
50 197 942 161 59 218
50 199 969 197 76 274
50 354 853 199 74 280
50 560 822 186 68 262
50 564 958 182 68 251
50 593 1785 143 54 154
50 618 1679 211 91 265
51 17 -102 196 121 315
51 75 1373 101 32 104
51 77 1440 105 34 110
51 78 1440 121 42 135
51 79 1490 123 43 135
51 80 1530 124 43 134
51 81 1346 180 72 232
51 116 1273 172 67 220
51 148 20 154 90 245
51 178 1070 190 73 259
51 197 942 161 59 218
51 199 969 197 76 274
51 354 853 199 74 280
51 560 822 186 68 262
51 564 958 182 68 251
51 593 1785 143 54 154
51 618 1675 211 91 265
52 17 -102 196 121 315
52 77 1433 104 33 107
52 78 1424 118 41 130
52 79 1476 120 42 132
52 80 1516 121 42 132
52 81 1346 180 72 232
52 116 1273 172 67 220
52 178 1070 190 73 259
52 197 942 161 59 218
52 199 969 197 76 274
52 354 853 199 74 280
52 560 822 186 68 262
52 564 958 182 68 251
52 593 1785 143 54 154
52 618 1669 212 91 267
53 17 -102 196 121 315
53 78 1410 116 39 126
53 79 1466 118 40 128
53 80 1508 119 41 128
53 81 1316 179 70 231
53 116 1273 172 67 220
53 178 1070 190 73 259
53 197 942 161 59 218
53 199 969 197 76 274
53 354 853 199 74 280
53 560 822 186 68 262
53 564 956 182 69 250
53 593 1779 142 53 153
53 618 1665 212 91 267
54 17 -100 196 122 315
54 78 1409 114 39 123
54 79 1453 115 40 125
54 80 1495 116 39 125
54 81 1296 179 71 232
54 116 1273 173 67 223
54 178 1070 190 73 259
54 197 942 161 59 218
54 199 969 197 76 274
54 354 832 202 75 286
54 560 822 186 68 262
54 564 956 182 69 250
54 593 1779 142 53 153
54 618 1661 211 91 267
55 78 1400 111 37 121
55 79 1445 113 38 121
55 80 1481 114 38 121
55 81 1318 180 71 231
55 82 1804 202 87 247
55 116 1273 173 67 223
55 178 1070 190 73 259
55 197 942 161 59 218
55 199 969 197 76 274
55 354 811 205 76 291
55 560 820 185 68 260
55 564 956 182 69 250
55 593 1779 142 53 153
55 618 1669 212 91 267
56 78 1394 109 36 117
56 79 1430 111 37 118
56 80 1471 112 37 118
56 81 1318 180 71 231
56 82 1783 203 88 249
56 116 1273 173 67 223
56 178 1070 190 73 259
56 197 942 161 59 218
56 199 969 197 76 274
56 354 798 207 76 295
56 560 820 185 68 260
56 564 956 182 69 250
56 593 1779 142 53 154
56 618 1669 212 91 267
57 78 1384 107 35 114
57 79 1425 108 36 114
57 80 1453 110 36 116
57 81 1318 180 71 231
57 82 1736 202 87 249
57 83 1794 216 95 269
57 116 1258 172 67 222
57 178 1070 190 73 259
57 197 942 161 59 218
57 199 969 197 76 274
57 354 767 206 75 294
57 560 820 185 68 260
57 564 956 182 69 250
57 593 1779 142 53 154
57 618 1672 213 92 268
58 78 1371 105 34 112
58 79 1414 107 35 111
58 80 1445 108 36 112
58 81 1318 180 71 231
58 82 1677 201 85 250
58 83 1794 216 95 270
58 84 1521 112 37 116
58 116 1258 172 67 222
58 178 1070 190 73 259
58 197 942 161 59 218
58 199 969 197 76 274
58 354 751 205 75 294
58 560 820 185 68 260
58 564 956 182 69 250
58 593 1776 142 54 154
58 618 1670 217 95 275
59 78 1367 103 33 108
59 79 1401 104 34 109
59 80 1444 106 35 109
59 81 1327 178 71 230
59 82 1673 203 87 254
59 83 1790 216 95 270
59 84 1503 112 38 117
59 116 1258 172 67 222
59 178 1070 190 73 259
59 197 942 161 59 218
59 199 969 197 76 274
59 354 786 202 74 289
59 560 820 185 68 260
59 564 956 182 69 250
59 593 1776 142 54 154
59 618 1696 222 97 282
60 78 1357 101 32 106
60 79 1397 103 33 108
60 80 1429 104 33 108
60 81 1354 179 71 228
60 82 1643 206 88 260
60 83 1789 217 96 270
60 84 1484 112 38 119
60 116 1258 172 67 222
60 178 1070 190 73 259
60 197 942 161 59 218
60 199 969 197 76 274
60 354 793 203 74 289
60 560 820 185 68 260
60 564 956 182 69 250
60 593 1779 142 53 154
60 618 1696 222 97 282
61 78 1345 100 32 103
61 79 1379 102 33 105
61 80 1424 103 33 105
61 81 1364 176 70 225
61 82 1619 208 89 263
61 83 1778 221 97 276
61 84 1452 114 38 122
61 116 1258 172 67 222
61 178 1070 190 73 259
61 197 943 161 59 217
61 199 966 196 75 272
61 354 793 203 74 289
61 560 826 185 68 261
61 564 956 182 69 250
61 593 1779 142 53 154
61 618 1700 226 100 288
62 81 1365 176 70 224
62 82 1611 213 91 270
62 83 1752 220 97 276
62 84 1426 115 39 124
62 116 1258 172 67 222
62 178 1070 190 73 259
62 197 943 161 59 217
62 199 966 196 75 272
62 354 793 203 74 289
62 560 826 185 68 261
62 564 956 182 69 250
62 593 1779 142 53 154
62 618 1701 229 102 293
63 81 1360 174 68 220
63 82 1584 215 92 275
63 83 1724 221 97 279
63 84 1399 115 39 127
63 116 1258 172 67 222
63 178 1070 190 73 259
63 197 942 161 59 218
63 199 966 196 75 272
63 354 797 202 75 288
63 560 826 185 68 261
63 564 956 182 69 250
63 593 1779 142 53 154
63 618 1710 234 104 300
64 81 1349 173 68 219
64 82 1554 216 92 278
64 83 1702 221 96 279
64 84 1366 116 40 128
64 116 1248 170 65 220
64 178 1070 190 73 259
64 197 942 161 59 218
64 199 966 196 75 272
64 354 801 204 75 291
64 560 826 185 68 261
64 564 956 182 69 250
64 593 1779 142 53 154
64 618 1739 239 108 307
65 81 1350 172 68 219
65 82 1513 218 93 282
65 83 1684 224 98 285
65 84 1348 115 39 129
65 116 1248 170 65 220
65 178 1070 190 73 259
65 197 942 161 59 218
65 199 966 196 75 272
65 354 801 204 75 291
65 560 826 185 68 261
65 564 956 182 69 250
65 593 1779 142 53 154
65 618 1734 239 108 307
66 81 1339 171 67 218
66 82 1473 218 93 286
66 83 1672 229 101 295
66 84 1304 117 40 133
66 116 1234 170 66 220
66 178 1070 190 73 259
66 197 942 161 59 218
66 199 966 196 75 272
66 354 801 204 75 291
66 560 826 185 68 261
66 564 956 182 69 250
66 593 1779 142 53 154
66 618 1757 249 113 320
67 81 1315 169 66 214
67 82 1423 225 95 297
67 83 1636 234 104 303
67 84 1278 117 40 136
67 116 1234 170 66 220
67 178 1070 190 73 259
67 197 942 161 59 218
67 199 966 196 75 272
67 354 776 207 76 298
67 560 826 185 68 261
67 564 956 182 69 250
67 593 1779 142 53 154
67 618 1754 259 119 337
68 81 1300 168 65 214
68 82 1395 231 98 308
68 83 1598 240 105 313
68 84 1253 118 41 136
68 116 1234 170 66 220
68 178 1070 190 73 259
68 197 942 161 59 218
68 199 960 196 74 271
68 354 767 206 75 294
68 560 826 185 68 261
68 564 956 182 69 250
68 593 1779 142 53 154
68 618 1737 260 120 340
69 81 1288 167 65 214
69 82 1382 236 100 315
69 83 1555 243 107 321
69 84 1219 120 41 141
69 116 1234 170 66 220
69 178 1070 190 73 259
69 197 942 161 59 218
69 199 960 196 74 271
69 354 767 206 75 294
69 560 826 185 68 261
69 564 956 182 69 250
69 593 1779 142 53 154
69 618 1690 269 124 354
70 81 1265 166 64 212
70 82 1336 244 104 330
70 83 1511 250 109 332
70 84 1186 121 42 144
70 85 1613 120 41 126
70 116 1222 171 66 221
70 178 1070 190 73 259
70 197 918 162 59 220
70 199 960 196 74 271
70 354 767 206 75 294
70 560 826 185 68 261
70 564 956 182 69 250
70 593 1779 142 53 154
70 618 1619 275 126 366
71 81 1259 165 63 211
71 82 1280 251 106 344
71 83 1461 255 111 342
71 84 1150 122 42 147
71 85 1599 121 42 128
71 116 1219 171 66 221
71 178 1070 190 73 259
71 197 918 162 59 220
71 199 960 196 74 271
71 354 767 206 75 294
71 560 823 185 68 261
71 564 956 182 69 250
71 593 1779 142 53 154
71 618 1582 284 130 382
72 81 1259 165 63 211
72 82 1207 256 106 353
72 83 1403 268 117 364
72 84 1125 123 43 150
72 85 1572 123 43 132
72 116 1234 174 68 225
72 178 1070 190 73 259
72 197 918 162 59 220
72 199 960 196 74 271
72 354 767 206 75 294
72 560 823 185 68 261
72 564 956 182 69 250
72 593 1779 142 53 154
72 618 1497 298 135 406
73 81 1233 164 63 211
73 82 1140 264 109 369
73 83 1347 273 119 374
73 84 1089 123 43 153
73 85 1557 124 43 133
73 116 1222 174 68 226
73 178 1070 190 73 259
73 197 918 162 59 220
73 199 960 196 74 271
73 354 760 205 75 294
73 560 820 185 68 260
73 564 956 182 69 250
73 593 1776 142 54 154
73 618 1399 307 137 423
74 81 1233 164 63 211
74 82 1058 272 111 385
74 83 1274 281 121 390
74 84 1049 124 44 156
74 85 1534 125 44 137
74 116 1219 174 68 228
74 178 1070 190 73 259
74 197 918 162 59 220
74 199 960 196 74 271
74 354 760 205 75 294
74 560 808 184 67 259
74 564 956 182 69 250
74 593 1776 142 54 154
74 618 1290 324 143 454
75 81 1229 165 63 214
75 82 984 276 110 393
75 83 1197 292 124 409
75 84 1006 125 43 160
75 85 1515 126 45 140
75 116 1219 174 68 228
75 178 1070 190 73 259
75 197 918 162 59 220
75 199 960 196 74 271
75 354 760 205 75 294
75 560 808 184 67 259
75 564 956 182 69 250
75 593 1763 141 52 154
75 618 1173 334 144 473
76 81 1211 166 63 215
76 82 898 280 110 402
76 83 1081 302 126 428
76 84 962 127 44 162
76 85 1495 127 45 142
76 86 1791 164 65 188
76 87 1808 196 84 236
76 116 1219 174 68 228
76 178 1070 190 73 259
76 197 918 162 59 220
76 199 960 196 74 271
76 354 755 205 75 294
76 560 808 184 67 259
76 564 956 182 69 250
76 593 1747 142 53 154
76 618 1084 343 145 489
77 81 1193 166 63 215
77 82 806 287 111 418
77 83 996 310 126 443
77 84 954 127 44 165
77 85 1473 128 46 144
77 86 1740 158 62 179
77 87 1790 195 83 235
77 116 1217 175 68 230
77 178 1070 190 73 259
77 197 918 162 59 220
77 199 963 196 74 272
77 354 758 205 75 295
77 560 799 183 66 259
77 564 956 182 69 250
77 593 1744 142 53 155
77 618 947 358 146 516
78 81 1193 166 63 215
78 82 718 296 113 435
78 83 914 322 129 464
78 84 954 127 44 165
78 85 1452 129 46 147
78 86 1693 152 59 172
78 87 1756 191 81 230
78 116 1229 177 69 231
78 178 1070 190 73 259
78 197 918 162 59 220
78 199 963 196 74 272
78 354 805 203 75 290
78 560 794 183 66 259
78 564 956 182 69 250
78 593 1747 143 54 157
78 618 814 374 148 545
79 81 1188 167 64 217
79 82 606 310 124 458
79 83 783 332 129 486
79 84 954 127 44 165
79 85 1434 131 47 150
79 86 1655 147 55 165
79 87 1732 189 80 229
79 116 1244 179 70 233
79 178 1070 190 73 259
79 197 918 162 59 220
79 199 963 196 74 272
79 354 819 202 75 287
79 560 800 184 67 259
79 564 956 182 69 250
79 593 1735 144 55 158
79 618 658 392 156 577
80 81 1183 169 65 221
80 82 484 319 138 478
80 83 647 351 139 520
80 84 952 127 44 164
80 85 1403 132 47 153
80 86 1618 142 53 161
80 87 1732 189 80 230
80 88 1828 167 67 190
80 116 1244 180 71 236
80 178 1073 191 74 258
80 197 918 162 59 220
80 199 960 196 74 271
80 354 806 201 74 286
80 560 827 185 67 259
80 564 956 182 69 250
80 593 1727 146 55 161
80 618 509 412 175 612
81 81 1197 172 66 224
81 82 338 330 158 498
81 83 483 363 158 542
81 84 935 126 43 164
81 85 1370 132 48 155
81 86 1582 138 50 155
81 87 1732 189 80 230
81 88 1751 160 63 184
81 116 1247 182 72 239
81 178 1073 191 74 258
81 197 916 162 58 219
81 199 966 196 75 272
81 354 825 198 73 281
81 560 828 185 68 260
81 564 956 182 69 250
81 593 1706 147 56 164
81 618 301 432 209 648
82 81 1216 175 68 228
82 82 180 339 178 519
82 83 314 382 184 575
82 84 911 126 44 164
82 85 1342 133 47 156
82 86 1551 134 48 150
82 87 1732 189 80 230
82 88 1688 154 60 176
82 116 1265 185 73 242
82 178 1073 191 74 258
82 197 916 162 58 219
82 199 957 198 76 274
82 354 825 198 73 281
82 560 828 185 68 260
82 564 953 182 69 250
82 593 1696 148 57 165
82 618 39 454 254 689
83 81 1229 178 69 232
83 82 7 360 207 555
83 83 117 397 214 605
83 84 871 128 44 168
83 85 1309 133 48 159
83 86 1522 130 47 145
83 87 1732 189 80 230
83 88 1640 149 57 170
83 116 1272 185 74 242
83 178 1078 191 74 258
83 197 916 162 58 219
83 199 962 199 76 277
83 354 825 198 73 281
83 560 828 185 68 260
83 564 953 182 69 250
83 593 1680 148 56 166
83 618 -200 473 296 725
84 81 1225 179 70 235
84 82 -234 382 247 597
84 83 -79 419 249 644
84 84 831 129 44 173
84 85 1249 133 48 161
84 86 1505 127 45 141
84 87 1708 187 79 228
84 88 1593 144 54 165
84 116 1285 186 74 243
84 178 1071 190 74 258
84 197 916 162 58 219
84 199 962 199 76 277
84 354 825 198 73 281
84 560 825 185 68 260
84 564 953 182 69 250
84 593 1676 149 57 169
85 81 1198 178 70 234
85 84 786 130 45 176
85 85 1191 130 46 160
85 86 1485 124 43 137
85 87 1683 185 77 225
85 88 1578 141 52 159
85 90 1801 166 67 190
85 92 1781 235 106 298
85 116 1272 185 74 242
85 178 1071 190 74 258
85 197 916 162 58 219
85 199 962 199 76 277
85 354 825 198 73 281
85 560 825 185 68 260
85 564 953 182 69 250
85 593 1656 149 57 170
85 1109 1806 193 82 232
86 81 1170 175 68 232
86 84 753 132 45 179
86 85 1134 127 45 157
86 86 1472 121 43 133
86 87 1643 181 74 220
86 88 1552 137 50 154
86 90 1746 159 63 182
86 92 1723 230 103 294
86 93 1812 185 77 220
86 116 1239 182 72 239
86 178 1071 190 74 258
86 197 916 162 58 219
86 199 974 201 77 280
86 354 825 198 73 281
86 560 825 185 68 260
86 564 953 182 69 250
86 593 1634 151 58 174
86 1109 1767 187 79 225
87 81 1156 174 67 229
87 84 708 133 46 183
87 85 1089 123 43 153
87 86 1457 118 41 129
87 87 1592 178 72 217
87 88 1542 133 48 149
87 90 1705 153 59 173
87 92 1707 232 104 297
87 93 1774 181 75 215
87 116 1240 179 70 233
87 178 1068 190 73 258
87 197 916 162 58 219
87 199 974 201 77 280
87 354 825 198 73 281
87 560 825 185 68 260
87 564 956 182 69 250
87 593 1614 152 58 176
87 1109 1743 183 76 221
88 81 1156 175 68 232
88 84 670 135 49 189
88 85 1036 121 41 150
88 86 1444 116 39 125
88 87 1560 174 70 212
88 88 1545 130 47 145
88 90 1661 147 56 167
88 92 1702 233 103 298
88 93 1729 178 73 211
88 116 1239 177 69 232
88 178 1075 190 73 259
88 197 916 162 58 219
88 199 962 201 77 279
88 354 825 198 73 281
88 560 825 185 68 260
88 564 956 182 69 250
88 593 1594 154 59 180
88 1109 1690 179 73 215
89 81 1156 175 68 232
89 84 613 139 52 198
89 85 982 118 40 147
89 86 1431 113 38 122
89 87 1515 170 67 208
89 88 1539 127 46 141
89 90 1622 142 53 159
89 92 1679 231 103 297
89 93 1692 174 70 206
89 116 1227 177 68 230
89 178 1075 190 73 259
89 197 916 162 58 219
89 199 952 200 76 279
89 354 825 198 73 281
89 560 825 185 68 260
89 564 953 182 69 250
89 593 1576 156 60 183
89 1109 1667 176 72 211
90 81 1151 173 67 229
90 84 569 143 56 204
90 85 941 115 39 146
90 86 1419 111 37 118
90 87 1477 165 65 203
90 88 1531 125 44 136
90 90 1585 137 50 154
90 92 1667 229 102 295
90 93 1668 170 68 203
90 116 1226 176 68 230
90 178 1071 190 74 258
90 197 916 162 58 219
90 199 954 197 75 275
90 354 825 198 73 281
90 560 825 185 68 260
90 564 953 182 69 250
90 593 1556 156 60 185
90 1109 1636 172 70 208
91 81 1137 170 65 224
91 84 509 146 61 212
91 85 911 114 38 145
91 86 1405 109 36 117
91 87 1455 162 63 199
91 88 1520 122 42 133
91 90 1545 133 48 148
91 92 1654 229 101 293
91 93 1639 167 67 198
91 94 1789 176 72 206
91 116 1225 175 68 227
91 178 1071 190 74 258
91 197 916 162 58 219
91 199 951 197 75 274
91 354 821 198 74 281
91 560 825 185 68 260
91 564 953 182 69 250
91 593 1540 158 61 189
91 1109 1622 170 68 204
92 81 1139 169 64 221
92 84 433 151 66 222
92 85 884 112 37 144
92 86 1392 107 35 114
92 87 1421 158 61 194
92 88 1506 119 41 129
92 90 1507 128 46 142
92 92 1654 225 99 288
92 93 1637 165 65 195
92 94 1744 172 70 201
92 116 1212 173 67 226
92 178 1071 190 74 258
92 197 916 162 58 219
92 199 957 198 76 274
92 354 821 198 74 281
92 560 825 185 68 260
92 564 953 182 69 250
92 593 1510 160 62 194
92 1109 1606 167 66 199
93 81 1132 166 63 218
93 84 356 155 73 232
93 85 867 111 37 143
93 86 1383 105 34 110
93 87 1393 154 59 189
93 88 1497 117 40 125
93 90 1475 124 44 137
93 92 1642 224 98 288
93 93 1611 162 64 192
93 94 1724 170 69 199
93 95 1793 217 96 271
93 116 1208 171 66 223
93 178 1075 190 73 259
93 197 916 162 58 219
93 199 957 198 76 274
93 354 821 198 74 281
93 560 825 185 68 260
93 564 953 182 69 250
93 593 1481 163 64 198
93 1109 1588 164 64 195
94 81 1128 165 63 216
94 84 262 159 80 243
94 87 1361 151 57 184
94 90 1461 121 42 133
94 92 1629 218 94 278
94 94 1707 166 67 195
94 95 1780 218 96 273
94 116 1232 173 68 225
94 178 1080 191 74 259
94 197 923 162 60 220
94 199 978 198 76 275
94 354 835 201 75 284
94 560 829 187 69 263
94 564 952 181 68 250
94 593 1477 166 65 203
94 1109 1591 160 63 189
95 81 1138 167 64 219
95 84 187 166 87 256
95 87 1332 147 55 180
95 90 1432 117 40 127
95 92 1584 212 91 272
95 94 1675 165 66 194
95 95 1731 218 96 276
95 116 1234 173 67 224
95 178 1080 191 74 259
95 197 923 162 60 220
95 199 971 199 76 275
95 354 835 201 75 284
95 560 825 186 68 262
95 564 952 181 68 250
95 593 1464 169 67 209
95 1020 1717 311 147 416
95 1109 1586 160 62 189
96 81 1138 167 64 219
96 84 111 170 94 266
96 87 1336 144 54 176
96 90 1424 115 39 124
96 92 1573 207 87 264
96 93 1500 155 60 185
96 94 1657 163 65 191
96 95 1733 216 95 272
96 116 1234 173 67 224
96 178 1080 192 74 260
96 197 923 162 60 220
96 199 974 198 76 275
96 354 827 201 75 285
96 560 825 186 68 262
96 564 952 181 68 250
96 593 1420 171 67 214
96 1020 1598 314 146 425
96 1021 1740 263 122 343
96 1109 1582 158 62 186
97 81 1138 167 64 219
97 84 77 174 98 272
97 87 1315 142 52 172
97 90 1414 112 37 120
97 92 1561 205 86 260
97 93 1487 153 59 184
97 94 1657 163 65 191
97 95 1709 215 93 270
97 116 1220 172 66 224
97 178 1080 192 74 260
97 197 923 162 60 220
97 199 973 198 75 273
97 354 827 201 75 285
97 560 825 186 68 262
97 564 952 181 68 250
97 593 1395 175 70 222
97 1020 1471 319 145 437
97 1021 1612 255 114 335
97 1109 1564 157 61 185
98 81 1138 167 64 219
98 84 87 175 98 273
98 87 1290 140 51 171
98 90 1395 109 36 116
98 92 1546 200 84 253
98 93 1491 153 58 184
98 94 1657 163 65 191
98 95 1693 213 93 269
98 116 1220 172 66 224
98 178 1080 192 74 260
98 197 923 162 60 220
98 199 973 198 75 273
98 354 834 201 75 286
98 560 829 186 68 261
98 564 952 181 68 250
98 593 1371 178 71 228
98 1020 1321 328 145 457
98 1021 1497 249 108 330
98 1109 1559 155 60 184
99 81 1138 167 64 219
99 84 103 176 97 275
99 87 1297 141 52 171
99 92 1524 197 82 251
99 93 1485 152 59 182
99 94 1652 162 64 191
99 95 1657 211 91 267
99 116 1220 172 66 224
99 178 1080 192 74 260
99 197 923 162 60 220
99 199 968 198 75 274
99 354 834 201 75 286
99 560 823 185 68 261
99 564 952 181 68 250
99 593 1365 183 73 234
99 1020 1176 339 146 481
99 1021 1401 240 103 322
99 1109 1559 155 60 183
100 81 1141 167 63 219
100 84 135 173 94 270
100 87 1339 141 52 170
100 92 1517 196 82 250
100 93 1474 152 58 182
100 94 1650 163 64 193
100 95 1622 208 90 264
100 116 1226 171 66 223
100 178 1080 192 74 260
100 197 923 162 60 220
100 199 946 197 74 274
100 354 832 200 74 284
100 560 826 185 68 261
100 564 952 181 68 250
100 593 1333 184 74 239
100 1020 1008 349 145 501
100 1021 1335 235 99 317
100 1109 1559 155 60 183
101 81 1141 167 63 219
101 84 151 171 92 265
101 87 1365 142 53 171
101 92 1491 195 81 249
101 93 1471 152 58 182
101 94 1621 162 64 191
101 95 1625 205 87 258
101 116 1226 171 66 223
101 178 1080 192 74 260
101 197 923 162 60 220
101 199 930 194 73 270
101 354 822 199 74 283
101 560 826 185 68 261
101 564 952 181 68 250
101 593 1342 189 76 246
101 1020 836 370 148 538
101 1021 1284 236 98 320
101 1109 1554 155 59 183
102 81 1141 167 63 219
102 84 173 167 89 259
102 87 1414 144 54 172
102 92 1497 190 78 241
102 93 1485 155 60 185
102 94 1621 162 64 191
102 95 1588 202 85 255
102 116 1226 171 66 223
102 178 1083 192 75 261
102 197 923 162 60 220
102 199 943 195 74 272
102 354 822 199 74 283
102 560 823 185 68 261
102 564 952 181 68 250
102 593 1327 193 78 253
102 1020 628 385 154 569
102 1021 1214 232 96 318
102 1109 1551 155 60 183
103 81 1141 167 63 219
103 84 180 165 87 255
103 87 1436 147 56 174
103 92 1484 189 77 240
103 93 1485 155 60 185
103 94 1614 162 64 193
103 95 1569 197 82 250
103 116 1226 171 66 223
103 178 1083 192 75 261
103 197 923 162 60 220
103 199 964 197 75 274
103 354 822 199 74 283
103 560 823 185 68 261
103 564 952 181 68 250
103 593 1331 199 80 261
103 1020 362 418 195 627
103 1021 1189 230 95 316
103 1109 1551 155 60 183
104 81 1143 166 63 218
104 84 188 165 86 255
104 87 1450 148 56 177
104 92 1454 186 76 236
104 93 1455 154 58 185
104 94 1600 163 64 193
104 95 1541 192 79 242
104 116 1210 171 66 224
104 178 1070 190 73 257
104 197 913 162 59 220
104 199 969 199 76 276
104 354 821 198 74 281
104 560 833 186 69 262
104 564 952 181 68 250
104 593 1328 203 83 269
104 1020 67 440 243 669
104 1021 1119 229 92 315
104 1109 1566 155 60 182
105 81 1135 167 64 218
105 84 169 166 89 258
105 87 1452 149 57 178
105 92 1431 182 73 231
105 93 1472 154 59 185
105 94 1607 163 64 193
105 95 1513 186 76 234
105 116 1207 171 66 224
105 178 1075 192 75 260
105 197 918 162 59 221
105 199 971 200 76 276
105 354 819 198 74 282
105 560 833 185 68 260
105 564 951 181 67 249
105 593 1314 207 84 275
105 1021 1114 226 91 312
105 1109 1569 155 60 182
106 81 1134 166 63 219
106 84 180 165 87 254
106 87 1459 149 56 178
106 92 1414 178 71 226
106 93 1459 154 59 186
106 94 1608 162 64 193
106 95 1499 180 73 226
106 116 1213 172 66 223
106 178 1072 191 73 259
106 197 918 162 59 221
106 199 974 199 76 276
106 354 815 199 74 282
106 560 824 184 68 258
106 564 969 183 69 251
106 593 1338 215 89 287
106 1021 1114 224 90 308
106 1109 1565 154 60 182
107 81 1129 166 63 217
107 84 205 163 84 251
107 87 1456 150 57 178
107 92 1371 172 68 217
107 93 1476 155 60 185
107 94 1609 163 64 194
107 95 1477 175 71 219
107 116 1218 171 66 222
107 178 1072 191 73 259
107 197 923 163 60 221
107 199 979 199 77 275
107 354 833 201 75 285
107 560 832 186 68 261
107 564 969 183 69 251
107 593 1323 220 91 293
107 1019 1687 261 119 343
107 1021 1138 223 90 306
107 1109 1586 155 59 181
108 81 1132 166 63 218
108 84 260 159 79 243
108 87 1460 149 57 179
108 92 1360 168 66 213
108 93 1474 154 59 186
108 94 1603 163 65 193
108 95 1438 170 68 212
108 116 1215 171 66 221
108 178 1075 190 73 259
108 197 922 163 59 221
108 199 966 198 75 274
108 354 861 205 76 289
108 560 834 184 67 259
108 564 961 182 68 250
108 593 1305 222 92 297
108 1019 1635 258 116 340
108 1021 1164 223 91 306
108 1109 1569 154 60 181
109 81 1130 166 63 219
109 84 307 154 75 234
109 87 1477 150 58 180
109 92 1333 166 64 209
109 93 1474 154 60 185
109 94 1603 163 65 193
109 95 1418 165 64 206
109 116 1221 171 66 222
109 178 1071 190 74 258
109 197 926 162 59 221
109 199 968 198 75 274
109 354 859 205 76 290
109 560 841 185 68 261
109 564 961 181 68 249
109 593 1297 227 95 306
109 1019 1568 255 113 337
109 1021 1164 222 89 304
109 1109 1582 154 59 180
109 1174 1715 304 144 405
110 81 1132 166 63 218
110 84 367 150 70 225
110 87 1486 151 57 179
110 92 1291 161 62 204
110 93 1469 154 59 185
110 94 1609 163 65 193
110 95 1371 162 62 201
110 116 1212 170 66 222
110 178 1068 190 73 258
110 197 921 162 59 220
110 199 971 198 76 274
110 354 859 205 76 290
110 560 825 185 68 260
110 564 961 181 68 249
110 593 1274 233 96 315
110 1019 1518 255 112 339
110 1021 1157 219 88 299
110 1109 1569 154 60 181
110 1174 1634 312 147 422
111 81 1134 167 64 219
111 84 430 146 64 217
111 87 1483 151 58 178
111 92 1244 158 60 201
111 93 1474 154 59 186
111 94 1612 163 64 194
111 95 1303 156 60 194
111 116 1217 171 66 222
111 178 1068 190 73 258
111 197 916 162 58 219
111 199 971 198 76 274
111 354 817 201 74 285
111 560 833 185 68 260
111 564 963 181 68 249
111 593 1254 237 98 322
111 1019 1457 251 110 337
111 1021 1155 218 87 298
111 1109 1573 155 60 181
111 1174 1591 319 150 435
112 81 1126 167 64 219
112 84 481 143 61 208
112 87 1493 150 57 179
112 92 1174 155 59 199
112 93 1469 154 59 185
112 94 1619 163 64 193
112 95 1234 153 57 193
112 116 1226 171 66 223
112 178 1068 190 73 258
112 197 916 162 58 219
112 199 971 198 76 274
112 354 793 199 74 283
112 560 819 186 68 261
112 564 957 181 68 250
112 593 1211 236 97 324
112 1019 1391 244 105 329
112 1021 1149 217 87 297
112 1109 1576 154 59 180
112 1174 1516 322 149 441
112 1175 1657 290 135 386
113 81 1131 166 63 218
113 84 544 139 55 199
113 87 1490 151 57 180
113 92 1104 154 57 201
113 93 1469 154 59 185
113 94 1616 163 64 193
113 95 1163 150 55 191
113 116 1215 171 66 221
113 178 1068 190 73 258
113 197 921 162 59 220
113 199 969 198 76 275
113 354 808 199 73 283
113 560 836 187 69 262
113 564 957 181 68 250
113 593 1155 238 97 328
113 1019 1330 242 102 328
113 1021 1162 216 87 296
113 1109 1573 155 60 182
113 1174 1470 328 151 453
113 1175 1571 288 131 388
114 81 1128 167 63 219
114 84 588 135 52 191
114 87 1485 151 58 179
114 92 1045 154 57 202
114 93 1481 154 59 185
114 94 1613 162 63 191
114 95 1084 148 54 192
114 116 1224 171 66 222
114 178 1071 190 74 258
114 197 922 162 59 220
114 199 961 199 75 276
114 354 830 198 73 281
114 560 826 185 68 261
114 564 966 183 68 251
114 593 1093 239 96 332
114 1019 1276 242 101 329
114 1021 1166 217 87 295
114 1101 1781 170 69 198
114 1109 1565 154 59 182
114 1121 770 123 42 165
114 1169 818 127 44 169
114 1174 1404 332 150 460
114 1175 1511 289 131 393
115 81 1137 167 63 219
115 84 630 132 49 185
115 87 1483 151 58 180
115 92 973 154 56 205
115 93 1476 155 59 185
115 94 1611 162 64 193
115 95 1010 147 53 194
115 116 1218 171 66 222
115 178 1073 191 74 260
115 197 930 162 60 219
115 199 961 199 75 276
115 354 838 199 74 283
115 560 827 186 68 261
115 564 972 182 69 251
115 593 1048 238 95 334
115 1019 1198 240 99 329
115 1021 1204 220 89 300
115 1035 1750 189 80 229
115 1036 1815 168 68 192
115 1101 1732 164 66 191
115 1109 1564 154 59 180
115 1121 753 124 43 169
115 1169 800 130 44 174
115 1174 1317 337 150 472
115 1175 1453 289 129 395
116 81 1128 167 63 219
116 84 642 128 47 179
116 87 1486 151 58 180
116 92 911 154 55 209
116 93 1479 155 60 187
116 94 1602 163 65 194
116 95 936 148 53 198
116 116 1212 170 66 220
116 178 1062 189 73 258
116 197 925 162 59 220
116 199 971 200 76 276
116 354 851 201 75 283
116 593 961 237 93 334
116 1019 1141 235 96 325
116 1021 1262 220 90 296
116 1035 1677 184 76 224
116 1036 1772 162 65 185
116 1101 1700 160 63 186
116 1109 1558 154 59 181
116 1121 731 128 44 174
116 1169 775 133 46 180
116 1174 1264 336 148 472
116 1175 1359 299 132 414
117 81 1131 166 63 218
117 84 659 124 45 172
117 87 1484 151 58 180
117 92 848 156 56 213
117 93 1473 155 60 185
117 94 1598 162 64 193
117 95 859 149 52 203
117 116 1212 170 66 222
117 178 1075 191 74 260
117 197 920 162 59 219
117 199 962 198 76 276
117 354 835 201 75 284
117 560 845 185 68 259
117 564 970 183 69 252
117 593 880 238 92 341
117 1019 1060 232 93 323
117 1021 1347 225 94 300
117 1035 1597 180 73 222
117 1036 1734 157 62 180
117 1039 1673 300 140 401
117 1101 1672 156 61 180
117 1109 1551 153 59 180
117 1121 712 131 45 180
117 1169 750 135 46 185
117 1174 1177 342 148 485
117 1175 1295 303 132 421
117 1178 1792 197 84 239
118 81 1139 167 64 218
118 84 665 122 43 168
118 87 1480 151 57 179
118 92 784 158 56 220
118 93 1473 155 60 185
118 94 1602 162 64 192
118 95 784 150 53 207
118 178 1067 190 73 258
118 197 926 162 59 221
118 199 962 198 76 276
118 354 845 199 74 282
118 560 825 185 68 260
118 564 976 183 69 251
118 593 825 232 88 333
118 1019 984 228 89 319
118 1021 1399 224 95 298
118 1035 1516 174 70 214
118 1036 1693 153 59 174
118 1039 1533 315 145 431
118 1101 1643 152 59 175
118 1109 1546 153 59 179
118 1121 680 133 48 185
118 1124 1217 171 66 222
118 1169 722 137 48 189
118 1174 1086 351 149 503
118 1175 1191 318 137 448
118 1178 1703 191 80 234
119 81 1135 167 64 218
119 87 1483 151 58 181
119 92 713 161 58 229
119 93 1470 155 59 186
119 94 1613 163 64 193
119 95 698 152 54 214
119 116 1212 170 66 222
119 178 1073 190 73 258
119 197 920 162 59 219
119 354 845 199 74 282
119 560 829 186 68 261
119 564 967 183 69 252
119 593 746 229 84 332
119 1019 904 223 86 317
119 1021 1450 224 95 295
119 1035 1443 170 67 211
119 1036 1668 149 57 169
119 1039 1415 334 152 464
119 1048 1706 347 168 472
119 1101 1612 147 56 168
119 1109 1551 153 59 180
119 1121 645 135 50 189
119 1169 680 140 50 196
119 1174 1053 361 152 516
119 1175 1084 323 136 460
119 1178 1633 186 77 228
120 81 1134 166 63 219
120 87 1490 151 57 180
120 92 648 165 62 237
120 93 1468 155 60 186
120 94 1598 162 64 193
120 95 623 155 59 222
120 116 1201 170 65 220
120 178 1071 190 74 258
120 197 922 162 59 220
120 199 946 196 74 271
120 354 838 199 74 283
120 560 823 185 68 261
120 564 969 183 69 251
120 593 670 221 83 322
120 1019 867 219 83 311
120 1021 1488 224 96 295
120 1035 1365 164 64 206
120 1036 1637 145 55 164
120 1039 1319 348 156 488
120 1048 1530 366 173 505
120 1057 1635 425 210 587
120 1101 1596 145 55 165
120 1109 1554 153 59 180
120 1121 596 137 53 196
120 1169 642 142 53 201
120 1174 931 388 160 562
120 1175 939 346 141 500
120 1178 1553 180 73 223
121 81 1143 167 64 218
121 87 1496 151 57 180
121 92 558 169 68 247
121 93 1466 154 59 185
121 94 1593 162 64 192
121 95 534 159 65 233
121 116 1224 170 66 219
121 178 1071 190 74 258
121 197 920 162 59 219
121 199 956 198 75 275
121 354 847 200 74 282
121 560 833 185 68 260
121 564 970 183 69 251
121 593 619 218 86 319
121 1019 813 214 80 307
121 1021 1524 223 96 292
121 1035 1300 160 61 200
121 1036 1618 141 53 160
121 1039 1226 378 168 534
121 1048 1416 387 180 541
121 1057 1504 462 224 644
121 1101 1564 141 52 160
121 1109 1547 153 59 181
121 1121 546 140 56 202
121 1169 588 146 57 209
121 1174 837 411 165 599
121 1175 855 359 143 521
121 1178 1483 174 70 216
121 1192 1804 170 69 197
122 81 1135 166 63 218
122 87 1497 151 57 179
122 92 470 173 74 256
122 93 1463 154 59 185
122 94 1603 163 65 193
122 95 471 163 70 240
122 116 1226 169 65 219
122 178 1071 190 74 258
122 197 920 162 59 219
122 199 959 197 75 272
122 354 838 199 74 283
122 560 836 185 68 261
122 593 556 213 87 315
122 1019 773 212 78 304
122 1021 1538 224 96 291
122 1035 1224 155 58 196
122 1036 1587 138 51 155
122 1039 1143 414 182 590
122 1048 1331 413 190 581
122 1057 1445 511 247 717
122 1063 1812 164 66 187
122 1101 1551 137 50 155
122 1109 1554 154 60 181
122 1121 500 142 59 206
122 1169 538 149 60 214
122 1174 737 434 171 635
122 1175 670 383 152 564
122 1178 1404 168 66 209
122 1192 1767 163 66 188
123 81 1137 167 63 219
123 87 1491 151 58 179
123 92 377 178 82 268
123 93 1470 154 59 185
123 94 1602 162 64 192
123 95 365 168 78 252
123 116 1221 170 66 221
123 178 1071 190 74 258
123 197 920 162 59 219
123 199 968 198 75 274
123 354 838 197 73 279
123 560 831 185 68 261
123 564 967 185 70 255
123 593 497 208 89 309
123 1019 717 209 77 303
123 1021 1532 222 95 289
123 1035 1170 151 56 192
123 1036 1556 134 49 151
123 1039 1050 439 189 630
123 1048 1232 456 207 648
123 1057 1281 570 268 805
123 1063 1779 159 63 179
123 1101 1521 134 49 150
123 1109 1553 152 59 179
123 1121 458 145 63 213
123 1169 495 151 63 219
123 1174 579 466 191 687
123 1175 528 407 171 605
123 1178 1333 164 63 206
123 1192 1730 159 62 181
124 81 1139 167 64 218
124 87 1476 150 58 178
124 92 264 182 91 279
124 93 1458 154 59 186
124 94 1596 163 64 194
124 95 278 172 85 262
124 116 1214 171 66 224
124 178 1082 192 74 259
124 197 916 162 58 219
124 199 966 197 75 273
124 354 841 200 74 282
124 560 828 185 68 260
124 564 964 182 69 251
124 593 446 201 89 300
124 1019 679 202 75 293
124 1021 1525 221 95 287
124 1035 1107 147 54 190
124 1036 1535 131 48 146
124 1039 865 471 193 683
124 1048 1125 515 230 736
124 1063 1746 154 60 172
124 1101 1504 131 47 146
124 1109 1542 152 59 179
124 1121 412 147 66 218
124 1132 1762 160 64 183
124 1169 436 154 68 228
124 1174 333 512 242 760
124 1175 390 429 197 640
124 1178 1262 160 60 203
124 1192 1694 153 59 174
124 1199 1729 240 108 308
125 81 1139 167 64 218
125 87 1484 150 57 179
125 92 165 188 100 290
125 93 1458 154 59 186
125 94 1597 163 64 193
125 95 160 176 94 273
125 116 1214 171 66 224
125 178 1082 192 74 259
125 197 916 162 58 219
125 199 968 198 75 276
125 354 841 200 74 282
125 560 828 185 68 260
125 564 964 182 69 251
125 593 408 193 88 289
125 1019 649 198 76 288
125 1021 1521 222 96 290
125 1035 1047 143 52 186
125 1036 1523 129 46 143
125 1039 643 444 179 652
125 1048 999 584 255 836
125 1063 1729 149 57 166
125 1101 1479 127 45 142
125 1121 353 150 70 225
125 1132 1728 156 61 177
125 1169 371 157 72 235
125 1174 39 556 307 830
125 1175 139 462 245 696
125 1178 1177 155 58 200
125 1192 1655 150 57 170
125 1199 1629 232 102 301
126 81 1139 167 64 218
126 87 1489 151 57 179
126 92 30 196 113 310
126 93 1458 154 59 186
126 94 1597 163 64 193
126 95 52 181 104 285
126 116 1214 171 66 224
126 178 1082 192 74 259
126 197 916 162 58 219
126 199 968 198 75 276
126 354 841 200 74 282
126 560 825 185 68 260
126 564 964 182 69 251
126 593 366 189 88 285
126 1019 611 194 76 282
126 1021 1495 223 96 293
126 1035 991 140 50 183
126 1036 1511 126 44 139
126 1039 311 588 279 865
126 1048 717 683 281 980
126 1063 1691 144 54 160
126 1101 1457 124 44 139
126 1109 1560 153 59 180
126 1121 306 153 74 231
126 1132 1713 150 58 169
126 1169 311 160 77 241
126 1174 -287 596 382 896
126 1175 -168 496 305 755
126 1178 1118 152 56 196
126 1192 1636 146 56 166
126 1199 1548 233 102 306
127 81 1139 167 64 218
127 87 1489 151 57 179
127 92 -89 204 126 327
127 93 1459 154 59 186
127 94 1592 162 64 193
127 95 -101 189 118 304
127 116 1214 171 66 224
127 178 1082 192 74 259
127 197 916 162 58 219
127 199 968 198 75 276
127 354 841 200 74 282
127 560 838 186 69 262
127 564 964 182 69 251
127 593 319 185 89 281
127 1019 575 192 77 281
127 1021 1456 227 97 300
127 1035 936 137 48 180
127 1036 1492 123 43 136
127 1063 1660 143 53 159
127 1101 1438 122 43 135
127 1109 1556 153 59 181
127 1121 247 156 79 240
127 1132 1726 147 57 165
127 1169 259 163 81 249
127 1178 1061 148 54 194
127 1192 1614 143 54 161
127 1199 1490 232 100 306
128 81 1135 167 64 218
128 87 1489 151 57 179
128 93 1459 154 59 186
128 94 1592 162 64 193
128 116 1207 171 66 224
128 178 1082 192 74 259
128 197 916 162 58 219
128 199 968 198 75 276
128 354 841 200 74 282
128 560 840 186 69 261
128 564 964 182 69 251
128 593 301 181 88 274
128 1019 553 187 76 274
128 1021 1364 226 94 301
128 1035 887 134 47 177
128 1036 1477 121 42 132
128 1063 1644 140 52 155
128 1101 1435 120 41 133
128 1109 1555 153 59 179
128 1132 1699 144 55 159
128 1169 195 168 88 258
128 1178 1006 145 53 190
128 1199 1433 236 101 315
129 81 1135 167 64 218
129 87 1489 151 57 179
129 93 1459 154 59 186
129 94 1592 162 64 193
129 116 1207 171 66 224
129 178 1082 192 74 259
129 197 916 162 58 219
129 199 968 198 75 276
129 354 841 200 74 282
129 560 830 184 68 259
129 564 964 182 69 251
129 593 291 174 85 264
129 1019 552 186 76 272
129 1021 1272 227 94 307
129 1035 835 131 45 174
129 1036 1461 119 41 129
129 1101 1415 117 40 130
129 1109 1556 154 59 182
129 1121 98 165 92 258
129 1132 1688 140 52 154
129 1169 144 171 93 266
129 1178 945 142 50 189
129 1192 1577 136 50 152
129 1195 1780 166 67 191
129 1199 1346 241 102 324
130 81 1135 167 64 218
130 87 1489 151 57 179
130 93 1459 154 59 186
130 94 1592 162 64 193
130 116 1207 171 66 224
130 178 1082 192 74 259
130 197 916 162 58 219
130 199 968 198 75 276
130 354 841 200 74 282
130 564 964 182 69 251
130 593 291 173 85 263
130 1019 522 184 77 271
130 1021 1179 231 95 318
130 1035 797 127 43 171
130 1036 1444 116 39 126
130 1063 1607 133 48 147
130 1101 1394 115 39 125
130 1109 1563 154 60 181
130 1121 46 170 97 268
130 1132 1668 136 50 148
130 1169 72 176 100 276
130 1178 875 138 48 184
130 1192 1561 133 49 149
130 1195 1747 161 64 184
130 1199 1227 241 100 330
131 81 1135 167 64 218
131 87 1481 150 58 179
131 93 1459 154 59 186
131 94 1592 162 64 193
131 116 1209 172 66 223
131 178 1082 192 74 259
131 197 916 162 58 219
131 199 968 198 75 276
131 354 841 200 74 282
131 560 824 186 68 261
131 564 964 182 69 251
131 593 260 170 85 261
131 1019 522 184 77 271
131 1021 1058 239 96 333
131 1035 754 125 42 168
131 1036 1432 114 38 122
131 1101 1393 114 39 124
131 1109 1560 154 59 182
131 1113 1809 160 64 180
131 1121 -19 175 104 279
131 1132 1659 132 47 143
131 1178 826 134 46 181
131 1195 1706 155 61 177
131 1199 1123 253 104 354
132 81 1135 167 64 218
132 87 1479 151 57 180
132 93 1459 154 59 186
132 94 1592 162 64 193
132 116 1211 171 66 223
132 178 1082 192 74 259
132 197 916 162 58 219
132 199 968 198 75 276
132 354 841 200 74 282
132 560 825 185 68 260
132 564 964 182 69 251
132 593 239 161 82 248
132 1019 498 181 76 266
132 1021 936 244 95 347
132 1035 737 122 41 166
132 1036 1420 112 37 120
132 1101 1378 111 37 120
132 1109 1563 154 59 181
132 1113 1778 155 60 174
132 1132 1641 130 47 141
132 1169 -89 189 116 303
132 1178 783 131 45 177
132 1192 1553 129 46 142
132 1195 1679 150 58 171
132 1199 1030 263 106 371
133 81 1135 167 64 218
133 87 1479 151 57 180
133 93 1459 154 59 186
133 94 1592 162 64 193
133 116 1211 171 66 223
133 178 1082 192 74 259
133 197 916 162 58 219
133 199 968 198 75 276
133 354 841 200 74 282
133 560 828 183 67 258
133 564 956 182 69 250
133 593 234 161 82 247
133 1019 505 183 77 270
133 1021 856 250 96 360
133 1036 1405 110 36 117
133 1101 1361 109 36 117
133 1109 1563 154 59 181
133 1113 1755 152 58 169
133 1132 1624 128 46 137
133 1178 751 128 44 174
133 1195 1644 147 56 165
133 1199 908 274 108 394
