1 1 396 318 23 38
1 2 350 308 21 53
1 7 570 288 14 44
2 1 395 318 22 38
2 2 350 308 21 53
2 7 570 288 14 44
3 1 396 318 23 38
3 2 350 308 21 53
3 7 570 288 14 44
4 1 395 317 22 38
4 2 351 308 21 53
4 7 570 288 14 44
5 1 395 318 22 38
5 2 351 308 21 52
5 7 569 287 14 45
6 1 396 317 23 38
6 2 352 308 21 53
6 7 569 287 14 45
7 1 396 318 23 38
7 2 352 308 21 52
7 7 569 287 14 45
8 1 396 318 23 38
8 2 352 308 21 52
8 7 569 287 14 45
9 1 395 318 22 38
9 2 353 307 22 55
9 7 569 287 14 45
10 1 395 317 22 39
10 2 353 307 22 55
10 7 568 287 14 45
11 1 395 315 22 39
11 2 354 307 22 55
11 7 568 287 14 44
12 1 394 316 22 39
12 2 354 307 22 55
12 7 568 287 14 44
13 1 394 317 22 39
13 2 355 307 22 55
13 7 568 287 14 44
14 1 394 318 22 39
14 2 355 307 22 55
14 7 568 287 14 44
15 1 395 316 20 39
15 2 355 308 22 55
15 7 568 287 14 44
16 1 396 317 20 39
16 2 355 307 22 55
16 7 568 287 14 44
17 1 393 317 20 39
17 2 356 308 22 55
17 7 568 286 14 44
18 1 395 317 20 39
18 2 356 308 22 55
18 7 567 286 14 44
19 1 392 316 20 39
19 2 356 307 23 54
19 7 567 286 14 44
20 1 392 316 20 39
20 2 356 307 23 54
20 7 567 286 14 44
21 1 392 316 20 39
21 2 356 307 23 54
21 7 567 286 14 44
22 1 391 316 20 39
22 2 357 307 23 54
22 7 567 286 14 43
23 1 391 316 20 39
23 2 357 307 23 54
23 7 566 286 14 43
24 1 391 316 20 39
24 2 358 307 23 54
24 7 566 286 14 44
25 1 390 316 20 39
25 2 358 307 23 54
25 7 566 286 14 43
26 1 390 316 20 39
26 2 358 307 23 54
26 7 566 286 14 43
27 1 390 316 20 39
27 2 358 307 21 54
27 7 566 286 12 43
28 1 389 316 20 40
28 2 358 307 21 54
28 7 565 286 12 43
29 1 389 316 20 40
29 2 359 307 21 54
29 7 565 286 12 43
30 1 389 316 20 40
30 2 359 307 21 54
30 7 565 286 12 43
31 1 388 316 21 41
31 2 360 307 21 53
31 7 565 286 12 43
32 1 388 316 21 41
32 2 360 307 22 55
32 7 565 286 12 43
33 1 388 316 21 41
33 2 360 307 22 55
33 7 565 286 12 43
34 1 387 316 21 41
34 2 361 307 22 55
34 7 565 286 12 42
35 1 387 316 21 41
35 2 361 307 22 55
35 7 564 286 12 42
36 1 387 316 21 41
36 2 362 308 22 54
36 7 564 286 12 42
37 1 386 316 21 41
37 2 363 308 22 55
37 7 564 286 12 42
38 1 386 316 21 41
38 2 362 308 22 54
38 7 564 286 12 42
39 1 386 316 21 41
39 2 363 308 22 54
39 7 562 286 13 42
40 1 386 316 21 41
40 2 363 308 22 54
40 7 564 286 12 41
41 1 385 316 21 41
41 2 364 308 22 54
41 7 564 286 12 41
42 1 385 316 21 41
42 2 364 307 22 54
42 7 562 286 13 41
43 1 385 316 21 41
43 2 365 307 20 54
43 7 562 286 13 41
44 1 385 316 21 41
44 2 365 307 21 55
44 7 562 286 13 41
45 1 384 316 21 41
45 2 365 307 21 55
45 7 562 286 13 40
46 1 384 316 21 41
46 2 366 307 21 55
46 7 562 286 13 40
47 1 384 316 21 41
47 2 366 307 21 55
47 7 561 286 13 40
48 1 384 316 21 41
48 2 367 307 21 55
48 7 561 286 13 40
49 1 384 316 21 41
49 2 367 307 21 54
49 7 561 286 13 40
50 1 384 316 21 41
50 2 368 307 21 55
50 7 561 286 13 40
51 1 383 316 21 41
51 2 368 307 21 55
51 7 561 286 12 40
52 1 383 316 21 41
52 2 369 307 21 55
52 7 561 286 12 39
53 1 383 316 21 41
53 2 369 307 21 55
53 7 561 285 12 39
54 1 383 316 21 41
54 2 370 307 21 54
54 7 560 285 12 39
55 1 382 316 21 41
55 2 370 307 21 55
55 7 560 285 12 39
56 1 382 316 21 41
56 2 370 307 21 55
56 7 560 285 12 39
57 1 382 316 21 41
57 2 370 307 21 54
57 7 560 285 12 39
58 1 382 316 21 41
58 2 370 307 23 55
58 7 560 285 12 39
59 1 382 316 21 41
59 2 370 307 23 55
59 7 559 285 12 39
60 1 382 316 21 41
60 2 372 307 24 55
60 7 559 285 12 39
61 1 381 317 21 41
61 2 372 307 24 55
61 7 559 285 12 39
62 1 381 317 21 41
62 2 372 307 24 55
62 7 559 285 12 39
63 1 381 317 21 40
63 2 372 307 24 55
63 7 559 285 12 39
64 1 380 319 22 38
64 2 373 301 20 57
64 7 558 285 11 39
65 1 381 315 21 40
65 2 373 301 20 57
65 7 558 285 11 39
66 1 380 316 21 41
66 2 373 301 20 57
66 7 558 285 11 38
67 1 380 316 21 41
67 2 373 301 20 57
67 7 558 285 15 38
68 1 380 316 21 41
68 2 373 301 20 57
68 7 558 285 11 38
69 1 380 316 21 41
69 2 373 301 20 56
69 7 557 284 11 39
70 1 380 316 21 41
70 2 373 301 20 56
70 7 557 284 12 39
71 1 380 316 21 41
71 2 374 301 20 56
71 7 557 284 15 39
72 1 380 316 21 41
72 2 374 301 20 56
72 7 557 284 11 38
73 1 379 316 21 41
73 2 379 301 18 52
73 7 556 284 15 41
74 1 379 316 21 41
74 2 379 301 18 52
74 7 556 284 15 42
75 1 379 316 21 40
75 2 379 301 18 52
75 7 556 284 11 38
76 1 379 316 21 40
76 2 379 301 18 52
76 7 556 284 15 42
77 1 378 316 23 40
77 2 380 301 18 52
77 7 556 284 14 42
78 1 378 316 23 40
78 2 379 301 18 52
78 7 555 284 16 42
79 1 378 316 23 40
79 2 380 301 18 51
79 7 555 284 16 42
80 1 378 316 23 40
80 2 380 301 18 51
80 7 555 284 15 43
81 1 378 316 23 40
81 2 381 301 18 51
81 7 555 284 15 42
82 1 377 316 23 40
82 2 381 304 21 48
82 7 554 283 16 43
83 1 377 316 23 40
83 2 381 304 21 48
83 7 554 284 16 42
84 1 376 316 23 40
84 2 385 304 20 48
84 7 554 283 14 40
85 1 376 316 23 40
85 2 385 304 20 49
85 7 555 283 14 39
86 1 376 316 23 40
86 2 385 304 20 49
86 7 554 283 15 40
87 1 376 316 23 40
87 2 385 303 20 49
87 7 556 284 12 39
88 1 375 316 23 40
88 2 386 303 20 49
88 7 553 283 11 37
88 7 556 284 12 39
89 1 375 316 23 40
89 2 386 303 21 49
89 7 553 283 11 37
90 1 375 316 23 40
90 2 386 303 21 50
90 7 553 283 11 37
91 1 374 316 23 40
91 2 389 301 17 51
91 7 553 281 14 42
92 1 374 316 23 40
92 2 389 301 17 51
92 7 552 283 11 37
93 1 374 316 23 40
93 2 389 301 17 51
93 7 552 283 14 38
94 1 374 315 23 40
94 2 389 301 17 51
94 7 552 282 14 37
95 1 373 315 23 41
95 2 390 301 19 51
95 7 554 283 13 38
96 1 373 315 24 41
96 2 390 301 21 51
96 7 552 283 14 38
97 1 373 315 24 41
97 2 391 301 20 51
97 7 552 282 13 37
98 1 373 315 23 42
98 2 391 301 20 51
98 7 552 282 13 37
99 1 373 315 23 42
99 2 391 301 20 51
99 7 553 282 13 37
100 1 372 315 23 42
100 2 392 301 20 51
100 7 553 282 13 37
101 1 372 315 24 44
101 2 392 301 19 52
101 7 553 282 13 37
102 1 372 315 24 44
102 2 392 301 19 52
102 7 552 282 13 37
103 1 371 315 24 44
103 2 392 301 19 52
103 7 552 282 13 37
104 1 371 315 22 43
104 2 392 301 19 52
104 7 552 282 13 37
105 1 371 315 22 43
105 2 392 300 19 53
105 7 552 282 13 36
106 1 370 315 22 43
106 2 392 300 19 53
106 7 552 282 13 36
107 1 370 315 22 43
107 2 393 300 19 52
107 7 552 282 13 36
108 1 370 314 22 44
108 2 393 300 19 53
108 7 552 281 13 36
109 1 370 314 22 44
109 2 393 300 19 53
109 7 550 281 14 36
110 1 369 315 21 39
110 2 393 300 19 52
110 7 550 281 14 36
111 1 369 315 21 39
111 2 393 300 19 52
111 7 550 281 14 36
112 1 369 315 21 39
112 2 393 300 19 52
112 7 550 281 14 36
113 1 369 315 21 39
113 2 393 300 19 52
113 7 550 281 14 36
114 1 368 315 21 39
114 2 393 300 19 52
114 7 550 281 14 36
115 1 368 315 21 39
115 2 394 300 19 52
115 7 549 281 14 36
116 1 368 315 21 39
116 2 394 300 21 57
116 7 549 281 14 36
117 1 368 315 21 39
117 2 394 300 21 57
117 7 549 281 14 36
118 1 367 315 21 39
118 2 394 300 21 56
118 7 549 281 14 36
119 1 367 315 21 39
119 2 394 300 21 56
119 7 549 281 13 35
120 1 367 314 21 39
120 2 394 300 21 56
120 7 548 281 14 36
121 1 367 314 21 39
121 2 395 300 21 56
121 7 548 280 14 36
122 1 367 314 21 39
122 2 395 300 21 56
122 7 548 280 13 35
123 1 367 314 21 39
123 2 395 300 21 56
123 7 548 280 13 35
124 1 366 314 21 39
124 2 393 300 23 56
124 7 548 280 13 35
125 1 366 314 21 39
125 2 393 300 23 56
125 7 548 280 13 35
126 1 366 314 21 39
126 2 393 300 23 56
126 7 548 280 13 35
127 1 366 314 21 39
127 2 393 299 23 56
127 7 547 280 13 35
128 1 366 314 21 39
128 2 393 299 23 56
128 7 547 280 13 35
129 1 366 314 21 39
129 2 394 299 23 56
129 7 547 280 13 35
130 1 366 314 21 39
130 2 395 302 22 53
130 7 547 280 13 35
131 1 366 314 21 39
131 2 395 302 22 53
131 7 547 280 13 35
132 1 366 314 21 39
132 2 395 302 22 53
132 7 547 280 13 35
133 1 366 314 21 39
133 2 395 302 22 53
133 7 547 280 13 35
134 1 366 314 21 39
134 2 396 302 23 53
134 7 546 280 12 35
135 1 366 314 21 39
135 2 396 302 23 53
135 7 547 280 13 35
136 1 366 314 21 39
136 2 396 302 23 53
136 7 546 279 12 35
137 1 366 314 21 38
137 2 396 302 23 53
137 7 546 279 12 35
138 1 366 313 21 38
138 2 394 302 21 56
138 7 546 279 12 34
139 1 365 313 21 39
139 2 394 302 21 56
139 7 546 279 12 34
140 1 365 313 21 39
140 2 394 302 21 56
140 7 545 279 12 34
141 1 366 313 21 38
141 2 394 302 21 56
141 7 545 279 12 34
142 1 365 313 21 39
142 2 394 302 21 56
142 7 545 279 12 34
143 1 365 313 21 39
143 2 394 302 21 57
143 7 545 279 12 34
144 1 365 313 21 39
144 2 394 301 21 57
144 7 545 279 12 34
145 1 366 312 21 39
145 2 393 301 21 57
145 7 545 278 12 34
146 1 365 312 21 39
146 2 393 301 21 57
146 7 545 279 12 34
147 1 365 312 21 39
147 2 393 301 21 57
147 7 545 279 12 34
148 1 367 313 20 38
148 2 393 301 21 56
148 7 544 278 12 34
149 1 367 312 20 38
149 2 393 300 21 57
149 7 544 278 12 34
150 1 365 312 21 40
150 2 393 300 21 56
150 7 544 278 12 34
151 1 365 312 21 40
151 2 393 300 21 56
151 7 544 278 12 34
152 1 365 311 21 40
152 2 393 300 21 56
152 7 544 278 12 34
153 1 365 311 21 40
153 2 393 300 21 56
153 7 544 278 12 34
154 1 365 311 21 40
154 2 393 300 21 56
154 7 543 278 12 34
155 1 365 311 21 39
155 2 393 300 22 54
155 7 543 278 12 33
156 1 365 311 21 40
156 2 393 300 22 54
156 7 543 277 12 33
157 1 365 311 21 40
157 2 393 300 22 54
157 7 543 277 12 33
158 1 365 311 21 40
158 2 393 300 22 54
158 7 543 277 12 33
159 1 365 311 21 40
159 2 393 300 22 54
159 7 543 277 12 33
160 1 365 311 21 40
160 2 393 300 22 54
160 7 542 277 12 33
161 1 365 311 21 40
161 2 393 300 22 55
161 7 542 277 12 33
162 1 366 311 21 39
162 2 394 300 22 54
162 7 542 277 12 33
163 1 365 310 21 40
163 2 394 299 22 55
163 7 542 277 12 33
164 1 366 310 21 40
164 2 394 299 22 55
164 7 542 277 12 33
165 1 366 310 21 40
165 2 394 299 22 55
165 7 542 277 12 33
166 1 366 310 21 39
166 2 394 299 22 55
166 7 542 277 12 33
167 1 366 310 21 39
167 2 395 298 22 55
167 7 542 276 12 33
168 1 366 310 21 39
168 2 394 298 22 55
168 7 541 276 12 33
169 1 367 310 21 40
169 2 395 298 22 54
169 7 541 276 11 32
170 1 367 310 21 39
170 2 395 298 22 55
170 7 541 276 11 32
171 1 367 310 21 40
171 2 395 298 22 55
171 7 541 276 11 32
172 1 367 310 21 40
172 2 395 298 22 55
172 7 541 276 11 32
173 1 367 309 21 40
173 2 395 299 22 55
173 7 541 276 11 32
174 1 367 309 21 40
174 2 395 299 22 55
174 7 541 276 11 32
175 1 367 309 21 40
175 2 396 299 22 55
175 7 541 276 11 32
176 1 367 309 21 40
176 2 396 299 22 55
176 7 540 276 11 32
177 1 368 309 20 39
177 2 396 299 22 55
177 7 540 276 11 32
178 1 368 310 20 38
178 2 396 299 22 55
178 7 540 276 11 32
179 1 368 310 20 38
179 2 396 299 24 55
179 7 540 275 11 32
180 1 368 310 20 38
180 2 396 299 24 55
180 7 540 275 11 32
181 1 368 310 20 38
181 2 395 299 24 56
181 7 540 275 13 34
182 1 368 310 20 38
182 2 395 298 23 56
182 7 540 275 13 34
183 1 368 310 20 38
183 2 395 299 24 56
183 7 540 275 13 34
184 1 368 310 20 38
184 2 395 298 23 56
184 7 540 275 13 34
185 1 369 310 20 38
185 2 395 298 23 56
185 7 540 275 13 34
186 1 369 309 20 38
186 2 395 298 23 56
186 7 540 275 13 34
187 1 367 309 22 37
187 2 395 298 22 55
187 7 539 275 13 34
188 1 367 309 22 37
188 2 395 298 22 55
188 7 540 275 12 33
189 1 367 309 22 39
189 2 395 298 22 55
189 7 540 275 12 33
190 1 367 309 22 39
190 2 395 298 22 55
190 7 540 275 12 33
191 1 367 309 22 39
191 2 395 298 22 55
191 7 540 275 12 33
192 1 367 309 22 39
192 2 395 298 22 55
192 7 539 275 12 33
193 1 367 309 22 39
193 2 395 298 22 55
193 7 539 275 12 33
194 1 367 309 22 39
194 2 395 298 22 55
194 7 539 275 12 33
195 1 367 309 22 39
195 2 395 298 22 55
195 7 539 275 12 33
196 1 367 309 22 39
196 2 395 298 22 55
196 7 539 275 12 33
197 1 367 309 22 39
197 2 395 298 22 55
197 7 539 274 12 33
198 1 367 309 22 39
198 2 395 298 22 55
198 7 539 274 12 33
199 1 367 309 22 39
199 2 396 298 22 55
199 7 537 274 13 32
200 1 367 308 22 39
200 2 396 298 24 56
200 7 537 274 13 32
201 1 367 308 22 39
201 2 396 298 24 55
201 7 537 274 13 32
202 1 367 308 22 39
202 2 396 298 22 55
202 7 537 274 14 32
203 1 367 308 22 39
203 2 396 297 24 56
203 7 537 274 14 32
204 1 367 308 22 39
204 2 396 297 24 56
204 7 537 274 14 32
205 1 367 308 22 39
205 2 396 297 23 55
205 7 537 274 14 32
206 1 367 308 22 39
206 2 396 297 23 55
206 7 537 274 14 32
207 1 367 308 22 39
207 2 396 297 23 55
207 7 537 274 14 32
208 1 367 308 22 39
208 2 396 297 23 55
208 7 537 274 14 32
209 1 367 308 22 39
209 2 396 297 23 55
209 7 537 274 14 32
210 1 367 308 22 39
210 2 396 297 23 55
210 7 537 274 14 32
211 1 367 308 22 39
211 2 396 297 23 55
211 7 537 274 14 32
212 1 367 308 22 39
212 2 396 297 23 55
212 7 537 274 14 32
213 1 367 308 22 39
213 2 396 297 23 55
213 7 537 274 14 32
214 1 367 308 22 39
214 2 396 297 23 55
214 7 537 274 14 32
215 1 367 308 22 39
215 2 396 297 23 55
215 7 537 274 14 32
216 1 367 308 22 39
216 2 396 297 23 55
216 7 537 274 14 32
217 1 367 308 22 39
217 2 396 297 23 55
217 7 537 274 14 32
218 1 367 308 22 39
218 2 396 297 23 55
218 7 537 274 14 32
219 1 367 308 22 39
219 2 396 297 23 55
219 7 537 274 14 32
220 1 367 308 22 39
220 2 396 297 23 55
220 7 537 274 14 32
221 1 367 308 22 39
221 2 396 297 23 55
221 7 537 274 14 32
222 1 367 308 22 39
222 2 396 297 23 55
222 7 537 274 14 32
223 1 367 308 22 39
223 2 396 297 23 55
223 7 537 274 14 32
224 1 367 308 22 39
224 2 396 297 23 55
224 7 537 274 14 32
225 1 367 308 22 39
225 2 396 297 23 55
225 7 537 274 14 32
226 1 367 308 22 39
226 2 396 297 23 55
226 7 537 274 14 32
227 1 367 308 22 39
227 2 396 297 23 55
227 7 537 274 14 32
228 1 367 308 22 39
228 2 396 297 23 55
228 7 537 274 14 32
229 1 367 308 22 39
229 2 396 297 23 55
229 7 537 274 14 32
230 1 364 308 22 39
230 2 395 298 22 55
230 7 533 272 13 31
231 1 364 308 22 39
231 2 395 298 22 55
231 7 533 272 13 31
232 1 364 308 22 39
232 2 395 298 22 55
232 7 533 272 13 31
233 1 363 308 22 39
233 2 395 298 22 54
233 7 533 272 13 31
234 1 363 308 22 39
234 2 395 298 22 55
234 7 533 272 13 31
235 1 363 308 22 39
235 2 395 298 22 55
235 7 533 272 13 31
236 1 363 308 22 39
236 2 394 298 22 55
236 7 532 272 13 31
237 1 363 308 22 39
237 2 394 298 22 55
237 7 532 272 13 31
238 1 363 308 22 39
238 2 394 298 22 55
238 7 532 272 12 30
239 1 363 308 22 39
239 2 394 298 22 55
239 7 532 272 12 31
240 1 363 308 22 39
240 2 394 298 22 55
240 7 532 272 12 30
241 1 363 308 22 39
241 2 394 298 22 55
241 7 532 272 12 31
242 1 363 308 22 39
242 2 394 298 22 55
242 7 532 272 12 31
243 1 363 308 22 39
243 2 394 298 22 55
243 7 532 272 12 31
244 1 363 308 22 39
244 2 394 298 23 55
244 7 532 272 12 31
245 1 363 308 22 39
245 2 394 298 22 55
245 7 532 272 12 30
246 1 363 308 22 39
246 2 394 298 22 55
246 7 531 272 12 30
247 1 363 308 22 39
247 2 394 298 23 56
247 7 531 272 12 30
248 1 363 308 22 39
248 2 394 298 23 56
248 7 531 272 12 30
249 1 363 308 22 38
249 2 394 298 23 56
249 7 531 272 12 30
250 1 363 309 22 38
250 2 394 298 23 56
250 7 531 272 12 30
251 1 363 309 22 38
251 2 394 298 23 56
251 7 531 272 12 30
252 1 363 309 22 38
252 2 394 298 23 56
252 7 531 272 12 30
253 1 363 309 22 38
253 2 394 298 23 56
253 7 531 271 12 30
254 1 363 309 22 38
254 2 394 298 23 56
254 7 531 272 12 30
255 1 363 309 22 38
255 2 394 298 23 56
255 7 531 272 12 30
256 1 363 309 21 38
256 2 393 298 23 57
256 7 530 271 12 30
257 1 363 309 21 38
257 2 393 299 23 56
257 7 530 271 12 30
258 1 364 309 21 38
258 2 393 299 23 56
258 7 530 271 12 30
259 1 364 309 21 38
259 2 393 298 23 56
259 7 530 271 12 30
260 1 364 309 21 37
260 2 393 298 23 56
260 7 530 271 12 30
261 1 363 309 22 38
261 2 393 298 23 56
261 7 530 271 12 30
262 1 364 309 21 37
262 2 393 298 23 56
262 7 530 271 12 30
263 1 364 309 21 38
263 2 393 298 23 56
263 7 530 271 12 30
264 1 364 309 21 38
264 2 392 298 23 57
264 7 530 272 12 29
265 1 365 310 21 37
265 2 392 298 23 56
265 7 529 272 12 29
266 1 365 309 21 37
266 2 392 298 23 56
266 7 529 272 12 29
267 1 365 309 21 37
267 2 392 298 23 56
267 7 529 272 12 29
268 1 364 309 21 38
268 2 392 298 23 56
268 7 529 272 12 29
269 1 364 309 21 38
269 2 392 298 23 56
269 7 529 272 12 29
270 1 364 309 21 38
270 2 392 299 23 56
270 7 529 272 12 29
271 1 364 309 22 38
271 2 391 299 23 55
271 7 529 272 12 29
272 1 364 309 22 38
272 2 391 299 23 55
272 7 528 272 12 29
273 1 364 309 22 38
273 2 391 299 23 55
273 7 528 272 12 29
274 1 364 309 22 38
274 2 391 299 23 55
274 7 528 272 12 29
275 1 364 309 22 39
275 2 391 299 23 55
275 7 528 272 12 29
276 1 363 310 22 39
276 2 391 299 23 55
276 7 528 272 12 29
277 1 363 310 22 39
277 2 392 299 22 55
277 7 528 272 12 29
278 1 363 310 22 39
278 2 392 299 22 55
278 7 528 272 12 29
279 1 363 310 22 39
279 2 391 299 23 55
279 7 528 272 12 29
280 1 363 310 22 39
280 2 391 299 23 56
280 7 528 272 12 29
281 1 363 310 22 39
281 2 391 299 23 56
281 7 528 272 12 29
282 1 363 310 22 39
282 2 391 299 23 56
282 7 528 272 12 29
283 1 363 310 22 39
283 2 391 299 23 56
283 7 528 272 12 29
284 1 363 310 22 39
284 2 392 299 23 56
284 7 528 272 12 29
285 1 363 310 22 39
285 2 392 299 23 56
285 7 528 272 12 29
286 1 362 310 22 39
286 2 392 299 23 56
286 7 527 272 12 29
287 1 362 310 22 39
287 2 392 299 23 56
287 7 527 272 12 29
288 1 362 310 22 39
288 2 392 299 23 56
288 7 527 272 12 29
289 1 362 310 22 39
289 2 392 299 23 56
289 7 527 272 12 29
290 1 362 310 22 39
290 2 392 299 23 56
290 7 527 272 12 29
291 1 362 310 22 39
291 2 392 299 23 56
291 7 527 272 12 29
292 1 361 310 22 39
292 2 392 299 23 56
292 7 527 272 12 29
293 1 361 310 22 39
293 2 392 299 23 56
293 7 527 272 12 29
294 1 361 310 22 40
294 2 392 299 23 56
294 7 527 272 12 29
295 1 361 310 22 40
295 2 392 300 23 56
295 7 526 272 12 29
296 1 361 311 22 40
296 2 392 300 23 56
296 7 526 272 12 29
297 1 361 311 22 40
297 2 392 300 23 56
297 7 526 272 12 29
298 1 360 311 22 39
298 2 392 300 23 56
298 7 526 272 12 29
299 1 360 311 22 40
299 2 391 300 23 56
299 7 526 272 12 29
300 1 360 311 22 40
300 2 391 300 23 57
300 7 526 272 12 29
301 1 360 311 22 39
301 2 391 300 23 57
301 7 526 272 12 29
302 1 360 311 22 40
302 2 391 300 23 57
302 7 526 272 12 29
303 1 360 311 22 40
303 2 391 300 23 57
303 7 526 272 12 29
304 1 359 311 22 40
304 2 390 300 23 57
304 7 525 272 12 29
305 1 359 311 22 39
305 2 390 300 23 57
305 7 525 272 12 29
306 1 359 311 22 40
306 2 390 300 23 57
306 7 525 272 12 29
307 1 359 311 22 39
307 2 390 300 23 57
307 3 623 379 47 90
307 7 525 272 12 29
308 1 359 311 22 39
308 2 390 300 23 56
308 3 621 379 46 88
308 7 525 271 12 29
309 1 359 311 22 39
309 2 390 300 23 57
309 3 621 379 49 89
309 7 525 271 12 29
310 1 359 311 22 39
310 2 390 300 23 56
310 3 619 379 51 89
310 7 525 271 12 29
311 1 359 312 22 39
311 2 389 300 23 56
311 3 616 379 57 93
311 7 525 271 12 29
312 1 359 312 22 39
312 2 389 300 23 56
312 3 614 379 55 91
312 7 524 271 12 29
313 1 359 312 22 39
313 2 389 300 23 56
313 3 612 378 54 91
313 7 524 271 12 29
314 1 358 312 22 39
314 2 389 300 23 56
314 3 610 378 56 93
314 7 524 271 12 29
315 1 358 312 22 39
315 2 389 300 23 56
315 3 610 378 56 93
315 7 524 271 12 29
316 1 358 312 22 39
316 2 389 300 22 55
316 3 608 374 51 96
316 7 524 271 12 29
317 1 358 312 22 39
317 2 389 301 22 55
317 3 607 374 46 96
317 7 524 271 12 29
318 1 358 312 22 39
318 2 389 301 22 54
318 3 604 370 42 96
318 7 524 271 12 29
319 1 358 312 22 39
319 2 389 301 22 55
319 3 602 370 41 94
319 4 639 356 28 79
319 7 524 271 12 29
320 1 358 312 22 39
320 2 389 301 22 55
320 3 600 368 41 96
320 4 636 356 28 78
320 7 523 271 11 29
321 1 358 312 22 39
321 2 389 301 22 55
321 3 585 368 53 96
321 4 635 356 33 78
321 7 523 271 11 29
322 1 358 312 22 39
322 2 389 301 22 55
322 3 585 368 53 96
322 4 635 356 35 78
322 7 523 271 11 29
323 1 358 312 22 39
323 2 389 301 22 55
323 3 581 368 58 96
323 4 633 356 31 77
323 7 523 271 11 29
324 1 358 312 22 39
324 2 389 301 23 55
324 3 578 368 59 96
324 4 632 355 31 77
324 7 523 271 11 29
325 1 358 312 22 39
325 2 389 301 22 55
325 3 574 368 60 93
325 4 629 355 39 77
325 7 523 271 11 29
326 1 357 312 22 39
326 2 389 301 22 54
326 3 572 368 58 92
326 4 627 354 41 78
326 7 523 271 11 29
327 1 357 312 23 41
327 2 389 301 22 54
327 3 574 368 54 90
327 4 626 354 39 78
327 7 523 271 11 29
328 1 359 312 21 42
328 2 389 301 22 55
328 3 574 368 59 91
328 4 626 354 39 78
328 7 523 271 11 29
329 1 358 312 22 42
329 2 389 301 22 55
329 3 573 368 51 92
329 4 623 354 39 77
329 7 523 271 11 29
330 1 358 312 22 42
330 2 389 301 22 55
330 3 571 367 51 94
330 4 621 354 38 76
330 7 523 271 11 27
331 1 358 312 22 42
331 2 389 301 22 55
331 3 572 368 45 91
331 4 620 354 42 75
331 7 523 271 11 27
332 1 358 312 22 42
332 2 389 300 22 55
332 3 569 367 42 88
332 4 619 354 42 74
332 7 523 271 11 27
333 1 358 312 22 42
333 2 389 300 22 55
333 3 565 364 39 92
333 4 616 354 42 73
333 7 521 271 12 27
334 1 358 312 22 42
334 2 389 300 22 55
334 3 565 364 39 92
334 4 616 354 42 73
334 7 521 271 12 27
335 1 358 312 22 42
335 2 389 300 23 55
335 3 559 364 42 91
335 4 607 354 49 73
335 7 521 271 12 27
336 1 358 312 23 41
336 2 389 300 23 56
336 3 554 363 45 91
336 4 606 354 48 73
336 7 521 271 12 27
337 1 358 312 23 41
337 2 389 300 23 56
337 3 552 362 44 91
337 4 604 354 48 71
337 7 521 271 12 27
338 1 358 312 23 41
338 2 389 300 23 56
338 3 550 362 44 90
338 4 603 353 47 71
338 7 521 271 12 27
339 1 358 312 23 41
339 2 389 300 23 56
339 3 544 361 48 86
339 4 600 353 47 71
339 7 521 271 12 27
340 1 358 312 23 42
340 2 389 300 23 56
340 3 544 361 50 89
340 4 600 353 47 71
340 7 521 271 12 27
341 1 358 312 22 43
341 2 389 300 23 56
341 3 542 360 49 90
341 4 599 353 46 70
341 7 520 271 12 27
342 1 358 312 22 43
342 2 388 301 23 56
342 3 541 360 49 90
342 4 597 351 46 70
342 7 520 271 12 27
343 1 358 312 22 43
343 2 389 301 23 55
343 3 540 360 49 89
343 4 596 351 45 70
343 7 520 271 11 27
344 1 358 312 22 43
344 2 388 301 23 55
344 3 535 360 51 89
344 4 594 351 45 70
344 7 520 271 11 27
345 1 358 312 22 43
345 2 388 301 23 56
345 3 534 360 48 88
345 4 592 351 45 69
345 7 520 271 11 27
346 1 358 312 22 43
346 2 388 302 23 55
346 3 534 360 48 88
346 4 592 351 45 69
346 7 520 271 11 27
347 1 358 312 22 43
347 2 388 302 22 55
347 3 533 360 44 89
347 4 591 350 44 69
347 7 519 271 11 27
348 1 358 312 22 43
348 2 388 302 23 55
348 3 534 360 39 88
348 4 589 350 44 67
348 7 519 271 11 27
349 1 358 312 22 43
349 2 388 302 23 56
349 3 533 359 39 88
349 4 588 350 42 66
349 7 519 271 11 27
350 1 358 312 22 43
350 2 387 302 23 56
350 3 531 359 36 85
350 4 587 350 42 66
350 7 519 271 11 27
351 1 359 313 22 43
351 2 387 301 23 56
351 3 529 358 36 85
351 4 586 350 41 65
351 7 519 271 11 27
352 1 359 313 22 43
352 2 387 301 23 57
352 3 529 358 36 85
352 4 586 350 41 65
352 7 519 271 11 27
353 1 359 313 22 39
353 2 387 301 23 56
353 3 528 358 36 85
353 4 583 350 41 64
353 7 519 271 12 27
354 1 359 313 22 39
354 2 387 302 23 56
354 3 527 358 34 83
354 4 582 350 41 62
354 7 518 271 11 27
355 1 357 311 24 41
355 2 387 301 23 56
355 3 514 358 45 83
355 4 581 350 39 61
355 7 518 271 11 27
356 1 357 311 24 41
356 2 387 301 23 56
356 3 512 358 45 84
356 4 579 350 39 61
356 7 518 271 11 27
357 1 358 311 21 41
357 2 387 301 23 56
357 3 510 358 45 82
357 4 577 347 37 63
357 7 518 271 11 27
358 1 358 311 21 41
358 2 387 301 23 56
358 3 510 358 48 84
358 4 577 347 37 63
358 7 518 271 11 27
359 1 358 311 21 41
359 2 387 301 23 56
359 3 510 358 46 85
359 4 576 347 36 62
359 7 517 271 11 27
360 1 358 311 21 41
360 2 386 301 23 56
360 3 512 358 44 82
360 4 572 347 36 61
360 7 517 271 11 27
361 1 358 311 21 41
361 2 387 301 23 56
361 3 510 358 42 81
361 4 570 347 36 60
361 7 515 271 11 26
362 1 358 311 21 41
362 2 387 301 23 56
362 3 508 358 42 80
362 4 569 347 36 59
362 7 514 271 11 26
363 1 358 311 22 42
363 2 387 301 23 56
363 3 508 356 37 81
363 4 567 345 36 61
363 7 513 271 11 26
364 1 358 311 22 42
364 2 387 301 23 56
364 3 508 356 37 81
364 4 564 345 39 61
364 7 513 271 11 26
365 1 358 311 23 43
365 2 387 301 23 56
365 3 504 355 37 80
365 4 562 345 38 56
365 7 513 271 11 26
366 1 358 311 23 43
366 2 387 301 25 59
366 3 502 355 36 82
366 4 560 345 38 56
366 7 512 271 11 26
367 1 358 311 23 43
367 2 387 301 25 59
367 3 501 353 36 83
367 4 558 344 37 56
367 7 511 271 11 26
368 1 358 311 23 43
368 2 387 301 25 59
368 3 494 353 42 82
368 4 556 344 37 56
368 7 511 271 12 26
369 1 358 311 24 44
369 2 388 301 25 59
369 3 492 353 38 82
369 4 554 344 37 55
369 7 511 271 12 26
370 1 358 311 24 44
370 2 388 301 25 59
370 3 492 353 38 82
370 4 553 341 38 57
370 7 511 271 12 26
371 1 358 311 24 44
371 2 388 301 25 59
371 3 488 352 40 81
371 4 552 341 38 56
371 7 510 271 12 26
372 1 358 311 24 44
372 2 388 301 25 59
372 3 486 352 40 81
372 4 549 340 37 57
372 7 510 271 12 26
373 1 358 311 24 44
373 2 388 301 25 59
373 3 484 352 42 81
373 4 547 340 37 57
373 7 510 271 12 26
374 1 358 311 24 44
374 2 389 301 25 59
374 3 482 352 42 81
374 4 545 339 37 56
374 7 509 271 13 27
375 1 357 311 24 44
375 2 389 301 25 59
375 3 480 352 44 78
375 4 543 339 36 56
375 7 509 271 13 27
376 1 357 311 24 44
376 2 389 301 25 60
376 3 480 352 44 78
376 4 543 339 36 56
376 7 509 271 13 27
377 1 357 311 24 44
377 2 389 301 25 59
377 3 478 352 44 78
377 4 540 339 37 56
377 7 509 271 13 27
378 1 359 312 22 43
378 2 390 301 25 59
378 3 477 352 42 77
378 4 539 339 37 56
378 7 508 271 12 28
379 1 359 312 22 43
379 2 390 301 25 59
379 3 476 351 42 81
379 4 537 339 37 56
379 7 508 271 12 28
380 1 359 312 22 43
380 2 390 302 26 59
380 3 474 351 40 78
380 4 535 338 37 56
380 7 508 271 12 28
381 1 359 312 22 43
381 2 390 302 25 58
381 3 478 348 33 81
381 4 533 338 36 55
381 7 507 271 11 28
382 1 359 312 20 43
382 2 391 301 26 61
382 3 478 348 33 81
382 4 533 338 36 55
382 7 507 271 11 28
383 1 359 312 20 43
383 2 391 301 26 61
383 3 477 347 29 78
383 4 531 337 35 56
383 7 507 271 11 28
384 1 359 312 20 43
384 2 391 301 26 61
384 3 475 347 32 80
384 4 529 337 35 56
384 7 507 271 11 28
385 1 356 312 23 42
385 2 391 302 26 60
385 3 474 347 32 79
385 4 528 337 35 54
385 7 507 271 11 27
386 1 356 312 23 42
386 2 391 301 26 61
386 3 471 347 33 77
386 4 525 336 35 54
386 7 506 272 11 28
387 1 356 312 23 42
387 2 392 302 26 60
387 3 463 347 39 76
387 4 523 335 35 54
387 7 506 272 11 28
388 1 356 312 23 42
388 2 392 302 26 60
388 3 463 347 39 76
388 4 523 335 35 54
388 7 506 272 11 29
389 1 356 312 23 42
389 2 392 302 26 60
389 3 459 347 42 76
389 4 522 335 35 54
389 7 505 272 10 25
390 1 356 312 23 42
390 2 392 302 26 60
390 3 458 347 42 75
390 4 519 337 35 55
390 7 505 272 10 25
391 1 356 312 23 42
391 2 392 302 26 61
391 3 456 347 44 75
391 4 517 336 36 56
391 7 504 272 10 25
392 1 356 312 23 42
392 2 392 302 26 61
392 3 454 347 44 75
392 4 517 335 34 57
392 7 504 272 10 25
393 1 356 312 24 44
393 2 395 302 23 61
393 3 452 346 44 75
393 4 516 335 33 57
393 7 504 272 10 25
394 1 356 312 24 44
394 2 392 302 24 61
394 3 452 346 44 75
394 4 514 335 35 57
394 7 504 272 10 25
395 1 356 312 24 44
395 2 392 302 24 61
395 3 453 347 40 72
395 4 513 335 35 57
395 7 504 272 10 25
396 1 356 312 24 44
396 2 392 302 24 61
396 3 452 346 38 74
396 4 512 335 34 56
396 7 502 272 11 26
397 1 356 312 24 44
397 2 392 302 24 61
397 3 454 346 31 73
397 4 510 335 32 56
397 7 502 272 11 26
398 1 356 312 22 44
398 2 392 302 24 61
398 3 456 343 28 75
398 4 509 335 32 56
398 7 500 270 11 27
399 1 356 312 23 46
399 2 392 304 25 61
399 3 449 342 32 77
399 4 506 335 32 55
399 7 500 270 11 27
400 1 356 312 23 46
400 2 392 304 25 61
400 3 449 342 32 77
400 4 506 334 32 56
400 7 500 270 11 27
401 1 356 312 23 46
401 2 392 304 25 61
401 3 448 342 32 76
401 4 505 334 32 56
401 7 499 270 11 27
402 1 356 312 23 46
402 2 392 304 25 61
402 3 441 342 37 74
402 4 504 334 31 55
402 7 499 270 11 27
403 1 356 312 23 46
403 2 392 304 25 61
403 3 440 342 37 74
403 4 503 333 31 53
403 7 499 270 11 27
404 1 356 312 23 46
404 2 392 304 25 61
404 3 439 342 36 72
404 4 501 333 31 53
404 7 499 270 11 27
405 1 356 312 23 46
405 2 391 304 25 61
405 3 436 342 37 73
405 4 500 333 31 53
405 7 498 270 11 27
406 1 356 312 23 46
406 2 391 304 25 61
406 3 436 342 37 73
406 4 500 333 31 53
406 7 498 270 11 27
407 1 356 312 23 46
407 2 391 304 25 61
407 3 435 342 37 72
407 4 499 332 31 52
407 7 498 270 11 27
408 1 356 312 23 46
408 2 391 304 25 61
408 3 433 342 36 72
408 4 498 332 30 52
408 7 498 270 11 27
409 1 355 312 23 46
409 2 391 304 25 61
409 3 431 342 37 72
409 4 497 332 29 52
409 7 497 270 11 27
410 1 355 312 23 46
410 2 391 304 25 60
410 3 428 342 39 71
410 4 495 331 29 52
410 7 497 270 11 27
411 1 355 312 23 46
411 2 390 304 25 61
411 3 427 342 39 71
411 4 495 331 29 51
411 7 497 270 11 27
412 1 355 312 23 46
412 2 391 304 22 60
412 3 427 342 39 71
412 4 495 331 29 51
412 7 497 270 11 27
413 1 355 312 23 46
413 2 391 304 22 60
413 3 426 342 37 71
413 4 494 331 28 50
413 7 497 270 11 27
414 1 355 313 23 45
414 2 391 304 22 60
414 3 427 342 35 72
414 4 493 330 28 49
414 7 496 270 11 27
415 1 355 313 23 45
415 2 391 304 22 60
415 3 424 339 31 73
415 4 491 330 29 49
415 7 496 270 11 27
416 1 355 313 23 45
416 2 391 304 22 60
416 3 429 339 25 74
416 4 490 330 28 48
416 7 495 270 11 27
417 1 355 313 23 45
417 2 390 305 22 60
417 3 428 339 25 74
417 4 490 329 28 47
417 7 495 270 11 27
418 1 355 313 23 45
418 2 390 305 22 60
418 3 428 339 25 68
418 4 489 329 28 46
418 7 495 270 11 27
419 1 355 313 23 45
419 2 390 305 22 60
419 3 427 339 25 68
419 4 490 329 26 46
419 7 494 270 11 27
420 1 355 313 23 45
420 2 390 305 22 59
420 3 419 338 32 67
420 4 489 324 25 51
420 7 494 270 11 27
421 1 355 313 23 45
421 2 390 305 22 59
421 3 415 338 35 68
421 4 488 326 27 48
421 7 494 270 11 27
422 1 355 313 23 45
422 2 390 305 22 59
422 3 414 338 35 68
422 4 487 326 27 47
422 7 494 270 11 27
423 1 355 313 23 45
423 2 390 305 22 59
423 3 412 338 35 68
423 4 487 326 26 47
423 7 494 270 11 27
424 1 355 313 23 45
424 2 390 305 22 60
424 3 413 338 34 67
424 4 487 326 26 47
424 7 494 270 11 27
425 1 355 313 23 45
425 2 390 305 22 59
425 3 411 338 34 66
425 4 486 325 25 46
425 7 494 270 11 27
426 1 355 313 23 45
426 2 390 305 22 59
426 3 409 338 38 67
426 4 485 325 25 46
426 7 494 270 11 27
427 1 355 314 23 45
427 2 390 305 22 59
427 3 410 338 35 68
427 4 484 324 25 45
427 7 495 269 11 27
428 1 355 314 23 45
428 2 390 305 22 59
428 3 411 338 33 69
428 4 483 323 25 46
428 7 494 269 11 27
429 1 357 314 23 44
429 2 390 305 22 60
429 3 410 338 29 65
429 4 482 323 24 46
429 7 494 269 11 27
430 1 357 314 19 41
430 2 390 305 22 59
430 3 410 336 29 67
430 4 483 323 24 45
430 7 494 269 11 27
431 1 357 314 20 44
431 2 390 305 22 60
431 3 409 336 28 67
431 4 482 321 25 46
431 7 495 269 11 27
432 1 357 314 20 44
432 2 390 305 22 60
432 3 408 336 24 67
432 4 481 321 25 46
432 7 494 269 11 27
433 1 357 314 20 44
433 2 390 305 22 60
433 3 401 336 29 66
433 4 480 320 25 45
433 7 494 269 11 27
434 1 358 314 20 44
434 2 390 305 22 60
434 3 400 336 29 65
434 4 479 320 25 45
434 7 495 269 11 27
435 1 358 314 20 44
435 2 390 305 22 60
435 3 395 336 33 64
435 4 478 320 25 45
435 7 494 269 11 27
436 1 358 314 20 44
436 2 390 305 22 60
436 3 396 336 32 66
436 4 478 320 25 45
436 7 494 269 11 27
437 1 358 314 20 44
437 2 390 305 22 60
437 3 394 336 32 65
437 4 478 319 23 45
437 7 494 269 11 27
438 1 358 314 20 44
438 2 390 305 22 60
438 3 393 335 31 66
438 4 477 319 23 45
438 7 494 269 11 27
439 1 358 314 20 44
439 2 390 306 22 60
439 3 392 335 31 65
439 4 476 319 23 45
439 7 494 269 11 27
440 1 359 314 20 44
440 2 390 306 22 60
440 3 389 335 32 65
440 4 475 319 23 44
440 7 494 269 11 27
441 1 355 314 23 44
441 2 389 306 22 60
441 3 388 335 32 64
441 4 474 318 23 44
441 7 494 269 11 27
442 1 355 314 23 44
442 2 389 306 22 60
442 3 388 335 34 63
442 4 474 318 23 44
442 7 494 269 11 27
443 1 355 315 23 42
443 2 389 306 22 60
443 3 387 335 34 61
443 4 473 318 23 44
443 7 494 269 11 27
444 1 355 315 23 42
444 2 389 306 22 61
444 3 385 336 34 63
444 4 472 317 22 48
444 7 494 269 11 27
445 1 355 315 23 42
445 2 389 306 22 61
445 3 384 336 34 61
445 4 470 317 23 48
445 7 493 269 11 28
446 1 355 315 23 42
446 2 388 306 22 60
446 3 385 336 30 64
446 4 469 317 23 48
446 7 492 269 12 29
447 1 356 315 24 42
447 2 388 306 22 61
447 3 384 334 30 64
447 4 468 316 23 47
447 7 492 269 12 29
448 1 356 315 24 42
448 2 388 306 22 61
448 3 384 334 26 62
448 4 468 316 23 47
448 7 492 269 12 29
449 1 356 315 24 42
449 2 388 305 22 61
449 3 386 334 23 62
449 4 467 316 23 47
449 7 492 269 12 29
450 1 356 315 24 42
450 2 387 305 22 59
450 3 385 334 24 62
450 4 467 317 21 43
450 7 492 269 12 29
451 1 356 315 24 42
451 2 387 305 22 59
451 3 384 334 24 62
451 4 463 315 25 45
451 7 492 269 12 29
452 1 357 315 24 42
452 2 387 306 22 60
452 3 380 334 26 63
452 4 462 315 25 45
452 7 491 269 12 29
453 1 357 315 24 42
453 2 387 305 22 59
453 3 379 334 27 62
453 4 461 314 25 45
453 7 491 269 12 29
454 1 357 315 24 43
454 2 387 305 22 59
454 3 379 334 27 62
454 4 460 314 26 45
454 7 491 269 12 29
455 1 357 315 24 43
455 2 387 305 22 59
455 3 378 333 27 63
455 4 459 314 26 45
455 7 491 269 12 29
456 1 357 315 24 43
456 2 386 305 22 59
456 3 373 331 31 61
456 4 458 314 26 45
456 7 491 269 12 29
457 1 358 315 24 43
457 2 386 305 22 61
457 3 373 331 30 62
457 4 457 313 23 45
457 7 491 269 12 29
458 1 358 315 24 43
458 2 386 305 22 61
458 3 372 331 31 61
458 4 456 313 22 46
458 7 491 269 12 28
459 1 358 315 24 43
459 2 386 305 22 61
459 3 371 331 31 60
459 4 455 313 22 46
459 7 491 269 12 29
460 1 358 315 24 43
460 2 386 305 22 61
460 3 371 329 31 62
460 4 455 313 22 46
460 7 491 269 12 29
461 1 358 315 24 43
461 2 386 305 22 61
461 3 371 329 29 61
461 4 454 313 22 46
461 7 491 269 12 28
462 1 358 315 24 43
462 2 386 305 22 61
462 3 370 329 28 60
462 4 450 312 25 44
462 7 491 269 12 28
463 1 358 315 24 43
463 2 386 305 22 61
463 3 371 329 23 62
463 4 449 312 25 44
463 7 491 269 12 28
464 1 358 315 24 43
464 2 386 305 22 59
464 3 368 329 25 61
464 4 448 312 24 44
464 7 491 269 12 28
465 1 358 315 24 43
465 2 386 305 22 61
465 3 367 329 22 61
465 4 447 312 24 44
465 7 491 269 12 28
466 1 358 315 24 43
466 2 386 305 22 61
466 3 366 329 23 60
466 4 447 312 23 44
466 7 491 269 12 28
467 1 358 315 24 43
467 2 386 305 22 61
467 3 362 329 27 61
467 4 446 312 23 44
467 7 491 269 12 28
468 1 358 315 24 43
468 2 386 305 22 61
468 3 359 328 29 61
468 4 445 312 23 43
468 7 491 269 12 28
469 1 359 315 24 43
469 2 386 305 22 61
469 3 359 326 27 63
469 4 443 311 22 43
469 7 490 269 12 28
470 1 359 315 24 43
470 2 386 306 22 61
470 3 357 326 29 62
470 4 442 311 22 43
470 7 490 269 12 28
471 1 359 315 24 43
471 2 386 306 22 61
471 3 357 326 29 61
471 4 441 310 23 43
471 7 490 269 12 28
472 1 359 315 24 43
472 2 386 306 22 61
472 3 357 326 28 62
472 4 441 310 23 43
472 7 490 269 12 28
473 1 359 315 24 43
473 2 387 306 22 60
473 3 357 326 27 63
473 4 439 310 21 41
473 7 490 269 12 28
474 1 359 315 24 43
474 2 387 306 22 60
474 3 356 326 27 63
474 4 438 310 20 41
474 7 490 269 12 28
475 1 359 315 24 43
475 2 387 306 22 60
475 3 355 326 27 60
475 4 436 310 21 40
475 7 490 269 12 28
476 1 359 315 24 43
476 2 388 306 22 61
476 3 354 326 27 60
476 4 435 309 20 40
476 7 490 269 12 28
477 1 359 315 24 43
477 2 388 307 22 61
477 3 353 326 27 59
477 4 433 309 22 40
477 7 490 269 12 28
478 1 359 315 24 43
478 2 388 307 22 61
478 3 353 326 27 59
478 4 433 309 22 40
478 7 490 269 12 28
479 1 359 315 24 43
479 2 388 307 22 61
479 3 352 326 27 60
479 4 432 309 22 40
479 7 490 269 12 28
480 1 359 315 25 44
480 2 389 307 22 61
480 3 352 326 24 61
480 4 431 308 22 40
480 7 490 269 12 28
481 1 360 315 24 43
481 2 388 307 23 61
481 3 351 326 23 59
481 4 429 308 22 40
481 7 490 269 12 28
482 1 360 315 24 43
482 2 388 307 23 61
482 3 353 324 20 60
482 4 428 308 22 40
482 7 490 269 12 28
483 1 359 315 24 44
483 2 388 307 23 61
483 3 351 324 21 59
483 4 427 307 22 39
483 7 490 269 12 28
484 1 359 315 24 44
484 2 388 307 23 61
484 3 351 324 21 59
484 4 427 307 22 39
484 7 490 269 12 28
485 1 359 315 24 44
485 2 389 307 24 61
485 3 350 324 21 59
485 4 426 307 22 39
485 7 490 269 12 28
486 1 360 315 24 43
486 2 389 307 24 61
486 3 348 324 22 59
486 4 425 307 23 40
486 7 489 269 12 28
487 1 360 315 24 44
487 2 390 306 24 62
487 3 343 324 28 59
487 4 424 307 23 40
487 7 489 268 12 28
488 1 360 315 24 44
488 2 389 306 24 61
488 3 342 324 28 59
488 4 423 307 23 40
488 7 489 268 10 28
489 1 360 315 24 44
489 2 389 306 24 61
489 3 343 324 26 55
489 4 422 306 23 39
489 7 489 268 12 28
490 1 360 315 24 44
490 2 390 306 24 62
490 3 343 324 26 55
490 4 422 306 23 39
490 7 489 268 12 28
491 1 360 315 24 44
491 2 390 306 24 62
491 3 342 324 26 55
491 4 420 306 22 38
491 7 489 268 12 28
492 1 360 315 24 44
492 2 390 306 24 61
492 3 342 323 25 55
492 4 419 306 22 38
492 7 489 268 12 28
493 1 360 315 24 44
493 2 391 306 24 62
493 3 341 323 23 54
493 4 418 306 22 38
493 7 489 268 12 28
494 1 360 315 24 44
494 2 391 306 24 61
494 3 340 323 21 54
494 4 417 306 22 37
494 7 488 268 11 28
495 1 360 315 24 44
495 2 391 306 24 61
495 3 340 319 20 58
495 4 416 306 22 37
495 7 488 268 11 28
496 1 360 315 24 44
496 2 391 306 24 61
496 3 340 319 20 58
496 4 416 306 22 37
496 7 488 268 11 28
497 1 360 315 24 44
497 2 392 307 24 60
497 3 339 319 21 58
497 4 415 305 22 37
497 7 488 268 11 28
498 1 360 315 24 44
498 2 392 307 24 60
498 3 337 319 22 58
498 4 413 305 22 37
498 7 488 268 11 28
499 1 360 315 24 44
499 2 392 307 23 60
499 3 334 319 25 58
499 4 412 305 22 37
499 7 488 268 11 28
500 1 363 315 21 44
500 2 393 307 22 59
500 3 334 319 26 59
500 4 413 303 18 38
500 7 487 268 11 28
501 1 363 315 21 44
501 2 393 308 24 60
501 3 334 319 26 57
501 4 412 303 18 38
501 7 487 268 11 28
502 1 363 315 21 44
502 2 393 308 24 60
502 3 332 319 28 56
502 4 412 303 18 38
502 7 487 268 11 28
503 1 363 315 21 44
503 2 393 308 24 60
503 3 332 319 28 56
503 4 411 302 18 38
503 7 487 268 11 28
504 1 363 315 21 44
504 2 393 308 24 60
504 3 332 319 28 56
504 4 409 302 18 38
504 7 487 267 11 28
505 1 363 315 22 43
505 2 394 308 24 60
505 3 331 319 28 55
505 4 408 302 17 37
505 7 486 267 11 28
506 1 363 315 22 43
506 2 394 308 24 60
506 3 330 319 28 56
506 4 407 301 17 37
506 7 486 267 11 28
507 1 363 315 22 43
507 2 394 308 24 60
507 3 329 318 28 53
507 4 406 301 16 40
507 7 486 267 11 28
508 1 363 315 22 43
508 2 394 308 24 60
508 3 329 318 28 53
508 4 406 301 16 40
508 7 486 267 11 28
509 1 363 315 22 43
509 2 394 308 24 60
509 3 328 318 28 53
509 4 405 301 16 40
509 7 485 267 11 29
510 1 363 315 22 43
510 2 394 308 24 60
510 3 328 317 27 55
510 4 404 301 16 39
510 7 484 267 11 30
511 1 363 315 22 43
511 2 395 308 24 59
511 3 328 317 26 55
511 4 404 301 16 40
511 7 485 267 10 30
512 1 363 315 22 43
512 2 395 308 24 59
512 3 327 317 26 53
512 4 399 301 20 41
512 7 483 267 10 31
513 1 363 315 22 43
513 2 395 308 24 59
513 3 326 317 25 52
513 4 399 301 17 40
513 7 483 267 10 30
514 1 363 315 22 43
514 2 395 308 24 59
514 3 329 317 21 53
514 4 399 301 17 40
514 7 483 267 10 30
515 1 363 315 22 43
515 2 395 308 24 60
515 3 328 317 21 53
515 4 399 301 17 40
515 7 482 268 10 30
516 1 363 315 22 43
516 2 396 308 24 60
516 3 327 317 22 53
516 4 396 300 20 42
516 7 482 268 10 27
517 1 363 315 22 43
517 2 396 309 24 60
517 3 327 317 22 53
517 4 395 299 18 40
517 7 482 269 10 28
518 1 363 315 22 43
518 2 396 309 24 60
518 3 325 317 23 53
518 4 394 299 18 41
518 7 482 269 10 28
519 1 363 315 22 43
519 2 396 309 24 60
519 3 322 317 25 50
519 4 388 299 17 39
519 7 482 269 10 28
520 1 363 315 22 43
520 2 396 309 24 60
520 3 322 317 27 52
520 4 388 299 17 39
520 7 482 269 10 28
521 1 363 315 22 43
521 2 396 309 24 61
521 3 321 317 26 53
521 4 387 299 17 39
521 7 481 269 10 28
522 1 363 315 22 43
522 2 396 309 24 60
522 3 322 317 24 54
522 4 385 299 17 39
522 7 481 269 10 28
523 1 363 315 22 43
523 2 396 309 24 60
523 3 321 314 24 57
523 4 384 298 19 38
523 7 481 269 10 29
524 1 363 315 22 43
524 2 396 309 24 60
524 3 322 314 23 52
524 4 383 298 19 38
524 7 480 269 11 29
525 1 363 315 22 43
525 2 396 309 24 61
525 3 321 313 22 53
525 4 381 298 19 38
525 7 481 269 10 30
526 1 363 315 22 43
526 2 396 309 24 61
526 3 320 313 21 55
526 4 380 298 19 38
526 7 480 269 10 31
527 1 363 315 22 43
527 2 396 310 23 58
527 3 320 313 21 55
527 4 380 298 19 38
527 7 480 269 10 31
528 1 363 315 22 43
528 2 395 308 25 62
528 3 319 313 21 55
528 4 378 298 19 37
528 7 480 269 10 30
529 1 363 315 22 43
529 2 395 308 25 61
529 3 319 312 20 55
529 4 378 298 18 36
529 7 480 269 10 29
530 1 363 315 22 43
530 2 396 309 22 56
530 3 317 312 21 55
530 4 377 298 18 36
530 7 478 269 11 30
531 1 363 316 22 43
531 2 395 308 24 61
531 3 314 312 22 54
531 4 375 298 18 35
531 7 478 269 11 31
532 1 363 316 22 43
532 2 395 308 24 61
532 3 312 312 25 51
532 4 374 298 18 35
532 7 476 269 13 27
533 1 363 316 22 43
533 2 395 308 24 61
533 3 312 312 25 51
533 4 374 298 18 35
533 7 476 269 13 27
534 1 364 316 22 43
534 2 395 309 24 60
534 3 312 312 25 50
534 4 372 298 18 35
534 7 476 269 13 27
535 1 363 316 22 43
535 2 395 309 24 60
535 3 311 312 25 50
535 4 370 298 18 35
535 7 476 269 13 27
536 1 363 316 22 43
536 2 395 309 24 61
536 3 311 312 24 49
536 4 369 298 18 35
536 7 475 269 13 27
537 1 364 316 22 43
537 2 395 310 24 60
537 3 310 312 24 49
537 4 368 298 18 34
537 7 475 269 13 27
538 1 364 316 22 43
538 2 395 310 24 61
538 3 309 312 24 50
538 4 366 298 18 35
538 7 475 269 11 28
539 1 364 316 22 43
539 2 395 310 24 61
539 3 309 312 24 49
539 4 366 298 18 35
539 7 475 269 11 28
540 1 364 316 22 43
540 2 395 310 24 61
540 3 308 312 24 51
540 4 364 298 18 35
540 7 475 269 11 28
541 1 364 316 22 43
541 2 395 310 25 61
541 3 307 312 24 51
541 4 363 297 18 34
541 7 474 269 11 28
542 1 363 316 22 43
542 2 395 310 25 62
542 3 306 312 24 51
542 4 361 297 18 34
542 7 474 269 11 28
543 1 364 316 22 43
543 2 395 310 25 62
543 3 306 308 24 54
543 4 359 296 18 36
543 7 474 269 11 28
544 1 364 316 22 43
544 2 395 309 25 62
544 3 306 308 24 54
544 4 359 295 18 35
544 7 473 269 11 29
545 1 364 316 22 43
545 2 395 309 25 62
545 3 306 308 24 54
545 4 358 296 18 35
545 7 473 269 11 29
546 1 364 316 22 43
546 2 395 309 25 62
546 3 306 308 23 54
546 4 358 297 18 34
546 7 471 269 12 32
547 1 364 316 22 43
547 2 395 309 25 62
547 3 306 308 23 54
547 4 357 297 18 34
547 7 470 269 13 33
548 1 364 316 22 43
548 2 396 309 25 62
548 3 305 308 23 54
548 4 355 297 18 34
548 7 470 269 11 33
549 1 364 316 22 43
549 2 396 309 25 62
549 3 303 308 25 53
549 4 354 297 18 34
549 7 470 269 11 34
550 1 364 316 22 43
550 2 396 309 25 62
550 3 301 308 27 54
550 4 353 297 18 34
550 7 470 269 11 34
551 1 364 316 22 43
551 2 396 309 25 62
551 3 301 308 27 54
551 4 353 297 18 34
551 7 470 269 11 34
552 1 364 316 22 43
552 2 396 309 25 62
552 3 300 308 27 54
552 4 349 297 20 34
552 7 470 269 11 34
553 1 364 316 22 43
553 2 396 309 25 62
553 3 300 308 27 53
553 4 349 297 19 32
553 7 470 269 11 34
554 1 364 316 22 43
554 2 396 310 25 62
554 3 302 308 24 53
554 4 348 297 19 32
554 7 466 269 14 37
555 1 364 316 22 43
555 2 396 310 25 62
555 3 301 308 24 53
555 4 346 297 19 32
555 7 466 269 14 37
556 1 364 316 22 43
556 2 396 310 25 62
556 3 300 308 24 53
556 4 345 297 17 32
556 7 466 269 14 37
557 1 364 316 22 43
557 2 396 310 25 62
557 3 301 308 24 53
557 4 345 297 17 32
557 7 466 269 14 37
558 1 364 316 22 43
558 2 396 311 25 62
558 3 300 307 24 53
558 4 344 297 17 32
558 7 466 269 14 37
559 1 364 316 22 43
559 2 396 311 25 62
559 3 300 307 22 52
559 4 342 297 17 32
559 7 465 269 14 34
560 1 364 316 22 43
560 2 396 311 25 62
560 3 297 307 21 51
560 4 340 297 18 31
560 7 465 269 14 33
561 1 364 316 22 43
561 2 396 311 25 62
561 3 297 306 21 52
561 4 339 297 18 31
561 7 465 269 14 33
562 1 364 316 22 43
562 2 396 311 25 62
562 3 296 306 21 52
562 4 337 297 18 31
562 7 465 269 12 35
563 1 364 316 22 43
563 2 396 311 25 63
563 3 295 306 22 51
563 4 337 297 18 31
563 7 465 269 12 35
564 1 364 316 22 43
564 2 396 311 25 63
564 3 295 306 22 51
564 4 336 297 18 31
564 7 465 269 12 35
565 1 364 316 22 43
565 2 396 311 25 63
565 3 294 306 21 51
565 4 335 296 18 31
565 7 465 269 12 34
566 1 364 316 22 43
566 2 396 311 25 63
566 3 294 306 21 49
566 4 333 296 18 31
566 7 465 269 12 33
567 1 364 316 22 43
567 2 396 311 25 63
567 3 294 306 21 49
567 4 332 296 18 31
567 7 465 269 12 33
568 1 364 316 22 43
568 2 395 311 25 62
568 3 293 306 21 49
568 4 330 296 18 31
568 7 463 269 13 35
569 1 364 316 22 43
569 2 395 311 25 63
569 3 293 306 21 48
569 4 330 296 18 31
569 7 463 269 13 35
570 1 364 316 22 43
570 2 395 311 25 62
570 3 293 306 21 48
570 4 329 296 18 30
570 7 463 269 13 35
571 1 364 316 22 43
571 2 395 311 25 62
571 3 292 306 21 49
571 4 328 296 17 30
571 7 463 269 13 35
572 1 364 316 22 43
572 2 394 311 25 62
572 3 291 307 21 48
572 4 327 296 17 29
572 7 462 269 13 35
573 1 364 316 22 43
573 2 394 311 25 61
573 3 291 307 21 47
573 4 324 295 18 31
573 7 462 269 13 34
574 1 364 316 22 44
574 2 394 312 24 61
574 3 288 306 23 49
574 4 322 295 18 31
574 7 462 269 13 34
575 1 364 316 22 43
575 2 394 312 24 61
575 3 288 306 23 49
575 4 322 295 18 31
575 7 462 270 13 34
576 1 364 317 22 44
576 2 394 312 25 62
576 3 287 306 23 49
576 4 321 295 18 31
576 7 461 269 11 35
577 1 364 317 22 44
577 2 393 312 25 62
577 3 289 304 21 50
577 4 319 295 18 31
577 7 461 269 11 35
578 1 364 317 22 44
578 2 393 312 25 62
578 3 289 304 21 50
578 4 318 295 18 31
578 7 461 269 11 35
579 1 364 317 22 44
579 2 393 313 25 62
579 3 288 304 21 50
579 4 316 295 18 31
579 7 460 269 11 34
580 1 364 317 22 44
580 2 393 313 25 62
580 3 288 304 20 49
580 4 315 294 18 31
580 7 460 270 11 34
581 1 364 317 22 44
581 2 393 313 25 62
581 3 288 304 20 48
581 4 315 294 18 31
581 7 460 270 11 34
582 1 364 317 22 44
582 2 393 313 25 62
582 3 287 304 21 50
582 4 312 294 19 31
582 7 458 270 11 35
583 1 362 317 25 46
583 2 393 313 25 62
583 3 285 305 23 48
583 4 311 294 19 31
583 7 458 270 11 35
584 1 362 317 25 46
584 2 393 313 25 62
584 3 284 305 23 48
584 4 309 294 19 30
584 7 458 270 11 35
585 1 362 317 25 46
585 2 393 313 25 62
585 3 284 305 22 48
585 4 308 294 19 30
585 7 456 270 12 36
586 1 362 317 25 46
586 2 393 312 25 62
586 3 283 305 22 48
586 4 306 294 19 30
586 7 456 270 12 34
587 1 362 317 25 46
587 2 393 312 25 62
587 3 286 305 19 49
587 4 306 294 19 30
587 7 456 270 12 34
588 1 362 317 25 46
588 2 393 312 25 62
588 3 285 305 21 48
588 4 305 294 19 30
588 7 456 270 12 34
589 1 363 317 25 46
589 2 393 312 25 62
589 3 284 305 21 48
589 4 303 294 18 30
589 7 456 270 12 34
590 1 363 317 25 46
590 2 393 312 25 63
590 3 284 305 21 48
590 4 302 294 18 30
590 7 454 270 14 33
591 1 363 317 25 46
591 2 392 312 25 63
591 3 283 304 19 47
591 4 300 294 18 30
591 7 455 270 11 31
592 1 363 317 25 46
592 2 392 313 25 63
592 3 282 303 19 47
592 4 299 294 18 30
592 7 455 270 11 31
593 1 363 317 25 46
593 2 392 312 25 64
593 3 282 303 19 47
593 4 299 294 18 30
593 7 455 270 11 29
594 1 365 318 22 45
594 2 392 313 25 63
594 3 282 303 19 47
594 4 297 294 17 30
594 7 455 270 11 29
595 1 365 318 22 45
595 2 392 313 25 63
595 3 281 300 19 49
595 4 296 294 17 30
595 7 455 270 10 29
596 1 365 318 22 45
596 2 391 314 26 64
596 3 281 300 19 49
596 4 295 292 17 30
596 7 454 270 11 28
597 1 366 318 22 45
597 2 391 314 25 62
597 3 280 300 18 50
597 4 294 292 17 30
597 7 454 270 11 28
598 1 366 318 22 45
598 2 391 314 25 64
598 3 280 300 16 49
598 4 292 292 17 30
598 7 454 270 11 28
599 1 366 318 22 45
599 2 391 314 25 64
599 3 281 303 15 46
599 4 292 292 17 30
599 7 453 270 12 27
600 1 366 318 22 45
600 2 390 314 25 63
600 3 281 303 15 45
600 4 290 292 17 30
600 7 453 270 11 27
601 1 366 318 22 45
601 2 390 314 25 64
601 3 280 303 15 45
601 4 289 292 17 30
601 7 453 270 11 27
602 1 366 318 22 45
602 2 388 314 26 65
602 3 280 304 14 44
602 4 287 292 17 30
602 7 453 270 11 27
603 1 367 318 22 45
603 2 388 314 26 66
603 3 279 304 15 44
603 4 286 292 17 30
603 7 453 270 11 27
604 1 367 318 22 45
604 2 387 314 26 65
604 3 279 304 15 44
604 4 284 292 17 30
604 7 452 270 11 27
605 1 367 318 22 45
605 2 387 314 26 63
605 3 278 303 16 45
605 4 284 292 17 30
605 7 452 270 11 27
606 1 367 318 22 45
606 2 387 314 26 63
606 3 281 303 13 45
606 4 283 292 17 29
606 7 452 270 11 27
607 1 367 318 22 45
607 2 386 314 26 63
607 3 280 303 11 42
607 4 282 292 17 29
607 7 452 270 11 27
608 1 368 318 22 45
608 2 386 314 26 62
608 3 280 303 11 42
608 4 281 292 16 29
608 7 451 270 11 28
609 1 368 318 22 45
609 2 385 314 26 62
609 3 281 305 10 40
609 4 278 291 17 29
609 7 451 270 11 28
610 1 368 318 22 45
610 2 385 314 25 61
610 3 281 305 10 40
610 4 277 291 16 29
610 7 451 270 11 28
611 1 368 318 22 45
611 2 385 314 25 61
611 3 281 305 10 40
611 4 277 291 16 29
611 7 451 270 11 28
612 1 369 318 22 45
612 2 384 314 26 62
612 4 281 292 11 28
612 7 451 270 11 28
613 1 369 318 22 46
613 2 384 315 26 62
613 4 280 292 11 28
613 7 450 270 11 28
614 1 370 318 22 46
614 2 383 315 26 63
614 7 450 270 12 28
615 1 370 318 22 45
615 2 383 315 26 63
615 7 450 270 12 28
616 1 370 318 22 46
616 2 382 315 26 64
616 7 450 270 12 28
617 1 370 318 22 46
617 2 382 315 26 63
617 7 450 270 12 28
618 1 371 318 22 45
618 2 383 316 24 62
618 7 451 270 11 27
619 1 371 318 22 45
619 2 383 316 24 62
619 7 451 270 11 27
620 1 371 318 22 46
620 2 383 316 24 62
620 7 451 270 11 27
621 1 372 318 22 46
621 2 383 316 24 63
621 7 447 270 13 31
622 1 372 318 22 46
622 2 383 316 24 63
622 7 447 270 13 31
623 1 372 318 22 46
623 2 383 316 24 63
623 7 447 270 13 31
624 1 372 318 22 46
624 2 383 315 24 63
624 7 447 270 13 31
625 1 372 317 21 46
625 2 382 315 23 63
625 7 445 270 14 31
626 1 371 316 23 48
626 2 382 315 23 63
626 7 445 270 14 31
627 1 371 317 25 50
627 2 382 316 23 62
627 7 445 270 14 31
628 1 372 317 24 45
628 2 382 316 23 62
628 7 445 270 14 31
629 1 372 317 24 45
629 2 382 316 23 62
629 7 445 270 13 29
630 1 372 317 24 45
630 2 382 316 23 62
630 7 445 270 13 29
631 1 373 317 24 45
631 2 382 316 23 62
631 7 445 270 13 29
632 1 373 317 24 45
632 2 382 317 22 61
632 7 445 270 12 29
633 1 375 318 22 45
633 2 382 317 22 61
633 7 445 270 12 30
634 1 375 318 22 45
634 2 382 318 22 60
634 7 445 270 12 28
635 1 376 317 22 45
635 2 383 318 23 62
635 7 445 270 12 27
636 1 376 318 22 44
636 2 383 318 23 62
636 7 445 270 12 27
637 1 377 318 22 45
637 2 382 318 22 62
637 7 442 270 14 28
638 1 378 318 22 45
638 2 382 319 23 62
638 7 442 270 14 28
639 1 379 317 22 45
639 2 379 319 21 62
639 7 442 270 14 28
640 1 380 317 22 45
640 2 379 319 21 62
640 7 442 270 14 28
641 1 380 317 22 45
641 2 379 319 21 62
641 7 442 270 14 28
642 1 380 317 22 45
642 2 378 319 21 62
642 7 442 270 13 27
643 1 379 317 22 45
643 2 378 319 21 62
643 7 442 270 13 27
644 1 379 317 22 45
644 2 377 319 23 65
644 7 442 270 12 27
645 1 381 317 22 45
645 2 377 319 23 65
645 7 442 270 12 27
646 1 385 317 20 45
646 2 377 319 23 65
646 7 442 270 12 27
647 1 385 317 20 45
647 2 377 319 23 65
647 7 442 270 12 27
648 1 385 317 20 46
648 2 375 319 24 65
648 7 442 270 12 27
649 1 385 317 20 46
649 2 375 319 24 65
649 7 442 270 12 26
650 1 384 318 20 44
650 2 374 319 23 66
650 7 442 270 12 26
651 1 387 317 19 46
651 2 374 319 23 66
651 7 442 270 12 26
652 1 387 317 19 47
652 2 373 320 23 66
652 7 442 270 12 26
653 1 387 317 20 44
653 2 373 320 23 66
653 7 442 270 12 26
654 1 387 317 20 44
654 2 372 320 23 65
654 7 442 270 12 26
655 1 387 317 20 45
655 2 373 319 22 66
655 7 442 270 12 26
656 1 387 317 21 46
656 2 373 319 22 66
656 7 442 270 11 26
657 1 387 316 21 47
657 2 373 319 22 66
657 7 442 270 11 26
658 1 390 317 20 44
658 2 372 319 22 67
658 7 442 270 11 26
659 1 389 317 21 45
659 2 372 319 22 67
659 7 440 270 13 25
660 1 389 317 21 45
660 2 372 319 22 67
660 7 440 270 13 25
661 1 390 317 21 45
661 2 371 318 23 68
661 7 440 270 13 25
662 1 390 317 21 45
662 2 371 318 23 68
662 7 441 270 12 26
663 1 390 317 26 47
663 2 371 318 23 68
663 7 441 270 12 26
664 1 390 317 26 47
664 2 371 318 23 69
664 7 441 270 12 26
665 1 390 317 26 47
665 2 371 318 22 66
665 7 441 270 12 26
666 1 391 317 26 47
666 2 371 318 22 65
666 7 441 270 12 26
667 1 391 317 26 47
667 2 371 318 22 65
667 7 441 270 12 26
668 1 392 317 26 47
668 2 371 318 22 65
668 7 440 270 12 26
669 1 393 317 26 47
669 2 369 318 23 66
669 7 440 270 12 26
670 1 393 317 26 47
670 2 369 318 23 66
670 7 440 270 12 26
671 1 393 317 26 47
671 2 369 318 23 66
671 7 440 270 12 26
672 1 394 317 26 47
672 2 369 319 23 65
672 7 440 270 12 26
673 1 394 317 26 47
673 2 368 319 25 66
673 7 439 270 12 26
674 1 394 317 26 47
674 2 368 319 25 66
674 7 439 270 11 25
675 1 395 317 26 47
675 2 367 319 25 66
675 7 439 270 11 25
676 1 394 316 27 48
676 2 367 319 25 66
676 7 439 270 11 25
677 1 395 317 26 47
677 2 366 319 25 66
677 7 437 270 12 26
678 1 396 317 26 47
678 2 366 319 25 67
678 7 437 270 12 26
679 1 396 317 26 47
679 2 365 319 25 67
679 7 437 270 12 26
680 1 397 317 26 47
680 2 364 319 26 68
680 7 437 270 12 26
681 1 397 317 26 47
681 2 364 319 26 68
681 7 436 270 12 26
682 1 397 317 26 47
682 2 364 319 26 67
682 7 436 270 12 26
683 1 397 317 28 46
683 2 364 319 26 67
683 7 436 270 12 26
684 1 397 317 28 46
684 2 364 319 26 67
684 7 436 270 12 26
685 1 398 317 28 46
685 2 363 319 26 67
685 7 436 270 12 26
686 1 398 317 28 46
686 2 363 319 26 66
686 7 436 270 12 26
687 1 399 317 28 46
687 2 362 319 26 66
687 7 436 270 12 26
688 1 400 317 27 46
688 2 361 319 23 64
688 7 436 270 12 26
689 1 400 317 27 46
689 2 361 319 23 64
689 7 436 270 12 26
690 1 400 317 27 46
690 2 361 319 23 64
690 7 436 270 12 26
691 1 401 317 27 46
691 2 360 320 23 63
691 7 436 270 12 26
692 1 401 317 27 46
692 2 357 320 26 63
692 7 435 270 13 26
693 1 401 317 27 46
693 2 357 320 26 63
693 7 435 270 13 26
694 1 402 317 27 46
694 2 356 320 26 63
694 7 435 270 13 26
695 1 402 317 27 46
695 2 356 320 26 63
695 7 435 270 13 26
696 1 402 317 27 46
696 2 356 320 26 63
696 7 435 270 13 26
697 1 402 318 27 46
697 2 356 320 26 63
697 7 435 270 13 26
698 1 403 318 27 46
698 2 356 320 26 64
698 7 435 270 13 26
699 1 403 318 27 46
699 2 355 320 26 64
699 7 435 270 13 26
700 1 403 318 27 46
700 2 355 320 27 64
700 7 435 270 13 26
701 1 403 318 27 46
701 2 355 320 27 64
701 7 435 270 13 26
702 1 403 318 27 46
702 2 355 320 27 65
702 7 435 270 13 26
703 1 404 318 27 46
703 2 355 320 27 65
703 7 435 270 13 26
704 1 404 318 27 46
704 2 355 320 27 65
704 7 435 270 13 26
705 1 404 318 27 46
705 2 355 320 27 65
705 7 435 270 13 26
706 1 404 318 27 46
706 2 355 320 27 65
706 7 435 270 13 26
707 1 404 319 27 45
707 2 355 318 27 67
707 7 435 270 13 26
708 1 404 319 27 45
708 2 355 318 27 67
708 7 435 270 13 26
709 1 404 319 27 45
709 2 355 318 27 67
709 7 435 270 13 26
710 1 405 319 26 45
710 2 355 320 27 66
710 7 435 270 13 26
711 1 405 319 26 45
711 2 355 321 27 65
711 7 435 270 13 26
712 1 405 319 26 45
712 2 355 321 27 65
712 7 435 270 13 26
713 1 406 319 25 45
713 2 355 321 27 65
713 7 435 270 13 26
714 1 406 319 25 45
714 2 355 321 27 65
714 7 435 270 13 26
715 1 406 319 25 45
715 2 355 322 27 65
715 7 434 270 13 26
716 1 406 319 25 45
716 2 354 322 29 66
716 7 434 270 13 26
717 1 406 319 25 45
717 2 354 322 29 66
717 7 434 270 13 26
718 1 406 320 25 45
718 2 353 322 29 66
718 7 434 270 13 26
719 1 406 320 25 45
719 2 353 322 29 66
719 7 434 270 13 26
720 1 406 320 25 45
720 2 353 322 29 67
720 7 433 270 13 26
721 1 406 320 25 45
721 2 352 322 30 67
721 7 433 270 13 26
722 1 406 320 25 45
722 2 352 322 30 67
722 7 433 270 13 26
723 1 407 320 25 45
723 2 351 321 30 68
723 7 433 270 13 26
724 1 407 320 25 45
724 2 351 321 30 68
724 7 432 270 13 26
725 1 407 320 25 45
725 2 351 321 30 68
725 7 432 270 13 26
726 1 407 320 25 45
726 2 350 321 30 67
726 7 432 270 13 26
727 1 407 320 25 46
727 2 351 321 29 67
727 7 432 270 13 27
728 1 407 320 25 46
728 2 349 321 29 67
728 7 432 269 14 28
729 1 407 320 25 46
729 2 349 322 29 67
729 7 432 269 14 28
730 1 407 320 25 46
730 2 348 322 29 67
730 7 432 269 14 28
731 1 407 320 25 46
731 2 348 322 29 67
731 7 432 269 14 28
732 1 407 320 25 46
732 2 348 322 29 67
732 7 431 269 13 30
733 1 407 320 25 46
733 2 348 322 30 68
733 7 431 269 13 30
734 1 407 320 25 46
734 2 347 322 30 67
734 7 431 269 13 30
735 1 407 320 25 46
735 2 349 322 30 67
735 7 431 269 13 30
736 1 407 320 25 46
736 2 347 322 30 68
736 7 431 269 13 30
737 1 407 320 25 46
737 2 347 322 30 68
737 7 430 269 13 30
738 1 407 320 25 46
738 2 347 322 30 68
738 7 430 269 13 30
739 1 407 320 25 46
739 2 347 322 30 68
739 7 430 269 13 30
740 1 407 320 25 46
740 2 347 322 30 68
740 7 430 269 13 30
741 1 407 320 25 47
741 2 347 322 30 68
741 7 430 269 13 30
742 1 407 321 25 47
742 2 347 322 30 69
742 7 430 269 13 30
743 1 407 321 26 48
743 2 348 322 30 69
743 7 430 269 13 30
744 1 407 321 26 48
744 2 348 322 30 69
744 7 430 269 13 30
745 1 407 321 26 48
745 2 348 322 31 69
745 7 430 269 13 30
746 1 407 321 26 48
746 2 348 322 30 68
746 7 429 269 13 30
747 1 407 322 26 48
747 2 348 322 30 69
747 7 429 269 10 30
748 1 407 322 26 48
748 2 348 323 30 69
748 7 429 269 10 28
749 1 407 322 26 48
749 2 348 323 31 70
749 7 429 269 10 28
750 1 407 322 26 48
750 2 348 323 30 69
750 7 429 269 10 28
751 1 407 322 26 49
751 2 348 323 30 69
751 7 429 269 10 28
752 1 407 322 26 49
752 2 348 324 30 69
752 7 428 269 10 29
753 1 407 322 26 49
753 2 348 324 30 69
753 7 428 269 10 29
754 1 407 322 26 49
754 2 348 325 30 69
754 7 428 269 10 29
755 1 407 323 27 49
755 2 348 325 30 69
755 7 428 269 10 29
756 1 407 323 27 49
756 2 348 325 31 70
756 7 428 269 10 29
757 1 408 323 26 49
757 2 348 325 28 71
757 7 428 269 10 28
758 1 408 323 27 49
758 2 348 325 31 70
758 7 428 269 10 28
759 1 408 323 27 49
759 2 348 325 30 71
759 7 427 269 10 28
760 1 408 324 27 49
760 2 348 325 31 70
760 7 427 269 10 28
761 1 408 324 27 49
761 2 349 325 29 72
761 7 426 269 10 29
762 1 408 324 27 49
762 2 348 325 30 70
762 7 427 269 10 28
763 1 408 324 27 49
763 2 349 325 29 71
763 7 426 269 10 28
764 1 408 324 27 49
764 2 349 325 28 72
764 7 425 269 10 28
765 1 408 324 27 50
765 2 349 325 26 73
765 7 425 269 10 29
766 1 408 325 27 50
766 2 348 326 29 72
766 7 424 269 10 28
767 1 409 325 27 50
767 2 349 327 28 72
767 7 423 269 11 28
768 1 409 325 27 50
768 2 349 326 27 70
768 7 423 269 11 28
769 1 409 325 27 50
769 2 350 327 29 72
769 7 423 269 11 28
770 1 409 325 27 50
770 2 350 329 27 71
770 7 422 269 11 28
771 1 409 326 27 50
771 2 351 328 27 71
771 7 422 269 11 29
772 1 409 326 27 50
772 2 350 328 28 73
772 7 422 269 11 29
773 1 409 326 27 51
773 2 352 328 24 74
773 7 422 269 11 29
774 1 409 326 27 51
774 2 351 328 26 74
774 7 422 269 11 29
775 1 409 326 27 51
775 2 351 328 26 74
775 7 421 269 11 29
776 1 410 327 27 51
776 2 351 328 27 75
776 7 421 269 11 29
777 1 410 327 27 51
777 2 353 328 25 73
777 7 421 270 11 29
778 1 410 327 28 51
778 2 353 328 25 74
778 7 421 270 11 29
779 1 410 328 28 51
779 2 354 328 25 73
779 7 421 270 11 29
780 1 410 328 28 51
780 2 353 328 25 76
780 7 421 270 11 29
781 1 410 328 28 51
781 2 354 328 26 74
781 7 421 270 11 29
782 1 411 328 28 51
782 2 355 328 24 73
782 7 421 270 11 29
783 1 411 328 28 51
783 2 355 329 23 74
783 7 420 270 11 29
783 4 57 285 14 25
784 1 411 328 28 52
784 2 356 329 23 72
784 7 420 270 11 29
784 4 55 280 14 30
785 1 412 329 28 51
785 2 357 329 22 73
785 7 420 270 11 29
785 4 53 281 16 30
786 1 412 330 26 50
786 2 356 329 22 74
786 7 420 270 11 29
786 4 53 282 16 29
787 1 412 330 26 50
787 2 357 330 21 73
787 7 420 270 11 29
787 4 51 281 16 30
788 1 412 330 26 50
788 2 357 330 22 76
788 7 419 270 11 29
788 4 49 280 16 30
789 1 413 331 26 50
789 2 357 330 22 76
789 7 419 270 11 29
789 4 48 281 17 31
790 1 413 331 26 50
790 2 357 330 23 78
790 7 419 270 11 29
790 4 45 281 18 30
791 1 413 331 26 51
791 2 358 330 22 76
791 7 419 270 11 29
791 4 44 281 18 29
792 1 413 331 26 51
792 2 358 331 22 76
792 7 418 269 12 30
792 4 44 282 18 28
793 1 413 331 26 51
793 2 358 331 22 77
793 7 418 269 12 30
793 4 42 285 15 25
794 1 414 332 26 51
794 2 357 331 25 80
794 7 418 269 12 30
794 4 41 284 17 27
795 1 414 332 27 51
795 2 356 330 25 77
795 7 417 269 12 30
795 4 40 284 15 24
796 1 414 332 26 51
796 2 356 330 25 77
796 7 417 269 12 30
796 4 36 284 18 26
797 1 415 332 27 51
797 2 356 330 25 77
797 7 417 269 12 30
797 4 35 283 17 26
798 1 415 332 27 51
798 2 356 330 25 77
798 7 417 269 12 30
798 4 35 284 14 24
799 1 415 333 27 51
799 2 356 330 25 77
799 7 415 269 13 31
799 4 32 284 18 27
800 1 415 333 27 51
800 2 356 330 25 77
800 7 415 269 15 32
800 4 32 285 15 24
801 1 415 333 27 52
801 2 356 330 27 78
801 7 415 269 14 31
801 4 30 284 16 24
