802,2,1990,611,176,409,1,1,1
802,4,1039,541,137,505,1,1,1
802,5,1283,556,168,583,1,1,1
802,7,1952,648,72,195,1,1,1
802,10,476,576,70,207,1,1,1
803,2,1989,611,175,412,1,1,1
803,4,1039,541,138,504,1,1,1
803,5,1282,553,164,586,1,1,1
803,7,1952,648,71,195,1,1,1
803,10,477,576,70,207,1,1,1
804,2,1988,610,174,415,1,1,1
804,4,1040,542,139,503,1,1,1
804,5,1281,551,160,588,1,1,1
804,7,1953,647,70,196,1,1,1
804,10,477,576,71,207,1,1,1
805,2,1987,609,173,419,1,1,1
805,4,1040,542,140,503,1,1,1
805,5,1280,548,156,591,1,1,1
805,7,1953,647,70,195,1,1,1
805,10,477,576,72,207,1,1,1
806,2,1985,608,171,422,1,1,1
806,4,1040,542,140,502,1,1,1
806,5,1278,545,152,594,1,1,1
806,7,1953,646,69,195,1,1,1
806,10,477,576,71,207,1,1,1
807,2,1986,609,170,423,1,1,1
807,4,1041,542,142,503,1,1,1
807,5,1270,544,156,595,1,1,1
807,7,1954,646,69,197,1,1,1
807,10,477,575,72,208,1,1,1
808,2,1987,609,167,425,1,1,1
808,4,1042,542,141,503,1,1,1
808,5,1262,543,158,596,1,1,1
808,7,1954,646,69,197,1,1,1
808,10,477,575,72,208,1,1,1
809,2,1988,609,165,426,1,1,1
809,4,1043,541,141,503,1,1,1
809,5,1254,543,161,596,1,1,1
809,7,1954,646,69,197,1,1,1
809,10,477,574,72,208,1,1,1
810,2,1988,610,163,427,1,1,1
810,4,1043,541,142,503,1,1,1
810,5,1245,542,165,596,1,1,1
810,7,1954,645,69,198,1,1,1
810,10,476,574,73,208,1,1,1
811,2,1988,609,160,428,1,1,1
811,4,1043,540,142,502,1,1,1
811,5,1236,540,167,597,1,1,1
811,7,1953,645,69,198,1,1,1
811,10,476,573,73,208,1,1,1
812,2,1990,610,160,430,1,1,1
812,4,1046,540,143,502,1,1,1
812,5,1211,541,187,598,1,1,1
812,7,1954,645,73,199,1,1,1
812,10,478,573,73,208,1,1,1
813,2,1991,610,160,432,1,1,1
813,4,1048,540,144,501,1,1,1
813,5,1186,542,206,597,1,1,1
813,7,1955,645,76,200,1,1,1
813,10,479,572,74,209,1,1,1
814,2,1993,610,159,435,1,1,1
814,4,1050,539,144,500,1,1,1
814,5,1161,542,225,598,1,1,1
814,7,1956,646,79,199,1,1,1
814,10,481,572,73,209,1,1,1
815,2,1994,610,159,437,1,1,1
815,4,1052,538,145,500,1,1,1
815,5,1135,542,245,598,1,1,1
815,7,1957,646,82,199,1,1,1
815,10,482,571,74,210,1,1,1
816,2,1995,609,159,439,1,1,1
816,3,1337,600,129,293,1,1,1
816,4,1054,537,145,498,1,1,1
816,5,1109,542,263,598,1,1,1
816,7,1957,645,85,200,1,1,1
816,10,483,570,73,209,1,1,1
817,2,1991,609,163,441,1,1,1
817,3,1346,599,125,295,1,1,1
817,4,1059,538,145,495,1,1,1
817,5,1104,543,270,601,1,1,1
817,7,1958,646,87,200,1,1,1
817,10,484,571,74,209,1,1,1
818,2,1986,608,168,442,1,1,1
818,3,1355,598,119,296,1,1,1
818,4,1063,539,146,491,1,1,1
818,5,1098,543,276,604,1,1,1
818,7,1958,646,90,200,1,1,1
818,10,485,571,73,209,1,1,1
819,2,1982,606,171,444,1,1,1
819,3,1364,596,113,298,1,1,1
819,4,1068,540,145,487,1,1,1
819,5,1092,543,283,606,1,1,1
819,7,1958,647,92,198,1,1,1
819,10,486,571,72,209,1,1,1
820,2,1978,605,175,446,1,1,1
820,3,1373,595,107,299,1,1,1
820,4,1073,540,145,484,1,1,1
820,5,1086,543,289,609,1,1,1
820,7,1959,647,94,198,1,1,1
820,10,487,571,72,209,1,1,1
821,2,1973,604,179,446,1,1,1
821,3,1381,593,102,300,1,1,1
821,4,1077,540,144,479,1,1,1
821,5,1079,542,295,612,1,1,1
821,7,1959,646,95,197,1,1,1
821,10,487,571,71,208,1,1,1
822,2,1971,605,183,446,1,1,1
822,3,1391,595,98,299,1,1,1
822,5,1081,540,285,616,1,1,1
822,7,1962,647,94,198,1,1,1
822,10,490,572,72,207,1,1,1
823,2,1969,606,186,446,1,1,1
823,3,1400,596,94,298,1,1,1
823,5,1082,538,275,618,1,1,1
823,7,1964,646,92,199,1,1,1
823,10,493,572,71,207,1,1,1
824,2,1967,607,189,445,1,1,1
824,3,1410,598,90,296,1,1,1
824,5,1083,536,264,620,1,1,1
824,7,1967,646,89,199,1,1,1
824,10,495,573,72,205,1,1,1
825,2,1965,607,191,446,1,1,1
825,3,1419,599,86,295,1,1,1
825,5,1084,533,254,624,1,1,1
825,7,1969,645,88,200,1,1,1
825,10,498,573,71,205,1,1,1
826,2,1963,608,193,444,1,1,1
826,3,1428,600,81,293,1,1,1
826,5,1085,530,242,626,1,1,1
826,7,1971,644,85,200,1,1,1
826,10,500,573,71,204,1,1,1
827,2,1960,608,197,444,1,1,1
827,3,1430,600,92,293,1,1,1
827,5,1087,530,227,631,1,1,1
827,7,1973,645,86,199,1,1,1
827,10,502,573,71,205,1,1,1
828,2,1957,608,199,443,1,1,1
828,3,1432,601,102,292,1,1,1
828,5,1089,529,210,636,1,1,1
828,7,1975,645,85,198,1,1,1
828,10,503,572,72,206,1,1,1
829,2,1953,608,203,443,1,1,1
829,3,1433,601,113,292,1,1,1
829,5,1091,528,193,641,1,1,1
829,7,1976,645,86,197,1,1,1
829,10,505,571,71,207,1,1,1
830,2,1950,608,206,442,1,1,1
830,3,1435,602,123,290,1,1,1
830,5,1092,527,178,646,1,1,1
830,7,1978,645,86,197,1,1,1
830,10,507,570,71,208,1,1,1
831,2,1946,608,208,440,1,1,1
831,3,1436,602,132,289,1,1,1
831,5,1093,526,161,651,1,1,1
831,7,1979,644,85,195,1,1,1
831,10,508,569,71,208,1,1,1
832,2,1944,608,209,442,1,1,1
832,3,1438,603,135,289,1,1,1
832,5,1069,527,180,654,1,1,1
832,10,510,570,72,208,1,1,1
833,2,1940,607,211,444,1,1,1
833,3,1439,604,138,288,1,1,1
833,5,1044,527,198,657,1,1,1
833,10,511,570,73,208,1,1,1
834,2,1937,607,212,444,1,1,1
834,3,1440,604,140,288,1,1,1
834,5,1019,528,217,659,1,1,1
834,10,513,571,74,207,1,1,1
835,2,1934,607,213,445,1,1,1
835,3,1442,605,142,287,1,1,1
835,5,994,528,235,663,1,1,1
835,10,515,571,74,207,1,1,1
836,2,1930,606,214,446,1,1,1
836,3,1442,606,144,285,1,1,1
836,4,1120,546,153,451,1,1,1
836,5,969,528,253,665,1,1,1
836,10,516,571,75,206,1,1,1
837,2,1933,605,208,450,1,1,1
837,3,1449,606,139,286,1,1,1
837,4,1124,548,153,451,1,1,1
837,5,956,529,264,667,1,1,1
837,10,519,572,73,205,1,1,1
838,2,1936,604,202,452,1,1,1
838,3,1455,605,133,287,1,1,1
838,4,1128,549,153,451,1,1,1
838,5,942,530,276,668,1,1,1
838,10,521,573,72,204,1,1,1
839,2,1938,604,197,454,1,1,1
839,3,1461,605,127,287,1,1,1
839,4,1132,550,153,451,1,1,1
839,5,928,531,288,670,1,1,1
839,10,524,573,70,204,1,1,1
840,2,1941,603,190,456,1,1,1
840,3,1467,605,121,288,1,1,1
840,4,1135,551,154,451,1,1,1
840,5,914,532,300,671,1,1,1
840,10,526,574,68,203,1,1,1
841,2,1943,602,184,458,1,1,1
841,3,1473,604,115,288,1,1,1
841,4,1139,551,153,451,1,1,1
841,5,900,532,312,672,1,1,1
841,10,528,574,65,202,1,1,1
842,2,1942,601,183,460,1,1,1
842,3,1484,604,109,288,1,1,1
842,4,1146,552,150,450,1,1,1
842,5,900,531,307,676,1,1,1
842,10,530,574,67,202,1,1,1
843,2,1941,600,182,462,1,1,1
843,3,1495,603,103,289,1,1,1
843,4,1152,553,147,448,1,1,1
843,5,900,528,301,681,1,1,1
843,10,531,574,68,202,1,1,1
844,2,1940,598,180,464,1,1,1
844,3,1505,602,97,290,1,1,1
844,4,1158,553,144,448,1,1,1
844,5,901,526,295,685,1,1,1
844,10,533,574,68,202,1,1,1
845,2,1939,597,179,465,1,1,1
845,3,1516,602,91,289,1,1,1
845,4,1165,554,140,446,1,1,1
845,5,901,523,289,690,1,1,1
845,10,534,574,69,201,1,1,1
846,2,1938,595,177,467,1,1,1
846,3,1526,601,84,289,1,1,1
846,4,1171,554,137,444,1,1,1
846,5,901,520,283,693,1,1,1
846,10,535,574,70,201,1,1,1
847,2,1936,596,178,473,1,1,1
847,3,1532,602,86,290,1,1,1
847,4,1175,555,136,444,1,1,1
847,5,901,519,262,696,1,1,1
847,10,537,575,69,201,1,1,1
848,2,1935,596,177,478,1,1,1
848,3,1538,602,87,290,1,1,1
848,4,1179,555,134,445,1,1,1
848,5,902,517,239,698,1,1,1
848,10,539,575,69,201,1,1,1
849,2,1933,596,178,484,1,1,1
849,3,1544,603,88,290,1,1,1
849,4,1184,556,131,444,1,1,1
849,5,902,515,217,700,1,1,1
849,10,541,575,68,201,1,1,1
850,2,1932,597,177,489,1,1,1
850,3,1549,604,90,290,1,1,1
850,4,1188,556,129,445,1,1,1
850,5,903,513,194,702,1,1,1
850,10,542,576,68,201,1,1,1
851,2,1929,596,177,494,1,1,1
851,3,1554,604,90,290,1,1,1
851,4,1191,556,127,444,1,1,1
851,5,903,511,172,704,1,1,1
851,10,544,576,67,201,1,1,1
852,2,1928,598,176,494,1,1,1
852,3,1555,605,98,291,1,1,1
852,4,1194,558,128,443,1,1,1
852,5,879,512,187,704,1,1,1
852,10,546,577,67,200,1,1,1
853,2,1925,598,175,493,1,1,1
853,3,1556,605,105,292,1,1,1
853,4,1196,558,128,443,1,1,1
853,5,855,513,202,703,1,1,1
853,10,547,578,67,200,1,1,1
854,2,1923,599,174,492,1,1,1
854,3,1557,606,112,292,1,1,1
854,4,1198,559,128,441,1,1,1
854,5,831,514,216,703,1,1,1
854,10,548,578,67,200,1,1,1
855,2,1921,599,172,492,1,1,1
855,3,1558,607,119,292,1,1,1
855,4,1200,560,129,440,1,1,1
855,5,807,515,231,702,1,1,1
855,10,550,579,66,199,1,1,1
856,2,1918,600,171,490,1,1,1
856,3,1558,607,125,292,1,1,1
856,4,1202,560,128,439,1,1,1
856,5,782,515,246,702,1,1,1
856,10,551,579,66,198,1,1,1
857,2,1916,599,170,494,1,1,1
857,3,1560,607,126,294,1,1,1
857,4,1204,561,130,439,1,1,1
857,5,765,516,265,701,1,1,1
857,10,552,579,67,200,1,1,1
858,2,1914,599,168,497,1,1,1
858,3,1562,607,125,296,1,1,1
858,4,1207,562,129,437,1,1,1
858,5,747,517,284,700,1,1,1
858,10,553,578,67,202,1,1,1
859,2,1912,598,166,500,1,1,1
859,3,1563,607,125,297,1,1,1
859,4,1209,562,130,437,1,1,1
859,5,729,519,303,698,1,1,1
859,10,554,577,68,203,1,1,1
860,2,1910,598,164,502,1,1,1
860,3,1564,607,125,298,1,1,1
860,4,1211,563,130,436,1,1,1
860,5,711,520,322,697,1,1,1
860,10,554,576,69,205,1,1,1
861,2,1908,597,161,505,1,1,1
861,3,1565,606,124,300,1,1,1
861,4,1213,563,130,435,1,1,1
861,5,693,520,341,695,1,1,1
861,10,555,575,69,206,1,1,1
862,2,1905,596,163,507,1,1,1
862,3,1570,606,122,301,1,1,1
862,4,1216,564,129,434,1,1,1
862,5,691,518,338,699,1,1,1
862,10,556,576,69,206,1,1,1
863,2,1902,594,163,510,1,1,1
863,3,1574,605,120,303,1,1,1
863,4,1218,564,128,434,1,1,1
863,5,688,515,335,702,1,1,1
863,10,557,577,68,205,1,1,1
864,2,1898,593,165,512,1,1,1
864,3,1578,604,118,304,1,1,1
864,4,1220,564,128,433,1,1,1
864,5,686,513,331,705,1,1,1
864,10,559,578,67,204,1,1,1
865,2,1895,592,166,513,1,1,1
865,3,1582,603,116,306,1,1,1
865,4,1223,565,126,432,1,1,1
865,5,684,510,327,708,1,1,1
865,10,560,578,66,204,1,1,1
866,2,1891,590,166,515,1,1,1
866,3,1585,602,114,307,1,1,1
866,4,1225,565,125,430,1,1,1
866,5,681,507,324,711,1,1,1
866,7,2027,648,75,201,1,1,1
866,10,560,579,65,202,1,1,1
867,2,1883,590,171,516,1,1,1
867,3,1595,603,109,307,1,1,1
867,4,1226,566,125,429,1,1,1
867,5,681,508,298,711,1,1,1
867,7,2027,649,75,201,1,1,1
867,10,561,580,66,202,1,1,1
868,2,1873,589,177,518,1,1,1
868,3,1604,604,103,306,1,1,1
868,4,1227,566,125,428,1,1,1
868,5,680,508,273,712,1,1,1
868,7,2028,649,75,201,1,1,1
868,10,561,580,66,202,1,1,1
869,2,1864,589,182,518,1,1,1
869,3,1614,605,97,305,1,1,1
869,4,1228,566,125,427,1,1,1
869,5,679,508,248,712,1,1,1
869,7,2028,649,75,201,1,1,1
869,10,562,580,65,202,1,1,1
870,2,1855,589,187,518,1,1,1
870,3,1623,606,92,304,1,1,1
870,4,1229,566,125,426,1,1,1
870,5,678,508,223,713,1,1,1
870,7,2028,650,75,201,1,1,1
870,10,562,581,66,201,1,1,1
871,2,1845,588,192,519,1,1,1
871,3,1632,606,86,303,1,1,1
871,4,1230,566,125,424,1,1,1
871,5,676,508,198,712,1,1,1
871,7,2028,650,75,200,1,1,1
871,10,562,581,65,201,1,1,1
872,2,1830,589,203,519,1,1,1
872,3,1637,606,90,304,1,1,1
872,4,1230,566,126,423,1,1,1
872,5,653,509,212,711,1,1,1
872,7,2028,650,75,201,1,1,1
872,10,562,581,66,202,1,1,1
873,2,1814,590,214,518,1,1,1
873,3,1643,606,92,304,1,1,1
873,4,1230,566,126,421,1,1,1
873,5,629,509,226,710,1,1,1
873,7,2028,650,76,201,1,1,1
873,10,562,582,66,201,1,1,1
874,2,1799,590,223,518,1,1,1
874,3,1648,606,95,304,1,1,1
874,4,1231,566,126,419,1,1,1
874,5,605,509,239,708,1,1,1
874,7,2027,650,77,201,1,1,1
874,10,562,582,66,200,1,1,1
875,2,1783,591,234,517,1,1,1
875,3,1654,606,98,305,1,1,1
875,4,1231,566,126,417,1,1,1
875,5,581,509,253,707,1,1,1
875,7,2027,650,77,202,1,1,1
875,10,561,582,68,200,1,1,1
876,2,1767,591,244,515,1,1,1
876,3,1659,605,100,305,1,1,1
876,4,1230,565,126,415,1,1,1
876,5,556,509,267,705,1,1,1
876,7,2026,650,77,201,1,1,1
876,10,561,582,67,200,1,1,1
877,2,1765,592,239,516,1,1,1
877,3,1659,606,111,305,1,1,1
877,4,1231,566,127,416,1,1,1
877,5,543,509,275,704,1,1,1
877,7,2027,650,77,201,1,1,1
877,10,561,582,68,200,1,1,1
878,2,1763,592,234,516,1,1,1
878,3,1659,607,120,305,1,1,1
878,4,1232,566,127,416,1,1,1
878,5,529,508,284,703,1,1,1
878,7,2027,649,77,202,1,1,1
878,10,561,581,68,201,1,1,1
879,2,1760,592,229,516,1,1,1
879,3,1659,607,130,306,1,1,1
879,4,1233,567,127,415,1,1,1
879,5,515,508,292,701,1,1,1
879,7,2027,649,77,202,1,1,1
879,10,562,581,67,201,1,1,1
880,2,1758,592,224,516,1,1,1
880,3,1658,607,141,306,1,1,1
880,4,1233,567,128,415,1,1,1
880,5,501,507,300,700,1,1,1
880,7,2028,649,76,201,1,1,1
880,10,562,580,67,202,1,1,1
881,1,1312,592,109,249,1,1,1
881,2,1755,592,218,515,1,1,1
881,3,1658,607,150,306,1,1,1
881,4,1234,567,127,414,1,1,1
881,5,487,506,308,699,1,1,1
881,7,2028,648,76,201,1,1,1
881,10,562,579,66,202,1,1,1
882,1,1314,593,111,249,1,1,1
882,2,1755,591,216,516,1,1,1
882,3,1659,608,149,307,1,1,1
882,4,1235,568,127,414,1,1,1
882,5,487,506,306,697,1,1,1
882,7,2028,649,77,201,1,1,1
883,1,1315,594,113,248,1,1,1
883,2,1755,590,212,516,1,1,1
883,3,1660,608,148,309,1,1,1
883,4,1236,569,127,413,1,1,1
883,5,487,506,304,695,1,1,1
883,7,2028,649,77,201,1,1,1
884,1,1317,594,114,248,1,1,1
884,2,1755,589,209,516,1,1,1
884,3,1660,608,148,310,1,1,1
884,4,1237,569,127,412,1,1,1
884,5,488,506,301,693,1,1,1
884,7,2028,649,77,201,1,1,1
885,1,1318,595,116,247,1,1,1
885,2,1755,587,205,517,1,1,1
885,3,1661,609,147,311,1,1,1
885,4,1238,570,126,411,1,1,1
885,5,488,506,298,691,1,1,1
885,7,2028,649,77,201,1,1,1
886,1,1319,595,118,246,1,1,1
886,2,1754,586,202,517,1,1,1
886,3,1661,609,145,312,1,1,1
886,4,1239,570,125,410,1,1,1
886,5,487,506,296,687,1,1,1
886,7,2028,648,76,201,1,1,1
887,1,1322,594,115,248,1,1,1
887,2,1754,585,192,521,1,1,1
887,3,1668,610,143,310,1,1,1
887,4,1241,571,126,411,1,1,1
887,5,486,505,285,689,1,1,1
887,7,2028,648,77,202,1,1,1
888,1,1325,594,112,248,1,1,1
888,2,1753,584,181,524,1,1,1
888,3,1674,610,140,309,1,1,1
888,4,1242,571,126,411,1,1,1
888,5,485,504,272,689,1,1,1
888,7,2027,648,78,202,1,1,1
889,1,1327,593,110,249,1,1,1
889,2,1751,583,172,527,1,1,1
889,3,1680,611,138,306,1,1,1
889,4,1243,571,126,412,1,1,1
889,5,483,503,260,689,1,1,1
889,7,2026,648,78,201,1,1,1
890,1,1330,592,107,251,1,1,1
890,2,1750,583,161,529,1,1,1
890,3,1686,612,135,304,1,1,1
890,4,1244,571,126,412,1,1,1
890,5,481,501,249,690,1,1,1
890,7,2025,647,79,202,1,1,1
891,1,1332,591,104,251,1,1,1
891,2,1748,581,151,532,1,1,1
891,3,1691,612,132,302,1,1,1
891,4,1244,571,126,412,1,1,1
891,5,479,500,236,689,1,1,1
891,7,2024,646,79,202,1,1,1
892,1,1334,592,103,251,1,1,1
892,2,1738,582,156,534,1,1,1
892,4,1247,571,126,410,1,1,1
892,5,475,501,239,689,1,1,1
892,7,2025,647,79,202,1,1,1
893,1,1336,592,102,252,1,1,1
893,2,1726,582,162,536,1,1,1
893,4,1248,571,126,407,1,1,1
893,5,470,502,242,689,1,1,1
893,7,2026,647,78,203,1,1,1
894,1,1338,592,100,252,1,1,1
894,2,1715,583,167,537,1,1,1
894,4,1250,570,125,405,1,1,1
894,5,465,502,245,689,1,1,1
894,7,2027,647,77,203,1,1,1
895,1,1339,592,99,252,1,1,1
895,2,1703,583,173,539,1,1,1
895,4,1251,570,125,402,1,1,1
895,5,460,503,248,688,1,1,1
895,7,2028,647,76,204,1,1,1
896,1,1340,591,97,253,1,1,1
896,2,1691,583,177,540,1,1,1
896,4,1253,569,124,400,1,1,1
896,5,455,504,251,687,1,1,1
896,7,2028,646,75,204,1,1,1
897,1,1349,592,92,252,1,1,1
897,2,1675,584,190,536,1,1,1
897,4,1253,570,125,399,1,1,1
897,5,455,505,249,686,1,1,1
897,7,2028,647,76,203,1,1,1
898,1,1358,593,85,251,1,1,1
898,2,1658,584,202,532,1,1,1
898,4,1254,570,124,399,1,1,1
898,5,455,507,246,682,1,1,1
898,7,2028,647,76,202,1,1,1
899,1,1367,593,78,251,1,1,1
899,2,1640,584,216,528,1,1,1
899,4,1254,571,125,397,1,1,1
899,5,455,508,244,680,1,1,1
899,7,2027,647,77,202,1,1,1
900,1,1375,593,72,250,1,1,1
900,2,1623,584,228,524,1,1,1
900,4,1255,571,124,397,1,1,1
900,5,455,509,241,678,1,1,1
900,7,2027,647,77,201,1,1,1
901,1,1383,593,65,248,1,1,1
901,2,1606,583,240,520,1,1,1
901,4,1255,571,124,395,1,1,1
901,5,455,510,238,675,1,1,1
901,7,2026,646,77,200,1,1,1
902,1,1387,593,65,251,1,1,1
902,2,1604,583,240,524,1,1,1
902,4,1257,571,124,394,1,1,1
902,5,458,509,236,675,1,1,1
902,7,2026,647,78,200,1,1,1
903,1,1389,591,67,254,1,1,1
903,2,1603,583,238,527,1,1,1
903,4,1258,570,124,393,1,1,1
903,5,460,509,235,673,1,1,1
903,7,2026,647,77,201,1,1,1
904,1,1392,590,67,257,1,1,1
904,2,1601,582,237,531,1,1,1
904,4,1260,569,123,392,1,1,1
904,5,462,508,233,672,1,1,1
904,7,2025,647,78,201,1,1,1
905,1,1395,589,67,259,1,1,1
905,2,1600,582,236,534,1,1,1
905,4,1262,568,122,391,1,1,1
905,5,465,507,231,671,1,1,1
905,7,2025,647,77,202,1,1,1
906,1,1397,587,67,261,1,1,1
906,2,1597,581,234,536,1,1,1
906,3,1761,614,93,326,1,1,1
906,4,1263,567,122,389,1,1,1
906,5,467,506,228,669,1,1,1
906,7,2024,646,77,202,1,1,1
907,1,1399,588,73,261,1,1,1
907,2,1598,580,221,538,1,1,1
907,3,1761,614,98,327,1,1,1
907,4,1264,567,120,390,1,1,1
907,5,469,506,229,662,1,1,1
907,7,2026,647,77,202,1,1,1
908,1,1400,589,79,259,1,1,1
908,2,1597,579,209,539,1,1,1
908,3,1761,613,102,328,1,1,1
908,4,1265,567,117,390,1,1,1
908,5,471,505,230,656,1,1,1
908,7,2028,647,76,201,1,1,1
909,1,1400,589,86,259,1,1,1
909,2,1597,578,195,540,1,1,1
909,3,1761,613,106,328,1,1,1
909,4,1266,566,114,391,1,1,1
909,5,473,505,230,648,1,1,1
909,7,2029,647,77,201,1,1,1
910,1,1401,589,92,258,1,1,1
910,2,1596,577,183,541,1,1,1
910,3,1761,613,110,328,1,1,1
910,4,1267,566,111,391,1,1,1
910,5,476,504,230,642,1,1,1
910,7,2031,647,76,200,1,1,1
911,1,1402,589,97,257,1,1,1
911,2,1595,575,169,542,1,1,1
911,3,1761,612,114,328,1,1,1
911,4,1267,565,108,391,1,1,1
911,5,477,504,230,634,1,1,1
911,7,2032,646,75,200,1,1,1
912,1,1402,590,99,257,1,1,1
912,2,1590,575,167,543,1,1,1
912,3,1768,612,111,329,1,1,1
912,4,1270,566,105,391,1,1,1
912,5,475,504,232,627,1,1,1
912,7,2033,647,75,200,1,1,1
913,1,1403,591,99,257,1,1,1
913,2,1584,575,164,543,1,1,1
913,3,1774,612,109,328,1,1,1
913,4,1272,567,102,389,1,1,1
913,5,473,505,233,619,1,1,1
913,7,2033,647,75,200,1,1,1
914,1,1403,591,100,257,1,1,1
914,2,1578,575,161,543,1,1,1
914,3,1781,612,106,328,1,1,1
914,4,1275,568,98,388,1,1,1
914,5,471,505,233,611,1,1,1
914,7,2033,647,74,200,1,1,1
915,1,1404,592,100,257,1,1,1
915,2,1572,574,159,543,1,1,1
915,3,1787,612,104,328,1,1,1
915,4,1277,569,96,386,1,1,1
915,5,468,506,235,603,1,1,1
915,7,2033,647,74,200,1,1,1
916,1,1404,592,101,257,1,1,1
916,2,1566,574,156,543,1,1,1
916,3,1794,612,101,328,1,1,1
916,4,1280,570,92,385,1,1,1
916,5,466,506,236,595,1,1,1
916,7,2033,647,74,200,1,1,1
917,1,1406,592,100,258,1,1,1
917,2,1548,575,168,543,1,1,1
917,3,1796,612,102,328,1,1,1
917,4,1280,571,93,385,1,1,1
917,5,471,508,231,593,1,1,1
917,7,2033,647,75,201,1,1,1
918,1,1408,592,98,259,1,1,1
918,2,1530,577,180,542,1,1,1
918,3,1798,613,102,328,1,1,1
918,4,1279,571,95,385,1,1,1
918,5,476,509,227,593,1,1,1
918,7,2034,648,75,201,1,1,1
919,1,1410,593,97,259,1,1,1
919,2,1512,578,193,542,1,1,1
919,3,1800,613,103,328,1,1,1
919,4,1279,572,96,385,1,1,1
919,5,480,511,223,591,1,1,1
919,7,2034,648,75,203,1,1,1
920,1,1412,593,96,260,1,1,1
920,2,1494,580,205,541,1,1,1
920,3,1802,613,104,329,1,1,1
920,4,1278,572,97,385,1,1,1
920,5,485,512,218,591,1,1,1
920,7,2035,649,75,203,1,1,1
921,1,1413,593,94,261,1,1,1
921,2,1476,581,216,540,1,1,1
921,3,1803,613,105,328,1,1,1
921,4,1277,572,98,384,1,1,1
921,5,489,513,213,589,1,1,1
921,7,2034,649,75,203,1,1,1
922,1,1419,593,91,261,1,1,1
922,2,1471,582,222,539,1,1,1
922,3,1805,614,112,331,1,1,1
922,4,1276,573,101,384,1,1,1
922,5,489,515,211,588,1,1,1
922,7,2035,650,76,203,1,1,1
923,1,1424,593,87,261,1,1,1
923,2,1465,582,228,539,1,1,1
923,3,1806,615,119,333,1,1,1
923,4,1274,574,104,382,1,1,1
923,5,489,516,208,587,1,1,1
923,7,2035,651,76,202,1,1,1
924,1,1430,593,82,261,1,1,1
924,2,1460,582,232,538,1,1,1
924,3,1808,616,125,334,1,1,1
924,4,1272,574,107,381,1,1,1
924,5,488,517,206,586,1,1,1
924,7,2036,652,75,201,1,1,1
925,1,1435,594,79,259,1,1,1
925,2,1454,583,238,537,1,1,1
925,3,1809,616,132,337,1,1,1
925,4,1270,574,110,380,1,1,1
925,5,488,518,202,584,1,1,1
925,7,2036,652,75,201,1,1,1
926,1,1440,593,74,259,1,1,1
926,2,1448,582,242,536,1,1,1
926,3,1810,617,138,338,1,1,1
926,4,1268,574,112,378,1,1,1
926,5,487,519,200,582,1,1,1
926,7,2036,653,74,200,1,1,1
927,1,1446,594,72,259,1,1,1
927,2,1451,582,230,535,1,1,1
927,3,1815,617,136,340,1,1,1
927,4,1268,574,114,379,1,1,1
927,5,484,518,200,581,1,1,1
927,7,2037,653,74,201,1,1,1
928,1,1451,593,70,261,1,1,1
928,2,1454,581,217,533,1,1,1
928,3,1819,618,134,341,1,1,1
928,4,1269,575,113,379,1,1,1
928,5,480,517,201,579,1,1,1
928,7,2038,654,74,200,1,1,1
929,1,1457,593,67,261,1,1,1
929,2,1456,580,205,532,1,1,1
929,3,1823,618,132,343,1,1,1
929,4,1269,575,114,379,1,1,1
929,5,477,516,202,577,1,1,1
929,7,2039,654,73,201,1,1,1
930,1,1462,593,65,261,1,1,1
930,2,1459,579,192,530,1,1,1
930,3,1827,618,130,345,1,1,1
930,4,1269,575,115,379,1,1,1
930,5,473,515,203,575,1,1,1
930,7,2040,654,73,201,1,1,1
931,1,1467,593,62,261,1,1,1
931,2,1461,577,179,528,1,1,1
931,3,1830,618,128,345,1,1,1
931,4,1269,574,115,379,1,1,1
931,5,469,513,203,572,1,1,1
931,7,2040,654,72,201,1,1,1
932,2,1456,578,174,528,1,1,1
932,3,1831,618,131,347,1,1,1
932,4,1269,575,116,379,1,1,1
932,5,467,513,202,568,1,1,1
932,7,2041,654,74,201,1,1,1
933,2,1451,577,167,528,1,1,1
933,3,1831,618,134,348,1,1,1
933,4,1268,575,118,379,1,1,1
933,5,465,512,201,563,1,1,1
933,7,2041,654,75,200,1,1,1
934,2,1446,577,161,527,1,1,1
934,3,1831,618,136,349,1,1,1
934,4,1267,575,119,379,1,1,1
934,5,462,512,200,557,1,1,1
934,7,2041,654,76,199,1,1,1
935,2,1441,577,155,526,1,1,1
935,3,1832,617,138,350,1,1,1
935,4,1267,574,120,379,1,1,1
935,5,460,511,199,552,1,1,1
935,7,2040,653,78,199,1,1,1
936,2,1436,576,148,525,1,1,1
936,3,1831,617,140,351,1,1,1
936,4,1265,574,121,378,1,1,1
936,5,457,510,197,546,1,1,1
936,7,2040,653,78,197,1,1,1
937,2,1416,576,164,524,1,1,1
937,3,1838,617,138,351,1,1,1
937,4,1268,574,119,380,1,1,1
937,5,456,510,199,546,1,1,1
937,7,2041,653,78,199,1,1,1
938,2,1396,576,179,522,1,1,1
938,3,1844,617,136,352,1,1,1
938,4,1270,573,118,382,1,1,1
938,5,454,510,200,545,1,1,1
938,7,2041,652,78,201,1,1,1
939,2,1376,576,193,521,1,1,1
939,3,1849,617,135,352,1,1,1
939,4,1272,572,116,383,1,1,1
939,5,453,509,201,545,1,1,1
939,7,2041,652,79,202,1,1,1
940,2,1355,576,209,519,1,1,1
940,3,1855,617,133,352,1,1,1
940,4,1273,571,115,385,1,1,1
940,5,451,509,202,544,1,1,1
940,7,2041,651,79,203,1,1,1
941,2,1335,575,223,517,1,1,1
941,3,1861,616,130,352,1,1,1
941,4,1275,570,112,385,1,1,1
941,5,449,508,203,543,1,1,1
941,7,2041,650,78,204,1,1,1
942,2,1330,575,225,517,1,1,1
942,3,1861,616,131,353,1,1,1
942,4,1277,571,115,385,1,1,1
942,5,449,510,203,542,1,1,1
942,7,2041,651,79,204,1,1,1
943,2,1324,575,228,517,1,1,1
943,3,1862,616,131,353,1,1,1
943,4,1279,572,117,383,1,1,1
943,5,448,511,203,540,1,1,1
943,7,2041,651,79,204,1,1,1
944,2,1319,575,229,516,1,1,1
944,3,1862,615,132,354,1,1,1
944,4,1280,572,120,382,1,1,1
944,5,448,512,202,539,1,1,1
944,7,2040,651,81,204,1,1,1
945,2,1314,574,231,516,1,1,1
945,3,1862,615,133,354,1,1,1
945,4,1282,572,121,382,1,1,1
945,5,448,514,201,537,1,1,1
945,7,2040,652,81,203,1,1,1
946,1,1495,596,91,267,1,1,1
946,2,1308,574,232,515,1,1,1
946,3,1862,614,132,355,1,1,1
946,4,1283,572,123,380,1,1,1
946,5,447,515,201,535,1,1,1
946,7,2040,651,81,203,1,1,1
947,1,1493,596,95,268,1,1,1
947,2,1309,573,232,517,1,1,1
947,3,1858,615,137,355,1,1,1
947,4,1285,573,123,381,1,1,1
947,5,449,516,199,533,1,1,1
947,7,2041,651,80,204,1,1,1
948,1,1491,595,97,269,1,1,1
948,2,1309,572,232,518,1,1,1
948,3,1854,615,140,356,1,1,1
948,4,1286,573,124,381,1,1,1
948,5,451,517,196,531,1,1,1
948,7,2041,651,81,204,1,1,1
949,1,1488,594,101,270,1,1,1
949,2,1309,571,232,519,1,1,1
949,3,1850,616,144,356,1,1,1
949,4,1287,574,124,381,1,1,1
949,5,452,518,195,529,1,1,1
949,7,2042,650,80,205,1,1,1
950,1,1486,594,103,270,1,1,1
950,2,1310,570,230,520,1,1,1
950,3,1846,616,147,356,1,1,1
950,4,1288,574,124,382,1,1,1
950,5,454,520,193,526,1,1,1
950,7,2043,650,79,205,1,1,1
951,1,1483,592,106,271,1,1,1
951,2,1310,569,229,521,1,1,1
951,3,1842,616,150,356,1,1,1
951,4,1288,574,124,382,1,1,1
951,5,455,520,190,523,1,1,1
951,7,2043,649,79,205,1,1,1
952,1,1488,593,104,271,1,1,1
952,2,1311,568,224,523,1,1,1
952,3,1842,616,149,357,1,1,1
952,5,457,520,190,521,1,1,1
952,7,2044,650,79,205,1,1,1
953,1,1492,593,101,272,1,1,1
953,2,1311,567,220,524,1,1,1
953,3,1843,615,146,358,1,1,1
953,5,459,520,189,518,1,1,1
953,7,2044,650,79,205,1,1,1
954,1,1496,593,99,272,1,1,1
954,2,1311,566,215,525,1,1,1
954,3,1843,615,144,358,1,1,1
954,5,461,519,187,516,1,1,1
954,7,2044,650,79,205,1,1,1
955,1,1500,593,97,273,1,1,1
955,2,1311,565,210,527,1,1,1
955,3,1843,614,142,359,1,1,1
955,5,462,519,187,513,1,1,1
955,7,2044,650,80,205,1,1,1
956,1,1504,592,94,273,1,1,1
956,2,1311,563,205,527,1,1,1
956,3,1843,613,139,359,1,1,1
956,5,463,518,185,510,1,1,1
956,7,2044,650,79,204,1,1,1
957,1,1509,593,92,273,1,1,1
957,2,1305,564,203,528,1,1,1
957,3,1843,613,137,360,1,1,1
957,5,464,518,185,506,1,1,1
957,7,2044,650,80,204,1,1,1
958,1,1514,593,88,272,1,1,1
958,2,1299,563,200,529,1,1,1
958,3,1843,612,134,362,1,1,1
958,5,465,518,184,501,1,1,1
958,7,2044,650,79,204,1,1,1
959,1,1518,593,86,272,1,1,1
959,2,1293,563,197,529,1,1,1
959,3,1843,612,131,362,1,1,1
959,5,465,518,183,495,1,1,1
959,7,2044,650,79,204,1,1,1
960,1,1523,594,83,270,1,1,1
960,2,1287,562,194,530,1,1,1
960,3,1842,611,130,363,1,1,1
960,5,466,518,182,490,1,1,1
960,7,2044,650,79,204,1,1,1
961,1,1527,593,79,270,1,1,1
961,2,1281,561,190,529,1,1,1
961,3,1842,610,126,363,1,1,1
961,5,465,517,181,485,1,1,1
961,7,2044,649,78,204,1,1,1
962,1,1529,594,79,270,1,1,1
962,2,1280,563,189,528,1,1,1
962,3,1843,610,124,366,1,1,1
962,5,466,519,180,484,1,1,1
962,7,2045,649,77,204,1,1,1
963,1,1530,594,79,270,1,1,1
963,2,1278,564,187,527,1,1,1
963,3,1843,610,122,368,1,1,1
963,5,466,521,179,482,1,1,1
963,7,2045,649,77,204,1,1,1
964,1,1531,594,79,271,1,1,1
964,2,1277,564,185,526,1,1,1
964,3,1843,610,120,370,1,1,1
964,5,466,522,178,480,1,1,1
964,7,2045,649,76,204,1,1,1
965,1,1532,593,79,272,1,1,1
965,2,1275,565,184,525,1,1,1
965,3,1843,609,118,373,1,1,1
965,5,466,524,177,478,1,1,1
965,7,2045,648,76,204,1,1,1
966,1,1533,593,78,271,1,1,1
966,2,1273,566,181,523,1,1,1
966,3,1843,609,114,374,1,1,1
966,5,466,525,175,476,1,1,1
966,7,2045,647,75,204,1,1,1
967,1,1532,594,80,271,1,1,1
967,2,1275,567,178,522,1,1,1
967,3,1843,610,114,375,1,1,1
967,5,465,527,174,474,1,1,1
967,7,2045,648,76,204,1,1,1
968,1,1531,594,81,271,1,1,1
968,2,1276,568,174,521,1,1,1
968,3,1843,610,111,376,1,1,1
968,5,464,528,173,473,1,1,1
968,7,2045,648,75,204,1,1,1
969,1,1531,595,81,270,1,1,1
969,2,1277,568,171,521,1,1,1
969,3,1842,611,110,376,1,1,1
969,5,464,529,171,471,1,1,1
969,7,2045,649,75,202,1,1,1
970,1,1530,595,83,269,1,1,1
970,2,1279,569,166,520,1,1,1
970,3,1842,611,108,378,1,1,1
970,5,463,531,169,469,1,1,1
970,7,2044,649,76,202,1,1,1
971,1,1529,596,84,268,1,1,1
971,2,1280,570,163,519,1,1,1
971,3,1841,612,107,378,1,1,1
971,4,1358,577,164,383,1,1,1
971,5,462,532,168,467,1,1,1
971,7,2044,649,76,202,1,1,1
972,1,1529,596,85,269,1,1,1
972,2,1274,571,165,517,1,1,1
972,3,1837,612,110,380,1,1,1
972,4,1357,578,169,382,1,1,1
972,5,461,532,167,464,1,1,1
972,7,2044,649,76,203,1,1,1
973,1,1529,596,85,270,1,1,1
973,2,1269,572,166,515,1,1,1
973,3,1833,611,113,383,1,1,1
973,4,1355,578,175,382,1,1,1
973,5,459,531,167,462,1,1,1
973,7,2044,650,76,202,1,1,1
974,1,1529,596,86,272,1,1,1
974,2,1263,573,168,513,1,1,1
974,3,1829,611,116,384,1,1,1
974,4,1354,579,180,380,1,1,1
974,5,458,531,166,459,1,1,1
974,7,2044,650,76,203,1,1,1
975,1,1529,596,87,273,1,1,1
975,2,1257,574,170,511,1,1,1
975,3,1826,611,117,386,1,1,1
975,4,1353,580,184,379,1,1,1
975,5,456,530,166,457,1,1,1
975,7,2043,650,77,203,1,1,1
976,1,1528,595,87,274,1,1,1
976,2,1251,575,171,509,1,1,1
976,3,1821,610,120,388,1,1,1
976,4,1351,580,189,378,1,1,1
976,5,454,529,164,454,1,1,1
976,7,2043,650,76,203,1,1,1
976,10,572,577,71,201,1,1,1
977,1,1529,596,87,275,1,1,1
977,2,1246,574,173,508,1,1,1
977,3,1813,610,129,389,1,1,1
977,4,1357,580,187,379,1,1,1
977,5,454,529,165,452,1,1,1
977,7,2044,651,76,203,1,1,1
977,10,572,577,72,201,1,1,1
978,1,1528,596,89,276,1,1,1
978,2,1241,573,175,507,1,1,1
978,3,1805,609,138,389,1,1,1
978,4,1362,580,184,379,1,1,1
978,5,454,527,164,450,1,1,1
978,7,2044,651,77,202,1,1,1
978,10,573,577,71,201,1,1,1
979,1,1528,596,89,277,1,1,1
979,2,1236,572,177,505,1,1,1
979,3,1797,609,146,389,1,1,1
979,4,1368,580,180,380,1,1,1
979,5,454,526,163,447,1,1,1
979,7,2044,651,77,202,1,1,1
979,10,573,577,71,201,1,1,1
980,1,1528,596,89,278,1,1,1
980,2,1231,571,179,504,1,1,1
980,3,1788,608,155,390,1,1,1
980,4,1373,580,178,380,1,1,1
980,5,453,525,163,445,1,1,1
980,7,2045,651,77,202,1,1,1
980,10,573,577,72,201,1,1,1
981,1,1527,595,88,279,1,1,1
981,2,1225,569,180,502,1,1,1
981,3,1779,607,163,389,1,1,1
981,4,1378,579,174,380,1,1,1
981,5,453,523,162,442,1,1,1
981,7,2044,651,77,201,1,1,1
981,10,573,577,71,200,1,1,1
982,1,1526,595,90,280,1,1,1
982,2,1223,569,180,498,1,1,1
982,3,1783,607,160,390,1,1,1
982,4,1388,579,166,383,1,1,1
982,5,453,524,163,442,1,1,1
982,7,2045,651,77,202,1,1,1
982,10,574,577,70,201,1,1,1
983,1,1524,594,92,281,1,1,1
983,2,1221,569,179,493,1,1,1
983,3,1786,607,157,390,1,1,1
983,4,1398,579,157,384,1,1,1
983,5,454,525,162,441,1,1,1
983,7,2044,651,77,203,1,1,1
983,10,574,578,70,200,1,1,1
984,1,1522,593,94,282,1,1,1
984,2,1219,569,178,488,1,1,1
984,3,1788,606,155,391,1,1,1
984,4,1407,579,149,385,1,1,1
984,5,454,525,162,441,1,1,1
984,7,2044,650,77,204,1,1,1
984,10,575,578,68,200,1,1,1
985,1,1521,592,95,283,1,1,1
985,2,1216,569,178,483,1,1,1
985,3,1791,606,152,392,1,1,1
985,4,1416,578,141,387,1,1,1
985,5,454,525,162,441,1,1,1
985,7,2044,650,76,204,1,1,1
985,10,575,578,68,201,1,1,1
986,1,1518,591,96,283,1,1,1
986,2,1214,568,176,478,1,1,1
986,3,1794,605,148,391,1,1,1
986,4,1425,577,131,388,1,1,1
986,5,454,525,162,440,1,1,1
986,7,2043,649,76,204,1,1,1
986,10,575,578,67,200,1,1,1
987,1,1517,592,98,283,1,1,1
987,2,1207,568,180,479,1,1,1
987,3,1794,605,148,393,1,1,1
987,4,1430,577,130,390,1,1,1
987,5,457,526,158,440,1,1,1
987,7,2044,650,76,204,1,1,1
987,10,574,578,69,201,1,1,1
988,1,1515,591,100,283,1,1,1
988,2,1201,568,182,479,1,1,1
988,3,1793,604,149,395,1,1,1
988,4,1435,576,128,393,1,1,1
988,5,459,526,154,439,1,1,1
988,7,2044,650,76,204,1,1,1
988,10,573,578,71,201,1,1,1
989,1,1513,591,102,283,1,1,1
989,2,1194,567,185,480,1,1,1
989,3,1793,603,149,396,1,1,1
989,4,1439,576,127,394,1,1,1
989,5,462,527,149,438,1,1,1
989,7,2044,650,77,204,1,1,1
989,10,572,578,73,201,1,1,1
990,1,1511,591,103,283,1,1,1
990,2,1187,567,189,480,1,1,1
990,3,1793,602,149,398,1,1,1
990,4,1443,575,126,397,1,1,1
990,5,464,527,145,437,1,1,1
990,7,2044,650,77,204,1,1,1
990,10,570,577,75,202,1,1,1
991,1,1508,591,105,282,1,1,1
991,2,1180,566,191,480,1,1,1
991,3,1792,601,150,398,1,1,1
991,4,1447,574,124,398,1,1,1
991,5,466,526,141,437,1,1,1
991,7,2043,650,77,204,1,1,1
991,10,569,576,76,202,1,1,1
992,1,1511,591,103,282,1,1,1
992,2,1180,566,188,478,1,1,1
992,3,1793,601,149,399,1,1,1
992,4,1450,574,124,398,1,1,1
992,5,470,527,143,435,1,1,1
992,7,2044,649,77,205,1,1,1
993,1,1512,590,102,284,1,1,1
993,2,1179,566,185,475,1,1,1
993,3,1794,601,149,398,1,1,1
993,4,1452,573,124,398,1,1,1
993,5,473,526,144,433,1,1,1
993,7,2044,649,77,204,1,1,1
994,1,1514,590,100,284,1,1,1
994,2,1178,566,183,472,1,1,1
994,3,1794,601,149,398,1,1,1
994,4,1454,572,124,398,1,1,1
994,5,477,526,145,430,1,1,1
994,7,2043,648,78,205,1,1,1
995,1,1515,589,98,285,1,1,1
995,2,1177,565,180,470,1,1,1
995,3,1795,600,148,399,1,1,1
995,4,1456,571,124,398,1,1,1
995,5,480,526,147,428,1,1,1
995,7,2043,648,78,204,1,1,1
996,1,1516,588,96,285,1,1,1
996,2,1176,564,177,467,1,1,1
996,3,1795,600,147,398,1,1,1
996,4,1457,570,124,398,1,1,1
996,5,483,525,148,425,1,1,1
996,7,2042,647,78,204,1,1,1
997,1,1519,588,93,286,1,1,1
997,2,1175,564,176,466,1,1,1
997,3,1795,600,148,397,1,1,1
997,4,1459,570,125,398,1,1,1
997,5,486,525,148,422,1,1,1
997,7,2043,647,78,204,1,1,1
998,1,1521,588,90,286,1,1,1
998,2,1174,563,175,464,1,1,1
998,3,1795,599,148,398,1,1,1
998,4,1459,569,126,399,1,1,1
998,5,489,524,148,418,1,1,1
998,7,2043,647,79,204,1,1,1
999,1,1523,588,87,286,1,1,1
999,2,1173,562,173,463,1,1,1
999,3,1794,599,149,397,1,1,1
999,4,1460,569,126,398,1,1,1
999,5,491,524,148,414,1,1,1
999,7,2043,646,79,205,1,1,1
1000,1,1525,588,84,286,1,1,1
1000,2,1171,561,173,461,1,1,1
1000,3,1794,598,149,397,1,1,1
1000,4,1460,568,127,399,1,1,1
1000,5,494,523,147,410,1,1,1
1000,7,2043,646,79,204,1,1,1
1001,1,1526,587,81,285,1,1,1
1001,2,1170,560,171,460,1,1,1
1001,3,1793,597,150,396,1,1,1
1001,4,1461,567,126,398,1,1,1
1001,5,496,522,146,406,1,1,1
1001,7,2043,645,78,204,1,1,1
1002,1,1524,588,84,285,1,1,1
1002,2,1166,559,174,458,1,1,1
1002,3,1794,598,149,396,1,1,1
1002,4,1462,568,128,399,1,1,1
1002,5,499,522,146,407,1,1,1
1002,7,2043,645,79,205,1,1,1
1003,1,1521,588,86,285,1,1,1
1003,2,1163,558,176,455,1,1,1
1003,3,1795,598,148,396,1,1,1
1003,4,1462,568,130,399,1,1,1
1003,5,502,522,145,406,1,1,1
1003,7,2043,645,79,204,1,1,1
1004,1,1518,588,89,284,1,1,1
1004,2,1159,557,178,453,1,1,1
1004,3,1797,598,146,396,1,1,1
1004,4,1463,569,131,398,1,1,1
1004,5,504,522,144,406,1,1,1
1004,7,2043,645,79,204,1,1,1
1005,1,1516,588,91,284,1,1,1
1005,2,1155,556,181,450,1,1,1
1005,3,1798,599,145,395,1,1,1
1005,4,1464,569,132,399,1,1,1
1005,5,507,522,143,406,1,1,1
1005,7,2044,645,78,204,1,1,1
1006,1,1512,588,93,283,1,1,1
1006,2,1151,555,183,447,1,1,1
1006,3,1798,598,143,394,1,1,1
1006,4,1464,569,133,398,1,1,1
1006,5,509,522,142,405,1,1,1
1006,7,2043,644,78,203,1,1,1
1007,1,1512,587,93,285,1,1,1
1007,2,1149,555,183,448,1,1,1
1007,3,1798,598,145,396,1,1,1
1007,4,1464,569,132,398,1,1,1
1007,5,511,523,142,405,1,1,1
1007,7,2043,645,79,204,1,1,1
1008,1,1510,586,93,286,1,1,1
1008,2,1147,556,182,447,1,1,1
1008,3,1798,598,145,396,1,1,1
1008,4,1463,569,132,398,1,1,1
1008,5,513,525,140,403,1,1,1
1008,7,2043,645,79,204,1,1,1
1009,1,1509,585,93,288,1,1,1
1009,2,1144,556,182,447,1,1,1
1009,3,1797,597,147,397,1,1,1
1009,4,1463,569,131,397,1,1,1
1009,5,514,526,140,402,1,1,1
1009,7,2043,645,79,204,1,1,1
1010,1,1508,583,92,290,1,1,1
1010,2,1142,556,181,448,1,1,1
1010,3,1797,597,147,397,1,1,1
1010,4,1462,569,131,397,1,1,1
1010,5,516,527,138,401,1,1,1
1010,7,2043,645,79,205,1,1,1
1011,1,1506,582,92,291,1,1,1
1011,2,1139,556,180,447,1,1,1
1011,3,1796,596,148,397,1,1,1
1011,4,1461,569,130,396,1,1,1
1011,5,517,528,137,400,1,1,1
1011,7,2042,644,79,205,1,1,1
1012,2,1139,558,181,445,1,1,1
1012,3,1792,596,152,397,1,1,1
1012,4,1461,569,133,396,1,1,1
1012,5,519,529,137,397,1,1,1
1012,7,2042,644,80,205,1,1,1
1013,2,1138,560,181,443,1,1,1
1013,3,1787,595,155,397,1,1,1
1013,4,1461,569,134,396,1,1,1
1013,5,520,529,136,394,1,1,1
1013,7,2042,643,79,206,1,1,1
1014,2,1137,562,181,441,1,1,1
1014,3,1783,595,158,396,1,1,1
1014,4,1460,569,137,396,1,1,1
1014,5,521,530,135,391,1,1,1
1014,7,2041,642,80,206,1,1,1
1015,2,1136,564,181,438,1,1,1
1015,3,1778,594,162,397,1,1,1
1015,4,1460,569,138,396,1,1,1
1015,5,522,530,135,389,1,1,1
1015,7,2041,642,80,206,1,1,1
1016,2,1134,565,181,436,1,1,1
1016,3,1773,593,165,395,1,1,1
1016,4,1459,569,140,395,1,1,1
1016,5,522,530,134,385,1,1,1
1016,7,2040,640,79,206,1,1,1
1017,2,1136,564,180,436,1,1,1
1017,3,1769,595,167,395,1,1,1
1017,4,1460,569,140,396,1,1,1
1017,5,525,530,133,383,1,1,1
1017,7,2041,641,80,206,1,1,1
1018,2,1136,563,180,436,1,1,1
1018,3,1764,596,170,394,1,1,1
1018,4,1460,569,139,395,1,1,1
1018,5,527,529,133,382,1,1,1
1018,7,2041,641,81,206,1,1,1
1019,2,1137,562,178,435,1,1,1
1019,3,1760,596,171,394,1,1,1
1019,4,1460,568,139,396,1,1,1
1019,5,530,528,131,380,1,1,1
1019,7,2041,641,82,206,1,1,1
1020,2,1138,560,177,436,1,1,1
1020,3,1756,597,173,393,1,1,1
1020,4,1461,568,137,396,1,1,1
1020,5,532,527,130,378,1,1,1
1020,7,2041,641,83,206,1,1,1
1021,2,1138,559,175,434,1,1,1
1021,3,1751,597,175,391,1,1,1
1021,4,1461,567,136,395,1,1,1
1021,5,534,526,128,375,1,1,1
1021,7,2040,640,83,206,1,1,1
1022,2,1140,560,175,430,1,1,1
1022,3,1745,598,178,393,1,1,1
1022,4,1462,568,138,396,1,1,1
1022,5,538,528,128,373,1,1,1
1022,7,2041,642,83,205,1,1,1
1023,2,1141,562,175,425,1,1,1
1023,3,1740,599,180,393,1,1,1
1023,4,1462,569,141,395,1,1,1
1023,5,541,529,128,371,1,1,1
1023,7,2042,642,82,206,1,1,1
1024,2,1142,563,175,420,1,1,1
1024,3,1734,599,183,394,1,1,1
1024,4,1462,570,143,394,1,1,1
1024,5,544,530,128,370,1,1,1
1024,7,2042,643,82,205,1,1,1
1025,2,1144,564,174,415,1,1,1
1025,3,1728,600,185,395,1,1,1
1025,4,1463,571,145,394,1,1,1
1025,5,548,531,127,368,1,1,1
1025,7,2042,644,82,205,1,1,1
1026,2,1144,565,173,410,1,1,1
1026,3,1722,600,187,395,1,1,1
1026,4,1463,571,146,393,1,1,1
1026,5,551,532,126,365,1,1,1
1026,7,2042,644,81,204,1,1,1
1027,2,1144,564,172,411,1,1,1
1027,3,1726,600,182,396,1,1,1
1027,4,1463,571,146,394,1,1,1
1027,5,555,533,127,365,1,1,1
1027,7,2042,645,82,204,1,1,1
1028,2,1144,564,169,410,1,1,1
1028,3,1730,599,175,398,1,1,1
1028,4,1463,571,144,394,1,1,1
1028,5,559,533,128,365,1,1,1
1028,7,2042,645,82,205,1,1,1
1029,2,1144,563,166,410,1,1,1
1029,3,1733,599,170,398,1,1,1
1029,4,1463,571,142,394,1,1,1
1029,5,563,534,128,364,1,1,1
1029,7,2042,645,82,205,1,1,1
1030,2,1143,562,164,410,1,1,1
1030,3,1737,598,163,400,1,1,1
1030,4,1463,571,141,394,1,1,1
1030,5,567,534,129,364,1,1,1
1030,7,2041,645,83,206,1,1,1
1031,2,1142,561,161,410,1,1,1
1031,3,1740,597,157,400,1,1,1
1031,4,1463,571,138,393,1,1,1
1031,5,571,534,128,363,1,1,1
1031,7,2040,644,83,206,1,1,1
1032,2,1142,562,159,409,1,1,1
1032,3,1742,597,152,401,1,1,1
1032,4,1463,572,136,392,1,1,1
1032,5,573,536,129,360,1,1,1
1032,7,2042,646,83,205,1,1,1
1033,2,1141,564,157,406,1,1,1
1033,3,1744,596,147,401,1,1,1
1033,4,1463,572,133,392,1,1,1
1033,5,575,536,128,357,1,1,1
1033,7,2042,647,83,204,1,1,1
1034,2,1140,565,156,404,1,1,1
1034,3,1746,594,141,403,1,1,1
1034,4,1463,573,129,390,1,1,1
1034,5,576,537,129,354,1,1,1
1034,7,2043,647,83,204,1,1,1
1035,2,1140,566,153,402,1,1,1
1035,3,1747,593,136,403,1,1,1
1035,4,1463,573,126,389,1,1,1
1035,5,578,538,129,350,1,1,1
1035,7,2044,648,82,203,1,1,1
1036,2,1138,567,151,400,1,1,1
1036,3,1748,591,130,404,1,1,1
1036,4,1463,573,122,387,1,1,1
1036,5,579,538,128,346,1,1,1
1036,7,2044,648,81,202,1,1,1
1037,2,1137,567,151,399,1,1,1
1037,3,1750,592,124,406,1,1,1
1037,4,1464,574,124,387,1,1,1
1037,5,584,538,127,346,1,1,1
1037,7,2045,647,80,202,1,1,1
1038,2,1136,567,150,398,1,1,1
1038,3,1751,592,118,407,1,1,1
1038,4,1465,574,125,386,1,1,1
1038,5,589,536,124,347,1,1,1
1038,7,2046,646,78,200,1,1,1
1039,2,1134,566,150,398,1,1,1
1039,3,1751,592,113,409,1,1,1
1039,4,1466,575,126,385,1,1,1
1039,5,594,535,122,347,1,1,1
1039,7,2046,644,77,200,1,1,1
1040,2,1132,566,150,396,1,1,1
1040,3,1752,592,106,410,1,1,1
1040,4,1467,575,127,385,1,1,1
1040,5,599,534,119,347,1,1,1
1040,7,2047,642,75,199,1,1,1
1041,1,1420,583,126,287,1,1,1
1041,2,1130,565,148,395,1,1,1
1041,3,1753,591,100,412,1,1,1
1041,4,1467,575,128,383,1,1,1
1041,5,604,532,116,346,1,1,1
1041,7,2046,640,73,197,1,1,1
1041,10,573,567,67,195,1,1,1
1042,1,1422,583,123,287,1,1,1
1042,2,1131,565,148,395,1,1,1
1042,3,1749,592,101,413,1,1,1
1042,4,1467,576,137,382,1,1,1
1042,5,607,532,114,348,1,1,1
1042,7,2047,641,75,201,1,1,1
1042,10,575,568,66,197,1,1,1
1043,1,1423,582,121,287,1,1,1
1043,2,1131,564,147,396,1,1,1
1043,3,1744,593,103,413,1,1,1
1043,4,1467,577,144,380,1,1,1
1043,5,611,531,110,349,1,1,1
1043,7,2048,642,76,203,1,1,1
1043,10,576,568,65,199,1,1,1
1044,1,1424,581,118,287,1,1,1
1044,2,1131,564,146,395,1,1,1
1044,3,1740,593,104,414,1,1,1
1044,4,1466,578,153,378,1,1,1
1044,5,614,530,108,350,1,1,1
1044,7,2048,642,77,207,1,1,1
1044,10,577,569,64,199,1,1,1
1045,1,1425,580,115,287,1,1,1
1045,2,1131,564,145,394,1,1,1
1045,3,1735,593,107,414,1,1,1
1045,4,1466,579,161,375,1,1,1
1045,5,617,529,105,351,1,1,1
1045,7,2049,642,78,210,1,1,1
1045,10,578,569,63,201,1,1,1
1046,1,1426,579,112,285,1,1,1
1046,2,1130,563,144,393,1,1,1
1046,3,1730,593,108,414,1,1,1
1046,4,1465,579,169,373,1,1,1
1046,5,620,528,102,351,1,1,1
1046,7,2048,642,79,212,1,1,1
1046,10,579,569,61,202,1,1,1
1047,1,1425,580,107,286,1,1,1
1047,2,1129,564,145,391,1,1,1
1047,3,1723,594,114,415,1,1,1
1047,4,1466,580,169,373,1,1,1
1047,5,624,531,98,348,1,1,1
1047,7,2050,644,79,211,1,1,1
1047,10,579,569,64,202,1,1,1
1048,1,1424,580,102,286,1,1,1
1048,2,1127,565,146,387,1,1,1
1048,3,1715,595,120,415,1,1,1
1048,4,1467,581,168,371,1,1,1
1048,5,629,533,93,345,1,1,1
1048,7,2051,645,78,209,1,1,1
1048,10,579,568,66,203,1,1,1
1049,1,1423,581,96,286,1,1,1
1049,2,1126,566,146,384,1,1,1
1049,3,1707,595,126,416,1,1,1
1049,4,1468,582,167,370,1,1,1
1049,5,633,535,89,342,1,1,1
1049,7,2051,647,78,207,1,1,1
1049,10,578,567,69,204,1,1,1
1050,1,1422,581,91,286,1,1,1
1050,2,1124,567,147,380,1,1,1
1050,3,1700,596,131,415,1,1,1
1050,4,1469,583,166,368,1,1,1
1050,5,637,537,85,339,1,1,1
1050,7,2052,648,77,205,1,1,1
1050,10,578,566,71,205,1,1,1
1051,1,1420,581,85,285,1,1,1
1051,2,1122,567,146,377,1,1,1
1051,3,1691,595,136,416,1,1,1
1051,4,1469,583,165,367,1,1,1
1051,5,640,538,81,336,1,1,1
1051,7,2053,648,75,204,1,1,1
1051,10,577,565,73,206,1,1,1
1052,1,1418,582,84,285,1,1,1
1052,2,1122,567,144,378,1,1,1
1052,3,1691,596,136,419,1,1,1
1052,4,1473,583,162,369,1,1,1
1052,5,641,539,83,336,1,1,1
1052,7,2053,649,76,204,1,1,1
1052,10,578,566,73,205,1,1,1
1053,1,1416,582,83,285,1,1,1
1053,2,1121,567,141,378,1,1,1
1053,3,1690,595,136,422,1,1,1
1053,4,1477,582,158,371,1,1,1
1053,5,642,539,83,336,1,1,1
1053,7,2053,648,76,204,1,1,1
1053,10,579,566,73,205,1,1,1
1054,1,1414,582,81,285,1,1,1
1054,2,1120,566,138,379,1,1,1
1054,3,1689,595,136,425,1,1,1
1054,4,1480,581,155,372,1,1,1
1054,5,642,539,84,335,1,1,1
1054,7,2053,648,77,204,1,1,1
1054,10,580,567,72,204,1,1,1
1055,1,1412,582,79,285,1,1,1
1055,2,1119,566,136,379,1,1,1
1055,3,1689,594,135,428,1,1,1
1055,4,1484,580,151,374,1,1,1
1055,5,642,539,85,335,1,1,1
1055,7,2053,647,77,204,1,1,1
1055,10,581,567,72,204,1,1,1
1056,1,1410,581,77,285,1,1,1
1056,2,1118,565,132,379,1,1,1
1056,3,1687,593,134,430,1,1,1
1056,4,1487,579,146,375,1,1,1
1056,5,642,538,85,334,1,1,1
1056,7,2053,646,77,204,1,1,1
1056,10,581,567,71,204,1,1,1
1057,1,1400,582,87,286,1,1,1
1057,2,1118,567,131,377,1,1,1
1057,3,1689,593,129,432,1,1,1
1057,4,1496,580,141,374,1,1,1
1057,5,644,540,85,333,1,1,1
1057,7,2053,647,78,204,1,1,1
1057,10,582,568,71,204,1,1,1
1058,1,1391,582,94,287,1,1,1
1058,2,1118,569,129,375,1,1,1
1058,3,1689,592,124,434,1,1,1
1058,4,1505,580,135,373,1,1,1
1058,5,644,540,85,333,1,1,1
1058,7,2054,646,77,204,1,1,1
1058,10,583,568,69,204,1,1,1
1059,1,1381,583,103,287,1,1,1
1059,2,1117,571,128,373,1,1,1
1059,3,1690,591,118,436,1,1,1
1059,4,1513,580,129,373,1,1,1
1059,5,645,541,84,331,1,1,1
1059,7,2054,646,78,204,1,1,1
1059,10,584,569,68,204,1,1,1
1060,1,1371,583,112,288,1,1,1
1060,2,1117,573,126,370,1,1,1
1060,3,1691,591,112,437,1,1,1
1060,4,1522,580,122,372,1,1,1
1060,5,646,542,83,330,1,1,1
1060,7,2055,645,77,204,1,1,1
1060,10,585,569,66,204,1,1,1
1061,1,1361,583,120,287,1,1,1
1061,2,1116,575,124,367,1,1,1
1061,3,1691,589,106,438,1,1,1
1061,4,1530,579,116,371,1,1,1
1061,5,646,542,81,328,1,1,1
1061,7,2055,644,77,204,1,1,1
1061,10,585,569,65,204,1,1,1
1062,1,1358,585,122,286,1,1,1
1062,2,1115,576,126,367,1,1,1
1062,3,1686,590,110,439,1,1,1
1062,4,1534,581,116,371,1,1,1
1062,5,648,544,84,329,1,1,1
1062,7,2056,647,77,203,1,1,1
1062,10,586,571,65,203,1,1,1
1063,1,1354,586,125,284,1,1,1
1063,2,1114,577,127,365,1,1,1
1063,3,1680,591,113,438,1,1,1
1063,4,1537,582,117,371,1,1,1
1063,5,650,545,85,329,1,1,1
1063,7,2057,648,76,203,1,1,1
1063,10,587,572,65,202,1,1,1
1064,1,1351,587,126,283,1,1,1
1064,2,1113,578,129,364,1,1,1
1064,3,1675,591,116,438,1,1,1
1064,4,1541,583,116,371,1,1,1
1064,5,651,546,87,330,1,1,1
1064,7,2057,650,76,202,1,1,1
1064,10,588,573,64,201,1,1,1
1065,1,1348,588,128,281,1,1,1
1065,2,1112,578,130,364,1,1,1
1065,3,1669,592,120,437,1,1,1
1065,4,1544,584,117,371,1,1,1
1065,5,652,547,90,330,1,1,1
1065,7,2058,652,76,201,1,1,1
1065,10,589,574,63,200,1,1,1
1066,1,1344,588,130,279,1,1,1
1066,2,1110,578,131,362,1,1,1
1066,3,1663,592,123,436,1,1,1
1066,4,1547,584,116,371,1,1,1
1066,5,653,548,91,330,1,1,1
1066,7,2058,653,75,200,1,1,1
1066,10,589,575,63,198,1,1,1
1067,1,1344,589,130,280,1,1,1
1067,2,1110,579,131,360,1,1,1
1067,3,1648,593,134,436,1,1,1
1067,4,1548,586,117,371,1,1,1
1067,5,654,549,92,332,1,1,1
1067,7,2059,654,75,200,1,1,1
1067,10,590,575,63,199,1,1,1
1068,1,1343,589,131,280,1,1,1
1068,2,1110,578,130,359,1,1,1
1068,3,1633,593,145,436,1,1,1
1068,4,1549,588,117,370,1,1,1
1068,5,655,550,93,333,1,1,1
1068,7,2059,654,75,201,1,1,1
1068,10,590,576,63,198,1,1,1
1069,1,1342,589,131,280,1,1,1
1069,2,1110,578,129,357,1,1,1
1069,3,1618,594,156,436,1,1,1
1069,4,1549,589,119,369,1,1,1
1069,5,656,551,93,334,1,1,1
1069,7,2059,655,75,200,1,1,1
1069,10,590,576,64,198,1,1,1
1070,1,1341,590,132,280,1,1,1
1070,2,1109,578,129,355,1,1,1
1070,3,1603,594,167,436,1,1,1
1070,4,1550,591,119,368,1,1,1
1070,5,657,552,93,335,1,1,1
1070,7,2060,655,74,201,1,1,1
1070,10,590,576,64,198,1,1,1
1071,1,1340,589,132,280,1,1,1
1071,2,1108,577,128,352,1,1,1
1071,3,1587,594,177,435,1,1,1
1071,4,1550,592,119,366,1,1,1
1071,5,657,553,94,335,1,1,1
1071,7,2059,655,73,201,1,1,1
1071,10,590,576,64,198,1,1,1
1072,1,1340,590,131,281,1,1,1
1072,2,1109,578,126,352,1,1,1
1072,3,1583,596,180,435,1,1,1
1072,4,1551,593,118,366,1,1,1
1072,5,658,554,96,336,1,1,1
1072,7,2060,656,74,201,1,1,1
1072,10,590,577,65,198,1,1,1
1073,1,1340,589,129,282,1,1,1
1073,2,1109,579,125,351,1,1,1
1073,3,1578,597,182,434,1,1,1
1073,4,1552,593,116,366,1,1,1
1073,5,659,554,97,338,1,1,1
1073,7,2060,656,75,202,1,1,1
1073,10,590,577,65,199,1,1,1
1074,1,1340,589,128,283,1,1,1
1074,2,1109,580,123,349,1,1,1
1074,3,1572,599,185,433,1,1,1
1074,4,1552,593,115,366,1,1,1
1074,5,660,554,97,339,1,1,1
1074,7,2060,657,75,201,1,1,1
1074,10,590,578,65,199,1,1,1
1075,1,1340,589,126,283,1,1,1
1075,2,1109,581,122,348,1,1,1
1075,3,1567,600,188,432,1,1,1
1075,4,1553,594,113,365,1,1,1
1075,5,661,554,98,340,1,1,1
1075,7,2059,657,76,202,1,1,1
1075,10,590,578,66,200,1,1,1
1076,1,1340,588,124,284,1,1,1
1076,2,1108,581,120,346,1,1,1
1076,3,1562,601,189,431,1,1,1
1076,4,1553,593,111,364,1,1,1
1076,5,662,554,99,340,1,1,1
1076,7,2059,657,76,201,1,1,1
1076,10,590,578,65,200,1,1,1
1077,1,1340,589,119,284,1,1,1
1077,2,1104,582,123,346,1,1,1
1077,3,1562,600,187,433,1,1,1
1077,5,665,554,99,341,1,1,1
1077,7,2059,658,77,201,1,1,1
1077,10,590,579,66,200,1,1,1
1078,1,1340,588,113,285,1,1,1
1078,2,1099,582,126,346,1,1,1
1078,3,1561,599,186,434,1,1,1
1078,5,667,553,100,342,1,1,1
1078,7,2060,658,76,201,1,1,1
1078,10,591,580,65,199,1,1,1
1079,1,1339,588,108,284,1,1,1
1079,2,1094,583,130,345,1,1,1
1079,3,1561,598,183,435,1,1,1
1079,5,670,552,100,342,1,1,1
1079,7,2060,657,77,202,1,1,1
1079,10,591,581,65,198,1,1,1
1080,1,1339,587,102,285,1,1,1
1080,2,1089,583,133,345,1,1,1
1080,3,1560,597,182,436,1,1,1
1080,5,672,552,100,342,1,1,1
1080,7,2060,657,77,201,1,1,1
1080,10,591,581,65,198,1,1,1
1081,1,1339,587,96,285,1,1,1
1081,2,1084,584,136,344,1,1,1
1081,3,1560,596,179,437,1,1,1
1081,5,675,551,100,343,1,1,1
1081,7,2060,657,77,201,1,1,1
1081,10,591,582,65,197,1,1,1
1082,1,1339,587,90,285,1,1,1
1082,2,1085,584,132,343,1,1,1
1082,3,1560,595,169,438,1,1,1
1082,5,677,551,101,344,1,1,1
1082,7,2061,657,76,201,1,1,1
1082,10,591,582,65,197,1,1,1
1083,1,1340,588,82,284,1,1,1
1083,2,1086,584,128,341,1,1,1
1083,3,1560,594,159,440,1,1,1
1083,5,679,551,101,344,1,1,1
1083,7,2061,657,76,201,1,1,1
1083,10,592,582,64,196,1,1,1
1084,1,1340,588,76,283,1,1,1
1084,2,1087,584,124,340,1,1,1
1084,3,1560,593,148,441,1,1,1
1084,5,681,551,102,345,1,1,1
1084,7,2062,657,75,201,1,1,1
1084,10,592,581,65,197,1,1,1
1085,1,1341,589,68,282,1,1,1
1085,2,1089,584,120,338,1,1,1
1085,3,1560,592,138,443,1,1,1
1085,5,683,550,103,346,1,1,1
1085,7,2063,657,74,201,1,1,1
1085,10,592,581,65,197,1,1,1
1086,1,1341,589,61,281,1,1,1
1086,2,1089,584,116,336,1,1,1
1086,3,1560,590,127,444,1,1,1
1086,5,684,550,104,346,1,1,1
1086,7,2063,656,73,201,1,1,1
1086,10,592,580,64,196,1,1,1
1087,1,1332,589,69,282,1,1,1
1087,2,1088,584,116,336,1,1,1
1087,3,1555,590,127,447,1,1,1
1087,5,687,550,111,348,1,1,1
1087,7,2064,656,74,203,1,1,1
1087,10,593,581,64,197,1,1,1
1088,1,1322,589,78,283,1,1,1
1088,2,1086,583,116,336,1,1,1
1088,3,1550,590,126,449,1,1,1
1088,5,689,551,119,348,1,1,1
1088,7,2063,656,75,203,1,1,1
1088,10,592,580,66,198,1,1,1
1089,1,1312,588,86,284,1,1,1
1089,2,1083,582,117,336,1,1,1
1089,3,1545,590,125,450,1,1,1
1089,5,692,551,126,349,1,1,1
1089,7,2063,656,76,203,1,1,1
1089,10,592,580,67,199,1,1,1
1090,1,1302,588,95,284,1,1,1
1090,2,1081,581,117,336,1,1,1
1090,3,1539,590,126,452,1,1,1
1090,5,694,551,134,350,1,1,1
1090,7,2063,656,77,203,1,1,1
1090,10,592,580,67,199,1,1,1
1091,1,1291,587,103,285,1,1,1
1091,2,1079,580,117,335,1,1,1
1091,3,1533,590,124,453,1,1,1
1091,5,696,551,141,350,1,1,1
1091,7,2062,655,77,203,1,1,1
1091,10,591,579,67,200,1,1,1
1092,1,1288,588,106,285,1,1,1
1092,2,1077,580,118,334,1,1,1
1092,3,1518,590,136,453,1,1,1
1092,5,697,552,144,351,1,1,1
1092,7,2063,655,77,204,1,1,1
1092,10,592,579,68,201,1,1,1
1093,1,1284,587,109,286,1,1,1
1093,2,1074,580,119,333,1,1,1
1093,3,1502,590,148,452,1,1,1
1093,5,698,553,145,351,1,1,1
1093,7,2062,655,78,204,1,1,1
1093,10,592,579,68,201,1,1,1
1094,1,1281,587,112,286,1,1,1
1094,2,1072,579,120,332,1,1,1
1094,3,1485,591,160,451,1,1,1
1094,5,698,554,148,351,1,1,1
1094,7,2062,655,78,205,1,1,1
1094,10,592,579,68,201,1,1,1
1095,1,1277,587,115,286,1,1,1
1095,2,1069,579,121,331,1,1,1
1095,3,1469,591,171,450,1,1,1
1095,5,699,555,150,351,1,1,1
1095,7,2062,655,78,205,1,1,1
1095,10,592,578,68,202,1,1,1
1096,1,1273,587,117,285,1,1,1
1096,2,1066,578,121,329,1,1,1
1096,3,1453,590,182,449,1,1,1
1096,5,699,555,152,351,1,1,1
1096,7,2061,655,78,205,1,1,1
1096,10,592,577,67,202,1,1,1
1097,1,1272,587,118,285,1,1,1
1097,2,1065,579,121,329,1,1,1
1097,3,1450,590,186,451,1,1,1
1097,5,704,555,147,352,1,1,1
1097,7,2061,655,79,205,1,1,1
1097,10,592,578,68,202,1,1,1
1098,1,1271,587,119,285,1,1,1
1098,2,1063,579,121,329,1,1,1
1098,3,1446,590,190,452,1,1,1
1098,5,709,554,142,353,1,1,1
1098,7,2061,655,79,204,1,1,1
1098,10,592,578,68,202,1,1,1
1099,1,1270,587,119,284,1,1,1
1099,2,1060,579,121,329,1,1,1
1099,3,1442,590,194,453,1,1,1
1099,5,714,553,137,354,1,1,1
1099,7,2061,654,79,204,1,1,1
1099,10,592,579,68,201,1,1,1
1100,1,1268,587,121,284,1,1,1
1100,2,1058,580,121,328,1,1,1
1100,3,1439,589,197,455,1,1,1
1100,5,719,552,132,355,1,1,1
1100,7,2061,654,79,204,1,1,1
1100,10,592,579,68,200,1,1,1
1101,1,1266,587,121,283,1,1,1
1101,2,1055,579,121,328,1,1,1
1101,3,1434,588,200,455,1,1,1
1101,5,723,550,127,356,1,1,1
1101,7,2061,654,77,202,1,1,1
1101,10,591,578,67,200,1,1,1
1102,1,1267,587,119,283,1,1,1
1102,2,1055,580,121,327,1,1,1
1102,3,1435,588,196,457,1,1,1
1102,5,733,550,121,358,1,1,1
1102,7,2062,653,77,204,1,1,1
1102,10,592,579,67,200,1,1,1
1103,1,1267,586,118,283,1,1,1
1103,2,1055,580,119,327,1,1,1
1103,3,1434,586,192,458,1,1,1
1103,5,742,549,116,360,1,1,1
1103,7,2062,653,78,203,1,1,1
1103,10,592,579,67,200,1,1,1
1104,1,1267,586,116,282,1,1,1
1104,2,1054,581,119,325,1,1,1
1104,3,1434,585,187,459,1,1,1
1104,5,752,549,109,360,1,1,1
1104,7,2062,652,78,204,1,1,1
1104,10,592,579,67,200,1,1,1
1105,1,1267,586,114,282,1,1,1
1105,2,1054,581,118,324,1,1,1
1105,3,1434,583,182,460,1,1,1
1105,5,761,548,103,362,1,1,1
1105,7,2062,651,78,205,1,1,1
1105,10,592,579,67,200,1,1,1
1106,1,1266,585,112,281,1,1,1
1106,2,1052,580,117,323,1,1,1
1106,3,1433,581,176,461,1,1,1
1106,4,1519,588,103,346,1,1,1
1106,5,770,547,96,362,1,1,1
1106,7,2061,650,77,204,1,1,1
1106,10,591,578,66,200,1,1,1
1107,1,1267,584,106,281,1,1,1
1107,2,1053,580,116,323,1,1,1
1107,3,1434,581,163,462,1,1,1
1107,4,1520,588,101,345,1,1,1
1107,5,774,549,99,363,1,1,1
1107,7,2062,650,78,205,1,1,1
1107,10,592,578,67,200,1,1,1
1108,1,1267,584,100,280,1,1,1
1108,2,1053,579,114,322,1,1,1
1108,3,1434,580,150,463,1,1,1
1108,4,1520,587,99,345,1,1,1
1108,5,777,549,103,365,1,1,1
1108,7,2062,650,78,205,1,1,1
1108,10,591,578,68,200,1,1,1
1109,1,1267,583,93,279,1,1,1
1109,2,1054,578,112,321,1,1,1
1109,3,1434,579,137,463,1,1,1
1109,4,1521,587,96,343,1,1,1
1109,5,781,550,105,366,1,1,1
1109,7,2063,650,78,204,1,1,1
1109,10,591,577,69,201,1,1,1
1110,1,1267,583,87,278,1,1,1
1110,2,1054,578,111,320,1,1,1
1110,3,1434,578,124,464,1,1,1
1110,4,1521,586,94,343,1,1,1
1110,5,784,550,108,367,1,1,1
1110,7,2063,650,78,204,1,1,1
1110,10,591,577,69,201,1,1,1
1111,1,1266,581,80,277,1,1,1
1111,2,1054,576,109,319,1,1,1
1111,3,1434,576,109,465,1,1,1
1111,4,1521,585,92,341,1,1,1
1111,5,787,551,110,367,1,1,1
1111,7,2063,650,78,203,1,1,1
1111,10,590,576,69,200,1,1,1
1112,1,1261,582,84,277,1,1,1
1112,2,1053,577,109,317,1,1,1
1112,3,1421,577,117,465,1,1,1
1112,4,1519,585,92,341,1,1,1
1112,5,789,552,117,368,1,1,1
1112,7,2063,650,78,203,1,1,1
1112,10,591,577,69,200,1,1,1
1113,1,1255,582,87,277,1,1,1
1113,2,1053,577,107,315,1,1,1
1113,3,1408,577,124,465,1,1,1
1113,4,1516,585,92,341,1,1,1
1113,5,789,553,124,368,1,1,1
1113,7,2063,651,77,201,1,1,1
1113,10,592,576,67,201,1,1,1
1114,1,1250,583,89,275,1,1,1
1114,2,1052,577,107,313,1,1,1
1114,3,1395,577,131,464,1,1,1
1114,4,1513,585,92,340,1,1,1
1114,5,790,554,131,368,1,1,1
1114,7,2063,651,76,201,1,1,1
1114,10,592,576,67,201,1,1,1
1115,1,1244,583,93,275,1,1,1
1115,2,1051,577,107,311,1,1,1
1115,3,1382,577,138,464,1,1,1
1115,4,1511,585,92,340,1,1,1
1115,5,791,555,137,368,1,1,1
1115,7,2063,651,76,200,1,1,1
1115,10,593,576,65,201,1,1,1
1116,1,1238,583,95,274,1,1,1
1116,2,1050,577,105,308,1,1,1
1116,3,1369,577,145,463,1,1,1
1116,4,1508,584,91,339,1,1,1
1116,5,791,556,143,367,1,1,1
1116,7,2063,650,74,200,1,1,1
1116,10,592,576,64,201,1,1,1
1117,1,1230,584,103,274,1,1,1
1117,2,1045,578,109,308,1,1,1
1117,3,1360,579,153,462,1,1,1
1117,4,1500,585,98,339,1,1,1
1117,5,796,556,140,369,1,1,1
1117,7,2063,651,76,201,1,1,1
1117,10,593,577,65,201,1,1,1
1118,1,1222,585,109,273,1,1,1
1118,2,1040,579,112,308,1,1,1
1118,3,1351,580,162,462,1,1,1
1118,4,1492,586,103,338,1,1,1
1118,5,800,556,137,369,1,1,1
1118,7,2063,652,76,200,1,1,1
1118,10,593,577,65,202,1,1,1
1119,1,1214,585,116,273,1,1,1
1119,2,1034,580,116,307,1,1,1
1119,3,1341,581,171,461,1,1,1
1119,4,1483,587,110,336,1,1,1
1119,5,805,557,133,369,1,1,1
1119,7,2063,652,77,201,1,1,1
1119,10,594,578,65,201,1,1,1
1120,1,1206,586,123,272,1,1,1
1120,2,1028,581,120,307,1,1,1
1120,3,1332,582,179,461,1,1,1
1120,4,1475,587,115,336,1,1,1
1120,5,809,557,130,370,1,1,1
1120,7,2064,653,77,201,1,1,1
1120,10,594,579,65,201,1,1,1
1121,1,1197,586,130,271,1,1,1
1121,2,1022,581,122,306,1,1,1
1121,3,1322,583,187,460,1,1,1
1121,4,1466,587,121,334,1,1,1
1121,5,813,556,126,371,1,1,1
1121,7,2063,653,77,201,1,1,1
1121,10,593,579,65,201,1,1,1
1122,1,1195,588,132,271,1,1,1
1122,2,1020,584,123,304,1,1,1
1122,3,1323,583,186,461,1,1,1
1122,4,1462,589,123,335,1,1,1
1122,5,825,557,119,371,1,1,1
1122,7,2064,653,77,203,1,1,1
1122,10,595,581,64,200,1,1,1
1123,1,1193,588,132,272,1,1,1
1123,2,1017,585,124,303,1,1,1
1123,3,1323,583,185,462,1,1,1
1123,4,1458,591,125,334,1,1,1
1123,5,836,557,113,372,1,1,1
1123,7,2064,654,77,202,1,1,1
1123,10,596,582,64,200,1,1,1
1124,1,1191,589,133,273,1,1,1
1124,2,1014,587,124,301,1,1,1
1124,3,1323,583,183,463,1,1,1
1124,4,1454,592,126,334,1,1,1
1124,5,847,557,106,373,1,1,1
1124,7,2064,654,77,203,1,1,1
1124,10,598,583,62,199,1,1,1
1125,1,1189,590,134,273,1,1,1
1125,2,1011,588,125,300,1,1,1
1125,3,1323,583,182,463,1,1,1
1125,4,1450,594,128,333,1,1,1
1125,5,859,557,99,373,1,1,1
1125,7,2064,654,77,203,1,1,1
1125,10,599,584,62,199,1,1,1
1126,1,1187,591,135,273,1,1,1
1126,2,1008,590,125,298,1,1,1
1126,3,1323,583,180,464,1,1,1
1126,4,1446,595,129,333,1,1,1
1126,5,870,557,92,374,1,1,1
1126,7,2064,654,77,204,1,1,1
1126,10,600,585,61,198,1,1,1
1127,1,1188,592,133,273,1,1,1
1127,2,1010,591,121,298,1,1,1
1127,3,1322,584,166,462,1,1,1
1127,4,1447,597,128,332,1,1,1
1127,5,872,559,102,373,1,1,1
1127,7,2065,656,77,203,1,1,1
1127,10,600,586,62,199,1,1,1
1128,1,1189,593,130,273,1,1,1
1128,2,1012,592,117,297,1,1,1
1128,3,1321,585,153,460,1,1,1
1128,4,1448,598,128,332,1,1,1
1128,5,875,561,112,373,1,1,1
1128,7,2065,657,78,203,1,1,1
1128,10,601,588,62,198,1,1,1
1129,1,1191,594,127,273,1,1,1
1129,2,1013,593,114,297,1,1,1
1129,3,1320,586,139,458,1,1,1
1129,4,1449,600,127,331,1,1,1
1129,5,877,563,122,372,1,1,1
1129,7,2066,659,77,202,1,1,1
1129,10,601,589,63,199,1,1,1
1130,1,1192,595,125,273,1,1,1
1130,2,1015,593,110,298,1,1,1
1130,3,1319,586,125,457,1,1,1
1130,4,1450,601,127,332,1,1,1
1130,5,879,565,133,372,1,1,1
1130,7,2067,660,77,202,1,1,1
1130,10,601,590,64,200,1,1,1
1131,1,1192,595,122,273,1,1,1
1131,2,1016,594,105,297,1,1,1
1131,3,1318,587,111,454,1,1,1
1131,4,1450,602,126,330,1,1,1
1131,5,881,567,142,370,1,1,1
1131,7,2067,661,77,201,1,1,1
1131,10,601,591,64,200,1,1,1
1132,1,1193,597,124,273,1,1,1
1132,2,1013,595,106,297,1,1,1
1132,3,1301,588,125,455,1,1,1
1132,4,1451,604,126,330,1,1,1
1132,5,883,570,148,369,1,1,1
1132,7,2069,663,77,202,1,1,1
1132,10,603,593,64,199,1,1,1
1133,1,1192,599,127,272,1,1,1
1133,2,1010,595,106,297,1,1,1
1133,3,1283,590,140,454,1,1,1
1133,4,1451,605,126,329,1,1,1
1133,5,883,572,156,368,1,1,1
1133,7,2070,665,76,202,1,1,1
1133,10,604,594,63,199,1,1,1
1134,1,1192,600,129,272,1,1,1
1134,2,1006,596,106,296,1,1,1
1134,3,1265,591,155,454,1,1,1
1134,4,1452,605,125,329,1,1,1
1134,5,884,574,162,367,1,1,1
1134,7,2071,666,76,202,1,1,1
1134,10,605,595,63,199,1,1,1
1135,1,1192,601,130,273,1,1,1
1135,2,1002,597,107,296,1,1,1
1135,3,1247,592,170,454,1,1,1
1135,4,1452,606,124,328,1,1,1
1135,5,885,577,168,366,1,1,1
1135,7,2072,668,75,202,1,1,1
1135,10,606,596,62,199,1,1,1
1136,1,1191,602,132,271,1,1,1
1136,2,998,597,107,295,1,1,1
1136,3,1229,592,184,453,1,1,1
1136,4,1452,607,123,326,1,1,1
1136,5,885,578,174,364,1,1,1
1136,7,2073,669,74,202,1,1,1
1136,10,607,597,61,198,1,1,1
1137,1,1192,603,129,272,1,1,1
1137,2,998,598,106,296,1,1,1
1137,3,1221,594,189,454,1,1,1
1137,4,1453,608,119,327,1,1,1
1137,5,889,580,172,365,1,1,1
1137,7,2073,670,76,203,1,1,1
1137,10,608,598,61,199,1,1,1
1138,1,1192,604,127,271,1,1,1
1138,2,998,600,104,295,1,1,1
1138,3,1212,596,194,453,1,1,1
1138,4,1454,609,113,326,1,1,1
1138,5,891,581,171,366,1,1,1
1138,7,2072,671,77,204,1,1,1
1138,10,608,599,61,200,1,1,1
1139,1,1192,604,124,272,1,1,1
1139,2,998,601,102,295,1,1,1
1139,3,1204,597,198,453,1,1,1
1139,4,1455,610,108,326,1,1,1
1139,5,894,582,168,367,1,1,1
1139,7,2072,672,78,204,1,1,1
1139,10,609,599,61,201,1,1,1
1140,1,1193,605,120,271,1,1,1
1140,2,998,602,100,295,1,1,1
1140,3,1195,599,203,452,1,1,1
1140,4,1455,611,104,326,1,1,1
1140,5,896,582,167,368,1,1,1
1140,7,2071,673,80,205,1,1,1
1140,10,609,600,61,201,1,1,1
1141,1,1192,605,117,271,1,1,1
1141,2,997,603,99,294,1,1,1
1141,3,1186,600,207,452,1,1,1
1141,4,1456,611,98,326,1,1,1
1141,5,899,583,164,368,1,1,1
1141,7,2071,673,80,205,1,1,1
1141,10,609,600,60,201,1,1,1
1142,1,1193,606,112,271,1,1,1
1142,3,1187,600,205,452,1,1,1
1142,4,1451,612,98,326,1,1,1
1142,5,910,583,155,369,1,1,1
1142,7,2072,674,80,206,1,1,1
1142,10,610,602,62,201,1,1,1
1143,1,1193,607,106,271,1,1,1
1143,3,1187,600,202,450,1,1,1
1143,4,1446,612,98,327,1,1,1
1143,5,922,583,145,370,1,1,1
1143,7,2073,674,80,206,1,1,1
1143,10,610,602,63,202,1,1,1
1144,1,1193,607,101,271,1,1,1
1144,3,1187,600,200,449,1,1,1
1144,4,1441,612,98,327,1,1,1
1144,5,933,583,135,370,1,1,1
1144,7,2074,675,79,206,1,1,1
1144,10,610,603,65,202,1,1,1
1145,1,1193,608,95,271,1,1,1
1145,3,1186,600,199,448,1,1,1
1145,4,1436,612,98,328,1,1,1
1145,5,945,583,125,370,1,1,1
1145,7,2075,675,78,207,1,1,1
1145,10,611,604,65,201,1,1,1
1146,1,1193,608,89,270,1,1,1
1146,3,1186,600,196,447,1,1,1
1146,4,1431,612,98,327,1,1,1
1146,5,955,583,115,370,1,1,1
1146,7,2075,675,78,206,1,1,1
1146,10,610,604,66,200,1,1,1
1147,3,1186,599,187,449,1,1,1
1147,4,1422,614,105,327,1,1,1
1147,5,965,585,121,370,1,1,1
1147,7,2076,676,78,207,1,1,1
1147,10,611,605,67,201,1,1,1
1148,3,1187,599,177,450,1,1,1
1148,4,1412,614,113,328,1,1,1
1148,5,973,586,127,371,1,1,1
1148,7,2076,677,79,207,1,1,1
1148,10,612,606,66,201,1,1,1
1149,3,1187,598,168,452,1,1,1
1149,4,1403,615,121,328,1,1,1
1149,5,982,587,132,372,1,1,1
1149,7,2076,677,79,208,1,1,1
1149,10,612,607,66,201,1,1,1
1150,3,1187,598,158,453,1,1,1
1150,4,1393,616,129,327,1,1,1
1150,5,990,588,138,372,1,1,1
1150,7,2076,678,79,207,1,1,1
1150,10,612,607,66,201,1,1,1
1151,2,975,613,94,288,1,1,1
1151,3,1187,597,149,454,1,1,1
1151,4,1383,616,136,327,1,1,1
1151,5,999,589,143,372,1,1,1
1151,7,2076,678,79,207,1,1,1
1151,10,612,607,65,200,1,1,1
1152,2,975,613,94,287,1,1,1
1152,3,1179,598,152,454,1,1,1
1152,4,1383,617,136,327,1,1,1
1152,5,999,590,151,372,1,1,1
1152,7,2077,679,79,208,1,1,1
1152,10,613,608,66,202,1,1,1
1153,2,975,613,94,286,1,1,1
1153,3,1170,599,155,454,1,1,1
1153,4,1382,618,137,326,1,1,1
1153,5,1000,592,158,370,1,1,1
1153,7,2077,680,80,208,1,1,1
1153,10,613,609,67,201,1,1,1
1154,2,975,612,94,285,1,1,1
1154,3,1162,599,158,454,1,1,1
1154,4,1382,618,136,326,1,1,1
1154,5,1000,593,166,368,1,1,1
1154,7,2078,681,79,207,1,1,1
1154,10,613,609,67,202,1,1,1
1155,2,975,612,94,283,1,1,1
1155,3,1153,600,161,453,1,1,1
1155,4,1381,619,137,326,1,1,1
1155,5,1001,594,172,367,1,1,1
1155,7,2078,682,79,207,1,1,1
1155,10,613,610,68,202,1,1,1
1156,2,974,611,94,282,1,1,1
1156,3,1144,601,164,452,1,1,1
1156,4,1380,619,136,325,1,1,1
1156,5,1001,595,180,365,1,1,1
1156,7,2078,682,78,207,1,1,1
1156,10,613,610,67,202,1,1,1
1157,2,975,611,90,284,1,1,1
1157,3,1138,603,163,450,1,1,1
1157,4,1381,619,134,326,1,1,1
1157,5,1004,596,178,366,1,1,1
1157,7,2080,683,78,207,1,1,1
1157,10,614,611,67,201,1,1,1
1158,2,976,612,84,284,1,1,1
1158,3,1132,604,161,449,1,1,1
1158,4,1382,619,131,326,1,1,1
1158,5,1006,596,176,367,1,1,1
1158,7,2080,683,79,207,1,1,1
1158,10,615,611,66,201,1,1,1
1159,2,977,612,79,285,1,1,1
1159,3,1126,606,159,447,1,1,1
1159,4,1382,619,128,327,1,1,1
1159,5,1009,596,174,367,1,1,1
1159,7,2081,683,78,207,1,1,1
1159,10,616,612,65,200,1,1,1
1160,2,978,612,74,287,1,1,1
1160,3,1120,608,156,445,1,1,1
1160,4,1383,618,125,328,1,1,1
1160,5,1011,597,173,367,1,1,1
1160,7,2081,683,78,207,1,1,1
1160,10,617,612,65,200,1,1,1
1161,2,978,612,69,287,1,1,1
1161,3,1113,609,154,443,1,1,1
1161,4,1383,618,122,327,1,1,1
1161,5,1013,596,170,368,1,1,1
1161,7,2081,683,77,207,1,1,1
1161,10,617,612,64,199,1,1,1
1162,2,976,612,69,288,1,1,1
1162,3,1113,607,151,445,1,1,1
1162,4,1381,617,120,329,1,1,1
1162,5,1023,597,162,368,1,1,1
1162,7,2081,683,79,208,1,1,1
1162,10,618,613,65,199,1,1,1
1163,2,972,612,71,287,1,1,1
1163,3,1112,605,149,446,1,1,1
1163,4,1378,617,119,329,1,1,1
1163,5,1033,596,153,368,1,1,1
1163,7,2080,683,81,208,1,1,1
1163,10,619,613,64,199,1,1,1
1164,2,969,611,72,288,1,1,1
1164,3,1112,603,145,446,1,1,1
1164,4,1375,616,117,331,1,1,1
1164,5,1043,596,143,368,1,1,1
1164,7,2079,684,83,207,1,1,1
1164,10,620,612,64,200,1,1,1
1165,2,966,611,73,287,1,1,1
1165,3,1111,600,142,448,1,1,1
1165,4,1372,615,116,332,1,1,1
1165,5,1053,596,134,368,1,1,1
1165,7,2078,684,85,208,1,1,1
1165,10,621,612,64,200,1,1,1
1166,2,963,610,73,287,1,1,1
1166,3,1110,597,138,448,1,1,1
1166,4,1369,614,114,332,1,1,1
1166,5,1063,595,124,367,1,1,1
1166,7,2077,683,85,208,1,1,1
1166,10,622,612,63,200,1,1,1
1167,2,960,611,77,287,1,1,1
1167,3,1104,598,135,445,1,1,1
1167,4,1369,614,113,333,1,1,1
1167,5,1077,597,123,366,1,1,1
1167,7,2078,683,86,208,1,1,1
1167,10,622,612,64,200,1,1,1
1168,2,958,611,79,286,1,1,1
1168,3,1098,598,131,441,1,1,1
1168,4,1368,613,113,333,1,1,1
1168,5,1090,598,123,364,1,1,1
1168,7,2078,682,87,208,1,1,1
1168,10,621,611,65,201,1,1,1
1169,2,955,611,82,286,1,1,1
1169,3,1092,598,126,437,1,1,1
1169,4,1367,613,113,333,1,1,1
1169,5,1104,598,122,364,1,1,1
1169,7,2079,681,87,208,1,1,1
1169,10,620,611,66,201,1,1,1
1170,2,952,612,85,284,1,1,1
1170,3,1086,598,122,433,1,1,1
1170,4,1366,613,113,332,1,1,1
1170,5,1117,599,121,363,1,1,1
1170,7,2079,680,88,209,1,1,1
1170,10,619,611,67,201,1,1,1
1171,2,948,612,87,283,1,1,1
1171,3,1079,597,118,428,1,1,1
1171,4,1365,612,112,332,1,1,1
1171,5,1130,600,120,361,1,1,1
1171,7,2079,679,87,208,1,1,1
1171,10,618,610,67,202,1,1,1
1172,2,948,611,89,286,1,1,1
1172,3,1065,597,129,430,1,1,1
1172,4,1366,612,112,332,1,1,1
1172,5,1129,600,130,361,1,1,1
1172,7,2080,680,86,208,1,1,1
1172,10,618,610,67,202,1,1,1
1173,2,947,611,90,287,1,1,1
1173,3,1050,596,140,431,1,1,1
1173,4,1366,611,112,333,1,1,1
1173,5,1127,599,140,362,1,1,1
1173,7,2080,680,85,208,1,1,1
1173,10,618,609,67,202,1,1,1
1174,2,947,610,90,288,1,1,1
1174,3,1036,594,150,433,1,1,1
1174,4,1367,611,111,333,1,1,1
1174,5,1124,599,150,362,1,1,1
1174,7,2080,680,84,208,1,1,1
1174,10,617,609,67,202,1,1,1
1175,2,946,609,91,290,1,1,1
1175,3,1021,593,161,434,1,1,1
1175,4,1367,611,111,332,1,1,1
1175,5,1122,598,160,363,1,1,1
1175,7,2080,680,82,208,1,1,1
1175,10,617,609,67,202,1,1,1
1176,2,944,608,91,291,1,1,1
1176,3,1006,591,171,434,1,1,1
1176,4,1367,610,110,332,1,1,1
1176,5,1120,597,169,363,1,1,1
1176,7,2079,679,81,208,1,1,1
1176,10,616,608,67,202,1,1,1
1177,2,944,608,93,292,1,1,1
1177,3,999,593,176,432,1,1,1
1177,4,1366,610,111,333,1,1,1
1177,5,1122,599,169,362,1,1,1
1177,7,2080,679,82,208,1,1,1
1177,10,618,608,66,202,1,1,1
1178,2,942,607,95,293,1,1,1
1178,3,992,594,180,430,1,1,1
1178,4,1364,609,112,334,1,1,1
1178,5,1124,600,169,361,1,1,1
1178,7,2080,679,82,208,1,1,1
1178,10,619,608,66,201,1,1,1
1179,2,941,607,96,293,1,1,1
1179,3,985,596,184,427,1,1,1
1179,4,1362,609,113,334,1,1,1
1179,5,1127,600,168,361,1,1,1
1179,7,2080,678,82,209,1,1,1
1179,10,620,608,66,201,1,1,1
1180,2,940,607,97,293,1,1,1
1180,3,978,597,188,425,1,1,1
1180,4,1361,609,113,334,1,1,1
1180,5,1129,601,167,360,1,1,1
1180,7,2080,678,83,208,1,1,1
1180,10,621,608,66,201,1,1,1
1181,1,1091,610,104,259,1,1,1
1181,2,938,606,97,293,1,1,1
1181,3,971,597,191,422,1,1,1
1181,4,1359,608,114,334,1,1,1
1181,5,1130,602,167,359,1,1,1
1181,7,2079,677,83,208,1,1,1
1181,10,622,608,65,200,1,1,1
1182,1,1089,610,106,260,1,1,1
1182,2,938,606,99,293,1,1,1
1182,3,970,595,194,425,1,1,1
1182,4,1359,608,114,335,1,1,1
1182,5,1138,602,163,358,1,1,1
1182,7,2080,677,84,208,1,1,1
1182,10,622,608,66,200,1,1,1
1183,1,1086,609,108,261,1,1,1
1183,2,936,605,102,293,1,1,1
1183,3,968,592,198,428,1,1,1
1183,4,1359,607,114,336,1,1,1
1183,5,1144,602,160,357,1,1,1
1183,7,2080,677,84,208,1,1,1
1183,10,621,607,68,201,1,1,1
1184,1,1083,609,110,262,1,1,1
1184,2,935,605,103,293,1,1,1
1184,3,967,589,200,430,1,1,1
1184,4,1359,607,113,336,1,1,1
1184,5,1151,602,157,356,1,1,1
1184,7,2081,676,83,208,1,1,1
1184,10,620,607,69,201,1,1,1
1185,1,1080,609,113,262,1,1,1
1185,2,934,604,104,293,1,1,1
1185,3,965,587,203,432,1,1,1
1185,4,1359,607,113,336,1,1,1
1185,5,1158,602,153,354,1,1,1
1185,7,2081,676,84,208,1,1,1
1185,10,619,607,70,201,1,1,1
1186,1,1077,608,114,263,1,1,1
1186,2,932,604,106,291,1,1,1
1186,3,963,583,206,434,1,1,1
1186,4,1359,606,112,336,1,1,1
1186,5,1165,602,148,353,1,1,1
1186,7,2081,675,83,208,1,1,1
1186,10,618,606,71,202,1,1,1
1187,1,1075,607,116,263,1,1,1
1187,2,930,604,108,292,1,1,1
1187,3,964,583,198,435,1,1,1
1187,4,1360,605,113,337,1,1,1
1187,5,1178,601,142,355,1,1,1
1187,7,2082,675,83,208,1,1,1
1187,10,618,606,71,201,1,1,1
1188,1,1072,607,118,261,1,1,1
1188,2,927,605,110,292,1,1,1
1188,3,966,583,189,434,1,1,1
1188,4,1360,604,115,337,1,1,1
1188,5,1191,600,135,356,1,1,1
1188,7,2082,675,83,207,1,1,1
1188,10,618,605,69,201,1,1,1
1189,1,1069,606,120,261,1,1,1
1189,2,924,605,112,292,1,1,1
1189,3,967,582,180,434,1,1,1
1189,4,1360,604,116,336,1,1,1
1189,5,1204,600,127,356,1,1,1
1189,7,2083,674,82,207,1,1,1
1189,10,617,605,69,199,1,1,1
1190,1,1066,605,123,260,1,1,1
1190,2,921,606,115,292,1,1,1
1190,3,968,582,172,433,1,1,1
1190,4,1361,603,117,337,1,1,1
1190,5,1218,599,119,358,1,1,1
1190,7,2083,674,82,206,1,1,1
1190,10,617,604,68,199,1,1,1
1191,1,1063,604,124,259,1,1,1
1191,2,918,606,116,291,1,1,1
1191,3,969,581,163,432,1,1,1
1191,4,1361,602,118,336,1,1,1
1191,5,1230,597,112,359,1,1,1
1191,7,2083,673,81,206,1,1,1
1191,10,616,604,67,197,1,1,1
1192,1,1063,604,118,258,1,1,1
1192,2,917,604,116,294,1,1,1
1192,3,968,582,154,432,1,1,1
1192,4,1362,602,117,336,1,1,1
1192,5,1231,598,120,359,1,1,1
1192,7,2084,674,80,205,1,1,1
1192,10,617,603,67,200,1,1,1
1193,1,1062,604,111,258,1,1,1
1193,2,916,602,114,296,1,1,1
1193,3,966,581,145,432,1,1,1
1193,4,1363,602,116,336,1,1,1
1193,5,1231,598,128,358,1,1,1
1193,7,2083,675,80,204,1,1,1
1193,10,617,602,66,202,1,1,1
1194,1,1062,604,104,257,1,1,1
1194,2,915,601,113,298,1,1,1
1194,3,964,581,136,431,1,1,1
1194,4,1363,602,115,335,1,1,1
1194,5,1231,597,136,358,1,1,1
1194,7,2083,676,79,203,1,1,1
1194,10,617,602,66,202,1,1,1
1195,1,1061,604,98,256,1,1,1
1195,2,913,599,113,300,1,1,1
1195,3,963,581,127,431,1,1,1
1195,4,1364,602,114,335,1,1,1
1195,5,1232,597,143,358,1,1,1
1195,7,2083,676,78,203,1,1,1
1195,10,618,601,65,204,1,1,1
1196,1,1061,604,91,255,1,1,1
1196,2,912,597,112,302,1,1,1
1196,3,961,581,118,430,1,1,1
1196,4,1365,602,112,334,1,1,1
1196,5,1232,597,151,357,1,1,1
1196,7,2083,677,77,202,1,1,1
1196,10,618,600,65,206,1,1,1
1197,1,1061,604,87,254,1,1,1
1197,3,955,580,121,430,1,1,1
1197,4,1365,602,111,334,1,1,1
1197,5,1232,597,157,357,1,1,1
1197,7,2082,676,78,202,1,1,1
1197,10,618,599,65,206,1,1,1
1198,1,1062,603,82,254,1,1,1
1198,3,949,579,125,430,1,1,1
1198,4,1365,602,110,333,1,1,1
1198,5,1232,597,162,357,1,1,1
1198,7,2081,675,80,202,1,1,1
1198,10,617,598,67,205,1,1,1
1199,1,1062,603,78,252,1,1,1
1199,3,942,579,129,428,1,1,1
1199,4,1365,602,110,333,1,1,1
1199,5,1232,597,168,357,1,1,1
1199,7,2081,673,80,204,1,1,1
1199,10,617,597,67,205,1,1,1
1200,1,1063,602,73,252,1,1,1
1200,3,936,578,133,428,1,1,1
1200,4,1365,602,109,332,1,1,1
1200,5,1232,597,173,357,1,1,1
1200,7,2080,672,82,204,1,1,1
1200,10,616,596,69,204,1,1,1
1201,1,1063,602,69,251,1,1,1
1201,3,930,577,136,428,1,1,1
1201,4,1365,602,108,332,1,1,1
1201,5,1232,597,179,357,1,1,1
1201,7,2079,671,83,204,1,1,1
1201,10,616,595,69,204,1,1,1
1202,1,1055,601,73,252,1,1,1
1202,3,924,577,138,428,1,1,1
1202,4,1362,602,111,333,1,1,1
1202,5,1238,596,174,357,1,1,1
1202,7,2079,670,84,206,1,1,1
1202,10,616,595,69,203,1,1,1
1203,1,1047,600,78,254,1,1,1
1203,3,917,577,141,428,1,1,1
1203,4,1359,601,114,336,1,1,1
1203,5,1245,595,168,358,1,1,1
1203,7,2079,670,84,206,1,1,1
1203,10,616,595,69,202,1,1,1
1204,1,1039,598,82,256,1,1,1
1204,3,911,577,142,427,1,1,1
1204,4,1357,601,116,337,1,1,1
1204,5,1251,594,163,358,1,1,1
1204,7,2079,669,85,208,1,1,1
1204,10,616,594,69,202,1,1,1
1205,1,1031,597,87,258,1,1,1
1205,3,904,577,145,427,1,1,1
1205,4,1354,600,119,339,1,1,1
1205,5,1257,593,158,359,1,1,1
1205,7,2079,668,86,209,1,1,1
1205,10,616,594,70,201,1,1,1
1206,1,1022,595,91,259,1,1,1
1206,3,897,577,146,426,1,1,1
1206,4,1351,600,122,340,1,1,1
1206,5,1263,591,153,359,1,1,1
1206,7,2079,667,85,210,1,1,1
1206,10,616,593,69,200,1,1,1
1207,1,1020,596,94,258,1,1,1
1207,3,897,577,147,426,1,1,1
1207,4,1354,598,119,340,1,1,1
1207,5,1275,591,143,360,1,1,1
1207,7,2080,667,85,209,1,1,1
1207,10,616,593,69,201,1,1,1
1208,1,1018,595,95,258,1,1,1
1208,3,896,576,146,426,1,1,1
1208,4,1357,597,116,338,1,1,1
1208,5,1287,589,132,362,1,1,1
1208,7,2081,667,83,208,1,1,1
1208,10,616,593,69,201,1,1,1
1209,1,1016,595,97,256,1,1,1
1209,3,896,575,145,425,1,1,1
1209,4,1360,595,113,337,1,1,1
1209,5,1299,588,121,363,1,1,1
1209,7,2082,667,82,207,1,1,1
1209,10,616,593,68,201,1,1,1
1210,1,1014,594,99,256,1,1,1
1210,3,895,574,145,425,1,1,1
1210,4,1362,593,111,336,1,1,1
1210,5,1311,587,110,364,1,1,1
1210,7,2083,667,81,206,1,1,1
1210,10,616,592,68,202,1,1,1
1211,1,1012,593,100,255,1,1,1
1211,3,893,573,144,424,1,1,1
1211,4,1365,591,108,334,1,1,1
1211,5,1322,585,100,365,1,1,1
1211,7,2083,667,79,204,1,1,1
1211,10,616,591,67,202,1,1,1
1212,1,1012,592,99,257,1,1,1
1212,3,890,573,140,423,1,1,1
1212,5,1329,587,105,364,1,1,1
1212,7,2084,667,79,204,1,1,1
1212,10,617,592,67,201,1,1,1
1213,1,1012,591,99,257,1,1,1
1213,3,887,572,134,421,1,1,1
1213,5,1335,589,110,361,1,1,1
1213,7,2084,667,79,204,1,1,1
1213,10,618,592,67,200,1,1,1
1214,1,1012,590,98,258,1,1,1
1214,3,883,572,129,419,1,1,1
1214,5,1341,590,115,360,1,1,1
1214,7,2085,666,78,205,1,1,1
1214,10,619,592,66,200,1,1,1
1215,1,1012,588,97,260,1,1,1
1215,3,879,571,124,417,1,1,1
1215,5,1347,592,120,358,1,1,1
1215,7,2085,666,78,204,1,1,1
1215,10,620,592,66,199,1,1,1
1216,1,1012,586,95,260,1,1,1
1216,3,875,570,118,415,1,1,1
1216,5,1352,593,125,356,1,1,1
1216,7,2085,665,77,204,1,1,1
1216,10,621,592,64,197,1,1,1
1217,1,1013,586,92,260,1,1,1
1217,3,867,570,125,415,1,1,1
1217,5,1353,594,136,356,1,1,1
1217,7,2085,665,78,205,1,1,1
1217,10,622,592,64,198,1,1,1
1218,1,1013,585,89,260,1,1,1
1218,3,859,570,131,415,1,1,1
1218,5,1353,595,146,356,1,1,1
1218,7,2085,665,79,205,1,1,1
1218,10,622,592,64,197,1,1,1
1219,1,1013,584,87,259,1,1,1
1219,3,851,569,136,415,1,1,1
1219,5,1353,596,156,355,1,1,1
1219,7,2085,665,79,205,1,1,1
1219,10,622,591,64,198,1,1,1
1220,1,1013,583,84,259,1,1,1
1220,3,842,569,143,414,1,1,1
1220,5,1353,597,167,355,1,1,1
1220,7,2085,665,79,204,1,1,1
1220,10,622,591,64,198,1,1,1
1221,1,1013,582,80,258,1,1,1
1221,3,834,568,148,414,1,1,1
1221,5,1352,597,177,355,1,1,1
1221,7,2085,665,79,204,1,1,1
1221,10,622,590,63,197,1,1,1
1222,1,1012,582,77,258,1,1,1
1222,3,820,568,162,414,1,1,1
1222,5,1355,597,176,356,1,1,1
1222,7,2085,665,80,204,1,1,1
1222,10,623,590,64,198,1,1,1
1223,1,1012,582,73,257,1,1,1
1223,3,805,569,176,412,1,1,1
1223,5,1357,597,176,356,1,1,1
1223,7,2086,664,79,205,1,1,1
1223,10,623,590,64,198,1,1,1
1224,1,1011,582,70,256,1,1,1
1224,3,791,569,189,411,1,1,1
1224,5,1360,597,174,356,1,1,1
1224,7,2086,664,80,204,1,1,1
1224,10,623,590,65,198,1,1,1
1225,1,1010,581,66,256,1,1,1
1225,3,776,569,203,411,1,1,1
1225,5,1362,596,174,358,1,1,1
1225,7,2086,663,80,205,1,1,1
1225,10,623,590,65,197,1,1,1
1226,1,1008,580,62,255,1,1,1
1226,2,900,585,110,318,1,1,1
1226,3,761,569,216,409,1,1,1
1226,4,1366,592,99,328,1,1,1
1226,5,1364,596,172,357,1,1,1
1226,7,2086,662,80,205,1,1,1
1226,10,623,590,64,196,1,1,1
1227,1,1000,581,70,255,1,1,1
1227,2,898,585,114,321,1,1,1
1227,3,761,569,211,409,1,1,1
1227,4,1361,593,101,328,1,1,1
1227,5,1376,596,162,358,1,1,1
1227,7,2087,663,80,205,1,1,1
1227,10,624,590,65,197,1,1,1
1228,1,991,581,77,255,1,1,1
1228,2,895,585,118,323,1,1,1
1228,3,760,569,207,408,1,1,1
1228,4,1355,592,104,328,1,1,1
1228,5,1387,595,151,359,1,1,1
1228,7,2087,663,81,205,1,1,1
1228,10,624,590,65,198,1,1,1
1229,1,982,581,84,255,1,1,1
1229,2,892,585,122,325,1,1,1
1229,3,759,569,203,408,1,1,1
1229,4,1350,592,106,328,1,1,1
1229,5,1398,594,140,360,1,1,1
1229,7,2088,663,80,205,1,1,1
1229,10,625,590,64,198,1,1,1
1230,1,973,581,91,255,1,1,1
1230,2,889,584,127,328,1,1,1
1230,3,758,569,199,407,1,1,1
1230,4,1344,592,109,327,1,1,1
1230,5,1409,594,130,360,1,1,1
1230,7,2088,663,81,205,1,1,1
1230,10,625,590,64,198,1,1,1
1231,1,964,581,97,254,1,1,1
1231,2,886,584,130,330,1,1,1
1231,3,757,569,194,405,1,1,1
1231,4,1338,591,111,327,1,1,1
1231,5,1419,593,119,361,1,1,1
1231,7,2088,662,81,205,1,1,1
1231,10,625,590,63,198,1,1,1
1232,1,961,581,101,255,1,1,1
1232,2,885,584,132,331,1,1,1
1232,3,758,568,188,407,1,1,1
1232,4,1334,592,115,327,1,1,1
1232,5,1431,593,115,363,1,1,1
1232,7,2089,663,81,205,1,1,1
1232,10,626,590,64,198,1,1,1
1233,1,957,582,105,254,1,1,1
1233,2,884,584,134,332,1,1,1
1233,3,758,567,182,408,1,1,1
1233,4,1328,592,121,327,1,1,1
1233,5,1443,594,110,364,1,1,1
1233,7,2090,663,81,206,1,1,1
1233,10,627,590,64,198,1,1,1
1234,1,953,582,108,254,1,1,1
1234,2,883,584,136,332,1,1,1
1234,3,759,565,176,410,1,1,1
1234,4,1323,593,125,326,1,1,1
1234,5,1454,594,105,367,1,1,1
1234,7,2090,663,82,206,1,1,1
1234,10,627,590,64,197,1,1,1
1235,1,949,582,112,254,1,1,1
1235,2,882,583,137,334,1,1,1
1235,3,759,564,170,412,1,1,1
1235,4,1318,593,130,326,1,1,1
1235,5,1466,594,100,369,1,1,1
1235,7,2091,663,82,207,1,1,1
1235,10,627,590,65,197,1,1,1
1236,1,944,582,115,254,1,1,1
1236,2,880,583,139,333,1,1,1
1236,3,759,562,163,413,1,1,1
1236,4,1312,593,134,325,1,1,1
1236,5,1477,594,95,370,1,1,1
1236,7,2091,663,81,206,1,1,1
1236,10,627,589,64,197,1,1,1
1237,2,883,583,138,334,1,1,1
1237,3,758,562,159,414,1,1,1
1237,4,1313,594,135,324,1,1,1
1237,5,1478,596,109,370,1,1,1
1237,7,2092,664,82,206,1,1,1
1237,10,628,590,65,197,1,1,1
1238,2,884,583,137,334,1,1,1
1238,3,757,562,154,413,1,1,1
1238,4,1314,594,134,324,1,1,1
1238,5,1478,597,124,369,1,1,1
1238,7,2093,664,81,206,1,1,1
1238,10,629,591,64,196,1,1,1
1239,2,886,583,136,333,1,1,1
1239,3,756,563,148,412,1,1,1
1239,4,1314,594,134,323,1,1,1
1239,5,1479,598,137,369,1,1,1
1239,7,2094,664,80,206,1,1,1
1239,10,629,591,65,196,1,1,1
1240,2,888,583,135,333,1,1,1
1240,3,755,563,143,412,1,1,1
1240,4,1315,595,133,322,1,1,1
1240,5,1479,600,151,368,1,1,1
1240,7,2094,665,80,205,1,1,1
1240,10,630,591,64,196,1,1,1
1241,2,889,582,134,332,1,1,1
1241,3,753,562,138,412,1,1,1
1241,4,1315,594,132,321,1,1,1
1241,5,1479,601,164,368,1,1,1
1241,7,2094,664,79,205,1,1,1
1241,10,629,591,64,195,1,1,1
1242,2,894,582,131,335,1,1,1
1242,3,751,563,139,412,1,1,1
1242,4,1316,595,131,321,1,1,1
1242,5,1481,601,165,369,1,1,1
1242,7,2095,665,80,205,1,1,1
1242,10,631,592,65,196,1,1,1
1243,2,897,582,129,337,1,1,1
1243,3,748,563,140,412,1,1,1
1243,4,1316,595,129,320,1,1,1
1243,5,1482,601,166,371,1,1,1
1243,7,2095,665,81,205,1,1,1
1243,10,632,592,64,196,1,1,1
1244,2,901,581,127,339,1,1,1
1244,3,746,564,141,411,1,1,1
1244,4,1316,595,128,320,1,1,1
1244,5,1484,600,166,373,1,1,1
1244,7,2096,666,80,204,1,1,1
1244,10,632,592,65,196,1,1,1
1245,2,905,581,124,341,1,1,1
1245,3,743,564,142,411,1,1,1
1245,4,1316,595,126,319,1,1,1
1245,5,1486,600,165,375,1,1,1
1245,7,2096,666,81,204,1,1,1
1245,10,633,592,65,196,1,1,1
1246,2,909,580,121,343,1,1,1
1246,3,740,564,143,411,1,1,1
1246,4,1316,594,123,319,1,1,1
1246,5,1487,600,166,376,1,1,1
1246,7,2096,666,81,203,1,1,1
1246,10,633,592,64,195,1,1,1
1247,2,910,582,122,343,1,1,1
1247,3,738,565,143,410,1,1,1
1247,4,1317,595,117,318,1,1,1
1247,5,1497,600,158,376,1,1,1
1247,7,2097,666,81,204,1,1,1
1247,10,634,593,64,196,1,1,1
1248,2,911,584,122,342,1,1,1
1248,3,736,567,142,409,1,1,1
1248,4,1317,595,111,318,1,1,1
1248,5,1506,600,151,377,1,1,1
1248,7,2098,666,80,203,1,1,1
1248,10,635,594,63,195,1,1,1
1249,2,912,585,122,342,1,1,1
1249,3,734,568,141,408,1,1,1
1249,4,1317,595,104,318,1,1,1
1249,5,1516,599,143,378,1,1,1
1249,7,2099,667,79,202,1,1,1
1249,10,635,594,64,196,1,1,1
1250,2,913,587,123,342,1,1,1
1250,3,732,569,140,407,1,1,1
1250,4,1316,595,99,318,1,1,1
1250,5,1525,599,136,378,1,1,1
1250,7,2100,667,77,202,1,1,1
1250,10,636,594,63,196,1,1,1
1251,2,913,588,123,341,1,1,1
1251,3,729,570,139,406,1,1,1
1251,4,1316,594,91,317,1,1,1
1251,5,1535,598,127,378,1,1,1
1251,7,2101,667,76,202,1,1,1
1251,10,636,594,62,195,1,1,1
1252,2,915,589,125,343,1,1,1
1252,3,728,570,138,406,1,1,1
1252,4,1315,595,91,317,1,1,1
1252,5,1547,600,123,378,1,1,1
1252,7,2101,667,77,203,1,1,1
1252,10,637,595,63,196,1,1,1
1253,2,916,589,126,345,1,1,1
1253,3,726,570,137,407,1,1,1
1253,4,1314,595,90,317,1,1,1
1253,5,1560,600,116,378,1,1,1
1253,7,2101,667,78,203,1,1,1
1253,10,637,595,63,196,1,1,1
1254,2,917,589,128,348,1,1,1
1254,3,724,570,137,407,1,1,1
1254,4,1312,596,90,316,1,1,1
1254,5,1572,601,111,378,1,1,1
1254,7,2102,667,78,204,1,1,1
1254,10,638,596,63,195,1,1,1
1255,2,919,589,128,350,1,1,1
1255,3,722,571,136,406,1,1,1
1255,4,1311,596,89,316,1,1,1
1255,5,1585,602,105,377,1,1,1
1255,7,2102,667,80,205,1,1,1
1255,10,638,596,64,196,1,1,1
1256,2,920,588,129,352,1,1,1
1256,3,720,570,134,406,1,1,1
1256,4,1309,596,88,315,1,1,1
1256,5,1597,602,99,377,1,1,1
1256,7,2101,666,80,205,1,1,1
1256,10,638,596,64,195,1,1,1
1257,2,922,588,130,354,1,1,1
1257,3,720,571,134,405,1,1,1
1257,4,1308,597,89,315,1,1,1
1257,5,1597,604,113,377,1,1,1
1257,7,2102,668,81,205,1,1,1
1257,10,639,597,64,195,1,1,1
1258,2,923,588,132,354,1,1,1
1258,3,719,572,134,402,1,1,1
1258,4,1307,598,89,315,1,1,1
1258,5,1598,605,126,377,1,1,1
1258,7,2103,668,80,205,1,1,1
1258,10,639,597,64,195,1,1,1
1259,2,925,587,133,355,1,1,1
1259,3,719,572,133,401,1,1,1
1259,4,1306,599,89,314,1,1,1
1259,5,1598,607,140,375,1,1,1
1259,7,2103,669,81,204,1,1,1
1259,10,640,597,64,195,1,1,1
1260,2,926,586,135,357,1,1,1
1260,3,718,572,133,399,1,1,1
1260,4,1305,599,89,314,1,1,1
1260,5,1598,608,154,375,1,1,1
1260,7,2103,669,81,204,1,1,1
1260,10,640,597,64,195,1,1,1