1 1 1172 138 44 108
1 2 1125 146 43 96
2 1 1174 142 44 108
2 2 1126 142 44 100
3 1 1175 141 41 108
3 2 1127 142 44 100
4 1 1175 141 41 108
4 2 1124 143 44 100
5 1 1175 142 41 108
5 2 1125 144 44 100
6 1 1175 141 41 108
6 2 1126 144 44 100
7 1 1175 141 41 108
7 2 1125 146 44 100
8 1 1176 141 41 108
8 2 1126 145 44 100
9 1 1175 140 41 108
9 2 1127 144 44 100
10 1 1176 141 41 108
10 2 1124 142 44 100
11 1 1174 140 41 108
11 2 1123 143 44 100
12 1 1175 140 41 108
12 2 1124 144 44 100
13 1 1173 142 41 108
13 2 1123 141 44 100
14 1 1175 142 40 108
14 2 1123 141 44 100
15 1 1174 140 40 110
15 2 1123 140 44 100
16 1 1174 140 40 110
16 2 1122 138 45 100
17 1 1173 138 40 112
17 2 1122 142 45 100
18 1 1171 138 42 113
18 2 1122 140 45 100
19 1 1170 139 42 111
19 2 1121 140 45 100
20 1 1169 139 42 111
20 2 1120 141 45 100
21 1 1168 138 44 113
21 2 1120 140 45 100
22 1 1167 139 44 113
22 2 1119 139 45 100
23 1 1166 138 44 114
23 2 1119 139 45 100
24 1 1164 139 44 114
24 2 1118 138 45 100
25 1 1164 138 44 116
25 2 1117 139 45 100
26 1 1164 140 44 116
26 2 1117 140 45 100
27 1 1163 140 44 113
27 2 1116 140 45 100
28 1 1162 139 44 113
28 2 1115 139 45 100
29 1 1161 138 44 115
29 2 1114 140 45 100
30 1 1163 137 42 117
30 2 1114 141 45 100
31 1 1164 136 41 114
31 2 1113 141 45 100
32 1 1163 142 41 114
32 2 1112 141 45 100
33 1 1162 137 41 114
33 2 1112 141 45 100
34 1 1162 139 41 114
34 2 1110 142 45 100
35 1 1161 137 41 116
35 2 1110 140 45 100
36 1 1160 140 41 116
36 2 1109 141 45 100
37 1 1161 141 40 114
37 2 1109 139 45 100
38 1 1161 141 41 116
38 2 1108 138 45 100
39 1 1153 142 47 116
39 2 1107 141 45 97
40 1 1154 139 47 116
40 2 1107 140 45 97
41 1 1154 142 47 116
41 2 1107 139 45 97
42 1 1156 138 45 116
42 2 1101 142 51 93
43 1 1156 143 46 116
43 2 1099 142 51 93
44 1 1156 141 44 118
44 2 1099 142 51 93
45 1 1157 139 44 120
45 2 1100 142 51 93
46 1 1158 139 42 120
46 2 1097 142 51 93
47 1 1155 140 46 119
47 2 1093 141 54 97
48 1 1156 139 44 121
48 2 1087 141 58 96
49 1 1157 141 42 118
49 2 1091 142 55 95
50 1 1156 139 42 120
50 2 1087 140 60 99
51 1 1155 139 43 120
51 2 1087 141 57 95
52 1 1153 140 45 120
52 2 1085 143 60 94
53 1 1151 141 47 120
53 2 1086 143 58 96
54 1 1150 143 47 118
54 2 1085 143 58 96
55 1 1148 145 49 116
55 2 1084 145 58 96
56 1 1149 142 48 120
56 2 1081 142 60 97
57 1 1149 144 47 119
57 2 1083 142 60 97
58 1 1147 145 47 119
58 2 1081 143 60 97
59 1 1147 145 47 120
59 2 1081 144 60 97
60 1 1146 143 47 122
60 2 1081 143 60 97
61 1 1148 145 43 119
61 2 1082 140 57 99
62 1 1146 145 43 119
62 2 1081 142 57 99
63 1 1145 141 44 122
63 2 1081 140 57 99
64 1 1145 145 44 121
64 2 1081 143 57 99
65 1 1145 143 44 121
65 2 1080 144 57 99
66 1 1144 144 44 121
66 2 1078 144 57 99
67 1 1143 144 44 121
67 2 1078 145 57 99
68 1 1141 146 44 121
68 2 1078 145 57 99
69 1 1141 145 44 125
69 2 1076 144 57 99
70 1 1141 145 44 127
70 2 1077 145 57 99
71 1 1140 144 44 127
71 2 1074 148 56 99
72 1 1141 147 44 124
72 2 1074 146 56 99
73 1 1140 146 44 124
73 2 1073 146 56 99
74 1 1139 149 45 118
74 2 1073 147 56 99
75 1 1139 149 45 118
75 2 1072 147 56 99
76 1 1140 151 45 118
76 2 1072 148 56 99
77 1 1140 150 45 123
77 2 1072 147 56 99
78 1 1139 149 45 125
78 2 1070 149 56 99
79 1 1138 149 45 125
79 2 1068 148 56 99
80 1 1138 148 45 125
80 2 1068 147 56 99
81 1 1140 148 43 125
81 2 1066 147 56 104
82 1 1140 148 43 127
82 2 1063 145 56 105
83 1 1139 147 43 127
83 2 1065 148 56 105
84 1 1138 148 43 127
84 2 1064 147 56 105
85 1 1137 150 44 122
85 2 1064 147 56 105
86 1 1135 151 44 122
86 2 1062 149 56 105
87 1 1133 153 46 122
87 2 1061 148 56 105
88 1 1130 152 46 122
88 2 1061 149 56 105
89 1 1126 152 51 124
89 2 1061 149 56 105
90 1 1128 153 48 124
90 2 1059 149 56 105
91 1 1128 154 48 124
91 2 1058 150 56 105
92 1 1127 155 48 124
92 2 1059 152 56 105
93 1 1126 155 48 124
93 2 1057 153 56 105
94 1 1125 155 48 124
94 2 1057 151 56 105
95 1 1124 152 48 125
95 2 1055 150 56 105
96 1 1123 154 48 125
96 2 1051 152 56 105
97 1 1123 154 46 125
97 2 1053 150 56 105
98 1 1124 152 43 128
98 2 1053 152 56 105
99 1 1123 152 43 128
99 2 1052 152 56 105
100 1 1121 156 43 125
100 2 1050 152 56 111
101 1 1122 154 43 125
101 2 1049 157 56 111
102 1 1121 155 43 125
102 2 1049 153 56 111
103 1 1120 155 43 125
103 2 1049 153 56 111
104 1 1119 155 43 125
104 2 1048 152 56 111
105 1 1115 156 46 128
105 2 1047 154 56 111
106 1 1115 157 46 131
106 2 1046 154 56 111
107 1 1114 159 46 131
107 2 1045 154 56 111
108 1 1115 156 46 131
108 2 1045 154 56 111
109 1 1115 159 46 131
109 2 1044 154 56 111
110 1 1112 161 46 131
110 2 1043 154 56 111
111 1 1113 159 46 131
111 2 1042 156 56 111
112 1 1112 162 46 131
112 2 1042 156 56 111
113 1 1111 160 46 131
113 2 1041 157 56 111
114 1 1111 159 47 131
114 2 1040 158 56 111
115 1 1110 160 47 131
115 2 1038 158 56 111
116 1 1110 161 47 131
116 2 1038 158 56 111
117 1 1108 162 47 131
117 2 1037 157 56 111
118 1 1110 160 47 131
118 2 1037 158 56 111
119 1 1105 161 47 131
119 2 1036 158 56 111
120 1 1105 162 47 131
120 2 1035 160 56 111
121 1 1102 164 50 131
121 2 1033 161 56 111
122 1 1100 164 50 131
122 2 1032 160 56 110
123 1 1099 164 50 131
123 2 1033 157 56 110
124 1 1098 164 50 131
124 2 1033 156 56 110
125 1 1099 166 50 131
125 2 1030 157 56 110
126 1 1098 168 50 131
126 2 1030 159 56 110
127 1 1096 166 50 131
127 2 1030 162 56 110
128 1 1098 166 46 131
128 2 1028 163 56 110
129 1 1098 167 47 134
129 2 1029 162 56 110
130 1 1095 167 47 134
130 2 1028 162 56 110
131 1 1094 165 47 134
131 2 1027 163 56 110
132 1 1095 166 47 134
132 2 1026 163 56 110
133 1 1094 166 46 134
133 2 1025 163 56 110
134 1 1094 164 46 134
134 2 1027 164 56 110
135 1 1092 166 46 136
135 2 1025 164 56 110
136 1 1090 168 48 135
136 2 1023 166 56 110
137 1 1089 168 48 137
137 2 1021 165 56 110
138 1 1089 169 49 138
138 2 1021 166 56 110
139 1 1088 169 49 141
139 2 1021 167 56 110
140 1 1088 169 47 140
140 2 1020 166 56 110
141 1 1085 173 51 138
141 2 1019 168 56 110
142 1 1084 171 51 138
142 2 1019 168 56 110
143 1 1084 172 51 138
143 2 1017 169 56 110
144 1 1083 175 51 138
144 2 1018 169 56 110
145 1 1082 173 51 138
145 2 1016 169 56 110
146 1 1081 176 51 138
146 2 1015 171 56 110
147 1 1082 176 51 138
147 2 1015 172 56 110
148 1 1084 173 49 138
148 2 1013 169 56 110
149 1 1085 170 48 138
149 2 1013 171 56 110
150 1 1082 174 48 138
150 2 1012 171 56 110
151 1 1081 173 48 138
151 2 1010 172 56 110
152 1 1080 176 48 138
152 2 1012 172 56 110
153 1 1075 174 51 138
153 2 1012 171 56 110
154 1 1072 177 54 138
154 2 1010 172 56 110
155 1 1069 178 56 138
155 2 1007 173 56 110
156 1 1066 179 59 138
156 2 1006 174 56 110
157 1 1068 179 57 138
157 2 1004 176 58 112
158 1 1067 181 55 138
158 2 1004 174 58 112
159 1 1067 182 55 138
159 2 1004 176 58 112
160 1 1067 181 54 141
160 2 1002 179 58 112
161 1 1067 180 54 141
161 2 1000 179 58 112
162 1 1066 180 50 141
162 2 999 180 58 110
163 1 1066 180 50 141
163 2 999 180 58 112
164 1 1067 181 47 141
164 2 996 178 58 112
165 1 1066 181 47 141
165 2 996 180 58 112
166 1 1065 182 47 141
166 2 998 181 53 112
167 1 1068 180 47 144
167 2 1000 181 56 112
168 1 1076 181 47 147
168 2 1005 182 58 112
169 1 1083 181 47 150
169 2 1013 182 58 112
170 1 1087 183 47 148
170 2 1018 184 58 112
171 1 1083 184 51 148
171 2 1018 184 58 112
172 1 1081 183 51 148
172 2 1016 185 58 112
173 1 1082 185 51 148
173 2 1015 186 58 112
174 1 1081 186 51 148
174 2 1013 188 58 113
175 1 1080 188 51 148
175 2 1014 186 58 112
176 1 1079 188 51 148
176 2 1012 189 61 113
177 1 1078 189 51 148
177 2 1011 189 59 113
178 1 1077 189 51 148
178 2 1012 190 57 112
179 1 1077 190 51 148
179 2 1012 189 57 113
180 1 1077 192 51 148
180 2 1003 190 63 112
181 1 1075 191 51 148
181 2 1002 189 63 116
182 1 1074 194 51 148
182 2 1002 190 62 117
183 1 1073 190 51 148
183 2 999 195 64 112
184 1 1075 191 51 148
184 2 999 191 65 116
185 1 1070 194 51 148
185 2 997 191 63 119
186 1 1066 196 55 145
186 2 996 194 63 116
187 1 1061 199 58 146
187 2 996 195 61 114
188 1 1057 198 62 146
188 2 995 191 62 119
189 1 1062 196 62 146
189 2 1000 193 60 118
190 1 1072 201 62 146
190 2 1006 195 63 117
191 1 1084 202 62 146
191 2 1016 195 62 114
192 1 1091 204 62 146
192 2 1021 197 62 115
193 1 1096 208 62 146
193 2 1026 199 61 117
194 1 1093 205 54 146
194 2 1023 199 62 114
195 1 1092 203 54 146
195 2 1023 198 63 117
196 1 1090 206 54 146
196 2 1017 200 66 117
197 1 1091 207 50 146
197 2 1020 200 61 121
198 1 1090 205 50 146
198 2 1016 201 63 121
199 1 1090 205 50 146
199 2 1017 202 60 121
200 1 1090 204 50 146
200 2 1015 202 61 121
201 1 1088 205 50 146
201 2 1009 202 66 121
202 1 1079 210 56 146
202 2 1010 203 62 121
203 1 1077 207 58 153
203 2 1008 204 64 121
204 1 1076 208 58 153
204 2 1003 204 66 121
205 1 1073 210 59 154
205 2 1005 206 62 121
206 1 1070 214 61 148
206 2 1003 208 62 121
207 1 1070 214 61 150
207 2 1001 209 62 117
208 1 1070 214 61 154
208 2 1001 210 61 117
209 1 1069 215 61 154
209 2 999 209 62 121
210 1 1070 215 59 155
210 2 997 210 64 121
211 1 1070 213 59 155
211 2 998 212 62 121
212 1 1070 216 59 155
212 2 994 212 63 121
213 1 1071 216 54 155
213 2 993 212 62 121
214 1 1071 217 54 155
214 2 991 214 64 121
215 1 1071 218 51 152
215 2 991 213 61 121
216 1 1070 217 51 154
216 2 988 214 63 121
217 1 1070 216 51 154
217 2 983 216 64 121
218 1 1070 218 49 151
218 2 984 217 61 121
219 1 1064 219 55 152
219 2 981 217 62 121
220 1 1058 222 60 152
220 2 977 217 64 121
221 1 1058 221 60 152
221 2 978 220 62 121
222 1 1054 223 67 152
222 2 982 221 62 121
223 1 1066 226 71 152
223 2 994 222 64 121
224 1 1086 227 77 152
224 2 1013 225 69 121
225 1 1109 229 73 152
225 2 1032 226 72 121
226 1 1125 231 67 152
226 2 1043 225 74 121
227 1 1129 231 63 152
227 2 1049 225 67 121
228 1 1129 232 62 152
228 2 1046 227 70 121
229 1 1131 232 58 152
229 2 1045 227 69 121
230 1 1130 233 57 152
230 2 1046 225 65 121
231 1 1131 232 54 152
231 2 1041 225 69 121
232 1 1130 230 52 155
232 2 1039 228 68 121
233 1 1127 230 55 155
233 2 1036 229 68 121
234 1 1123 231 58 155
234 2 1035 231 70 121
235 1 1122 232 58 157
235 2 1038 232 66 121
236 1 1118 232 60 161
236 2 1028 234 72 121
237 1 1115 236 63 159
237 2 1032 234 65 121
238 1 1114 238 63 159
238 2 1026 233 68 121
239 1 1114 237 63 159
239 2 1028 234 67 121
240 1 1111 237 63 159
240 2 1024 236 70 121
241 1 1108 239 63 159
241 2 1023 236 69 121
242 1 1108 240 63 159
242 2 1024 236 63 121
243 1 1105 241 63 159
243 2 1022 236 66 121
244 1 1105 242 63 159
244 2 1020 236 67 121
245 1 1103 244 63 159
245 2 1015 237 70 121
246 1 1104 244 63 159
246 2 1013 240 68 121
247 1 1104 245 63 159
247 2 1014 238 65 124
248 1 1104 244 61 159
248 2 1014 239 66 125
249 1 1104 245 59 159
249 2 1009 242 67 121
250 1 1103 244 59 159
250 2 1006 238 69 121
251 1 1104 248 56 159
251 2 1003 240 70 121
252 1 1102 244 58 162
252 2 1001 240 70 121
253 1 1097 245 59 160
253 2 1000 243 68 121
254 1 1091 247 62 160
254 2 1001 243 66 121
255 1 1086 250 66 158
255 2 994 245 71 121
256 1 1081 251 69 158
256 2 997 247 67 121
257 1 1077 251 70 158
257 2 993 245 68 121
258 1 1076 253 70 157
258 2 993 245 66 121
259 1 1073 255 70 157
259 2 990 246 66 121
260 1 1074 256 70 157
260 2 986 244 69 121
261 1 1072 258 70 157
261 2 986 246 67 121
262 1 1072 256 70 160
262 2 982 246 70 121
263 1 1072 256 67 160
263 2 982 247 70 121
264 1 1073 257 63 160
264 2 978 247 69 131
265 1 1074 258 60 160
265 2 979 247 66 131
266 1 1073 257 58 160
266 2 976 249 69 131
267 1 1072 258 54 160
267 2 974 250 72 131
268 1 1073 258 54 160
268 2 974 252 72 131
269 1 1079 257 59 161
269 2 976 253 75 131
270 1 1091 256 62 164
270 2 993 255 73 131
271 1 1114 260 62 164
271 2 1014 252 75 138
272 1 1133 262 62 164
272 2 1041 255 68 138
273 1 1132 262 69 172
273 2 1042 255 76 138
274 1 1135 260 69 172
274 2 1046 256 75 138
275 1 1134 262 69 172
275 2 1045 257 75 138
276 1 1130 265 72 172
276 2 1039 258 80 138
277 1 1129 266 72 172
277 2 1040 257 77 138
278 1 1127 269 72 172
278 2 1038 258 74 138
279 1 1128 271 72 172
279 2 1038 257 71 138
280 1 1127 271 72 172
280 2 1035 258 72 138
281 1 1126 273 70 166
281 2 1035 259 70 138
282 1 1126 270 69 172
282 2 1036 260 68 138
283 1 1128 269 65 172
283 2 1030 260 72 138
284 1 1129 268 61 172
284 2 1032 262 68 136
285 1 1129 273 58 170
285 2 1031 262 67 136
286 1 1125 272 62 169
286 2 1024 263 73 136
287 1 1122 272 62 169
287 2 1024 265 71 136
288 1 1119 274 64 169
288 2 1024 266 68 136
289 1 1111 274 70 169
289 2 1022 267 70 136
290 1 1106 277 72 169
290 2 1018 266 72 136
291 1 1102 277 74 169
291 2 1017 267 71 136
292 1 1100 279 74 169
292 2 1014 267 72 136
293 1 1101 280 72 171
293 2 1013 268 70 136
294 1 1099 282 70 171
294 2 1013 270 68 136
295 1 1100 282 70 171
295 2 1006 272 75 136
296 1 1101 283 66 171
296 2 1010 271 70 136
297 1 1099 284 66 171
297 2 1004 271 73 136
298 1 1098 283 66 171
298 2 1005 273 70 136
299 1 1098 284 63 171
299 2 1000 274 73 136
300 1 1100 283 56 171
300 2 999 274 74 136
301 1 1095 282 60 173
301 2 994 273 77 136
302 1 1092 281 59 173
302 2 994 276 74 136
303 1 1083 284 66 173
303 2 991 275 77 136
304 1 1082 284 66 173
304 2 989 275 77 136
305 1 1079 284 66 173
305 2 989 276 76 136
306 1 1073 285 71 174
306 2 988 276 74 136
307 1 1072 285 72 182
307 2 987 279 74 136
308 1 1069 286 73 180
308 2 986 279 73 136
309 1 1068 289 72 178
309 2 983 280 74 136
310 1 1066 289 73 181
310 2 982 280 72 136
311 1 1065 290 72 179
311 2 978 280 74 136
312 1 1064 291 73 181
312 2 979 282 72 136
313 1 1066 293 70 178
313 2 976 281 75 136
314 1 1065 292 67 179
314 2 976 281 71 136
315 1 1064 290 66 182
315 2 970 282 75 136
316 1 1065 293 64 179
316 2 970 282 72 136
317 1 1063 292 65 180
317 2 966 286 74 136
318 1 1064 292 63 178
318 2 962 283 76 136
319 1 1063 293 63 178
319 2 963 287 73 136
320 1 1065 293 59 179
320 2 961 287 73 136
321 1 1063 293 59 181
321 2 963 286 68 136
322 1 1059 292 59 181
322 2 958 288 71 136
323 1 1057 294 60 177
323 2 953 288 74 136
324 1 1048 296 69 173
324 2 953 291 72 136
325 1 1043 298 71 173
325 2 951 288 73 136
326 1 1037 301 76 173
326 2 951 289 70 136
327 1 1034 300 76 173
327 2 944 286 77 143
328 1 1032 301 77 173
328 2 945 287 75 143
329 1 1029 303 77 173
329 2 938 288 80 143
330 1 1030 301 74 178
330 2 939 288 76 143
331 1 1031 300 74 178
331 2 934 289 80 143
332 1 1031 303 74 178
332 2 931 290 80 143
333 1 1029 301 74 178
333 2 931 292 79 143
334 1 1029 301 71 178
334 2 929 291 81 150
335 1 1032 300 66 178
335 2 930 290 80 145
336 1 1030 302 66 178
336 2 926 295 79 138
337 1 1031 301 61 178
337 2 925 296 77 138
338 1 1026 300 57 178
338 2 922 298 79 138
339 1 1026 301 57 178
339 2 924 299 74 138
340 1 1025 300 57 178
340 2 922 301 77 138
341 1 1015 302 64 181
341 2 917 300 80 138
342 1 1009 303 69 184
342 2 918 298 78 138
343 1 1004 303 73 186
343 2 913 299 81 138
344 1 1003 305 74 187
344 2 911 301 80 138
345 1 998 306 74 187
345 2 911 301 78 138
346 1 997 308 74 185
346 2 908 301 82 138
347 1 996 308 76 185
347 2 909 301 79 138
348 1 993 310 76 185
348 2 903 303 85 138
349 1 993 310 76 185
349 2 905 304 81 138
350 1 992 313 73 185
350 2 902 306 83 138
351 1 992 311 73 185
351 2 905 305 76 138
352 1 991 314 73 185
352 2 899 306 81 138
353 1 993 311 69 187
353 2 898 308 81 138
354 1 993 312 65 187
354 2 901 304 74 138
355 1 994 309 63 187
355 2 895 302 81 148
356 1 993 308 63 187
356 2 894 302 81 148
357 1 994 308 61 187
357 2 892 303 81 148
358 1 991 309 61 187
358 2 891 304 81 148
359 1 990 310 60 187
359 2 890 304 81 148
360 1 987 310 60 187
360 2 886 303 81 148
361 1 977 310 69 187
361 2 887 303 81 148
362 1 972 313 73 187
362 2 886 303 81 148
363 1 965 313 77 187
363 2 882 305 81 148
364 1 966 313 77 187
364 2 879 304 81 148
365 1 965 316 75 187
365 2 879 304 81 148
366 1 965 317 72 187
366 2 876 305 81 148
367 1 966 318 68 187
367 2 876 304 81 148
368 1 966 317 68 187
368 2 874 308 81 148
369 1 966 316 68 187
369 2 871 311 81 148
370 1 965 318 68 187
370 2 869 311 81 148
371 1 964 319 63 187
371 2 867 309 81 148
372 1 963 319 63 187
372 2 866 310 81 148
373 1 961 317 60 191
373 2 863 312 81 148
374 1 958 313 60 191
374 2 863 315 81 148
375 1 954 318 63 189
375 2 861 314 81 148
376 1 947 319 68 189
376 2 860 315 81 148
377 1 942 319 72 192
377 2 857 314 81 148
378 1 940 317 73 192
378 2 853 311 81 148
379 1 935 317 76 196
379 2 854 311 81 148
380 1 934 318 77 196
380 2 851 312 81 148
381 1 930 316 79 196
381 2 850 313 81 148
382 1 929 318 79 196
382 2 848 313 81 148
383 1 928 320 79 196
383 2 845 310 81 148
384 1 926 318 79 196
384 2 843 314 81 148
385 1 926 320 79 196
385 2 842 312 81 148
386 1 926 318 79 196
386 2 840 312 81 148
387 1 928 318 74 196
387 2 839 313 81 148
388 1 928 317 72 196
388 2 837 314 81 148
389 1 928 317 71 196
389 2 837 311 81 156
390 1 929 320 67 191
390 2 835 309 81 156
391 1 929 320 67 191
391 2 832 312 81 156
392 1 928 318 65 194
392 2 828 314 81 156
393 1 927 320 65 190
393 2 826 313 81 156
394 1 927 320 63 190
394 2 825 312 81 156
395 1 919 322 68 190
395 2 822 314 81 156
396 1 915 321 70 194
396 2 820 316 81 156
397 1 909 321 74 194
397 2 819 318 81 156
398 1 905 321 74 194
398 2 817 317 81 156
399 1 905 322 74 194
399 2 815 317 81 156
400 1 904 326 74 194
400 2 812 318 81 156
401 1 903 327 74 194
401 2 808 319 81 156
402 1 903 328 74 194
402 2 806 321 81 156
403 1 902 328 74 194
403 2 803 321 81 156
404 1 902 327 74 194
404 2 800 321 81 156
405 1 900 328 74 194
405 2 798 321 81 156
406 1 900 327 69 194
406 2 794 324 81 156
407 1 898 327 68 194
407 2 793 324 81 156
408 1 896 328 65 195
408 2 788 325 81 156
409 1 894 327 64 195
409 2 784 328 81 156
410 1 887 330 66 195
410 2 783 327 81 156
411 1 883 329 68 201
411 2 780 329 81 156
412 1 879 330 71 202
412 2 778 327 81 156
413 1 874 333 74 203
413 2 773 326 85 164
414 1 868 334 80 204
414 2 770 330 85 164
415 1 867 337 80 204
415 2 766 330 85 164
416 1 863 336 83 205
416 2 764 330 85 161
417 1 861 337 83 205
417 2 760 335 85 161
418 1 859 340 83 205
418 2 757 333 85 161
419 1 857 341 83 205
419 2 756 333 85 161
420 1 859 343 83 205
420 2 752 335 85 161
421 1 859 342 77 205
421 2 752 337 85 161
422 1 857 339 77 205
422 2 750 337 85 161
423 1 859 344 75 205
423 2 745 336 85 161
424 1 858 344 71 205
424 2 741 341 85 161
425 1 858 341 67 205
425 2 741 341 85 161
426 1 858 341 66 205
426 2 736 341 85 161
427 1 856 343 66 205
427 2 732 339 85 161
428 1 852 343 66 205
428 2 729 340 85 161
429 1 853 346 62 205
429 2 727 342 85 161
430 1 842 346 73 205
430 2 726 345 85 161
431 1 836 348 77 203
431 2 720 344 85 161
432 1 830 350 80 205
432 2 718 345 85 161
433 1 826 352 85 203
433 2 716 344 85 161
434 1 824 353 85 203
434 2 712 349 85 161
435 1 824 354 85 202
435 2 710 349 85 161
436 1 823 355 88 206
436 2 704 348 89 166
437 1 819 357 88 206
437 2 701 349 89 166
438 1 819 355 88 206
438 2 698 351 89 166
439 1 822 357 81 206
439 2 696 352 89 166
440 1 821 356 77 205
440 2 692 352 89 166
441 1 814 357 77 205
441 2 690 353 89 166
442 1 815 357 73 205
442 2 688 355 89 166
443 1 811 358 73 205
443 2 682 355 89 166
444 1 808 362 73 205
444 2 680 359 89 166
445 1 800 357 75 215
445 2 679 356 89 166
446 1 795 366 75 205
446 2 675 362 89 166
447 1 789 364 79 217
447 2 671 361 89 166
448 1 783 366 85 218
448 2 668 363 89 166
449 1 779 367 88 218
449 2 661 358 96 174
450 1 775 369 92 218
450 2 659 358 96 174
451 1 772 370 92 218
451 2 657 360 96 174
452 1 770 370 95 220
452 2 655 364 96 174
453 1 769 374 94 220
453 2 654 365 96 174
454 1 767 376 92 220
454 2 650 367 96 174
455 1 767 376 89 220
455 2 647 366 96 174
456 1 767 375 85 220
456 2 645 369 96 174
457 1 765 376 84 220
457 2 642 367 96 174
458 1 765 378 78 217
458 2 640 368 96 174
459 1 764 379 76 218
459 2 637 371 96 174
460 1 765 378 69 218
460 2 635 371 96 174
461 1 763 379 69 218
461 2 631 372 96 174
462 1 761 385 69 218
462 2 630 374 96 174
463 1 758 383 69 218
463 2 626 376 96 174
464 1 741 385 85 219
464 2 623 378 96 174
465 1 732 388 93 219
465 2 621 380 96 174
466 1 725 388 101 219
466 2 619 381 96 174
467 1 721 393 104 221
467 2 615 382 98 178
468 1 721 398 104 221
468 2 612 388 98 178
469 1 720 404 104 221
469 2 610 390 98 178
470 1 719 406 104 221
470 2 608 391 98 178
471 1 718 409 104 221
471 2 605 398 98 178
472 1 723 412 97 221
472 2 601 400 98 178
473 1 721 414 95 221
473 2 598 402 98 178
474 1 722 415 89 221
474 2 597 404 98 178
475 1 716 417 88 221
475 2 593 407 98 178
476 1 713 416 85 221
476 2 591 409 98 178
477 1 708 420 81 221
477 2 589 411 98 178
478 1 705 422 77 221
478 2 583 413 98 178
479 1 693 423 82 230
479 2 580 415 98 178
480 1 690 423 81 235
480 2 576 417 105 181
481 1 685 428 86 234
481 2 572 418 105 181
482 1 680 428 90 237
482 2 572 420 105 181
483 1 683 432 96 236
483 2 574 419 105 181
484 1 693 431 109 237
484 2 589 420 105 181
485 1 717 431 114 237
485 2 621 422 112 180
486 1 747 432 111 237
486 2 653 420 112 180
487 1 766 434 96 237
487 2 661 421 104 175
488 1 771 431 95 237
488 2 666 422 101 174
489 1 770 432 93 234
489 2 665 421 101 178
490 1 770 436 88 230
490 2 660 421 101 180
491 1 769 439 85 227
491 2 659 422 101 180
492 1 768 438 83 229
492 2 656 424 101 180
493 1 769 438 78 230
493 2 652 425 101 180
494 1 768 436 74 230
494 2 650 427 101 180
495 1 769 441 71 226
495 2 646 428 101 180
496 1 767 442 71 226
496 2 642 428 101 180
497 1 766 441 71 226
497 2 635 429 106 184
498 1 758 445 76 226
498 2 634 426 106 184
499 1 745 444 88 228
499 2 629 428 106 184
500 1 734 447 101 228
500 2 626 432 106 184
501 1 732 446 105 231
501 2 625 435 106 184
502 1 737 448 122 231
502 2 633 435 106 184
503 1 761 447 130 231
503 2 660 432 106 184
504 1 809 444 125 234
504 2 695 435 113 185
505 1 857 446 112 230
505 2 742 437 113 185
506 1 882 446 108 230
506 2 776 436 103 180
507 1 889 443 103 230
507 2 781 432 103 180
508 1 891 447 99 230
508 2 778 434 103 180
509 1 893 447 91 228
509 2 777 433 103 180
510 1 892 449 87 225
510 2 773 436 103 180
511 1 890 449 82 225
511 2 771 439 103 180
512 1 888 450 76 225
512 2 767 441 103 180
513 1 879 448 76 232
513 2 765 439 102 184
514 1 874 450 76 232
514 2 760 441 102 184
515 1 867 451 79 241
515 2 755 440 102 184
516 1 859 451 85 244
516 2 753 443 102 184
517 1 854 453 90 247
517 2 749 448 102 184
518 1 848 455 95 247
518 2 746 447 102 184
519 1 840 457 99 245
519 2 738 446 101 185
520 1 838 462 101 242
520 2 735 444 104 192
521 1 836 462 101 242
521 2 734 447 104 192
522 1 834 463 101 247
522 2 727 446 104 192
523 1 833 463 101 247
523 2 725 446 104 192
524 1 831 466 102 246
524 2 720 451 104 192
525 1 830 465 97 248
525 2 717 451 104 192
526 1 829 466 95 248
526 2 714 450 104 192
527 1 827 468 90 244
527 2 709 454 107 196
528 1 829 469 83 244
528 2 707 453 104 197
529 1 828 468 78 244
529 2 701 457 104 197
530 1 828 469 69 244
530 2 698 458 104 197
531 1 823 470 72 244
531 2 693 458 108 199
532 1 822 472 72 244
532 2 692 461 108 199
533 1 823 477 88 244
533 2 703 460 108 199
534 1 843 474 99 248
534 2 723 459 108 199
535 1 863 475 117 248
535 2 757 464 108 199
536 1 892 479 127 237
536 2 798 463 108 199
537 1 928 480 141 241
537 2 835 464 108 199
538 1 971 485 134 230
538 2 878 459 108 199
539 1 1010 488 134 230
539 2 916 460 108 199
540 1 1060 482 141 245
540 2 960 465 108 199
541 1 1100 486 137 245
541 2 997 472 108 199
542 1 1145 485 119 245
542 2 1039 463 108 199
543 1 1164 488 109 245
543 2 1063 467 102 195
544 1 1168 491 109 245
544 2 1067 468 102 195
545 1 1168 490 98 245
545 2 1062 468 102 195
546 1 1169 490 89 245
546 2 1063 468 102 195
547 1 1166 490 86 248
547 2 1058 467 102 195
548 1 1166 491 78 251
548 2 1052 471 102 195
549 1 1152 492 88 257
549 2 1049 470 102 195
550 1 1143 492 94 260
550 2 1045 473 102 195
551 1 1134 495 101 265
551 2 1038 472 102 195
552 1 1125 496 105 266
552 2 1036 473 102 195
553 1 1118 500 109 261
553 2 1035 473 102 195
554 1 1114 501 110 260
554 2 1027 474 102 195
555 1 1109 503 113 262
555 2 1022 476 102 195
556 1 1104 504 113 262
556 2 1023 476 102 195
557 1 1102 505 113 262
557 2 1016 476 102 200
558 1 1100 506 113 263
558 2 1015 474 102 200
559 1 1102 509 106 258
559 2 1010 475 102 200
560 1 1100 509 102 257
560 2 1004 479 102 200
561 1 1099 508 98 258
561 2 999 476 102 200
562 1 1097 509 93 259
562 2 997 481 102 200
563 1 1098 508 86 261
563 2 987 481 102 200
564 1 1095 509 86 261
564 2 985 481 102 200
565 1 1092 509 83 261
565 2 982 480 102 200
566 1 1085 511 86 261
566 2 978 480 102 200
567 1 1078 512 86 261
567 2 973 480 102 200
568 1 1057 512 106 261
568 2 966 481 102 205
569 1 1045 511 118 256
569 2 965 483 102 205
570 1 1032 517 129 251
570 2 959 482 102 205
571 1 1028 513 132 251
571 2 953 483 107 207
572 1 1023 517 132 251
572 2 951 486 107 205
573 1 1023 522 132 251
573 2 945 484 107 205
574 1 1022 518 132 251
574 2 943 485 107 205
575 1 1022 521 132 251
575 2 940 488 106 205
576 1 1020 516 132 255
576 2 935 485 106 205
577 1 1017 518 132 255
577 2 928 489 106 205
578 1 1022 518 115 255
578 2 922 488 106 205
579 1 1020 517 107 255
579 2 919 488 106 205
580 1 1021 517 98 255
580 2 913 489 106 205
581 1 1019 517 87 263
581 2 909 488 106 205
582 1 1018 513 73 271
582 2 906 492 106 205
583 1 1004 520 78 270
583 2 900 490 106 210
584 1 992 518 87 282
584 2 897 490 106 210
585 1 983 521 94 278
585 2 889 491 108 210
586 1 970 524 102 282
586 2 885 492 105 210
587 1 962 528 110 274
587 2 884 493 105 210
588 1 956 530 110 274
588 2 879 493 105 210
589 1 952 533 116 276
589 2 875 491 105 210
590 1 947 535 122 276
590 2 869 493 105 210
591 1 941 534 126 276
591 2 866 495 105 210
592 1 941 535 124 277
592 2 860 495 105 210
593 1 935 534 124 277
593 2 856 497 105 210
594 1 937 536 110 278
594 2 850 500 105 210
595 1 935 538 107 277
595 2 844 498 105 210
596 1 930 540 105 270
596 2 840 500 105 210
597 1 933 538 87 270
597 2 831 503 105 210
598 1 928 536 82 276
598 2 830 504 105 210
599 1 926 537 79 275
599 2 823 502 105 210
600 1 920 537 79 275
600 2 817 505 105 210
601 1 900 542 95 275
601 2 812 501 105 210
602 1 883 542 111 275
602 2 804 505 105 210
603 1 866 543 129 272
603 2 801 505 105 210
604 1 853 544 141 272
604 2 796 505 105 210
605 1 845 546 147 272
605 2 793 508 105 210
606 1 842 547 151 272
606 2 776 506 116 216
607 1 843 546 151 266
607 2 770 507 116 216
608 1 841 546 151 266
608 2 765 506 116 216
609 1 841 546 147 265
609 2 760 505 116 216
610 1 837 547 147 264
610 2 753 511 116 216
611 1 837 548 138 262
611 2 749 510 116 216
612 1 838 549 125 262
612 2 746 513 116 216
613 1 840 545 114 266
613 2 739 512 116 216
614 1 838 546 107 266
614 2 732 515 116 216
615 1 837 545 94 276
615 2 725 513 116 216
616 1 834 546 83 276
616 2 724 520 116 216
617 1 828 549 79 282
617 2 722 518 116 216
618 1 842 547 85 288
618 2 734 521 116 216
619 1 864 550 85 288
619 2 758 520 116 216
620 1 898 548 98 288
620 2 788 521 116 216
621 1 931 544 98 288
621 2 823 520 116 216
622 1 944 547 134 291
622 2 861 517 122 227
623 1 965 548 134 291
623 2 889 512 121 212
624 1 970 559 134 281
624 2 902 514 120 216
625 1 978 556 133 285
625 2 906 518 120 216
626 1 967 559 141 285
626 2 905 515 120 216
627 1 975 562 129 285
627 2 894 517 113 216
628 1 975 561 121 285
628 2 890 517 113 216
629 1 976 561 112 285
629 2 888 514 113 216
630 1 975 565 103 285
630 2 881 517 113 216
631 1 976 563 92 285
631 2 877 517 113 216
632 1 969 566 85 285
632 2 871 522 111 216
633 1 963 567 85 285
633 2 861 521 111 216
634 1 956 568 80 285
634 2 861 524 111 216
635 1 956 567 76 286
635 2 850 522 111 216
636 1 930 566 99 288
636 2 848 525 111 216
637 1 912 565 116 287
637 2 837 526 118 216
638 1 897 566 132 286
638 2 834 525 118 216
639 1 883 567 146 287
639 2 831 526 118 216
640 1 871 568 158 284
640 2 823 527 118 216
641 1 868 570 158 284
641 2 822 530 118 216
642 1 869 571 158 284
642 2 814 529 118 216
643 1 870 575 155 279
643 2 810 529 118 216
644 1 869 574 152 283
644 2 805 536 118 216
645 1 870 576 145 279
645 2 798 537 118 216
646 1 868 577 133 279
646 2 793 540 118 216
647 1 867 577 126 279
647 2 783 542 122 219
648 1 866 579 113 279
648 2 781 544 122 219
649 1 866 586 102 279
649 2 778 554 122 219
650 1 862 588 92 279
650 2 769 559 122 219
651 1 857 594 81 284
651 2 766 563 122 219
652 1 851 602 72 289
652 2 768 568 122 219
653 1 842 610 83 295
653 2 755 575 122 219
654 1 823 613 100 303
654 2 750 580 128 219
655 1 813 621 109 297
655 2 745 586 128 219
656 1 795 627 128 294
656 2 738 592 128 219
657 1 786 630 135 294
657 2 734 599 128 219
658 1 779 637 141 294
658 2 731 604 128 219
659 1 779 642 139 294
659 2 725 609 128 219
660 1 779 647 137 291
660 2 718 611 137 219
661 1 778 657 132 282
661 2 715 612 137 219
662 1 778 657 121 281
662 2 707 615 140 219
663 1 778 657 114 291
663 2 709 616 127 219
664 1 774 659 108 291
664 2 705 619 127 219
665 1 772 661 102 291
665 2 701 622 127 219
666 1 771 659 90 291
666 2 700 627 127 219
667 1 761 660 88 291
667 2 699 624 127 219
668 1 758 660 78 291
668 2 697 628 127 219
669 1 752 662 78 291
669 2 697 628 127 219
670 1 740 664 94 291
670 2 693 629 127 219
671 1 724 669 108 291
671 2 685 634 113 216
672 1 710 669 122 281
672 2 683 630 115 225
673 1 701 672 130 281
673 2 674 630 120 225
674 1 704 673 131 280
674 2 674 631 120 225
675 1 701 675 131 279
675 2 667 636 120 225
676 1 700 674 131 279
676 2 660 637 120 225
677 1 697 683 131 273
677 2 653 640 120 225
678 1 695 688 131 273
678 2 648 635 124 235
679 1 694 685 131 273
679 2 644 641 124 235
680 1 694 684 120 278
680 2 637 641 124 235
681 1 691 688 117 278
681 2 634 642 124 235
682 1 690 689 110 278
682 2 628 646 124 235
683 1 685 691 104 289
683 2 626 649 124 235
684 1 681 694 94 290
684 2 618 650 124 235
685 1 676 693 89 304
685 2 612 650 124 235
686 1 672 698 92 311
686 2 602 653 124 235
687 1 667 706 96 310
687 2 599 656 124 235
688 1 656 709 105 312
688 2 585 655 124 235
689 1 645 711 113 312
689 2 579 656 124 235
690 1 640 713 122 311
690 2 573 658 124 235
691 1 633 715 128 312
691 2 570 660 124 235
692 1 632 715 127 312
692 2 564 659 128 237
693 1 631 714 122 312
693 2 557 663 128 237
694 1 625 724 122 305
694 2 552 660 128 237
695 1 622 728 115 300
695 2 541 663 128 237
696 1 616 725 116 301
696 2 539 665 128 237
697 1 611 726 105 302
697 2 531 662 134 242
698 1 606 728 105 302
698 2 529 661 134 242
699 1 603 727 105 302
699 2 518 667 134 242
700 1 592 729 105 302
700 2 511 666 134 242
701 1 585 729 116 304
701 2 509 668 134 242
702 1 578 732 124 303
702 2 501 672 134 238
703 1 552 738 150 288
703 2 499 676 134 237
704 1 542 738 158 290
704 2 480 675 134 237
705 1 524 736 177 293
705 2 473 679 134 237
706 1 533 741 173 283
706 2 474 675 134 237
707 1 544 739 179 283
707 2 480 674 134 237
708 1 557 739 186 283
708 2 498 672 134 237
709 1 593 739 180 283
709 2 524 667 134 237
710 1 613 726 160 283
710 2 548 662 134 237
711 1 617 722 160 283
711 2 556 662 134 237
712 1 614 722 155 283
712 2 553 661 134 237
713 1 617 722 136 283
713 2 548 665 134 237
714 1 609 724 134 292
714 2 541 661 134 237
715 1 604 721 119 296
715 2 537 660 134 237
716 1 599 718 111 308
716 2 532 663 120 237
717 1 594 722 101 306
717 2 520 666 126 237
718 1 583 724 106 314
718 2 517 668 126 231
719 1 577 728 115 316
719 2 508 670 126 231
720 1 555 728 134 320
720 2 506 674 126 231
721 1 537 726 153 322
721 2 502 674 116 231
722 1 519 731 173 310
722 2 494 678 109 226
723 1 510 736 178 306
723 2 486 676 109 226
724 1 503 742 182 307
724 2 476 676 111 226
725 1 502 741 186 307
725 2 472 676 115 226
726 1 510 737 186 307
726 2 476 678 120 226
727 1 524 734 191 307
727 2 505 675 120 226
728 1 551 732 191 307
728 2 531 664 120 226
729 1 584 725 191 307
729 2 569 665 120 226
730 1 623 718 191 307
730 2 619 660 131 219
731 1 661 721 159 290
731 2 648 649 131 219
732 1 693 717 159 290
732 2 690 646 131 219
733 1 734 715 146 290
733 2 722 643 124 217
734 1 768 707 98 290
734 2 742 642 124 217
735 1 763 695 102 306
735 2 741 639 124 217
736 1 751 705 117 297
736 2 736 637 120 222
737 1 732 701 132 295
737 2 729 636 113 218
738 1 725 700 139 295
738 2 725 641 113 212
739 1 712 703 152 294
739 2 720 644 111 210
740 1 707 702 152 294
740 2 715 643 111 210
741 1 705 708 152 294
741 2 707 640 111 210
742 1 692 700 165 296
742 2 701 641 111 210
743 1 690 700 165 296
743 2 697 642 111 210
744 1 683 699 165 296
744 2 689 641 111 210
745 1 681 697 157 296
745 2 684 642 111 210
746 1 680 697 146 296
746 2 678 643 111 210
747 1 683 692 136 296
747 2 678 641 111 210
748 1 696 694 133 296
748 2 690 641 111 210
749 1 726 692 118 296
749 2 713 636 111 210
750 1 766 698 109 289
750 2 744 633 111 210
751 1 802 697 109 289
751 2 779 631 111 210
752 1 842 694 109 289
752 2 811 620 117 220
753 1 858 678 123 289
753 2 854 618 117 215
754 1 871 680 132 276
754 2 878 617 126 208
755 1 864 675 139 279
755 2 887 618 120 203
756 1 856 675 153 275
756 2 888 620 120 198
757 1 843 678 167 268
757 2 881 625 120 198
758 1 839 680 167 265
758 2 877 619 120 198
759 1 838 681 167 265
759 2 872 620 120 198
760 1 838 681 167 265
760 2 866 618 120 198
761 1 839 680 162 265
761 2 859 618 120 198
762 1 833 680 161 265
762 2 857 618 120 198
763 1 835 678 151 265
763 2 852 617 120 198
764 1 834 677 137 265
764 2 844 618 120 198
765 1 833 677 125 265
765 2 839 615 120 198
766 1 830 666 116 283
766 2 833 615 120 198
767 1 825 658 100 283
767 2 829 615 120 198
768 1 811 659 100 283
768 2 824 616 116 194
769 1 800 661 105 285
769 2 820 619 116 194
770 1 798 663 109 281
770 2 823 613 116 194
771 1 808 673 125 269
771 2 839 611 116 194
772 1 819 669 149 273
772 2 858 608 116 194
773 1 845 665 145 273
773 2 885 603 116 194
774 1 858 662 144 272
774 2 900 602 116 194
775 1 858 667 152 276
775 2 905 604 116 194
776 1 857 664 151 274
776 2 907 603 116 194
777 1 856 661 153 275
777 2 902 601 116 194
778 1 852 654 156 285
778 2 899 598 116 194
779 1 841 649 160 293
779 2 897 600 108 194
780 1 848 646 146 289
780 2 894 601 106 194
781 1 847 641 132 286
781 2 888 598 102 194
782 1 846 645 125 283
782 2 882 593 99 200
783 1 846 644 114 283
783 2 875 593 103 194
784 1 849 645 94 282
784 2 877 600 99 194
785 1 849 643 87 277
785 2 869 596 106 194
786 1 845 635 87 277
786 2 861 592 103 194
787 1 840 636 87 277
787 2 853 593 107 194
788 1 815 634 95 280
788 2 855 591 97 194
789 1 800 632 119 272
789 2 848 588 105 194
790 1 781 640 160 262
790 2 861 591 100 194
791 1 804 641 166 262
791 2 882 588 100 194
792 1 841 649 174 250
792 2 919 592 101 188
793 1 867 636 174 250
793 2 958 585 96 187
794 1 895 631 174 250
794 2 980 581 101 195
795 1 911 636 161 250
795 2 988 582 96 189
796 1 918 638 153 244
796 2 983 580 100 188
797 1 915 624 150 256
797 2 978 577 99 188
798 1 911 626 139 256
798 2 978 574 99 185
799 1 908 623 139 256
799 2 976 577 97 191
800 1 913 621 112 256
800 2 965 577 104 190
801 1 907 621 106 256
801 2 959 574 101 192
802 1 888 619 106 264
802 2 949 571 105 187
803 1 876 613 106 264
803 2 949 572 99 183
804 1 864 609 106 264
804 2 943 568 99 183
805 1 857 609 114 271
805 2 938 567 99 183
806 1 847 610 122 272
806 2 935 569 99 183
807 1 839 609 130 274
807 2 926 569 99 183
808 1 833 607 135 275
808 2 925 567 99 183
809 1 823 609 146 267
809 2 924 562 99 183
810 1 820 609 146 267
810 2 918 562 99 183
811 1 810 607 158 272
811 2 911 559 99 183
812 1 812 604 149 273
812 2 906 562 99 183
813 1 814 603 140 271
813 2 896 557 99 183
814 1 807 599 140 271
814 2 893 556 99 183
815 1 813 597 128 274
815 2 889 559 99 183
816 1 812 593 115 277
816 2 881 557 99 183
817 1 813 591 105 272
817 2 877 558 99 183
818 1 811 588 91 271
818 2 869 558 99 183
819 1 808 588 81 271
819 2 865 550 99 183
820 1 805 584 81 267
820 2 860 553 99 183
821 1 805 582 81 267
821 2 855 548 99 183
822 1 779 581 109 267
822 2 856 557 99 183
823 1 764 582 137 264
823 2 859 554 99 183
824 1 781 576 148 270
824 2 878 554 99 183
825 1 805 570 159 271
825 2 909 553 99 183
826 1 841 585 163 248
826 2 942 552 99 183
827 1 879 579 163 248
827 2 969 547 99 183
828 1 914 593 163 240
828 2 1022 547 99 183
829 1 935 584 150 242
829 2 1023 539 113 183
830 1 938 576 144 249
830 2 1031 540 113 183
831 1 945 576 132 249
831 2 1028 547 113 173
832 1 939 574 125 249
832 2 1024 541 113 173
833 1 940 569 125 249
833 2 1017 538 113 173
834 1 937 570 125 249
834 2 1017 539 113 173
835 1 941 569 105 249
835 2 1011 535 113 173
836 1 929 570 88 249
836 2 1007 534 113 173
837 1 925 559 84 263
837 2 1007 533 113 173
838 1 903 555 102 263
838 2 1003 538 108 165
839 1 904 563 97 250
839 2 999 536 106 166
840 1 903 565 97 250
840 2 996 537 106 166
841 1 882 564 114 254
841 2 993 528 106 166
842 1 868 561 123 256
842 2 987 529 106 166
843 1 869 560 122 254
843 2 978 529 106 166
844 1 870 561 122 254
844 2 973 529 106 166
845 1 862 551 130 265
845 2 971 520 106 166
846 1 853 550 130 265
846 2 968 518 106 166
847 1 859 545 120 268
847 2 966 517 106 166
848 1 862 542 111 269
848 2 963 514 106 166
849 1 857 537 106 269
849 2 962 521 106 166
850 1 862 534 95 269
850 2 959 515 106 166
851 1 860 535 88 256
851 2 954 514 106 166
852 1 859 536 82 256
852 2 948 511 103 167
853 1 861 543 78 244
853 2 943 510 103 167
854 1 859 540 78 244
854 2 940 510 103 167
855 1 850 531 79 254
855 2 935 509 103 167
856 1 834 530 93 253
856 2 929 507 103 167
857 1 823 529 104 248
857 2 926 505 103 167
858 1 808 530 117 248
858 2 922 505 103 167
859 1 799 529 127 248
859 2 921 500 103 167
860 1 799 530 127 248
860 2 918 503 103 167
861 1 801 534 127 248
861 2 918 500 103 167
862 1 809 529 127 248
862 2 920 501 103 167
863 1 821 522 127 248
863 2 929 492 108 175
864 1 848 516 127 248
864 2 957 496 103 167
865 1 880 516 119 240
865 2 991 494 103 167
866 1 919 515 107 248
866 2 1016 495 103 167
867 1 924 507 102 248
867 2 1026 496 103 167
868 1 932 521 94 236
868 2 1030 496 96 163
869 1 921 513 95 248
869 2 1024 498 101 159
870 1 914 512 100 249
870 2 1023 500 101 154
871 1 909 513 100 249
871 2 1020 494 101 154
872 1 907 511 100 249
872 2 1017 494 101 154
873 1 903 501 100 249
873 2 1013 494 101 154
874 1 906 502 95 237
874 2 1009 497 101 154
875 1 902 502 95 237
875 2 1008 494 101 154
876 1 900 504 95 237
876 2 1006 495 101 154
877 1 899 506 95 237
877 2 1003 492 101 154
878 1 896 507 95 237
878 2 999 491 101 154
879 1 895 506 95 237
879 2 998 487 101 154
880 1 894 502 95 237
880 2 993 489 101 154
881 1 892 500 95 237
881 2 992 486 101 154
882 1 891 501 95 237
882 2 989 488 101 154
883 1 890 494 100 249
883 2 982 486 101 154
884 1 891 494 95 237
884 2 979 487 101 154
885 1 893 495 95 237
885 2 978 484 101 154
886 1 894 490 95 237
886 2 975 484 101 154
887 1 895 488 95 250
887 2 971 483 101 154
888 1 899 492 91 245
888 2 969 482 101 154
889 1 900 490 91 244
889 2 964 482 101 154
890 1 899 487 95 243
890 2 958 481 101 154
891 1 902 491 95 243
891 2 952 482 101 154
892 1 904 492 95 243
892 2 950 482 101 154
893 1 902 496 95 243
893 2 948 482 101 154
894 1 904 488 95 243
894 2 949 484 101 154
895 1 905 496 93 238
895 2 944 480 102 154
896 1 908 494 103 241
896 2 947 486 87 148
897 1 923 496 103 222
897 2 935 488 93 148
898 1 944 491 103 222
898 2 940 503 93 148
899 1 980 493 103 222
899 2 975 509 96 148
900 1 1033 486 88 222
900 2 1006 501 107 155
901 1 1065 493 82 206
901 2 1034 487 116 176
