1 1 921 672 38 101
1 2 867 676 50 97
2 1 921 673 38 101
2 2 867 676 50 97
3 1 922 673 38 101
3 2 865 676 50 97
4 1 920 673 38 101
4 2 865 675 50 97
5 1 921 672 38 101
5 2 865 676 50 97
6 1 922 671 38 101
6 2 865 676 50 97
7 1 923 671 38 101
7 2 864 675 53 96
8 1 923 671 38 101
8 2 862 677 53 96
9 1 924 671 38 101
9 2 863 676 53 96
10 1 924 671 38 101
10 2 863 674 53 96
11 1 925 670 38 101
11 2 862 675 53 96
12 1 925 670 38 101
12 2 863 675 53 96
13 1 925 670 38 101
13 2 863 676 53 96
14 1 926 672 38 101
14 2 863 675 53 96
15 1 925 671 38 101
15 2 862 674 53 96
16 1 924 672 38 101
16 2 862 673 53 96
17 1 925 671 38 101
17 2 862 674 53 96
18 1 925 672 38 101
18 2 862 673 53 96
19 1 924 672 38 101
19 2 863 672 53 96
20 1 925 673 38 101
20 2 863 673 53 96
21 1 925 673 38 101
21 2 863 674 53 96
22 1 923 673 38 101
22 2 862 672 53 96
23 1 925 673 38 104
23 2 863 672 53 96
24 1 925 672 38 104
24 2 862 675 53 92
25 1 924 674 38 104
25 2 862 675 53 92
26 1 924 671 38 104
26 2 860 675 53 92
27 1 924 672 38 104
27 2 860 675 53 92
28 1 923 672 38 104
28 2 861 675 53 92
29 1 923 669 38 104
29 2 861 675 53 92
30 1 923 670 38 106
30 2 861 676 53 92
31 1 923 671 38 106
31 2 860 676 53 92
32 1 923 670 38 106
32 2 861 676 53 92
33 1 924 670 38 106
33 2 860 673 54 95
34 1 920 668 42 111
34 2 860 673 54 95
35 1 921 670 41 109
35 2 860 673 54 95
36 1 921 671 41 108
36 2 860 673 54 95
37 1 921 668 41 108
37 2 860 675 54 95
38 1 922 669 41 108
38 2 858 675 54 95
39 1 923 671 41 108
39 2 858 675 54 90
40 1 923 672 41 108
40 2 857 675 54 89
41 1 925 671 39 113
41 2 856 674 54 89
42 1 925 671 39 113
42 2 855 676 54 89
43 1 924 672 39 108
43 2 858 676 49 90
44 1 926 672 39 108
44 2 859 675 49 90
45 1 926 671 39 108
45 2 860 675 49 90
46 1 926 671 39 108
46 2 861 676 49 90
47 1 926 672 39 108
47 2 857 674 52 92
48 1 928 671 39 108
48 2 856 675 52 92
49 1 927 672 39 108
49 2 858 675 52 92
50 1 928 670 41 110
50 2 856 676 52 92
51 1 927 672 41 110
51 2 856 676 52 92
52 1 927 671 41 110
52 2 857 676 52 92
53 1 927 672 41 110
53 2 859 677 48 91
54 1 926 672 41 110
54 2 859 676 48 91
55 1 928 674 41 110
55 2 859 674 48 91
56 1 927 675 41 110
56 2 859 674 48 91
57 1 928 676 41 110
57 2 861 675 50 92
58 1 928 676 41 110
58 2 860 674 50 92
59 1 927 675 41 110
59 2 860 675 50 92
60 1 927 674 41 110
60 2 859 674 50 92
61 1 927 675 41 110
61 2 860 675 48 93
62 1 927 675 41 110
62 2 860 675 48 93
63 1 927 672 41 110
63 2 860 676 48 91
64 1 926 673 41 110
64 2 859 678 48 89
65 1 925 674 41 110
65 2 859 682 48 85
66 1 925 675 41 110
66 2 860 682 45 86
67 1 927 674 41 110
67 2 861 683 45 86
68 1 925 674 41 114
68 2 860 685 45 86
69 1 925 674 41 114
69 2 861 680 45 86
70 1 926 675 41 114
70 2 861 677 46 90
71 1 926 674 41 114
71 2 861 678 46 90
72 1 926 674 41 114
72 2 859 680 46 90
73 1 926 674 41 114
73 2 858 680 46 90
74 1 929 675 41 114
74 2 857 681 49 90
75 1 927 673 41 117
75 2 858 681 49 90
76 1 929 677 41 114
76 2 859 681 49 90
77 1 930 676 41 114
77 2 857 681 49 90
78 1 930 674 41 114
78 2 856 680 49 90
79 1 931 675 41 114
79 2 857 680 49 90
80 1 930 674 41 114
80 2 856 681 49 90
81 1 930 674 43 116
81 2 856 681 49 90
82 1 929 673 43 118
82 2 857 681 49 90
83 2 856 682 49 90
83 1 929 673 45 116
84 1 931 677 45 116
84 2 859 682 47 87
85 1 934 674 41 116
85 2 857 681 49 90
86 1 933 676 41 116
86 2 855 683 49 90
87 1 935 678 41 116
87 2 856 684 49 90
88 1 935 679 41 116
88 2 856 683 49 90
89 1 935 680 41 116
89 2 854 685 49 90
90 1 936 680 41 116
90 2 854 685 49 90
91 1 934 680 41 116
91 2 854 686 49 90
92 1 933 680 41 116
92 2 855 688 47 86
93 1 933 681 41 116
93 2 856 687 47 86
94 1 933 680 41 116
94 2 855 688 47 86
95 1 933 681 41 116
95 2 856 689 47 86
96 1 933 680 41 116
96 2 856 687 47 86
97 1 933 681 41 116
97 2 855 689 47 86
98 1 933 681 41 116
98 2 854 689 47 86
99 1 931 679 41 114
99 2 855 690 47 86
100 1 931 681 41 114
100 2 856 691 47 86
101 1 931 678 43 120
101 2 856 691 47 86
102 1 930 678 43 120
102 2 855 688 47 86
103 1 930 679 43 120
103 2 855 689 47 86
104 1 930 680 43 120
104 2 856 689 47 86
105 1 927 680 43 118
105 2 852 683 49 90
106 1 926 682 43 118
106 2 852 684 49 90
107 1 928 680 43 118
107 2 854 685 49 90
108 1 927 681 43 118
108 2 854 686 49 90
109 1 929 681 43 118
109 2 855 686 49 90
110 1 928 681 43 118
110 2 854 687 49 90
111 1 928 680 43 118
111 2 853 689 49 90
112 1 929 682 43 118
112 2 853 689 49 90
113 1 930 681 43 118
113 2 855 688 49 90
114 1 930 679 43 118
114 2 852 689 49 90
115 1 932 680 43 118
115 2 850 685 55 94
116 1 932 678 41 123
116 2 850 683 57 97
117 1 932 679 41 123
117 2 849 684 57 97
118 1 932 678 41 120
118 2 846 684 57 97
119 1 932 679 43 124
119 2 853 683 52 96
120 1 931 678 43 124
120 2 851 685 52 96
121 1 932 679 43 124
121 2 852 686 52 96
122 1 933 679 42 123
122 2 852 688 52 96
123 1 931 681 42 123
123 2 853 687 50 96
124 1 933 681 42 123
124 2 852 688 50 96
125 1 934 684 42 123
125 2 854 687 50 96
126 1 932 682 42 123
126 2 854 688 50 96
127 1 931 683 42 123
127 2 854 688 50 96
128 1 930 683 45 123
128 2 854 688 50 96
129 1 932 684 45 123
129 2 854 687 50 96
130 1 932 684 45 123
130 2 855 687 50 96
131 1 929 680 46 123
131 2 855 689 50 96
132 1 928 681 45 123
132 2 854 689 50 96
133 1 928 680 44 123
133 2 855 689 50 96
134 1 928 682 44 123
134 2 854 687 50 96
135 1 927 681 44 123
135 2 854 688 50 96
136 1 928 682 44 123
136 2 854 688 50 96
137 1 927 682 44 123
137 2 853 688 50 96
138 1 929 685 43 123
138 2 851 689 53 96
139 1 929 684 45 123
139 2 853 689 53 96
140 1 931 684 45 123
140 2 851 689 53 96
141 1 929 685 45 123
141 2 852 689 54 99
142 1 929 682 45 123
142 2 852 689 54 102
143 1 929 686 45 123
143 2 850 691 54 102
144 1 930 685 45 126
144 2 852 687 54 102
145 1 933 684 43 122
145 2 853 688 52 102
146 1 933 684 43 125
146 2 852 688 52 102
147 1 934 682 42 127
147 2 851 688 57 103
148 1 934 681 42 127
148 2 851 687 56 100
149 1 936 683 42 124
149 2 849 688 56 100
150 1 935 683 42 124
150 2 852 688 51 99
151 1 935 683 42 124
151 2 854 688 51 99
152 1 933 682 46 127
152 2 852 688 51 99
153 1 933 685 46 122
153 2 852 689 52 99
154 1 933 686 46 125
154 2 852 687 51 99
155 1 933 686 46 125
155 2 852 691 51 99
156 1 934 688 47 122
156 2 853 688 51 99
157 1 932 688 47 122
157 2 853 689 52 102
158 1 932 688 47 124
158 2 852 690 52 102
159 1 931 689 47 124
159 2 852 691 49 100
160 1 931 689 47 124
160 2 853 691 49 100
161 1 931 688 47 124
161 2 853 691 49 100
162 1 930 688 47 124
162 2 853 693 49 100
163 1 928 687 47 129
163 2 850 691 52 102
164 1 930 686 44 126
164 2 850 690 52 102
165 1 929 686 44 126
165 2 852 690 52 102
166 1 930 686 42 127
166 2 851 691 52 102
167 1 931 686 41 126
167 2 852 691 52 102
168 1 933 689 41 126
168 2 851 691 52 102
169 1 930 687 41 126
169 2 852 693 52 102
170 1 930 687 41 126
170 2 852 691 52 102
171 1 925 687 48 126
171 2 851 691 52 102
172 1 924 690 48 126
172 2 851 693 52 102
173 1 925 689 47 129
173 2 851 693 52 102
174 1 919 690 54 130
174 2 851 693 52 102
175 1 920 689 53 131
175 2 851 694 52 102
176 1 926 688 48 131
176 2 852 694 52 102
177 1 931 690 42 131
177 2 851 695 52 102
178 1 929 691 44 131
178 2 851 697 52 102
179 1 926 688 49 131
179 2 852 693 51 107
180 2 850 694 54 103
180 1 928 690 47 128
181 2 849 693 54 103
181 1 929 687 47 133
182 2 848 694 54 103
182 1 930 689 47 133
183 2 849 695 54 103
183 1 928 687 47 133
184 2 848 696 54 103
184 1 931 690 47 133
185 2 847 694 56 108
185 1 930 690 47 133
186 2 845 697 57 104
186 1 929 689 50 135
187 2 844 697 57 104
187 1 928 689 50 135
188 2 844 695 57 104
188 1 930 690 50 135
189 2 845 697 57 104
189 1 932 693 49 130
190 2 846 696 57 104
190 1 928 694 50 131
191 2 844 697 57 104
191 1 928 694 50 131
192 2 844 699 57 104
192 1 928 695 50 131
193 2 844 698 57 104
193 1 926 693 50 131
194 2 842 700 57 104
194 1 927 694 50 134
195 2 842 699 57 104
195 1 927 692 50 134
196 2 842 699 57 104
196 1 927 692 50 134
197 2 842 699 57 104
197 1 929 697 50 134
198 2 842 700 57 104
198 1 929 695 50 134
199 2 841 702 57 104
199 1 927 694 50 134
200 2 840 705 57 104
200 1 929 696 45 134
201 2 842 701 57 104
201 1 927 693 45 134
202 2 841 700 57 108
202 1 928 693 45 134
203 2 840 699 57 108
203 1 926 691 47 139
204 2 841 700 57 108
204 1 927 692 47 137
205 2 840 700 57 108
205 1 926 692 47 137
206 2 841 701 57 108
206 1 927 697 48 133
207 2 839 701 57 108
207 1 928 700 48 133
208 2 840 700 57 108
208 1 927 698 48 133
209 2 839 701 57 108
209 1 927 698 48 137
210 2 839 703 57 108
210 1 928 697 48 140
211 2 838 704 57 108
211 1 929 699 47 137
212 2 838 704 57 108
212 1 930 698 46 138
213 2 836 704 59 110
213 1 930 698 46 138
214 2 838 705 56 109
214 1 930 699 47 136
215 2 835 704 59 112
215 1 931 697 47 138
216 2 836 706 57 110
216 1 932 697 47 138
217 2 834 706 57 110
217 1 932 698 49 138
218 2 833 707 57 110
218 1 932 701 49 138
219 2 831 706 57 110
219 1 933 700 49 138
220 2 832 707 59 110
220 1 936 701 49 138
221 2 830 706 59 110
221 1 933 703 49 138
222 2 831 710 59 110
222 1 935 702 49 138
223 2 831 709 60 111
223 1 932 704 49 138
224 2 829 708 60 111
224 1 931 704 49 138
225 2 831 710 60 111
225 1 931 705 49 138
226 2 829 707 60 111
226 1 929 706 52 139
227 2 828 707 60 114
227 1 926 704 55 140
228 2 828 709 60 114
228 1 926 705 55 140
229 2 827 711 60 114
229 1 926 704 55 140
230 2 828 710 60 114
230 1 925 704 56 142
231 2 829 711 60 114
231 1 927 706 51 139
232 2 826 711 60 114
232 1 928 703 51 142
233 2 827 710 60 114
233 1 926 704 50 141
234 2 827 712 59 115
234 1 928 702 47 142
235 2 827 714 58 112
235 1 924 705 51 144
236 2 826 711 58 116
236 1 924 706 49 142
237 2 826 713 58 116
237 1 924 704 50 143
238 2 827 712 58 116
238 1 925 704 50 143
239 2 827 712 58 116
239 1 925 707 49 143
240 2 825 711 58 116
240 1 925 709 49 143
241 2 824 713 58 116
241 1 924 707 49 143
242 2 821 718 58 116
242 1 929 708 49 143
243 2 821 715 58 116
243 1 928 708 49 143
244 2 821 716 58 116
244 1 926 708 49 143
245 2 822 714 58 116
245 1 925 709 50 146
246 2 821 715 58 116
246 1 925 707 50 146
247 2 821 716 58 116
247 1 925 707 50 146
248 2 821 716 58 116
248 1 925 707 50 146
249 2 819 718 58 116
249 1 926 708 50 146
250 2 820 718 58 116
250 1 926 707 50 146
251 2 819 718 58 116
251 1 926 708 50 145
252 2 817 720 58 116
252 1 926 707 50 145
253 2 819 718 58 116
253 1 924 709 53 146
254 2 818 721 58 116
254 1 925 710 53 146
255 2 818 720 58 116
255 1 925 712 53 147
256 2 817 723 58 116
256 1 922 713 53 147
257 2 816 722 58 116
257 1 922 713 53 147
258 2 814 722 61 117
258 1 925 714 49 147
259 2 813 724 61 114
259 1 924 714 51 148
260 2 812 723 61 114
260 1 922 714 51 148
261 2 811 724 61 114
261 1 921 713 51 148
262 2 811 724 61 114
262 1 919 714 51 148
263 2 812 723 61 114
263 1 919 716 51 148
264 2 811 726 61 114
264 1 918 716 51 148
265 2 808 729 61 114
265 1 916 714 51 148
266 2 811 726 61 114
266 1 916 714 51 148
267 2 810 726 61 114
267 1 914 713 51 148
268 2 808 724 61 118
268 1 916 714 51 148
269 2 807 728 61 118
269 1 915 714 51 148
270 2 807 725 61 118
270 1 916 716 51 148
271 2 807 723 64 122
271 1 915 715 51 148
272 2 804 725 64 122
272 1 913 717 51 148
273 2 804 727 64 122
273 1 913 717 51 148
274 2 804 721 64 122
274 1 911 720 51 148
275 2 804 721 64 122
275 1 910 720 53 149
276 2 804 723 64 122
276 1 910 719 55 150
277 2 806 724 64 122
277 1 910 719 55 150
278 2 803 724 64 122
278 1 910 720 55 150
279 2 802 723 64 122
279 1 915 721 55 150
280 2 799 724 64 122
280 1 910 718 55 150
281 2 800 726 64 122
281 1 912 719 55 150
282 2 802 728 64 122
282 1 913 720 55 150
283 2 803 726 64 122
283 1 913 719 55 150
284 2 801 726 64 122
284 1 914 719 54 150
285 2 800 732 64 122
285 1 915 719 54 150
286 2 800 730 64 122
286 1 913 719 54 150
287 2 800 728 64 122
287 1 914 718 54 150
288 2 801 729 64 122
288 1 913 718 54 150
289 2 800 729 64 122
289 1 914 720 54 150
290 2 796 732 64 122
290 1 912 722 54 150
291 2 798 729 64 122
291 1 911 722 54 150
292 2 799 730 64 122
292 1 911 722 54 150
293 2 797 729 64 122
293 1 910 723 55 153
294 2 797 728 64 122
294 1 909 724 55 153
295 2 797 729 64 122
295 1 908 724 55 153
296 2 795 727 64 122
296 1 907 724 55 153
297 2 797 729 64 122
297 1 905 724 55 153
298 2 796 729 64 122
298 1 905 723 55 153
299 2 797 730 64 122
299 1 904 722 55 153
300 2 793 731 64 120
300 1 904 721 55 153
301 2 795 730 64 120
301 1 904 720 52 156
302 2 793 728 66 124
302 1 903 719 52 156
303 2 790 729 66 124
303 1 903 720 52 156
304 2 789 728 66 124
304 1 901 719 52 156
305 2 795 729 60 124
305 1 901 721 52 151
306 2 794 727 60 124
306 1 898 721 54 152
307 2 795 729 60 124
307 1 897 718 54 152
308 2 792 729 60 124
308 1 897 722 53 153
309 2 790 729 65 124
309 1 898 723 53 153
310 2 790 730 65 124
310 1 900 721 50 156
311 2 788 731 65 124
311 1 900 722 50 156
312 2 787 732 65 124
312 1 901 722 50 156
313 2 787 730 65 124
313 1 901 725 50 156
314 2 786 729 65 124
314 1 900 721 50 156
315 2 786 728 65 124
315 1 900 720 50 156
316 2 788 729 65 124
316 1 900 720 50 156
317 2 785 732 65 124
317 1 900 720 50 156
318 2 785 729 65 124
318 1 901 718 50 156
319 2 785 727 65 124
319 1 901 720 50 156
320 2 784 729 65 124
320 1 900 718 50 156
321 2 783 728 65 124
321 1 899 716 50 156
322 2 783 731 65 124
322 1 899 715 50 156
323 2 784 735 62 118
323 1 899 717 50 156
324 2 785 735 62 118
324 1 897 718 50 156
325 2 784 734 62 118
325 1 898 718 50 156
326 2 783 733 62 118
326 1 897 718 50 156
327 2 783 735 62 118
327 1 896 718 51 156
328 2 783 732 62 118
328 1 896 716 51 156
329 2 782 732 62 118
329 1 894 717 51 156
330 2 784 732 62 118
330 1 895 719 50 156
331 2 783 734 62 118
331 1 893 719 50 156
332 2 784 732 62 118
332 1 892 719 50 156
333 2 783 732 62 118
333 1 890 719 54 150
334 2 782 734 62 118
334 1 889 719 54 150
335 2 782 733 62 118
335 1 886 718 54 150
336 2 784 734 62 118
336 1 886 718 54 150
337 2 782 731 62 118
337 1 884 717 55 150
338 2 782 733 62 118
338 1 881 717 55 150
339 2 782 731 62 118
339 1 884 716 55 150
340 2 782 731 62 118
340 1 884 715 50 150
341 2 783 729 62 118
341 1 882 714 50 150
342 2 783 730 62 118
342 1 881 716 53 150
343 2 784 730 62 118
343 1 881 716 53 150
344 2 782 730 62 118
344 1 880 717 53 150
345 2 784 729 62 118
345 1 878 714 53 150
346 2 784 730 62 118
346 1 877 715 53 150
347 2 785 730 62 118
347 1 878 716 53 150
348 2 784 730 62 118
348 1 878 717 53 150
349 2 783 725 62 118
349 1 877 719 53 147
350 2 782 723 62 118
350 1 879 717 54 150
351 2 781 724 62 118
351 1 878 715 54 150
352 2 782 724 62 118
352 1 881 716 53 149
353 2 782 724 62 118
353 1 881 714 53 149
354 2 782 723 62 118
354 1 880 714 53 149
355 2 784 727 62 118
355 1 879 714 53 149
356 2 783 723 62 118
356 1 879 710 53 149
357 2 782 727 62 118
357 1 881 711 53 149
358 2 785 723 62 118
358 1 882 712 50 147
359 2 782 723 62 118
359 1 882 712 50 147
360 2 784 723 62 118
360 1 882 714 50 147
361 2 785 724 60 118
361 1 881 711 52 150
362 2 786 723 60 118
362 1 881 712 52 150
363 2 786 724 60 118
363 1 882 713 52 150
364 2 786 723 60 118
364 1 880 713 52 150
365 2 787 722 60 118
365 1 879 715 52 150
366 2 786 723 60 118
366 1 879 711 52 150
367 2 786 722 60 118
367 1 879 709 52 150
368 2 788 723 60 118
368 1 879 713 52 145
369 2 787 723 60 118
369 1 878 712 52 145
370 2 789 722 60 118
370 1 876 714 52 145
371 2 789 724 60 118
371 1 877 713 52 145
372 2 786 719 60 118
372 1 873 709 56 148
373 2 787 720 60 118
373 1 874 711 56 149
374 2 787 719 60 118
374 1 875 709 56 149
375 2 787 718 60 118
375 1 875 711 55 149
376 2 785 720 60 118
376 1 876 707 53 149
377 2 787 719 60 118
377 1 875 710 53 149
378 2 786 721 60 118
378 1 874 712 53 149
379 2 789 720 60 118
379 1 873 714 53 149
380 2 788 720 60 118
380 1 875 715 53 149
381 2 788 721 60 118
381 1 876 714 53 149
382 2 789 721 60 118
382 1 875 715 53 149
383 2 788 722 60 118
383 1 880 716 53 149
384 2 788 723 64 118
384 1 878 714 54 149
385 2 788 722 64 118
385 1 878 713 54 151
386 2 788 720 64 118
386 1 881 715 54 151
387 2 788 723 64 118
387 1 879 715 54 151
388 2 789 723 64 118
388 1 881 712 54 151
389 2 787 723 64 118
389 1 882 713 54 151
390 2 790 727 64 118
390 1 882 712 54 151
391 2 790 725 64 118
391 1 885 714 54 151
392 2 788 725 64 118
392 1 887 717 54 151
393 2 788 725 66 119
393 1 886 712 53 151
394 2 788 726 66 119
394 1 885 715 53 151
395 2 789 728 66 119
395 1 886 716 53 151
396 2 789 729 66 119
396 1 886 718 53 151
397 2 789 729 66 119
397 1 886 714 54 153
398 2 786 730 66 119
398 1 887 716 54 153
399 2 788 731 66 119
399 1 887 717 54 153
400 2 789 733 66 119
400 1 887 718 54 153
401 2 789 731 66 119
401 1 888 716 54 153
402 2 789 734 66 119
402 1 887 718 54 153
403 2 789 734 66 119
403 1 888 719 54 153
404 2 788 734 66 119
404 1 886 719 54 153
405 2 789 735 66 119
405 1 885 716 57 161
406 2 789 736 66 119
406 1 885 717 57 161
407 2 789 738 66 119
407 1 886 720 54 153
408 2 789 738 66 119
408 1 886 717 54 153
409 2 788 738 66 119
409 1 887 720 54 153
410 2 788 739 66 119
410 1 884 724 54 153
411 2 788 739 66 119
411 1 884 721 54 153
412 2 789 737 66 119
412 1 883 723 54 153
413 2 788 737 66 119
413 1 883 724 54 153
414 2 789 739 66 122
414 1 884 724 54 157
415 2 788 737 66 123
415 1 884 725 54 157
416 2 787 738 66 123
416 1 884 727 54 153
417 1 887 725 50 157
417 2 789 739 64 122
418 1 888 724 50 157
418 2 788 737 65 127
419 1 888 723 50 163
419 2 787 739 65 127
420 1 885 724 55 165
420 2 787 735 66 131
421 1 889 726 52 160
421 2 785 736 66 131
422 1 891 725 52 160
422 2 786 736 66 131
423 1 893 727 52 160
423 2 786 741 66 131
424 1 891 728 55 159
424 2 786 739 66 131
425 1 891 725 54 161
425 2 785 739 66 131
426 1 892 726 56 162
426 2 787 740 66 131
427 1 893 726 56 163
427 2 784 742 66 131
428 1 893 726 56 163
428 2 785 742 66 131
429 1 894 726 56 163
429 2 785 742 66 131
430 1 893 729 56 163
430 2 786 740 66 131
431 1 894 729 56 163
431 2 783 740 66 131
432 1 893 728 57 166
432 2 782 741 67 137
433 1 891 730 57 166
433 2 782 745 67 137
434 1 892 732 57 166
434 2 781 742 67 137
435 1 893 732 57 166
435 2 781 746 67 137
436 1 891 732 57 166
436 2 781 743 67 137
437 1 889 732 57 166
437 2 782 747 67 137
438 1 888 733 57 166
438 2 781 745 67 137
439 1 889 734 57 166
439 2 779 744 67 137
440 1 887 734 57 166
440 2 780 746 67 137
441 1 886 733 57 166
441 2 780 748 67 137
442 1 885 733 57 166
442 2 779 749 67 137
443 1 885 733 59 166
443 2 780 750 67 137
444 1 886 734 59 166
444 2 779 748 67 137
445 1 884 735 59 166
445 2 777 750 67 137
446 1 885 734 58 171
446 2 778 751 67 137
447 1 883 735 59 172
447 2 777 752 67 137
448 1 885 738 59 172
448 2 777 751 67 137
449 1 884 737 59 172
449 2 775 751 67 137
450 1 886 739 59 172
450 2 775 754 67 137
451 1 883 739 59 172
451 2 776 754 67 137
452 1 883 740 59 172
452 2 775 754 67 137
453 1 884 740 59 172
453 2 775 752 67 137
454 1 885 740 59 172
454 2 774 755 67 137
455 1 885 741 59 172
455 2 774 757 67 137
456 1 886 741 59 172
456 2 773 757 67 137
457 1 885 741 59 172
457 2 773 755 68 140
458 1 886 740 59 172
458 2 772 757 68 140
459 1 888 741 59 172
459 2 771 758 68 140
460 1 888 742 59 172
460 2 772 756 68 140
461 1 887 744 59 172
461 2 772 756 67 140
462 1 886 743 59 172
462 2 771 757 67 140
463 1 887 744 59 172
463 2 770 760 67 140
464 1 885 743 59 172
464 2 770 759 67 140
465 1 886 744 59 172
465 2 768 759 67 140
466 1 884 747 59 172
466 2 770 761 67 140
467 1 885 748 59 172
467 2 769 760 67 140
468 1 884 748 59 172
468 2 769 761 67 140
469 1 882 746 59 180
469 2 767 760 69 142
470 1 882 746 59 180
470 2 767 761 69 142
471 1 880 749 59 180
471 2 766 760 69 142
472 1 881 749 59 180
472 2 766 762 69 142
473 1 880 747 58 180
473 2 767 764 69 142
474 1 878 748 58 180
474 2 766 765 69 142
475 1 880 748 58 180
475 2 766 766 69 142
476 1 878 748 58 180
476 2 765 765 69 142
477 1 879 750 58 180
477 2 765 764 69 142
478 1 874 750 63 175
478 2 761 768 73 141
479 1 872 752 63 175
479 2 761 765 74 142
480 1 870 752 64 178
480 2 761 766 74 142
481 1 871 753 64 178
481 2 761 766 74 142
482 1 868 753 64 178
482 2 761 768 74 142
483 1 872 754 64 178
483 2 761 768 74 142
484 1 871 754 64 178
484 2 760 766 74 147
485 1 870 755 64 180
485 2 760 766 74 147
486 1 871 756 64 180
486 2 761 768 74 147
487 1 874 757 64 180
487 2 760 769 74 147
488 1 875 755 61 183
488 2 759 767 74 147
489 1 874 755 61 183
489 2 760 767 74 147
490 1 877 755 61 183
490 2 761 768 74 147
491 1 877 755 61 183
491 2 762 771 74 147
492 1 878 753 61 183
492 2 760 771 74 147
493 1 878 755 61 183
493 2 761 772 74 147
494 1 879 757 61 183
494 2 760 773 74 147
495 1 879 760 61 183
495 2 761 771 74 147
496 1 878 762 61 183
496 2 759 772 74 147
497 1 879 758 61 183
497 2 759 774 74 147
498 1 879 760 61 183
498 2 758 775 74 147
499 1 878 760 61 183
499 2 759 776 74 147
500 1 878 761 61 183
500 2 760 776 74 147
501 1 878 762 61 183
501 2 757 777 74 147
502 1 876 763 61 183
502 2 758 779 74 147
503 1 877 764 61 183
503 2 759 778 74 147
504 1 873 762 64 191
504 2 757 778 74 147
505 1 874 764 64 187
505 2 756 778 74 151
506 1 872 762 64 191
506 2 756 778 74 151
507 1 872 761 64 191
507 2 759 779 74 151
508 1 873 764 64 191
508 2 757 780 74 151
509 1 871 766 64 191
509 2 760 778 74 151
510 1 871 764 64 191
510 2 758 783 74 151
511 1 870 765 64 191
511 2 760 785 74 151
512 1 868 761 67 201
512 2 760 782 74 151
513 1 867 764 67 201
513 2 759 783 74 151
514 1 867 763 67 201
514 2 760 785 74 151
515 1 866 764 67 201
515 2 758 788 74 151
516 1 863 768 67 195
516 2 759 787 74 151
517 1 862 767 67 195
517 2 753 784 81 159
518 1 862 771 67 191
518 2 756 785 81 159
519 1 863 769 67 195
519 2 755 786 81 159
520 1 862 769 67 195
520 2 754 788 81 159
521 1 864 771 67 195
521 2 753 788 81 159
522 1 864 773 67 195
522 2 755 789 81 159
523 1 865 773 67 195
523 2 755 790 81 159
524 1 866 774 67 195
524 2 754 787 81 159
525 1 865 773 67 195
525 2 755 792 81 159
526 1 867 773 67 195
526 2 755 792 81 159
527 1 867 771 67 195
527 2 754 792 81 159
528 1 868 771 67 195
528 2 755 790 81 159
529 1 868 769 67 195
529 2 757 794 81 159
530 1 868 771 67 195
530 2 757 792 80 159
531 1 867 772 67 195
531 2 756 793 80 159
532 1 868 773 67 195
532 2 757 793 80 159
533 1 868 774 67 195
533 2 755 793 80 159
534 1 869 777 67 195
534 2 757 796 80 159
535 1 868 779 67 195
535 2 756 796 80 159
536 1 868 776 67 195
536 2 755 796 80 159
537 1 867 778 67 195
537 2 755 797 80 159
538 1 867 780 67 195
538 2 755 796 80 159
539 1 864 780 67 198
539 2 755 795 80 159
540 1 866 778 67 202
540 2 754 799 80 159
541 1 864 779 67 202
541 2 755 798 80 159
542 1 865 782 67 202
542 2 754 799 80 159
543 1 860 780 67 198
543 2 753 799 80 159
544 1 862 782 67 198
544 2 754 799 80 159
545 1 861 782 67 195
545 2 752 801 80 159
546 1 860 782 67 195
546 2 751 802 80 159
547 1 858 781 67 195
547 2 753 802 80 159
548 1 858 783 67 195
548 2 753 803 80 159
549 1 859 782 67 195
549 2 754 802 80 159
550 1 859 783 67 195
550 2 753 803 80 159
551 1 858 784 67 195
551 2 754 803 80 159
552 1 857 785 68 198
552 2 752 804 80 159
553 1 857 785 68 198
553 2 751 803 80 159
554 1 856 789 68 198
554 2 749 805 80 159
555 1 857 787 68 198
555 2 748 805 80 159
556 1 858 788 68 198
556 2 751 808 80 159
557 1 859 789 68 198
557 2 752 806 80 159
558 1 858 790 68 198
558 2 749 807 80 159
559 1 859 787 68 198
559 2 752 807 80 159
560 1 859 787 68 198
560 2 751 808 80 159
561 1 860 787 68 198
561 2 751 809 80 159
562 1 865 784 68 198
562 2 751 808 80 159
563 1 862 785 68 198
563 2 750 808 80 159
564 1 863 790 68 198
564 2 748 808 80 159
565 1 860 785 68 198
565 2 748 809 80 159
566 1 863 787 68 198
566 2 746 810 80 159
567 1 864 789 68 198
567 2 748 809 80 159
568 1 863 787 68 202
568 2 748 807 80 167
569 1 863 788 68 202
569 2 750 807 78 168
570 1 863 787 68 202
570 2 748 805 78 168
571 1 862 788 68 202
571 2 746 807 78 168
572 1 863 788 68 202
572 2 747 807 78 168
573 1 863 789 68 202
573 2 747 806 78 168
574 1 862 789 68 202
574 2 747 807 78 168
575 1 860 790 68 202
575 2 744 807 78 168
576 1 859 793 68 202
576 2 746 805 78 168
577 1 859 792 68 202
577 2 746 806 78 168
578 1 860 787 68 202
578 2 745 802 78 168
579 1 857 790 68 202
579 2 744 806 78 168
580 1 857 791 68 202
580 2 745 806 78 168
581 1 853 790 72 194
581 2 745 808 78 168
582 1 851 790 72 194
582 2 744 810 78 164
583 1 852 795 72 194
583 2 744 810 78 164
584 1 850 791 72 194
584 2 743 807 78 164
585 1 851 791 72 200
585 2 743 807 78 164
586 1 848 791 72 200
586 2 742 809 78 164
587 1 851 795 72 200
587 2 741 807 78 164
588 1 849 792 72 200
588 2 740 810 80 164
589 1 845 793 72 200
589 2 740 810 80 164
590 1 850 792 72 200
590 2 738 810 80 164
591 1 849 792 72 200
591 2 738 811 80 164
592 1 850 794 72 200
592 2 738 809 80 164
593 1 851 792 72 200
593 2 737 810 80 164
594 1 854 790 72 200
594 2 737 808 80 164
595 1 850 791 72 200
595 2 737 810 80 164
596 1 850 790 72 200
596 2 736 810 80 164
597 1 853 789 72 200
597 2 737 809 80 164
598 1 853 787 72 200
598 2 736 807 80 164
599 1 852 789 72 200
599 2 735 810 80 164
600 1 854 788 72 200
600 2 734 807 80 168
601 1 852 788 70 198
601 2 731 806 80 168
602 1 852 791 70 198
602 2 735 805 76 168
603 1 852 793 70 198
603 2 735 807 76 168
604 1 850 796 70 198
604 2 734 804 76 168
605 1 851 797 70 198
605 2 733 806 76 168
606 1 849 793 70 198
606 2 732 805 76 168
607 1 848 793 70 198
607 2 733 806 76 168
608 1 845 794 70 198
608 2 732 807 76 168
609 1 846 792 70 198
609 2 731 806 76 168
610 1 845 795 70 198
610 2 731 804 76 168
611 1 844 790 70 198
611 2 731 805 76 168
612 1 842 790 70 198
612 2 730 806 76 168
613 1 840 789 70 198
613 2 729 807 76 168
614 1 840 785 70 198
614 2 729 805 76 168
615 1 841 787 70 198
615 2 730 805 76 168
616 1 837 789 70 198
616 2 730 805 76 168
617 1 836 786 70 198
617 2 727 804 78 167
618 1 835 790 68 195
618 2 725 806 82 166
619 1 835 787 68 200
619 2 721 807 82 164
620 1 835 790 68 200
620 2 722 806 82 164
621 1 835 789 68 200
621 2 722 807 82 164
622 1 835 790 68 200
622 2 722 806 82 164
623 1 834 790 68 200
623 2 723 807 82 164
624 1 835 793 68 200
624 2 721 805 82 164
625 1 835 789 68 200
625 2 722 813 82 164
626 1 832 790 73 200
626 2 720 806 82 164
627 1 835 790 73 200
627 2 721 806 82 164
628 1 838 792 73 200
628 2 723 807 82 164
629 1 835 789 73 200
629 2 724 809 82 164
630 2 722 804 81 170
630 1 836 784 67 200
631 2 723 806 81 165
631 1 839 783 67 200
632 2 723 805 81 163
632 1 839 784 67 200
633 2 721 805 81 163
633 1 840 785 67 194
634 2 722 806 81 163
634 1 840 787 67 194
635 2 721 801 82 167
635 1 839 786 68 191
636 2 720 804 82 163
636 1 838 787 68 191
637 2 722 804 82 163
637 1 838 787 69 193
638 2 723 803 79 164
638 1 836 785 68 194
639 2 723 802 79 164
639 1 838 786 67 196
640 2 724 800 79 164
640 1 834 784 67 196
641 2 721 802 79 161
641 1 836 785 67 196
642 2 722 803 79 157
642 1 834 786 67 196
643 2 721 801 80 162
643 1 831 786 67 196
644 2 723 801 77 158
644 1 834 788 61 191
645 2 721 804 79 161
645 1 831 786 66 193
646 2 724 801 76 160
646 1 828 785 65 194
647 2 726 802 72 158
647 1 827 783 66 191
648 2 724 799 75 160
648 1 826 786 64 186
649 2 727 801 75 160
649 1 825 785 64 186
650 2 728 799 72 160
650 1 823 781 65 188
651 2 727 798 72 160
651 1 821 782 65 188
652 2 728 799 72 160
652 1 821 781 65 188
653 2 729 797 72 160
653 1 823 784 65 188
654 2 730 795 72 160
654 1 821 783 65 188
655 2 727 793 72 160
655 1 819 783 65 188
656 2 730 795 72 160
656 1 817 783 67 189
657 2 728 796 72 160
657 1 818 782 67 189
658 2 728 797 72 160
658 1 818 782 67 189
659 2 729 794 72 160
659 1 821 785 67 189
660 2 731 793 72 160
660 1 820 778 66 193
661 2 730 794 72 160
661 1 823 781 66 193
662 2 731 795 72 160
662 1 820 778 66 193
663 2 731 794 73 161
663 1 821 775 66 193
664 2 729 791 76 164
664 1 824 777 64 188
665 2 728 792 76 159
665 1 823 774 64 188
666 2 730 791 76 159
666 1 825 775 66 188
667 2 731 791 76 159
667 1 824 775 66 187
668 2 733 789 74 149
668 1 822 774 68 186
669 2 738 791 74 149
669 1 824 770 68 186
670 2 736 787 74 149
670 1 825 773 68 186
671 1 825 771 65 192
671 2 732 784 79 153
672 1 825 770 65 192
672 2 733 787 79 153
673 1 827 769 65 192
673 2 737 785 79 153
674 1 825 770 65 189
674 2 735 784 79 153
675 1 827 769 64 187
675 2 739 785 74 151
676 1 824 769 60 182
676 2 740 784 72 150
677 1 825 767 62 183
677 2 739 785 72 150
678 1 825 768 62 183
678 2 738 783 72 150
679 1 825 769 62 183
679 2 739 782 72 150
680 1 826 768 62 183
680 2 738 781 72 150
681 1 825 767 63 178
681 2 740 782 73 149
682 1 826 770 63 178
682 2 741 785 73 149
683 1 823 763 63 178
683 2 738 780 73 149
684 1 825 761 63 178
684 2 737 779 73 149
685 1 825 760 63 178
685 2 738 779 73 149
686 1 827 762 61 177
686 2 741 778 71 149
687 1 829 762 61 174
687 2 738 777 71 149
688 1 829 764 61 172
688 2 740 778 68 145
689 1 829 762 63 174
689 2 740 780 68 145
690 1 829 764 63 174
690 2 742 777 68 145
691 1 830 763 63 174
691 2 742 777 68 145
692 1 831 764 63 174
692 2 741 777 68 145
693 1 832 761 61 174
693 2 741 776 68 142
694 1 832 759 61 174
694 2 743 776 68 142
695 1 836 760 61 174
695 2 742 776 68 141
696 2 740 775 69 144
696 1 835 759 59 173
697 2 740 772 69 144
697 1 839 757 59 173
698 2 738 771 69 144
698 1 839 756 59 173
699 2 740 771 69 144
699 1 842 761 56 165
700 2 740 771 69 144
700 1 840 758 59 173
701 2 742 771 69 144
701 1 841 757 59 173
702 2 743 771 69 144
702 1 837 753 59 173
703 2 740 770 69 144
703 1 840 753 59 173
704 2 740 771 69 144
704 1 841 754 59 173
705 2 740 769 69 144
705 1 840 754 59 173
706 2 741 770 69 144
706 1 840 754 59 173
707 2 740 769 69 144
707 1 840 753 59 173
708 2 741 768 69 144
708 1 839 756 59 173
709 2 741 766 69 144
709 1 838 755 63 167
710 2 742 766 69 144
710 1 837 752 63 167
711 2 741 766 69 144
711 1 837 752 63 167
712 2 738 766 70 144
712 1 836 753 63 167
713 2 739 766 68 140
713 1 831 750 64 168
714 2 743 766 68 140
714 1 833 750 64 168
715 2 744 763 68 140
715 1 833 750 64 168
716 2 743 764 68 140
716 1 831 749 64 168
717 2 743 766 68 140
717 1 832 747 64 168
718 2 743 765 68 140
718 1 834 747 64 168
719 2 742 763 68 140
719 1 833 748 57 167
720 2 742 761 68 140
720 1 831 748 60 168
721 2 747 762 61 140
721 1 833 747 60 168
722 2 747 762 61 140
722 1 833 750 57 168
723 2 744 763 63 136
723 1 835 750 52 164
724 2 745 763 60 136
724 1 834 749 54 165
725 2 744 763 64 140
725 1 833 748 56 167
726 2 743 760 64 142
726 1 835 748 56 167
727 2 745 760 64 142
727 1 837 747 56 167
728 2 744 759 64 138
728 1 834 745 56 160
729 2 744 758 64 138
729 1 836 745 56 160
730 2 744 760 64 138
730 1 838 745 56 160
731 2 745 760 64 134
731 1 838 744 56 160
732 2 745 761 64 134
732 1 837 743 56 160
733 2 745 761 64 134
733 1 836 742 56 160
734 2 745 754 64 134
734 1 837 740 56 160
735 2 746 757 64 134
735 1 836 739 56 160
736 2 745 755 64 134
736 1 837 741 56 160
737 2 743 755 64 134
737 1 835 740 56 160
738 2 741 757 64 134
738 1 835 739 56 160
739 2 742 751 64 134
739 1 834 740 56 160
740 2 741 754 64 129
740 1 834 739 56 160
741 2 742 754 64 126
741 1 832 739 56 160
742 2 741 754 64 127
742 1 831 740 56 160
743 2 742 752 64 127
743 1 831 739 56 160
744 2 741 754 64 127
744 1 829 739 56 160
745 2 740 752 64 127
745 1 827 738 56 160
746 2 740 749 64 127
746 1 826 739 56 160
747 2 739 755 64 127
747 1 826 738 56 160
748 2 741 751 64 127
748 1 823 737 56 160
749 2 741 751 64 127
749 1 821 735 56 160
750 2 740 750 64 127
750 1 822 735 56 160
751 2 740 748 64 121
751 1 822 733 52 156
752 2 737 746 64 127
752 1 822 733 52 156
753 2 740 745 64 127
753 1 822 735 52 156
754 2 736 747 64 127
754 1 822 734 52 156
755 2 736 746 64 127
755 1 816 732 54 156
756 2 737 748 64 127
756 1 817 733 54 156
757 2 737 748 64 127
757 1 817 734 54 156
758 2 737 745 64 127
758 1 819 735 54 156
759 2 735 740 64 127
759 1 817 733 54 156
760 2 736 742 64 127
760 1 816 729 54 156
761 2 734 743 64 127
761 1 818 727 54 156
762 2 733 740 64 127
762 1 819 728 54 156
763 2 734 742 64 127
763 1 818 730 54 156
764 2 734 739 64 127
764 1 819 727 54 156
765 2 735 740 64 127
765 1 820 725 54 156
766 2 733 740 64 127
766 1 820 728 54 156
767 2 734 742 64 127
767 1 820 723 54 156
768 2 733 740 64 127
768 1 820 726 54 156
769 2 733 738 64 127
769 1 820 723 54 156
770 2 734 737 64 127
770 1 819 724 54 156
771 2 734 735 64 127
771 1 818 723 54 156
772 2 733 735 61 126
772 1 817 718 54 156
773 2 734 738 61 126
773 1 817 720 54 156
774 2 736 732 61 126
774 1 817 719 54 156
775 2 736 734 61 126
775 1 818 719 54 156
776 2 736 733 61 123
776 1 816 722 54 153
777 2 735 734 61 123
777 1 815 721 54 153
778 2 735 733 61 123
778 1 815 723 54 153
779 2 735 732 61 123
779 1 815 722 54 153
780 2 734 735 61 123
780 1 812 720 54 153
781 2 732 736 61 123
781 1 811 718 54 153
782 2 734 731 61 123
782 1 813 720 54 153
783 2 734 734 61 123
783 1 812 715 54 153
784 2 735 731 61 123
784 1 812 716 54 153
785 2 734 728 61 123
785 1 811 715 54 153
786 2 733 729 61 123
786 1 811 716 54 153
787 2 735 729 61 123
787 1 810 717 52 145
788 2 733 727 61 123
788 1 809 716 52 145
789 2 733 725 61 123
789 1 809 713 52 145
790 2 734 725 61 123
790 1 808 714 52 145
791 2 733 726 60 120
791 1 808 714 52 145
792 2 733 727 60 120
792 1 809 715 52 145
793 2 732 724 60 120
793 1 810 718 52 145
794 2 733 723 60 120
794 1 810 717 52 145
795 2 732 725 60 120
795 1 810 715 52 145
796 2 733 724 60 120
796 1 813 717 52 145
797 2 731 726 60 120
797 1 813 715 52 145
798 2 732 725 60 120
798 1 815 716 52 145
799 2 733 721 60 120
799 1 815 715 52 145
800 2 732 721 60 120
800 1 816 714 52 145
801 2 733 718 60 120
801 1 816 711 52 145
802 2 734 721 60 120
802 1 816 712 52 145
803 2 732 725 60 120
803 1 816 707 52 141
804 2 734 719 60 120
804 1 816 709 52 141
805 2 733 721 60 120
805 1 816 710 52 141
806 2 735 721 60 120
806 1 816 710 52 141
807 2 734 720 60 120
807 1 816 708 52 141
808 2 735 717 60 120
808 1 817 709 52 141
809 2 735 716 60 120
809 1 817 710 52 141
810 2 736 714 60 120
810 1 816 710 52 141
811 2 736 715 60 120
811 1 817 712 52 141
812 2 737 712 60 120
812 1 816 711 52 141
813 2 738 714 60 120
813 1 815 709 52 141
814 2 736 716 60 114
814 1 816 708 52 141
815 2 735 720 60 111
815 1 815 708 52 141
816 2 734 724 60 111
816 1 815 707 52 138
817 2 735 724 60 105
817 1 815 707 52 138
818 2 735 716 60 108
818 1 816 706 52 138
819 2 733 717 60 108
819 1 813 706 52 138
820 2 735 715 60 109
820 1 812 704 52 136
821 2 734 715 60 109
821 1 815 703 52 136
822 2 734 713 60 109
822 1 817 704 52 136
823 2 734 711 60 109
823 1 817 703 52 136
824 2 734 714 60 109
824 1 816 701 52 136
825 2 735 711 60 109
825 1 817 700 49 137
826 2 736 712 60 109
826 1 815 699 51 138
827 2 734 709 60 109
827 1 816 699 51 138
828 2 732 711 60 109
828 1 820 700 53 138
829 2 733 711 60 109
829 1 820 702 53 138
830 2 734 713 60 109
830 1 820 697 53 138
831 2 732 708 60 109
831 1 821 699 56 145
832 2 732 710 60 109
832 1 820 699 52 142
833 2 732 710 60 109
833 1 819 697 54 141
834 2 730 709 60 109
834 1 822 698 54 141
835 2 730 710 60 109
835 1 823 697 54 141
836 2 729 712 60 109
836 1 824 698 54 141
837 2 731 712 60 109
837 1 821 694 57 138
838 2 731 709 60 109
838 1 824 694 50 136
839 2 731 709 60 109
839 1 824 695 52 143
840 1 823 695 54 129
840 2 734 702 57 115
841 1 821 696 54 129
841 2 736 707 57 115
842 1 824 700 54 129
842 2 735 709 57 115
843 1 823 701 54 129
843 2 736 709 57 115
844 1 826 700 50 129
844 2 735 709 57 115
845 1 823 702 50 129
845 2 735 710 57 115
846 1 824 698 50 129
846 2 733 708 57 115
847 1 821 700 50 129
847 2 735 711 57 115
848 1 822 702 50 129
848 2 732 712 57 115
849 1 821 704 50 129
849 2 731 712 57 115
850 1 823 700 50 129
850 2 732 710 57 115
851 1 820 703 50 129
851 2 733 713 57 115
852 1 820 698 53 129
852 2 731 711 57 115
853 1 818 697 53 129
853 2 731 711 57 115
854 1 822 699 53 129
854 2 733 710 57 104
855 1 821 700 53 129
855 2 731 708 57 104
856 1 819 699 53 129
856 2 729 709 57 104
857 1 818 702 53 129
857 2 726 710 57 104
858 1 822 698 52 129
858 2 727 711 57 104
859 1 823 704 52 129
859 2 727 713 57 104
860 1 822 703 52 129
860 2 726 714 57 104
861 1 823 704 52 129
861 2 726 714 57 104
862 1 823 707 52 129
862 2 726 716 57 104
863 1 823 704 52 129
863 2 725 716 57 104
864 1 826 715 52 129
864 2 729 711 57 104
865 1 825 705 52 129
865 2 725 712 57 104
866 1 825 705 52 129
866 2 724 713 57 104
867 1 829 707 52 129
867 2 726 714 57 104
868 1 825 704 52 129
868 2 727 714 57 104
869 1 828 708 52 129
869 2 726 715 57 104
870 1 829 704 52 129
870 2 725 717 57 104
871 1 828 706 52 129
871 2 726 717 57 104
872 1 826 709 52 129
872 2 724 719 57 104
873 1 825 705 52 129
873 2 725 719 57 104
874 1 828 705 50 123
874 2 726 720 57 104
875 1 824 705 53 125
875 2 726 721 57 104
876 1 825 709 53 125
876 2 730 716 57 104
877 1 821 710 53 125
877 2 731 717 57 104
878 1 819 711 56 125
878 2 730 718 57 104
879 1 823 712 56 125
879 2 729 719 57 104
880 1 820 711 56 119
880 2 731 720 56 104
881 1 817 714 56 119
881 2 730 721 56 104
882 1 820 713 52 120
882 2 730 721 56 104
883 1 819 713 52 120
883 2 731 722 56 104
884 1 820 713 47 120
884 2 731 722 56 104
885 1 818 713 47 120
885 2 731 720 56 104
886 1 816 714 49 120
886 2 732 721 56 104
887 1 815 712 51 120
887 2 733 722 56 104
888 1 809 711 51 120
888 2 735 720 56 104
889 1 806 714 51 120
889 2 734 720 56 104
890 1 804 713 51 120
890 2 733 721 56 104
891 1 800 715 51 120
891 2 733 722 56 104
892 1 802 718 51 120
892 2 733 722 56 104
893 1 800 716 51 120
893 2 733 722 56 104
894 1 799 717 51 120
894 2 734 724 56 104
895 1 793 715 51 120
895 2 734 725 56 104
896 1 790 719 51 120
896 2 734 726 56 104
897 1 788 722 51 120
897 2 735 727 56 104
898 1 785 719 51 120
898 2 735 727 56 104
899 1 777 719 51 120
899 2 735 727 56 104
900 1 776 727 51 120
900 2 735 728 56 104
901 1 775 728 51 120
901 2 735 728 56 104
