1554,0,0,50,28,105,1,1,1
1555,0,1,49,28,105,1,1,1
1556,0,2,49,29,105,1,1,1
1557,0,4,49,28,104,1,1,1
1558,0,5,49,29,104,1,1,1
1559,0,7,49,28,104,1,1,1
1560,0,8,49,29,103,1,1,1
1561,0,10,49,29,103,1,1,1
1562,0,11,49,29,102,1,1,1
1563,0,12,49,30,102,1,1,1
1564,0,14,49,29,102,1,1,1
1565,0,15,49,30,101,1,1,1
1566,0,17,49,29,101,1,1,1
1567,0,18,49,30,100,1,1,1
1568,0,20,49,30,100,1,1,1
1569,0,21,49,30,100,1,1,1
1570,0,22,49,31,99,1,1,1
1571,0,24,49,30,99,1,1,1
1572,0,25,49,31,98,1,1,1
1573,0,27,49,30,98,1,1,1
1574,0,28,49,31,98,1,1,1
1575,0,30,49,31,97,1,1,1
1576,0,31,49,31,97,1,1,1
1577,0,32,49,32,96,1,1,1
1578,0,34,49,31,96,1,1,1
1579,0,35,49,32,96,1,1,1
1580,0,37,49,31,95,1,1,1
1581,0,38,49,32,95,1,1,1
1582,0,40,49,32,95,1,1,1
1583,0,41,49,32,94,1,1,1
1584,0,42,49,32,94,1,1,1
1585,0,43,49,32,94,1,1,1
1586,0,44,49,32,93,1,1,1
1587,0,45,49,32,93,1,1,1
1588,0,46,49,32,93,1,1,1
1589,0,47,49,32,92,1,1,1
1590,0,48,49,32,92,1,1,1
1591,0,50,49,31,92,1,1,1
1592,0,51,49,31,91,1,1,1
1593,0,52,49,31,91,1,1,1
1594,0,53,49,31,91,1,1,1
1595,0,54,49,31,90,1,1,1
1596,0,55,49,31,90,1,1,1
1597,0,56,49,31,90,1,1,1
1598,0,57,49,31,89,1,1,1
1599,0,59,49,30,89,1,1,1
1600,0,60,49,30,89,1,1,1
1601,0,61,49,30,88,1,1,1
1602,0,62,49,30,88,1,1,1
1603,0,63,49,31,88,1,1,1
1604,0,64,49,31,87,1,1,1
1605,0,65,49,31,87,1,1,1
1606,0,66,49,31,87,1,1,1
1607,0,67,49,31,86,1,1,1
1608,0,69,49,30,86,1,1,1
1609,0,70,49,30,86,1,1,1
1610,0,71,49,30,85,1,1,1
1611,0,72,49,30,85,1,1,1
1612,0,73,49,30,85,1,1,1
1613,0,74,49,30,84,1,1,1
1614,0,75,49,30,84,1,1,1
1615,0,76,49,30,84,1,1,1
1616,0,78,49,29,83,1,1,1
1617,0,79,49,29,83,1,1,1
1618,0,80,49,29,83,1,1,1
1619,0,81,49,29,82,1,1,1
1620,0,82,49,29,82,1,1,1
1621,0,83,49,29,82,1,1,1
1622,0,84,49,29,81,1,1,1
1623,0,85,49,29,81,1,1,1
1624,0,87,49,29,81,1,1,1
1625,0,87,48,29,81,1,1,1
1626,0,88,48,29,81,1,1,1
1627,0,89,48,29,81,1,1,1
1628,0,90,48,28,81,1,1,1
1629,0,91,48,28,80,1,1,1
1630,0,91,48,29,80,1,1,1
1631,0,92,48,28,80,1,1,1
1632,0,93,48,28,80,1,1,1
1633,0,94,48,28,80,1,1,1
1634,0,95,48,28,79,1,1,1
1635,0,95,48,28,79,1,1,1
1636,0,96,48,28,79,1,1,1
1637,0,97,48,28,79,1,1,1
1638,0,98,48,27,78,1,1,1
1639,0,99,48,27,78,1,1,1
1640,0,99,48,28,78,1,1,1
1641,0,100,48,28,78,1,1,1
1642,0,101,48,27,78,1,1,1
1643,0,102,48,27,77,1,1,1
1644,0,103,48,27,77,1,1,1
1645,0,103,47,27,78,1,1,1
1646,0,104,47,27,78,1,1,1
1647,0,105,47,27,77,1,1,1
1648,0,106,47,26,77,1,1,1
1649,0,107,47,26,77,1,1,1
1650,0,107,47,27,77,1,1,1
1651,0,108,47,27,77,1,1,1
1652,0,109,47,26,76,1,1,1
1653,0,110,47,26,76,1,1,1
1654,0,111,47,26,76,1,1,1
1655,0,111,47,26,76,1,1,1
1656,0,112,47,26,75,1,1,1
1657,0,113,47,26,75,1,1,1
1658,0,114,47,26,75,1,1,1
1659,0,115,47,25,75,1,1,1
1660,0,115,47,26,75,1,1,1
1661,0,116,47,26,74,1,1,1
1662,0,117,47,25,74,1,1,1
1663,0,118,47,25,74,1,1,1
1664,0,119,47,25,74,1,1,1
1665,0,120,47,25,74,1,1,1
1666,0,120,46,25,74,1,1,1
1667,0,121,46,24,74,1,1,1
1668,0,121,46,25,74,1,1,1
1669,0,122,46,24,74,1,1,1
1670,0,122,46,25,73,1,1,1
1671,0,123,46,24,73,1,1,1
1672,0,123,46,24,73,1,1,1
1673,0,124,46,24,73,1,1,1
1674,0,124,46,24,72,1,1,1
1675,0,125,46,24,72,1,1,1
1676,0,125,46,24,72,1,1,1
1677,0,126,46,24,72,1,1,1
1678,0,126,46,24,71,1,1,1
1679,0,127,46,23,71,1,1,1
1680,0,127,46,24,71,1,1,1
1681,0,128,46,23,71,1,1,1
1682,0,128,46,24,70,1,1,1
1683,0,129,46,23,70,1,1,1
1684,0,129,46,23,70,1,1,1
1685,0,130,46,23,70,1,1,1
1686,0,130,46,23,69,1,1,1
1687,0,131,46,23,69,1,1,1
1688,0,131,46,23,69,1,1,1
1689,0,132,46,23,69,1,1,1
1690,0,132,46,23,68,1,1,1
1691,0,133,46,22,68,1,1,1
1692,0,133,46,23,68,1,1,1
1693,0,134,46,22,68,1,1,1
1694,0,134,46,23,67,1,1,1
1695,0,135,46,22,67,1,1,1
1696,0,135,46,22,67,1,1,1
1697,0,136,46,22,67,1,1,1
1698,0,136,46,22,66,1,1,1
1699,0,137,46,22,66,1,1,1
1700,0,137,46,22,66,1,1,1
1701,0,138,46,22,66,1,1,1
1702,0,138,46,22,65,1,1,1
1703,0,138,46,22,65,1,1,1
1704,0,138,46,22,65,1,1,1
1705,0,139,46,21,65,1,1,1
1706,0,139,46,22,65,1,1,1
1707,0,139,46,22,64,1,1,1
1708,0,139,46,22,64,1,1,1
1709,0,140,46,21,64,1,1,1
1710,0,140,46,22,64,1,1,1
1711,0,140,46,22,64,1,1,1
1712,0,140,46,22,64,1,1,1
1713,0,141,46,21,63,1,1,1
1714,0,141,46,22,63,1,1,1
1715,0,141,46,22,63,1,1,1
1716,0,141,46,22,63,1,1,1
1717,0,142,46,21,63,1,1,1
1718,0,142,46,22,63,1,1,1
1719,0,142,46,22,62,1,1,1
1720,0,142,46,22,62,1,1,1
1721,0,143,46,21,62,1,1,1
1722,0,143,46,22,62,1,1,1
1723,0,143,46,22,62,1,1,1
1724,0,143,46,22,62,1,1,1
1725,0,144,46,21,61,1,1,1
1726,0,144,46,21,61,1,1,1
1727,0,144,46,22,61,1,1,1
1728,0,144,46,22,61,1,1,1
1729,0,145,46,21,61,1,1,1
1730,0,145,46,21,61,1,1,1
1731,0,145,46,22,60,1,1,1
1732,0,145,46,22,60,1,1,1
1733,0,146,46,21,60,1,1,1
1734,0,146,46,21,60,1,1,1
1735,0,146,46,22,60,1,1,1
1736,0,146,46,22,60,1,1,1
1737,0,147,46,21,59,1,1,1
1738,0,147,46,21,59,1,1,1
1739,0,147,46,22,59,1,1,1
1740,0,147,46,22,59,1,1,1
1741,0,148,46,21,59,1,1,1
1742,0,148,46,21,59,1,1,1
1743,0,148,46,22,58,1,1,1
1744,0,148,46,22,58,1,1,1
1745,0,149,46,21,58,1,1,1
1746,0,149,46,21,58,1,1,1
1747,0,149,46,22,58,1,1,1
1748,0,149,46,22,58,1,1,1
1749,0,150,46,21,57,1,1,1
1750,0,150,46,21,57,1,1,1
1751,0,150,46,21,57,1,1,1
1752,0,150,46,22,57,1,1,1
1753,0,151,46,21,57,1,1,1
1754,0,151,46,21,57,1,1,1
1755,0,151,46,21,56,1,1,1
1756,0,151,46,22,56,1,1,1
1757,0,152,46,21,56,1,1,1
1758,0,152,46,21,56,1,1,1
1759,0,152,46,21,56,1,1,1
1760,0,152,46,22,56,1,1,1
1761,0,153,46,21,55,1,1,1
1762,0,153,46,21,55,1,1,1
1763,0,153,46,21,55,1,1,1
1764,0,153,46,22,55,1,1,1
1765,0,154,46,21,55,1,1,1
1766,0,154,46,21,55,1,1,1
1767,0,154,46,21,54,1,1,1
1768,0,154,46,22,54,1,1,1
1769,0,155,46,21,54,1,1,1
1770,0,155,46,21,54,1,1,1
1771,0,155,46,21,54,1,1,1
1772,0,156,46,21,54,1,1,1
1773,0,156,45,21,54,1,1,1
1774,0,156,45,21,54,1,1,1
1775,0,157,45,20,54,1,1,1
1776,0,157,45,21,54,1,1,1
1777,0,157,45,21,54,1,1,1
1778,0,158,45,20,54,1,1,1
1779,0,158,45,20,53,1,1,1
1780,0,158,45,21,53,1,1,1
1781,0,159,45,20,53,1,1,1
1782,0,159,45,20,53,1,1,1
1783,0,159,45,21,53,1,1,1
1784,0,160,45,20,53,1,1,1
1785,0,160,45,20,53,1,1,1
1786,0,160,45,20,52,1,1,1
1787,0,161,45,20,52,1,1,1
1788,0,161,45,20,52,1,1,1
1789,0,161,45,20,52,1,1,1
1790,0,162,45,20,52,1,1,1
1791,0,162,45,20,52,1,1,1
1792,0,162,45,20,52,1,1,1
1793,0,163,45,19,51,1,1,1
1794,0,163,45,20,51,1,1,1
1795,0,163,45,20,51,1,1,1
1796,0,164,45,19,51,1,1,1
1797,0,164,45,20,51,1,1,1
1798,0,164,45,20,51,1,1,1
1799,0,165,45,19,51,1,1,1
1800,0,165,45,19,50,1,1,1
1801,0,165,45,20,50,1,1,1
1802,0,166,44,19,51,1,1,1
1803,0,166,44,19,51,1,1,1
1804,0,166,44,19,51,1,1,1
1805,0,167,44,19,51,1,1,1
1806,0,167,44,19,51,1,1,1
1807,0,167,44,19,50,1,1,1
1808,0,168,44,19,50,1,1,1
1809,0,168,44,19,50,1,1,1
1810,0,168,44,19,50,1,1,1
1811,0,169,44,18,50,1,1,1
1812,0,169,44,19,50,1,1,1
1813,0,169,44,19,50,1,1,1
1814,0,170,44,18,49,1,1,1
1815,0,170,44,19,49,1,1,1
1816,0,170,44,19,49,1,1,1
1817,0,171,44,18,49,1,1,1
1818,0,171,44,18,49,1,1,1
1819,0,171,44,19,49,1,1,1
1820,0,172,44,18,48,1,1,1
1821,0,172,44,18,48,1,1,1
1822,0,172,44,19,48,1,1,1
1823,0,173,44,18,48,1,1,1
1824,0,173,44,18,48,1,1,1
1825,0,173,44,18,48,1,1,1
1826,0,174,44,18,48,1,1,1
1827,0,174,44,18,47,1,1,1
1828,0,174,44,18,47,1,1,1
1829,0,175,44,18,47,1,1,1
1830,0,175,44,18,47,1,1,1
1831,0,175,44,18,47,1,1,1
1832,0,176,43,17,48,1,1,1
1833,0,176,43,18,48,1,1,1
1834,0,176,43,18,47,1,1,1
1835,0,177,43,17,47,1,1,1
1836,0,177,43,17,47,1,1,1
1837,0,177,43,18,47,1,1,1
1838,0,178,43,17,47,1,1,1
1839,0,178,43,17,47,1,1,1
1840,0,178,43,18,47,1,1,1
1841,0,179,43,17,46,1,1,1
1842,0,179,43,17,46,1,1,1
1843,0,179,43,17,46,1,1,1
1844,0,180,43,17,46,1,1,1
1845,0,180,43,17,46,1,1,1
1846,0,180,43,17,46,1,1,1
1847,0,181,43,17,46,1,1,1
1848,0,181,43,17,45,1,1,1
1849,0,181,43,17,45,1,1,1
1850,0,182,43,16,45,1,1,1
1851,0,182,43,17,45,1,1,1
1852,0,182,43,17,45,1,1,1
1853,0,183,43,16,45,1,1,1
1854,0,183,43,17,45,1,1,1
1855,0,183,43,17,44,1,1,1
1856,0,184,43,16,44,1,1,1
1857,0,184,43,16,44,1,1,1
1858,0,184,43,17,44,1,1,1
1859,0,185,43,16,44,1,1,1
1860,0,185,43,16,44,1,1,1
1861,0,186,43,16,44,1,1,1
1862,0,186,42,16,44,1,1,1
1863,0,186,42,16,44,1,1,1
1864,0,186,42,16,44,1,1,1
1865,0,187,42,15,44,1,1,1
1866,0,187,42,16,44,1,1,1
1867,0,187,42,16,44,1,1,1
1868,0,187,42,16,44,1,1,1
1869,0,188,42,15,44,1,1,1
1870,0,188,42,15,44,1,1,1
1871,0,188,42,16,44,1,1,1
1872,0,188,42,16,44,1,1,1
1873,0,189,42,15,44,1,1,1
1874,0,189,42,15,44,1,1,1
1875,0,189,42,15,44,1,1,1
1876,0,189,42,16,44,1,1,1
1877,0,190,42,15,44,1,1,1
1878,0,190,42,15,44,1,1,1
1879,0,190,42,15,44,1,1,1
1880,0,191,42,15,44,1,1,1
1881,0,190,42,15,43,1,1,1
1882,0,190,42,15,43,1,1,1
1883,0,190,42,15,43,1,1,1
1884,0,190,42,15,43,1,1,1
1885,0,190,42,15,43,1,1,1
1886,0,190,42,15,43,1,1,1
1887,0,190,42,15,43,1,1,1
1888,0,189,42,15,43,1,1,1
1889,0,189,42,15,43,1,1,1
1890,0,189,42,15,43,1,1,1
1891,0,189,42,15,43,1,1,1
1892,0,189,42,15,43,1,1,1
1893,0,189,42,15,42,1,1,1
1894,0,189,42,15,42,1,1,1
1895,0,188,42,15,42,1,1,1
1896,0,188,42,15,42,1,1,1
1897,0,188,42,15,42,1,1,1
1898,0,188,42,15,42,1,1,1
1899,0,188,42,15,42,1,1,1
1900,0,188,42,15,42,1,1,1
1901,0,188,42,15,42,1,1,1
1902,0,187,42,15,42,1,1,1
1903,0,187,42,15,42,1,1,1
1904,0,187,42,15,42,1,1,1
1905,0,187,42,15,41,1,1,1
1906,0,187,42,15,41,1,1,1
1907,0,187,42,15,41,1,1,1
1908,0,187,42,15,41,1,1,1
1909,0,186,42,15,41,1,1,1
1910,0,186,42,15,41,1,1,1
1911,0,186,42,15,41,1,1,1
1912,0,186,42,15,41,1,1,1
1913,0,186,42,15,41,1,1,1
1914,0,186,42,15,41,1,1,1
1915,0,186,42,15,41,1,1,1
1916,0,186,42,15,41,1,1,1
1917,0,185,41,15,41,1,1,1
1918,0,185,41,15,41,1,1,1
1919,0,184,41,15,41,1,1,1
1920,0,184,41,15,41,1,1,1
1921,0,183,41,15,41,1,1,1
1922,0,183,41,15,41,1,1,1
1923,0,182,41,15,41,1,1,1
1924,0,182,41,15,41,1,1,1
1925,0,181,41,15,41,1,1,1
1926,0,181,41,15,41,1,1,1
1927,0,180,41,15,41,1,1,1
1928,0,180,41,15,41,1,1,1
1929,0,179,41,15,41,1,1,1
1930,0,179,41,15,41,1,1,1
1931,0,178,41,15,41,1,1,1
1932,0,178,41,15,41,1,1,1
1933,0,177,41,15,41,1,1,1
1934,0,177,41,15,41,1,1,1
1935,0,176,41,15,41,1,1,1
1936,0,176,41,15,41,1,1,1
1937,0,175,41,15,40,1,1,1
1938,0,175,41,15,40,1,1,1
1939,0,174,41,15,40,1,1,1
1940,0,174,41,15,40,1,1,1
1941,0,173,41,15,40,1,1,1
1942,0,173,41,15,40,1,1,1
1943,0,172,41,15,40,1,1,1
1944,0,172,41,15,40,1,1,1
1945,0,171,41,15,40,1,1,1
1946,0,171,41,15,40,1,1,1
1947,0,170,41,15,40,1,1,1
1948,0,170,41,15,40,1,1,1
1949,0,169,41,15,40,1,1,1
1950,0,169,41,15,40,1,1,1
1951,0,168,41,15,40,1,1,1
1952,0,168,41,15,40,1,1,1
1953,0,167,41,15,40,1,1,1
1954,0,167,41,15,40,1,1,1
1955,0,166,41,15,40,1,1,1
1956,0,166,41,15,40,1,1,1
1957,0,166,41,15,40,1,1,1
1958,0,165,41,15,40,1,1,1
1959,0,165,41,15,40,1,1,1
1960,0,164,41,15,40,1,1,1
1961,0,164,41,15,40,1,1,1
1962,0,163,41,15,40,1,1,1
1963,0,163,41,15,40,1,1,1
1964,0,163,41,15,40,1,1,1
1965,0,162,41,15,40,1,1,1
1966,0,162,41,15,40,1,1,1
1967,0,161,41,15,40,1,1,1
1968,0,161,41,15,40,1,1,1
1969,0,161,41,14,40,1,1,1
1970,0,160,41,15,40,1,1,1
1971,0,160,41,15,40,1,1,1
1972,0,159,41,15,40,1,1,1
1973,0,159,41,15,40,1,1,1
1974,0,159,41,14,40,1,1,1
1975,0,158,41,15,40,1,1,1
1976,0,158,41,14,40,1,1,1
1977,0,157,41,15,40,1,1,1
1978,0,157,41,15,40,1,1,1
1979,0,156,41,15,40,1,1,1
1980,0,156,41,15,40,1,1,1
1981,0,156,41,14,40,1,1,1
1982,0,155,41,15,40,1,1,1
1983,0,155,41,14,40,1,1,1
1984,0,154,41,15,40,1,1,1
1985,0,154,41,15,40,1,1,1
1986,0,154,41,14,40,1,1,1
1987,0,153,41,15,40,1,1,1
1988,0,153,41,14,40,1,1,1
1989,0,152,41,15,40,1,1,1
1990,0,152,41,14,40,1,1,1
1991,0,152,41,14,40,1,1,1
1992,0,151,41,15,40,1,1,1
1993,0,151,41,14,40,1,1,1
1994,0,150,41,15,40,1,1,1
1995,0,150,41,14,40,1,1,1
1996,0,149,41,15,40,1,1,1
1997,0,149,41,14,40,1,1,1
1998,0,149,41,14,40,1,1,1
1999,0,148,41,15,40,1,1,1
2000,0,148,41,14,40,1,1,1
2001,0,147,41,15,40,1,1,1
2002,0,147,41,14,40,1,1,1
2003,0,147,41,14,40,1,1,1
2004,0,146,41,14,40,1,1,1
2005,0,146,41,14,40,1,1,1
2006,0,145,41,15,40,1,1,1
2007,0,145,41,14,40,1,1,1
2008,0,145,41,14,40,1,1,1
2009,0,144,41,14,40,1,1,1
2010,0,144,41,14,40,1,1,1
2011,0,143,41,14,40,1,1,1
2012,0,143,41,14,40,1,1,1
2013,0,143,42,14,39,1,1,1
2014,0,142,42,14,39,1,1,1
2015,0,142,42,14,39,1,1,1
2016,0,142,42,14,39,1,1,1
2017,0,142,42,14,39,1,1,1
2018,0,142,42,14,39,1,1,1
2019,0,142,42,14,39,1,1,1
2020,0,142,42,14,39,1,1,1
2021,0,141,42,15,39,1,1,1
2022,0,141,42,15,39,1,1,1
2023,0,141,42,15,39,1,1,1
2024,0,141,42,15,39,1,1,1
2025,0,141,42,15,39,1,1,1
2026,0,141,42,15,39,1,1,1
2027,0,141,43,15,38,1,1,1
2028,0,140,42,15,38,1,1,1
2029,0,140,42,15,38,1,1,1
2030,0,140,42,15,38,1,1,1
2031,0,140,42,15,38,1,1,1
2032,0,140,42,15,38,1,1,1
2033,0,140,42,15,38,1,1,1
2034,0,140,42,15,38,1,1,1
2035,0,140,42,15,38,1,1,1
2036,0,140,42,15,38,1,1,1
2037,0,140,42,15,38,1,1,1
2038,0,140,42,15,38,1,1,1
2039,0,140,42,15,38,1,1,1
2040,0,140,42,15,38,1,1,1
2041,0,140,42,15,38,1,1,1
2042,0,140,42,15,38,1,1,1
2043,0,140,42,15,38,1,1,1
2044,0,140,42,15,38,1,1,1
2045,0,140,42,15,38,1,1,1
2046,0,140,42,15,38,1,1,1
2047,0,140,42,15,38,1,1,1
2048,0,140,42,15,38,1,1,1
2049,0,140,42,15,38,1,1,1
2050,0,140,42,15,38,1,1,1
2051,0,140,42,15,38,1,1,1
2052,0,140,42,15,38,1,1,1
2053,0,140,42,15,38,1,1,1
2054,0,140,42,15,38,1,1,1
2055,0,140,42,15,38,1,1,1
2056,0,139,42,16,38,1,1,1
2057,0,139,42,16,38,1,1,1
2058,0,139,42,16,38,1,1,1
2059,0,139,42,16,38,1,1,1
2060,0,139,42,16,38,1,1,1
2061,0,139,42,16,38,1,1,1
2062,0,139,42,16,38,1,1,1
2063,0,139,42,16,38,1,1,1
2064,0,139,42,16,38,1,1,1
2065,0,139,42,16,38,1,1,1
2066,0,139,42,16,38,1,1,1
2067,0,139,42,16,38,1,1,1
2068,0,139,42,16,38,1,1,1
2069,0,139,42,16,38,1,1,1
2070,0,139,42,16,38,1,1,1
2071,0,139,42,16,38,1,1,1
2072,0,139,42,16,38,1,1,1
2073,0,139,42,16,38,1,1,1
2074,0,139,42,16,38,1,1,1
2075,0,139,42,16,38,1,1,1
2076,0,139,42,16,38,1,1,1
2077,0,139,42,16,38,1,1,1
2078,0,139,42,16,38,1,1,1
2079,0,139,42,16,38,1,1,1
2080,0,139,42,16,38,1,1,1
2081,0,139,42,16,38,1,1,1
2082,0,139,42,16,38,1,1,1
2083,0,139,42,16,38,1,1,1
2084,0,139,42,16,38,1,1,1
2085,0,139,42,16,38,1,1,1
2086,0,139,42,16,38,1,1,1
2087,0,139,42,16,38,1,1,1
2088,0,139,42,16,38,1,1,1
2089,0,139,42,16,38,1,1,1
2090,0,139,42,16,38,1,1,1
2091,0,139,42,16,38,1,1,1
2092,0,139,42,16,38,1,1,1
2093,0,139,42,16,38,1,1,1
2094,0,139,42,16,38,1,1,1
2095,0,139,42,16,38,1,1,1
2096,0,139,42,16,38,1,1,1
2097,0,139,42,16,38,1,1,1
2098,0,139,42,16,38,1,1,1
2099,0,139,42,16,38,1,1,1
2100,0,139,42,16,38,1,1,1
2101,0,139,42,16,38,1,1,1
2102,0,139,42,16,38,1,1,1
2103,0,139,42,16,38,1,1,1
2104,0,139,42,16,38,1,1,1
2105,0,139,42,16,38,1,1,1
2106,0,139,42,16,38,1,1,1
2107,0,139,42,16,38,1,1,1
2108,0,139,42,16,38,1,1,1
2109,0,139,42,16,38,1,1,1
2110,0,139,42,16,38,1,1,1
2111,0,139,42,16,38,1,1,1
2112,0,139,42,16,38,1,1,1
2113,0,139,42,16,38,1,1,1
2114,0,139,42,16,38,1,1,1
2115,0,139,42,16,38,1,1,1
2116,0,139,42,16,38,1,1,1
2117,0,139,42,16,38,1,1,1
2118,0,139,42,16,38,1,1,1
2119,0,139,42,16,38,1,1,1
2120,0,139,42,16,38,1,1,1
2121,0,139,42,16,38,1,1,1
2122,0,139,42,16,38,1,1,1
2123,0,139,42,16,38,1,1,1
2124,0,139,42,16,38,1,1,1
2125,0,139,42,16,38,1,1,1
2126,0,139,42,16,38,1,1,1
2127,0,139,42,16,38,1,1,1
2128,0,139,42,16,38,1,1,1
2129,0,139,42,16,38,1,1,1
2130,0,139,42,16,38,1,1,1
2131,0,139,42,16,38,1,1,1
2132,0,139,42,16,38,1,1,1
2133,0,139,42,16,38,1,1,1
2134,0,139,42,16,38,1,1,1
2135,0,139,42,16,38,1,1,1
2136,0,139,42,16,38,1,1,1
2137,0,139,42,16,38,1,1,1
2138,0,139,42,16,38,1,1,1
2139,0,139,42,16,38,1,1,1
2140,0,139,42,16,38,1,1,1
2141,0,139,42,16,38,1,1,1
2142,0,139,42,16,38,1,1,1
2143,0,139,42,16,38,1,1,1
2144,0,139,42,16,38,1,1,1
2145,0,139,42,16,38,1,1,1
2146,0,140,42,16,38,1,1,1
2147,0,140,42,16,38,1,1,1
2148,0,140,42,16,38,1,1,1
2149,0,140,42,16,38,1,1,1
2150,0,140,42,16,38,1,1,1
2151,0,140,42,16,38,1,1,1
2152,0,140,42,16,38,1,1,1
2153,0,140,42,16,38,1,1,1
2154,0,140,42,16,38,1,1,1
2155,0,140,42,16,38,1,1,1
2156,0,140,42,16,38,1,1,1
2157,0,140,42,16,38,1,1,1
2158,0,140,42,16,38,1,1,1
2159,0,140,42,16,38,1,1,1
2160,0,140,42,16,38,1,1,1
2161,0,140,42,16,38,1,1,1
2162,0,140,42,16,38,1,1,1
2163,0,140,42,16,38,1,1,1
2164,0,140,42,16,38,1,1,1
2165,0,140,42,16,38,1,1,1
2166,0,140,42,16,38,1,1,1
2167,0,140,42,16,38,1,1,1
2168,0,140,42,16,38,1,1,1
2169,0,140,42,16,38,1,1,1
2170,0,140,42,16,38,1,1,1
2171,0,140,42,16,38,1,1,1
2172,0,140,42,16,38,1,1,1
2173,0,140,42,16,38,1,1,1
2174,0,140,42,16,38,1,1,1
2175,0,140,42,16,38,1,1,1
2176,0,140,42,16,38,1,1,1
2177,0,140,42,16,38,1,1,1
2178,0,140,42,16,38,1,1,1
2179,0,140,42,16,38,1,1,1
2180,0,140,42,16,38,1,1,1
2181,0,140,42,16,38,1,1,1
2182,0,140,42,16,38,1,1,1
2183,0,140,42,16,38,1,1,1
2184,0,140,42,16,38,1,1,1
2185,0,140,42,16,38,1,1,1
2186,0,140,42,16,38,1,1,1
2187,0,140,42,16,38,1,1,1
2188,0,140,42,16,38,1,1,1
2189,0,140,42,16,38,1,1,1
2190,0,140,42,16,38,1,1,1
2191,0,140,42,16,38,1,1,1
2192,0,140,42,16,38,1,1,1
2193,0,140,42,16,38,1,1,1
2194,0,140,42,16,38,1,1,1
2195,0,140,42,16,38,1,1,1
2196,0,140,42,16,38,1,1,1
2197,0,140,42,16,38,1,1,1
2198,0,140,42,16,38,1,1,1
2199,0,140,42,16,38,1,1,1
2200,0,140,42,16,38,1,1,1
2201,0,140,42,16,38,1,1,1
2202,0,140,42,16,38,1,1,1
2203,0,140,42,16,38,1,1,1
2204,0,140,42,16,38,1,1,1
2205,0,140,42,16,38,1,1,1
2206,0,140,42,16,38,1,1,1
2207,0,140,42,16,38,1,1,1
2208,0,141,42,16,38,1,1,1
2209,0,141,42,16,38,1,1,1
2210,0,141,42,16,38,1,1,1
2211,0,141,42,16,38,1,1,1
2212,0,141,42,16,38,1,1,1
2213,0,141,42,16,38,1,1,1
2214,0,141,42,16,38,1,1,1
2215,0,141,42,16,38,1,1,1
2216,0,141,42,16,38,1,1,1
2217,0,141,42,16,38,1,1,1
2218,0,141,42,16,38,1,1,1
2219,0,141,42,16,38,1,1,1
2220,0,141,42,16,38,1,1,1
2221,0,141,42,16,38,1,1,1
2222,0,141,42,16,38,1,1,1
2223,0,141,42,16,38,1,1,1
2224,0,141,42,16,38,1,1,1
2225,0,141,42,16,38,1,1,1
2226,0,141,42,16,38,1,1,1
2227,0,141,42,16,38,1,1,1
2228,0,141,42,16,38,1,1,1
2229,0,141,42,16,38,1,1,1
2230,0,141,42,16,38,1,1,1
2231,0,141,42,16,38,1,1,1
2232,0,141,42,16,38,1,1,1
2233,0,141,42,16,38,1,1,1
2234,0,141,42,16,38,1,1,1
2235,0,141,42,16,38,1,1,1
2236,0,141,42,16,38,1,1,1
2237,0,141,42,16,38,1,1,1
2238,0,141,42,16,38,1,1,1
2239,0,141,42,16,38,1,1,1
2240,0,141,42,16,38,1,1,1
2241,0,141,42,16,38,1,1,1
2242,0,141,42,16,38,1,1,1
2243,0,141,42,16,38,1,1,1
2244,0,141,42,16,38,1,1,1
2245,0,141,42,16,38,1,1,1
2246,0,141,42,16,38,1,1,1
2247,0,141,42,16,38,1,1,1
2248,0,141,42,16,38,1,1,1
2249,0,141,42,16,38,1,1,1
2250,0,141,42,16,38,1,1,1
2251,0,141,42,16,38,1,1,1
2252,0,141,42,16,38,1,1,1
2253,0,141,42,16,38,1,1,1
2254,0,141,42,16,38,1,1,1
2255,0,141,42,16,38,1,1,1
2256,0,141,42,16,38,1,1,1
2257,0,141,42,16,38,1,1,1
2258,0,141,42,16,38,1,1,1
2259,0,141,42,16,38,1,1,1
2260,0,141,42,16,38,1,1,1
2261,0,141,42,16,38,1,1,1
2262,0,141,42,16,38,1,1,1
2263,0,141,42,16,38,1,1,1
2264,0,141,42,16,38,1,1,1
2265,0,141,42,16,38,1,1,1
2266,0,141,42,16,38,1,1,1
2267,0,141,42,16,38,1,1,1
2268,0,141,42,16,38,1,1,1
2269,0,142,42,16,38,1,1,1
2270,0,142,42,16,38,1,1,1
2271,0,142,42,16,38,1,1,1
2272,0,142,42,16,38,1,1,1
2273,0,142,42,16,38,1,1,1
2274,0,142,42,16,38,1,1,1
2275,0,142,42,16,38,1,1,1
2276,0,142,42,16,38,1,1,1
2277,0,142,42,16,38,1,1,1
2278,0,142,42,16,38,1,1,1
2279,0,142,42,16,38,1,1,1
2280,0,142,42,16,38,1,1,1
2281,0,142,42,16,38,1,1,1
2282,0,142,42,16,38,1,1,1
2283,0,142,42,16,38,1,1,1
2284,0,142,42,16,38,1,1,1
2285,0,142,42,16,38,1,1,1
2286,0,142,42,16,38,1,1,1
2287,0,142,42,16,38,1,1,1
2288,0,142,42,16,38,1,1,1
2289,0,142,42,16,38,1,1,1
2290,0,142,42,16,38,1,1,1
2291,0,142,42,16,38,1,1,1
2292,0,142,42,16,38,1,1,1
2293,0,142,42,16,38,1,1,1
2294,0,142,42,16,38,1,1,1
2295,0,142,42,16,38,1,1,1
2296,0,142,42,16,38,1,1,1
2297,0,142,42,16,38,1,1,1
2298,0,142,42,16,38,1,1,1
2299,0,142,42,16,38,1,1,1
2300,0,142,42,16,38,1,1,1
2301,0,142,42,16,38,1,1,1
2302,0,142,42,16,38,1,1,1
2303,0,142,42,16,38,1,1,1
2304,0,142,42,16,38,1,1,1
2305,0,142,42,16,38,1,1,1
2306,0,142,42,16,38,1,1,1
2307,0,142,42,16,38,1,1,1
2308,0,142,42,16,38,1,1,1
2309,0,142,42,16,38,1,1,1
2310,0,142,42,16,38,1,1,1
2311,0,142,42,16,38,1,1,1
2312,0,142,42,16,38,1,1,1
2313,0,142,42,16,38,1,1,1
2314,0,142,42,16,38,1,1,1
2315,0,142,42,16,38,1,1,1
2316,0,142,42,16,38,1,1,1
2317,0,142,42,16,38,1,1,1
2318,0,142,42,16,38,1,1,1
2319,0,142,42,16,38,1,1,1
2320,0,142,42,16,38,1,1,1
2321,0,142,42,16,38,1,1,1
2322,0,142,42,16,38,1,1,1
2323,0,142,42,16,38,1,1,1
2324,0,142,42,16,38,1,1,1
2325,0,142,42,16,38,1,1,1
2326,0,142,42,16,38,1,1,1
2327,0,142,42,16,38,1,1,1
2328,0,142,42,16,38,1,1,1
2329,0,142,42,16,38,1,1,1
2330,0,142,42,16,38,1,1,1
2331,0,143,42,16,38,1,1,1
2332,0,143,42,16,38,1,1,1
2333,0,143,42,16,38,1,1,1
2334,0,143,42,16,38,1,1,1
2335,0,143,42,16,38,1,1,1
2336,0,143,42,16,38,1,1,1
2337,0,143,42,16,38,1,1,1
2338,0,143,42,16,38,1,1,1
2339,0,143,42,16,38,1,1,1
2340,0,143,42,16,38,1,1,1
2341,0,143,42,16,38,1,1,1
2342,0,143,42,16,38,1,1,1
2343,0,143,42,16,38,1,1,1
2344,0,143,42,16,38,1,1,1
2345,0,143,42,16,38,1,1,1
2346,0,143,42,16,38,1,1,1
2347,0,143,42,16,38,1,1,1
2348,0,143,42,16,38,1,1,1
2349,0,143,42,16,38,1,1,1
2350,0,143,42,16,38,1,1,1
2351,0,143,42,16,38,1,1,1
2352,0,143,42,16,38,1,1,1
2353,0,143,42,16,38,1,1,1
2354,0,143,42,16,38,1,1,1
2355,0,143,42,16,38,1,1,1
2356,0,143,42,16,38,1,1,1
2357,0,143,42,16,38,1,1,1
2358,0,143,42,16,38,1,1,1
2359,0,143,42,16,38,1,1,1
2360,0,143,42,16,38,1,1,1
2361,0,143,42,16,38,1,1,1
2362,0,143,42,16,38,1,1,1
2363,0,143,42,16,38,1,1,1
2364,0,143,42,16,38,1,1,1
2365,0,143,42,16,38,1,1,1
2366,0,143,42,16,38,1,1,1
2367,0,143,42,16,38,1,1,1
2368,0,143,42,16,38,1,1,1
2369,0,143,42,16,38,1,1,1
2370,0,143,42,16,38,1,1,1
2371,0,143,42,16,38,1,1,1
2372,0,143,42,16,38,1,1,1
2373,0,143,42,16,38,1,1,1
2374,0,143,42,16,38,1,1,1
2375,0,143,42,16,38,1,1,1
2376,0,143,42,16,38,1,1,1
2377,0,143,42,16,38,1,1,1
2378,0,143,42,16,38,1,1,1
2379,0,143,42,16,38,1,1,1
2380,0,143,42,16,38,1,1,1
2381,0,143,42,16,38,1,1,1
2382,0,143,42,16,38,1,1,1
2383,0,143,42,16,38,1,1,1
2384,0,143,42,16,38,1,1,1
2385,0,143,42,16,38,1,1,1
2386,0,143,42,16,38,1,1,1
2387,0,143,42,16,38,1,1,1
2388,0,143,42,16,38,1,1,1
2389,0,143,42,16,38,1,1,1
2390,0,143,42,16,38,1,1,1
2391,0,143,42,16,38,1,1,1
2392,0,144,42,16,38,1,1,1
2393,0,143,42,16,38,1,1,1
2394,0,143,42,16,38,1,1,1
2395,0,143,42,16,38,1,1,1
2396,0,143,42,16,38,1,1,1
2397,0,143,42,16,38,1,1,1
2398,0,143,42,16,38,1,1,1
2399,0,143,42,16,38,1,1,1
2400,0,143,42,16,38,1,1,1
2401,0,143,42,16,38,1,1,1
2402,0,143,42,16,38,1,1,1
2403,0,143,42,16,38,1,1,1
2404,0,143,42,16,38,1,1,1
2405,0,143,42,16,38,1,1,1
2406,0,143,42,16,38,1,1,1
2407,0,143,42,16,38,1,1,1
2408,0,143,42,16,38,1,1,1
2409,0,143,42,16,38,1,1,1
2410,0,143,42,16,38,1,1,1
2411,0,143,42,16,38,1,1,1
2412,0,143,42,16,38,1,1,1
2413,0,143,42,16,38,1,1,1
2414,0,143,42,16,38,1,1,1
2415,0,143,42,16,38,1,1,1
2416,0,143,42,16,38,1,1,1
2417,0,143,42,16,38,1,1,1
2418,0,143,42,16,38,1,1,1
2419,0,143,42,15,38,1,1,1
2420,0,143,42,15,38,1,1,1
2421,0,143,42,15,38,1,1,1
2422,0,143,42,15,38,1,1,1
2423,0,143,42,15,38,1,1,1
2424,0,143,42,15,38,1,1,1
2425,0,143,42,15,38,1,1,1
2426,0,143,42,15,38,1,1,1
2427,0,143,42,15,38,1,1,1
2428,0,142,42,16,38,1,1,1
2429,0,142,42,16,38,1,1,1
2430,0,142,42,16,38,1,1,1
2431,0,142,42,16,38,1,1,1
2432,0,142,42,16,38,1,1,1
2433,0,142,42,16,38,1,1,1
2434,0,142,42,16,38,1,1,1
2435,0,142,42,16,38,1,1,1
2436,0,142,42,16,38,1,1,1
2437,0,142,42,16,38,1,1,1
2438,0,142,42,16,38,1,1,1
2439,0,142,42,16,38,1,1,1
2440,0,142,42,16,38,1,1,1
2441,0,142,42,16,38,1,1,1
2442,0,142,42,16,38,1,1,1
2443,0,142,42,16,38,1,1,1
2444,0,142,42,16,38,1,1,1
2445,0,142,42,16,38,1,1,1
2446,0,142,42,15,38,1,1,1
2447,0,142,42,15,38,1,1,1
2448,0,142,42,15,38,1,1,1
2449,0,142,42,15,38,1,1,1
2450,0,142,42,15,38,1,1,1
2451,0,142,42,15,38,1,1,1
2452,0,142,42,15,38,1,1,1
2453,0,142,42,15,38,1,1,1
2454,0,142,42,15,38,1,1,1
2455,0,142,42,15,38,1,1,1
2456,0,142,42,15,38,1,1,1
2457,0,142,42,15,38,1,1,1
2458,0,142,42,15,38,1,1,1
2459,0,142,42,15,38,1,1,1
2460,0,142,42,15,38,1,1,1
2461,0,142,42,15,38,1,1,1
2462,0,142,42,15,38,1,1,1
2463,0,142,42,15,38,1,1,1
2464,0,141,42,16,38,1,1,1
2465,0,141,42,16,38,1,1,1
2466,0,141,42,16,38,1,1,1
2467,0,141,42,16,38,1,1,1
2468,0,141,42,16,38,1,1,1
2469,0,141,42,16,38,1,1,1
2470,0,141,42,16,38,1,1,1
2471,0,141,42,16,38,1,1,1
2472,0,141,42,16,38,1,1,1
2473,0,141,42,15,38,1,1,1
2474,0,141,42,15,38,1,1,1
2475,0,141,42,15,38,1,1,1
2476,0,141,42,15,38,1,1,1
2477,0,141,42,15,38,1,1,1
2478,0,141,42,15,38,1,1,1
2479,0,141,42,15,38,1,1,1
2480,0,141,42,15,38,1,1,1
2481,0,141,42,15,38,1,1,1
2482,0,141,42,15,38,1,1,1
2483,0,141,42,15,38,1,1,1
2484,0,141,42,15,38,1,1,1
2485,0,141,42,15,38,1,1,1
2486,0,141,42,15,38,1,1,1
2487,0,141,42,15,38,1,1,1
2488,0,141,42,15,38,1,1,1
2489,0,141,42,15,38,1,1,1
2490,0,141,42,15,38,1,1,1
2491,0,141,42,15,38,1,1,1
2492,0,141,42,15,38,1,1,1
2493,0,141,42,15,38,1,1,1
2494,0,141,42,15,38,1,1,1
2495,0,141,42,15,38,1,1,1
2496,0,141,42,15,38,1,1,1
2497,0,141,42,15,38,1,1,1
2498,0,141,42,15,38,1,1,1
2499,0,141,42,15,38,1,1,1
1970,1,37,90,114,196,1,1,1
1971,1,40,89,113,197,1,1,1
1972,1,44,88,111,198,1,1,1
1973,1,47,88,110,198,1,1,1
1974,1,51,87,109,199,1,1,1
1975,1,54,87,108,199,1,1,1
1976,1,58,86,106,200,1,1,1
1977,1,61,86,105,200,1,1,1
1978,1,65,85,104,201,1,1,1
1979,1,69,84,102,202,1,1,1
1980,1,72,84,101,202,1,1,1
1981,1,76,83,99,203,1,1,1
1982,1,79,83,99,203,1,1,1
1983,1,83,82,97,204,1,1,1
1984,1,86,82,96,204,1,1,1
1985,1,90,81,94,205,1,1,1
1986,1,94,81,93,205,1,1,1
1987,1,96,80,92,205,1,1,1
1988,1,98,80,92,205,1,1,1
1989,1,100,79,92,206,1,1,1
1990,1,102,79,91,206,1,1,1
1991,1,105,79,90,206,1,1,1
1992,1,107,78,90,207,1,1,1
1993,1,109,78,89,207,1,1,1
1994,1,111,78,89,207,1,1,1
1995,1,114,77,88,208,1,1,1
1996,1,116,77,87,208,1,1,1
1997,1,118,77,87,208,1,1,1
1998,1,120,76,87,209,1,1,1
1999,1,123,76,85,209,1,1,1
2000,1,125,76,85,209,1,1,1
2001,1,127,75,85,210,1,1,1
2002,1,129,75,85,210,1,1,1
2003,1,132,75,83,210,1,1,1
2004,1,134,74,83,211,1,1,1
2005,1,136,74,83,211,1,1,1
2006,1,138,74,82,211,1,1,1
2007,1,141,73,81,212,1,1,1
2008,1,143,73,81,212,1,1,1
2009,1,145,73,80,212,1,1,1
2010,1,147,72,80,213,1,1,1
2011,1,150,72,79,213,1,1,1
2012,1,152,72,78,213,1,1,1
2013,1,154,71,78,214,1,1,1
2014,1,156,71,78,214,1,1,1
2015,1,159,71,77,214,1,1,1
2016,1,160,70,76,213,1,1,1
2017,1,161,70,75,211,1,1,1
2018,1,163,70,74,209,1,1,1
2019,1,164,69,73,208,1,1,1
2020,1,165,69,73,207,1,1,1
2021,1,167,69,71,205,1,1,1
2022,1,168,68,71,204,1,1,1
2023,1,169,68,70,202,1,1,1
2024,1,171,68,69,201,1,1,1
2025,1,172,68,68,199,1,1,1
2026,1,173,67,68,198,1,1,1
2027,1,175,67,66,196,1,1,1
2028,1,176,67,66,195,1,1,1
2029,1,177,66,65,194,1,1,1
2030,1,179,66,64,192,1,1,1
2031,1,180,66,63,190,1,1,1
2032,1,182,66,62,189,1,1,1
2033,1,182,65,62,185,1,1,1
2034,1,183,65,61,181,1,1,1
2035,1,183,65,61,177,1,1,1
2036,1,184,65,61,173,1,1,1
2037,1,184,64,61,173,1,1,1
2038,1,185,64,60,172,1,1,1
2039,1,185,64,61,171,1,1,1
2040,1,186,64,60,170,1,1,1
2041,1,187,64,59,169,1,1,1
2042,1,187,64,60,168,1,1,1
2043,1,188,64,59,167,1,1,1
2044,1,189,64,58,166,1,1,1
2045,1,189,64,59,165,1,1,1
2046,1,190,64,58,164,1,1,1
2047,1,191,63,57,164,1,1,1
2048,1,191,63,58,163,1,1,1
2049,1,192,63,57,162,1,1,1
2050,1,193,63,57,161,1,1,1
2051,1,193,63,57,160,1,1,1
2052,1,194,63,56,159,1,1,1
2053,1,195,63,56,158,1,1,1
2054,1,195,63,56,157,1,1,1
2055,1,196,63,55,156,1,1,1
2056,1,197,63,55,155,1,1,1
2057,1,197,62,55,155,1,1,1
2058,1,198,62,54,154,1,1,1
2059,1,199,62,54,153,1,1,1
2060,1,199,62,54,152,1,1,1
2061,1,200,62,54,151,1,1,1
2062,1,201,62,53,150,1,1,1
2063,1,201,62,53,149,1,1,1
2064,1,202,62,53,148,1,1,1
2065,1,203,62,52,147,1,1,1
2066,1,203,62,52,146,1,1,1
2067,1,204,61,52,146,1,1,1
2068,1,204,61,52,145,1,1,1
2069,1,205,61,51,144,1,1,1
2070,1,206,61,51,143,1,1,1
2071,1,206,61,51,142,1,1,1
2072,1,207,61,50,141,1,1,1
2073,1,208,61,50,140,1,1,1
2074,1,208,61,50,139,1,1,1
2075,1,209,61,50,138,1,1,1
2076,1,210,61,49,137,1,1,1
2077,1,210,60,49,137,1,1,1
2078,1,211,60,49,136,1,1,1
2079,1,212,60,48,135,1,1,1
2080,1,212,60,48,134,1,1,1
2081,1,213,60,48,133,1,1,1
2082,1,214,60,47,132,1,1,1
2083,1,214,60,47,131,1,1,1
2084,1,215,60,47,130,1,1,1
2085,1,216,60,46,129,1,1,1
2086,1,216,60,47,128,1,1,1
2087,1,217,59,46,128,1,1,1
2088,1,218,59,45,127,1,1,1
2089,1,218,59,46,126,1,1,1
2090,1,219,59,45,125,1,1,1
2091,1,220,59,44,124,1,1,1
2092,1,220,59,45,123,1,1,1
2093,1,221,59,44,122,1,1,1
2094,1,222,59,43,121,1,1,1
2095,1,222,59,44,120,1,1,1
2096,1,223,59,43,119,1,1,1
2097,1,224,59,43,118,1,1,1
2098,1,224,58,43,118,1,1,1
2099,1,224,58,43,118,1,1,1
2100,1,224,58,43,117,1,1,1
2101,1,225,58,42,117,1,1,1
2102,1,225,58,42,116,1,1,1
2103,1,225,58,42,116,1,1,1
2104,1,225,58,42,115,1,1,1
2105,1,226,58,41,115,1,1,1
2106,1,226,58,41,115,1,1,1
2107,1,226,58,42,114,1,1,1
2108,1,226,58,42,114,1,1,1
2109,1,227,58,41,113,1,1,1
2110,1,227,58,41,113,1,1,1
2111,1,227,58,41,112,1,1,1
2112,1,227,58,41,112,1,1,1
2113,1,228,58,40,112,1,1,1
2114,1,228,58,40,111,1,1,1
2115,1,228,58,40,111,1,1,1
2116,1,229,57,40,111,1,1,1
2117,1,229,57,40,111,1,1,1
2118,1,229,57,40,110,1,1,1
2119,1,229,57,40,110,1,1,1
2120,1,230,57,39,109,1,1,1
2121,1,230,57,39,109,1,1,1
2122,1,230,57,39,109,1,1,1
2123,1,230,57,39,108,1,1,1
2124,1,231,57,38,108,1,1,1
2125,1,231,57,38,107,1,1,1
2126,1,231,57,39,107,1,1,1
2127,1,231,57,39,106,1,1,1
2128,1,232,57,38,106,1,1,1
2129,1,232,57,38,106,1,1,1
2130,1,232,57,38,105,1,1,1
2131,1,233,57,37,105,1,1,1
2132,1,233,57,37,104,1,1,1
2133,1,233,57,37,104,1,1,1
2134,1,233,57,37,103,1,1,1
2135,1,234,56,37,104,1,1,1
2136,1,234,56,37,103,1,1,1
2137,1,234,56,37,103,1,1,1
2138,1,234,56,37,103,1,1,1
2139,1,235,56,36,102,1,1,1
2140,1,235,56,36,102,1,1,1
2141,1,235,56,36,101,1,1,1
2142,1,235,56,36,101,1,1,1
2143,1,236,56,35,100,1,1,1
2144,1,236,56,36,100,1,1,1
2145,1,236,56,36,100,1,1,1
2146,1,237,56,35,99,1,1,1
2147,1,237,56,35,99,1,1,1
2148,1,237,56,35,98,1,1,1
2149,1,237,56,35,98,1,1,1
2150,1,238,56,34,97,1,1,1
2151,1,238,56,34,97,1,1,1
2152,1,238,56,34,97,1,1,1
2153,1,238,56,34,96,1,1,1
2154,1,239,55,34,97,1,1,1
2155,1,239,55,34,96,1,1,1
2156,1,239,55,34,96,1,1,1
2157,1,239,55,34,95,1,1,1
2158,1,240,55,33,95,1,1,1
2159,1,240,55,33,94,1,1,1
2160,1,240,55,33,94,1,1,1
2161,1,241,55,32,94,1,1,1
2162,1,241,55,32,93,1,1,1
2163,1,241,55,33,93,1,1,1
2164,1,241,55,33,92,1,1,1
2165,1,242,55,32,92,1,1,1
2166,1,242,55,32,91,1,1,1
2167,1,242,55,32,91,1,1,1
2168,1,242,55,32,91,1,1,1
2169,1,243,55,31,90,1,1,1
2170,1,243,55,31,90,1,1,1
2171,1,243,55,31,89,1,1,1
2172,1,243,55,31,89,1,1,1
2173,1,244,54,31,89,1,1,1
2174,1,244,54,31,89,1,1,1
2175,1,244,54,31,88,1,1,1
2176,1,245,54,30,88,1,1,1
2177,1,245,54,30,88,1,1,1
2178,1,245,54,30,87,1,1,1
2179,1,245,54,30,87,1,1,1
2180,1,246,54,29,86,1,1,1
2181,1,246,54,29,86,1,1,1
2182,1,246,54,30,85,1,1,1
2183,1,246,54,30,85,1,1,1
2184,1,247,54,29,85,1,1,1
2185,1,247,54,29,84,1,1,1
2186,1,247,54,29,84,1,1,1
2187,1,247,54,29,83,1,1,1
2188,1,248,54,28,83,1,1,1
2189,1,248,54,28,82,1,1,1
2190,1,248,54,28,82,1,1,1
2191,1,249,54,28,82,1,1,1
2192,1,249,53,28,82,1,1,1
2193,1,249,53,28,82,1,1,1
2194,1,249,53,28,82,1,1,1
2195,1,249,53,28,82,1,1,1
2196,1,250,53,27,81,1,1,1
2197,1,250,53,27,81,1,1,1
2198,1,250,53,28,81,1,1,1
2199,1,250,53,28,81,1,1,1
2200,1,250,53,28,80,1,1,1
2201,1,251,53,27,80,1,1,1
2202,1,251,53,27,80,1,1,1
2203,1,251,53,27,80,1,1,1
2204,1,251,53,28,80,1,1,1
2205,1,251,53,28,79,1,1,1
2206,1,252,53,27,79,1,1,1
2207,1,252,53,27,79,1,1,1
2208,1,252,53,27,79,1,1,1
2209,1,252,53,27,78,1,1,1
2210,1,252,53,27,78,1,1,1
2211,1,253,52,27,79,1,1,1
2212,1,253,52,27,79,1,1,1
2213,1,253,52,27,79,1,1,1
2214,1,253,52,27,78,1,1,1
2215,1,253,52,27,78,1,1,1
2216,1,254,52,26,78,1,1,1
2217,1,254,52,27,78,1,1,1
2218,1,254,52,27,77,1,1,1
2219,1,254,52,27,77,1,1,1
2220,1,254,52,27,77,1,1,1
2221,1,255,52,26,77,1,1,1
2222,1,255,52,26,76,1,1,1
2223,1,255,52,26,76,1,1,1
2224,1,255,52,27,76,1,1,1
2225,1,256,52,26,76,1,1,1
2226,1,256,52,26,76,1,1,1
2227,1,256,52,26,75,1,1,1
2228,1,256,52,26,75,1,1,1
2229,1,256,52,26,75,1,1,1
2230,1,257,51,26,76,1,1,1
2231,1,257,51,26,75,1,1,1
2232,1,257,51,26,75,1,1,1
2233,1,257,51,26,75,1,1,1
2234,1,257,51,26,75,1,1,1
2235,1,258,51,25,75,1,1,1
2236,1,258,51,25,74,1,1,1
2237,1,258,51,26,74,1,1,1
2238,1,258,51,26,74,1,1,1
2239,1,258,51,26,74,1,1,1
2240,1,259,51,25,73,1,1,1
2241,1,259,51,25,73,1,1,1
2242,1,259,51,25,73,1,1,1
2243,1,259,51,26,73,1,1,1
2244,1,259,51,26,72,1,1,1
2245,1,260,51,25,72,1,1,1
2246,1,260,51,25,72,1,1,1
2247,1,260,51,25,72,1,1,1
2248,1,260,51,25,72,1,1,1
2249,1,260,51,25,71,1,1,1
2250,1,261,50,25,72,1,1,1
2251,1,261,50,25,72,1,1,1
2252,1,261,50,25,72,1,1,1
2253,1,261,50,25,71,1,1,1
2254,1,261,50,25,71,1,1,1
2255,1,262,50,24,71,1,1,1
2256,1,262,50,25,71,1,1,1
2257,1,262,50,25,71,1,1,1
2258,1,262,50,25,70,1,1,1
2259,1,263,50,24,70,1,1,1
2260,1,263,50,24,70,1,1,1
2261,1,263,50,24,70,1,1,1
2262,1,263,50,24,69,1,1,1
2263,1,263,50,25,69,1,1,1
2264,1,264,50,24,69,1,1,1
2265,1,264,50,24,69,1,1,1
2266,1,264,50,24,68,1,1,1
2267,1,264,50,24,68,1,1,1
2268,1,264,50,24,68,1,1,1
2269,1,265,49,24,69,1,1,1
2270,1,265,49,24,69,1,1,1
2271,1,265,49,24,68,1,1,1
2272,1,265,49,24,68,1,1,1
2273,1,265,49,24,68,1,1,1
2274,1,266,49,23,68,1,1,1
2275,1,266,49,23,67,1,1,1
2276,1,266,49,24,67,1,1,1
2277,1,266,49,24,67,1,1,1
2278,1,266,49,24,67,1,1,1
2279,1,267,49,23,67,1,1,1
2280,1,267,49,23,66,1,1,1
2281,1,267,49,23,66,1,1,1
2282,1,267,49,24,66,1,1,1
2283,1,267,49,24,66,1,1,1
2284,1,268,49,23,65,1,1,1
2285,1,268,49,23,65,1,1,1
2286,1,268,49,23,65,1,1,1
2287,1,268,49,23,65,1,1,1
2288,1,269,49,23,65,1,1,1
2289,1,269,48,23,65,1,1,1
2290,1,269,48,23,65,1,1,1
2291,1,269,48,23,65,1,1,1
2292,1,269,48,23,65,1,1,1
2293,1,269,48,23,64,1,1,1
2294,1,270,48,22,64,1,1,1
2295,1,270,48,23,64,1,1,1
2296,1,270,48,23,64,1,1,1
2297,1,270,48,23,63,1,1,1
2298,1,270,48,23,63,1,1,1
2299,1,270,48,23,63,1,1,1
2300,1,271,48,22,63,1,1,1
2301,1,271,48,22,63,1,1,1
2302,1,271,48,23,62,1,1,1
2303,1,271,48,23,62,1,1,1
2304,1,271,48,23,62,1,1,1
2305,1,272,48,22,62,1,1,1
2306,1,272,48,22,61,1,1,1
2307,1,272,48,22,61,1,1,1
2308,1,272,48,22,61,1,1,1
2309,1,272,48,23,61,1,1,1
2310,1,272,48,23,60,1,1,1
2311,1,273,48,22,60,1,1,1
2312,1,273,48,22,60,1,1,1
2313,1,273,48,22,60,1,1,1
2314,1,273,48,22,60,1,1,1
2315,1,273,48,22,59,1,1,1
2316,1,274,48,22,59,1,1,1
2317,1,274,48,22,59,1,1,1
2318,1,274,48,22,59,1,1,1
2319,1,274,47,22,59,1,1,1
2320,1,274,47,22,59,1,1,1
2321,1,274,47,22,59,1,1,1
2322,1,275,47,22,59,1,1,1
2323,1,275,47,22,58,1,1,1
2324,1,275,47,22,58,1,1,1
2325,1,275,47,22,58,1,1,1
2326,1,275,47,22,58,1,1,1
2327,1,276,47,21,58,1,1,1
2328,1,276,47,21,57,1,1,1
2329,1,276,47,22,57,1,1,1
2330,1,276,47,22,57,1,1,1
2331,1,276,47,22,57,1,1,1
2332,1,276,47,22,56,1,1,1
2333,1,277,47,21,56,1,1,1
2334,1,277,47,21,56,1,1,1
2335,1,277,47,21,56,1,1,1
2336,1,277,47,22,55,1,1,1
2337,1,277,47,22,55,1,1,1
2338,1,278,47,21,55,1,1,1
2339,1,278,47,21,55,1,1,1
2340,1,278,47,21,55,1,1,1
2341,1,278,47,21,54,1,1,1
2342,1,278,47,21,54,1,1,1
2343,1,278,47,22,54,1,1,1
2344,1,279,47,21,54,1,1,1
2345,1,279,47,21,53,1,1,1
2346,1,279,47,21,53,1,1,1
2347,1,279,47,21,53,1,1,1
2348,1,279,47,21,53,1,1,1
2349,1,280,47,21,53,1,1,1
2350,1,280,46,21,53,1,1,1
2351,1,280,46,21,53,1,1,1
2352,1,280,46,21,53,1,1,1
2353,1,280,46,21,53,1,1,1
2354,1,280,46,21,53,1,1,1
2355,1,280,46,21,53,1,1,1
2356,1,280,46,21,52,1,1,1
2357,1,280,46,21,52,1,1,1
2358,1,280,46,21,52,1,1,1
2359,1,280,46,21,52,1,1,1
2360,1,281,46,20,52,1,1,1
2361,1,281,46,20,52,1,1,1
2362,1,281,46,20,51,1,1,1
2363,1,281,46,20,51,1,1,1
2364,1,281,46,20,51,1,1,1
2365,1,281,46,20,51,1,1,1
2366,1,281,46,20,51,1,1,1
2367,1,281,46,20,51,1,1,1
2368,1,281,45,21,51,1,1,1
2369,1,281,45,21,51,1,1,1
2370,1,281,45,21,51,1,1,1
2371,1,282,45,20,51,1,1,1
2372,1,282,45,20,51,1,1,1
2373,1,282,45,20,51,1,1,1
2374,1,282,45,20,50,1,1,1
2375,1,282,45,20,50,1,1,1
2376,1,282,45,20,50,1,1,1
2377,1,282,45,20,50,1,1,1
2378,1,282,45,20,50,1,1,1
2379,1,282,45,20,50,1,1,1
2380,1,282,45,20,49,1,1,1
2381,1,283,45,19,49,1,1,1
2382,1,283,45,19,49,1,1,1
2383,1,283,45,19,49,1,1,1
2384,1,283,45,19,49,1,1,1
2385,1,283,45,19,49,1,1,1
2386,1,283,45,20,49,1,1,1
2387,1,283,44,20,49,1,1,1
2388,1,283,44,20,49,1,1,1
2389,1,283,44,20,49,1,1,1
2390,1,283,44,20,49,1,1,1
2391,1,283,44,20,49,1,1,1
2392,1,284,44,19,49,1,1,1
2393,1,284,44,19,48,1,1,1
2394,1,284,44,19,48,1,1,1
2395,1,284,44,19,48,1,1,1
2396,1,284,44,19,48,1,1,1
2397,1,284,44,19,48,1,1,1
2398,1,284,44,19,48,1,1,1
2399,1,284,44,19,47,1,1,1
2400,1,284,44,19,47,1,1,1
2401,1,284,44,19,47,1,1,1
2402,1,285,44,18,47,1,1,1
2403,1,285,44,18,47,1,1,1
2404,1,285,44,18,47,1,1,1
2405,1,285,43,19,47,1,1,1
2406,1,285,43,19,47,1,1,1
2407,1,285,43,19,47,1,1,1
2408,1,285,43,19,47,1,1,1
2409,1,285,43,19,47,1,1,1
2410,1,285,43,19,47,1,1,1
2411,1,285,43,19,46,1,1,1
2412,1,285,43,19,46,1,1,1
2413,1,286,43,18,46,1,1,1
2414,1,286,43,18,46,1,1,1
2415,1,286,43,18,46,1,1,1
2416,1,286,43,18,46,1,1,1
2417,1,286,43,18,45,1,1,1
2418,1,286,43,18,45,1,1,1
2419,1,286,43,18,45,1,1,1
2420,1,286,43,18,45,1,1,1
2421,1,286,43,18,45,1,1,1
2422,1,286,43,18,45,1,1,1
2423,1,287,43,18,45,1,1,1
2424,1,287,42,18,45,1,1,1
2425,1,287,42,18,45,1,1,1
2426,1,287,42,18,45,1,1,1
2427,1,288,42,18,45,1,1,1
2428,1,288,42,18,45,1,1,1
2429,1,288,42,18,45,1,1,1
2430,1,289,42,17,45,1,1,1
2431,1,289,42,18,45,1,1,1
2432,1,289,42,18,45,1,1,1
2433,1,289,42,18,45,1,1,1
2434,1,290,42,17,45,1,1,1
2435,1,290,42,18,45,1,1,1
2436,1,290,42,18,45,1,1,1
2437,1,291,42,17,45,1,1,1
2438,1,291,42,17,45,1,1,1
2439,1,291,42,18,45,1,1,1
2440,1,292,42,17,45,1,1,1
2441,1,292,42,17,45,1,1,1
2442,1,292,42,17,45,1,1,1
2443,1,292,42,18,45,1,1,1
2444,1,293,42,17,45,1,1,1
2445,1,293,42,17,45,1,1,1
2446,1,293,42,17,44,1,1,1
2447,1,294,42,17,44,1,1,1
2448,1,294,42,17,44,1,1,1
2449,1,294,42,17,44,1,1,1
2450,1,294,42,17,44,1,1,1
2451,1,295,42,17,44,1,1,1
2452,1,295,42,17,44,1,1,1
2453,1,295,42,17,44,1,1,1
2454,1,296,42,16,44,1,1,1
2455,1,296,42,17,44,1,1,1
2456,1,296,42,17,44,1,1,1
2457,1,297,42,16,44,1,1,1
2458,1,297,42,16,44,1,1,1
2459,1,297,42,17,44,1,1,1
2460,1,297,42,17,44,1,1,1
2461,1,298,42,16,44,1,1,1
2462,1,298,42,16,44,1,1,1
2463,1,298,42,17,44,1,1,1
2464,1,299,42,16,44,1,1,1
2465,1,299,42,16,44,1,1,1
2466,1,299,42,16,44,1,1,1
2467,1,300,42,16,44,1,1,1
2468,1,300,42,16,43,1,1,1
2469,1,301,42,16,43,1,1,1
2470,1,301,42,16,43,1,1,1
2471,1,302,42,16,43,1,1,1
2472,1,302,42,16,43,1,1,1
2473,1,303,42,16,43,1,1,1
2474,1,303,42,16,43,1,1,1
2475,1,304,42,16,43,1,1,1
2476,1,304,42,16,43,1,1,1
2477,1,305,42,16,43,1,1,1
2478,1,305,42,16,42,1,1,1
2479,1,306,42,16,42,1,1,1
2480,1,306,42,16,42,1,1,1
2481,1,307,42,16,42,1,1,1
2482,1,307,42,16,42,1,1,1
2483,1,308,42,16,42,1,1,1
2484,1,308,42,16,42,1,1,1
2485,1,309,42,16,42,1,1,1
2486,1,309,42,16,42,1,1,1
2487,1,310,42,16,42,1,1,1
2488,1,310,42,16,42,1,1,1
2489,1,311,42,16,41,1,1,1
2490,1,311,42,16,41,1,1,1
2491,1,312,42,16,41,1,1,1
2492,1,312,42,16,41,1,1,1
2493,1,313,42,16,41,1,1,1
2494,1,313,42,16,41,1,1,1
2495,1,314,42,16,41,1,1,1
2496,1,314,42,16,41,1,1,1
2497,1,315,42,16,41,1,1,1
2498,1,315,42,16,41,1,1,1
2499,1,316,42,16,41,1,1,1
1502,2,235,52,20,54,1,1,1
1503,2,235,52,20,54,1,1,1
1504,2,235,52,20,54,1,1,1
1505,2,235,52,20,54,1,1,1
1506,2,235,52,20,54,1,1,1
1507,2,235,52,20,54,1,1,1
1508,2,235,53,20,54,1,1,1
1509,2,234,53,20,54,1,1,1
1510,2,234,53,20,54,1,1,1
1511,2,234,53,20,54,1,1,1
1512,2,234,53,20,54,1,1,1
1513,2,233,53,21,54,1,1,1
1514,2,233,53,21,55,1,1,1
1515,2,233,53,20,55,1,1,1
1516,2,233,53,20,55,1,1,1
1517,2,233,53,20,55,1,1,1
1518,2,232,53,21,55,1,1,1
1519,2,232,53,21,55,1,1,1
1520,2,232,53,21,56,1,1,1
1521,2,232,53,20,56,1,1,1
1522,2,231,53,21,56,1,1,1
1523,2,231,53,21,56,1,1,1
1524,2,231,53,21,56,1,1,1
1525,2,231,53,21,57,1,1,1
1526,2,231,53,21,57,1,1,1
1527,2,230,53,21,57,1,1,1
1528,2,230,53,21,57,1,1,1
1529,2,230,53,21,57,1,1,1
1530,2,230,53,21,57,1,1,1
1531,2,229,53,22,58,1,1,1
1532,2,229,53,22,58,1,1,1
1533,2,229,53,21,58,1,1,1
1534,2,229,53,21,58,1,1,1
1535,2,229,53,21,58,1,1,1
1536,2,228,53,22,59,1,1,1
1537,2,228,53,22,59,1,1,1
1538,2,228,53,22,59,1,1,1
1539,2,228,53,21,59,1,1,1
1540,2,227,53,22,59,1,1,1
1541,2,227,53,22,59,1,1,1
1542,2,227,53,22,60,1,1,1
1543,2,227,54,22,59,1,1,1
1544,2,227,54,22,59,1,1,1
1545,2,226,54,23,59,1,1,1
1546,2,226,54,22,59,1,1,1
1547,2,226,54,22,60,1,1,1
1548,2,226,54,22,60,1,1,1
1549,2,226,54,22,60,1,1,1
1550,2,225,54,23,60,1,1,1
1551,2,225,54,23,60,1,1,1
1552,2,225,54,22,60,1,1,1
1553,2,225,54,22,61,1,1,1
1554,2,224,54,23,61,1,1,1
1555,2,224,54,23,61,1,1,1
1556,2,224,54,23,61,1,1,1
1557,2,224,54,23,61,1,1,1
1558,2,224,54,22,62,1,1,1
1559,2,223,54,23,62,1,1,1
1560,2,223,54,23,62,1,1,1
1561,2,223,54,23,62,1,1,1
1562,2,223,54,23,62,1,1,1
1563,2,222,54,24,62,1,1,1
1564,2,222,54,23,63,1,1,1
1565,2,222,54,23,63,1,1,1
1566,2,222,54,23,63,1,1,1
1567,2,222,54,23,63,1,1,1
1568,2,221,54,24,63,1,1,1
1569,2,221,54,24,64,1,1,1
1570,2,221,54,23,64,1,1,1
1571,2,221,54,23,64,1,1,1
1572,2,220,54,24,64,1,1,1
1573,2,220,54,24,64,1,1,1
1574,2,220,54,24,64,1,1,1
1575,2,220,54,24,65,1,1,1
1576,2,220,54,23,65,1,1,1
1577,2,219,54,24,65,1,1,1
1578,2,219,55,24,64,1,1,1
1579,2,219,55,24,64,1,1,1
1580,2,219,55,24,65,1,1,1
1581,2,219,55,24,65,1,1,1
1582,2,218,55,25,65,1,1,1
1583,2,218,55,24,65,1,1,1
1584,2,218,55,24,65,1,1,1
1585,2,218,55,24,65,1,1,1
1586,2,217,55,25,66,1,1,1
1587,2,217,55,25,66,1,1,1
1588,2,217,55,25,66,1,1,1
1589,2,217,55,24,66,1,1,1
1590,2,217,55,24,66,1,1,1
1591,2,216,55,25,67,1,1,1
1592,2,216,55,25,67,1,1,1
1593,2,216,55,25,67,1,1,1
1594,2,216,55,25,67,1,1,1
1595,2,215,55,25,67,1,1,1
1596,2,215,55,25,67,1,1,1
1597,2,215,55,25,68,1,1,1
1598,2,215,55,25,68,1,1,1
1599,2,215,55,25,68,1,1,1
1600,2,214,55,26,68,1,1,1
1601,2,214,55,25,68,1,1,1
1602,2,214,55,25,69,1,1,1
1603,2,214,55,25,69,1,1,1
1604,2,213,55,26,69,1,1,1
1605,2,213,55,26,69,1,1,1
1606,2,213,55,26,69,1,1,1
1607,2,213,55,25,69,1,1,1
1608,2,213,55,25,70,1,1,1
1609,2,212,55,26,70,1,1,1
1610,2,212,55,26,70,1,1,1
1611,2,212,55,26,70,1,1,1
1612,2,212,55,26,70,1,1,1
1613,2,212,56,26,70,1,1,1
1614,2,211,56,26,70,1,1,1
1615,2,211,56,26,70,1,1,1
1616,2,210,56,27,70,1,1,1
1617,2,210,56,26,71,1,1,1
1618,2,210,56,26,71,1,1,1
1619,2,209,56,27,71,1,1,1
1620,2,209,56,27,72,1,1,1
1621,2,209,56,26,72,1,1,1
1622,2,208,56,27,72,1,1,1
1623,2,208,56,27,73,1,1,1
1624,2,208,56,26,73,1,1,1
1625,2,207,56,27,73,1,1,1
1626,2,207,56,27,74,1,1,1
1627,2,207,56,27,74,1,1,1
1628,2,206,56,27,74,1,1,1
1629,2,206,56,27,75,1,1,1
1630,2,206,56,27,75,1,1,1
1631,2,205,56,28,75,1,1,1
1632,2,205,56,27,75,1,1,1
1633,2,205,57,27,75,1,1,1
1634,2,204,57,28,75,1,1,1
1635,2,204,57,27,75,1,1,1
1636,2,203,57,28,76,1,1,1
1637,2,203,57,28,76,1,1,1
1638,2,203,57,28,76,1,1,1
1639,2,202,57,28,77,1,1,1
1640,2,202,57,28,77,1,1,1
1641,2,202,57,28,77,1,1,1
1642,2,201,57,29,78,1,1,1
1643,2,201,57,28,78,1,1,1
1644,2,201,57,28,78,1,1,1
1645,2,200,57,29,79,1,1,1
1646,2,200,57,28,79,1,1,1
1647,2,200,57,28,79,1,1,1
1648,2,199,57,29,79,1,1,1
1649,2,199,57,29,80,1,1,1
1650,2,199,57,28,80,1,1,1
1651,2,198,57,29,80,1,1,1
1652,2,198,57,29,81,1,1,1
1653,2,198,58,29,80,1,1,1
1654,2,197,58,29,80,1,1,1
1655,2,197,58,29,81,1,1,1
1656,2,196,58,30,81,1,1,1
1657,2,196,58,29,81,1,1,1
1658,2,196,58,29,82,1,1,1
1659,2,195,58,30,82,1,1,1
1660,2,195,58,30,82,1,1,1
1661,2,195,58,29,83,1,1,1
1662,2,194,58,30,83,1,1,1
1663,2,194,58,30,83,1,1,1
1664,2,194,58,29,83,1,1,1
1665,2,193,58,30,84,1,1,1
1666,2,193,58,30,84,1,1,1
1667,2,193,58,30,84,1,1,1
1668,2,192,58,30,85,1,1,1
1669,2,192,58,30,85,1,1,1
1670,2,192,58,30,85,1,1,1
1671,2,191,58,31,86,1,1,1
1672,2,191,58,30,86,1,1,1
1673,2,191,59,30,85,1,1,1
1674,2,190,59,31,86,1,1,1
1675,2,190,59,30,86,1,1,1
1676,2,189,59,31,86,1,1,1
1677,2,189,59,31,87,1,1,1
1678,2,189,59,31,87,1,1,1
1679,2,188,59,31,87,1,1,1
1680,2,188,59,31,87,1,1,1
1681,2,188,59,31,88,1,1,1
1682,2,187,59,32,88,1,1,1
1683,2,187,59,31,88,1,1,1
1684,2,187,59,31,89,1,1,1
1685,2,186,59,32,89,1,1,1
1686,2,186,59,31,89,1,1,1
1687,2,186,59,31,90,1,1,1
1688,2,185,59,32,90,1,1,1
1689,2,185,59,32,90,1,1,1
1690,2,185,59,31,91,1,1,1
1691,2,184,59,32,91,1,1,1
1692,2,184,59,32,91,1,1,1
1693,2,184,60,32,91,1,1,1
1694,2,183,60,32,91,1,1,1
1695,2,183,60,32,91,1,1,1
1696,2,182,60,32,92,1,1,1
1697,2,182,60,32,92,1,1,1
1698,2,181,60,32,93,1,1,1
1699,2,181,60,32,93,1,1,1
1700,2,180,60,33,93,1,1,1
1701,2,180,60,32,94,1,1,1
1702,2,179,60,33,94,1,1,1
1703,2,179,60,32,95,1,1,1
1704,2,178,60,33,95,1,1,1
1705,2,178,60,33,95,1,1,1
1706,2,177,61,33,95,1,1,1
1707,2,177,61,33,95,1,1,1
1708,2,176,61,33,96,1,1,1
1709,2,176,61,33,96,1,1,1
1710,2,175,61,34,96,1,1,1
1711,2,175,61,33,97,1,1,1
1712,2,174,61,34,97,1,1,1
1713,2,174,61,33,98,1,1,1
1714,2,173,61,34,98,1,1,1
1715,2,173,61,34,98,1,1,1
1716,2,172,61,34,99,1,1,1
1717,2,172,61,34,99,1,1,1
1718,2,171,62,34,99,1,1,1
1719,2,171,62,34,99,1,1,1
1720,2,170,62,34,100,1,1,1
1721,2,170,62,34,100,1,1,1
1722,2,169,62,35,100,1,1,1
1723,2,169,62,34,101,1,1,1
1724,2,168,62,35,101,1,1,1
1725,2,168,62,34,102,1,1,1
1726,2,167,62,35,102,1,1,1
1727,2,167,62,35,102,1,1,1
1728,2,166,62,35,103,1,1,1
1729,2,166,62,35,103,1,1,1
1730,2,165,63,35,103,1,1,1
1731,2,165,63,35,103,1,1,1
1732,2,164,63,36,103,1,1,1
1733,2,164,63,35,104,1,1,1
1734,2,163,63,36,104,1,1,1
1735,2,163,63,35,105,1,1,1
1736,2,162,63,36,105,1,1,1
1737,2,162,63,36,105,1,1,1
1738,2,161,63,36,106,1,1,1
1739,2,161,63,36,106,1,1,1
1740,2,160,63,36,107,1,1,1
1741,2,160,63,36,107,1,1,1
1742,2,160,64,36,107,1,1,1
1743,2,158,64,36,107,1,1,1
1744,2,157,64,36,108,1,1,1
1745,2,155,64,37,109,1,1,1
1746,2,154,64,37,109,1,1,1
1747,2,153,64,37,110,1,1,1
1748,2,151,64,38,111,1,1,1
1749,2,150,65,38,110,1,1,1
1750,2,149,65,38,111,1,1,1
1751,2,147,65,39,112,1,1,1
1752,2,146,65,39,112,1,1,1
1753,2,144,65,40,113,1,1,1
1754,2,143,65,40,114,1,1,1
1755,2,142,66,40,113,1,1,1
1756,2,140,66,41,114,1,1,1
1757,2,139,66,41,115,1,1,1
1758,2,138,66,41,115,1,1,1
1759,2,136,66,42,116,1,1,1
1760,2,135,66,42,117,1,1,1
1761,2,134,67,42,117,1,1,1
1762,2,133,67,42,117,1,1,1
1763,2,132,67,42,118,1,1,1
1764,2,131,67,42,119,1,1,1
1765,2,130,67,43,120,1,1,1
1766,2,129,67,43,121,1,1,1
1767,2,128,67,43,122,1,1,1
1768,2,127,68,44,121,1,1,1
1769,2,126,68,44,122,1,1,1
1770,2,126,68,43,123,1,1,1
1771,2,125,68,44,124,1,1,1
1772,2,124,68,44,125,1,1,1
1773,2,123,68,44,126,1,1,1
1774,2,122,68,45,127,1,1,1
1775,2,121,69,45,126,1,1,1
1776,2,120,69,45,127,1,1,1
1777,2,119,69,46,128,1,1,1
1778,2,119,69,45,129,1,1,1
1779,2,118,69,45,130,1,1,1
1780,2,117,69,46,131,1,1,1
1781,2,116,69,46,132,1,1,1
1782,2,115,70,46,131,1,1,1
1783,2,114,70,47,132,1,1,1
1784,2,113,70,47,133,1,1,1
1785,2,112,70,47,134,1,1,1
1786,2,111,70,48,135,1,1,1
1787,2,111,70,47,136,1,1,1
1788,2,110,70,47,137,1,1,1
1789,2,109,71,48,136,1,1,1
1790,2,108,71,48,137,1,1,1
1791,2,107,71,48,138,1,1,1
1792,2,106,71,49,139,1,1,1
1793,2,105,71,49,140,1,1,1
1794,2,104,71,49,141,1,1,1
1795,2,104,72,49,141,1,1,1
1796,2,102,72,49,142,1,1,1
1797,2,101,72,49,143,1,1,1
1798,2,99,72,50,144,1,1,1
1799,2,98,72,50,145,1,1,1
1800,2,96,72,51,146,1,1,1
1801,2,95,72,51,147,1,1,1
1802,2,93,72,52,148,1,1,1
1803,2,92,73,52,148,1,1,1
1804,2,90,73,53,150,1,1,1
1805,2,89,73,53,151,1,1,1
1806,2,87,73,54,152,1,1,1
1807,2,86,73,54,153,1,1,1
1808,2,84,73,55,154,1,1,1
1809,2,83,73,55,155,1,1,1
1810,2,82,74,54,155,1,1,1
1811,2,80,74,55,156,1,1,1
1812,2,79,74,55,157,1,1,1
1813,2,77,74,56,159,1,1,1
1814,2,76,74,56,160,1,1,1
1815,2,74,74,57,161,1,1,1
1816,2,73,74,57,162,1,1,1
1817,2,71,75,58,162,1,1,1
1818,2,70,75,58,163,1,1,1
1819,2,68,75,59,164,1,1,1
1820,2,67,75,59,165,1,1,1
1821,2,65,75,60,167,1,1,1
1822,2,64,75,60,168,1,1,1
1823,2,62,75,61,169,1,1,1
1824,2,61,76,60,169,1,1,1
1825,2,60,76,60,170,1,1,1
1826,2,58,76,61,171,1,1,1
1827,2,57,76,61,172,1,1,1
1828,2,55,76,62,173,1,1,1
1829,2,54,76,62,174,1,1,1
1830,2,52,76,63,176,1,1,1
1831,2,51,77,63,176,1,1,1
1832,2,49,77,64,177,1,1,1
1833,2,48,77,64,178,1,1,1
1834,2,46,77,65,179,1,1,1
1835,2,45,77,65,180,1,1,1
1836,2,43,77,66,181,1,1,1
1837,2,42,77,66,182,1,1,1
1838,2,41,78,66,183,1,1,1
1839,2,39,78,65,184,1,1,1
1840,2,37,79,65,184,1,1,1
1841,2,35,79,65,185,1,1,1
1842,2,33,80,65,185,1,1,1
1843,2,31,80,65,186,1,1,1
1844,2,29,81,65,186,1,1,1
1845,2,27,81,65,187,1,1,1
1846,2,26,82,63,188,1,1,1
1847,2,24,82,63,189,1,1,1
1848,2,22,83,63,189,1,1,1
1849,2,20,83,63,190,1,1,1
1850,2,18,84,63,190,1,1,1
1851,2,16,84,63,191,1,1,1
1852,2,14,85,63,191,1,1,1
1853,2,13,85,61,193,1,1,1
1854,2,11,86,61,193,1,1,1
1855,2,9,86,61,194,1,1,1
1856,2,7,87,61,194,1,1,1
1857,2,5,87,61,195,1,1,1
1858,2,3,88,61,195,1,1,1
1859,2,1,88,61,196,1,1,1
2499,2,293,45,17,42,1,1,1
1502,3,139,44,20,54,1,1,1
1503,3,139,44,19,54,1,1,1
1504,3,138,44,20,54,1,1,1
1505,3,138,44,19,54,1,1,1
1506,3,138,44,19,54,1,1,1
1507,3,137,44,20,54,1,1,1
1508,3,137,44,19,54,1,1,1
1509,3,136,44,20,55,1,1,1
1510,3,136,44,20,55,1,1,1
1511,3,136,44,19,55,1,1,1
1512,3,135,44,20,55,1,1,1
1513,3,135,44,20,55,1,1,1
1514,3,135,44,19,55,1,1,1
1515,3,134,44,20,55,1,1,1
1516,3,134,44,20,56,1,1,1
1517,3,133,44,20,56,1,1,1
1518,3,133,44,20,56,1,1,1
1519,3,133,44,19,56,1,1,1
1520,3,132,44,20,56,1,1,1
1521,3,132,44,20,56,1,1,1
1522,3,132,44,19,56,1,1,1
1523,3,131,44,20,57,1,1,1
1524,3,131,44,20,57,1,1,1
1525,3,131,44,19,57,1,1,1
1526,3,130,44,20,57,1,1,1
1527,3,130,44,20,57,1,1,1
1528,3,129,44,20,57,1,1,1
1529,3,129,44,20,57,1,1,1
1530,3,129,44,20,58,1,1,1
1531,3,128,44,20,58,1,1,1
1532,3,128,44,20,58,1,1,1
1533,3,128,44,19,58,1,1,1
1534,3,127,44,20,58,1,1,1
1535,3,127,44,20,58,1,1,1
1536,3,126,44,20,58,1,1,1
1537,3,126,44,20,59,1,1,1
1538,3,126,44,20,59,1,1,1
1539,3,125,44,20,59,1,1,1
1540,3,125,44,20,59,1,1,1
1541,3,125,44,20,59,1,1,1
1542,3,124,44,20,59,1,1,1
1543,3,124,44,20,59,1,1,1
1544,3,124,44,20,60,1,1,1
1545,3,123,44,20,60,1,1,1
1546,3,123,44,20,60,1,1,1
1547,3,122,44,20,60,1,1,1
1548,3,122,44,20,60,1,1,1
1549,3,121,44,21,60,1,1,1
1550,3,121,44,20,60,1,1,1
1551,3,121,44,20,60,1,1,1
1552,3,120,44,20,60,1,1,1
1553,3,120,44,20,61,1,1,1
1554,3,119,44,21,61,1,1,1
1555,3,119,44,20,61,1,1,1
1556,3,118,44,21,61,1,1,1
1557,3,118,44,20,61,1,1,1
1558,3,118,44,20,61,1,1,1
1559,3,117,44,21,61,1,1,1
1560,3,117,44,20,61,1,1,1
1561,3,116,44,21,61,1,1,1
1562,3,116,44,21,62,1,1,1
1563,3,116,44,20,62,1,1,1
1564,3,115,44,21,62,1,1,1
1565,3,115,44,20,62,1,1,1
1566,3,114,44,21,62,1,1,1
1567,3,114,44,21,62,1,1,1
1568,3,113,44,21,62,1,1,1
1569,3,113,44,21,62,1,1,1
1570,3,113,44,20,62,1,1,1
1571,3,112,44,21,63,1,1,1
1572,3,112,44,21,63,1,1,1
1573,3,111,44,21,63,1,1,1
1574,3,111,44,21,63,1,1,1
1575,3,111,44,21,63,1,1,1
1576,3,110,44,21,63,1,1,1
1577,3,110,44,21,63,1,1,1
1578,3,109,44,21,63,1,1,1
1579,3,109,44,21,63,1,1,1
1580,3,108,44,22,64,1,1,1
1581,3,108,44,21,64,1,1,1
1582,3,108,44,21,64,1,1,1
1583,3,107,44,21,64,1,1,1
1584,3,107,44,21,64,1,1,1
1585,3,106,44,22,64,1,1,1
1586,3,106,44,21,64,1,1,1
1587,3,105,44,22,64,1,1,1
1588,3,105,44,21,64,1,1,1
1589,3,105,44,21,65,1,1,1
1590,3,104,44,22,65,1,1,1
1591,3,104,44,21,65,1,1,1
1592,3,103,44,22,65,1,1,1
1593,3,103,44,22,65,1,1,1
1594,3,103,44,21,65,1,1,1
1595,3,102,44,22,65,1,1,1
1596,3,102,44,21,65,1,1,1
1597,3,101,44,22,65,1,1,1
1598,3,101,44,22,66,1,1,1
1599,3,100,44,22,66,1,1,1
1600,3,100,44,22,66,1,1,1
1601,3,100,44,21,66,1,1,1
1602,3,99,44,22,66,1,1,1
1603,3,99,44,22,66,1,1,1
1604,3,98,44,22,66,1,1,1
1605,3,98,44,22,66,1,1,1
1606,3,98,44,22,67,1,1,1
1607,3,97,44,22,67,1,1,1
1608,3,96,44,22,67,1,1,1
1609,3,95,44,22,67,1,1,1
1610,3,95,44,22,67,1,1,1
1611,3,94,44,22,67,1,1,1
1612,3,93,44,22,67,1,1,1
1613,3,92,44,23,67,1,1,1
1614,3,92,44,22,67,1,1,1
1615,3,91,44,22,68,1,1,1
1616,3,90,44,23,68,1,1,1
1617,3,89,44,23,68,1,1,1
1618,3,89,44,22,68,1,1,1
1619,3,88,44,23,68,1,1,1
1620,3,87,44,23,68,1,1,1
1621,3,87,44,22,68,1,1,1
1622,3,86,44,23,68,1,1,1
1623,3,85,44,23,69,1,1,1
1624,3,84,44,23,69,1,1,1
1625,3,84,44,23,69,1,1,1
1626,3,83,44,23,69,1,1,1
1627,3,82,44,23,69,1,1,1
1628,3,81,44,24,69,1,1,1
1629,3,81,44,23,69,1,1,1
1630,3,80,44,23,69,1,1,1
1631,3,79,44,24,69,1,1,1
1632,3,79,44,23,70,1,1,1
1633,3,78,44,23,70,1,1,1
1634,3,77,44,24,70,1,1,1
1635,3,76,44,24,70,1,1,1
1636,3,76,44,23,70,1,1,1
1637,3,75,44,23,70,1,1,1
1638,3,74,44,24,70,1,1,1
1639,3,73,44,24,70,1,1,1
1640,3,73,44,23,71,1,1,1
1641,3,72,44,24,71,1,1,1
1642,3,71,44,24,71,1,1,1
1643,3,71,44,23,71,1,1,1
1644,3,70,44,24,71,1,1,1
1645,3,69,44,24,71,1,1,1
1646,3,68,44,24,71,1,1,1
1647,3,68,44,24,71,1,1,1
1648,3,67,44,24,71,1,1,1
1649,3,66,44,24,72,1,1,1
1650,3,65,44,25,72,1,1,1
1651,3,65,44,24,72,1,1,1
1652,3,64,44,24,72,1,1,1
1653,3,63,44,25,72,1,1,1
1654,3,63,44,24,72,1,1,1
1655,3,62,44,24,72,1,1,1
1656,3,61,44,25,72,1,1,1
1657,3,60,44,25,73,1,1,1
1658,3,60,44,24,73,1,1,1
1659,3,59,44,25,73,1,1,1
1660,3,58,44,25,73,1,1,1
1661,3,57,44,25,73,1,1,1
1662,3,57,44,25,73,1,1,1
1663,3,56,44,25,73,1,1,1
1664,3,55,44,25,73,1,1,1
1665,3,55,45,25,73,1,1,1
1666,3,54,44,25,74,1,1,1
1667,3,53,44,26,74,1,1,1
1668,3,53,44,25,74,1,1,1
1669,3,52,44,26,74,1,1,1
1670,3,52,44,25,74,1,1,1
1671,3,51,44,26,74,1,1,1
1672,3,51,44,25,74,1,1,1
1673,3,50,44,26,74,1,1,1
1674,3,50,44,25,74,1,1,1
1675,3,49,44,26,74,1,1,1
1676,3,49,44,26,75,1,1,1
1677,3,48,44,26,75,1,1,1
1678,3,47,44,27,75,1,1,1
1679,3,47,44,26,75,1,1,1
1680,3,46,44,27,75,1,1,1
1681,3,46,44,26,75,1,1,1
1682,3,45,44,27,75,1,1,1
1683,3,45,44,26,75,1,1,1
1684,3,44,44,27,75,1,1,1
1685,3,44,44,26,75,1,1,1
1686,3,43,44,27,75,1,1,1
1687,3,43,44,27,76,1,1,1
1688,3,42,44,27,76,1,1,1
1689,3,41,44,27,76,1,1,1
1690,3,40,44,27,76,1,1,1
1691,3,40,44,27,76,1,1,1
1692,3,39,44,27,76,1,1,1
1693,3,38,44,27,77,1,1,1
1694,3,37,44,28,77,1,1,1
1695,3,37,44,27,77,1,1,1
1696,3,36,44,27,77,1,1,1
1697,3,35,44,28,77,1,1,1
1698,3,35,44,27,78,1,1,1
1699,3,34,44,27,78,1,1,1
1700,3,33,44,27,78,1,1,1
1701,3,32,44,28,78,1,1,1
1702,3,32,44,27,78,1,1,1
1703,3,31,44,27,78,1,1,1
1704,3,30,44,28,79,1,1,1
1705,3,30,44,27,79,1,1,1
1706,3,29,44,27,79,1,1,1
1707,3,28,44,28,79,1,1,1
1708,3,27,44,28,79,1,1,1
1709,3,27,44,27,80,1,1,1
1710,3,26,44,27,80,1,1,1
1711,3,25,44,28,80,1,1,1
1712,3,25,44,27,80,1,1,1
1713,3,24,44,27,80,1,1,1
1714,3,23,44,28,80,1,1,1
1715,3,22,44,28,81,1,1,1
1716,3,22,44,27,81,1,1,1
1717,3,21,45,28,80,1,1,1
1718,3,20,45,28,80,1,1,1
1719,3,20,45,27,80,1,1,1
1720,3,19,45,27,81,1,1,1
1721,3,18,45,28,81,1,1,1
1722,3,17,45,28,81,1,1,1
1723,3,17,45,27,81,1,1,1
1724,3,16,45,28,81,1,1,1
1725,3,15,45,28,81,1,1,1
1726,3,15,45,27,82,1,1,1
1727,3,14,45,28,82,1,1,1
1728,3,13,45,28,82,1,1,1
1729,3,12,45,28,82,1,1,1
1730,3,12,45,27,82,1,1,1
1731,3,11,45,28,83,1,1,1
1732,3,10,45,28,83,1,1,1
1733,3,10,45,27,83,1,1,1
1734,3,9,45,28,83,1,1,1
1735,3,8,45,28,83,1,1,1
1736,3,7,45,28,83,1,1,1
1737,3,7,45,28,84,1,1,1
1738,3,6,45,28,84,1,1,1
1739,3,5,45,28,84,1,1,1
1740,3,5,45,27,84,1,1,1
1741,3,4,45,28,84,1,1,1
1742,3,3,45,28,85,1,1,1
1743,3,2,45,28,85,1,1,1
1744,3,2,45,28,85,1,1,1
1745,3,1,45,28,85,1,1,1
1746,3,0,45,28,85,1,1,1
1747,3,0,46,28,85,1,1,1
1748,3,0,46,27,85,1,1,1
1749,3,0,46,26,85,1,1,1
1750,3,0,46,26,85,1,1,1
1751,3,0,46,25,86,1,1,1
1752,3,0,46,25,86,1,1,1
1753,3,0,46,24,86,1,1,1
2499,3,313,44,19,50,1,1,1
1796,4,329,44,16,36,1,1,1
1797,4,328,44,16,36,1,1,1
1798,4,328,44,16,36,1,1,1
1799,4,327,44,16,36,1,1,1
1800,4,327,44,16,36,1,1,1
1801,4,326,44,16,36,1,1,1
1802,4,326,44,16,36,1,1,1
1803,4,325,44,17,37,1,1,1
1804,4,325,44,16,37,1,1,1
1805,4,324,44,17,37,1,1,1
1806,4,324,44,16,37,1,1,1
1807,4,323,44,17,37,1,1,1
1808,4,323,44,16,37,1,1,1
1809,4,323,44,16,37,1,1,1
1810,4,322,44,17,38,1,1,1
1811,4,322,44,16,38,1,1,1
1812,4,321,44,17,38,1,1,1
1813,4,321,44,16,38,1,1,1
1814,4,320,44,17,38,1,1,1
1815,4,320,44,16,38,1,1,1
1816,4,319,44,17,38,1,1,1
1817,4,319,44,17,39,1,1,1
1818,4,318,44,17,39,1,1,1
1819,4,318,44,17,39,1,1,1
1820,4,317,44,17,39,1,1,1
1821,4,317,44,17,39,1,1,1
1822,4,317,44,16,39,1,1,1
1823,4,316,44,17,39,1,1,1
1824,4,316,44,17,40,1,1,1
1825,4,315,44,17,40,1,1,1
1826,4,315,44,17,40,1,1,1
1827,4,314,44,17,40,1,1,1
1828,4,314,45,17,39,1,1,1
1829,4,313,45,17,39,1,1,1
1830,4,313,45,17,39,1,1,1
1831,4,312,45,18,40,1,1,1
1832,4,312,45,17,40,1,1,1
1833,4,311,45,18,40,1,1,1
1834,4,311,45,17,40,1,1,1
1835,4,311,45,17,40,1,1,1
1836,4,310,45,17,40,1,1,1
1837,4,310,45,17,40,1,1,1
1838,4,309,45,18,41,1,1,1
1839,4,309,45,17,41,1,1,1
1840,4,308,45,18,41,1,1,1
1841,4,308,45,17,41,1,1,1
1842,4,307,45,18,41,1,1,1
1843,4,307,45,17,41,1,1,1
1844,4,306,45,18,41,1,1,1
1845,4,306,45,18,42,1,1,1
1846,4,305,45,18,42,1,1,1
1847,4,305,45,18,42,1,1,1
1848,4,305,45,17,42,1,1,1
1849,4,304,45,18,42,1,1,1
1850,4,304,45,17,42,1,1,1
1851,4,303,45,18,42,1,1,1
1852,4,303,45,18,43,1,1,1
1853,4,302,45,18,43,1,1,1
1854,4,302,45,18,43,1,1,1
1855,4,301,45,18,43,1,1,1
1856,4,301,45,18,43,1,1,1
1857,4,300,45,18,43,1,1,1
1858,4,300,45,18,43,1,1,1
1859,4,300,46,18,43,1,1,1
1860,4,299,46,18,43,1,1,1
1861,4,299,46,18,43,1,1,1
1862,4,299,46,18,43,1,1,1
1863,4,298,46,18,43,1,1,1
1864,4,298,46,18,43,1,1,1
1865,4,298,46,18,43,1,1,1
1866,4,297,46,18,44,1,1,1
1867,4,297,46,18,44,1,1,1
1868,4,297,46,18,44,1,1,1
1869,4,296,46,19,44,1,1,1
1870,4,296,46,18,44,1,1,1
1871,4,296,46,18,44,1,1,1
1872,4,295,46,19,44,1,1,1
1873,4,295,46,18,45,1,1,1
1874,4,295,46,18,45,1,1,1
1875,4,294,47,19,44,1,1,1
1876,4,294,47,19,44,1,1,1
1877,4,294,47,18,44,1,1,1
1878,4,293,47,19,44,1,1,1
1879,4,293,47,19,45,1,1,1
1880,4,293,47,18,45,1,1,1
1881,4,293,47,18,45,1,1,1
1882,4,292,47,19,45,1,1,1
1883,4,292,47,18,45,1,1,1
1884,4,292,47,18,45,1,1,1
1885,4,291,47,19,45,1,1,1
1886,4,291,47,19,46,1,1,1
1887,4,291,47,18,46,1,1,1
1888,4,290,47,19,46,1,1,1
1889,4,290,47,19,46,1,1,1
1890,4,290,47,18,46,1,1,1
1891,4,289,48,19,45,1,1,1
1892,4,289,48,19,45,1,1,1
1893,4,289,48,19,46,1,1,1
1894,4,288,48,19,46,1,1,1
1895,4,288,48,19,46,1,1,1
1896,4,288,48,19,46,1,1,1
1897,4,287,48,19,46,1,1,1
1898,4,287,48,19,46,1,1,1
1899,4,287,48,19,47,1,1,1
1900,4,286,48,19,47,1,1,1
1901,4,286,48,19,47,1,1,1
1902,4,286,48,19,47,1,1,1
1903,4,286,48,19,47,1,1,1
1904,4,285,48,19,47,1,1,1
1905,4,285,48,19,47,1,1,1
1906,4,285,48,19,48,1,1,1
1907,4,284,49,19,47,1,1,1
1908,4,284,49,19,47,1,1,1
1909,4,284,49,19,47,1,1,1
1910,4,283,49,20,47,1,1,1
1911,4,283,49,19,47,1,1,1
1912,4,283,49,19,47,1,1,1
1913,4,282,49,20,48,1,1,1
1914,4,282,49,19,48,1,1,1
1915,4,282,49,19,48,1,1,1
1916,4,281,49,20,48,1,1,1
1917,4,281,49,19,48,1,1,1
1918,4,281,49,19,48,1,1,1
1919,4,280,49,20,49,1,1,1
1920,4,280,49,20,49,1,1,1
1921,4,280,49,19,49,1,1,1
1922,4,280,50,19,48,1,1,1
1923,4,279,50,20,48,1,1,1
1924,4,279,50,19,48,1,1,1
1925,4,279,50,19,48,1,1,1
1926,4,278,50,20,49,1,1,1
1927,4,278,50,20,49,1,1,1
1928,4,278,50,19,49,1,1,1
1929,4,277,50,20,49,1,1,1
1930,4,277,50,20,49,1,1,1
1931,4,277,50,19,49,1,1,1
1932,4,276,50,20,50,1,1,1
1933,4,276,50,20,50,1,1,1
1934,4,276,50,19,50,1,1,1
1935,4,275,50,20,50,1,1,1
1936,4,275,50,20,50,1,1,1
1937,4,275,50,20,50,1,1,1
1938,4,274,51,20,49,1,1,1
1939,4,274,51,20,50,1,1,1
1940,4,274,51,20,50,1,1,1
1941,4,273,51,20,50,1,1,1
1942,4,273,51,20,50,1,1,1
1943,4,273,51,20,50,1,1,1
1944,4,273,51,20,50,1,1,1
1945,4,272,51,20,50,1,1,1
1946,4,272,51,20,51,1,1,1
1947,4,272,51,20,51,1,1,1
1948,4,271,51,20,51,1,1,1
1949,4,271,51,20,51,1,1,1
1950,4,271,51,20,51,1,1,1
1951,4,270,51,20,51,1,1,1
1952,4,270,51,20,52,1,1,1
1953,4,270,51,20,52,1,1,1
1954,4,269,52,21,51,1,1,1
1955,4,269,52,20,51,1,1,1
1956,4,269,52,20,51,1,1,1
1957,4,268,52,21,51,1,1,1
1958,4,268,52,20,51,1,1,1
1959,4,268,52,20,52,1,1,1
1960,4,267,52,21,52,1,1,1
1961,4,267,52,21,52,1,1,1
1962,4,267,52,20,52,1,1,1
1963,4,266,52,21,52,1,1,1
1964,4,266,52,21,52,1,1,1
1965,4,266,52,20,52,1,1,1
1966,4,266,52,20,53,1,1,1
1967,4,265,52,21,53,1,1,1
1968,4,265,52,20,53,1,1,1
1969,4,265,52,20,53,1,1,1
1970,4,264,53,21,52,1,1,1
1971,4,264,53,21,52,1,1,1
1972,4,264,53,20,53,1,1,1
1973,4,263,53,21,53,1,1,1
1974,4,263,53,21,53,1,1,1
1975,4,263,53,20,53,1,1,1
1976,4,262,53,21,53,1,1,1
1977,4,262,53,21,53,1,1,1
1978,4,262,53,21,53,1,1,1
1979,4,261,53,21,54,1,1,1
1980,4,261,53,21,54,1,1,1
1981,4,261,53,21,54,1,1,1
1982,4,260,53,21,54,1,1,1
1983,4,260,53,21,54,1,1,1
1984,4,260,53,21,54,1,1,1
1985,4,260,54,21,54,1,1,1
1986,4,259,54,21,54,1,1,1
1987,4,259,54,21,54,1,1,1
1988,4,258,54,22,54,1,1,1
1989,4,258,54,21,55,1,1,1
1990,4,258,54,21,55,1,1,1
1991,4,257,54,22,55,1,1,1
1992,4,257,54,22,56,1,1,1
1993,4,256,54,22,56,1,1,1
1994,4,256,54,22,56,1,1,1
1995,4,256,54,22,56,1,1,1
1996,4,255,54,22,57,1,1,1
1997,4,255,54,22,57,1,1,1
1998,4,254,54,23,57,1,1,1
1999,4,254,54,23,58,1,1,1
2000,4,254,54,22,58,1,1,1
2001,4,253,54,23,58,1,1,1
2002,4,253,54,23,58,1,1,1
2003,4,252,54,23,59,1,1,1
2004,4,252,54,23,59,1,1,1
2005,4,252,54,23,59,1,1,1
2006,4,251,54,24,60,1,1,1
2007,4,251,54,23,60,1,1,1
2008,4,250,54,24,60,1,1,1
2009,4,250,54,24,60,1,1,1
2010,4,250,54,23,61,1,1,1
2011,4,249,54,24,61,1,1,1
2012,4,249,54,24,61,1,1,1
2013,4,249,54,24,62,1,1,1
2014,4,248,54,24,62,1,1,1
2015,4,247,54,25,62,1,1,1
2016,4,247,54,24,62,1,1,1
2017,4,246,54,25,63,1,1,1
2018,4,246,54,24,63,1,1,1
2019,4,245,54,25,63,1,1,1
2020,4,245,54,24,63,1,1,1
2021,4,244,54,25,64,1,1,1
2022,4,244,54,25,64,1,1,1
2023,4,243,54,25,64,1,1,1
2024,4,243,54,25,65,1,1,1
2025,4,242,54,25,65,1,1,1
2026,4,242,54,25,65,1,1,1
2027,4,241,54,25,65,1,1,1
2028,4,241,54,25,66,1,1,1
2029,4,240,54,26,66,1,1,1
2030,4,240,54,25,66,1,1,1
2031,4,239,54,26,66,1,1,1
2032,4,239,54,25,67,1,1,1
2033,4,238,54,26,67,1,1,1
2034,4,238,54,25,67,1,1,1
2035,4,237,54,26,68,1,1,1
2036,4,237,54,26,68,1,1,1
2037,4,236,54,26,68,1,1,1
2038,4,236,54,26,68,1,1,1
2039,4,235,54,26,69,1,1,1
2040,4,235,54,26,69,1,1,1
2041,4,234,54,26,69,1,1,1
2042,4,234,54,26,69,1,1,1
2043,4,233,54,27,70,1,1,1
2044,4,233,54,26,70,1,1,1
2045,4,232,54,27,70,1,1,1
2046,4,232,54,26,71,1,1,1
2047,4,231,54,27,71,1,1,1
2048,4,231,54,26,71,1,1,1
2049,4,230,54,27,71,1,1,1
2050,4,230,54,27,72,1,1,1
2051,4,229,54,27,72,1,1,1
2052,4,229,54,27,72,1,1,1
2053,4,228,54,27,72,1,1,1
2054,4,228,54,27,73,1,1,1
2055,4,227,54,27,73,1,1,1
2056,4,227,54,27,73,1,1,1
2057,4,226,55,28,73,1,1,1
2058,4,225,55,28,73,1,1,1
2059,4,225,55,28,73,1,1,1
2060,4,224,55,28,73,1,1,1
2061,4,224,55,28,74,1,1,1
2062,4,223,55,28,74,1,1,1
2063,4,223,55,28,74,1,1,1
2064,4,222,55,28,74,1,1,1
2065,4,222,55,28,75,1,1,1
2066,4,221,55,29,75,1,1,1
2067,4,221,55,28,75,1,1,1
2068,4,220,55,29,76,1,1,1
2069,4,220,55,28,76,1,1,1
2070,4,219,55,29,76,1,1,1
2071,4,219,55,28,76,1,1,1
2072,4,218,55,29,77,1,1,1
2073,4,218,55,29,77,1,1,1
2074,4,217,55,29,77,1,1,1
2075,4,217,55,29,77,1,1,1
2076,4,216,55,29,78,1,1,1
2077,4,216,55,29,78,1,1,1
2078,4,215,55,29,78,1,1,1
2079,4,215,55,29,79,1,1,1
2080,4,214,55,30,79,1,1,1
2081,4,214,55,29,79,1,1,1
2082,4,213,55,30,79,1,1,1
2083,4,213,55,29,80,1,1,1
2084,4,212,55,30,80,1,1,1
2085,4,212,55,29,80,1,1,1
2086,4,211,55,30,80,1,1,1
2087,4,211,55,30,81,1,1,1
2088,4,210,55,30,81,1,1,1
2089,4,210,55,30,81,1,1,1
2090,4,209,55,30,82,1,1,1
2091,4,209,55,30,82,1,1,1
2092,4,208,55,30,82,1,1,1
2093,4,208,55,30,82,1,1,1
2094,4,207,55,31,83,1,1,1
2095,4,207,55,30,83,1,1,1
2096,4,206,55,31,83,1,1,1
2097,4,206,55,30,83,1,1,1
2098,4,205,55,31,84,1,1,1
2099,4,205,55,30,84,1,1,1
2100,4,204,55,31,84,1,1,1
2101,4,204,56,31,84,1,1,1
2102,4,203,56,31,84,1,1,1
2103,4,202,56,32,85,1,1,1
2104,4,201,56,32,85,1,1,1
2105,4,201,56,32,86,1,1,1
2106,4,200,56,32,87,1,1,1
2107,4,199,57,33,86,1,1,1
2108,4,199,57,32,87,1,1,1
2109,4,198,57,33,88,1,1,1
2110,4,197,57,33,88,1,1,1
2111,4,197,57,33,89,1,1,1
2112,4,196,57,33,90,1,1,1
2113,4,195,58,34,89,1,1,1
2114,4,195,58,33,90,1,1,1
2115,4,194,58,34,91,1,1,1
2116,4,193,58,34,91,1,1,1
2117,4,193,58,34,92,1,1,1
2118,4,192,58,34,93,1,1,1
2119,4,191,59,35,92,1,1,1
2120,4,191,59,34,93,1,1,1
2121,4,190,59,35,94,1,1,1
2122,4,189,59,35,94,1,1,1
2123,4,189,59,35,95,1,1,1
2124,4,188,59,35,96,1,1,1
2125,4,187,60,36,95,1,1,1
2126,4,187,60,35,96,1,1,1
2127,4,186,60,36,97,1,1,1
2128,4,185,60,36,97,1,1,1
2129,4,184,60,37,98,1,1,1
2130,4,184,60,36,99,1,1,1
2131,4,183,61,37,98,1,1,1
2132,4,182,61,37,99,1,1,1
2133,4,182,61,37,100,1,1,1
2134,4,181,61,37,100,1,1,1
2135,4,180,61,38,101,1,1,1
2136,4,180,61,37,102,1,1,1
2137,4,179,62,38,101,1,1,1
2138,4,178,62,38,102,1,1,1
2139,4,178,62,38,103,1,1,1
2140,4,177,62,38,103,1,1,1
2141,4,176,62,39,104,1,1,1
2142,4,176,62,38,105,1,1,1
2143,4,175,63,39,104,1,1,1
2144,4,174,63,39,105,1,1,1
2145,4,174,63,39,106,1,1,1
2146,4,173,63,39,106,1,1,1
2147,4,172,63,40,107,1,1,1
2148,4,172,63,39,108,1,1,1
2149,4,171,64,40,107,1,1,1
2150,4,170,64,40,108,1,1,1
2151,4,170,64,40,109,1,1,1
2152,4,169,64,40,109,1,1,1
2153,4,168,64,41,110,1,1,1
2154,4,168,65,41,110,1,1,1
2155,4,166,65,42,111,1,1,1
2156,4,165,65,42,112,1,1,1
2157,4,164,65,43,113,1,1,1
2158,4,163,65,43,114,1,1,1
2159,4,162,66,43,114,1,1,1
2160,4,161,66,44,115,1,1,1
2161,4,160,66,44,116,1,1,1
2162,4,159,66,44,118,1,1,1
2163,4,158,66,45,119,1,1,1
2164,4,157,67,45,119,1,1,1
2165,4,156,67,45,120,1,1,1
2166,4,155,67,46,121,1,1,1
2167,4,154,67,46,122,1,1,1
2168,4,153,67,46,123,1,1,1
2169,4,152,68,47,124,1,1,1
2170,4,151,68,47,125,1,1,1
2171,4,150,68,47,126,1,1,1
2172,4,149,68,48,127,1,1,1
2173,4,148,68,48,128,1,1,1
2174,4,147,69,48,128,1,1,1
2175,4,146,69,49,129,1,1,1
2176,4,144,69,50,131,1,1,1
2177,4,143,69,51,132,1,1,1
2178,4,142,70,51,132,1,1,1
2179,4,141,70,51,133,1,1,1
2180,4,140,70,52,134,1,1,1
2181,4,139,70,52,135,1,1,1
2182,4,138,70,52,136,1,1,1
2183,4,137,71,53,137,1,1,1
2184,4,136,71,53,138,1,1,1
2185,4,135,71,53,139,1,1,1
2186,4,134,71,54,140,1,1,1
2187,4,133,71,54,141,1,1,1
2188,4,132,72,54,141,1,1,1
2189,4,131,72,55,142,1,1,1
2190,4,130,72,55,144,1,1,1
2191,4,129,72,55,145,1,1,1
2192,4,128,72,56,146,1,1,1
2193,4,127,73,56,146,1,1,1
2194,4,126,73,56,147,1,1,1
2195,4,125,73,57,148,1,1,1
2196,4,124,73,57,149,1,1,1
2197,4,123,74,58,150,1,1,1
2198,4,121,74,59,151,1,1,1
2199,4,120,75,59,152,1,1,1
2200,4,119,75,59,153,1,1,1
2201,4,118,76,60,154,1,1,1
2202,4,117,77,60,154,1,1,1
2203,4,116,77,60,156,1,1,1
2204,4,115,78,60,156,1,1,1
2205,4,114,79,61,157,1,1,1
2206,4,112,79,61,159,1,1,1
2207,4,110,79,62,161,1,1,1
2208,4,108,79,63,163,1,1,1
2209,4,107,79,63,165,1,1,1
2210,4,105,79,64,167,1,1,1
2211,4,103,79,65,169,1,1,1
2212,4,101,79,66,171,1,1,1
2213,4,100,79,66,173,1,1,1
2214,4,98,79,67,175,1,1,1
2215,4,96,79,68,177,1,1,1
2216,4,94,79,68,179,1,1,1
2217,4,93,79,68,181,1,1,1
2218,4,91,79,69,183,1,1,1
2219,4,89,79,70,185,1,1,1
2220,4,87,79,71,187,1,1,1
2221,4,86,79,71,189,1,1,1
2222,4,84,79,72,191,1,1,1
2223,4,82,79,73,193,1,1,1
2224,4,80,79,74,195,1,1,1
2225,4,79,79,74,198,1,1,1
2226,4,75,80,75,197,1,1,1
2227,4,72,81,76,197,1,1,1
2228,4,68,82,77,196,1,1,1
2229,4,65,83,78,196,1,1,1
2230,4,62,84,78,195,1,1,1
2231,4,58,85,80,195,1,1,1
2232,4,55,86,81,194,1,1,1
2233,4,52,87,81,194,1,1,1
2234,4,48,89,83,192,1,1,1
2235,4,45,90,83,192,1,1,1
2236,4,42,91,84,191,1,1,1
2237,4,38,92,86,191,1,1,1
2238,4,35,93,86,190,1,1,1
2239,4,32,94,87,190,1,1,1
2240,4,28,95,88,189,1,1,1
2241,4,25,96,89,189,1,1,1
2242,4,22,98,90,188,1,1,1
2243,4,19,97,88,189,1,1,1
2244,4,16,97,87,189,1,1,1
2245,4,13,97,85,189,1,1,1
2246,4,11,97,83,189,1,1,1
2247,4,8,97,81,189,1,1,1
2248,4,5,97,80,189,1,1,1
2249,4,2,97,78,189,1,1,1
1970,5,251,43,18,35,1,1,1
1971,5,247,43,19,35,1,1,1
1972,5,244,43,19,35,1,1,1
1973,5,241,43,19,36,1,1,1
1974,5,238,44,19,35,1,1,1
1975,5,235,44,19,35,1,1,1
1976,5,232,44,19,36,1,1,1
1977,5,229,45,19,35,1,1,1
1978,5,226,45,19,35,1,1,1
1979,5,223,45,19,36,1,1,1
1980,5,220,46,19,35,1,1,1
1981,5,217,46,19,35,1,1,1
1982,5,214,46,19,36,1,1,1
1983,5,211,46,19,36,1,1,1
1984,5,208,47,19,35,1,1,1
1985,5,205,47,19,36,1,1,1
1986,5,202,47,19,36,1,1,1
1987,5,199,48,19,35,1,1,1
1988,5,196,48,19,36,1,1,1
1989,5,193,48,19,36,1,1,1
1990,5,190,49,19,35,1,1,1
1991,5,187,49,19,36,1,1,1
1992,5,184,49,19,36,1,1,1
1993,5,181,50,19,36,1,1,1
1994,5,178,50,19,36,1,1,1
1995,5,175,50,19,36,1,1,1
1996,5,172,50,19,37,1,1,1
1997,5,169,50,20,37,1,1,1
1998,5,166,50,20,38,1,1,1
1999,5,164,50,19,38,1,1,1
2000,5,161,50,19,39,1,1,1
2001,5,158,50,20,39,1,1,1
2002,5,155,50,20,40,1,1,1
2003,5,152,50,20,40,1,1,1
2004,5,150,50,19,41,1,1,1
2005,5,147,50,20,41,1,1,1
2006,5,144,50,20,42,1,1,1
2007,5,141,50,20,42,1,1,1
2008,5,138,50,20,43,1,1,1
2009,5,136,50,20,43,1,1,1
2010,5,133,50,20,44,1,1,1
2011,5,130,51,20,43,1,1,1
2012,5,127,51,20,43,1,1,1
2013,5,124,51,21,44,1,1,1
2014,5,122,51,20,44,1,1,1
2015,5,119,51,20,45,1,1,1
2016,5,116,51,20,45,1,1,1
2017,5,113,51,21,46,1,1,1
2018,5,110,51,21,46,1,1,1
2019,5,108,51,20,47,1,1,1
2020,5,105,51,20,47,1,1,1
2021,5,102,51,21,48,1,1,1
2022,5,99,51,21,48,1,1,1
2023,5,96,51,21,49,1,1,1
2024,5,94,51,20,49,1,1,1
2025,5,91,51,21,50,1,1,1
2026,5,88,51,21,50,1,1,1
2027,5,85,51,21,51,1,1,1
2028,5,82,51,21,51,1,1,1
2029,5,80,52,21,51,1,1,1
2030,5,77,52,21,51,1,1,1
2031,5,74,52,21,52,1,1,1
2032,5,71,52,21,52,1,1,1
2033,5,68,52,22,53,1,1,1
2034,5,65,52,22,54,1,1,1
2035,5,62,52,22,54,1,1,1
2036,5,59,52,22,55,1,1,1
2037,5,56,52,23,56,1,1,1
2038,5,52,52,23,56,1,1,1
2039,5,49,52,23,57,1,1,1
2040,5,46,52,23,58,1,1,1
2041,5,43,52,23,59,1,1,1
2042,5,40,52,23,60,1,1,1
2043,5,37,53,23,60,1,1,1
2044,5,34,53,22,61,1,1,1
2045,5,31,53,22,62,1,1,1
2046,5,28,53,22,63,1,1,1
2047,5,24,53,23,63,1,1,1
2048,5,21,53,23,64,1,1,1
2049,5,18,54,23,64,1,1,1
2050,5,15,54,22,65,1,1,1
2051,5,12,54,22,66,1,1,1
2052,5,9,54,22,67,1,1,1
2053,5,6,54,22,68,1,1,1
2054,5,3,54,22,69,1,1,1