1 1 330 47 55 243
1 2 354 125 83 306
2 1 330 47 58 245
2 2 354 127 83 306
3 1 332 51 59 246
3 2 354 124 83 306
4 1 330 43 58 245
4 2 352 127 86 308
5 1 328 48 58 245
5 2 353 126 87 307
6 1 330 45 61 245
6 2 351 125 86 307
7 1 328 47 61 245
7 2 344 124 94 307
8 1 328 46 61 246
8 2 347 125 94 307
9 1 329 44 61 245
9 2 347 125 95 307
10 1 327 46 61 245
10 2 346 125 94 307
11 1 330 45 61 245
11 2 349 126 94 307
12 1 330 47 61 245
12 2 346 122 94 307
13 1 331 46 61 245
13 2 340 124 100 307
14 1 327 45 61 245
14 2 340 123 100 307
15 1 329 47 61 246
15 2 338 124 100 307
16 1 333 47 61 246
16 2 341 126 100 307
17 1 330 47 61 246
17 2 342 126 100 307
18 1 330 46 61 246
18 2 342 126 100 307
19 1 329 46 61 246
19 2 339 124 100 307
20 1 330 46 61 245
20 2 344 123 94 307
21 1 331 47 61 245
21 2 342 125 93 307
22 1 329 46 61 245
22 2 344 126 94 307
23 1 332 45 61 245
23 2 343 126 94 307
24 1 329 48 61 245
24 2 346 124 93 307
25 1 331 46 61 246
25 2 347 123 94 307
26 1 331 46 61 245
26 2 345 125 93 307
27 1 330 45 61 245
27 2 345 124 94 307
28 1 331 43 61 245
28 2 345 123 93 307
29 1 333 45 61 245
29 2 346 125 93 307
30 1 332 47 61 245
30 2 346 125 93 307
31 1 330 48 61 245
31 2 347 121 94 307
32 1 332 47 61 245
32 2 346 125 93 307
33 1 332 46 61 246
33 2 346 124 94 307
34 1 331 47 61 245
34 2 343 122 100 315
35 1 332 47 61 246
35 2 347 121 100 315
36 1 334 48 61 246
36 2 350 123 100 315
37 1 335 49 61 246
37 2 347 123 101 315
38 1 333 51 65 245
38 2 352 119 100 315
39 1 336 49 65 246
39 2 354 122 101 314
40 1 334 47 65 246
40 2 352 119 104 315
41 1 333 50 65 246
41 2 356 117 103 315
42 1 336 52 65 245
42 2 357 116 103 315
43 1 332 53 71 245
43 2 355 119 107 315
44 1 337 51 71 245
44 2 355 116 107 315
45 1 338 54 71 246
45 2 356 114 111 315
46 1 339 57 71 239
46 2 359 116 110 315
47 1 339 56 71 240
47 2 359 114 111 314
48 1 337 56 79 237
48 2 357 116 115 315
49 1 335 57 87 236
49 2 361 114 114 315
50 1 337 56 86 237
50 2 353 116 122 315
51 1 336 58 86 236
51 2 347 115 132 314
52 1 340 56 86 236
52 2 355 119 132 315
53 1 335 59 94 237
53 2 349 121 141 315
54 1 338 58 93 237
54 2 357 121 141 314
55 1 337 56 104 236
55 2 355 125 141 314
56 1 338 57 104 236
56 2 359 128 141 314
57 1 334 54 115 242
57 2 359 131 144 305
58 1 341 57 115 242
58 2 362 126 144 305
59 1 340 51 120 242
59 2 365 123 144 305
60 1 340 50 127 247
60 2 370 132 148 302
61 1 341 47 127 246
61 2 378 132 148 303
62 1 342 48 127 246
62 2 381 136 148 302
63 1 342 47 127 246
63 2 384 134 148 303
64 1 344 44 127 246
64 2 389 136 147 302
65 1 364 44 112 246
65 2 399 138 148 302
66 1 372 38 112 246
66 2 402 137 147 302
67 1 375 38 112 246
67 2 404 138 148 302
68 1 381 35 112 246
68 2 417 139 147 302
69 1 406 38 90 246
69 2 414 133 148 302
70 1 411 38 90 246
70 2 410 136 164 301
71 1 412 38 90 246
71 2 414 142 164 301
72 1 413 38 93 244
72 2 412 133 170 301
73 1 409 38 107 244
73 2 414 137 178 302
74 1 413 37 107 244
74 2 414 133 184 302
75 1 415 37 116 244
75 2 415 130 187 310
76 1 415 36 123 241
76 2 421 119 187 311
77 1 414 37 132 240
77 2 426 118 187 311
78 1 411 36 144 241
78 2 432 118 187 310
79 1 412 39 138 236
79 2 436 117 187 311
80 1 417 42 137 235
80 2 449 118 187 310
81 1 419 46 137 236
81 2 449 116 186 311
82 1 425 48 137 236
82 2 468 125 187 310
83 1 428 45 137 236
83 2 476 128 186 310
84 1 439 45 137 236
84 2 484 123 186 310
85 1 442 42 137 236
85 2 488 130 187 310
86 1 445 43 136 235
86 2 497 123 187 310
87 1 465 48 120 235
87 2 505 130 187 310
88 1 472 42 120 235
88 2 501 134 188 310
89 1 476 40 120 235
89 2 506 132 187 310
90 1 478 41 120 235
90 2 503 126 188 310
91 1 480 41 120 235
91 2 500 130 198 310
92 1 484 41 120 235
92 2 502 133 206 310
93 1 489 43 120 235
93 2 497 131 218 299
94 1 481 41 132 239
94 2 499 138 218 299
95 1 483 44 134 240
95 2 506 136 218 299
96 1 480 49 141 239
96 2 511 131 219 313
97 1 476 42 149 246
97 2 519 129 218 314
98 1 478 39 148 247
98 2 524 138 218 291
99 1 476 42 148 246
99 2 528 144 218 291
100 1 477 39 149 247
101 1 481 34 148 246
102 1 487 31 148 247
103 1 495 30 135 247
104 1 505 30 135 246
105 1 505 31 129 246
106 1 507 36 128 246
107 1 505 37 128 246
107 2 527 135 218 305
108 1 507 37 128 246
108 2 524 140 219 306
109 1 504 41 129 246
109 2 523 139 218 305
110 1 503 40 128 247
110 2 520 141 219 305
111 1 499 41 128 246
111 2 518 130 218 306
112 1 492 39 140 247
112 2 514 131 218 306
113 1 488 41 140 246
113 2 511 122 218 305
114 1 487 39 139 246
114 2 509 122 218 305
115 1 469 40 157 246
115 2 505 121 218 305
116 1 474 44 157 246
116 2 503 121 218 306
117 1 473 43 157 247
117 2 501 121 218 305
118 1 470 43 149 247
118 2 503 128 207 291
119 1 477 44 148 246
119 2 522 128 187 310
120 1 475 44 148 239
120 2 518 118 187 310
121 1 482 45 129 240
121 2 514 117 187 325
122 1 484 46 125 240
122 2 512 107 187 325
123 1 478 42 126 239
123 2 496 113 194 319
124 1 473 38 126 239
124 2 490 104 198 327
125 1 469 41 126 239
125 2 479 127 207 302
126 1 466 41 126 239
126 2 465 135 207 301
127 1 457 39 126 240
127 2 462 131 206 302
128 1 455 41 126 240
128 2 455 136 206 302
129 1 454 46 126 240
129 2 449 136 207 301
130 1 444 48 137 239
130 2 441 139 207 302
131 1 434 47 149 240
131 2 435 133 206 302
132 1 426 47 150 240
132 2 426 137 207 302
133 1 418 46 150 240
133 2 423 138 207 302
134 1 409 46 150 240
134 2 463 137 148 302
135 1 407 43 150 240
135 2 460 133 140 302
136 1 398 42 163 240
136 2 450 137 145 292
137 1 401 37 127 240
137 2 439 140 143 292
138 1 405 37 119 241
138 2 423 134 151 302
139 1 396 38 132 241
139 2 410 137 155 296
140 1 397 38 132 241
140 2 398 138 162 297
141 1 389 39 132 240
141 2 386 137 168 303
142 1 402 38 89 241
142 2 371 135 171 303
143 1 398 39 86 241
143 2 356 141 172 303
144 1 389 35 90 239
144 2 351 131 165 303
145 1 375 37 98 235
145 2 344 131 158 303
146 1 362 39 115 241
146 2 343 128 146 304
147 1 352 40 122 241
147 2 338 125 143 298
148 1 345 40 128 241
148 2 339 128 135 304
149 1 337 40 128 241
149 2 333 128 127 295
150 1 321 40 134 241
150 2 323 118 121 305
151 1 311 39 135 242
151 2 314 117 119 305
152 1 302 48 135 242
152 2 308 122 118 304
153 1 292 43 141 233
153 2 315 129 101 304
154 1 283 43 141 233
154 2 291 119 126 313
155 1 275 42 140 233
155 2 281 127 141 301
156 1 280 42 126 239
156 2 271 124 148 306
157 1 278 41 106 239
157 2 259 133 149 289
158 1 273 39 105 239
158 2 244 129 156 294
159 1 266 44 100 228
159 2 227 131 156 294
160 1 258 44 100 228
160 2 214 137 161 289
161 1 264 44 85 235
161 2 206 140 159 288
162 1 253 41 85 235
162 2 202 141 145 288
163 1 246 40 91 235
163 2 194 135 148 297
164 1 237 40 107 234
164 2 199 141 117 287
165 1 229 39 114 234
165 2 203 141 104 280
166 1 224 35 121 235
166 2 197 136 92 281
167 1 221 37 121 234
167 2 192 141 94 278
168 1 217 37 121 235
168 2 184 141 101 281
169 1 213 37 121 234
169 2 181 139 103 281
170 1 210 38 121 234
170 2 175 137 110 288
171 1 209 38 120 234
171 2 169 137 125 285
172 1 204 32 108 233
172 2 172 138 137 285
173 1 206 37 109 233
173 2 163 138 149 283
174 1 205 36 109 233
174 2 159 143 153 279
175 1 203 36 108 233
175 2 152 141 159 278
176 1 203 36 109 233
176 2 149 143 158 280
177 1 203 34 87 233
177 2 145 136 153 286
178 1 204 32 87 245
178 2 145 132 157 292
179 1 206 31 88 248
179 2 147 134 156 286
180 1 208 27 87 254
180 2 154 127 148 291
181 1 210 22 96 260
181 2 165 133 126 283
182 1 208 35 113 249
182 2 166 129 128 289
183 1 220 30 97 248
183 2 183 130 110 291
184 1 223 34 116 249
184 2 192 129 99 296
185 1 231 32 116 248
185 2 199 128 104 293
186 1 234 32 117 248
186 2 206 131 100 302
187 1 237 31 117 248
187 2 211 132 106 300
188 1 240 43 116 236
188 2 215 135 121 300
189 1 243 37 116 235
189 2 215 135 136 297
190 1 246 46 117 235
190 2 217 135 145 294
191 1 233 47 131 228
191 2 214 140 152 291
192 1 234 42 132 228
192 2 219 139 150 289
193 1 236 42 132 229
193 2 214 140 153 288
194 1 250 45 103 227
194 2 213 135 161 295
195 1 254 42 103 226
195 2 215 137 161 295
196 1 274 42 77 227
196 2 233 135 135 295
197 1 276 41 78 227
197 2 246 139 117 295
198 1 280 40 77 227
198 2 254 139 115 288
199 1 283 42 83 226
199 2 264 135 109 296
200 1 286 40 95 227
200 2 280 141 100 287
201 1 288 40 114 227
201 2 290 142 96 286
202 1 285 41 124 227
202 2 297 141 109 288
203 1 281 42 134 232
203 2 296 143 111 287
204 1 278 44 142 232
204 2 291 142 131 286
205 1 283 41 141 232
205 2 294 140 132 285
206 1 284 41 141 232
206 2 297 140 153 285
207 1 289 41 141 232
207 2 297 137 156 295
208 1 296 37 141 239
208 2 295 136 162 296
209 1 306 35 141 239
209 2 295 136 165 289
210 1 313 35 119 239
210 2 298 136 155 286
211 1 317 29 119 238
211 2 302 131 159 289
212 1 332 30 119 239
212 2 315 133 147 288
213 1 338 31 119 238
213 2 324 127 146 296
214 1 344 31 120 238
214 2 343 124 138 295
215 1 350 33 119 239
215 2 340 115 149 307
216 1 357 33 119 238
216 2 365 115 132 306
217 1 363 33 118 238
217 2 378 118 123 307
218 1 368 33 109 226
218 2 391 120 121 306
219 1 366 29 121 226
219 2 395 122 124 303
220 1 360 25 136 233
220 2 397 122 123 305
221 1 366 34 136 226
221 2 398 126 125 302
222 1 360 30 140 229
222 2 393 121 148 306
223 1 369 27 139 229
223 2 390 128 159 291
224 1 373 33 139 231
224 2 394 129 160 292
225 1 372 27 136 236
225 2 391 130 170 292
226 1 378 25 131 241
226 2 391 132 175 289
227 1 391 27 118 242
227 2 396 136 177 290
228 1 396 30 118 242
228 2 400 131 182 299
229 1 404 35 118 242
229 2 419 133 172 288
230 1 419 37 101 229
230 2 430 130 165 289
231 1 428 41 101 229
231 2 440 132 160 285
232 1 435 38 101 228
232 2 445 131 163 286
233 1 441 33 100 235
233 2 460 136 149 285
234 1 445 37 100 235
234 2 472 132 138 295
235 1 435 35 111 235
235 2 471 135 148 284
236 1 437 36 111 234
236 2 472 129 149 299
237 1 438 34 121 234
237 2 467 131 158 298
238 1 425 35 143 234
238 2 461 126 163 300
239 1 427 36 141 234
239 2 466 132 163 295
240 1 428 38 141 234
240 2 463 133 173 291
241 1 430 38 141 235
241 2 459 127 184 295
242 1 430 38 141 234
242 2 455 125 178 293
243 1 431 38 141 234
243 2 449 124 189 297
244 1 431 26 141 246
244 2 451 122 195 297
245 1 431 29 141 243
245 2 448 117 195 297
246 1 427 31 141 243
246 2 455 120 195 297
247 1 438 23 141 243
247 2 468 115 181 296
248 1 462 25 113 243
248 2 461 111 181 297
249 1 466 30 112 242
249 2 463 115 181 297
250 1 465 30 113 243
250 2 492 112 152 297
251 1 465 27 112 246
251 2 501 113 150 297
252 1 460 30 120 246
252 2 499 114 145 296
253 1 457 24 120 246
253 2 493 114 150 297
254 1 452 20 129 246
254 2 484 115 160 296
255 1 449 26 136 235
255 2 480 117 161 297
256 1 445 30 145 236
256 2 471 117 171 297
257 1 440 31 158 236
257 2 467 116 171 297
258 1 431 36 158 226
258 2 458 113 182 298
259 1 439 36 158 225
259 2 457 118 181 298
260 1 439 36 157 225
260 2 449 119 190 289
261 1 438 37 142 225
261 2 451 127 190 289
262 1 442 38 142 225
262 2 447 125 190 290
263 1 441 37 132 226
263 2 441 128 190 290
264 1 445 38 132 225
264 2 447 119 190 289
265 1 440 38 133 225
265 2 462 116 164 290
266 1 437 38 132 225
266 2 467 123 156 290
267 1 460 38 107 225
267 2 473 124 153 289
268 1 457 31 106 237
268 2 478 122 132 285
269 1 451 35 112 237
269 2 469 123 141 284
270 1 441 36 124 237
270 2 464 119 145 290
271 1 430 33 135 238
271 2 451 120 154 290
272 1 418 33 135 238
272 2 442 123 159 290
273 1 418 32 135 238
273 2 438 117 157 290
274 1 414 32 135 238
274 2 421 121 167 291
275 1 403 32 143 238
275 2 415 119 167 290
276 1 395 35 144 238
276 2 406 118 167 290
277 1 395 33 144 238
277 2 396 118 173 291
278 1 392 32 143 238
278 2 385 117 173 291
279 1 386 32 144 238
279 2 377 117 174 291
280 1 386 28 130 238
280 2 379 111 173 290
281 1 386 27 129 238
281 2 370 109 174 291
282 1 387 26 130 238
282 2 378 109 158 291
283 1 392 23 129 238
283 2 377 108 158 291
284 1 387 24 110 238
284 2 390 108 125 300
285 1 388 23 109 238
285 2 392 107 113 300
286 1 386 24 110 238
286 2 393 106 104 300
287 1 380 31 109 239
287 2 380 108 110 300
288 1 374 29 113 238
288 2 368 107 121 301
289 1 365 26 124 238
289 2 362 105 126 301
290 1 356 31 130 238
290 2 350 115 141 282
291 1 347 31 139 238
291 2 345 111 142 286
292 1 341 31 144 238
292 2 329 109 155 288
293 1 342 32 144 238
293 2 324 111 156 288
294 1 332 29 144 239
294 2 314 116 155 282
295 1 337 30 144 239
295 2 312 115 169 280
296 1 336 31 130 238
296 2 322 113 141 281
297 1 344 31 130 238
297 2 322 112 136 282
298 1 351 30 114 238
298 2 323 112 139 281
299 1 357 30 113 238
299 2 324 111 141 281
300 1 358 29 113 239
300 2 351 108 116 281
301 1 395 30 65 238
301 2 361 110 109 281
302 1 396 29 65 239
302 2 370 115 97 281
303 1 377 29 81 239
303 2 372 112 105 280
304 1 375 29 94 238
304 2 363 108 121 281
305 1 366 29 113 238
305 2 362 107 132 291
306 1 369 30 114 238
306 2 352 103 144 301
307 1 372 29 121 238
307 2 358 114 144 285
308 1 363 28 134 238
308 2 356 107 149 293
309 1 363 28 134 238
309 2 355 105 160 288
310 1 372 27 127 239
310 2 352 105 163 292
311 1 377 26 129 239
311 2 356 102 163 292
312 1 382 27 133 238
312 2 356 101 163 292
313 1 387 26 134 239
313 2 358 98 163 292
314 1 391 25 115 239
314 2 367 99 163 292
315 1 396 20 117 238
315 2 390 98 137 292
316 1 413 21 106 238
316 2 400 102 135 292
317 1 410 18 111 238
317 2 413 102 129 292
318 1 432 18 90 238
318 2 425 99 122 291
319 1 435 18 94 238
319 2 432 99 117 291
320 1 430 16 119 238
320 2 439 101 121 291
321 1 434 14 119 238
321 2 435 97 128 301
322 1 430 18 119 238
322 2 431 95 139 310
323 1 433 17 126 238
323 2 436 98 147 311
324 1 430 23 136 238
324 2 421 82 166 314
325 1 429 16 137 238
325 2 423 97 174 301
326 1 430 22 136 238
326 2 423 97 174 301
327 1 428 19 136 238
327 2 426 99 174 302
328 1 432 18 136 238
328 2 423 106 187 294
329 1 434 13 137 237
329 2 422 106 187 294
330 1 438 11 136 237
330 2 428 105 188 293
331 1 448 16 136 238
331 2 427 107 187 293
332 1 454 16 137 238
332 2 434 106 187 293
333 1 454 15 137 237
333 2 430 105 187 293
334 1 462 15 136 237
334 2 447 97 187 294
335 1 468 16 136 238
335 2 450 96 187 294
336 1 469 14 136 237
336 2 473 97 164 293
337 1 466 10 128 238
337 2 469 101 163 307
338 1 470 14 128 237
338 2 469 90 163 307
339 1 470 12 128 237
339 2 469 89 164 307
340 1 470 16 127 238
340 2 468 87 164 307
341 1 461 19 128 237
341 2 461 94 163 307
342 1 455 20 128 237
342 2 446 99 176 298
343 1 454 13 128 238
343 2 447 88 187 305
344 1 451 14 138 237
344 2 437 92 186 306
345 1 450 16 137 238
345 2 440 95 186 306
346 1 448 15 137 237
346 2 436 99 186 306
347 1 450 10 138 237
347 2 438 96 186 306
348 1 459 9 137 238
348 2 434 93 186 306
349 1 455 8 138 238
349 2 435 88 186 306
350 1 450 4 137 237
350 2 435 88 186 306
351 1 453 5 137 237
351 2 444 87 168 306
352 1 472 3 107 237
352 2 452 84 167 306
353 1 474 5 107 237
353 2 449 82 168 306
354 1 468 5 107 237
354 2 446 82 168 306
355 1 463 5 107 237
355 2 444 82 168 306
356 1 449 5 120 238
356 2 441 81 168 306
357 1 448 8 133 238
357 2 439 80 168 306
358 1 444 10 144 238
358 2 427 89 168 306
359 1 430 12 145 237
359 2 423 85 168 307
360 1 435 5 144 237
360 2 419 89 168 307
361 1 425 12 145 238
361 2 404 88 182 306
362 1 413 17 145 238
362 2 403 87 183 307
363 1 429 16 145 238
363 2 402 93 182 307
364 1 428 15 135 232
364 2 399 90 183 306
365 1 430 16 139 232
365 2 408 84 182 307
366 1 430 16 122 233
366 2 405 84 172 307
367 1 428 8 122 232
367 2 407 84 172 307
368 1 431 5 121 233
368 2 404 84 171 307
369 1 425 5 122 233
369 2 399 83 172 307
370 1 420 5 122 233
370 2 394 84 172 307
371 1 413 6 122 232
371 2 388 83 172 307
372 1 408 7 122 232
372 2 383 83 172 307
373 1 402 8 122 233
373 2 378 83 172 307
374 1 396 9 123 232
374 2 372 83 172 307
375 1 389 8 127 236
375 2 347 91 173 308
376 1 388 10 132 239
376 2 338 92 173 308
377 1 384 10 133 239
377 2 327 91 173 308
378 1 378 13 133 239
378 2 323 91 174 308
379 1 364 13 143 240
379 2 316 87 173 308
380 1 362 14 144 236
380 2 322 81 173 308
381 1 360 7 144 237
381 2 334 79 148 308
382 1 359 11 129 236
382 2 327 77 148 308
383 1 360 6 129 236
383 2 339 80 135 299
384 1 362 4 130 236
384 2 347 83 135 298
385 1 361 8 110 236
385 2 347 82 135 298
386 1 367 0 109 236
386 2 347 83 135 298
387 1 370 -3 109 236
387 2 348 82 135 298
388 1 372 -1 110 250
388 2 349 82 134 299
389 1 384 3 99 242
389 2 351 80 134 299
390 1 383 5 99 242
390 2 343 74 144 299
391 1 386 7 111 241
391 2 337 72 155 299
392 1 379 3 126 242
392 2 342 75 155 299
393 1 379 5 126 242
393 2 336 78 162 298
394 1 376 3 132 242
394 2 341 79 163 299
395 1 379 6 133 242
395 2 345 79 162 298
396 1 380 10 132 242
396 2 348 79 162 299
397 1 384 15 136 242
397 2 352 78 162 299
398 1 377 10 136 242
398 2 354 78 154 299
399 1 378 10 136 242
399 2 364 79 154 298
400 1 391 11 135 242
400 2 368 80 154 299
401 1 396 11 136 242
401 2 372 80 154 298
402 1 401 12 136 242
402 2 376 80 154 299
403 1 424 6 111 232
403 2 402 80 135 287
404 1 430 5 110 232
404 2 420 78 135 287
405 1 438 4 111 232
405 2 416 81 135 287
406 1 441 8 110 231
406 2 415 73 151 294
407 1 446 4 110 232
407 2 415 79 150 293
408 1 453 12 110 231
408 2 417 80 155 282
409 1 448 7 125 241
409 2 416 81 161 283
410 1 451 4 125 242
410 2 420 77 173 285
411 1 445 9 138 241
411 2 419 75 173 285
412 1 450 4 138 241
412 2 424 71 173 286
413 1 450 6 146 248
413 2 428 71 173 285
414 1 452 10 146 248
414 2 434 70 173 285
415 1 455 1 146 249
415 2 441 69 173 285
416 1 463 -1 146 248
416 2 462 67 155 285
417 1 472 2 129 237
417 2 463 65 155 284
418 1 473 2 129 237
418 2 465 67 155 291
419 1 483 0 129 237
419 2 469 64 155 291
420 1 483 -1 129 237
420 2 473 66 155 291
421 1 490 0 121 237
421 2 473 69 155 291
422 1 495 -1 114 237
422 2 472 69 155 291
423 1 496 1 104 237
423 2 471 68 155 291
424 1 491 -2 113 237
424 2 469 69 155 291
425 1 490 1 113 237
425 2 459 68 165 291
426 1 482 2 122 237
426 2 452 66 179 292
427 1 479 0 128 237
427 2 452 70 180 291
428 1 473 -3 138 238
428 2 451 69 180 291
429 1 474 1 137 237
429 2 451 77 180 291
430 1 466 3 138 237
430 2 452 73 180 292
431 1 465 -2 138 237
431 2 450 70 180 291
432 1 466 -2 138 237
432 2 457 74 169 291
433 1 467 3 138 237
433 2 468 75 169 291
434 1 468 5 138 237
434 2 466 76 162 291
435 1 468 7 129 219
435 2 466 77 162 291
436 1 472 5 129 219
436 2 466 76 162 291
437 1 476 4 122 218
437 2 465 77 162 291
438 1 484 4 123 219
438 2 464 76 162 291
439 1 483 4 122 218
439 2 461 77 162 291
440 1 481 6 114 233
440 2 459 78 162 291
441 1 475 14 122 233
441 2 447 76 174 290
442 1 471 6 122 234
442 2 440 74 174 290
443 1 457 10 141 234
443 2 432 75 174 290
444 1 465 11 142 234
444 2 436 73 174 290
445 1 457 10 135 234
445 2 430 79 174 290
446 1 456 10 135 233
446 2 438 74 181 290
447 1 456 12 149 234
447 2 438 72 180 290
448 1 452 10 149 233
448 2 445 71 159 290
449 1 448 9 149 234
449 2 455 70 169 290
450 1 464 2 149 233
450 2 457 71 169 290
451 1 465 5 149 233
451 2 460 71 161 290
452 1 476 0 137 233
452 2 482 66 151 290
453 1 476 3 137 233
453 2 483 71 152 289
454 1 489 1 137 233
454 2 482 74 151 289
455 1 492 3 136 233
455 2 487 73 151 289
456 1 497 1 119 234
456 2 481 63 163 298
457 1 499 -2 119 233
457 2 489 52 164 298
458 1 502 3 118 234
458 2 476 72 182 283
459 1 506 1 118 234
459 2 478 76 182 283
460 1 500 1 124 233
460 2 484 73 182 283
461 1 502 -2 129 233
461 2 486 73 182 283
462 1 500 3 145 234
462 2 494 79 183 282
463 1 498 5 146 224
463 2 504 76 183 282
464 1 499 3 147 223
464 2 504 72 182 283
465 1 499 5 146 224
465 2 514 75 182 283
466 1 498 6 147 223
466 2 516 80 183 283
467 1 504 3 146 224
467 2 523 73 182 283
468 1 510 5 146 223
468 2 526 68 183 282
469 1 516 3 146 223
469 2 526 71 182 283
470 1 526 6 138 223
470 2 525 74 182 283
471 1 525 4 138 223
471 2 529 73 183 282
472 1 519 3 138 223
472 2 527 76 182 283
473 1 534 2 125 232
473 2 531 75 183 283
474 1 535 -1 125 231
474 2 524 67 192 289
475 1 535 2 125 231
475 2 513 65 192 289
476 1 532 3 125 232
476 2 515 73 192 288
477 1 525 5 125 232
477 2 509 69 192 289
478 1 522 1 133 232
478 2 510 69 192 289
479 1 518 2 143 232
479 2 503 63 192 289
480 1 508 0 151 239
480 2 517 63 174 288
481 1 500 -4 151 239
481 2 519 63 174 288
482 1 503 3 151 239
482 2 517 64 174 288
483 1 504 2 151 239
483 2 517 60 174 289
484 1 494 1 151 239
484 2 514 60 174 289
485 1 511 -1 128 238
485 2 535 65 142 289
486 1 511 -1 125 239
486 2 528 58 143 301
487 1 509 -1 126 239
487 2 508 62 155 301
488 1 517 -8 119 238
488 2 508 58 156 295
489 1 523 -3 111 238
489 2 507 49 159 301
490 1 525 -5 110 238
490 2 496 59 169 287
491 1 517 -7 105 226
491 2 485 65 178 286
492 1 513 -2 112 220
492 2 484 66 178 287
493 1 509 -5 116 225
493 2 479 64 179 287
494 1 500 -3 123 233
494 2 470 63 188 284
495 1 501 0 123 224
495 2 486 66 178 284
496 1 493 -2 131 226
496 2 495 71 167 271
497 1 490 2 135 220
497 2 494 73 166 277
498 1 489 -15 141 237
498 2 506 73 162 275
499 1 484 -19 149 238
499 2 505 68 162 284
500 1 496 -20 149 238
500 2 514 63 167 283
501 1 498 -18 149 237
501 2 510 68 167 283
501 4 411 438 82 88
502 1 500 -18 149 238
502 2 512 68 167 283
502 4 403 434 83 88
503 1 510 -2 125 235
503 2 512 69 167 284
503 4 388 428 81 95
504 1 520 -1 125 235
504 2 520 63 167 283
504 4 370 416 91 110
505 1 523 0 124 235
505 2 521 68 167 284
505 4 367 412 91 110
506 1 526 1 124 235
506 2 518 68 177 284
506 4 323 407 114 115
507 1 529 1 124 235
507 2 519 67 178 283
507 4 312 406 114 115
508 1 533 2 124 235
508 2 519 67 177 283
508 4 307 405 114 116
509 1 535 2 124 235
509 2 516 66 193 284
509 4 302 398 115 135
510 1 539 2 124 235
510 2 519 67 193 283
510 4 306 392 108 142
511 1 537 2 130 235
511 2 519 65 193 283
511 4 305 390 108 142
512 1 531 -3 130 235
512 2 521 64 193 284
512 4 293 386 109 142
513 1 525 0 130 235
513 2 521 59 193 284
513 4 288 380 109 142
514 1 526 0 130 235
514 2 527 55 192 291
514 4 280 376 109 143
515 1 528 -2 130 235
515 2 532 54 193 291
515 4 273 367 103 155
516 1 523 -5 130 235
516 2 535 55 194 291
516 4 262 366 104 155
517 1 526 -4 130 235
517 4 252 358 114 163
518 1 527 -4 130 235
518 4 251 349 113 173
519 1 528 -5 130 235
519 4 246 342 114 183
520 1 530 -5 130 235
520 4 240 336 113 184
521 1 533 -6 130 235
521 4 232 338 113 184
522 1 535 -6 130 235
522 4 225 339 113 183
523 1 538 -6 130 235
523 4 228 330 104 184
524 1 542 -6 130 235
524 2 543 51 186 299
524 4 220 327 95 184
525 1 543 -7 130 235
525 2 541 50 186 299
525 4 215 324 91 184
526 1 531 -11 130 234
526 2 537 35 195 313
526 4 214 321 87 184
527 1 517 -9 130 235
527 2 524 47 209 294
527 4 212 317 82 185
528 1 524 -9 130 235
528 2 520 60 209 293
528 4 204 311 79 174
529 1 521 -9 130 235
529 2 519 59 209 294
529 4 194 310 80 175
530 1 518 -9 130 235
530 2 520 62 209 293
530 4 186 309 81 175
531 1 505 -8 138 235
531 2 535 56 193 293
531 4 176 309 80 175
532 1 502 -7 126 235
532 2 529 61 193 293
532 4 166 307 80 175
533 1 497 -5 127 235
533 2 526 64 192 293
533 4 154 307 81 175
534 1 493 -5 127 235
534 2 524 63 192 293
534 4 145 305 77 174
535 1 489 -6 127 235
535 2 522 61 192 293
535 4 134 307 76 174
536 1 485 -7 126 236
536 2 534 55 170 293
536 4 123 307 76 174
537 1 479 -6 127 236
537 2 521 54 170 293
537 4 112 307 76 174
538 1 485 -6 111 235
538 2 513 56 169 293
538 4 101 307 76 174
539 1 491 -7 102 235
539 2 514 60 169 294
539 4 91 307 76 174
540 1 496 -16 102 235
540 2 510 60 170 293
540 4 82 308 76 173
541 1 495 -5 93 224
541 2 504 57 169 293
541 4 74 308 76 174
542 1 492 -8 93 227
542 2 497 58 174 293
542 4 63 305 79 182
543 1 491 -8 92 226
543 2 496 53 173 294
543 4 56 305 79 182
544 1 489 -7 93 226
544 2 492 52 173 293
544 4 51 305 79 182
545 1 480 -6 100 235
545 2 491 44 173 293
545 4 44 305 79 182
546 1 475 -8 105 235
546 2 493 48 174 293
546 4 40 305 79 182
547 1 467 -2 115 226
547 2 494 47 174 293
547 4 35 305 79 182
548 1 473 -9 110 238
548 2 491 45 174 293
548 4 31 305 79 182
549 1 469 -9 110 237
549 2 500 48 173 293
549 4 28 306 79 182
550 1 469 -8 110 237
550 2 508 50 174 293
550 4 25 307 79 182
551 1 469 -7 110 241
551 2 507 50 174 293
551 4 22 307 79 182
552 1 470 -13 110 247
552 2 512 52 174 293
552 4 19 308 79 182
553 1 474 -11 109 247
553 2 517 55 174 293
553 4 16 309 79 182
554 1 477 -9 110 247
554 2 519 48 174 293
554 4 15 310 85 182
555 1 480 -15 110 247
555 2 523 47 174 293
555 4 10 311 85 182
556 1 486 -18 109 247
556 2 525 45 174 293
556 4 9 310 85 183
557 1 489 -19 110 247
557 2 529 41 173 293
557 4 8 311 85 183
558 1 507 -20 97 246
558 2 534 41 174 293
558 4 6 311 85 182
559 1 508 -18 97 247
559 2 531 57 185 293
559 4 5 311 85 183
560 1 517 -15 96 247
560 2 532 55 186 293
560 4 4 312 85 183
561 1 520 -15 97 246
561 2 530 61 201 293
561 4 3 313 85 182
562 1 512 -15 108 247
562 4 2 313 85 182
563 1 515 -15 110 247
563 4 2 314 85 182
564 1 511 -15 119 246
564 4 2 314 85 182
565 1 515 -15 119 246
565 4 1 314 92 182
566 1 517 -16 118 247
566 4 -1 314 92 182
567 1 518 -15 119 246
567 4 -1 313 92 182
568 1 509 -14 129 247
568 4 -2 313 92 183
569 1 514 -14 129 246
569 4 -2 314 92 182
570 1 517 -15 129 247
570 4 -1 314 92 182
571 1 522 -15 129 247
571 4 -2 314 92 182
572 1 526 -16 129 247
572 4 -1 314 92 182
573 1 530 -15 129 246
573 4 -1 314 93 182
574 1 534 -15 129 246
574 4 0 315 92 182
575 1 537 -16 129 246
575 4 -1 314 93 182
576 1 540 -16 129 246
576 4 -1 313 93 182
577 1 550 -23 129 246
577 4 -2 312 92 183
578 1 567 -14 111 232
578 4 -3 312 92 182
579 1 574 -12 111 237
579 4 -2 306 92 179
580 1 573 -16 115 239
580 4 -6 309 92 178
581 1 577 -11 113 234
581 4 -7 311 92 178
582 1 578 -12 114 235
582 4 -11 310 92 178
583 1 572 -8 122 231
583 4 -14 310 92 178
584 1 573 -14 121 236
584 4 -19 310 92 179
585 1 561 -19 135 240
585 4 -24 311 98 172
586 1 562 -17 136 238
586 4 -31 316 98 171
587 1 563 -20 135 240
587 4 -36 313 98 172
588 1 563 -22 136 240
588 4 -42 313 98 172
589 1 564 -23 136 242
589 4 -48 315 97 172
593 1 568 -24 129 236
594 1 566 -26 129 238
595 1 563 -24 129 236
596 1 559 -24 119 236
597 1 557 -27 115 239
598 1 554 -19 117 230
599 1 553 -22 115 232
600 1 550 -19 115 229
601 1 535 -24 129 237
602 1 530 -21 129 234
603 1 524 -21 129 232
604 1 516 -21 130 235
605 1 512 -21 129 247
606 1 508 -19 129 232
607 1 504 -31 130 247
608 1 499 -30 129 246
609 1 492 -35 130 247
610 1 489 -30 130 247
611 1 482 -27 130 246
612 1 480 -25 130 246
613 1 478 -22 130 246
613 2 546 43 181 285
614 1 477 -22 130 246
614 2 543 43 181 285
615 1 483 -25 116 247
615 2 526 38 181 285
616 1 484 -25 116 246
616 2 527 39 181 285
617 1 478 -25 101 247
617 2 527 36 168 285
618 1 464 -23 101 246
618 2 529 37 168 285
619 1 451 -25 115 247
619 2 522 35 168 286
620 1 437 -24 129 247
620 2 513 35 168 286
621 1 427 -23 139 247
621 2 504 35 168 286
622 1 411 -21 140 248
622 2 493 36 168 285
623 1 400 -23 140 247
623 2 481 38 168 286
624 1 399 -28 122 247
624 2 455 45 160 273
625 1 388 -33 121 247
625 2 448 45 161 273
626 1 380 -30 121 247
626 2 437 38 160 273
627 1 372 -31 120 247
627 2 425 37 161 293
628 1 369 -31 113 247
628 2 408 41 161 293
629 1 365 -32 110 247
629 2 401 40 161 293
629 6 557 -39 115 196
630 1 346 -32 141 247
630 2 391 24 162 293
630 6 541 -38 114 196
631 1 360 -19 90 235
631 2 372 40 162 294
631 6 521 -38 115 196
632 1 356 -17 87 233
632 2 358 44 162 294
632 6 514 -42 114 200
633 1 359 -18 70 234
633 2 346 42 154 294
633 6 494 -39 115 200
634 1 348 -16 85 234
634 2 355 44 129 288
634 6 489 -44 101 200
635 1 333 -19 78 237
635 2 347 55 123 271
635 6 479 -43 92 200
636 1 330 -14 67 231
636 2 342 46 103 284
636 6 461 -42 93 200
637 1 303 -18 86 235
637 2 330 49 103 281
637 6 444 -44 94 200
638 1 296 -23 97 248
638 2 330 45 83 284
638 6 431 -42 83 200
639 1 282 -20 90 239
639 2 312 41 90 294
639 6 418 -43 83 200
640 1 265 -14 98 228
640 2 296 45 89 287
640 6 402 -43 77 197
641 1 257 -11 92 215
641 2 281 47 101 282
641 6 390 -43 68 194
642 1 242 -14 109 231
642 2 266 52 117 280
642 6 370 -43 68 193
643 1 239 -11 109 230
643 2 251 45 130 284
643 6 347 -45 82 196
644 1 227 -7 110 230
644 2 241 44 134 287
644 6 328 -46 86 197
645 1 222 -9 109 230
645 2 221 48 144 285
645 6 310 -44 85 197
646 1 214 -9 109 230
646 2 211 53 143 294
646 6 296 -46 94 197
647 1 206 -10 109 230
647 2 202 51 143 280
647 6 282 -45 95 197
648 1 201 -9 108 230
648 2 197 50 143 294
648 6 274 -43 94 197
649 1 196 -9 108 230
649 2 192 46 143 294
649 6 265 -45 94 197
650 1 191 -10 108 230
650 2 187 43 143 294
650 6 261 -40 94 187
651 1 186 -8 108 229
651 2 184 39 142 295
651 6 251 -46 97 194
652 1 184 0 108 231
652 2 178 28 150 309
652 6 247 -42 90 186
653 1 182 2 108 230
653 2 174 23 149 308
653 6 241 -44 90 186
654 1 178 3 108 230
654 2 170 47 148 290
654 6 230 -44 89 192
655 1 178 -1 122 224
655 2 171 46 148 290
655 6 232 -45 75 192
656 1 175 2 125 224
656 2 168 45 149 290
656 6 224 -48 74 192
657 1 171 -1 124 224
657 2 166 44 149 290
657 6 219 -45 74 192
658 1 169 0 125 223
658 2 163 45 148 290
658 6 205 -45 71 182
659 1 170 1 125 223
659 2 186 49 132 294
659 6 196 -45 71 181
660 1 171 2 124 225
660 2 182 45 142 294
660 6 188 -47 71 181
661 1 172 -3 125 226
661 2 183 52 142 295
661 6 180 -47 71 182
662 1 170 -2 124 226
662 2 183 52 142 294
662 6 176 -47 71 182
663 1 173 -1 125 226
663 2 185 57 143 295
663 6 171 -46 71 181
664 1 173 -2 125 226
664 2 177 51 142 295
664 6 176 -44 70 189
665 1 174 -8 124 229
665 2 178 51 143 295
665 6 168 -41 71 188
666 1 175 -7 125 230
666 2 181 51 142 294
666 6 161 -45 70 195
667 1 177 -6 125 229
667 2 193 48 133 295
667 6 165 -46 70 196
668 1 178 -6 125 230
668 2 191 58 134 283
668 6 159 -44 71 195
669 1 181 -6 125 230
669 2 193 53 144 284
669 6 153 -45 83 196
670 1 184 -6 125 230
670 2 201 61 145 284
670 6 155 -44 83 195
671 1 204 -6 108 230
671 2 206 62 144 283
671 6 145 -47 84 195
672 1 211 -5 107 230
672 2 231 59 119 284
672 6 145 -47 83 196
673 1 214 -5 108 230
673 2 236 60 118 284
673 6 143 -47 83 196
674 1 217 -4 108 230
674 2 243 60 108 284
674 6 141 -47 83 195
675 1 222 -2 108 230
675 2 249 58 118 283
675 6 141 -47 83 195
676 1 226 -1 109 230
676 2 245 58 126 282
676 6 139 -47 84 196
677 1 230 4 109 230
677 2 249 58 125 283
677 6 136 -47 86 195
678 1 226 -3 115 230
678 2 251 58 128 282
678 6 135 -47 94 195
679 1 226 1 122 243
679 2 246 58 138 282
679 6 134 -50 94 195
680 1 228 -8 123 243
680 2 247 50 144 292
680 6 131 -47 94 195
681 1 240 -7 123 244
681 2 253 45 146 298
681 6 131 -47 93 195
682 1 245 -5 111 244
682 2 250 50 146 298
682 6 130 -47 94 195
683 1 248 -2 120 243
683 2 249 44 158 298
683 6 130 -47 93 195
684 1 254 -5 103 232
684 2 250 51 159 298
684 6 129 -46 94 195
685 1 263 -4 103 232
685 2 252 53 159 298
685 6 128 -47 94 195
686 1 267 -7 103 232
686 2 256 54 159 298
686 6 129 -47 94 195
687 1 264 -2 103 233
687 2 259 40 159 298
687 6 128 -47 98 178
688 1 275 -3 104 233
688 2 267 43 151 295
688 6 134 -47 88 178
689 1 277 -4 103 232
689 2 271 50 152 295
689 6 138 -47 88 178
690 1 282 -2 103 233
690 2 295 40 127 304
690 6 137 -47 88 178
691 1 287 -3 103 233
691 2 293 42 127 305
691 6 141 -45 87 178
692 1 290 -3 103 233
692 2 314 40 126 305
692 6 136 -46 92 177
693 1 291 -3 114 232
693 2 310 42 127 305
693 6 143 -47 92 178
694 1 297 -1 114 232
694 2 321 42 126 304
694 6 139 -47 92 178
695 1 299 -1 115 233
695 2 324 47 126 304
695 6 141 -47 92 178
696 1 298 -4 114 233
696 2 326 43 127 305
696 6 142 -47 92 178
697 1 301 -3 114 233
697 2 334 46 127 305
697 6 149 -47 86 178
698 1 304 -5 115 232
698 2 329 36 126 305
698 6 148 -47 86 178
699 1 306 -6 114 233
699 2 346 47 121 300
699 6 149 -47 86 178
700 1 315 -6 114 233
700 2 342 48 121 292
700 6 155 -47 81 178
701 1 318 -8 115 232
701 2 348 44 120 299
701 6 158 -47 78 178
702 1 325 -9 115 232
702 2 348 48 120 299
702 6 158 -47 78 178
703 1 330 -11 115 233
703 2 349 45 124 299
703 6 159 -47 78 178
704 1 337 -12 114 232
704 2 352 49 124 300
704 6 159 -47 78 178
705 1 355 -14 98 232
705 2 358 47 123 299
705 6 160 -47 78 178
706 1 358 -11 98 232
706 2 358 48 123 299
706 6 160 -47 78 178
707 1 363 -11 99 232
707 2 363 51 123 299
707 6 162 -47 77 178
708 1 368 -13 98 232
708 2 368 35 124 299
708 6 162 -47 77 178
709 1 370 -10 98 232
709 2 366 50 124 298
709 6 162 -47 77 178
710 1 371 -14 98 232
710 2 373 46 124 299
710 6 162 -47 77 178
711 1 373 -18 99 232
711 2 398 43 98 298
711 6 161 -47 77 178
712 1 376 -13 109 232
712 2 405 41 95 292
712 6 162 -47 77 178
713 1 378 -13 110 232
713 2 405 39 98 291
713 6 162 -47 77 178
714 1 376 -12 109 233
714 2 407 47 104 285
714 6 160 -47 78 178
715 1 381 -9 110 232
715 2 407 49 104 280
715 6 160 -47 77 178
716 1 387 -9 110 232
716 2 408 44 104 288
716 6 159 -47 78 178
717 1 390 -8 110 232
717 2 406 32 106 299
717 6 158 -47 78 178
718 1 392 -11 110 233
718 2 406 42 108 289
718 6 158 -47 78 178
719 1 395 -18 109 232
719 2 408 40 108 291
719 6 158 -47 77 178
720 1 402 -12 109 232
720 2 404 31 97 298
720 6 161 -49 77 178
721 1 420 -7 80 229
721 2 412 39 91 288
721 6 161 -47 77 178
722 1 407 -7 109 232
722 2 409 40 104 295
722 6 160 -47 78 178
723 1 408 -8 109 232
723 2 411 39 99 294
723 6 162 -48 77 178
724 1 410 -8 109 232
724 2 410 40 100 293
724 6 160 -48 77 178
725 1 412 -8 109 218
725 2 407 43 100 290
725 6 160 -47 78 178
726 1 428 -11 88 218
726 2 407 44 99 301
726 6 161 -46 77 178
727 1 430 -11 87 218
727 2 411 42 99 300
727 6 161 -46 77 178
728 1 437 -7 78 217
728 2 412 40 99 301
728 6 162 -48 77 178
729 1 431 -12 91 228
729 2 413 45 99 300
729 6 162 -48 77 178
730 1 441 -15 82 228
730 2 414 39 99 300
730 6 162 -47 77 178
731 1 445 -17 83 228
731 2 416 31 99 300
731 6 163 -46 77 178
732 1 444 -19 88 228
732 2 416 30 100 300
732 6 163 -47 78 178
733 1 443 -18 89 229
733 2 416 41 100 300
733 6 162 -47 77 178
734 1 442 -17 91 228
734 2 415 42 99 300
734 6 159 -47 83 178
735 1 441 -17 92 228
735 2 415 45 99 300
735 6 159 -47 79 178
736 1 439 -17 95 229
736 2 416 35 99 300
736 6 156 -47 86 178
737 1 435 -18 99 229
737 2 414 40 98 294
737 6 154 -47 85 178
738 1 433 -23 104 240
738 2 416 36 99 294
738 6 153 -47 86 178
739 1 433 -23 104 240
739 2 417 36 99 294
739 6 162 -51 86 178
740 1 434 -23 103 240
740 2 417 36 99 294
740 6 157 -47 86 178
741 1 433 -24 104 240
741 2 418 34 99 294
741 6 157 -47 86 178
742 1 434 -24 103 240
742 2 420 37 94 297
742 6 157 -47 86 178
743 1 434 -24 103 240
743 2 420 33 95 303
743 6 157 -47 86 178
744 1 432 -24 104 240
744 2 421 27 95 303
744 6 157 -47 86 178
745 1 431 -23 104 240
745 2 421 38 94 303
745 6 157 -47 86 178
746 1 430 -23 104 240
746 2 413 44 103 293
746 6 158 -47 86 178
747 1 429 -24 104 240
747 2 417 42 103 292
747 6 158 -47 86 178
748 1 420 -23 112 240
748 2 415 41 104 293
748 6 157 -47 86 178
749 1 416 -23 117 240
749 2 417 37 103 293
749 6 157 -47 86 178
750 1 409 -25 117 240
750 2 413 31 109 307
750 6 158 -47 86 178
751 1 406 -24 117 240
751 2 414 31 109 307
751 6 157 -47 86 178
752 1 403 -27 117 240
752 2 413 30 109 307
752 6 157 -47 86 178
753 1 400 -26 117 240
753 2 413 30 109 307
753 6 158 -47 86 178
754 1 402 -23 118 240
754 2 412 30 109 307
754 6 158 -47 86 178
755 1 395 -22 132 240
755 2 412 29 109 307
755 6 158 -47 86 178
756 1 389 -23 145 240
756 2 411 27 109 308
756 6 158 -47 86 178
757 1 379 -21 146 240
757 2 415 43 104 292
757 6 158 -47 86 178
758 1 374 -24 146 241
758 2 414 41 104 293
758 6 158 -47 86 178
759 1 380 -26 133 240
759 2 415 44 103 292
759 6 158 -47 86 178
760 1 384 -27 133 241
760 2 417 41 103 293
760 6 158 -47 86 178
761 1 390 -19 121 240
761 2 414 46 104 293
761 6 158 -47 86 178
762 1 393 -19 108 228
762 2 415 44 104 292
762 6 158 -47 86 178
763 1 391 -16 108 228
763 2 415 44 103 292
763 6 158 -47 86 178
764 1 388 -17 108 228
764 2 416 47 103 293
764 6 158 -47 86 178
765 1 372 -15 124 248
765 2 414 43 104 292
765 6 158 -47 86 178
766 1 374 -20 124 248
766 2 415 48 104 293
766 6 158 -47 86 178
767 1 372 -18 124 248
767 2 415 45 103 293
767 6 158 -47 86 178
768 1 371 -14 124 247
768 2 412 47 104 293
768 4 -66 305 134 203
768 6 158 -47 86 178
769 1 373 -12 124 248
769 2 413 47 104 293
769 4 -61 307 133 203
769 6 157 -47 86 178
770 1 370 -10 124 248
770 2 413 48 103 293
770 6 157 -47 86 178
771 1 373 -11 116 248
771 2 408 50 103 293
771 4 -65 310 134 203
771 6 157 -47 86 178
772 1 377 -8 116 248
772 2 412 50 103 293
772 6 157 -47 86 178
773 1 370 -13 116 247
773 2 408 48 104 293
773 6 157 -47 86 178
774 1 373 -10 116 248
774 2 407 51 104 293
774 6 157 -47 86 178
775 1 371 -8 116 248
775 2 408 46 103 293
775 6 156 -47 86 178
776 1 367 -9 116 248
776 2 407 50 104 293
776 6 156 -47 86 178
777 1 367 -14 116 248
777 2 411 48 103 293
777 6 155 -47 86 178
778 1 362 -9 116 248
778 2 411 49 104 303
778 6 156 -47 86 178
779 1 366 -10 116 248
779 2 415 44 104 303
779 4 -51 281 111 186
779 6 156 -47 86 178
780 1 367 -7 116 248
780 2 408 52 116 287
780 4 -54 281 122 187
780 6 155 -47 86 178
781 1 362 -9 116 248
781 2 412 45 116 287
781 4 -57 277 128 186
781 6 155 -47 86 178
782 1 361 -11 116 248
782 2 412 51 123 292
782 6 155 -47 86 178
783 1 357 -11 116 248
783 2 412 48 123 291
783 6 155 -47 86 178
784 1 357 -12 116 248
784 2 410 52 133 292
784 6 154 -47 86 178
785 1 358 -15 116 248
785 2 406 50 133 292
785 6 154 -47 85 178
786 1 371 -6 94 242
786 2 405 48 141 291
786 6 153 -47 86 178
787 1 371 -4 94 241
787 2 392 45 155 292
787 6 153 -47 85 178
788 1 363 -8 94 242
788 2 392 42 155 292
788 6 153 -47 85 178
789 1 357 -6 98 242
789 2 390 51 155 292
789 6 152 -47 86 178
790 1 352 -6 99 242
790 2 385 44 156 292
790 6 152 -47 85 178
791 1 354 -5 99 242
791 2 380 41 155 292
791 6 151 -47 86 178
792 1 352 -5 99 247
792 2 374 31 155 292
792 6 152 -47 85 178
793 1 350 -1 102 239
793 2 382 45 148 287
793 6 151 -47 86 178
794 1 346 -2 101 239
794 2 380 40 148 287
794 6 150 -47 86 178
795 1 343 -3 102 239
795 2 371 34 148 287
795 6 149 -47 86 178
796 1 348 0 101 237
796 2 374 45 141 276
796 6 150 -47 86 178
797 1 342 -2 102 237
797 2 373 48 139 274
797 6 149 -47 86 178
798 1 337 -4 102 238
798 2 374 44 135 278
798 6 149 -47 86 178
799 1 338 -8 102 238
799 2 372 46 132 273
799 6 149 -47 86 178
800 1 344 -10 98 236
800 2 370 47 121 272
800 6 148 -47 86 178
801 1 343 -10 84 237
801 2 371 38 113 284
801 6 148 -47 86 178
802 1 345 -11 85 237
802 2 364 31 124 294
802 6 148 -47 86 178
803 1 343 -11 85 237
803 2 353 28 124 294
803 6 148 -47 86 178
804 1 340 -11 84 237
804 2 368 28 106 295
804 6 147 -47 86 178
805 1 338 -11 84 237
805 2 368 28 103 294
805 6 147 -47 86 178
806 1 334 -11 85 237
806 2 370 40 101 287
806 6 147 -47 86 178
807 1 331 -12 84 237
807 2 360 41 111 284
807 6 147 -47 86 178
808 1 328 -10 84 237
808 2 364 40 108 294
808 6 147 -47 86 178
809 1 325 -10 84 237
809 2 344 38 125 295
809 6 147 -47 86 178
810 1 322 -9 84 250
810 2 367 35 86 303
810 6 147 -47 86 178
811 1 307 -12 100 256
811 2 362 38 89 307
811 6 146 -47 85 178
812 1 310 -8 89 256
812 2 358 37 84 307
812 6 146 -47 86 178
813 1 303 -11 101 256
813 2 346 41 91 297
813 6 146 -47 85 178
814 1 288 -6 100 256
814 2 344 42 88 302
814 6 147 -47 86 178
815 1 290 -7 100 257
815 2 340 39 96 312
815 6 147 -47 86 178
816 1 288 -7 101 257
816 2 338 33 99 314
816 6 147 -47 86 178
817 1 287 -6 100 257
817 2 340 40 96 304
817 6 148 -47 86 178
818 1 285 -2 100 256
818 2 340 41 96 304
818 6 149 -47 86 178
819 1 284 -1 101 256
819 2 329 41 107 307
819 6 152 -47 86 178
820 1 284 0 100 256
820 2 333 38 107 308
820 6 153 -47 86 178
821 1 283 0 101 257
821 2 324 44 116 296
821 6 156 -47 86 178
822 1 284 2 100 256
822 2 323 44 123 301
822 6 158 -47 86 178
823 1 285 2 100 256
823 2 325 45 126 300
823 6 161 -47 86 178
824 1 284 0 101 256
824 2 331 46 126 301
824 6 164 -47 86 178
825 1 286 -3 100 256
825 2 334 46 126 301
825 6 167 -47 86 178
826 1 288 -3 100 256
826 2 339 51 127 300
826 6 172 -47 86 178
827 1 290 -3 101 256
827 2 343 52 126 300
827 6 176 -47 86 178
828 1 292 -4 101 256
828 2 344 47 133 315
828 6 180 -47 86 178
829 1 296 -4 100 257
829 2 348 46 133 315
829 6 185 -47 86 178
830 1 314 -1 66 244
830 2 363 58 112 289
830 6 190 -47 87 178
831 1 315 10 70 235
831 2 374 59 102 279
831 6 196 -47 87 178
832 1 304 10 86 235
832 2 380 58 95 286
832 6 211 -48 78 179
833 1 297 8 97 235
833 2 387 64 90 279
833 6 214 -48 77 179
834 1 292 12 112 241
834 2 393 62 84 285
834 6 220 -48 78 179
835 1 296 -3 111 251
835 2 388 60 95 291
835 6 228 -48 77 179
836 1 299 -11 117 251
836 2 402 60 95 290
836 6 235 -47 77 178
837 1 301 5 126 239
837 2 408 63 95 291
837 6 241 -48 78 179
838 1 315 2 125 238
838 2 407 64 103 291
838 6 249 -47 78 178
839 1 319 1 126 238
839 2 407 65 114 290
839 6 257 -48 79 179
840 1 325 1 125 238
840 2 399 63 134 290
840 6 266 -47 78 178
841 1 330 1 125 238
841 2 395 62 154 290
841 6 274 -47 78 178
842 1 335 3 125 238
842 2 393 62 154 290
842 6 281 -47 79 178
843 1 340 5 125 238
843 2 391 66 153 290
843 6 289 -48 79 179
844 1 344 4 125 238
844 2 401 63 153 291
844 6 296 -47 79 178
845 1 348 4 125 238
845 2 413 62 153 290
845 6 302 -47 79 178
846 1 374 3 79 238
846 2 421 57 139 290
846 6 309 -46 75 170
847 1 383 7 71 238
847 2 428 64 153 290
847 6 315 -46 75 170
848 1 380 6 74 238
848 2 425 57 153 290
848 6 320 -47 76 170
849 1 386 8 68 238
849 2 444 64 125 276
849 6 325 -47 75 170
850 1 377 12 81 239
850 2 453 62 112 276
850 6 330 -44 76 170
851 1 371 12 87 239
851 2 457 60 108 289
851 6 335 -44 76 171
852 1 368 8 96 239
852 2 466 59 107 281
852 6 341 -44 75 171
853 1 352 10 113 238
853 2 472 58 98 289
853 6 345 -44 76 171
854 1 356 5 117 239
854 2 472 59 100 289
854 6 347 -47 80 179
855 1 358 4 115 238
855 2 468 58 104 290
855 6 351 -47 79 179
856 1 359 5 125 239
856 2 454 62 118 289
856 6 354 -47 80 179
857 1 361 17 119 237
857 2 450 57 122 301
857 6 359 -47 79 179
858 1 370 21 116 228
858 2 435 60 136 301
858 6 361 -47 79 179
859 1 364 14 119 238
859 2 416 57 148 301
859 6 363 -47 80 179
860 1 364 16 119 237
860 2 423 60 147 302
860 6 365 -47 80 179
861 1 366 12 119 237
861 2 419 62 147 302
861 6 365 -47 84 188
862 1 366 12 119 237
862 2 421 62 147 301
862 6 368 -48 84 188
863 1 366 12 119 237
863 2 418 67 147 301
863 6 369 -47 84 188
864 1 366 13 119 237
864 2 421 69 147 301
864 6 372 -47 84 188
865 1 366 12 119 237
865 2 421 66 147 301
865 6 375 -47 84 188
866 1 366 12 98 237
866 2 413 66 148 302
866 6 386 -57 88 196
867 1 367 13 98 237
867 2 412 62 147 302
867 6 388 -60 88 197
868 1 366 13 99 238
868 2 419 67 134 302
868 6 389 -60 88 197
869 1 342 14 121 237
869 2 424 68 135 302
869 6 390 -61 87 197
870 1 324 14 122 238
870 2 421 67 134 302
870 6 390 -61 88 197
871 1 321 17 132 238
871 2 416 68 111 287
871 6 393 -56 83 187
872 1 315 22 144 238
872 2 412 68 104 285
872 4 -83 300 171 186
872 6 393 -56 83 187
873 1 321 10 123 237
873 2 409 68 105 286
873 4 -83 297 170 186
873 6 393 -56 83 188
874 1 310 17 144 237
874 2 391 65 127 303
874 4 -79 297 170 186
874 6 393 -56 83 188
875 1 317 18 137 230
875 2 379 67 130 286
875 4 -78 298 171 186
875 6 394 -48 83 189
876 1 313 19 138 226
876 2 363 71 146 282
876 4 -82 297 170 186
876 6 393 -48 84 189
877 1 323 19 125 232
877 2 353 70 146 280
877 4 -81 297 170 186
877 6 394 -47 84 188
878 1 321 18 124 222
878 2 358 72 146 279
878 4 -80 298 170 186
878 6 394 -47 84 188
879 1 321 14 109 226
879 2 342 70 160 281
879 4 -79 298 170 186
879 6 394 -47 84 188
880 1 318 14 121 229
880 2 358 67 148 279
880 4 -81 296 170 186
880 6 395 -47 83 188
881 1 315 13 85 230
881 2 358 66 145 283
881 4 -65 317 170 186
881 6 396 -57 88 197
882 1 317 12 79 238
882 2 350 66 149 280
882 4 -74 295 171 186
882 6 397 -58 88 197
883 1 313 12 67 238
883 2 348 63 146 279
883 4 -71 298 170 186
883 6 399 -58 87 197
884 1 308 14 72 238
884 2 359 63 131 279
884 4 -71 296 170 186
884 6 400 -59 87 196
885 1 302 21 77 238
885 2 355 60 116 285
885 4 -72 295 170 186
885 6 401 -60 74 188
886 1 290 20 90 236
886 2 370 64 89 281
886 4 -64 300 171 186
886 6 403 -59 75 183
887 1 281 19 101 238
887 2 366 59 88 287
887 4 -64 296 170 186
887 6 404 -60 78 186
888 1 265 20 126 238
888 2 361 60 80 287
888 4 -57 292 170 186
888 6 408 -56 83 187
889 1 268 21 129 238
889 2 355 65 96 290
889 4 -53 293 170 187
889 6 410 -56 83 187
890 1 260 21 139 238
890 2 343 70 87 283
890 4 -49 294 170 186
890 6 412 -56 83 187
891 1 259 20 139 238
891 2 338 63 104 291
891 4 -46 297 170 186
891 6 414 -56 84 187
892 1 257 22 139 237
892 2 330 62 110 290
892 4 -46 293 170 186
892 6 416 -56 83 187
893 1 256 22 139 238
893 2 308 59 140 299
893 4 -24 309 171 186
893 6 419 -55 83 187
894 1 255 22 139 237
894 2 308 58 140 298
894 4 -23 305 179 195
894 6 423 -56 83 187
895 1 254 21 139 238
895 2 307 63 152 298
895 4 -17 304 178 196
895 6 426 -56 84 187
896 1 254 21 139 238
896 2 311 66 151 298
896 4 -11 303 179 196
896 6 430 -56 83 187
897 1 255 21 139 238
897 2 310 67 152 298
897 4 -5 303 178 196
897 6 433 -56 84 187
898 1 256 20 139 238
898 2 310 67 152 299
898 4 1 303 165 177
898 6 437 -56 83 187
899 1 290 20 75 238
899 2 323 69 139 289
899 4 1 295 170 186
899 6 441 -56 83 187
900 1 284 20 70 238
900 2 313 69 151 298
900 4 13 303 171 187
900 6 443 -57 80 182
901 1 285 15 65 238
901 2 334 69 115 284
901 4 13 298 170 186
901 6 446 -57 78 182
902 1 279 23 72 238
902 2 341 69 107 285
902 4 18 301 171 186
902 6 447 -57 78 182
903 1 276 24 78 238
903 2 348 70 85 287
903 4 33 308 171 187
903 6 450 -57 77 182
904 1 259 24 98 230
904 2 341 69 92 290
904 4 24 295 170 186
904 6 452 -57 77 182
905 1 248 23 110 234
905 2 341 70 88 286
905 4 31 299 171 187
905 6 454 -57 77 182
906 1 238 25 124 227
906 2 338 70 84 282
906 4 44 308 171 187
906 6 456 -57 77 182
907 1 238 24 123 231
907 2 327 70 89 283
907 4 35 297 171 187
907 6 459 -58 77 182
908 1 240 25 119 232
908 2 318 70 99 283
908 4 44 305 171 186
908 6 461 -58 77 182
909 1 234 24 123 230
909 2 300 71 122 281
909 4 41 299 171 187
909 6 463 -58 77 182
910 1 244 24 110 228
910 2 290 71 131 282
910 4 46 297 171 187
910 6 465 -58 77 182
911 1 247 24 104 220
911 2 279 67 145 284
911 4 54 302 171 186
911 6 467 -58 78 182
912 1 245 22 104 220
912 2 281 67 146 283
912 4 59 303 171 187
912 6 469 -58 77 182
913 1 248 21 99 220
913 2 287 67 138 280
913 4 68 306 172 187
913 6 471 -58 77 182
914 1 245 16 107 231
914 2 280 64 156 285
914 4 101 302 121 170
914 6 474 -58 77 182
915 1 250 12 100 237
915 2 290 63 141 283
915 4 118 304 114 169
915 6 475 -59 77 182
916 1 244 11 88 238
916 2 289 65 139 279
916 4 126 304 113 169
916 6 478 -59 77 182
917 1 244 19 76 237
917 2 298 65 114 277
917 4 133 303 113 169
917 6 481 -58 77 182
918 1 241 19 74 237
918 2 302 65 101 277
918 4 137 302 114 169
918 6 483 -58 77 182
919 1 240 19 71 237
919 2 302 65 95 281
919 4 139 307 114 169
919 6 485 -58 77 182
920 1 233 17 81 237
920 2 302 65 85 278
920 4 148 303 114 169
920 6 487 -58 77 182
921 1 220 14 98 237
921 2 296 65 83 286
921 4 148 303 114 169
921 6 489 -58 77 182
922 1 212 17 116 237
922 2 288 67 87 284
922 4 153 302 114 169
922 6 491 -58 77 182
923 1 201 16 125 239
923 2 287 69 88 285
923 4 157 295 120 178
923 6 493 -58 77 182
924 1 202 17 116 234
924 2 277 73 95 284
924 4 159 294 120 178
924 6 495 -58 77 182
925 1 199 18 125 239
925 2 263 73 110 286
925 4 165 291 105 178
925 6 496 -58 77 182
926 1 194 20 125 238
926 2 253 73 120 283
926 4 176 297 100 169
926 6 497 -58 77 182
927 1 190 21 125 238
927 2 235 71 152 284
927 4 176 291 105 178
927 6 498 -58 77 182
928 1 186 21 124 239
928 2 231 75 149 287
928 4 180 289 104 177
928 6 499 -58 77 182
929 1 182 22 124 239
929 2 226 72 149 287
929 4 184 287 101 178
929 6 501 -58 77 182
930 1 179 25 124 239
930 2 222 73 148 288
930 4 200 285 79 178
930 6 502 -58 80 182
931 1 175 22 130 250
931 2 217 75 163 291
931 4 206 282 78 178
931 6 503 -59 79 183
932 1 173 23 131 251
932 2 206 72 162 291
932 4 211 283 75 170
932 6 504 -59 80 183
933 1 174 23 131 250
933 2 203 72 162 291
933 4 215 282 74 170
933 6 506 -59 80 183
934 1 175 26 131 251
934 2 200 71 162 291
934 4 218 283 75 169
934 6 507 -59 80 183
935 1 176 26 130 251
935 2 198 71 162 291
935 4 223 276 74 170
935 6 509 -59 80 183
936 1 174 28 98 250
936 2 218 76 135 277
936 4 227 280 75 169
936 6 511 -59 80 182
937 1 176 24 98 251
937 2 230 73 103 278
937 4 232 277 75 170
937 6 514 -59 79 183
938 1 176 25 98 233
938 2 226 83 99 267
938 4 236 275 75 170
938 6 516 -59 79 183
939 1 160 24 114 250
939 2 222 71 93 288
939 4 240 278 74 169
939 6 518 -59 80 183
940 1 155 16 113 229
940 2 223 81 98 275
940 4 242 271 78 178
940 6 521 -59 80 182
941 1 165 20 114 234
941 2 224 83 104 276
941 4 249 270 74 169
941 6 524 -60 80 183
942 1 159 19 101 244
942 2 220 75 110 275
942 4 253 269 74 170
942 6 527 -60 80 183
943 1 158 24 113 236
943 2 210 77 128 275
943 4 259 269 74 170
943 6 531 -59 79 182
944 1 160 25 114 236
944 2 204 69 135 288
944 4 262 267 75 170
944 6 534 -60 80 183
945 1 160 24 114 233
945 2 202 68 135 288
945 4 266 264 78 179
945 6 537 -60 79 182
946 1 160 24 114 236
946 2 199 67 149 289
946 4 268 263 78 178
946 6 539 -60 80 182
947 1 158 23 114 250
947 2 202 66 139 289
947 4 272 259 78 178
947 6 540 -65 83 192
948 1 159 22 113 250
948 2 188 64 150 289
948 4 275 258 78 178
948 6 542 -65 84 191
949 1 157 20 113 237
949 2 205 77 130 275
949 4 286 258 70 170
949 6 545 -66 83 191
950 1 159 19 111 235
950 2 206 76 121 276
950 4 286 251 73 180
950 6 546 -66 84 191
951 1 155 20 113 250
951 2 201 74 120 268
951 4 289 254 70 171
951 6 548 -66 84 191
952 1 161 14 77 250
952 2 200 74 116 283
952 4 295 250 69 171
952 6 550 -66 87 185
953 1 153 18 89 250
953 2 195 68 114 282
953 4 297 250 70 171
953 6 551 -66 86 185
954 1 152 18 89 250
954 2 195 71 112 278
954 4 302 249 69 170
954 6 553 -66 86 185
955 1 149 18 89 250
955 2 187 70 115 292
955 4 308 245 69 171
955 6 555 -67 86 185
956 1 148 17 89 250
956 2 182 66 115 292
956 4 316 245 70 171
956 6 556 -67 86 185
957 1 135 18 100 249
957 2 179 66 115 291
957 4 314 240 73 180
957 6 558 -67 86 185
958 1 140 19 100 249
958 2 179 66 115 306
958 4 323 241 69 172
958 6 561 -67 86 185
959 1 140 19 101 250
959 2 174 61 128 307
959 4 328 240 69 171
959 6 564 -68 86 186
960 1 140 20 101 250
960 2 168 61 136 306
960 4 335 236 69 171
960 6 567 -68 86 186
961 1 141 23 100 250
961 2 161 76 134 289
961 4 343 233 69 171
961 6 570 -68 86 185
962 1 141 25 101 250
962 2 161 75 151 289
962 4 349 227 72 180
963 1 144 17 100 250
963 2 160 73 155 300
963 4 353 228 72 180
964 1 143 26 100 236
964 2 177 79 144 299
964 4 361 226 72 179
965 1 145 26 100 232
965 2 171 80 155 285
965 4 368 224 71 180
966 1 146 26 105 233
966 2 184 83 144 280
966 4 374 223 72 179
967 1 147 27 101 235
967 2 185 77 132 290
967 4 380 225 71 179
968 1 148 27 100 237
968 2 180 78 137 288
968 4 387 223 69 171
969 1 149 28 101 250
969 2 184 85 129 288
969 4 389 219 68 171
970 1 145 17 91 237
970 2 185 84 120 283
970 4 393 220 69 171
971 1 142 20 80 235
971 2 183 82 121 283
971 4 400 216 68 171
972 1 135 27 91 226
972 2 182 84 108 282
972 4 400 215 68 171
973 1 139 21 87 239
973 2 174 79 110 290
973 4 404 217 68 171
974 1 137 19 86 237
974 2 175 79 103 289
974 4 406 215 68 171
975 1 137 26 93 228
975 2 166 77 109 289
975 4 407 213 68 171
976 1 131 10 92 240
976 2 165 81 107 289
976 4 406 211 68 171
977 1 127 18 98 241
977 2 160 87 118 277
977 4 406 208 68 165
978 1 126 15 100 249
978 2 153 86 125 275
978 4 408 208 68 166
979 1 125 17 100 249
979 2 149 84 137 277
979 4 407 204 71 174
980 1 115 14 100 250
980 2 138 78 141 288
980 4 407 201 71 174
981 1 108 22 100 249
981 2 140 77 141 289
981 4 408 199 71 174
982 1 103 19 99 250
982 2 137 81 147 289
982 4 407 199 62 171
983 1 107 22 128 233
983 2 140 78 147 295
983 4 411 196 62 172
984 1 99 20 128 233
984 2 129 65 146 295
984 4 412 199 58 164
985 1 96 18 128 234
985 2 129 72 146 295
985 4 414 194 61 171
986 1 97 18 128 233
986 2 123 70 147 295
986 4 415 194 62 171
987 1 99 16 128 233
987 2 116 62 147 294
987 4 417 191 62 171
988 1 97 22 116 217
988 2 114 61 146 294
988 4 421 196 59 164
989 1 94 24 116 218
989 2 129 61 117 295
989 4 417 197 64 164
990 1 89 22 123 219
990 2 126 62 109 294
990 4 411 197 77 164
991 1 89 21 124 219
991 2 122 63 108 295
991 4 407 199 84 164
992 1 106 23 88 242
992 2 109 65 146 294
992 4 407 199 86 164
993 1 102 21 89 242
993 2 117 68 118 295
993 4 397 194 99 164
994 1 98 23 91 242
994 2 113 75 117 295
994 4 398 194 101 164
995 1 92 23 94 241
995 2 103 72 134 295
995 4 400 191 105 164
996 1 96 25 111 242
996 2 103 75 140 294
996 4 395 190 108 164
997 1 78 29 131 241
997 2 97 72 145 295
997 4 402 191 107 164
998 1 77 25 131 242
998 2 97 83 149 287
998 4 399 191 107 164
999 1 76 31 131 242
999 2 89 79 158 294
999 4 404 194 107 163
1000 1 76 28 131 241
1000 2 79 74 158 293
1000 4 405 190 107 164
1001 1 78 33 131 242
1001 2 75 70 168 298
1001 4 410 188 107 164
1002 1 74 30 131 242
1002 2 69 80 176 297
1002 4 411 190 107 163
1003 1 69 30 131 242
1003 2 59 73 175 297
1003 4 417 189 107 163
1004 1 69 31 131 242
1004 2 57 74 175 297
1004 4 426 190 107 164
1005 1 61 29 130 242
1005 2 57 77 175 297
1005 4 416 185 107 164
1006 1 60 30 131 241
1006 2 55 76 175 298
1006 4 420 187 106 163
1007 1 80 32 104 242
1007 2 74 77 144 291
1007 4 425 187 107 163
1008 1 72 32 111 242
1008 2 70 85 141 280
1008 4 429 193 107 163
1009 1 74 30 92 242
1009 2 65 76 152 297
1009 4 432 191 107 163
1010 1 69 29 106 241
1010 2 61 76 152 297
1010 4 441 194 106 163
1011 1 67 28 106 241
1011 2 61 75 152 297
1011 4 432 193 106 163
1012 1 70 34 97 232
1012 2 61 75 152 297
1012 4 441 197 107 163
1013 1 74 36 104 223
1013 2 61 75 152 297
1013 4 453 199 92 163
1014 1 70 38 114 228
1014 2 62 75 152 297
1014 4 456 200 92 163
1015 1 65 31 120 231
1015 2 62 75 152 297
1015 4 461 200 92 163
1016 1 68 38 120 231
1016 2 62 75 152 297
1016 4 463 200 92 162
1017 1 68 35 119 232
1017 2 61 73 152 297
1017 4 463 201 86 163
1018 1 66 33 119 231
1018 2 61 72 152 297
1018 4 468 196 86 163
1019 1 63 30 120 231
1019 2 60 72 152 297
1019 4 465 199 86 163
1020 1 59 32 119 231
1020 2 59 71 151 297
1020 4 468 201 86 163
1021 1 62 37 112 218
1021 2 56 68 151 297
1021 4 470 198 81 162
1022 1 60 37 114 234
1022 2 55 69 152 297
1022 4 471 198 80 162
1023 1 58 37 113 241
1023 2 53 71 152 297
1023 4 473 197 80 163
1024 1 56 40 113 240
1024 2 53 71 152 297
1024 4 473 197 80 163
1025 1 53 42 115 248
1025 2 51 72 152 297
1025 4 473 196 80 163
1026 1 49 41 114 249
1026 2 46 65 160 311
1026 4 473 198 80 163
1027 1 45 46 115 248
1027 2 44 64 159 312
1027 4 473 198 80 163
1028 1 39 44 103 254
1028 2 63 63 123 278
1028 4 473 196 80 163
1029 1 37 48 119 255
1029 2 63 62 121 275
1029 4 473 198 80 162
1030 1 40 51 103 254
1030 2 59 62 126 282
1030 4 473 198 80 162
1031 1 27 52 120 255
1031 2 56 60 126 277
1031 4 473 200 80 163
1032 1 24 56 110 255
1032 2 55 61 128 274
1032 4 473 195 80 163
1033 1 22 56 110 254
1033 2 55 61 126 276
1033 4 471 199 80 163
1034 1 13 58 110 255
1034 2 52 63 133 283
1034 4 470 199 81 163
1035 1 3 59 110 254
1035 2 40 64 146 283
1035 4 472 197 80 163
1036 1 4 61 110 255
1036 2 59 61 122 282
1036 4 474 200 80 163
1037 1 -3 68 110 254
1037 2 58 64 123 274
1037 4 477 198 80 163
1038 1 0 64 110 254
1038 2 48 56 133 282
1038 4 481 195 80 163
1039 1 2 60 110 255
1039 2 56 61 122 282
1039 4 485 193 80 163
1040 1 -1 65 110 254
1040 2 57 57 122 282
1040 4 483 200 80 163
1041 1 -1 68 122 254
1041 2 60 56 123 283
1041 4 489 194 80 163
1042 1 -10 67 132 255
1042 2 56 57 126 282
1042 4 488 202 80 162
1043 1 -14 64 132 254
1043 2 60 56 125 283
1043 4 495 200 80 163
1044 1 -13 70 132 254
1044 2 63 55 128 282
1044 4 495 198 80 163
1045 1 -11 74 132 255
1045 2 58 50 138 290
1045 4 497 201 80 163
1046 1 -14 81 143 255
1046 2 55 42 138 291
1046 4 499 200 80 163
1047 1 -23 84 153 255
1047 2 62 44 128 290
1047 4 501 197 80 162
1048 1 -24 85 153 254
1048 2 61 42 131 290
1048 4 499 200 80 163
1049 1 -28 88 154 254
1049 2 60 37 138 291
1049 4 495 200 85 163
1050 1 -30 90 153 255
1050 2 52 34 138 290
1050 4 488 200 86 162
1051 1 -32 101 153 255
1051 2 56 29 132 297
1051 4 485 197 98 170
1052 1 -34 102 153 254
1052 2 54 27 127 290
1052 4 488 195 97 170
1053 1 -37 93 153 254
1053 2 58 27 127 290
1053 4 488 195 98 171
1054 1 -40 95 153 254
1054 2 58 26 122 277
1054 4 501 196 98 170
1055 1 -44 94 153 254
1055 2 56 25 123 272
1055 4 501 193 98 171
1056 1 -47 96 153 255
1056 2 56 21 123 272
1056 4 512 193 97 170
1057 1 -50 96 154 254
1057 2 61 20 122 272
1057 4 518 192 97 171
1058 1 -52 100 154 255
1058 2 65 18 122 273
1058 4 521 196 97 170
1059 1 -52 104 154 254
1059 2 58 18 135 272
1059 4 527 196 98 170
1060 1 -53 104 153 263
1060 2 58 25 135 254
1060 4 532 196 97 170
1061 1 -54 114 153 263
1061 2 55 22 146 258
1061 4 534 197 97 170
1062 1 -56 114 154 275
1062 2 53 21 151 258
1062 4 541 197 91 170
1063 1 -54 118 154 282
1063 2 48 21 160 261
1063 4 551 197 91 170
1064 1 -54 119 165 282
1064 2 50 19 160 261
1064 4 557 196 91 170
1065 1 -53 123 170 282
1065 2 50 18 159 261
1065 4 555 197 92 170
1066 1 -56 127 177 287
1066 2 57 18 160 262
1066 4 564 194 91 170
1067 1 -53 129 181 285
1067 2 66 18 160 262
1067 4 570 192 92 170
1068 1 -54 128 189 286
1068 2 63 13 160 261
1068 4 583 192 91 170
1069 1 -47 132 189 286
1069 2 64 6 160 261
1069 4 592 192 91 170
1070 1 -32 129 174 286
1070 2 67 9 160 262
1071 1 -21 133 173 286
1071 2 67 11 160 262
1072 1 -24 139 173 274
1072 2 78 16 129 261
1073 1 -23 136 173 273
1073 2 78 18 131 261
1074 1 -17 136 174 273
1074 2 77 17 126 261
1075 1 -11 137 173 274
1075 2 88 14 112 262
1076 1 11 140 144 274
1076 2 89 20 115 262
1077 1 17 141 140 274
1077 2 92 14 122 262
1078 1 25 152 152 273
1078 2 94 12 122 262
1079 1 27 156 158 256
1079 2 101 13 136 261
1080 1 32 149 165 287
1080 2 117 9 119 262
1081 1 47 155 151 259
1081 2 119 14 134 251
1082 1 59 153 150 267
1082 2 137 13 121 257
1083 1 61 148 165 278
1083 2 140 14 124 255
1084 1 78 156 157 265
1084 2 152 11 126 263
1085 1 88 160 167 279
1085 2 161 8 124 262
1086 1 87 159 166 273
1086 2 172 9 118 254
1087 1 99 153 167 281
1087 2 176 6 119 262
1088 1 124 163 155 268
1088 2 185 8 110 262
1089 1 135 160 155 274
1089 2 200 6 103 263
1090 1 142 163 157 262
1090 2 214 5 99 263
1091 1 160 164 151 262
1091 2 217 -1 94 262
1092 1 174 165 125 272
1092 2 227 -1 94 263
1093 1 188 167 118 272
1093 2 238 -1 85 263
1094 1 206 170 102 272
1094 2 254 -2 83 262
1095 1 222 169 93 283
1095 2 260 0 88 266
1096 1 225 170 109 283
1096 2 272 2 88 255
1097 1 231 170 115 283
1097 2 279 2 87 254
1098 1 240 169 119 283
1098 2 290 5 91 248
1099 1 240 171 127 277
1099 2 296 6 93 246
1100 1 249 168 126 283
1100 2 281 4 113 256
1101 1 256 171 131 283
1101 2 292 8 110 240
1102 1 260 174 131 283
1102 2 294 6 115 257
1103 1 277 173 121 273
1103 2 298 8 118 260
1104 1 273 175 130 274
1104 2 305 9 117 265
1105 1 295 173 114 270
1105 2 309 7 116 271
1106 1 285 176 119 266
1106 2 318 11 111 261
1107 1 298 176 105 270
1107 2 324 10 100 260
1108 1 295 166 130 283
1108 2 322 6 98 265
1109 1 318 173 84 283
1109 2 326 9 90 257
1110 1 319 171 81 283
1110 2 336 13 80 245
1111 1 319 170 86 283
1111 2 333 5 84 255
1112 1 319 177 93 277
1112 2 335 9 71 253
1113 1 317 177 97 269
1113 2 338 13 69 259
1114 1 310 173 104 277
1114 2 336 13 73 263
1115 1 296 176 124 276
1115 2 325 9 89 259
1116 1 296 171 124 277
1116 2 310 10 105 264
1117 1 294 163 132 277
1117 2 297 2 124 264
1118 1 296 165 131 278
1118 2 297 3 124 264
1119 1 295 164 132 277
1119 2 294 14 124 264
1120 1 299 168 131 277
1120 2 300 16 124 265
1121 1 300 166 131 278
1121 2 300 7 124 265
1122 1 297 169 132 277
1122 2 300 9 124 264
1123 1 293 165 132 277
1123 2 297 5 124 264
1124 1 286 165 132 277
1124 2 292 5 124 264
1125 1 276 159 132 277
1125 2 291 7 118 252
1126 1 274 160 132 277
1126 2 285 3 124 264
1127 1 276 165 125 264
1127 2 281 2 124 264
1128 1 273 168 126 273
1128 2 277 4 123 264
1129 1 270 166 125 274
1129 2 272 3 124 264
1130 1 269 166 126 274
1130 2 269 3 123 264
1131 1 261 165 126 274
1131 2 267 4 124 264
1132 1 268 164 126 274
1132 2 284 15 83 251
1133 1 253 163 126 274
1133 2 283 10 78 264
1134 1 233 158 156 279
1134 2 271 12 99 264
1135 1 231 159 155 279
1135 2 258 9 112 264
1136 1 232 162 156 279
1136 2 260 10 110 264
1137 1 233 163 156 279
1137 2 258 10 114 264
1138 1 234 160 156 279
1138 2 257 10 123 264
1139 1 233 162 156 279
1139 2 254 10 124 264
1140 1 228 166 155 278
1140 2 252 10 124 264
1141 1 219 166 155 279
1141 2 249 7 124 264
1142 1 215 164 156 279
1142 2 249 16 118 252
1143 1 226 174 146 274
1143 2 247 16 117 252
1144 1 225 170 145 275
1144 2 243 17 117 251
1145 1 216 175 145 274
1145 2 237 21 118 252
1146 1 216 180 126 274
1146 2 234 18 117 251
1147 1 211 172 126 274
1147 2 229 19 117 251
1148 1 208 174 126 274
1148 2 235 19 82 252
1149 1 205 176 125 274
1149 2 225 20 91 252
1150 1 202 175 126 274
1150 2 224 23 91 251
1151 1 201 175 125 274
1151 2 220 24 91 252
1152 1 181 180 140 263
1152 2 217 19 101 265
1153 1 175 178 150 264
1153 2 215 22 102 265
1154 1 164 178 167 263
1154 2 202 16 122 264
1155 1 170 178 167 264
1155 2 198 20 123 264
1156 1 170 176 167 263
1156 2 201 19 122 265
1157 1 169 175 167 263
1157 2 199 15 126 264
1158 1 167 176 167 263
1158 2 201 16 121 264
1159 1 165 175 167 263
1159 2 205 15 111 264
1160 1 161 176 167 263
1160 2 198 11 111 263
1161 1 156 174 167 263
1161 2 176 12 133 264
1162 1 152 170 167 263
1162 2 188 9 119 263
1163 1 147 170 167 264
1163 2 192 2 104 263
1164 1 142 172 167 276
1164 2 194 8 82 257
1165 1 136 166 144 276
1165 2 189 6 83 259
1166 1 137 158 144 297
1166 2 188 9 78 259
1167 1 134 164 119 287
1167 2 181 11 86 254
1168 1 130 170 126 280
1168 2 185 11 88 255
1169 1 127 170 130 281
1169 2 176 11 98 254
1170 1 123 174 134 277
1170 2 165 4 118 263
1171 1 108 174 150 291
1171 2 164 4 107 263
1172 1 108 170 154 285
1172 2 170 6 104 260
1173 1 104 170 162 282
1173 2 162 16 116 257
1174 1 99 185 172 271
1174 2 162 6 121 268
1175 1 104 183 177 271
1175 2 162 -2 120 276
1176 1 92 190 179 275
1176 2 161 13 124 261
1177 1 98 194 179 257
1177 2 160 12 125 262
1178 1 84 182 179 275
1178 2 160 15 125 259
1179 1 89 194 177 256
1179 2 158 13 120 261
1180 1 80 187 180 275
1180 2 157 23 124 250
1181 1 71 180 178 275
1181 2 156 18 112 256
1182 1 93 191 141 261
1182 2 153 18 107 257
1183 1 89 183 149 275
1183 2 149 16 101 259
1184 1 88 189 148 275
1184 2 147 20 102 255
1185 1 86 185 125 269
1185 2 146 17 96 258
1186 1 85 184 136 274
1186 2 146 15 95 254
1187 1 83 186 137 274
1187 2 144 13 103 256
1188 1 80 185 149 275
1188 2 143 14 118 257
1189 1 79 183 149 275
1189 2 132 11 127 266
1190 1 68 175 165 288
1190 2 133 8 127 265
1191 1 67 176 165 288
1191 2 132 8 127 266
1192 1 68 173 175 288
1192 2 133 8 127 265
1193 1 67 172 174 288
1193 2 133 8 127 265
1194 1 67 172 174 288
1194 2 130 1 133 279
1195 1 66 170 174 288
1195 2 131 8 126 266
1196 1 65 169 174 289
1196 2 129 8 139 270
1197 1 65 168 174 288
1197 2 124 5 139 269
1198 1 66 161 174 289
1198 2 122 5 139 269
1199 1 67 159 174 289
1199 2 122 5 139 269
1200 1 78 164 144 288
1200 2 142 17 90 257
1201 1 71 162 142 288
1201 2 132 16 101 259
1202 1 64 162 148 288
1202 2 136 6 94 269
1203 1 69 163 133 288
1203 2 134 5 98 269
1204 1 68 166 132 288
1204 2 130 10 106 270
1205 1 73 175 133 287
1205 2 130 12 106 268
1206 1 71 178 135 279
1206 2 131 19 111 260
1207 1 70 182 141 278
1207 2 128 23 117 260
1208 1 66 185 154 270
1208 2 125 20 126 259
1209 1 68 185 154 272
1209 2 126 28 127 254
1210 1 65 186 162 269
1210 2 126 27 130 261
1211 1 61 180 166 280
1211 2 109 11 144 270
1212 1 58 184 183 273
1212 2 120 21 138 265
1213 1 61 193 165 266
1213 2 122 28 134 260
1214 1 58 194 171 263
1214 2 118 25 134 260
1215 1 58 196 168 265
1215 2 115 26 128 257
1216 1 53 190 173 269
1216 2 114 28 120 250
1217 1 55 197 161 262
1217 2 114 27 114 259
1218 1 54 200 153 258
1218 2 114 30 108 257
1219 1 49 198 152 255
1219 2 111 31 105 254
1220 1 48 194 149 258
1220 2 112 29 100 250
1221 1 55 194 135 262
1221 2 114 30 105 255
1222 1 53 197 132 256
1222 2 114 27 104 255
1223 1 50 197 131 255
1223 2 113 30 110 252
1224 1 59 196 130 258
1224 2 114 31 118 252
1225 1 59 196 140 258
1225 2 113 30 122 257
1226 1 58 196 143 253
1226 2 118 30 121 251
1227 1 63 197 150 254
1227 2 117 29 131 254
1228 1 70 201 150 254
1228 2 116 30 140 253
1229 1 68 201 156 254
1229 2 121 27 133 256
1230 1 70 200 156 252
1230 2 123 26 126 255
1231 1 69 199 168 251
1231 2 123 27 123 253
1232 1 76 198 156 255
1232 2 125 26 118 252
1233 1 70 198 164 255
1233 2 123 22 115 258
1234 1 70 196 163 254
1234 2 122 22 110 258
1235 1 73 197 156 250
1235 2 122 21 105 252
1236 1 73 194 153 260
1236 2 123 20 97 262
1237 1 75 185 147 270
1237 2 116 13 105 266
1238 1 76 178 142 270
1238 2 117 10 105 266
1239 1 72 188 140 270
1239 2 118 10 105 266
1240 1 76 187 127 269
1240 2 119 10 105 266
1241 1 78 188 124 279
1241 2 120 9 113 266
1242 1 68 199 143 279
1242 2 121 9 113 266
1243 1 69 196 143 280
1243 2 124 9 114 266
1244 1 73 195 143 280
1244 2 126 10 120 266
1245 1 75 204 143 279
1245 2 128 9 120 266
1246 1 77 201 144 279
1246 2 122 10 136 266
1247 1 78 200 154 280
1247 2 125 11 136 266
1248 1 76 205 153 279
1248 2 124 10 132 266
1249 1 76 205 164 280
1249 2 125 10 131 267
1250 1 71 212 179 279
1250 2 125 10 132 267
1251 1 75 210 178 279
1251 2 121 14 126 266
1252 1 74 212 178 279
1252 2 120 12 126 266
1253 1 73 213 178 279
1253 2 120 22 124 267
1254 1 72 207 179 279
1254 2 124 21 115 266
1255 1 73 209 179 279
1255 2 130 13 102 267
1256 1 79 213 179 268
1256 2 123 19 102 267
1257 1 83 199 179 280
1257 2 125 23 102 266
1258 1 80 211 179 280
1258 2 131 22 102 266
1259 1 82 214 179 280
1259 2 131 22 110 271
1260 1 82 214 179 279
1260 2 129 27 110 256
1261 1 84 216 149 279
1261 2 129 12 122 272
1262 1 84 204 148 280
1262 2 127 22 122 272
1263 1 90 213 149 280
1263 2 126 14 133 271
1264 1 91 212 149 280
1264 2 125 22 132 271
1265 1 92 212 156 280
1265 2 123 24 132 260
1266 1 91 211 156 280
1266 2 127 25 140 269
1267 1 92 213 167 280
1267 2 125 13 140 271
1268 1 92 211 167 279
1268 2 126 13 140 271
1269 1 93 206 174 280
1269 2 126 13 128 271
1270 1 95 205 173 280
1270 2 125 14 140 271
1271 1 94 205 174 279
1271 2 122 14 124 271
1272 1 94 203 173 280
1272 2 118 14 119 271
1273 1 93 201 173 279
1273 2 123 15 113 271
1274 1 92 197 173 280
1274 2 125 21 113 271
1275 1 92 193 173 280
1275 2 127 23 114 271
1276 1 91 199 173 280
1276 2 126 17 120 271
1277 1 91 202 173 280
1277 2 125 14 120 271
1278 1 88 207 173 280
1278 2 126 14 120 271
1279 1 87 211 173 279
1279 2 126 26 120 271
1280 1 94 216 144 279
1280 2 127 16 126 271
1281 1 92 216 143 279
1281 2 132 25 128 271
1282 1 83 213 154 289
1282 2 130 15 128 271
1283 1 81 207 154 290
1283 2 128 9 134 285
1284 1 83 219 154 289
1284 2 129 8 134 285
1285 1 84 221 154 289
1285 2 128 32 134 262
1286 1 82 222 155 289
1286 2 130 21 134 261
1287 1 80 225 169 289
1287 2 129 21 134 262
1288 1 74 232 178 289
1288 2 126 38 135 262
1289 1 68 221 192 289
1289 2 125 36 135 263
1290 1 64 219 192 289
1290 2 121 34 135 262
1291 1 58 222 192 289
1291 2 120 34 135 262
1292 1 52 233 191 289
1292 2 121 33 134 262
1293 1 73 227 164 275
1293 2 122 33 134 262
1294 1 70 225 164 275
1294 2 125 25 110 262
1295 1 62 235 164 275
1295 2 117 30 111 262
1296 1 59 236 164 275
1296 2 113 38 111 262
1297 1 55 235 164 275
1297 2 113 35 116 262
1298 1 51 236 164 275
1298 2 112 39 122 262
1299 1 49 238 163 275
1299 2 108 44 130 262
1300 1 48 224 163 276
1300 2 105 38 130 262
1301 1 42 231 163 275
1301 2 104 39 129 262
1302 1 39 240 163 275
1302 2 102 40 130 262
1303 1 36 241 163 275
1303 2 102 38 129 262
1304 1 35 231 173 275
1304 2 102 38 129 262
1305 1 30 229 179 275
1305 2 101 37 130 262
1306 1 31 227 179 275
1306 2 101 41 130 262
1307 1 28 228 179 275
1307 2 100 41 129 262
1308 1 26 225 178 275
1308 2 100 40 129 262
1309 1 22 220 179 275
1309 2 99 39 130 262
1310 1 28 222 179 275
1310 2 101 40 129 262
1311 1 30 219 179 275
1311 2 102 44 129 261
1312 1 23 220 179 275
1312 2 103 42 130 262
1313 1 20 221 179 275
1313 2 103 46 130 262
1314 1 17 224 179 275
1314 2 104 48 129 262
1315 1 29 221 170 275
1315 2 105 45 129 262
1316 1 40 222 151 275
1316 2 102 41 130 262
1317 1 44 224 150 275
1317 2 99 45 130 262
1318 1 48 229 151 275
1318 2 109 47 130 262
1319 1 50 230 151 275
1319 2 110 50 130 262
1320 1 52 229 159 275
1320 2 111 45 137 263
1321 1 49 231 169 275
1321 2 110 43 137 262
1322 1 45 238 168 275
1322 2 110 45 137 262
1323 1 43 239 185 275
1323 2 114 49 137 262
1324 1 46 233 185 275
1324 2 110 48 137 262
1325 1 34 237 196 275
1325 2 108 49 137 262
1326 1 37 232 196 276
1326 2 108 48 137 262
1327 1 31 240 196 275
1327 2 108 48 137 262
1328 1 36 237 179 275
1328 2 108 47 137 262
1329 1 32 232 179 275
1329 2 106 50 137 262
1330 1 32 239 179 275
1330 2 102 47 137 262
1331 1 22 236 178 274
1331 2 103 48 118 262
1332 1 18 228 166 275
1332 2 96 47 118 262
1333 1 16 235 156 274
1333 2 91 51 118 262
1334 1 15 238 156 274
1334 2 88 50 127 262
1335 1 8 239 155 275
1335 2 85 47 137 262
1336 1 3 243 156 274
1336 2 86 48 137 262
1337 1 -3 242 166 274
1337 2 82 49 138 262
1338 1 -10 236 178 274
1338 2 76 55 138 262
1339 1 -11 243 178 275
1339 2 72 46 145 262
1340 1 -14 247 177 275
1340 2 69 37 145 261
1341 1 -17 245 194 275
1341 2 68 45 145 261
1342 1 -20 247 194 275
1342 2 65 41 145 262
1343 1 -22 248 194 274
1343 2 61 47 145 261
1344 1 -22 248 194 274
1344 2 57 44 145 262
1345 1 -26 247 194 275
1345 2 55 43 144 261
1346 1 -27 248 194 274
1346 2 54 42 145 261
1347 1 -27 247 194 275
1347 2 55 41 144 261
1348 1 -28 236 194 275
1348 2 57 47 145 261
1349 1 -26 239 194 274
1349 2 57 42 145 271
1350 1 -34 239 194 275
1350 2 56 46 144 270
1351 1 -32 240 194 274
1351 2 51 51 145 271
1352 1 -30 239 171 274
1352 2 54 54 145 270
1353 1 -30 244 171 274
1353 2 57 54 145 271
1354 1 -41 240 171 274
1354 2 63 52 145 270
1355 1 -30 248 171 274
1355 2 67 51 145 271
1356 1 -29 247 172 275
1356 2 71 53 145 271
1357 1 -28 247 181 275
1357 2 64 56 145 271
1358 1 -26 247 181 275
1358 2 64 56 146 271
1359 1 -29 249 194 274
1359 2 66 57 145 271
1360 1 -31 247 202 275
1360 2 69 63 145 271
1361 1 -36 247 203 275
1361 2 66 61 145 271
1362 1 -37 248 213 274
1362 2 60 59 145 270
1363 1 -27 248 213 274
1363 2 64 65 139 258
1364 1 -39 247 213 275
1364 2 65 67 139 259
1365 1 -42 248 212 274
1365 2 66 70 139 258
1366 1 -43 248 213 274
1366 2 65 70 146 271
1367 1 -44 248 213 274
1367 2 71 58 145 271
1368 1 -42 248 212 274
1368 2 70 55 128 271
1369 1 -29 274 178 270
1369 2 69 49 128 271
1370 1 -28 274 178 270
1370 2 70 49 128 271
1371 1 -27 275 179 270
1371 2 72 61 130 259
1372 1 -25 276 179 270
1372 2 75 61 140 271
1373 1 -23 277 179 270
1373 2 84 63 140 271
1374 1 -21 278 179 270
1374 2 85 59 140 271
1375 1 -18 278 178 270
1375 2 82 51 140 270
1376 1 -14 280 178 270
1376 2 86 60 141 272
1377 1 -11 281 178 271
1377 2 85 59 140 271
1378 1 -9 283 179 271
1378 2 86 52 141 271
1379 1 -7 273 195 271
1379 2 90 51 140 272
1380 1 -4 273 195 271
1380 2 94 51 140 272
1381 1 5 276 196 270
1381 2 97 58 140 271
1382 1 9 277 195 270
1382 2 101 59 141 271
1383 1 11 277 196 270
1383 2 105 59 141 271
1384 1 17 278 196 271
1384 2 110 59 141 272
1385 1 20 278 196 270
1385 2 114 61 141 271
1386 1 26 277 195 270
1386 2 118 66 141 272
1387 1 31 277 196 270
1387 2 122 74 141 272
1388 1 39 277 196 271
1388 2 123 69 148 286
1389 1 45 277 196 270
1389 2 127 70 148 286
1390 1 52 277 153 270
1390 2 130 72 149 286
1391 1 56 276 153 270
1391 2 135 72 149 287
1392 1 64 277 160 271
1392 2 137 76 149 286
1393 1 74 281 160 270
1393 2 139 77 149 286
1394 1 90 280 161 270
1394 2 142 73 149 286
1395 1 94 280 161 270
1395 2 141 68 158 300
1396 1 105 282 161 270
1396 2 144 69 157 300
1397 1 112 284 161 270
1397 2 183 69 122 282
1398 1 119 285 173 270
1398 2 183 73 122 282
1399 1 124 286 181 270
1399 2 187 74 122 282
1400 1 131 292 182 270
1400 2 192 72 123 282
1401 1 137 296 182 270
1401 2 195 70 122 282
1402 1 140 297 182 270
1402 2 199 70 123 282
1403 1 146 299 181 270
1403 2 200 64 129 296
1404 1 150 301 182 269
1404 2 204 65 128 296
1405 1 154 302 182 270
1405 2 207 66 129 296
1406 1 180 316 131 256
1406 2 219 91 113 254
1407 1 179 316 128 258
1407 2 219 89 119 257
1408 1 180 318 120 256
1408 2 223 89 121 259
1409 1 172 316 129 269
1409 2 228 87 122 261
1410 1 185 316 101 269
1410 2 228 87 119 263
1411 1 170 318 127 269
1411 2 230 88 120 265
1412 1 171 324 123 269
1412 2 229 83 117 263
1413 1 165 322 126 255
1413 2 226 82 120 267
1414 1 154 325 140 257
1414 2 228 80 105 266
1415 1 149 322 149 256
1415 2 225 81 103 267
1416 1 149 323 149 257
1416 2 223 81 99 264
1417 1 143 322 153 257
1417 2 217 80 95 273
1418 1 155 324 136 256
1418 2 215 82 88 271
1419 1 158 323 128 256
1419 2 214 80 83 271
1420 1 155 320 120 256
1420 2 211 84 84 267
1421 1 145 318 141 256
1421 2 203 92 92 274
1422 1 140 317 129 256
1422 2 196 85 107 275
1423 1 140 315 114 257
1423 2 191 87 107 273
1424 1 137 316 105 257
1424 2 186 87 118 268
1425 1 132 315 99 257
1425 2 182 92 118 268
1426 1 131 315 101 257
1426 2 183 94 118 261
1427 1 105 309 145 257
1427 2 178 98 124 259
1428 1 103 309 145 257
1428 2 168 84 141 278
1429 1 117 311 111 257
1429 2 169 98 139 262
1430 1 112 313 122 257
1430 2 164 99 138 265
1431 1 114 314 124 257
1431 2 168 95 133 270
1432 1 98 312 146 257
1432 2 159 100 128 262
1433 1 108 313 135 256
1433 2 157 97 125 264
1434 1 108 319 130 245
1434 2 156 98 141 279
1435 1 103 327 138 245
1435 2 153 102 117 269
1436 1 98 323 139 244
1436 2 154 103 110 259
1437 1 97 324 139 245
1437 2 152 106 104 256
1438 1 103 332 155 244
1438 2 150 110 111 257
1439 1 104 329 155 245
1439 2 153 107 110 254
1440 1 96 330 163 245
1440 2 156 110 112 256
1441 1 108 337 164 245
1441 2 153 108 120 262
1442 1 112 339 153 245
1442 2 147 111 130 257
1443 1 111 342 156 245
1443 2 148 112 135 253
1444 1 114 342 156 245
1444 2 159 113 133 257
1445 1 119 343 147 244
1445 2 159 110 135 256
1446 1 120 342 144 244
1446 2 164 109 142 257
1447 1 121 343 143 244
1447 2 162 105 137 260
1448 1 127 344 132 245
1448 2 164 99 138 265
1449 1 131 348 110 244
1449 2 164 97 132 272
1450 1 132 337 120 244
1450 2 168 98 128 270
1451 1 135 337 135 244
1451 2 171 98 120 270
1452 1 146 345 118 244
1452 2 176 98 112 270
1453 1 156 345 118 244
1453 2 178 97 104 264
1454 1 155 338 135 244
1454 2 184 94 95 273
1455 1 162 338 135 244
1455 2 187 100 102 267
1456 1 169 342 135 244
1456 2 190 93 105 278
1457 1 175 336 136 244
1457 2 197 98 109 267
1458 1 195 336 113 244
1458 2 196 104 116 259
1459 1 188 334 136 244
1459 2 201 105 121 267
1460 1 209 335 109 243
1460 2 196 106 134 271
1461 1 219 337 101 256
1461 2 204 106 140 269
1462 1 230 329 92 269
1462 2 209 104 139 279
1463 1 236 328 89 269
1463 2 213 106 139 279
1464 1 240 330 88 268
1464 2 220 108 140 271
1465 1 249 330 87 268
1465 2 237 114 126 260
1466 1 255 328 88 269
1466 2 239 113 118 259
1467 1 255 331 91 268
1467 2 240 117 113 260
1468 1 252 331 103 269
1468 2 247 115 105 260
1469 1 258 332 98 269
1469 2 244 117 109 255
1470 1 248 327 112 269
1470 2 247 118 106 267
1471 1 254 329 107 268
1471 2 244 119 97 254
1472 1 253 331 116 258
1472 2 243 118 91 247
1473 1 247 335 121 256
1473 2 234 117 101 262
1474 1 249 333 122 256
1474 2 232 118 108 262
1475 1 241 339 134 255
1475 2 229 119 115 260
1476 1 240 338 134 255
1476 2 227 119 121 265
1477 1 237 343 141 256
1477 2 220 123 129 260
1478 1 234 345 141 256
1478 2 225 117 127 264
1479 1 225 333 142 256
1479 2 216 116 143 266
1480 1 222 335 142 256
1480 2 220 116 143 275
1481 1 220 337 142 256
1481 2 220 118 142 275
1482 1 219 350 142 256
1482 2 220 118 142 275
1483 1 218 350 142 256
1483 2 220 116 142 275
1484 1 218 351 142 255
1484 2 221 116 142 275
1485 1 218 351 142 256
1485 2 222 117 142 275
1486 1 218 351 142 255
1486 2 220 109 142 275
1487 1 220 351 142 256
1487 2 225 113 142 275
1488 1 223 352 141 256
1488 2 226 112 142 275
1489 1 225 353 141 255
1489 2 226 110 142 275
1490 1 231 359 134 243
1490 2 225 105 142 275
1491 1 233 359 135 243
1491 2 225 111 143 275
1492 1 234 358 135 244
1492 2 224 108 143 275
1493 1 232 353 142 256
1493 2 223 98 149 288
1494 1 229 350 149 269
1494 2 209 108 150 288
1495 1 227 351 148 268
1495 2 205 112 149 288
1496 1 252 351 105 269
1496 2 207 115 149 288
1497 1 257 351 99 268
1497 2 219 119 137 271
1498 1 254 348 101 268
1498 2 218 121 136 271
1499 1 251 347 96 268
1499 2 224 127 132 270
1500 1 246 346 100 268
1500 2 227 134 125 258
1501 1 249 345 89 268
1501 2 227 124 124 271
1502 1 251 347 82 268
1502 2 223 131 117 265
1503 1 242 347 90 268
1503 2 221 132 110 261
1504 1 242 348 93 268
1504 2 225 133 101 257
1505 1 234 351 99 268
1505 2 217 134 101 258
1506 1 234 352 100 268
1506 2 215 134 98 262
1507 1 241 349 94 255
1507 2 217 131 89 257
1508 1 241 355 98 256
1508 2 209 135 98 261
1509 1 232 357 104 255
1509 2 202 132 107 262
1510 1 228 360 112 256
1510 2 210 134 106 256
1511 1 228 361 116 244
1511 2 203 136 116 257
1512 1 227 366 119 243
1512 2 208 137 114 256
1513 1 224 365 135 243
1513 2 202 136 129 260
1514 1 232 372 129 232
1514 2 210 132 124 271
1515 1 236 375 128 231
1515 2 215 134 125 264
1516 1 244 382 122 220
1516 2 223 131 123 263
1517 1 247 385 123 220
1517 2 222 132 126 265
1518 1 250 388 123 220
1518 2 227 130 123 266
1519 1 257 396 117 210
1519 2 228 124 121 272
1520 1 260 400 116 210
1520 2 235 121 115 280
1521 1 263 397 116 210
1521 2 234 122 109 280
1522 1 263 399 117 209
1522 2 242 122 96 280
1523 1 264 400 116 210
1523 2 237 121 96 281
1524 1 264 402 116 210
1524 2 235 122 88 280
1525 1 263 404 117 210
1525 2 222 124 96 280
1526 1 263 406 116 209
1526 2 221 124 100 280
1527 2 220 124 105 280
1528 2 220 124 102 280
1529 2 213 132 120 280
1530 2 204 133 126 280
1531 2 195 134 132 280
1532 2 192 137 135 279
1533 2 189 139 135 280
1534 2 186 140 153 280
1535 2 195 145 137 264
1536 2 200 138 129 268
1537 2 195 141 130 265
1538 2 194 142 128 266
1539 2 186 142 131 264
1540 2 178 134 133 272
1541 2 172 133 120 274
1542 2 164 137 114 268
1543 2 164 139 102 267
1544 2 159 137 100 267
1545 2 152 138 104 268
1546 2 144 140 111 264
1547 2 146 137 111 270
1548 2 133 132 123 272
1549 2 130 138 126 268
1550 2 131 131 131 277
1551 2 129 129 139 277
1552 2 130 130 129 279
1553 2 133 128 135 279
1554 2 129 126 133 279
1555 2 128 122 127 280
1556 2 128 122 125 280
1557 2 127 125 126 279
1558 2 124 124 123 279
1559 2 121 124 120 279
1560 2 118 117 114 279
1561 2 116 115 111 279
1562 2 114 120 110 279
1563 2 109 119 121 279
1564 2 107 119 118 279
1565 2 107 118 121 279
1566 2 100 119 127 279
1567 2 90 120 138 279
1568 2 78 127 155 279
1569 2 68 131 173 279
1570 2 57 128 172 278
1571 2 56 129 172 278
1572 2 64 128 165 278
1573 2 52 136 164 278
1574 2 59 135 164 265
1575 2 50 138 158 262
1576 2 41 140 164 260
1577 2 38 140 165 277
1578 2 35 142 164 277
1578 10 577 136 110 187
1579 2 31 142 164 278
1579 10 560 140 109 187
1580 2 29 142 142 259
1580 10 549 137 110 188
1581 2 29 136 131 260
1581 10 536 141 109 187
1582 2 27 138 127 261
1582 10 524 142 110 188
1583 2 24 141 134 255
1583 10 521 142 100 179
1584 2 14 143 143 257
1584 10 507 147 99 179
1585 2 10 142 151 257
1585 10 497 144 99 180
1586 2 14 139 154 258
1586 10 477 137 122 180
1587 2 7 143 162 266
1587 10 462 137 137 182
1588 2 0 138 170 270
1588 10 449 138 138 183
1589 2 -7 143 170 270
1589 10 429 135 151 182
1590 2 2 133 170 276
1590 10 414 134 152 169
1591 2 1 141 162 261
1591 10 397 133 152 169
1592 2 3 129 160 270
1592 10 383 131 152 169
1593 2 -1 137 156 262
1593 10 368 129 153 169
1594 2 -13 136 167 259
1594 10 357 129 124 159
1595 2 -17 140 158 258
1595 10 345 120 111 164
1596 2 -15 126 146 266
1596 10 326 120 112 164
1597 2 -25 129 148 275
1597 10 309 117 112 164
1598 2 -25 134 140 274
1598 10 296 119 112 164
1599 2 -37 133 147 267
1599 10 279 121 112 164
1600 2 -42 134 151 268
1600 10 269 120 112 164
1601 2 -42 132 151 284
1601 10 257 118 112 164
1602 2 -51 133 160 284
1602 10 245 116 112 164
1603 2 -61 130 172 284
1603 10 232 116 111 164
1604 2 -65 141 172 284
1604 10 222 111 96 169
1605 2 -69 133 172 284
1605 10 208 108 96 169
1606 2 -76 142 188 284
1606 10 199 107 96 169
1607 2 -76 138 187 284
1607 10 187 104 95 174
1608 2 -84 132 203 284
1608 10 175 108 88 174
1609 2 -97 140 203 284
1609 10 165 108 88 173
1610 10 150 109 88 173
1611 10 140 104 87 174
1612 10 131 104 81 173
1613 10 115 109 81 173
1614 10 100 107 80 173
1615 10 87 108 80 172
1616 10 74 107 80 172
1617 10 59 106 85 175
1618 10 44 105 85 175
1619 10 29 103 88 178
1620 10 14 109 93 178
1621 10 4 118 93 178
1622 10 -18 111 93 178
1623 10 -30 104 93 178
1624 10 -42 110 93 177
