802,1,2056,959,129,381,1,1,1
803,1,2060,960,130,384,1,1,1
804,1,2064,961,131,387,1,1,1
805,1,2067,962,133,390,1,1,1
806,1,2071,962,133,393,1,1,1
807,1,2074,963,134,395,1,1,1
808,1,2076,964,136,395,1,1,1
809,1,2079,965,136,396,1,1,1
810,1,2082,965,137,397,1,1,1
811,1,2084,966,138,397,1,1,1
812,1,2086,967,140,397,1,1,1
813,1,2087,968,143,397,1,1,1
814,1,2089,969,145,396,1,1,1
815,1,2090,970,148,396,1,1,1
816,1,2091,970,150,395,1,1,1
817,1,2092,970,153,400,1,1,1
818,1,2093,970,155,404,1,1,1
819,1,2093,970,158,407,1,1,1
820,1,2094,969,160,412,1,1,1
821,1,2094,969,162,415,1,1,1
822,1,2094,969,161,418,1,1,1
823,1,2094,970,159,419,1,1,1
824,1,2094,970,157,421,1,1,1
825,1,2094,970,155,423,1,1,1
826,1,2094,970,152,425,1,1,1
827,1,2097,969,151,428,1,1,1
828,1,2099,968,151,431,1,1,1
829,1,2101,968,150,433,1,1,1
830,1,2104,967,149,436,1,1,1
831,1,2105,966,148,438,1,1,1
832,1,2109,965,148,439,1,1,1
833,1,2112,964,149,440,1,1,1
834,1,2115,963,149,441,1,1,1
835,1,2118,962,149,442,1,1,1
836,1,2120,960,150,442,1,1,1
837,1,2121,960,151,444,1,1,1
838,1,2122,960,151,445,1,1,1
839,1,2122,960,152,446,1,1,1
840,1,2123,959,152,447,1,1,1
841,1,2123,958,153,448,1,1,1
842,1,2121,958,154,448,1,1,1
843,1,2119,958,155,447,1,1,1
844,1,2117,957,155,448,1,1,1
845,1,2115,957,156,447,1,1,1
846,1,2112,956,157,446,1,1,1
847,1,2108,956,158,447,1,1,1
848,1,2104,956,157,447,1,1,1
849,1,2099,956,158,447,1,1,1
850,1,2095,956,158,447,1,1,1
851,1,2090,955,158,447,1,1,1
852,1,2086,955,161,449,1,1,1
853,1,2082,953,164,451,1,1,1
854,1,2078,952,167,452,1,1,1
855,1,2074,950,169,454,1,1,1
856,1,2070,948,171,454,1,1,1
857,1,2068,949,173,455,1,1,1
858,1,2066,949,174,456,1,1,1
859,1,2064,949,176,456,1,1,1
860,1,2062,949,177,457,1,1,1
861,1,2059,948,179,457,1,1,1
862,1,2058,949,176,460,1,1,1
863,1,2057,949,173,463,1,1,1
864,1,2056,950,170,465,1,1,1
865,1,2055,950,167,468,1,1,1
866,1,2053,950,163,470,1,1,1
867,1,2053,950,156,472,1,1,1
868,1,2052,950,148,474,1,1,1
869,1,2051,950,140,476,1,1,1
870,1,2051,950,131,477,1,1,1
871,1,2050,950,122,479,1,1,1
872,1,2047,951,126,477,1,1,1
873,1,2044,952,129,476,1,1,1
874,1,2041,953,132,474,1,1,1
875,1,2038,953,135,473,1,1,1
876,1,2035,954,137,470,1,1,1
877,1,2034,953,139,473,1,1,1
878,1,2032,953,140,475,1,1,1
879,1,2030,952,142,477,1,1,1
880,1,2029,951,142,479,1,1,1
881,1,2027,950,143,481,1,1,1
882,1,2025,949,145,483,1,1,1
883,1,2023,948,147,485,1,1,1
884,1,2021,947,149,487,1,1,1
885,1,2019,947,150,488,1,1,1
886,1,2016,945,152,489,1,1,1
887,1,2015,946,150,489,1,1,1
888,1,2013,946,148,489,1,1,1
889,1,2012,946,146,489,1,1,1
890,1,2010,946,144,489,1,1,1
891,1,2008,945,141,489,1,1,1
892,1,2005,945,139,487,1,1,1
893,1,2002,943,136,486,1,1,1
894,1,1998,942,134,483,1,1,1
895,1,1995,941,132,481,1,1,1
896,1,1991,939,129,479,1,1,1
897,1,1975,940,144,480,1,1,1
898,1,1959,940,158,480,1,1,1
899,1,1943,940,173,481,1,1,1
900,1,1927,940,187,482,1,1,1
901,1,1910,939,202,483,1,1,1
902,1,1901,940,210,482,1,1,1
903,1,1892,941,218,480,1,1,1
904,1,1883,942,226,478,1,1,1
905,1,1874,943,234,477,1,1,1
906,1,1864,943,241,475,1,1,1
907,1,1867,942,236,476,1,1,1
908,1,1870,941,230,476,1,1,1
909,1,1872,940,225,476,1,1,1
910,1,1875,938,219,477,1,1,1
911,1,1877,937,214,477,1,1,1
912,1,1876,936,203,477,1,1,1
913,1,1875,936,191,477,1,1,1
914,1,1873,935,181,477,1,1,1
915,1,1872,934,170,477,1,1,1
916,1,1870,933,158,477,1,1,1
917,1,1859,934,155,480,1,1,1
918,1,1848,935,151,483,1,1,1
919,1,1837,936,146,486,1,1,1
920,1,1826,937,142,489,1,1,1
921,1,1814,937,138,492,1,1,1
922,1,1797,939,156,491,1,1,1
923,1,1780,940,173,489,1,1,1
924,1,1762,942,191,487,1,1,1
925,1,1745,943,208,486,1,1,1
926,1,1727,944,225,484,1,1,1
927,1,1724,946,230,484,1,1,1
928,1,1721,947,233,485,1,1,1
929,1,1717,948,237,486,1,1,1
930,1,1714,949,240,487,1,1,1
931,1,1710,950,243,487,1,1,1
932,1,1711,949,234,490,1,1,1
933,1,1711,948,225,492,1,1,1
934,1,1711,947,216,494,1,1,1
935,1,1711,947,207,495,1,1,1
936,1,1711,945,197,497,1,1,1
937,1,1707,945,181,498,1,1,1
938,1,1703,945,163,497,1,1,1
939,1,1699,945,146,496,1,1,1
940,1,1695,944,128,496,1,1,1
941,1,1690,943,111,495,1,1,1
942,1,1669,945,131,495,1,1,1
943,1,1647,947,150,494,1,1,1
944,1,1625,948,170,494,1,1,1
945,1,1603,949,189,494,1,1,1
946,1,1581,950,208,493,1,1,1
947,1,1570,954,220,490,1,1,1
948,1,1559,956,231,488,1,1,1
949,1,1548,959,242,486,1,1,1
950,1,1536,962,254,483,1,1,1
951,1,1525,964,264,480,1,1,1
952,1,1524,964,258,480,1,1,1
953,1,1523,963,252,481,1,1,1
954,1,1521,962,247,481,1,1,1
955,1,1520,961,241,481,1,1,1
956,1,1518,960,235,481,1,1,1
957,1,1514,960,218,479,1,1,1
958,1,1508,959,201,477,1,1,1
959,1,1503,958,184,475,1,1,1
960,1,1498,957,166,473,1,1,1
961,1,1492,956,148,470,1,1,1
962,1,1475,957,158,470,1,1,1
963,1,1458,958,165,469,1,1,1
964,1,1441,959,173,468,1,1,1
965,1,1424,959,181,468,1,1,1
966,1,1406,960,189,466,1,1,1
967,1,1394,962,202,464,1,1,1
968,1,1382,963,215,462,1,1,1
969,1,1370,965,227,458,1,1,1
970,1,1358,966,239,456,1,1,1
971,1,1345,967,251,453,1,1,1
972,1,1345,967,244,454,1,1,1
973,1,1345,967,234,453,1,1,1
974,1,1344,966,226,454,1,1,1
975,1,1344,966,217,453,1,1,1
976,1,1343,965,209,454,1,1,1
977,1,1342,964,190,456,1,1,1
978,1,1341,964,172,457,1,1,1
979,1,1340,963,153,458,1,1,1
980,1,1339,963,134,459,1,1,1
981,1,1337,962,116,460,1,1,1
982,1,1330,963,116,461,1,1,1
983,1,1322,965,116,459,1,1,1
984,1,1315,966,115,459,1,1,1
985,1,1307,967,116,458,1,1,1
986,1,1299,968,115,457,1,1,1
987,1,1290,970,125,456,1,1,1
988,1,1281,972,134,454,1,1,1
989,1,1272,973,143,453,1,1,1
990,1,1263,975,152,451,1,1,1
991,1,1254,976,161,448,1,1,1
992,1,1253,976,159,448,1,1,1
993,1,1251,974,157,449,1,1,1
994,1,1249,973,156,448,1,1,1
995,1,1247,972,154,448,1,1,1
996,1,1245,970,152,447,1,1,1
997,1,1242,970,143,445,1,1,1
998,1,1238,970,134,441,1,1,1
999,1,1235,970,124,438,1,1,1
1000,1,1231,969,115,435,1,1,1
1001,1,1227,968,106,431,1,1,1
1002,1,1217,968,113,429,1,1,1
1003,1,1207,966,119,428,1,1,1
1004,1,1197,965,125,426,1,1,1
1005,1,1187,964,131,424,1,1,1
1006,1,1177,962,137,422,1,1,1
1007,1,1170,963,142,422,1,1,1
1008,1,1164,963,146,422,1,1,1
1009,1,1157,963,150,421,1,1,1
1010,1,1150,963,155,421,1,1,1
1011,1,1143,962,158,420,1,1,1
1012,1,1143,963,158,418,1,1,1
1013,1,1141,963,159,416,1,1,1
1014,1,1140,963,160,414,1,1,1
1015,1,1139,963,160,412,1,1,1
1016,1,1137,962,160,410,1,1,1
1017,1,1137,962,159,410,1,1,1
1018,1,1137,962,158,410,1,1,1
1019,1,1137,961,156,410,1,1,1
1020,1,1136,961,156,409,1,1,1
1021,1,1136,960,154,409,1,1,1
1022,1,1136,961,148,408,1,1,1
1023,1,1136,961,142,407,1,1,1
1024,1,1135,961,137,405,1,1,1
1025,1,1135,962,130,403,1,1,1
1026,1,1134,962,124,402,1,1,1
1027,1,1132,961,122,402,1,1,1
1028,1,1129,961,120,402,1,1,1
1029,1,1125,960,119,402,1,1,1
1030,1,1122,960,117,401,1,1,1
1031,1,1119,959,114,401,1,1,1
1032,1,1115,960,116,399,1,1,1
1033,1,1111,960,118,398,1,1,1
1034,1,1107,961,120,396,1,1,1
1035,1,1103,962,121,394,1,1,1
1036,1,1098,962,122,392,1,1,1
1037,1,1098,963,121,392,1,1,1
1038,1,1097,963,120,392,1,1,1
1039,1,1096,963,118,392,1,1,1
1040,1,1095,963,117,392,1,1,1
1041,1,1093,962,115,392,1,1,1
1042,1,1091,961,113,394,1,1,1
1043,1,1089,959,108,395,1,1,1
1044,1,1086,958,105,395,1,1,1
1045,1,1084,956,101,397,1,1,1
1046,1,1081,954,97,397,1,1,1
1047,1,1077,955,103,394,1,1,1
1048,1,1073,957,107,390,1,1,1
1049,1,1070,958,111,386,1,1,1
1050,1,1066,959,115,382,1,1,1
1051,1,1061,960,120,378,1,1,1
1052,1,1056,959,123,378,1,1,1
1053,1,1051,958,126,378,1,1,1
1054,1,1046,957,129,378,1,1,1
1055,1,1040,957,132,377,1,1,1
1056,1,1034,955,134,376,1,1,1
1057,1,1028,957,139,375,1,1,1
1058,1,1022,958,142,373,1,1,1
1059,1,1015,959,146,371,1,1,1
1060,1,1009,960,150,369,1,1,1
1061,1,1002,960,153,367,1,1,1
1062,1,1003,961,149,368,1,1,1
1063,1,1004,962,144,368,1,1,1
1064,1,1005,963,140,368,1,1,1
1065,1,1006,964,135,368,1,1,1
1066,1,1006,965,130,367,1,1,1
1067,1,1005,965,128,366,1,1,1
1068,1,1003,965,125,364,1,1,1
1069,1,1000,965,123,363,1,1,1
1070,1,998,965,121,361,1,1,1
1071,1,995,965,118,359,1,1,1
1072,1,993,965,118,359,1,1,1
1073,1,990,965,118,358,1,1,1
1074,1,987,965,118,358,1,1,1
1075,1,984,965,117,358,1,1,1
1076,1,980,964,117,357,1,1,1
1077,1,979,965,117,357,1,1,1
1078,1,978,966,116,357,1,1,1
1079,1,977,966,115,357,1,1,1
1080,1,976,966,114,357,1,1,1
1081,1,975,966,112,356,1,1,1
1082,1,974,967,113,356,1,1,1
1083,1,974,968,111,355,1,1,1
1084,1,973,969,111,355,1,1,1
1085,1,973,969,110,355,1,1,1
1086,1,971,969,109,354,1,1,1
1087,1,972,970,108,353,1,1,1
1088,1,971,970,108,351,1,1,1
1089,1,971,971,108,349,1,1,1
1090,1,971,971,107,348,1,1,1
1091,1,970,971,106,346,1,1,1
1092,1,968,970,107,346,1,1,1
1093,1,966,969,107,345,1,1,1
1094,1,964,969,107,343,1,1,1
1095,1,962,968,107,342,1,1,1
1096,1,960,966,106,341,1,1,1
1097,1,958,967,107,341,1,1,1
1098,1,956,967,108,340,1,1,1
1099,1,954,967,109,340,1,1,1
1100,1,952,967,110,340,1,1,1
1101,1,950,966,110,339,1,1,1
1102,1,948,968,112,337,1,1,1
1103,1,946,968,114,337,1,1,1
1104,1,944,969,116,335,1,1,1
1105,1,942,970,118,333,1,1,1
1106,1,939,970,120,331,1,1,1
1107,1,942,972,118,330,1,1,1
1108,1,944,972,116,330,1,1,1
1109,1,946,973,113,329,1,1,1
1110,1,948,974,111,328,1,1,1
1111,1,950,975,108,327,1,1,1
1112,1,948,975,107,327,1,1,1
1113,1,945,975,107,328,1,1,1
1114,1,943,975,107,328,1,1,1
1115,1,940,975,107,329,1,1,1
1116,1,937,975,106,329,1,1,1
1117,1,937,975,105,328,1,1,1
1118,1,936,975,105,328,1,1,1
1119,1,936,974,103,328,1,1,1
1120,1,935,974,103,327,1,1,1
1121,1,934,973,102,326,1,1,1
1122,1,934,974,100,323,1,1,1
1123,1,933,974,99,321,1,1,1
1124,1,932,973,98,319,1,1,1
1125,1,931,973,97,317,1,1,1
1126,1,930,973,95,313,1,1,1
1127,1,929,973,96,314,1,1,1
1128,1,928,973,97,313,1,1,1
1129,1,926,972,98,314,1,1,1
1130,1,925,972,99,313,1,1,1
1131,1,923,971,99,313,1,1,1
1132,1,925,972,100,313,1,1,1
1133,1,927,972,100,313,1,1,1
1134,1,929,973,100,312,1,1,1
1135,1,931,973,100,312,1,1,1
1136,1,932,973,100,311,1,1,1
1137,1,935,973,99,311,1,1,1
1138,1,937,973,98,311,1,1,1
1139,1,940,973,95,310,1,1,1
1140,1,942,973,94,309,1,1,1
1141,1,944,973,92,308,1,1,1
1142,1,946,973,94,307,1,1,1
1143,1,948,972,95,306,1,1,1
1144,1,949,971,97,305,1,1,1
1145,1,951,971,98,303,1,1,1
1146,1,952,970,100,302,1,1,1
1147,1,954,970,99,301,1,1,1
1148,1,956,971,99,298,1,1,1
1149,1,958,971,98,297,1,1,1
1150,1,960,972,97,295,1,1,1
1151,1,961,972,96,293,1,1,1
1152,1,964,973,95,293,1,1,1
1153,1,965,974,94,292,1,1,1
1154,1,967,974,92,293,1,1,1
1155,1,969,975,91,292,1,1,1
1156,1,970,975,89,291,1,1,1
1157,1,971,977,89,291,1,1,1
1158,1,971,978,89,291,1,1,1
1159,1,971,979,89,291,1,1,1
1160,1,972,980,87,291,1,1,1
1161,1,972,980,87,290,1,1,1
1162,1,974,981,86,291,1,1,1
1163,1,975,982,85,290,1,1,1
1164,1,976,982,84,290,1,1,1
1165,1,977,983,84,290,1,1,1
1166,1,978,983,82,289,1,1,1
1167,1,982,982,79,289,1,1,1
1168,1,985,982,77,288,1,1,1
1169,1,988,981,74,287,1,1,1
1170,1,991,980,71,286,1,1,1
1171,1,993,979,68,285,1,1,1
1172,1,994,979,70,283,1,1,1
1173,1,995,978,71,282,1,1,1
1174,1,995,978,72,279,1,1,1
1175,1,995,977,74,278,1,1,1
1176,1,995,977,75,275,1,1,1
1177,1,995,977,77,275,1,1,1
1178,1,993,977,81,276,1,1,1
1179,1,992,977,84,276,1,1,1
1180,1,991,977,87,277,1,1,1
1181,1,989,977,89,277,1,1,1
1182,1,992,976,93,277,1,1,1
1183,1,994,975,98,277,1,1,1
1184,1,996,975,102,275,1,1,1
1185,1,998,974,106,275,1,1,1
1186,1,1000,972,110,275,1,1,1
1187,1,1002,973,111,274,1,1,1
1188,1,1004,972,111,274,1,1,1
1189,1,1006,972,112,273,1,1,1
1190,1,1008,971,112,274,1,1,1
1191,1,1010,970,112,272,1,1,1
1192,1,1011,971,113,272,1,1,1
1193,1,1012,972,112,271,1,1,1
1194,1,1013,973,112,269,1,1,1
1195,1,1014,974,112,267,1,1,1
1196,1,1015,974,111,266,1,1,1
1197,1,1018,973,108,267,1,1,1
1198,1,1021,971,105,268,1,1,1
1199,1,1024,970,102,269,1,1,1
1200,1,1027,969,98,269,1,1,1
1201,1,1029,967,95,269,1,1,1
1202,1,1035,967,91,269,1,1,1
1203,1,1041,967,86,267,1,1,1
1204,1,1047,966,81,267,1,1,1
1205,1,1053,966,75,265,1,1,1
1206,1,1058,965,70,264,1,1,1
1207,1,1062,965,70,265,1,1,1
1208,1,1065,965,71,265,1,1,1
1209,1,1068,965,71,264,1,1,1
1210,1,1071,965,71,264,1,1,1
1211,1,1074,964,70,264,1,1,1
1212,1,1076,965,75,265,1,1,1
1213,1,1077,966,79,265,1,1,1
1214,1,1078,967,84,264,1,1,1
1215,1,1080,968,87,264,1,1,1
1216,1,1080,969,91,263,1,1,1
1217,1,1082,969,92,263,1,1,1
1218,1,1083,969,92,262,1,1,1
1219,1,1084,969,92,262,1,1,1
1220,1,1085,969,92,261,1,1,1
1221,1,1086,969,92,260,1,1,1
1222,1,1089,969,90,260,1,1,1
1223,1,1092,968,87,259,1,1,1
1224,1,1094,967,85,259,1,1,1
1225,1,1097,966,82,259,1,1,1
1226,1,1100,964,79,259,1,1,1
1227,1,1105,965,77,258,1,1,1
1228,1,1110,965,73,256,1,1,1
1229,1,1115,964,70,256,1,1,1
1230,1,1121,964,66,255,1,1,1
1231,1,1125,964,63,253,1,1,1
1232,1,1127,965,69,253,1,1,1
1233,1,1129,966,74,253,1,1,1
1234,1,1131,967,79,252,1,1,1
1235,1,1133,967,83,253,1,1,1
1236,1,1134,968,89,252,1,1,1
1237,1,1135,969,95,252,1,1,1
1238,1,1135,970,101,252,1,1,1
1239,1,1135,971,107,252,1,1,1
1240,1,1136,972,112,251,1,1,1
1241,1,1136,973,118,250,1,1,1
1242,1,1137,973,118,251,1,1,1
1243,1,1138,973,118,251,1,1,1
1244,1,1138,973,118,250,1,1,1
1245,1,1139,973,118,250,1,1,1
1246,1,1139,973,117,250,1,1,1
1247,1,1143,972,115,251,1,1,1
1248,1,1147,972,111,250,1,1,1
1249,1,1150,971,108,251,1,1,1
1250,1,1154,971,105,250,1,1,1
1251,1,1156,970,102,250,1,1,1
1252,1,1164,971,95,249,1,1,1
1253,1,1172,971,87,249,1,1,1
1254,1,1179,971,80,249,1,1,1
1255,1,1187,972,73,247,1,1,1
1256,1,1194,972,65,246,1,1,1
1257,1,1198,972,67,247,1,1,1
1258,1,1201,971,70,248,1,1,1
1259,1,1205,971,72,249,1,1,1
1260,1,1208,970,74,250,1,1,1
1261,1,1211,969,76,250,1,1,1
1262,1,1213,970,80,250,1,1,1
1263,1,1214,971,83,248,1,1,1
1264,1,1216,971,86,248,1,1,1
1265,1,1217,971,90,247,1,1,1
1266,1,1218,971,93,245,1,1,1
1267,1,1218,971,95,246,1,1,1
1268,1,1219,970,94,247,1,1,1
1269,1,1219,969,95,248,1,1,1
1270,1,1219,968,96,248,1,1,1
1271,1,1219,966,96,249,1,1,1
1272,1,1223,967,93,248,1,1,1
1273,1,1226,968,90,246,1,1,1
1274,1,1230,969,86,245,1,1,1
1275,1,1234,970,82,243,1,1,1
1276,1,1237,970,78,241,1,1,1
1306,1,1330,978,57,237,1,1,1
1307,1,1333,978,61,237,1,1,1
1308,1,1336,978,64,236,1,1,1
1309,1,1339,977,67,236,1,1,1
1310,1,1342,976,70,236,1,1,1
1311,1,1344,975,73,235,1,1,1
1312,1,1345,975,79,235,1,1,1
1313,1,1345,974,85,235,1,1,1
1314,1,1345,972,91,237,1,1,1
1315,1,1345,971,96,237,1,1,1
1316,1,1344,970,102,236,1,1,1
1317,1,1347,970,102,237,1,1,1
1318,1,1350,971,100,235,1,1,1
1319,1,1352,971,100,235,1,1,1
1320,1,1355,972,98,234,1,1,1
1321,1,1357,972,97,233,1,1,1
1322,1,1361,972,93,233,1,1,1
1323,1,1366,971,88,233,1,1,1
1324,1,1370,971,83,232,1,1,1
1325,1,1374,970,79,232,1,1,1
1326,1,1377,969,74,231,1,1,1
1327,1,1383,970,70,231,1,1,1
1328,1,1389,970,65,230,1,1,1
1329,1,1394,970,61,230,1,1,1
1330,1,1400,969,56,230,1,1,1
1331,1,1405,969,52,229,1,1,1
1332,1,1407,969,58,229,1,1,1
1333,1,1408,968,65,229,1,1,1
1334,1,1410,968,72,228,1,1,1
1335,1,1411,967,79,228,1,1,1
1336,1,1412,966,85,227,1,1,1
1337,1,1413,967,90,227,1,1,1
1338,1,1414,967,94,227,1,1,1
1339,1,1415,967,98,227,1,1,1
1340,1,1415,968,103,226,1,1,1
1341,1,1416,968,106,225,1,1,1
1342,1,1415,967,109,227,1,1,1
1343,1,1415,967,110,228,1,1,1
1344,1,1414,966,113,230,1,1,1
1345,1,1413,965,115,232,1,1,1
1346,1,1412,964,116,233,1,1,1
802,2,975,976,199,529,1,1,1
803,2,976,978,200,527,1,1,1
804,2,977,979,201,527,1,1,1
805,2,978,980,202,527,1,1,1
806,2,978,981,203,525,1,1,1
807,2,980,981,201,526,1,1,1
808,2,981,981,200,526,1,1,1
809,2,982,980,198,526,1,1,1
810,2,983,979,196,527,1,1,1
811,2,984,978,194,526,1,1,1
812,2,982,979,184,526,1,1,1
813,2,979,980,175,525,1,1,1
814,2,977,981,164,523,1,1,1
815,2,974,981,154,522,1,1,1
816,2,971,981,143,521,1,1,1
817,2,962,982,150,521,1,1,1
818,2,953,981,155,522,1,1,1
819,2,944,981,161,521,1,1,1
820,2,934,981,167,521,1,1,1
821,2,925,981,172,521,1,1,1
822,2,908,982,184,518,1,1,1
823,2,891,983,196,515,1,1,1
824,2,875,983,207,512,1,1,1
825,2,858,984,219,509,1,1,1
826,2,840,984,230,506,1,1,1
827,2,840,985,230,506,1,1,1
828,2,840,984,229,506,1,1,1
829,2,839,984,229,506,1,1,1
830,2,839,984,229,505,1,1,1
831,2,837,983,228,505,1,1,1
832,2,839,982,225,506,1,1,1
833,2,841,981,220,506,1,1,1
834,2,842,980,217,506,1,1,1
835,2,844,979,212,505,1,1,1
836,2,845,977,208,505,1,1,1
837,2,842,977,204,506,1,1,1
838,2,839,977,200,506,1,1,1
839,2,836,977,195,505,1,1,1
840,2,833,976,191,506,1,1,1
841,2,829,975,187,505,1,1,1
842,2,826,977,187,505,1,1,1
843,2,823,978,187,504,1,1,1
844,2,820,978,187,505,1,1,1
845,2,817,979,186,504,1,1,1
846,2,813,980,186,503,1,1,1
847,2,812,981,185,502,1,1,1
848,2,810,981,184,501,1,1,1
849,2,808,981,183,501,1,1,1
850,2,807,982,182,499,1,1,1
851,2,804,982,180,498,1,1,1
852,2,803,982,181,498,1,1,1
853,2,802,982,180,498,1,1,1
854,2,800,982,180,498,1,1,1
855,2,799,982,179,497,1,1,1
856,2,797,982,178,496,1,1,1
857,2,797,982,178,493,1,1,1
858,2,796,982,178,490,1,1,1
859,2,795,982,179,487,1,1,1
860,2,795,981,178,485,1,1,1
861,2,793,981,178,481,1,1,1
862,2,794,981,177,479,1,1,1
863,2,795,981,175,476,1,1,1
864,2,795,981,174,473,1,1,1
865,2,796,981,172,471,1,1,1
866,2,796,980,170,467,1,1,1
867,2,797,981,168,467,1,1,1
868,2,797,982,166,466,1,1,1
869,2,797,982,163,465,1,1,1
870,2,798,983,160,463,1,1,1
871,2,797,983,158,462,1,1,1
872,2,798,984,156,461,1,1,1
873,2,798,985,153,460,1,1,1
874,2,798,986,151,459,1,1,1
875,2,798,987,148,457,1,1,1
876,2,797,987,145,456,1,1,1
877,2,796,987,148,453,1,1,1
878,2,794,987,150,450,1,1,1
879,2,792,986,152,448,1,1,1
880,2,790,986,154,444,1,1,1
881,2,787,985,156,441,1,1,1
882,2,787,985,157,440,1,1,1
883,2,786,984,159,439,1,1,1
884,2,785,983,160,438,1,1,1
885,2,784,982,161,437,1,1,1
886,2,783,981,162,435,1,1,1
887,2,784,981,160,434,1,1,1
888,2,784,980,158,434,1,1,1
889,2,785,980,155,433,1,1,1
890,2,785,980,153,432,1,1,1
891,2,785,979,150,431,1,1,1
892,2,785,980,150,429,1,1,1
893,2,785,981,150,426,1,1,1
894,2,785,982,150,423,1,1,1
895,2,785,982,150,422,1,1,1
896,2,785,983,150,418,1,1,1
897,2,788,984,148,419,1,1,1
898,2,790,985,146,419,1,1,1
899,2,792,986,145,419,1,1,1
900,2,794,987,143,418,1,1,1
901,2,795,987,141,418,1,1,1
902,2,797,988,143,414,1,1,1
903,2,798,988,145,410,1,1,1
904,2,800,988,145,406,1,1,1
905,2,801,988,147,402,1,1,1
906,2,802,987,147,397,1,1,1
907,2,805,987,148,396,1,1,1
908,2,808,987,147,393,1,1,1
909,2,810,986,148,391,1,1,1
910,2,813,986,147,389,1,1,1
911,2,816,985,147,387,1,1,1
912,2,819,985,145,388,1,1,1
913,2,821,985,143,389,1,1,1
914,2,824,985,141,390,1,1,1
915,2,827,985,139,391,1,1,1
916,2,829,985,137,391,1,1,1
917,2,829,986,136,391,1,1,1
918,2,828,986,135,390,1,1,1
919,2,827,987,135,389,1,1,1
920,2,827,987,133,388,1,1,1
921,2,826,987,132,387,1,1,1
922,2,825,988,132,387,1,1,1
923,2,824,989,131,385,1,1,1
924,2,823,989,131,385,1,1,1
925,2,822,990,130,384,1,1,1
926,2,821,990,129,382,1,1,1
927,2,822,991,129,381,1,1,1
928,2,823,991,128,379,1,1,1
929,2,824,991,127,377,1,1,1
930,2,825,990,126,377,1,1,1
931,2,826,990,125,375,1,1,1
932,2,827,991,124,373,1,1,1
933,2,827,991,125,372,1,1,1
934,2,828,992,124,370,1,1,1
935,2,828,993,124,368,1,1,1
936,2,828,993,123,367,1,1,1
937,2,829,994,129,367,1,1,1
938,2,829,994,134,367,1,1,1
939,2,830,995,139,367,1,1,1
940,2,830,995,144,367,1,1,1
941,2,830,995,149,366,1,1,1
942,2,832,996,151,367,1,1,1
943,2,833,997,152,366,1,1,1
944,2,835,997,153,366,1,1,1
945,2,836,998,154,365,1,1,1
946,2,837,998,155,364,1,1,1
947,2,840,998,154,365,1,1,1
948,2,842,999,154,364,1,1,1
949,2,844,999,153,365,1,1,1
950,2,847,999,152,365,1,1,1
951,2,848,998,151,365,1,1,1
952,2,851,999,148,365,1,1,1
953,2,852,1000,146,364,1,1,1
954,2,854,1000,143,364,1,1,1
955,2,856,1001,141,363,1,1,1
956,2,857,1001,138,362,1,1,1
957,2,858,1001,138,361,1,1,1
958,2,859,1001,137,360,1,1,1
959,2,860,1000,136,359,1,1,1
960,2,861,1000,136,358,1,1,1
961,2,862,1000,134,356,1,1,1
962,2,870,1000,130,356,1,1,1
963,2,877,999,126,357,1,1,1
964,2,884,999,122,357,1,1,1
965,2,891,998,118,357,1,1,1
966,2,898,997,114,357,1,1,1
967,2,907,998,109,357,1,1,1
968,2,915,998,104,356,1,1,1
969,2,924,998,98,356,1,1,1
970,2,933,998,93,356,1,1,1
971,2,941,997,87,355,1,1,1
972,2,941,998,98,356,1,1,1
973,2,942,998,107,356,1,1,1
974,2,942,998,116,356,1,1,1
975,2,942,998,126,356,1,1,1
976,2,942,998,136,356,1,1,1
977,2,943,999,139,355,1,1,1
978,2,943,1000,143,354,1,1,1
979,2,944,1002,146,352,1,1,1
980,2,944,1003,150,351,1,1,1
981,2,944,1004,153,349,1,1,1
982,2,949,1004,150,350,1,1,1
983,2,953,1003,147,351,1,1,1
984,2,957,1003,144,350,1,1,1
985,2,960,1002,142,351,1,1,1
986,2,964,1001,138,351,1,1,1
987,2,974,1002,139,350,1,1,1
988,2,983,1002,140,349,1,1,1
989,2,992,1002,141,348,1,1,1
990,2,1002,1002,142,347,1,1,1
991,2,1011,1001,142,346,1,1,1
992,2,1017,1002,142,346,1,1,1
993,2,1023,1001,142,347,1,1,1
994,2,1028,1001,142,347,1,1,1
995,2,1034,1000,142,348,1,1,1
996,2,1039,1000,141,347,1,1,1
997,2,1042,1000,141,347,1,1,1
998,2,1044,1000,141,345,1,1,1
999,2,1046,1000,140,344,1,1,1
1000,2,1048,1000,140,343,1,1,1
1001,2,1050,1000,139,341,1,1,1
1002,2,1050,1000,142,342,1,1,1
1003,2,1050,1000,145,343,1,1,1
1004,2,1050,1000,147,343,1,1,1
1005,2,1050,1000,150,343,1,1,1
1006,2,1050,1000,152,343,1,1,1
1007,2,1054,999,151,344,1,1,1
1008,2,1058,998,149,343,1,1,1
1009,2,1061,996,149,344,1,1,1
1010,2,1065,995,147,344,1,1,1
1011,2,1068,993,145,343,1,1,1
1012,2,1075,993,140,342,1,1,1
1013,2,1080,992,135,340,1,1,1
1014,2,1086,991,129,338,1,1,1
1015,2,1092,990,123,336,1,1,1
1016,2,1097,989,116,333,1,1,1
1017,2,1102,989,110,336,1,1,1
1018,2,1107,989,103,338,1,1,1
1019,2,1111,989,97,340,1,1,1
1020,2,1116,988,90,343,1,1,1
1021,2,1120,987,83,344,1,1,1
1041,2,1136,981,95,328,1,1,1
1042,2,1141,981,93,331,1,1,1
1043,2,1146,981,90,331,1,1,1
1044,2,1151,980,88,333,1,1,1
1045,2,1156,980,85,334,1,1,1
1046,2,1160,979,83,335,1,1,1
1047,2,1161,979,93,334,1,1,1
1048,2,1162,980,101,332,1,1,1
1049,2,1163,980,110,331,1,1,1
1050,2,1164,980,119,330,1,1,1
1051,2,1165,980,127,329,1,1,1
1052,2,1165,979,132,329,1,1,1
1053,2,1165,979,137,328,1,1,1
1054,2,1165,978,142,328,1,1,1
1055,2,1165,977,147,329,1,1,1
1056,2,1165,976,151,327,1,1,1
1057,2,1167,977,150,326,1,1,1
1058,2,1170,978,148,324,1,1,1
1059,2,1172,978,147,322,1,1,1
1060,2,1174,979,146,320,1,1,1
1061,2,1176,979,144,318,1,1,1
1062,2,1185,979,133,319,1,1,1
1063,2,1193,979,121,320,1,1,1
1064,2,1202,979,109,320,1,1,1
1065,2,1210,979,98,321,1,1,1
1066,2,1218,979,86,320,1,1,1
1067,2,1223,980,89,322,1,1,1
1068,2,1228,981,92,322,1,1,1
1069,2,1232,983,95,322,1,1,1
1070,2,1237,984,98,322,1,1,1
1071,2,1241,985,100,322,1,1,1
1072,2,1244,985,104,322,1,1,1
1073,2,1246,986,108,321,1,1,1
1074,2,1248,986,112,321,1,1,1
1075,2,1250,987,116,320,1,1,1
1076,2,1251,987,119,320,1,1,1
1077,2,1253,987,121,320,1,1,1
1078,2,1255,987,121,319,1,1,1
1079,2,1256,986,123,320,1,1,1
1080,2,1258,986,124,319,1,1,1
1081,2,1259,986,125,318,1,1,1
1082,2,1263,986,123,317,1,1,1
1083,2,1268,986,120,315,1,1,1
1084,2,1272,986,117,313,1,1,1
1085,2,1276,986,115,311,1,1,1
1086,2,1280,985,112,309,1,1,1
1087,2,1284,985,111,309,1,1,1
1088,2,1287,985,110,308,1,1,1
1089,2,1291,985,108,307,1,1,1
1090,2,1295,985,106,307,1,1,1
1091,2,1298,985,104,305,1,1,1
1092,2,1301,985,108,306,1,1,1
1093,2,1303,985,113,306,1,1,1
1094,2,1306,985,116,306,1,1,1
1095,2,1308,985,121,306,1,1,1
1096,2,1310,985,125,306,1,1,1
1097,2,1312,986,122,304,1,1,1
1098,2,1314,986,118,303,1,1,1
1099,2,1315,987,115,301,1,1,1
1100,2,1317,987,112,300,1,1,1
1101,2,1318,987,108,297,1,1,1
1111,2,1339,989,106,287,1,1,1
1112,2,1346,988,105,289,1,1,1
1113,2,1353,987,103,291,1,1,1
1114,2,1360,986,101,292,1,1,1
1115,2,1366,985,100,294,1,1,1
1116,2,1372,983,97,295,1,1,1
1136,2,1413,980,83,285,1,1,1
1137,2,1418,981,85,284,1,1,1
1138,2,1423,981,86,284,1,1,1
1139,2,1427,981,88,283,1,1,1
1140,2,1432,981,89,283,1,1,1
1141,2,1436,980,89,282,1,1,1
1142,2,1437,982,97,280,1,1,1
1143,2,1437,982,104,280,1,1,1
1144,2,1438,983,110,278,1,1,1
1145,2,1438,983,117,278,1,1,1
1146,2,1438,984,124,276,1,1,1
1147,2,1441,984,122,277,1,1,1
1148,2,1443,984,122,278,1,1,1
1149,2,1446,984,120,279,1,1,1
1150,2,1449,985,118,279,1,1,1
1151,2,1451,984,117,279,1,1,1
1152,2,1451,986,118,280,1,1,1
1153,2,1451,986,118,281,1,1,1
1154,2,1451,987,118,280,1,1,1
1155,2,1451,988,118,280,1,1,1
1156,2,1450,988,117,280,1,1,1
1157,2,1454,989,114,281,1,1,1
1158,2,1457,989,110,282,1,1,1
1159,2,1460,989,107,283,1,1,1
1160,2,1463,990,103,282,1,1,1
1161,2,1465,989,100,283,1,1,1
1162,2,1471,990,98,284,1,1,1
1163,2,1476,990,95,285,1,1,1
1164,2,1481,990,93,286,1,1,1
1165,2,1486,990,91,287,1,1,1
1166,2,1490,989,88,287,1,1,1
1167,2,1495,990,94,286,1,1,1
1168,2,1499,990,100,284,1,1,1
1169,2,1503,990,105,282,1,1,1
1170,2,1506,990,112,281,1,1,1
1171,2,1510,989,116,279,1,1,1
1172,2,1511,988,121,281,1,1,1
1173,2,1511,987,126,283,1,1,1
1174,2,1512,986,130,284,1,1,1
1175,2,1512,985,135,285,1,1,1
1176,2,1512,983,139,287,1,1,1
1177,2,1513,984,137,286,1,1,1
1178,2,1514,985,135,285,1,1,1
1179,2,1515,986,132,284,1,1,1
1180,2,1516,987,129,282,1,1,1
1181,2,1516,987,127,281,1,1,1
1182,2,1521,985,122,283,1,1,1
1183,2,1525,982,117,284,1,1,1
1184,2,1529,979,112,286,1,1,1
1185,2,1533,976,107,288,1,1,1
1186,2,1537,972,102,289,1,1,1
1196,2,1566,976,100,297,1,1,1
1197,2,1568,977,98,297,1,1,1
1198,2,1569,977,97,297,1,1,1
1199,2,1571,977,95,297,1,1,1
1200,2,1572,977,93,297,1,1,1
1201,2,1573,976,91,296,1,1,1
1202,2,1573,976,94,299,1,1,1
1203,2,1573,976,95,301,1,1,1
1204,2,1573,976,97,302,1,1,1
1205,2,1573,976,98,304,1,1,1
1206,2,1572,975,100,305,1,1,1
1207,2,1574,974,101,307,1,1,1
1208,2,1575,973,103,308,1,1,1
1209,2,1576,972,105,309,1,1,1
1210,2,1577,971,106,310,1,1,1
1211,2,1578,970,107,310,1,1,1
1212,2,1581,970,108,311,1,1,1
1213,2,1583,971,109,311,1,1,1
1214,2,1585,971,109,311,1,1,1
1215,2,1587,971,110,312,1,1,1
1216,2,1588,971,111,311,1,1,1
1217,2,1591,971,116,313,1,1,1
1218,2,1592,971,122,313,1,1,1
1219,2,1594,971,127,313,1,1,1
1220,2,1596,971,131,314,1,1,1
1221,2,1597,971,137,313,1,1,1
1222,2,1600,972,140,313,1,1,1
1223,2,1603,973,143,312,1,1,1
1224,2,1605,975,146,310,1,1,1
1225,2,1608,976,149,308,1,1,1
1226,2,1610,976,151,307,1,1,1
1227,2,1612,977,150,308,1,1,1
1228,2,1613,977,148,310,1,1,1
1229,2,1614,977,146,311,1,1,1
1230,2,1615,977,144,312,1,1,1
1231,2,1615,977,142,312,1,1,1
1232,2,1619,978,140,314,1,1,1
1233,2,1622,978,138,315,1,1,1
1234,2,1625,978,135,317,1,1,1
1235,2,1629,978,132,319,1,1,1
1236,2,1631,978,130,320,1,1,1
1237,2,1636,980,127,319,1,1,1
1238,2,1640,981,124,319,1,1,1
1239,2,1644,982,122,318,1,1,1
1240,2,1648,983,119,318,1,1,1
1241,2,1651,984,116,317,1,1,1
1242,2,1657,984,114,319,1,1,1
1243,2,1662,983,112,321,1,1,1
1244,2,1667,983,110,322,1,1,1
1245,2,1672,982,108,324,1,1,1
1246,2,1676,981,105,325,1,1,1
1247,2,1678,982,106,326,1,1,1
1248,2,1679,982,106,327,1,1,1
1249,2,1680,982,106,327,1,1,1
1250,2,1681,981,106,329,1,1,1
1251,2,1682,981,106,328,1,1,1
1252,2,1684,982,107,329,1,1,1
1253,2,1686,982,108,330,1,1,1
1254,2,1688,983,109,330,1,1,1
1255,2,1690,984,109,330,1,1,1
1256,2,1692,984,109,330,1,1,1
1257,2,1694,984,110,332,1,1,1
1258,2,1696,984,110,334,1,1,1
1259,2,1698,984,111,336,1,1,1
1260,2,1699,984,112,337,1,1,1
1261,2,1701,984,111,338,1,1,1
1262,2,1701,983,114,340,1,1,1
1263,2,1700,982,116,340,1,1,1
1264,2,1700,981,118,341,1,1,1
1265,2,1700,980,120,342,1,1,1
1266,2,1699,978,122,343,1,1,1
1267,2,1702,979,121,343,1,1,1
1268,2,1705,979,119,343,1,1,1
1269,2,1707,980,119,342,1,1,1
1270,2,1710,980,117,343,1,1,1
1271,2,1712,980,116,342,1,1,1
1272,2,1719,980,117,343,1,1,1
1273,2,1725,980,118,343,1,1,1
1274,2,1731,980,120,343,1,1,1
1275,2,1737,980,121,343,1,1,1
1276,2,1742,979,122,343,1,1,1
1277,2,1746,980,124,343,1,1,1
1278,2,1749,981,126,343,1,1,1
1279,2,1752,981,127,343,1,1,1
1280,2,1755,982,129,343,1,1,1
1281,2,1758,982,129,342,1,1,1
1282,2,1758,983,130,342,1,1,1
1283,2,1757,983,130,342,1,1,1
1284,2,1756,983,131,342,1,1,1
1285,2,1755,983,132,342,1,1,1
1286,2,1754,982,132,342,1,1,1
1287,2,1757,982,131,343,1,1,1
1288,2,1759,982,130,342,1,1,1
1289,2,1762,982,128,341,1,1,1
1290,2,1764,982,127,341,1,1,1
1291,2,1766,981,125,340,1,1,1
1292,2,1772,982,122,340,1,1,1
1293,2,1777,983,120,338,1,1,1
1294,2,1782,984,117,337,1,1,1
1295,2,1787,984,114,337,1,1,1
1296,2,1791,985,111,335,1,1,1
1297,2,1794,985,121,336,1,1,1
1298,2,1797,985,129,337,1,1,1
1299,2,1799,984,139,338,1,1,1
1300,2,1801,984,148,339,1,1,1
1301,2,1803,983,157,339,1,1,1
1302,2,1805,985,161,336,1,1,1
1303,2,1807,987,164,333,1,1,1
1304,2,1809,988,167,330,1,1,1
1305,2,1811,989,169,327,1,1,1
1306,2,1813,990,172,324,1,1,1
1307,2,1814,990,170,324,1,1,1
1308,2,1814,990,169,324,1,1,1
1309,2,1815,989,167,324,1,1,1
1310,2,1816,988,165,325,1,1,1
1311,2,1816,987,163,324,1,1,1
1312,2,1823,985,157,326,1,1,1
1313,2,1829,983,152,327,1,1,1
1314,2,1836,981,145,327,1,1,1
1315,2,1843,978,138,329,1,1,1
1316,2,1849,975,132,329,1,1,1
1317,2,1855,976,132,328,1,1,1
1318,2,1861,976,131,327,1,1,1
1319,2,1866,976,131,325,1,1,1
1320,2,1872,976,130,324,1,1,1
1321,2,1877,976,129,322,1,1,1
1322,2,1878,976,130,323,1,1,1
1323,2,1879,975,129,325,1,1,1
1324,2,1879,975,130,325,1,1,1
1325,2,1880,974,130,327,1,1,1
1326,2,1880,973,130,327,1,1,1
1327,2,1882,974,128,326,1,1,1
1328,2,1883,975,126,325,1,1,1
1329,2,1884,975,125,324,1,1,1
1330,2,1885,975,123,324,1,1,1
1331,2,1885,975,121,322,1,1,1
1332,2,1887,976,120,322,1,1,1
1333,2,1888,976,119,321,1,1,1
1334,2,1890,976,117,321,1,1,1
1335,2,1891,976,116,321,1,1,1
1336,2,1891,975,114,320,1,1,1
1337,2,1892,975,117,321,1,1,1
1338,2,1893,974,119,321,1,1,1
1339,2,1894,974,120,321,1,1,1
1340,2,1894,973,122,321,1,1,1
1341,2,1894,972,124,321,1,1,1
1342,2,1894,971,127,320,1,1,1
1343,2,1894,970,130,319,1,1,1
1344,2,1894,969,132,318,1,1,1
1345,2,1894,968,135,317,1,1,1
1346,2,1893,966,137,316,1,1,1
1347,2,1894,968,139,315,1,1,1
1348,2,1895,969,140,313,1,1,1
1349,2,1895,970,143,312,1,1,1
1350,2,1895,972,145,310,1,1,1
802,3,1630,992,74,249,1,1,1
803,3,1634,992,75,251,1,1,1
804,3,1639,992,76,252,1,1,1
805,3,1644,993,76,253,1,1,1
806,3,1648,992,77,254,1,1,1
807,3,1652,993,80,255,1,1,1
808,3,1655,993,83,256,1,1,1
809,3,1658,994,86,256,1,1,1
810,3,1661,994,89,257,1,1,1
811,3,1664,994,91,257,1,1,1
812,3,1667,995,97,259,1,1,1
813,3,1669,997,102,258,1,1,1
814,3,1672,998,106,258,1,1,1
815,3,1674,999,112,259,1,1,1
816,3,1676,1000,116,259,1,1,1
817,3,1679,1000,116,260,1,1,1
818,3,1682,1000,114,261,1,1,1
819,3,1685,1000,113,262,1,1,1
820,3,1687,1001,113,262,1,1,1
821,3,1690,1000,111,263,1,1,1
822,3,1694,1000,106,266,1,1,1
823,3,1698,999,102,268,1,1,1
824,3,1701,999,98,270,1,1,1
825,3,1705,998,93,272,1,1,1
826,3,1708,997,87,273,1,1,1
827,3,1710,997,88,274,1,1,1
828,3,1710,996,89,274,1,1,1
829,3,1711,996,88,274,1,1,1
830,3,1711,995,89,274,1,1,1
831,3,1711,994,89,274,1,1,1
832,3,1714,995,89,275,1,1,1
833,3,1717,995,89,275,1,1,1
834,3,1719,995,89,276,1,1,1
835,3,1721,995,89,276,1,1,1
836,3,1723,995,88,276,1,1,1
837,3,1725,996,89,277,1,1,1
838,3,1726,996,90,278,1,1,1
839,3,1727,996,90,279,1,1,1
840,3,1728,996,91,280,1,1,1
841,3,1729,995,91,281,1,1,1
842,3,1729,996,92,281,1,1,1
843,3,1729,996,91,282,1,1,1
844,3,1728,996,92,282,1,1,1
845,3,1728,996,92,283,1,1,1
846,3,1727,995,92,283,1,1,1
847,3,1725,995,93,283,1,1,1
848,3,1723,993,93,285,1,1,1
849,3,1721,992,93,285,1,1,1
850,3,1719,991,93,285,1,1,1
851,3,1716,989,92,285,1,1,1
852,3,1716,989,95,286,1,1,1
853,3,1715,989,98,286,1,1,1
854,3,1714,989,101,286,1,1,1
855,3,1713,989,103,286,1,1,1
856,3,1711,989,105,285,1,1,1
857,3,1713,989,108,287,1,1,1
858,3,1713,989,110,288,1,1,1
859,3,1714,989,112,289,1,1,1
860,3,1715,989,114,289,1,1,1
861,3,1715,988,115,290,1,1,1
862,3,1718,989,114,292,1,1,1
863,3,1720,989,113,295,1,1,1
864,3,1722,990,111,296,1,1,1
865,3,1724,990,110,298,1,1,1
866,3,1726,990,108,300,1,1,1
867,3,1729,990,105,301,1,1,1
868,3,1732,989,101,302,1,1,1
869,3,1734,989,99,302,1,1,1
870,3,1737,988,95,303,1,1,1
871,3,1739,987,91,304,1,1,1
872,3,1740,988,92,305,1,1,1
873,3,1740,988,93,305,1,1,1
874,3,1741,989,93,305,1,1,1
875,3,1741,989,94,306,1,1,1
876,3,1741,989,93,306,1,1,1
877,3,1742,989,95,306,1,1,1
878,3,1743,988,95,305,1,1,1
879,3,1743,987,96,305,1,1,1
880,3,1743,986,97,305,1,1,1
881,3,1743,985,97,304,1,1,1
882,3,1744,986,97,305,1,1,1
883,3,1745,986,96,307,1,1,1
884,3,1745,987,95,308,1,1,1
885,3,1745,987,95,309,1,1,1
886,3,1745,987,93,310,1,1,1
887,3,1745,987,95,311,1,1,1
888,3,1745,986,95,313,1,1,1
889,3,1745,985,96,314,1,1,1
890,3,1744,984,97,316,1,1,1
891,3,1743,983,97,316,1,1,1
892,3,1743,984,98,317,1,1,1
893,3,1741,985,100,317,1,1,1
894,3,1740,986,100,317,1,1,1
895,3,1739,987,101,316,1,1,1
896,3,1737,987,102,316,1,1,1
897,3,1736,986,104,318,1,1,1
898,3,1734,985,106,318,1,1,1
899,3,1733,984,107,319,1,1,1
900,3,1731,983,109,319,1,1,1
901,3,1729,981,110,320,1,1,1
902,3,1729,981,111,321,1,1,1
903,3,1728,981,112,322,1,1,1
904,3,1728,981,112,322,1,1,1
905,3,1727,981,113,323,1,1,1
906,3,1727,981,112,322,1,1,1
907,3,1728,982,111,322,1,1,1
908,3,1729,982,110,323,1,1,1
909,3,1731,982,108,323,1,1,1
910,3,1732,983,107,322,1,1,1
911,3,1733,983,106,322,1,1,1
912,3,1734,982,106,325,1,1,1
913,3,1736,981,104,327,1,1,1
914,3,1737,981,104,329,1,1,1
915,3,1738,980,103,331,1,1,1
916,3,1739,979,102,333,1,1,1
917,3,1740,979,100,334,1,1,1
918,3,1740,979,99,335,1,1,1
919,3,1740,978,98,337,1,1,1
920,3,1740,978,97,338,1,1,1
921,3,1740,977,95,338,1,1,1
922,3,1739,979,97,338,1,1,1
923,3,1737,980,100,337,1,1,1
924,3,1735,981,103,337,1,1,1
925,3,1733,982,105,336,1,1,1
926,3,1730,982,107,335,1,1,1
927,3,1728,984,110,335,1,1,1
928,3,1725,985,112,335,1,1,1
929,3,1722,986,114,335,1,1,1
930,3,1718,988,117,334,1,1,1
931,3,1715,988,118,334,1,1,1
951,3,1675,995,97,335,1,1,1
952,3,1675,996,97,339,1,1,1
953,3,1675,996,96,343,1,1,1
954,3,1676,996,94,347,1,1,1
955,3,1676,996,94,351,1,1,1
956,3,1676,995,92,355,1,1,1
957,3,1674,995,94,356,1,1,1
958,3,1672,995,96,356,1,1,1
959,3,1670,994,98,357,1,1,1
960,3,1669,993,98,358,1,1,1
961,3,1666,992,100,358,1,1,1
962,3,1665,993,101,358,1,1,1
963,3,1663,994,102,357,1,1,1
964,3,1662,994,102,357,1,1,1
965,3,1660,995,103,357,1,1,1
966,3,1658,995,103,356,1,1,1
967,3,1658,995,103,357,1,1,1
968,3,1657,996,102,355,1,1,1
969,3,1657,996,101,355,1,1,1
970,3,1656,997,101,354,1,1,1
971,3,1655,997,100,353,1,1,1
972,3,1653,997,100,354,1,1,1
973,3,1651,998,99,354,1,1,1
974,3,1648,998,99,355,1,1,1
975,3,1646,998,98,355,1,1,1
976,3,1643,998,98,356,1,1,1
977,3,1636,998,103,361,1,1,1
978,3,1629,998,107,365,1,1,1
979,3,1622,998,112,370,1,1,1
980,3,1615,998,117,375,1,1,1
981,3,1607,998,121,379,1,1,1
982,3,1605,999,124,380,1,1,1
983,3,1603,1001,126,379,1,1,1
984,3,1601,1002,128,380,1,1,1
985,3,1598,1003,131,380,1,1,1
986,3,1595,1004,132,380,1,1,1
987,3,1595,1004,134,381,1,1,1
988,3,1594,1004,135,382,1,1,1
989,3,1594,1004,135,382,1,1,1
990,3,1593,1005,136,382,1,1,1
991,3,1592,1004,136,382,1,1,1
992,3,1593,1004,135,383,1,1,1
993,3,1593,1004,133,382,1,1,1
994,3,1593,1003,131,383,1,1,1
995,3,1593,1003,129,383,1,1,1
996,3,1593,1002,127,383,1,1,1
997,3,1593,1001,127,384,1,1,1
998,3,1592,1000,127,385,1,1,1
999,3,1591,1000,127,385,1,1,1
1000,3,1590,999,128,386,1,1,1
1001,3,1589,997,127,387,1,1,1
1002,3,1589,998,127,387,1,1,1
1003,3,1588,997,128,387,1,1,1
1004,3,1587,997,128,386,1,1,1
1005,3,1586,996,129,386,1,1,1
1006,3,1585,995,129,385,1,1,1
1007,3,1588,995,127,385,1,1,1
1008,3,1590,994,125,385,1,1,1
1009,3,1592,993,124,385,1,1,1
1010,3,1594,993,122,383,1,1,1
1011,3,1595,991,120,383,1,1,1
1012,3,1594,991,123,383,1,1,1
1013,3,1592,991,125,382,1,1,1
1014,3,1590,990,127,382,1,1,1
1015,3,1588,990,129,382,1,1,1
1016,3,1585,989,131,381,1,1,1
1017,3,1586,990,131,381,1,1,1
1018,3,1586,990,132,380,1,1,1
1019,3,1587,990,132,380,1,1,1
1020,3,1587,990,133,380,1,1,1
1021,3,1587,990,132,379,1,1,1
1022,3,1588,990,133,380,1,1,1
1023,3,1589,990,132,380,1,1,1
1024,3,1589,990,132,380,1,1,1
1025,3,1590,990,132,380,1,1,1
1026,3,1590,989,131,380,1,1,1
1027,3,1591,988,130,382,1,1,1
1028,3,1591,987,129,383,1,1,1
1029,3,1591,986,129,384,1,1,1
1030,3,1591,985,128,386,1,1,1
1031,3,1591,984,126,386,1,1,1
1032,3,1595,984,122,388,1,1,1
1033,3,1598,983,119,390,1,1,1
1034,3,1602,983,114,391,1,1,1
1035,3,1605,982,110,393,1,1,1
1036,3,1608,981,106,393,1,1,1
1037,3,1608,981,107,395,1,1,1
1038,3,1608,980,107,396,1,1,1
1039,3,1608,980,108,396,1,1,1
1040,3,1607,979,109,397,1,1,1
1041,3,1607,978,109,397,1,1,1
1042,3,1606,979,109,398,1,1,1
1043,3,1605,980,108,397,1,1,1
1044,3,1604,981,108,397,1,1,1
1045,3,1603,982,107,397,1,1,1
1046,3,1602,983,106,395,1,1,1
1047,3,1596,984,112,395,1,1,1
1048,3,1590,985,118,393,1,1,1
1049,3,1584,986,124,391,1,1,1
1050,3,1579,986,128,391,1,1,1
1051,3,1572,987,134,389,1,1,1
1052,3,1567,987,143,389,1,1,1
1053,3,1561,988,151,387,1,1,1
1054,3,1556,988,158,386,1,1,1
1055,3,1550,988,166,385,1,1,1
1056,3,1544,988,174,383,1,1,1
1057,3,1543,990,173,382,1,1,1
1058,3,1542,991,172,380,1,1,1
1059,3,1541,993,171,378,1,1,1
1060,3,1540,994,169,376,1,1,1
1061,3,1539,995,167,374,1,1,1
1062,3,1539,992,163,379,1,1,1
1063,3,1538,988,159,384,1,1,1
1064,3,1537,984,155,389,1,1,1
1065,3,1536,980,151,393,1,1,1
1066,3,1534,976,146,397,1,1,1
1067,3,1530,979,140,399,1,1,1
1068,3,1525,980,135,401,1,1,1
1069,3,1520,982,129,402,1,1,1
1070,3,1516,984,122,403,1,1,1
1071,3,1510,985,115,404,1,1,1
1072,3,1501,987,123,404,1,1,1
1073,3,1492,988,130,404,1,1,1
1074,3,1483,989,137,404,1,1,1
1075,3,1473,991,144,403,1,1,1
1076,3,1463,991,150,402,1,1,1
1077,3,1461,992,153,404,1,1,1
1078,3,1459,993,155,405,1,1,1
1079,3,1457,994,157,405,1,1,1
1080,3,1454,995,159,406,1,1,1
1081,3,1451,995,161,407,1,1,1
1082,3,1450,994,157,409,1,1,1
1083,3,1449,992,153,411,1,1,1
1084,3,1447,991,149,413,1,1,1
1085,3,1445,989,146,415,1,1,1
1086,3,1443,987,141,416,1,1,1
1087,3,1440,987,134,417,1,1,1
1088,3,1436,987,127,418,1,1,1
1089,3,1431,986,120,419,1,1,1
1090,3,1427,986,113,419,1,1,1
1091,3,1423,985,105,420,1,1,1
1092,3,1407,985,120,420,1,1,1
1093,3,1391,985,135,419,1,1,1
1094,3,1374,985,150,418,1,1,1
1095,3,1358,985,164,418,1,1,1
1096,3,1341,985,179,416,1,1,1
1097,3,1335,987,184,415,1,1,1
1098,3,1329,988,188,415,1,1,1
1099,3,1323,989,193,414,1,1,1
1100,3,1317,990,197,414,1,1,1
1101,3,1310,991,202,412,1,1,1
1102,3,1310,991,197,412,1,1,1
1103,3,1310,991,192,412,1,1,1
1104,3,1309,990,187,412,1,1,1
1105,3,1309,990,182,411,1,1,1
1106,3,1308,989,177,410,1,1,1
1107,3,1307,988,166,412,1,1,1
1108,3,1306,987,154,414,1,1,1
1109,3,1305,986,143,415,1,1,1
1110,3,1303,985,132,417,1,1,1
1111,3,1302,983,120,418,1,1,1
1112,3,1290,982,124,421,1,1,1
1113,3,1277,982,128,422,1,1,1
1114,3,1265,981,130,424,1,1,1
1115,3,1252,980,134,425,1,1,1
1116,3,1239,979,137,427,1,1,1
1117,3,1227,979,148,427,1,1,1
1118,3,1214,978,158,428,1,1,1
1119,3,1201,978,169,428,1,1,1
1120,3,1188,977,179,429,1,1,1
1121,3,1175,977,189,429,1,1,1
1122,3,1173,978,190,428,1,1,1
1123,3,1171,978,190,428,1,1,1
1124,3,1169,979,191,426,1,1,1
1125,3,1167,980,191,425,1,1,1
1126,3,1164,980,191,424,1,1,1
1127,3,1165,979,183,426,1,1,1
1128,3,1165,978,174,427,1,1,1
1129,3,1164,977,166,428,1,1,1
1130,3,1164,976,157,429,1,1,1
1131,3,1164,975,148,430,1,1,1
1132,3,1165,975,145,430,1,1,1
1133,3,1166,976,142,428,1,1,1
1134,3,1167,976,138,428,1,1,1
1135,3,1168,976,135,427,1,1,1
1136,3,1169,976,130,426,1,1,1
1137,3,1170,976,131,426,1,1,1
1138,3,1171,976,131,426,1,1,1
1139,3,1171,976,133,425,1,1,1
1140,3,1172,976,133,425,1,1,1
1141,3,1172,975,133,424,1,1,1
1142,3,1173,976,133,422,1,1,1
1143,3,1174,977,133,420,1,1,1
1144,3,1175,978,132,417,1,1,1
1145,3,1175,979,133,415,1,1,1
1146,3,1176,980,132,412,1,1,1
1147,3,1176,980,132,413,1,1,1
1148,3,1176,979,133,414,1,1,1
1149,3,1176,979,133,415,1,1,1
1150,3,1176,978,133,417,1,1,1
1151,3,1175,977,134,417,1,1,1
1152,3,1175,979,134,417,1,1,1
1153,3,1175,980,132,416,1,1,1
1154,3,1174,981,132,416,1,1,1
1155,3,1174,981,131,417,1,1,1
1156,3,1173,982,130,415,1,1,1
1157,3,1173,983,129,414,1,1,1
1158,3,1172,984,128,412,1,1,1
1159,3,1172,985,126,409,1,1,1
1160,3,1172,986,124,407,1,1,1
1161,3,1171,987,123,404,1,1,1
1162,3,1172,987,130,405,1,1,1
1163,3,1174,986,135,406,1,1,1
1164,3,1175,986,142,406,1,1,1
1165,3,1176,986,148,406,1,1,1
1166,3,1176,985,154,406,1,1,1
1167,3,1178,985,157,406,1,1,1
1168,3,1179,985,160,405,1,1,1
1169,3,1179,985,164,404,1,1,1
1170,3,1180,985,166,403,1,1,1
1171,3,1181,985,168,402,1,1,1
1172,3,1185,985,166,401,1,1,1
1173,3,1190,985,163,400,1,1,1
1174,3,1194,984,160,400,1,1,1
1175,3,1198,984,157,399,1,1,1
1176,3,1202,983,154,397,1,1,1
1177,3,1214,982,146,399,1,1,1
1178,3,1226,981,138,400,1,1,1
1179,3,1238,980,130,401,1,1,1
1180,3,1250,978,121,403,1,1,1
1181,3,1262,977,112,404,1,1,1
1182,3,1267,978,112,402,1,1,1
1183,3,1271,980,112,399,1,1,1
1184,3,1275,981,112,397,1,1,1
1185,3,1279,982,113,394,1,1,1
1186,3,1283,983,112,391,1,1,1
1187,3,1284,982,124,392,1,1,1
1188,3,1284,981,137,392,1,1,1
1189,3,1285,980,148,392,1,1,1
1190,3,1285,978,161,394,1,1,1
1191,3,1285,977,172,393,1,1,1
1192,3,1293,976,174,393,1,1,1
1193,3,1301,976,175,391,1,1,1
1194,3,1309,975,176,390,1,1,1
1195,3,1316,974,178,389,1,1,1
1196,3,1324,973,178,387,1,1,1
1197,3,1335,973,173,386,1,1,1
1198,3,1346,973,167,384,1,1,1
1199,3,1356,973,163,382,1,1,1
1200,3,1367,972,157,381,1,1,1
1201,3,1378,971,151,379,1,1,1
1202,3,1379,972,161,379,1,1,1
1203,3,1379,972,171,379,1,1,1
1204,3,1380,973,181,378,1,1,1
1205,3,1381,973,190,377,1,1,1
1206,3,1381,973,200,376,1,1,1
1207,3,1386,974,197,376,1,1,1
1208,3,1390,974,195,375,1,1,1
1209,3,1394,974,192,375,1,1,1
1210,3,1399,975,189,373,1,1,1
1211,3,1402,975,186,372,1,1,1
1212,3,1417,974,179,375,1,1,1
1213,3,1430,973,172,377,1,1,1
1214,3,1444,972,164,379,1,1,1
1215,3,1458,972,156,380,1,1,1
1216,3,1471,970,148,381,1,1,1
1217,3,1477,971,147,381,1,1,1
1218,3,1482,972,146,380,1,1,1
1219,3,1487,973,145,379,1,1,1
1220,3,1492,973,145,379,1,1,1
1221,3,1497,974,143,377,1,1,1
1222,3,1502,975,139,375,1,1,1
1223,3,1506,975,135,373,1,1,1
1224,3,1510,976,132,370,1,1,1
1225,3,1515,977,127,367,1,1,1
1226,3,1519,977,123,364,1,1,1
1227,3,1522,977,123,362,1,1,1
1228,3,1525,976,123,360,1,1,1
1229,3,1527,975,123,358,1,1,1
1230,3,1530,974,123,356,1,1,1
1231,3,1532,972,122,355,1,1,1
1232,3,1536,973,128,355,1,1,1
1233,3,1540,973,132,355,1,1,1
1234,3,1543,974,138,354,1,1,1
1235,3,1547,974,142,354,1,1,1
1236,3,1550,974,147,354,1,1,1
1237,3,1554,976,142,353,1,1,1
1238,3,1559,977,135,353,1,1,1
1239,3,1563,979,129,352,1,1,1
1240,3,1567,980,124,352,1,1,1
1241,3,1571,981,117,350,1,1,1
1242,3,1574,982,119,351,1,1,1
1243,3,1577,982,119,351,1,1,1
1244,3,1580,983,120,350,1,1,1
1245,3,1582,983,122,351,1,1,1
1246,3,1585,983,122,350,1,1,1
1247,3,1586,983,121,351,1,1,1
1248,3,1586,983,120,350,1,1,1
1249,3,1587,983,118,350,1,1,1
1250,3,1588,983,116,349,1,1,1
1251,3,1588,983,114,348,1,1,1
1252,3,1589,983,114,349,1,1,1
1253,3,1589,983,114,349,1,1,1
1254,3,1590,983,113,349,1,1,1
1255,3,1590,983,113,349,1,1,1
1256,3,1590,982,113,349,1,1,1
1257,3,1592,983,114,349,1,1,1
1258,3,1594,983,115,350,1,1,1
1259,3,1595,983,117,350,1,1,1
1260,3,1597,983,118,351,1,1,1
1261,3,1598,983,118,350,1,1,1
1262,3,1597,983,121,350,1,1,1
1263,3,1596,982,122,351,1,1,1
1264,3,1594,982,125,350,1,1,1
1265,3,1593,982,126,349,1,1,1
1266,3,1591,981,127,349,1,1,1
1267,3,1590,983,131,348,1,1,1
1268,3,1589,984,134,347,1,1,1
1269,3,1588,986,136,345,1,1,1
1270,3,1586,987,140,344,1,1,1
1271,3,1585,988,142,342,1,1,1
1272,3,1582,989,140,341,1,1,1
1273,3,1578,989,139,339,1,1,1
1274,3,1575,990,137,337,1,1,1
1275,3,1571,990,135,336,1,1,1
1276,3,1567,990,133,333,1,1,1
1277,3,1565,990,131,332,1,1,1
1278,3,1563,990,127,330,1,1,1
1279,3,1561,989,123,329,1,1,1
1280,3,1558,989,121,328,1,1,1
1281,3,1556,988,117,326,1,1,1
1282,3,1555,988,118,326,1,1,1
1283,3,1553,988,120,326,1,1,1
1284,3,1552,988,121,326,1,1,1
1285,3,1551,988,121,326,1,1,1
1286,3,1549,988,122,325,1,1,1
1287,3,1549,988,121,326,1,1,1
1288,3,1548,987,121,327,1,1,1
1289,3,1547,987,120,328,1,1,1
1290,3,1547,987,119,329,1,1,1
1291,3,1545,986,118,329,1,1,1
1292,3,1546,986,116,329,1,1,1
1293,3,1546,987,114,328,1,1,1
1294,3,1545,987,113,327,1,1,1
1295,3,1545,987,111,326,1,1,1
1296,3,1544,987,109,325,1,1,1
1297,3,1544,988,108,322,1,1,1
1298,3,1544,988,106,319,1,1,1
1299,3,1543,988,105,316,1,1,1
1300,3,1543,988,103,314,1,1,1
1301,3,1542,988,101,310,1,1,1
1302,3,1541,989,100,310,1,1,1
1303,3,1540,989,99,309,1,1,1
1304,3,1539,989,98,309,1,1,1
1305,3,1538,989,96,309,1,1,1
1306,3,1537,989,94,308,1,1,1
1307,3,1530,988,100,309,1,1,1
1308,3,1523,988,105,309,1,1,1
1309,3,1516,987,110,310,1,1,1
1310,3,1509,986,114,310,1,1,1
1311,3,1502,984,119,311,1,1,1
1312,3,1501,985,120,309,1,1,1
1313,3,1499,984,121,309,1,1,1
1314,3,1498,984,122,307,1,1,1
1315,3,1497,984,122,306,1,1,1
1316,3,1495,983,122,304,1,1,1
1317,3,1495,984,122,303,1,1,1
1318,3,1494,984,122,301,1,1,1
1319,3,1493,984,122,299,1,1,1
1320,3,1493,984,121,297,1,1,1
1321,3,1492,984,121,294,1,1,1
1322,3,1491,983,114,295,1,1,1
1323,3,1490,982,107,295,1,1,1
1324,3,1488,981,100,295,1,1,1
1325,3,1487,980,93,296,1,1,1
1326,3,1485,978,85,295,1,1,1
1327,3,1483,979,85,295,1,1,1
1328,3,1481,979,83,295,1,1,1
1329,3,1479,979,82,295,1,1,1
1330,3,1476,979,81,294,1,1,1
1331,3,1473,978,79,293,1,1,1
1332,3,1472,979,80,293,1,1,1
1333,3,1470,979,81,292,1,1,1
1334,3,1469,980,80,290,1,1,1
1335,3,1467,980,80,289,1,1,1
1336,3,1465,980,80,287,1,1,1
1337,3,1464,980,80,287,1,1,1
1338,3,1463,979,80,287,1,1,1
1339,3,1462,979,79,286,1,1,1
1340,3,1461,978,78,286,1,1,1
1341,3,1460,977,77,285,1,1,1
1342,3,1457,976,78,285,1,1,1
1343,3,1454,975,78,284,1,1,1
1344,3,1450,973,80,285,1,1,1
1345,3,1447,972,80,284,1,1,1
1346,3,1443,970,81,283,1,1,1
1347,3,1442,972,83,281,1,1,1
1348,3,1440,972,86,280,1,1,1
1349,3,1437,973,89,277,1,1,1
1350,3,1435,974,92,275,1,1,1
802,4,1341,974,108,353,1,1,1
803,4,1344,974,107,354,1,1,1
804,4,1346,975,108,355,1,1,1
805,4,1348,976,108,355,1,1,1
806,4,1350,977,108,355,1,1,1
807,4,1352,977,109,358,1,1,1
808,4,1353,977,110,360,1,1,1
809,4,1355,977,110,362,1,1,1
810,4,1356,977,111,364,1,1,1
811,4,1357,977,111,366,1,1,1
812,4,1358,978,112,366,1,1,1
813,4,1358,978,113,367,1,1,1
814,4,1358,978,114,367,1,1,1
815,4,1358,979,114,367,1,1,1
816,4,1357,978,115,367,1,1,1
817,4,1358,978,115,369,1,1,1
818,4,1359,978,114,370,1,1,1
819,4,1359,977,114,371,1,1,1
820,4,1359,977,113,372,1,1,1
821,4,1359,976,112,372,1,1,1
822,4,1359,976,112,375,1,1,1
823,4,1358,976,113,377,1,1,1
824,4,1358,976,112,378,1,1,1
825,4,1357,975,112,381,1,1,1
826,4,1356,975,111,382,1,1,1
827,4,1357,975,112,384,1,1,1
828,4,1358,976,111,384,1,1,1
829,4,1359,976,111,385,1,1,1
830,4,1360,976,111,386,1,1,1
831,4,1361,976,110,386,1,1,1
832,4,1363,977,110,387,1,1,1
833,4,1365,977,110,389,1,1,1
834,4,1366,976,111,391,1,1,1
835,4,1368,976,110,393,1,1,1
836,4,1369,976,110,393,1,1,1
837,4,1371,975,111,394,1,1,1
838,4,1372,974,112,395,1,1,1
839,4,1373,973,112,395,1,1,1
840,4,1374,971,113,397,1,1,1
841,4,1375,970,113,397,1,1,1
842,4,1376,970,113,398,1,1,1
843,4,1375,970,115,398,1,1,1
844,4,1375,969,116,400,1,1,1
845,4,1375,969,116,400,1,1,1
846,4,1375,968,116,401,1,1,1
847,4,1372,968,119,401,1,1,1
848,4,1370,967,120,402,1,1,1
849,4,1367,966,123,403,1,1,1
850,4,1365,965,124,403,1,1,1
851,4,1361,964,126,403,1,1,1
852,4,1361,965,126,403,1,1,1
853,4,1360,965,125,404,1,1,1
854,4,1358,965,126,404,1,1,1
855,4,1357,965,125,405,1,1,1
856,4,1355,965,125,404,1,1,1
857,4,1355,966,125,406,1,1,1
858,4,1355,966,124,408,1,1,1
859,4,1354,966,125,410,1,1,1
860,4,1354,966,124,411,1,1,1
861,4,1353,965,123,413,1,1,1
862,4,1352,967,124,413,1,1,1
863,4,1350,967,125,414,1,1,1
864,4,1349,968,125,414,1,1,1
865,4,1348,969,126,414,1,1,1
866,4,1346,970,126,414,1,1,1
867,4,1346,970,125,413,1,1,1
868,4,1345,969,125,413,1,1,1
869,4,1345,968,124,412,1,1,1
870,4,1344,967,124,412,1,1,1
871,4,1343,966,122,410,1,1,1
872,4,1343,967,123,410,1,1,1
873,4,1342,968,124,410,1,1,1
874,4,1341,968,124,410,1,1,1
875,4,1340,968,125,411,1,1,1
876,4,1339,968,125,410,1,1,1
877,4,1341,968,124,414,1,1,1
878,4,1342,966,123,418,1,1,1
879,4,1343,965,122,422,1,1,1
880,4,1345,964,120,425,1,1,1
881,4,1345,962,118,429,1,1,1
882,4,1349,963,115,428,1,1,1
883,4,1352,963,112,427,1,1,1
884,4,1355,964,108,425,1,1,1
885,4,1358,964,105,424,1,1,1
886,4,1360,964,102,422,1,1,1
887,4,1359,964,104,424,1,1,1
888,4,1357,963,107,425,1,1,1
889,4,1355,962,110,427,1,1,1
890,4,1354,961,112,428,1,1,1
891,4,1352,960,114,429,1,1,1
892,4,1347,960,120,428,1,1,1
893,4,1342,960,126,427,1,1,1
894,4,1337,960,131,426,1,1,1
895,4,1332,960,136,425,1,1,1
896,4,1327,960,141,422,1,1,1
897,4,1326,961,140,423,1,1,1
898,4,1325,962,138,422,1,1,1
899,4,1323,963,137,422,1,1,1
900,4,1322,964,135,421,1,1,1
901,4,1320,964,133,420,1,1,1
902,4,1320,964,129,419,1,1,1
903,4,1318,964,126,417,1,1,1
904,4,1317,963,122,416,1,1,1
905,4,1316,963,118,414,1,1,1
906,4,1314,962,114,412,1,1,1
907,4,1309,962,120,411,1,1,1
908,4,1304,961,126,410,1,1,1
909,4,1299,960,131,410,1,1,1
910,4,1294,959,136,409,1,1,1
911,4,1289,958,141,408,1,1,1
912,4,1290,958,139,408,1,1,1
913,4,1291,959,137,407,1,1,1
914,4,1292,959,135,407,1,1,1
915,4,1293,960,133,407,1,1,1
916,4,1293,960,131,406,1,1,1
917,4,1293,961,128,406,1,1,1
918,4,1291,962,127,404,1,1,1
919,4,1290,963,124,403,1,1,1
920,4,1289,963,121,403,1,1,1
921,4,1287,964,119,401,1,1,1
922,4,1289,964,118,401,1,1,1
923,4,1290,964,117,400,1,1,1
924,4,1292,964,114,399,1,1,1
925,4,1293,964,113,399,1,1,1
926,4,1294,964,111,397,1,1,1
927,4,1298,966,118,397,1,1,1
928,4,1301,966,125,398,1,1,1
929,4,1304,967,132,398,1,1,1
930,4,1307,968,139,398,1,1,1
931,4,1310,969,145,397,1,1,1
932,4,1311,970,148,396,1,1,1
933,4,1311,971,152,395,1,1,1
934,4,1312,972,155,393,1,1,1
935,4,1312,973,159,392,1,1,1
936,4,1312,974,161,389,1,1,1
937,4,1314,975,160,388,1,1,1
938,4,1315,975,159,387,1,1,1
939,4,1316,975,158,387,1,1,1
940,4,1317,975,156,386,1,1,1
941,4,1318,975,154,384,1,1,1
942,4,1329,975,149,385,1,1,1
943,4,1340,975,144,385,1,1,1
944,4,1351,975,138,385,1,1,1
945,4,1362,974,133,387,1,1,1
946,4,1372,974,127,386,1,1,1
947,4,1377,974,129,387,1,1,1
948,4,1382,974,131,387,1,1,1
949,4,1387,974,132,387,1,1,1
950,4,1392,974,134,387,1,1,1
951,4,1396,973,135,387,1,1,1
952,4,1399,975,140,386,1,1,1
953,4,1402,977,144,384,1,1,1
954,4,1404,978,149,383,1,1,1
955,4,1407,980,153,381,1,1,1
956,4,1409,981,157,380,1,1,1
957,4,1413,981,151,379,1,1,1
958,4,1416,980,145,378,1,1,1
959,4,1420,979,139,377,1,1,1
960,4,1424,979,132,376,1,1,1
961,4,1427,978,126,375,1,1,1
976,4,1473,978,150,373,1,1,1
977,4,1474,979,150,374,1,1,1
978,4,1476,979,149,376,1,1,1
979,4,1477,980,149,376,1,1,1
980,4,1479,981,147,377,1,1,1
981,4,1480,981,146,378,1,1,1
982,4,1481,982,147,378,1,1,1
983,4,1481,983,147,377,1,1,1
984,4,1482,983,147,377,1,1,1
985,4,1482,983,147,378,1,1,1
986,4,1482,983,146,376,1,1,1
987,4,1483,985,145,376,1,1,1
988,4,1484,985,144,377,1,1,1
989,4,1485,986,142,376,1,1,1
990,4,1486,986,140,376,1,1,1
991,4,1486,986,138,375,1,1,1
992,4,1486,986,135,376,1,1,1
993,4,1486,986,132,376,1,1,1
994,4,1485,985,129,376,1,1,1
995,4,1484,984,126,377,1,1,1
996,4,1483,983,122,377,1,1,1
997,4,1484,982,123,378,1,1,1
998,4,1484,981,123,379,1,1,1
999,4,1485,980,122,379,1,1,1
1000,4,1485,978,123,381,1,1,1
1001,4,1485,977,122,381,1,1,1
1002,4,1484,977,122,380,1,1,1
1003,4,1482,976,122,381,1,1,1
1004,4,1480,976,122,380,1,1,1
1005,4,1479,975,121,380,1,1,1
1006,4,1477,975,120,379,1,1,1
1007,4,1477,975,123,379,1,1,1
1008,4,1477,975,125,379,1,1,1
1009,4,1477,975,127,379,1,1,1
1010,4,1477,975,129,379,1,1,1
1011,4,1477,975,131,379,1,1,1
1012,4,1477,974,130,379,1,1,1
1013,4,1478,973,129,379,1,1,1
1014,4,1478,971,128,379,1,1,1
1015,4,1479,970,126,379,1,1,1
1016,4,1479,968,125,379,1,1,1
1017,4,1479,969,126,378,1,1,1
1018,4,1480,970,126,377,1,1,1
1019,4,1480,970,127,377,1,1,1
1020,4,1480,971,128,375,1,1,1
1021,4,1480,971,127,374,1,1,1
1022,4,1480,971,129,375,1,1,1
1023,4,1480,971,129,375,1,1,1
1024,4,1479,971,130,375,1,1,1
1025,4,1478,971,131,375,1,1,1
1026,4,1477,970,131,375,1,1,1
1027,4,1479,969,130,376,1,1,1
1028,4,1480,968,129,376,1,1,1
1029,4,1482,967,126,375,1,1,1
1030,4,1483,966,125,375,1,1,1
1031,4,1484,965,122,374,1,1,1
1032,4,1484,965,119,374,1,1,1
1033,4,1483,965,116,374,1,1,1
1034,4,1482,964,113,374,1,1,1
1035,4,1481,964,110,374,1,1,1
1036,4,1480,963,106,373,1,1,1
1037,4,1481,964,103,374,1,1,1
1038,4,1481,964,100,374,1,1,1
1039,4,1481,964,98,375,1,1,1
1040,4,1482,964,94,375,1,1,1
1041,4,1481,963,91,375,1,1,1
1042,4,1478,964,96,376,1,1,1
1043,4,1475,963,99,377,1,1,1
1044,4,1472,963,102,377,1,1,1
1045,4,1468,963,107,377,1,1,1
1046,4,1464,962,110,377,1,1,1
1047,4,1463,962,112,378,1,1,1
1048,4,1462,962,112,378,1,1,1
1049,4,1461,962,113,378,1,1,1
1050,4,1459,962,114,378,1,1,1
1051,4,1458,961,114,378,1,1,1
1052,4,1457,962,117,376,1,1,1
1053,4,1456,962,120,374,1,1,1
1054,4,1455,962,123,372,1,1,1
1055,4,1454,963,126,369,1,1,1
1056,4,1453,962,127,367,1,1,1
1057,4,1453,962,128,368,1,1,1
1058,4,1453,961,128,369,1,1,1
1059,4,1453,960,128,370,1,1,1
1060,4,1453,959,128,371,1,1,1
1061,4,1453,958,127,372,1,1,1
1062,4,1457,958,122,373,1,1,1
1063,4,1460,958,116,374,1,1,1
1064,4,1463,958,110,375,1,1,1
1065,4,1467,958,103,376,1,1,1
1066,4,1469,958,97,376,1,1,1
1067,4,1470,960,98,375,1,1,1
1068,4,1470,962,99,373,1,1,1
1069,4,1470,964,100,370,1,1,1
1070,4,1471,966,100,368,1,1,1
1071,4,1470,968,101,365,1,1,1
1072,4,1469,969,100,365,1,1,1
1073,4,1468,969,98,364,1,1,1
1074,4,1467,970,96,363,1,1,1
1075,4,1465,970,95,363,1,1,1
1076,4,1463,970,93,362,1,1,1
1096,4,1412,968,122,360,1,1,1
1097,4,1412,969,123,361,1,1,1
1098,4,1411,969,124,361,1,1,1
1099,4,1410,969,124,361,1,1,1
1100,4,1409,969,125,362,1,1,1
1101,4,1408,968,125,362,1,1,1
1102,4,1410,969,123,364,1,1,1
1103,4,1412,970,120,364,1,1,1
1104,4,1415,970,117,365,1,1,1
1105,4,1417,970,115,366,1,1,1
1106,4,1418,970,112,366,1,1,1
1107,4,1417,970,111,367,1,1,1
1108,4,1415,970,109,366,1,1,1
1109,4,1414,970,106,365,1,1,1
1110,4,1412,969,104,365,1,1,1
1111,4,1410,968,102,364,1,1,1
1112,4,1410,968,99,364,1,1,1
1113,4,1409,968,96,363,1,1,1
1114,4,1408,968,93,362,1,1,1
1115,4,1407,967,91,361,1,1,1
1116,4,1406,966,87,360,1,1,1
1117,4,1403,968,88,360,1,1,1
1118,4,1400,968,88,362,1,1,1
1119,4,1398,969,87,362,1,1,1
1120,4,1395,970,87,362,1,1,1
1121,4,1391,970,87,362,1,1,1
1122,4,1390,970,88,363,1,1,1
1123,4,1388,970,88,363,1,1,1
1124,4,1386,969,88,363,1,1,1
1125,4,1384,968,88,364,1,1,1
1126,4,1382,967,87,363,1,1,1
1127,4,1380,968,90,363,1,1,1
1128,4,1377,968,93,362,1,1,1
1129,4,1374,968,95,361,1,1,1
1130,4,1371,968,98,360,1,1,1
1131,4,1368,967,100,360,1,1,1
1132,4,1368,967,99,360,1,1,1
1133,4,1368,967,98,359,1,1,1
1134,4,1368,966,97,359,1,1,1
1135,4,1368,966,96,358,1,1,1
1136,4,1368,965,94,358,1,1,1
1137,4,1368,965,95,358,1,1,1
1138,4,1368,965,95,357,1,1,1
1139,4,1367,965,96,356,1,1,1
1140,4,1367,965,96,354,1,1,1
1141,4,1366,964,96,353,1,1,1
1142,4,1364,965,98,355,1,1,1
1143,4,1361,965,101,356,1,1,1
1144,4,1358,966,103,357,1,1,1
1145,4,1355,966,106,358,1,1,1
1146,4,1352,966,108,360,1,1,1
1147,4,1350,966,109,359,1,1,1
1148,4,1348,966,110,357,1,1,1
1149,4,1347,966,110,356,1,1,1
1150,4,1345,966,110,355,1,1,1
1151,4,1343,965,111,353,1,1,1
1152,4,1341,966,112,354,1,1,1
1153,4,1338,966,113,355,1,1,1
1154,4,1336,966,114,356,1,1,1
1155,4,1334,967,115,355,1,1,1
1156,4,1331,966,115,356,1,1,1
1157,4,1330,967,115,357,1,1,1
1158,4,1328,968,114,357,1,1,1
1159,4,1326,969,114,357,1,1,1
1160,4,1325,970,113,357,1,1,1
1161,4,1323,970,112,357,1,1,1
1162,4,1323,971,110,357,1,1,1
1163,4,1323,971,108,357,1,1,1
1164,4,1323,971,107,357,1,1,1
1165,4,1322,971,106,357,1,1,1
1166,4,1322,971,103,356,1,1,1
1167,4,1324,971,102,356,1,1,1
1168,4,1325,971,101,355,1,1,1
1169,4,1326,971,101,354,1,1,1
1170,4,1328,971,99,353,1,1,1
1171,4,1329,970,97,352,1,1,1
1172,4,1329,970,98,353,1,1,1
1173,4,1329,970,97,353,1,1,1
1174,4,1329,970,97,353,1,1,1
1175,4,1329,969,96,354,1,1,1
1176,4,1329,968,95,354,1,1,1
1177,4,1330,969,95,354,1,1,1
1178,4,1332,970,93,353,1,1,1
1179,4,1333,970,92,353,1,1,1
1180,4,1334,970,91,353,1,1,1
1181,4,1335,970,89,352,1,1,1
1182,4,1335,970,90,352,1,1,1
1183,4,1335,968,91,352,1,1,1
1184,4,1334,967,92,352,1,1,1
1185,4,1334,966,93,352,1,1,1
1186,4,1333,964,93,352,1,1,1
1201,4,1334,958,95,353,1,1,1
1202,4,1334,958,95,353,1,1,1
1203,4,1334,958,95,352,1,1,1
1204,4,1334,958,95,351,1,1,1
1205,4,1334,957,95,352,1,1,1
1206,4,1333,957,95,350,1,1,1
1207,4,1334,957,99,351,1,1,1
1208,4,1333,957,104,351,1,1,1
1209,4,1333,956,108,352,1,1,1
1210,4,1333,956,112,352,1,1,1
1211,4,1332,955,116,352,1,1,1
1212,4,1333,956,118,353,1,1,1
1213,4,1333,957,121,352,1,1,1
1214,4,1334,957,122,352,1,1,1
1215,4,1334,958,124,352,1,1,1
1216,4,1334,958,125,351,1,1,1
1217,4,1334,959,127,351,1,1,1
1218,4,1335,959,127,351,1,1,1
1219,4,1335,959,128,351,1,1,1
1220,4,1335,959,129,351,1,1,1
1221,4,1335,959,129,350,1,1,1
1222,4,1335,959,130,351,1,1,1
1223,4,1335,958,129,351,1,1,1
1224,4,1336,958,128,351,1,1,1
1225,4,1336,957,128,352,1,1,1
1226,4,1335,956,127,351,1,1,1
1227,4,1335,957,128,351,1,1,1
1228,4,1334,957,129,351,1,1,1
1229,4,1334,957,129,351,1,1,1
1230,4,1333,957,130,351,1,1,1
1231,4,1332,956,130,350,1,1,1
1232,4,1332,957,130,351,1,1,1
1233,4,1332,958,130,351,1,1,1
1234,4,1331,959,130,351,1,1,1
1235,4,1331,959,130,352,1,1,1
1236,4,1330,960,129,351,1,1,1
1237,4,1332,961,128,351,1,1,1
1238,4,1333,961,126,352,1,1,1
1239,4,1334,962,125,351,1,1,1
1240,4,1335,962,124,351,1,1,1
1241,4,1336,962,122,350,1,1,1
1242,4,1336,964,122,350,1,1,1
1243,4,1335,964,122,350,1,1,1
1244,4,1335,965,122,350,1,1,1
1245,4,1335,966,121,349,1,1,1
1246,4,1334,966,121,348,1,1,1
1247,4,1334,966,121,349,1,1,1
1248,4,1334,965,121,350,1,1,1
1249,4,1333,965,121,351,1,1,1
1250,4,1333,964,121,352,1,1,1
1251,4,1332,963,120,352,1,1,1
1252,4,1331,964,121,352,1,1,1
1253,4,1330,964,120,352,1,1,1
1254,4,1329,964,120,352,1,1,1
1255,4,1328,965,119,350,1,1,1
1256,4,1326,965,119,350,1,1,1
1257,4,1325,965,120,350,1,1,1
1258,4,1325,965,119,349,1,1,1
1259,4,1324,965,119,349,1,1,1
1260,4,1323,965,119,348,1,1,1
1261,4,1321,964,119,348,1,1,1
1262,4,1317,965,121,348,1,1,1
1263,4,1313,965,122,348,1,1,1
1264,4,1309,965,124,348,1,1,1
1265,4,1304,965,126,348,1,1,1
1266,4,1300,964,127,347,1,1,1
1267,4,1298,965,125,348,1,1,1
1268,4,1297,965,121,348,1,1,1
1269,4,1295,966,119,348,1,1,1
1270,4,1294,966,115,348,1,1,1
1271,4,1292,966,112,347,1,1,1
1272,4,1291,967,111,348,1,1,1
1273,4,1290,968,109,348,1,1,1
1274,4,1289,968,107,348,1,1,1
1275,4,1288,969,105,348,1,1,1
1276,4,1286,969,104,348,1,1,1
1277,4,1283,968,103,350,1,1,1
1278,4,1280,967,101,351,1,1,1
1279,4,1277,966,98,352,1,1,1
1280,4,1274,965,96,353,1,1,1
1281,4,1270,964,94,354,1,1,1
1282,4,1268,964,99,353,1,1,1
1283,4,1265,965,105,350,1,1,1
1284,4,1263,965,109,348,1,1,1
1285,4,1260,965,114,346,1,1,1
1286,4,1257,965,118,344,1,1,1
1287,4,1256,965,117,346,1,1,1
1288,4,1254,965,116,348,1,1,1
1289,4,1253,965,114,350,1,1,1
1290,4,1251,965,113,352,1,1,1
1291,4,1249,965,111,354,1,1,1
1292,4,1247,966,112,351,1,1,1
1293,4,1244,967,113,348,1,1,1
1294,4,1242,968,113,345,1,1,1
1295,4,1239,968,114,343,1,1,1
1296,4,1236,968,113,340,1,1,1
1321,4,1202,968,113,345,1,1,1
1322,4,1202,967,111,342,1,1,1
1323,4,1201,967,110,338,1,1,1
1324,4,1200,966,108,336,1,1,1
1325,4,1199,966,107,332,1,1,1
1326,4,1198,965,104,328,1,1,1
1327,4,1197,965,104,327,1,1,1
1328,4,1195,964,104,326,1,1,1
1329,4,1194,964,103,325,1,1,1
1330,4,1192,963,103,324,1,1,1
1331,4,1190,962,102,322,1,1,1
1332,4,1190,962,103,322,1,1,1
1333,4,1190,962,102,320,1,1,1
1334,4,1189,962,103,319,1,1,1
1335,4,1189,961,102,319,1,1,1
1336,4,1188,960,102,317,1,1,1
1337,4,1187,962,102,317,1,1,1
1338,4,1185,962,103,317,1,1,1
1339,4,1183,963,103,316,1,1,1
1340,4,1181,963,103,317,1,1,1
1341,4,1178,964,104,316,1,1,1
1342,4,1176,964,104,314,1,1,1
1343,4,1174,963,103,313,1,1,1
1344,4,1171,963,103,310,1,1,1
1345,4,1169,963,103,308,1,1,1
1346,4,1166,962,102,306,1,1,1
1347,4,1165,963,101,306,1,1,1
1348,4,1163,963,101,306,1,1,1
1349,4,1162,963,99,306,1,1,1
1350,4,1160,963,99,306,1,1,1
802,5,1220,988,73,250,1,1,1
803,5,1223,989,73,248,1,1,1
804,5,1227,989,71,246,1,1,1
805,5,1231,990,70,243,1,1,1
806,5,1234,990,68,240,1,1,1
807,5,1238,991,71,241,1,1,1
808,5,1241,991,72,241,1,1,1
809,5,1244,992,74,241,1,1,1
810,5,1248,992,75,241,1,1,1
811,5,1250,992,77,240,1,1,1
812,5,1254,993,81,242,1,1,1
813,5,1257,993,84,242,1,1,1
814,5,1260,993,88,243,1,1,1
815,5,1263,993,91,244,1,1,1
816,5,1266,992,94,245,1,1,1
817,5,1268,994,95,244,1,1,1
818,5,1271,994,94,244,1,1,1
819,5,1273,995,94,243,1,1,1
820,5,1275,996,94,242,1,1,1
821,5,1277,996,94,241,1,1,1
822,5,1277,996,94,241,1,1,1
823,5,1277,995,94,241,1,1,1
824,5,1277,994,94,240,1,1,1
825,5,1277,994,94,239,1,1,1
826,5,1276,992,94,239,1,1,1
827,5,1280,993,92,239,1,1,1
828,5,1284,992,88,239,1,1,1
829,5,1288,992,85,239,1,1,1
830,5,1291,991,82,239,1,1,1
831,5,1294,991,79,238,1,1,1
832,5,1302,991,76,238,1,1,1
833,5,1310,991,71,238,1,1,1
834,5,1318,991,67,238,1,1,1
835,5,1326,991,63,237,1,1,1
836,5,1333,990,59,236,1,1,1
837,5,1335,991,63,237,1,1,1
838,5,1336,991,69,237,1,1,1
839,5,1338,991,73,237,1,1,1
840,5,1339,990,78,238,1,1,1
841,5,1340,990,81,237,1,1,1
842,5,1341,991,84,237,1,1,1
843,5,1340,991,88,237,1,1,1
844,5,1340,991,90,236,1,1,1
845,5,1340,991,92,236,1,1,1
846,5,1339,991,94,235,1,1,1
871,5,1416,991,118,229,1,1,1
872,5,1419,992,117,229,1,1,1
873,5,1421,992,116,229,1,1,1
874,5,1423,992,115,229,1,1,1
875,5,1425,992,114,229,1,1,1
876,5,1427,991,112,229,1,1,1
877,5,1431,990,107,230,1,1,1
878,5,1435,989,102,230,1,1,1
879,5,1438,988,98,230,1,1,1
880,5,1442,987,93,231,1,1,1
881,5,1445,985,87,231,1,1,1
882,5,1453,986,84,231,1,1,1
883,5,1460,986,80,231,1,1,1
884,5,1467,987,76,230,1,1,1
885,5,1474,987,73,230,1,1,1
886,5,1481,987,68,229,1,1,1
887,5,1484,988,71,230,1,1,1
888,5,1486,988,75,230,1,1,1
889,5,1489,988,77,231,1,1,1
890,5,1491,988,81,232,1,1,1
891,5,1493,987,83,233,1,1,1
892,5,1493,987,91,232,1,1,1
893,5,1493,986,97,231,1,1,1
894,5,1493,985,104,231,1,1,1
895,5,1492,984,112,230,1,1,1
896,5,1491,983,118,229,1,1,1
897,5,1493,983,116,230,1,1,1
898,5,1494,983,114,230,1,1,1
899,5,1495,983,112,230,1,1,1
900,5,1497,983,108,230,1,1,1
901,5,1497,983,106,229,1,1,1
902,5,1504,982,102,230,1,1,1
903,5,1510,982,98,230,1,1,1
904,5,1517,981,92,230,1,1,1
905,5,1523,980,88,231,1,1,1
906,5,1529,979,83,231,1,1,1
907,5,1533,979,80,231,1,1,1
908,5,1538,978,75,232,1,1,1
909,5,1542,978,71,232,1,1,1
910,5,1546,977,68,233,1,1,1
911,5,1550,977,64,233,1,1,1
912,5,1554,977,72,231,1,1,1
913,5,1558,977,80,230,1,1,1
914,5,1561,977,88,228,1,1,1
915,5,1565,977,96,227,1,1,1
916,5,1568,977,104,225,1,1,1
917,5,1568,978,107,226,1,1,1
918,5,1568,979,109,227,1,1,1
919,5,1567,980,111,228,1,1,1
920,5,1567,981,113,229,1,1,1
921,5,1565,981,115,230,1,1,1
922,5,1568,982,114,232,1,1,1
923,5,1570,982,112,233,1,1,1
924,5,1571,982,112,235,1,1,1
925,5,1573,982,110,236,1,1,1
926,5,1575,981,108,238,1,1,1
927,5,1582,982,102,238,1,1,1
928,5,1589,983,96,237,1,1,1
929,5,1597,983,89,238,1,1,1
930,5,1604,984,83,237,1,1,1
931,5,1610,984,76,236,1,1,1
932,5,1614,985,78,237,1,1,1
933,5,1617,985,79,237,1,1,1
934,5,1620,985,81,238,1,1,1
935,5,1623,985,82,238,1,1,1
936,5,1625,985,83,238,1,1,1
937,5,1628,986,85,237,1,1,1
938,5,1630,986,86,238,1,1,1
939,5,1632,986,87,238,1,1,1
940,5,1634,986,88,238,1,1,1
941,5,1636,986,89,237,1,1,1
966,5,1715,990,80,250,1,1,1
967,5,1718,991,82,250,1,1,1
968,5,1720,991,86,250,1,1,1
969,5,1723,992,88,250,1,1,1
970,5,1725,993,91,250,1,1,1
971,5,1727,993,93,250,1,1,1
972,5,1730,993,93,251,1,1,1
973,5,1732,993,93,252,1,1,1
974,5,1733,993,93,253,1,1,1
975,5,1735,992,93,255,1,1,1
976,5,1737,992,92,256,1,1,1
977,5,1741,993,89,256,1,1,1
978,5,1745,994,85,256,1,1,1
979,5,1749,994,82,257,1,1,1
980,5,1753,995,79,257,1,1,1
981,5,1757,995,75,257,1,1,1
982,5,1759,996,79,258,1,1,1
983,5,1761,996,83,259,1,1,1
984,5,1763,997,86,258,1,1,1
985,5,1765,997,90,259,1,1,1
986,5,1766,997,94,259,1,1,1
987,5,1769,998,101,260,1,1,1
988,5,1772,999,108,260,1,1,1
989,5,1775,999,114,261,1,1,1
990,5,1778,1000,121,261,1,1,1
991,5,1781,1000,126,261,1,1,1
992,5,1784,1001,125,262,1,1,1
993,5,1786,1001,124,263,1,1,1
994,5,1789,1000,122,265,1,1,1
995,5,1791,1000,121,266,1,1,1
996,5,1793,1000,118,266,1,1,1
997,5,1797,1000,117,268,1,1,1
998,5,1800,999,115,269,1,1,1
999,5,1802,999,114,270,1,1,1
1000,5,1805,998,113,272,1,1,1
1001,5,1808,997,110,272,1,1,1
1002,5,1812,996,106,274,1,1,1
1003,5,1815,995,103,273,1,1,1
1004,5,1818,993,100,274,1,1,1
1005,5,1822,991,95,275,1,1,1
1006,5,1825,989,91,275,1,1,1
1007,5,1828,989,92,276,1,1,1
1008,5,1832,989,91,277,1,1,1
1009,5,1835,988,90,279,1,1,1
1010,5,1838,988,90,280,1,1,1
1011,5,1841,987,89,281,1,1,1
1012,5,1843,987,93,281,1,1,1
1013,5,1844,987,96,281,1,1,1
1014,5,1845,986,100,282,1,1,1
1015,5,1847,986,103,281,1,1,1
1016,5,1847,985,106,281,1,1,1
1017,5,1852,986,102,282,1,1,1
1018,5,1857,986,98,282,1,1,1
1019,5,1861,987,94,282,1,1,1
1020,5,1865,987,90,283,1,1,1
1021,5,1869,987,85,283,1,1,1
1022,5,1871,987,87,285,1,1,1
1023,5,1873,986,87,286,1,1,1
1024,5,1875,985,88,288,1,1,1
1025,5,1876,984,89,289,1,1,1
1026,5,1877,983,89,290,1,1,1
1027,5,1879,982,94,290,1,1,1
1028,5,1880,982,98,289,1,1,1
1029,5,1882,981,102,289,1,1,1
1030,5,1883,980,107,289,1,1,1
1031,5,1884,979,110,287,1,1,1
1032,5,1885,979,115,289,1,1,1
1033,5,1886,979,120,290,1,1,1
1034,5,1887,979,124,291,1,1,1
1035,5,1887,979,129,292,1,1,1
1036,5,1887,978,133,293,1,1,1
1037,5,1890,979,132,295,1,1,1
1038,5,1892,979,131,297,1,1,1
1039,5,1894,979,129,299,1,1,1
1040,5,1897,979,127,301,1,1,1
1041,5,1898,979,125,302,1,1,1
1042,5,1902,978,124,305,1,1,1
1043,5,1906,976,121,308,1,1,1
1044,5,1910,974,118,311,1,1,1
1045,5,1913,973,117,313,1,1,1
1046,5,1916,970,114,316,1,1,1
1047,5,1918,971,113,316,1,1,1
1048,5,1920,972,111,314,1,1,1
1049,5,1922,972,109,313,1,1,1
1050,5,1924,972,107,312,1,1,1
1051,5,1925,972,105,310,1,1,1
1052,5,1926,972,106,312,1,1,1
1053,5,1927,972,106,312,1,1,1
1054,5,1928,971,107,313,1,1,1
1055,5,1929,970,107,314,1,1,1
1056,5,1930,969,106,313,1,1,1
1057,5,1929,971,108,314,1,1,1
1058,5,1928,972,109,314,1,1,1
1059,5,1927,973,110,314,1,1,1
1060,5,1927,973,110,314,1,1,1
1061,5,1925,974,111,313,1,1,1
1062,5,1925,975,112,316,1,1,1
1063,5,1925,976,111,318,1,1,1
1064,5,1924,977,112,320,1,1,1
1065,5,1924,978,111,322,1,1,1
1066,5,1923,979,111,323,1,1,1
1067,5,1922,979,113,324,1,1,1
1068,5,1920,979,116,325,1,1,1
1069,5,1918,979,118,326,1,1,1
1070,5,1917,978,120,328,1,1,1
1071,5,1915,978,122,328,1,1,1
1072,5,1915,978,124,330,1,1,1
1073,5,1914,978,127,331,1,1,1
1074,5,1914,978,129,332,1,1,1
1075,5,1913,978,132,333,1,1,1
1076,5,1912,978,134,333,1,1,1
1077,5,1912,979,134,334,1,1,1
1078,5,1912,979,134,336,1,1,1
1079,5,1912,980,133,336,1,1,1
1080,5,1911,980,134,338,1,1,1
1081,5,1911,980,133,338,1,1,1
1082,5,1913,981,130,340,1,1,1
1083,5,1914,981,128,342,1,1,1
1084,5,1916,981,126,344,1,1,1
1085,5,1917,981,124,345,1,1,1
1086,5,1918,981,120,346,1,1,1
1087,5,1920,981,120,349,1,1,1
1088,5,1922,982,118,350,1,1,1
1089,5,1923,982,118,352,1,1,1
1090,5,1924,982,117,354,1,1,1
1091,5,1925,982,115,355,1,1,1
1092,5,1926,981,116,356,1,1,1
1093,5,1926,979,116,357,1,1,1
1094,5,1927,978,115,357,1,1,1
1095,5,1927,976,115,358,1,1,1
1096,5,1927,975,114,358,1,1,1
1097,5,1925,976,115,357,1,1,1
1098,5,1924,978,114,355,1,1,1
1099,5,1922,979,113,354,1,1,1
1100,5,1920,980,113,353,1,1,1
1101,5,1918,981,112,352,1,1,1
1102,5,1918,981,115,353,1,1,1
1103,5,1917,980,117,355,1,1,1
1104,5,1916,980,119,356,1,1,1
1105,5,1915,980,121,357,1,1,1
1106,5,1914,979,122,358,1,1,1
1107,5,1912,980,126,359,1,1,1
1108,5,1910,980,128,361,1,1,1
1109,5,1908,980,130,362,1,1,1
1110,5,1906,981,132,363,1,1,1
1111,5,1904,981,133,364,1,1,1
1112,5,1901,980,134,365,1,1,1
1113,5,1898,980,134,365,1,1,1
1114,5,1894,979,135,366,1,1,1
1115,5,1891,978,135,366,1,1,1
1116,5,1887,977,135,366,1,1,1
1117,5,1882,976,135,368,1,1,1
1118,5,1877,976,134,368,1,1,1
1119,5,1871,975,135,370,1,1,1
1120,5,1866,974,134,371,1,1,1
1121,5,1860,973,133,371,1,1,1
1122,5,1856,973,131,373,1,1,1
1123,5,1851,973,130,374,1,1,1
1124,5,1847,973,127,375,1,1,1
1125,5,1842,972,125,376,1,1,1
1126,5,1837,971,122,377,1,1,1
1127,5,1830,973,130,376,1,1,1
1128,5,1822,973,137,376,1,1,1
1129,5,1814,974,144,375,1,1,1
1130,5,1806,974,151,375,1,1,1
1131,5,1798,975,158,374,1,1,1
1132,5,1798,974,157,375,1,1,1
1133,5,1799,972,154,377,1,1,1
1134,5,1799,971,152,378,1,1,1
1135,5,1799,970,150,379,1,1,1
1136,5,1798,968,148,380,1,1,1
1137,5,1796,968,141,381,1,1,1
1138,5,1792,967,135,381,1,1,1
1139,5,1789,967,128,381,1,1,1
1140,5,1786,966,121,382,1,1,1
1141,5,1782,965,114,381,1,1,1
1142,5,1774,966,118,381,1,1,1
1143,5,1766,966,121,381,1,1,1
1144,5,1757,967,125,381,1,1,1
1145,5,1749,967,128,381,1,1,1
1146,5,1740,968,132,380,1,1,1
1147,5,1731,969,141,379,1,1,1
1148,5,1722,970,150,378,1,1,1
1149,5,1712,971,160,377,1,1,1
1150,5,1703,971,169,377,1,1,1
1151,5,1693,972,177,376,1,1,1
1152,5,1693,972,177,377,1,1,1
1153,5,1693,972,176,376,1,1,1
1154,5,1692,972,176,376,1,1,1
1155,5,1691,972,175,376,1,1,1
1156,5,1690,972,174,375,1,1,1
1157,5,1689,972,165,375,1,1,1
1158,5,1687,973,156,373,1,1,1
1159,5,1685,973,147,372,1,1,1
1160,5,1683,973,138,371,1,1,1
1161,5,1680,973,129,370,1,1,1
1162,5,1674,974,125,370,1,1,1
1163,5,1668,974,119,371,1,1,1
1164,5,1661,974,114,371,1,1,1
1165,5,1655,975,109,371,1,1,1
1166,5,1648,975,103,371,1,1,1
1167,5,1637,975,115,370,1,1,1
1168,5,1626,975,127,368,1,1,1
1169,5,1616,975,137,366,1,1,1
1170,5,1605,975,149,364,1,1,1
1171,5,1593,975,160,362,1,1,1
1172,5,1591,975,162,361,1,1,1
1173,5,1588,974,165,361,1,1,1
1174,5,1585,974,167,360,1,1,1
1175,5,1582,973,169,360,1,1,1
1176,5,1579,972,170,358,1,1,1
1177,5,1571,972,173,360,1,1,1
1178,5,1563,971,175,362,1,1,1
1179,5,1554,970,177,364,1,1,1
1180,5,1546,970,179,365,1,1,1
1181,5,1537,968,181,366,1,1,1
1182,5,1534,968,174,366,1,1,1
1183,5,1530,967,166,366,1,1,1
1184,5,1526,966,159,366,1,1,1
1185,5,1523,965,151,365,1,1,1
1186,5,1518,964,143,364,1,1,1
1187,5,1520,964,139,363,1,1,1
1188,5,1521,964,135,361,1,1,1
1189,5,1523,963,129,360,1,1,1
1190,5,1524,963,125,358,1,1,1
1191,5,1525,962,120,356,1,1,1
1192,5,1518,964,127,356,1,1,1
1193,5,1510,965,133,356,1,1,1
1194,5,1503,966,139,357,1,1,1
1195,5,1496,967,145,357,1,1,1
1196,5,1488,967,151,357,1,1,1
1197,5,1482,967,157,357,1,1,1
1198,5,1476,966,161,358,1,1,1
1199,5,1469,966,167,357,1,1,1
1200,5,1463,965,171,358,1,1,1
1201,5,1456,964,175,357,1,1,1
1202,5,1460,964,166,356,1,1,1
1203,5,1463,964,156,354,1,1,1
1204,5,1466,964,146,352,1,1,1
1205,5,1470,964,135,351,1,1,1
1206,5,1472,963,125,349,1,1,1
1221,5,1437,968,123,346,1,1,1
1222,5,1437,968,122,347,1,1,1
1223,5,1436,968,120,346,1,1,1
1224,5,1436,968,117,346,1,1,1
1225,5,1435,968,116,346,1,1,1
1226,5,1434,968,114,345,1,1,1
1227,5,1435,968,113,345,1,1,1
1228,5,1436,968,112,345,1,1,1
1229,5,1437,968,111,345,1,1,1
1230,5,1438,968,110,345,1,1,1
1231,5,1439,968,108,344,1,1,1
1232,5,1438,968,110,345,1,1,1
1233,5,1436,967,112,347,1,1,1
1234,5,1435,967,113,348,1,1,1
1235,5,1433,966,115,350,1,1,1
1236,5,1431,965,115,350,1,1,1
1237,5,1432,966,116,351,1,1,1
1238,5,1432,967,117,351,1,1,1
1239,5,1432,967,117,352,1,1,1
1240,5,1432,967,118,353,1,1,1
1241,5,1431,967,118,352,1,1,1
1242,5,1435,969,115,352,1,1,1
1243,5,1438,970,112,351,1,1,1
1244,5,1441,971,109,351,1,1,1
1245,5,1444,972,107,350,1,1,1
1246,5,1446,972,104,350,1,1,1
1247,5,1443,972,107,350,1,1,1
1248,5,1440,972,108,350,1,1,1
1249,5,1437,971,110,351,1,1,1
1250,5,1434,971,112,350,1,1,1
1251,5,1430,970,114,350,1,1,1
1252,5,1429,971,115,350,1,1,1
1253,5,1427,971,116,350,1,1,1
1254,5,1426,971,117,350,1,1,1
1255,5,1424,971,118,350,1,1,1
1256,5,1422,971,118,350,1,1,1
1257,5,1415,972,127,350,1,1,1
1258,5,1407,973,135,350,1,1,1
1259,5,1399,974,144,349,1,1,1
1260,5,1391,974,152,350,1,1,1
1261,5,1383,975,160,349,1,1,1
1262,5,1383,975,160,349,1,1,1
1263,5,1382,975,161,348,1,1,1
1264,5,1381,975,162,347,1,1,1
1265,5,1381,974,162,347,1,1,1
1266,5,1379,974,162,345,1,1,1
1267,5,1378,974,160,346,1,1,1
1268,5,1377,974,157,347,1,1,1
1269,5,1375,973,155,348,1,1,1
1270,5,1374,973,152,348,1,1,1
1271,5,1372,972,149,349,1,1,1
1272,5,1370,973,142,350,1,1,1
1273,5,1367,973,135,352,1,1,1
1274,5,1365,974,127,352,1,1,1
1275,5,1362,974,120,354,1,1,1
1276,5,1360,974,112,354,1,1,1
1277,5,1356,975,110,356,1,1,1
1278,5,1353,975,107,358,1,1,1
1279,5,1349,975,105,359,1,1,1
1280,5,1345,975,104,361,1,1,1
1281,5,1341,974,101,362,1,1,1
1282,5,1332,976,110,362,1,1,1
1283,5,1323,977,119,361,1,1,1
1284,5,1313,978,129,361,1,1,1
1285,5,1304,979,138,360,1,1,1
1286,5,1294,980,146,360,1,1,1
1287,5,1291,980,150,362,1,1,1
1288,5,1288,981,152,363,1,1,1
1289,5,1285,981,154,365,1,1,1
1290,5,1281,981,158,367,1,1,1
1291,5,1278,981,159,368,1,1,1
1292,5,1278,980,155,371,1,1,1
1293,5,1278,979,150,372,1,1,1
1294,5,1277,978,146,373,1,1,1
1295,5,1277,977,142,374,1,1,1
1296,5,1277,975,136,375,1,1,1
1297,5,1272,975,129,377,1,1,1
1298,5,1268,975,121,377,1,1,1
1299,5,1263,974,113,378,1,1,1
1300,5,1259,974,104,379,1,1,1
1301,5,1254,973,96,379,1,1,1
1302,5,1243,975,105,378,1,1,1
1303,5,1232,976,113,378,1,1,1
1304,5,1222,977,120,378,1,1,1
1305,5,1211,979,128,376,1,1,1
1306,5,1200,980,136,376,1,1,1
1307,5,1191,980,145,376,1,1,1
1308,5,1181,979,154,378,1,1,1
1309,5,1172,979,163,378,1,1,1
1310,5,1163,978,172,379,1,1,1
1311,5,1153,977,180,379,1,1,1
1312,5,1152,977,182,380,1,1,1
1313,5,1150,977,183,379,1,1,1
1314,5,1148,977,185,378,1,1,1
1315,5,1146,976,187,378,1,1,1
1316,5,1143,975,188,377,1,1,1
1317,5,1144,975,179,378,1,1,1
1318,5,1144,973,169,380,1,1,1
1319,5,1144,972,160,381,1,1,1
1320,5,1144,971,151,382,1,1,1
1321,5,1144,969,141,384,1,1,1
1322,5,1140,969,132,385,1,1,1
1323,5,1136,969,122,385,1,1,1
1324,5,1132,969,113,386,1,1,1
1325,5,1128,968,103,387,1,1,1
1326,5,1123,968,93,387,1,1,1
1327,5,1106,968,110,387,1,1,1
1328,5,1088,969,127,385,1,1,1
1329,5,1070,969,144,384,1,1,1
1330,5,1052,969,161,383,1,1,1
1331,5,1034,969,177,381,1,1,1
1332,5,1031,970,181,380,1,1,1
1333,5,1027,971,185,379,1,1,1
1334,5,1023,972,189,377,1,1,1
1335,5,1019,973,193,376,1,1,1
1336,5,1014,973,196,374,1,1,1
1337,5,1015,972,190,376,1,1,1
1338,5,1015,971,183,377,1,1,1
1339,5,1015,970,176,377,1,1,1
1340,5,1015,969,169,378,1,1,1
1341,5,1014,968,162,378,1,1,1
1342,5,1015,968,149,379,1,1,1
1343,5,1015,967,136,379,1,1,1
1344,5,1015,967,123,379,1,1,1
1345,5,1015,967,110,379,1,1,1
1346,5,1014,966,97,379,1,1,1
1347,5,1007,966,101,380,1,1,1
1348,5,999,966,105,380,1,1,1
1349,5,991,965,109,381,1,1,1
1350,5,983,965,113,381,1,1,1
802,8,832,996,57,196,1,1,1
803,8,835,997,58,195,1,1,1
804,8,839,997,57,195,1,1,1
805,8,842,997,58,195,1,1,1
806,8,845,997,57,193,1,1,1
807,8,848,998,58,194,1,1,1
808,8,851,999,58,193,1,1,1
809,8,854,999,58,193,1,1,1
810,8,856,1000,58,192,1,1,1
811,8,859,1000,57,191,1,1,1
812,8,861,1001,58,191,1,1,1
813,8,862,1001,59,191,1,1,1
814,8,863,1002,60,190,1,1,1
815,8,865,1002,60,191,1,1,1
816,8,866,1002,60,190,1,1,1
817,8,866,1002,61,191,1,1,1
818,8,866,1001,61,192,1,1,1
819,8,866,1000,62,193,1,1,1
820,8,867,1000,61,193,1,1,1
821,8,866,998,61,194,1,1,1
822,8,866,999,62,194,1,1,1
823,8,866,998,61,195,1,1,1
824,8,865,998,62,195,1,1,1
825,8,865,998,61,194,1,1,1
826,8,864,997,61,194,1,1,1
827,8,865,998,60,194,1,1,1
828,8,866,998,58,194,1,1,1
829,8,867,998,56,194,1,1,1
830,8,867,998,55,194,1,1,1
831,8,868,998,53,193,1,1,1
896,8,879,985,54,154,1,1,1
961,8,869,1002,60,193,1,1,1
962,8,871,1002,60,194,1,1,1
963,8,872,1003,60,193,1,1,1
964,8,872,1003,61,193,1,1,1
965,8,873,1003,61,193,1,1,1
966,8,874,1003,60,192,1,1,1
967,8,875,1004,60,192,1,1,1
968,8,876,1004,59,191,1,1,1
969,8,877,1004,58,191,1,1,1
970,8,877,1004,58,191,1,1,1
971,8,878,1004,56,190,1,1,1
972,8,878,1004,58,191,1,1,1
973,8,878,1005,58,191,1,1,1
974,8,878,1005,59,191,1,1,1
975,8,878,1005,59,192,1,1,1
976,8,878,1005,60,192,1,1,1
977,8,878,1006,60,192,1,1,1
978,8,879,1006,60,192,1,1,1
979,8,879,1007,60,192,1,1,1
980,8,880,1007,60,192,1,1,1
981,8,880,1007,59,191,1,1,1
982,8,881,1008,60,192,1,1,1
983,8,881,1009,61,192,1,1,1
984,8,882,1009,61,192,1,1,1
985,8,883,1010,61,192,1,1,1
986,8,883,1009,62,192,1,1,1
987,8,884,1010,62,192,1,1,1
988,8,885,1010,61,192,1,1,1
989,8,885,1010,61,192,1,1,1
990,8,886,1010,60,192,1,1,1
991,8,886,1010,59,191,1,1,1
992,8,886,1011,59,192,1,1,1
993,8,885,1010,60,193,1,1,1
994,8,885,1010,59,193,1,1,1
995,8,884,1010,60,194,1,1,1
996,8,883,1010,60,193,1,1,1
997,8,883,1010,60,193,1,1,1
998,8,883,1010,60,193,1,1,1
999,8,883,1009,60,193,1,1,1
1000,8,883,1009,59,192,1,1,1
1001,8,883,1008,58,191,1,1,1
1002,8,882,1008,59,191,1,1,1
1003,8,882,1007,59,191,1,1,1
1004,8,881,1007,59,190,1,1,1
1005,8,880,1007,60,190,1,1,1
1006,8,879,1006,60,189,1,1,1
1007,8,880,1005,60,190,1,1,1
1008,8,882,1005,59,189,1,1,1
1009,8,883,1004,59,189,1,1,1
1010,8,884,1003,59,190,1,1,1
1011,8,885,1002,58,189,1,1,1
1012,8,885,1002,59,189,1,1,1
1013,8,885,1002,59,188,1,1,1
1014,8,884,1002,60,187,1,1,1
1015,8,884,1002,60,186,1,1,1
1016,8,883,1002,60,185,1,1,1
1017,8,884,1001,60,186,1,1,1
1018,8,885,999,59,188,1,1,1
1019,8,885,998,59,188,1,1,1
1020,8,886,997,58,189,1,1,1
1021,8,886,995,57,190,1,1,1
1022,8,887,995,58,190,1,1,1
1023,8,887,995,58,190,1,1,1
1024,8,887,994,58,190,1,1,1
1025,8,887,994,58,190,1,1,1
1026,8,887,993,57,189,1,1,1
1027,8,887,993,58,189,1,1,1
1028,8,888,991,57,190,1,1,1
1029,8,888,990,56,190,1,1,1
1030,8,888,989,56,190,1,1,1
1031,8,887,987,55,190,1,1,1
1032,8,888,988,55,190,1,1,1
1033,8,888,987,55,190,1,1,1
1034,8,888,987,55,190,1,1,1
1035,8,888,987,55,189,1,1,1
1036,8,887,986,55,189,1,1,1
1037,8,887,987,56,189,1,1,1
1038,8,887,986,56,190,1,1,1
1039,8,887,986,56,191,1,1,1
1040,8,886,986,57,191,1,1,1
1041,8,885,985,57,191,1,1,1
1042,8,886,984,58,194,1,1,1
1043,8,886,983,59,195,1,1,1
1044,8,887,982,59,196,1,1,1
1045,8,887,980,60,199,1,1,1
1046,8,887,979,60,200,1,1,1
1047,8,887,980,60,198,1,1,1
1048,8,887,980,59,197,1,1,1
1049,8,887,981,58,195,1,1,1
1050,8,887,981,57,194,1,1,1
1051,8,887,981,56,192,1,1,1
1052,8,887,982,57,192,1,1,1
1053,8,886,982,59,191,1,1,1
1054,8,885,982,60,190,1,1,1
1055,8,884,981,62,190,1,1,1
1056,8,883,981,62,188,1,1,1
1057,8,884,981,63,190,1,1,1
1058,8,885,981,63,192,1,1,1
1059,8,885,981,64,193,1,1,1
1060,8,886,981,64,194,1,1,1
1061,8,886,981,65,195,1,1,1
1062,8,886,982,63,194,1,1,1
1063,8,886,982,61,193,1,1,1
1064,8,886,983,60,191,1,1,1
1065,8,886,983,58,190,1,1,1
1066,8,886,983,55,188,1,1,1
1067,8,887,985,57,189,1,1,1
1068,8,887,987,58,189,1,1,1
1069,8,888,988,59,190,1,1,1
1070,8,889,989,60,191,1,1,1
1071,8,889,990,61,190,1,1,1
1072,8,889,990,62,192,1,1,1
1073,8,889,990,62,192,1,1,1
1074,8,889,990,62,192,1,1,1
1075,8,889,989,63,193,1,1,1
1076,8,888,988,62,193,1,1,1
1077,8,889,989,63,193,1,1,1
1078,8,889,990,63,192,1,1,1
1079,8,888,990,64,192,1,1,1
1080,8,888,990,64,192,1,1,1
1081,8,887,990,63,190,1,1,1
1082,8,888,991,64,191,1,1,1
1083,8,889,992,63,190,1,1,1
1084,8,889,992,64,191,1,1,1
1085,8,889,992,64,191,1,1,1
1086,8,889,992,63,190,1,1,1
1087,8,891,992,63,191,1,1,1
1088,8,892,992,62,190,1,1,1
1089,8,892,992,63,190,1,1,1
1090,8,893,992,63,189,1,1,1
1091,8,894,991,62,188,1,1,1
1092,8,894,991,62,190,1,1,1
1093,8,894,990,62,191,1,1,1
1094,8,894,989,61,192,1,1,1
1095,8,894,988,61,193,1,1,1
1096,8,893,987,60,193,1,1,1
1097,8,893,988,59,194,1,1,1
1098,8,891,988,59,194,1,1,1
1099,8,890,989,58,193,1,1,1
1100,8,889,989,57,194,1,1,1
1101,8,887,989,56,193,1,1,1
1102,8,888,990,56,194,1,1,1
1103,8,888,990,57,194,1,1,1
1104,8,888,991,57,194,1,1,1
1105,8,888,991,57,194,1,1,1
1106,8,887,991,58,193,1,1,1
1107,8,888,992,59,193,1,1,1
1108,8,888,992,60,193,1,1,1
1109,8,888,992,62,193,1,1,1
1110,8,888,992,63,193,1,1,1
1111,8,887,991,64,193,1,1,1
1112,8,887,991,65,194,1,1,1
1113,8,887,991,64,194,1,1,1
1114,8,886,990,65,195,1,1,1
1115,8,886,990,64,195,1,1,1
1116,8,885,989,64,195,1,1,1
1117,8,885,990,64,196,1,1,1
1118,8,884,990,64,196,1,1,1
1119,8,884,991,62,195,1,1,1
1120,8,883,991,62,195,1,1,1
1121,8,882,991,61,194,1,1,1
1122,8,881,991,61,195,1,1,1
1123,8,880,991,61,194,1,1,1
1124,8,879,991,60,194,1,1,1
1125,8,878,990,60,194,1,1,1
1126,8,876,990,59,193,1,1,1
1127,8,876,990,60,193,1,1,1
1128,8,876,990,60,194,1,1,1
1129,8,876,991,59,193,1,1,1
1130,8,876,991,59,193,1,1,1
1131,8,876,990,58,193,1,1,1
1132,8,877,990,59,194,1,1,1
1133,8,879,990,58,193,1,1,1
1134,8,880,989,58,194,1,1,1
1135,8,881,988,59,195,1,1,1
1136,8,881,987,59,194,1,1,1
1137,8,883,988,59,194,1,1,1
1138,8,884,988,59,194,1,1,1
1139,8,885,989,58,192,1,1,1
1140,8,885,989,59,192,1,1,1
1141,8,886,989,58,191,1,1,1
1142,8,886,989,58,192,1,1,1
1143,8,885,989,58,193,1,1,1
1144,8,884,990,58,193,1,1,1
1145,8,883,990,58,193,1,1,1
1146,8,882,990,58,194,1,1,1
1147,8,882,990,59,194,1,1,1
1148,8,883,991,59,193,1,1,1
1149,8,883,991,60,193,1,1,1
1150,8,883,991,61,192,1,1,1
1151,8,883,991,61,191,1,1,1
1152,8,884,992,61,192,1,1,1
1153,8,884,993,62,191,1,1,1
1154,8,884,994,62,191,1,1,1
1155,8,884,995,62,191,1,1,1
1156,8,884,995,62,190,1,1,1
1157,8,883,996,63,191,1,1,1
1158,8,882,997,63,191,1,1,1
1159,8,881,998,63,190,1,1,1
1160,8,881,999,62,190,1,1,1
1161,8,879,1000,62,189,1,1,1
1162,8,879,1000,63,190,1,1,1
1163,8,879,1000,63,191,1,1,1
1164,8,879,999,62,192,1,1,1
1165,8,879,999,62,192,1,1,1
1166,8,878,999,62,192,1,1,1
1167,8,879,998,62,193,1,1,1
1168,8,880,997,60,194,1,1,1
1169,8,880,996,60,194,1,1,1
1170,8,881,995,59,195,1,1,1
1171,8,881,993,58,195,1,1,1
1172,8,880,995,60,194,1,1,1
1173,8,879,995,61,193,1,1,1
1174,8,878,996,62,191,1,1,1
1175,8,876,997,64,189,1,1,1
1176,8,875,997,64,187,1,1,1
1177,8,876,997,63,189,1,1,1
1178,8,877,996,62,190,1,1,1
1179,8,878,995,60,192,1,1,1
1180,8,878,995,60,192,1,1,1
1181,8,879,993,58,193,1,1,1
1182,8,878,993,60,194,1,1,1
1183,8,877,993,61,193,1,1,1
1184,8,875,993,63,192,1,1,1
1185,8,874,992,64,192,1,1,1
1186,8,872,991,64,191,1,1,1
1187,8,873,990,65,192,1,1,1
1188,8,873,988,65,194,1,1,1
1189,8,873,987,66,194,1,1,1
1190,8,873,985,66,195,1,1,1
1191,8,872,983,66,195,1,1,1
1192,8,873,984,67,196,1,1,1
1193,8,874,984,66,196,1,1,1
1194,8,874,985,67,195,1,1,1
1195,8,875,985,66,196,1,1,1
1196,8,875,985,66,195,1,1,1
1197,8,876,986,65,194,1,1,1
1198,8,876,986,64,194,1,1,1
1199,8,877,986,63,193,1,1,1
1200,8,877,986,62,193,1,1,1
1201,8,878,985,60,192,1,1,1
1202,8,878,985,60,193,1,1,1
1203,8,878,985,60,192,1,1,1
1204,8,878,984,60,193,1,1,1
1205,8,878,984,60,192,1,1,1
1206,8,877,983,60,192,1,1,1
1207,8,877,983,60,192,1,1,1
1208,8,877,983,60,192,1,1,1
1209,8,877,983,60,192,1,1,1
1210,8,877,983,60,192,1,1,1
1211,8,876,982,60,191,1,1,1
1212,8,877,983,60,192,1,1,1
1213,8,878,983,60,192,1,1,1
1214,8,878,983,61,192,1,1,1
1215,8,879,983,60,193,1,1,1
1216,8,879,983,60,192,1,1,1
1217,8,879,984,62,192,1,1,1
1218,8,880,984,61,192,1,1,1
1219,8,880,984,62,192,1,1,1
1220,8,880,984,62,193,1,1,1
1221,8,880,984,62,192,1,1,1
1222,8,881,984,61,192,1,1,1
1223,8,881,984,61,192,1,1,1
1224,8,881,983,61,192,1,1,1
1225,8,881,983,61,192,1,1,1
1226,8,880,982,61,191,1,1,1
1227,8,880,982,62,192,1,1,1
1228,8,880,982,61,192,1,1,1
1229,8,880,982,61,192,1,1,1
1230,8,879,982,62,191,1,1,1
1231,8,879,982,61,190,1,1,1
1232,8,880,983,61,191,1,1,1
1233,8,880,984,60,191,1,1,1
1234,8,880,984,60,192,1,1,1
1235,8,880,985,60,192,1,1,1
1236,8,880,985,59,191,1,1,1
1237,8,881,986,60,192,1,1,1
1238,8,881,987,60,192,1,1,1
1239,8,881,988,61,191,1,1,1
1240,8,881,988,61,192,1,1,1
1241,8,880,988,62,191,1,1,1
1242,8,881,989,62,192,1,1,1
1243,8,882,988,61,193,1,1,1
1244,8,882,988,61,193,1,1,1
1245,8,883,988,60,193,1,1,1
1246,8,883,987,59,193,1,1,1
1247,8,883,988,60,193,1,1,1
1248,8,883,988,61,193,1,1,1
1249,8,883,988,61,192,1,1,1
1250,8,883,988,61,192,1,1,1
1251,8,883,988,61,191,1,1,1
1252,8,883,988,61,192,1,1,1
1253,8,883,988,61,192,1,1,1
1254,8,882,988,62,193,1,1,1
1255,8,882,988,61,193,1,1,1
1256,8,881,987,61,193,1,1,1
1257,8,882,987,62,194,1,1,1
1258,8,883,987,61,194,1,1,1
1259,8,883,987,62,193,1,1,1
1260,8,884,987,61,193,1,1,1
1261,8,883,986,61,192,1,1,1
1262,8,884,987,61,192,1,1,1
1263,8,884,987,61,192,1,1,1
1264,8,884,987,60,191,1,1,1
1265,8,883,987,61,191,1,1,1
1266,8,883,986,60,190,1,1,1
1267,8,884,986,59,191,1,1,1
1268,8,884,986,59,191,1,1,1
1269,8,885,985,58,192,1,1,1
1270,8,885,985,58,191,1,1,1
1271,8,885,984,57,192,1,1,1
1272,8,885,985,58,192,1,1,1
1273,8,885,986,58,192,1,1,1
1274,8,885,987,59,192,1,1,1
1275,8,884,988,60,192,1,1,1
1276,8,884,989,60,192,1,1,1
1277,8,884,989,60,192,1,1,1
1278,8,885,989,58,192,1,1,1
1279,8,885,989,58,192,1,1,1
1280,8,885,988,58,192,1,1,1
1281,8,885,988,57,192,1,1,1
1282,8,885,988,57,192,1,1,1
1283,8,884,989,57,191,1,1,1
1284,8,883,989,57,191,1,1,1
1285,8,882,989,57,191,1,1,1
1286,8,881,989,57,190,1,1,1
1287,8,881,989,58,191,1,1,1
1288,8,881,989,59,191,1,1,1
1289,8,881,990,59,190,1,1,1
1290,8,881,990,60,190,1,1,1
1291,8,880,989,60,190,1,1,1
1292,8,881,990,60,190,1,1,1
1293,8,881,990,60,190,1,1,1
1294,8,882,990,59,190,1,1,1
1295,8,882,991,59,189,1,1,1
1296,8,882,990,58,189,1,1,1
1297,8,883,991,58,190,1,1,1
1298,8,883,991,58,190,1,1,1
1299,8,883,991,58,191,1,1,1
1300,8,883,991,58,191,1,1,1
1301,8,882,990,58,191,1,1,1
1302,8,882,992,59,191,1,1,1
1303,8,882,992,58,191,1,1,1
1304,8,882,993,58,190,1,1,1
1305,8,882,994,57,189,1,1,1
1306,8,881,994,57,188,1,1,1
1307,8,881,994,58,188,1,1,1
1308,8,882,993,57,189,1,1,1
1309,8,882,992,57,190,1,1,1
1310,8,882,992,57,190,1,1,1
1311,8,881,990,57,190,1,1,1
1312,8,882,990,58,191,1,1,1
1313,8,882,989,58,191,1,1,1
1314,8,882,987,59,192,1,1,1
1315,8,882,986,59,192,1,1,1
1316,8,881,985,59,191,1,1,1
1317,8,882,985,60,191,1,1,1
1318,8,882,985,60,191,1,1,1
1319,8,882,984,61,191,1,1,1
1320,8,882,984,61,190,1,1,1
1321,8,882,984,61,189,1,1,1
1322,8,883,984,60,190,1,1,1
1323,8,883,983,59,191,1,1,1
1324,8,884,983,57,192,1,1,1
1325,8,884,983,57,193,1,1,1
1326,8,884,982,55,193,1,1,1
1327,8,883,983,56,193,1,1,1
1328,8,882,983,57,193,1,1,1
1329,8,882,983,57,192,1,1,1
1330,8,881,984,58,191,1,1,1
1331,8,880,984,58,190,1,1,1
1332,8,881,983,58,191,1,1,1
1333,8,881,983,59,190,1,1,1
1334,8,882,982,59,191,1,1,1
1335,8,882,981,60,191,1,1,1
1336,8,882,980,59,190,1,1,1
1337,8,883,980,60,191,1,1,1
1338,8,883,980,60,192,1,1,1
1339,8,884,980,59,192,1,1,1
1340,8,884,980,59,192,1,1,1
1341,8,884,980,58,192,1,1,1
1342,8,883,980,59,191,1,1,1
1343,8,883,980,59,191,1,1,1
1344,8,882,980,60,190,1,1,1
1345,8,882,979,60,190,1,1,1
1346,8,881,979,60,189,1,1,1
1347,8,881,979,60,191,1,1,1
1348,8,881,979,60,191,1,1,1
1349,8,881,979,59,192,1,1,1
1350,8,881,979,59,193,1,1,1
802,10,1795,998,58,175,1,1,1
803,10,1799,999,58,175,1,1,1
804,10,1802,999,59,177,1,1,1
805,10,1806,1000,59,177,1,1,1
806,10,1809,1001,59,177,1,1,1
807,10,1813,1002,59,177,1,1,1
808,10,1816,1003,59,177,1,1,1
809,10,1819,1004,59,177,1,1,1
810,10,1822,1005,59,177,1,1,1
811,10,1825,1005,59,177,1,1,1
812,10,1827,1006,59,178,1,1,1
813,10,1829,1006,59,179,1,1,1
814,10,1830,1006,60,180,1,1,1
815,10,1832,1007,59,179,1,1,1
816,10,1833,1007,59,180,1,1,1
817,10,1834,1007,60,181,1,1,1
818,10,1834,1007,60,181,1,1,1
819,10,1834,1007,61,181,1,1,1
820,10,1834,1007,62,182,1,1,1
821,10,1834,1007,62,182,1,1,1
822,10,1834,1007,62,182,1,1,1
823,10,1834,1007,62,182,1,1,1
824,10,1833,1006,62,182,1,1,1
825,10,1833,1006,62,182,1,1,1
826,10,1832,1006,62,181,1,1,1
827,10,1833,1006,62,182,1,1,1
828,10,1833,1006,62,182,1,1,1
829,10,1833,1007,62,181,1,1,1
830,10,1834,1007,62,181,1,1,1
831,10,1834,1006,61,181,1,1,1
832,10,1836,1006,61,182,1,1,1
833,10,1837,1006,61,181,1,1,1
834,10,1838,1006,61,181,1,1,1
835,10,1839,1005,61,181,1,1,1
836,10,1840,1004,60,180,1,1,1
837,10,1842,1005,59,180,1,1,1
838,10,1843,1005,59,180,1,1,1
839,10,1844,1005,59,180,1,1,1
840,10,1845,1005,59,180,1,1,1
841,10,1846,1004,58,180,1,1,1
842,10,1845,1004,60,181,1,1,1
843,10,1844,1004,62,181,1,1,1
844,10,1844,1003,62,182,1,1,1
845,10,1843,1003,63,181,1,1,1
846,10,1841,1002,64,182,1,1,1
847,10,1840,1002,65,182,1,1,1
848,10,1839,1001,65,182,1,1,1
849,10,1837,1001,66,181,1,1,1
850,10,1836,1000,65,182,1,1,1
851,10,1834,1000,65,180,1,1,1
852,10,1834,1000,65,180,1,1,1
853,10,1833,999,65,181,1,1,1
854,10,1832,999,64,181,1,1,1
855,10,1832,998,63,181,1,1,1
856,10,1830,997,63,180,1,1,1
857,10,1831,998,64,180,1,1,1
858,10,1831,998,64,180,1,1,1
859,10,1832,998,64,180,1,1,1
860,10,1832,998,64,180,1,1,1
861,10,1832,997,64,180,1,1,1
862,10,1833,999,65,180,1,1,1
863,10,1834,999,64,180,1,1,1
864,10,1835,1000,64,180,1,1,1
865,10,1835,1001,64,179,1,1,1
866,10,1836,1001,63,178,1,1,1
867,10,1836,1002,64,178,1,1,1
868,10,1837,1002,63,178,1,1,1
869,10,1837,1002,63,178,1,1,1
870,10,1837,1002,63,177,1,1,1
871,10,1837,1002,62,177,1,1,1
872,10,1838,1001,61,179,1,1,1
873,10,1838,1000,60,180,1,1,1
874,10,1838,1000,58,180,1,1,1
875,10,1838,999,57,182,1,1,1
876,10,1837,997,56,183,1,1,1
877,10,1836,998,58,183,1,1,1
878,10,1835,997,60,183,1,1,1
879,10,1834,997,61,183,1,1,1
880,10,1833,996,62,184,1,1,1
881,10,1831,995,64,183,1,1,1
882,10,1832,996,65,182,1,1,1
883,10,1832,997,66,181,1,1,1
884,10,1832,997,68,180,1,1,1
885,10,1833,998,68,178,1,1,1
886,10,1833,997,68,177,1,1,1
887,10,1835,998,67,178,1,1,1
888,10,1837,997,64,180,1,1,1
889,10,1838,997,63,181,1,1,1
890,10,1840,996,60,182,1,1,1
891,10,1841,995,58,183,1,1,1
892,10,1840,995,61,183,1,1,1
893,10,1838,994,64,182,1,1,1
894,10,1835,993,68,181,1,1,1
895,10,1833,993,70,179,1,1,1
896,10,1831,991,72,179,1,1,1
897,10,1830,992,73,179,1,1,1
898,10,1829,993,73,178,1,1,1
899,10,1828,993,72,178,1,1,1
900,10,1826,993,73,178,1,1,1
901,10,1825,993,72,177,1,1,1
902,10,1826,993,71,178,1,1,1
903,10,1827,993,68,178,1,1,1
904,10,1828,993,66,178,1,1,1
905,10,1828,992,65,179,1,1,1
906,10,1829,991,62,179,1,1,1
907,10,1830,990,63,181,1,1,1
908,10,1830,989,64,181,1,1,1
909,10,1830,988,65,182,1,1,1
910,10,1831,986,65,184,1,1,1
911,10,1831,985,66,185,1,1,1
912,10,1832,986,65,183,1,1,1
913,10,1834,988,63,181,1,1,1
914,10,1835,989,63,179,1,1,1
915,10,1836,990,62,177,1,1,1
916,10,1837,991,60,175,1,1,1
931,10,1838,997,60,180,1,1,1
932,10,1838,997,62,182,1,1,1
933,10,1837,997,64,182,1,1,1
934,10,1837,997,65,182,1,1,1
935,10,1836,997,66,182,1,1,1
936,10,1835,996,67,182,1,1,1
937,10,1835,997,67,182,1,1,1
938,10,1835,998,67,181,1,1,1
939,10,1835,998,66,181,1,1,1
940,10,1835,999,65,181,1,1,1
941,10,1834,998,64,180,1,1,1
942,10,1834,999,65,181,1,1,1
943,10,1834,1000,64,180,1,1,1
944,10,1833,1000,65,181,1,1,1
945,10,1833,1000,64,181,1,1,1
946,10,1832,1000,64,180,1,1,1
947,10,1832,1001,65,181,1,1,1
948,10,1832,1002,66,180,1,1,1
949,10,1832,1002,66,181,1,1,1
950,10,1832,1003,66,180,1,1,1
951,10,1832,1003,66,180,1,1,1
952,10,1833,1003,66,181,1,1,1
953,10,1833,1004,66,180,1,1,1
954,10,1833,1004,67,181,1,1,1
955,10,1833,1004,67,181,1,1,1
956,10,1833,1004,66,181,1,1,1
957,10,1834,1004,67,181,1,1,1
958,10,1835,1004,66,181,1,1,1
959,10,1835,1004,67,181,1,1,1
960,10,1836,1003,67,182,1,1,1
961,10,1836,1003,66,181,1,1,1
962,10,1837,1004,66,181,1,1,1
963,10,1838,1005,65,180,1,1,1
964,10,1838,1005,65,180,1,1,1
965,10,1839,1006,64,179,1,1,1
966,10,1839,1006,63,178,1,1,1
967,10,1840,1007,63,178,1,1,1
968,10,1840,1007,63,178,1,1,1
969,10,1841,1007,62,178,1,1,1
970,10,1841,1007,62,178,1,1,1
971,10,1841,1006,61,178,1,1,1
972,10,1842,1007,61,179,1,1,1
973,10,1842,1008,61,178,1,1,1
974,10,1842,1009,61,178,1,1,1
975,10,1842,1009,61,178,1,1,1
976,10,1842,1010,61,178,1,1,1
977,10,1843,1011,61,178,1,1,1
978,10,1843,1011,62,179,1,1,1
979,10,1844,1012,61,179,1,1,1
980,10,1844,1012,62,180,1,1,1
981,10,1845,1013,61,179,1,1,1
982,10,1846,1014,62,179,1,1,1
983,10,1846,1014,63,180,1,1,1
984,10,1847,1014,62,181,1,1,1
985,10,1847,1015,63,181,1,1,1
986,10,1847,1015,63,181,1,1,1
987,10,1848,1016,64,181,1,1,1
988,10,1849,1016,63,181,1,1,1
989,10,1850,1017,62,181,1,1,1
990,10,1851,1017,62,181,1,1,1
991,10,1851,1017,61,181,1,1,1
992,10,1851,1016,63,182,1,1,1
993,10,1850,1015,65,183,1,1,1
994,10,1849,1014,66,184,1,1,1
995,10,1849,1013,67,185,1,1,1
996,10,1847,1012,68,185,1,1,1
997,10,1847,1013,68,184,1,1,1
998,10,1845,1013,69,182,1,1,1
999,10,1844,1013,69,181,1,1,1
1000,10,1843,1013,69,180,1,1,1
1001,10,1841,1012,68,179,1,1,1
1026,10,1850,1004,55,177,1,1,1
1027,10,1851,1003,56,178,1,1,1
1028,10,1851,1002,58,178,1,1,1
1029,10,1851,1000,59,179,1,1,1
1030,10,1852,999,59,179,1,1,1
1031,10,1851,997,60,179,1,1,1
1032,10,1851,997,61,180,1,1,1
1033,10,1851,997,60,179,1,1,1
1034,10,1850,997,61,179,1,1,1
1035,10,1850,997,60,178,1,1,1
1036,10,1849,996,60,178,1,1,1
1037,10,1849,997,61,178,1,1,1
1038,10,1849,997,62,179,1,1,1
1039,10,1849,998,62,178,1,1,1
1040,10,1849,998,63,179,1,1,1
1041,10,1849,998,62,178,1,1,1
1042,10,1849,997,63,180,1,1,1
1043,10,1849,996,63,181,1,1,1
1044,10,1849,995,63,182,1,1,1
1045,10,1848,993,64,184,1,1,1
1046,10,1847,991,64,185,1,1,1
1047,10,1849,993,64,184,1,1,1
1048,10,1850,994,63,182,1,1,1
1049,10,1851,994,63,182,1,1,1
1050,10,1852,995,62,180,1,1,1
1051,10,1852,996,61,178,1,1,1
1052,10,1852,996,62,178,1,1,1
1053,10,1851,995,63,178,1,1,1
1054,10,1850,994,64,178,1,1,1
1055,10,1850,994,64,177,1,1,1
1056,10,1848,993,65,176,1,1,1
1057,10,1849,993,66,177,1,1,1
1058,10,1849,992,68,179,1,1,1
1059,10,1849,992,69,179,1,1,1
1060,10,1849,991,71,181,1,1,1
1061,10,1848,990,72,181,1,1,1
1062,10,1848,992,72,181,1,1,1
1063,10,1848,993,70,182,1,1,1
1064,10,1847,995,70,181,1,1,1
1065,10,1847,996,68,182,1,1,1
1066,10,1846,997,67,181,1,1,1
1067,10,1848,998,67,182,1,1,1
1068,10,1849,999,67,182,1,1,1
1069,10,1850,1000,68,182,1,1,1
1070,10,1851,1000,68,182,1,1,1
1071,10,1852,1000,67,182,1,1,1
1072,10,1853,1001,67,182,1,1,1
1073,10,1853,1000,67,183,1,1,1
1074,10,1853,1000,67,183,1,1,1
1075,10,1853,1000,67,183,1,1,1
1076,10,1853,1000,65,182,1,1,1
1077,10,1853,1001,66,182,1,1,1
1078,10,1853,1001,66,182,1,1,1
1079,10,1853,1002,65,181,1,1,1
1080,10,1853,1002,65,180,1,1,1
1081,10,1852,1002,64,179,1,1,1
1082,10,1853,1002,65,181,1,1,1
1083,10,1853,1002,65,181,1,1,1
1084,10,1853,1002,66,181,1,1,1
1085,10,1853,1001,66,182,1,1,1
1086,10,1853,1001,66,182,1,1,1
1087,10,1854,1002,66,182,1,1,1
1088,10,1854,1002,67,182,1,1,1
1089,10,1855,1003,66,181,1,1,1
1090,10,1856,1003,66,181,1,1,1
1091,10,1856,1003,65,180,1,1,1
1092,10,1856,1003,66,181,1,1,1
1093,10,1856,1001,67,182,1,1,1
1094,10,1855,1000,68,182,1,1,1
1095,10,1855,999,68,183,1,1,1
1096,10,1854,997,68,183,1,1,1
1097,10,1853,999,68,182,1,1,1
1098,10,1853,1000,66,181,1,1,1
1099,10,1852,1002,65,179,1,1,1
1100,10,1851,1003,64,178,1,1,1
1101,10,1850,1004,62,177,1,1,1
1102,10,1850,1003,63,178,1,1,1
1103,10,1850,1003,63,178,1,1,1
1104,10,1850,1002,64,179,1,1,1
1105,10,1850,1001,64,180,1,1,1
1106,10,1850,1000,64,181,1,1,1
1107,10,1851,1000,65,181,1,1,1
1108,10,1852,1001,66,180,1,1,1
1109,10,1853,1001,67,180,1,1,1
1110,10,1853,1002,68,179,1,1,1
1111,10,1854,1002,68,179,1,1,1
1112,10,1855,1001,66,180,1,1,1
1113,10,1855,1000,65,181,1,1,1
1114,10,1855,1000,63,181,1,1,1
1115,10,1856,999,60,182,1,1,1
1116,10,1856,997,58,183,1,1,1
1136,10,1849,994,57,180,1,1,1
1137,10,1851,995,57,180,1,1,1
1138,10,1853,994,56,181,1,1,1
1139,10,1854,994,56,181,1,1,1
1140,10,1856,994,54,181,1,1,1
1141,10,1857,994,53,180,1,1,1
1142,10,1856,995,54,179,1,1,1
1143,10,1855,996,54,177,1,1,1
1144,10,1853,996,55,177,1,1,1
1145,10,1852,997,55,175,1,1,1
1146,10,1850,998,56,174,1,1,1
1147,10,1849,998,58,175,1,1,1
1148,10,1849,997,59,176,1,1,1
1149,10,1848,997,61,177,1,1,1
1150,10,1848,997,63,177,1,1,1
1151,10,1847,996,64,178,1,1,1
1152,10,1847,997,65,178,1,1,1
1153,10,1847,997,65,179,1,1,1
1154,10,1847,997,65,179,1,1,1
1155,10,1846,997,66,179,1,1,1
1156,10,1846,997,65,179,1,1,1
1157,10,1846,998,65,180,1,1,1
1158,10,1845,999,66,179,1,1,1
1159,10,1845,1000,65,179,1,1,1
1160,10,1844,1001,66,179,1,1,1
1161,10,1843,1001,65,178,1,1,1
1162,10,1843,1001,66,180,1,1,1
1163,10,1842,1001,67,180,1,1,1
1164,10,1842,1001,66,180,1,1,1
1165,10,1841,1000,67,181,1,1,1
1166,10,1840,1000,66,181,1,1,1
1167,10,1841,1000,67,181,1,1,1
1168,10,1841,999,68,182,1,1,1
1169,10,1841,999,69,181,1,1,1
1170,10,1841,998,70,182,1,1,1
1171,10,1841,997,70,181,1,1,1
1172,10,1842,997,70,181,1,1,1
1173,10,1843,996,68,181,1,1,1
1174,10,1843,995,67,180,1,1,1
1175,10,1843,995,66,179,1,1,1
1176,10,1843,993,64,179,1,1,1
1177,10,1844,995,64,178,1,1,1
1178,10,1844,996,63,177,1,1,1
1179,10,1844,998,63,175,1,1,1
1180,10,1844,999,63,174,1,1,1
1181,10,1843,1000,62,172,1,1,1
1182,10,1844,997,62,176,1,1,1
1183,10,1844,994,61,178,1,1,1
1184,10,1844,991,61,181,1,1,1
1185,10,1844,988,61,183,1,1,1
1186,10,1843,985,60,185,1,1,1
1187,10,1843,985,62,184,1,1,1
1188,10,1842,985,63,182,1,1,1
1189,10,1841,985,64,181,1,1,1
1190,10,1840,985,66,179,1,1,1
1191,10,1839,985,66,177,1,1,1
1192,10,1840,985,66,178,1,1,1
1193,10,1840,985,65,179,1,1,1
1194,10,1840,985,65,180,1,1,1
1195,10,1840,985,64,181,1,1,1
1196,10,1840,985,63,181,1,1,1
1197,10,1841,985,63,181,1,1,1
1198,10,1842,985,62,181,1,1,1
1199,10,1842,985,61,181,1,1,1
1200,10,1843,985,60,180,1,1,1
1201,10,1843,984,59,180,1,1,1
1202,10,1843,984,60,181,1,1,1
1203,10,1842,984,61,181,1,1,1
1204,10,1841,984,62,180,1,1,1
1205,10,1841,983,63,181,1,1,1
1206,10,1840,982,63,180,1,1,1
1207,10,1840,983,63,180,1,1,1
1208,10,1840,982,63,180,1,1,1
1209,10,1840,982,62,179,1,1,1
1210,10,1840,982,62,179,1,1,1
1211,10,1840,981,61,178,1,1,1
1212,10,1841,982,61,179,1,1,1
1213,10,1841,982,62,179,1,1,1
1214,10,1842,982,62,180,1,1,1
1215,10,1842,983,62,179,1,1,1
1216,10,1842,982,62,179,1,1,1
1217,10,1843,983,63,180,1,1,1
1218,10,1843,983,64,181,1,1,1
1219,10,1844,984,64,180,1,1,1
1220,10,1844,984,65,180,1,1,1
1221,10,1844,984,65,180,1,1,1
1222,10,1844,984,66,181,1,1,1
1223,10,1844,984,65,180,1,1,1
1224,10,1843,984,66,180,1,1,1
1225,10,1843,984,65,180,1,1,1
1226,10,1842,984,65,179,1,1,1
1227,10,1842,984,65,179,1,1,1
1228,10,1842,984,65,179,1,1,1
1229,10,1842,984,64,178,1,1,1
1230,10,1842,984,64,178,1,1,1
1231,10,1841,984,64,177,1,1,1
1232,10,1842,984,64,179,1,1,1
1233,10,1841,985,65,179,1,1,1
1234,10,1841,985,65,180,1,1,1
1235,10,1841,985,66,181,1,1,1
1236,10,1840,985,65,181,1,1,1
1237,10,1842,986,65,181,1,1,1
1238,10,1842,987,65,180,1,1,1
1239,10,1843,987,65,181,1,1,1
1240,10,1844,988,64,180,1,1,1
1241,10,1844,988,63,179,1,1,1
1242,10,1845,989,64,180,1,1,1
1243,10,1845,989,65,181,1,1,1
1244,10,1846,989,65,181,1,1,1
1245,10,1846,989,66,182,1,1,1
1246,10,1846,989,66,182,1,1,1
1247,10,1847,989,66,183,1,1,1
1248,10,1847,989,65,182,1,1,1
1249,10,1847,988,65,183,1,1,1
1250,10,1847,988,64,183,1,1,1
1251,10,1847,987,63,183,1,1,1
1252,10,1847,989,64,182,1,1,1
1253,10,1847,990,64,181,1,1,1
1254,10,1847,990,63,181,1,1,1
1255,10,1847,991,63,180,1,1,1
1256,10,1847,992,62,178,1,1,1
1257,10,1847,992,63,180,1,1,1
1258,10,1847,992,64,180,1,1,1
1259,10,1847,992,64,180,1,1,1
1260,10,1847,992,65,181,1,1,1
1261,10,1846,991,65,181,1,1,1
1262,10,1847,991,65,181,1,1,1
1263,10,1847,991,65,181,1,1,1
1264,10,1847,990,65,181,1,1,1
1265,10,1847,990,64,181,1,1,1
1266,10,1847,989,63,180,1,1,1
1267,10,1847,990,63,180,1,1,1
1268,10,1846,990,64,179,1,1,1
1269,10,1846,990,63,179,1,1,1
1270,10,1845,990,64,178,1,1,1
1271,10,1844,989,63,178,1,1,1
1272,10,1845,991,63,178,1,1,1
1273,10,1845,991,63,179,1,1,1
1274,10,1845,992,63,179,1,1,1
1275,10,1845,993,63,179,1,1,1
1276,10,1844,994,63,179,1,1,1
1277,10,1845,994,63,179,1,1,1
1278,10,1845,994,64,178,1,1,1
1279,10,1845,995,64,176,1,1,1
1280,10,1845,995,64,175,1,1,1
1281,10,1845,994,64,174,1,1,1
1282,10,1846,995,63,175,1,1,1
1283,10,1846,995,63,175,1,1,1
1284,10,1846,995,63,175,1,1,1
1285,10,1846,996,62,174,1,1,1
1286,10,1846,996,61,174,1,1,1
1287,10,1846,995,62,176,1,1,1
1288,10,1845,994,63,177,1,1,1
1289,10,1844,994,64,178,1,1,1
1290,10,1843,993,65,179,1,1,1
1291,10,1842,991,65,180,1,1,1
1292,10,1842,992,66,180,1,1,1
1293,10,1842,993,67,178,1,1,1
1294,10,1842,993,67,177,1,1,1
1295,10,1842,994,67,176,1,1,1
1296,10,1841,994,67,174,1,1,1
1321,10,1846,990,72,177,1,1,1
1322,10,1846,990,70,178,1,1,1
1323,10,1846,990,68,177,1,1,1
1324,10,1845,989,66,178,1,1,1
1325,10,1845,988,64,179,1,1,1
1326,10,1844,987,61,178,1,1,1
1327,10,1844,988,62,178,1,1,1
1328,10,1844,988,62,177,1,1,1
1329,10,1843,988,64,177,1,1,1
1330,10,1843,988,64,176,1,1,1
1331,10,1842,987,64,175,1,1,1
1332,10,1843,988,64,176,1,1,1
1333,10,1843,987,64,176,1,1,1
1334,10,1844,987,63,176,1,1,1
1335,10,1844,987,63,176,1,1,1
1336,10,1844,986,62,177,1,1,1
1337,10,1845,986,64,177,1,1,1
1338,10,1844,986,67,176,1,1,1
1339,10,1844,986,68,175,1,1,1
1340,10,1844,986,70,175,1,1,1
1341,10,1844,985,72,174,1,1,1
1342,10,1844,985,71,176,1,1,1
1343,10,1843,985,71,176,1,1,1
1344,10,1843,985,70,177,1,1,1
1345,10,1842,985,70,177,1,1,1
1346,10,1841,985,68,177,1,1,1
1347,10,1841,984,69,179,1,1,1
1348,10,1840,983,70,180,1,1,1
1349,10,1839,982,71,181,1,1,1
1350,10,1838,980,72,183,1,1,1