802,1,1667,599,150,367,1,1,1
803,1,1666,598,148,367,1,1,1
804,1,1664,597,147,368,1,1,1
805,1,1663,596,145,369,1,1,1
806,1,1661,594,143,369,1,1,1
807,1,1660,594,142,368,1,1,1
808,1,1658,593,141,367,1,1,1
809,1,1657,592,139,366,1,1,1
810,1,1655,591,138,365,1,1,1
811,1,1653,589,135,364,1,1,1
812,1,1653,591,131,361,1,1,1
813,1,1652,592,126,359,1,1,1
814,1,1651,593,122,356,1,1,1
815,1,1650,594,117,354,1,1,1
816,1,1648,594,112,351,1,1,1
817,1,1646,595,113,351,1,1,1
818,1,1643,595,113,351,1,1,1
819,1,1639,595,115,351,1,1,1
820,1,1636,595,115,351,1,1,1
821,1,1633,594,115,351,1,1,1
822,1,1633,595,113,352,1,1,1
823,1,1632,596,111,351,1,1,1
824,1,1632,596,107,352,1,1,1
825,1,1631,597,105,351,1,1,1
826,1,1630,597,102,351,1,1,1
827,1,1628,597,103,350,1,1,1
828,1,1626,597,103,349,1,1,1
829,1,1623,597,104,347,1,1,1
830,1,1621,597,104,346,1,1,1
831,1,1617,597,105,343,1,1,1
832,1,1616,597,106,341,1,1,1
833,1,1615,596,105,339,1,1,1
834,1,1613,596,105,336,1,1,1
835,1,1612,595,105,334,1,1,1
836,1,1610,594,105,330,1,1,1
837,1,1606,595,108,331,1,1,1
838,1,1601,596,111,330,1,1,1
839,1,1596,596,115,330,1,1,1
840,1,1592,597,117,329,1,1,1
841,1,1587,597,120,328,1,1,1
842,1,1582,598,124,327,1,1,1
843,1,1576,598,129,327,1,1,1
844,1,1570,599,133,325,1,1,1
845,1,1565,599,137,325,1,1,1
846,1,1558,600,141,323,1,1,1
847,1,1556,600,142,323,1,1,1
848,1,1554,600,142,322,1,1,1
849,1,1551,600,143,322,1,1,1
850,1,1549,600,143,321,1,1,1
851,1,1546,600,143,320,1,1,1
852,1,1548,599,143,320,1,1,1
853,1,1549,598,143,320,1,1,1
854,1,1551,597,142,320,1,1,1
855,1,1552,596,142,320,1,1,1
856,1,1553,594,141,320,1,1,1
857,1,1553,594,134,320,1,1,1
858,1,1552,594,126,318,1,1,1
859,1,1551,593,119,318,1,1,1
860,1,1550,593,112,316,1,1,1
861,1,1548,592,105,315,1,1,1
862,1,1548,593,103,313,1,1,1
863,1,1547,594,101,311,1,1,1
864,1,1546,595,99,308,1,1,1
865,1,1545,596,97,306,1,1,1
866,1,1543,597,94,302,1,1,1
867,1,1539,597,96,303,1,1,1
868,1,1534,597,97,303,1,1,1
869,1,1530,597,98,303,1,1,1
870,1,1525,597,99,303,1,1,1
871,1,1520,597,100,302,1,1,1
872,1,1518,597,100,303,1,1,1
873,1,1515,596,100,304,1,1,1
874,1,1513,596,100,304,1,1,1
875,1,1510,595,100,305,1,1,1
876,1,1507,594,100,305,1,1,1
877,1,1510,596,96,303,1,1,1
878,1,1512,597,92,301,1,1,1
879,1,1514,597,89,300,1,1,1
880,1,1515,598,86,299,1,1,1
881,1,1517,599,81,296,1,1,1
882,1,1515,599,82,294,1,1,1
883,1,1513,599,82,292,1,1,1
884,1,1511,598,81,291,1,1,1
885,1,1509,598,81,289,1,1,1
886,1,1506,597,81,286,1,1,1
887,1,1503,598,83,287,1,1,1
888,1,1500,598,83,287,1,1,1
889,1,1496,598,85,287,1,1,1
890,1,1493,598,86,286,1,1,1
891,1,1489,598,87,286,1,1,1
892,1,1481,598,94,286,1,1,1
893,1,1473,599,99,285,1,1,1
894,1,1465,599,105,285,1,1,1
895,1,1457,600,111,284,1,1,1
896,1,1448,600,117,283,1,1,1
897,1,1447,600,116,283,1,1,1
898,1,1446,600,115,283,1,1,1
899,1,1445,601,113,282,1,1,1
900,1,1444,601,111,282,1,1,1
901,1,1442,601,109,281,1,1,1
902,1,1441,600,110,283,1,1,1
903,1,1440,600,110,283,1,1,1
904,1,1439,599,110,285,1,1,1
905,1,1437,598,110,286,1,1,1
906,1,1435,597,110,287,1,1,1
907,1,1435,598,106,284,1,1,1
908,1,1434,598,102,281,1,1,1
909,1,1433,598,98,279,1,1,1
910,1,1432,598,94,276,1,1,1
911,1,1430,597,89,273,1,1,1
912,1,1429,599,89,273,1,1,1
913,1,1428,600,87,272,1,1,1
914,1,1427,600,85,273,1,1,1
915,1,1426,601,83,272,1,1,1
916,1,1424,602,81,271,1,1,1
917,1,1422,602,82,272,1,1,1
918,1,1420,603,82,271,1,1,1
919,1,1418,603,82,272,1,1,1
920,1,1416,604,82,271,1,1,1
921,1,1414,604,81,271,1,1,1
922,1,1412,604,81,272,1,1,1
923,1,1409,604,82,272,1,1,1
924,1,1407,604,82,273,1,1,1
925,1,1404,604,82,273,1,1,1
926,1,1402,604,81,273,1,1,1
927,1,1402,604,81,273,1,1,1
928,1,1401,604,81,273,1,1,1
929,1,1401,604,80,272,1,1,1
930,1,1400,604,80,272,1,1,1
931,1,1400,604,79,271,1,1,1
932,1,1400,604,77,271,1,1,1
933,1,1399,603,76,271,1,1,1
934,1,1399,603,73,270,1,1,1
935,1,1398,602,72,270,1,1,1
936,1,1397,602,69,269,1,1,1
937,1,1398,602,69,270,1,1,1
938,1,1397,603,70,269,1,1,1
939,1,1397,603,69,270,1,1,1
940,1,1396,604,70,269,1,1,1
941,1,1395,604,69,269,1,1,1
942,1,1391,604,76,268,1,1,1
943,1,1386,605,83,265,1,1,1
944,1,1381,605,89,264,1,1,1
945,1,1376,606,96,261,1,1,1
946,1,1371,606,102,259,1,1,1
947,1,1372,606,104,259,1,1,1
948,1,1373,606,106,259,1,1,1
949,1,1373,606,109,259,1,1,1
950,1,1374,605,110,259,1,1,1
951,1,1374,605,112,258,1,1,1
952,1,1378,605,112,260,1,1,1
953,1,1382,605,111,260,1,1,1
954,1,1385,605,111,261,1,1,1
955,1,1389,605,110,261,1,1,1
956,1,1392,605,110,261,1,1,1
957,1,1397,604,111,262,1,1,1
958,1,1403,603,110,263,1,1,1
959,1,1408,602,110,263,1,1,1
960,1,1413,601,110,264,1,1,1
961,1,1417,600,110,264,1,1,1
962,1,1422,600,106,263,1,1,1
963,1,1426,600,101,261,1,1,1
964,1,1430,600,97,259,1,1,1
965,1,1434,600,92,258,1,1,1
966,1,1438,600,87,256,1,1,1
967,1,1442,599,87,257,1,1,1
968,1,1445,599,87,257,1,1,1
969,1,1448,598,87,258,1,1,1
970,1,1451,598,87,258,1,1,1
971,1,1453,597,87,258,1,1,1
972,1,1458,598,87,258,1,1,1
973,1,1462,598,86,257,1,1,1
974,1,1466,599,86,256,1,1,1
975,1,1470,599,85,255,1,1,1
976,1,1474,600,84,253,1,1,1
977,1,1479,601,83,253,1,1,1
978,1,1485,602,81,253,1,1,1
979,1,1490,603,79,252,1,1,1
980,1,1495,604,77,252,1,1,1
981,1,1500,604,75,251,1,1,1
982,1,1503,605,75,251,1,1,1
983,1,1505,605,75,251,1,1,1
984,1,1508,605,74,251,1,1,1
985,1,1511,606,73,249,1,1,1
986,1,1513,605,72,249,1,1,1
987,1,1515,606,72,249,1,1,1
988,1,1517,606,71,248,1,1,1
989,1,1518,606,70,247,1,1,1
990,1,1519,606,70,246,1,1,1
991,1,1520,606,68,245,1,1,1
992,1,1520,606,69,244,1,1,1
993,1,1519,606,70,243,1,1,1
994,1,1518,606,71,242,1,1,1
995,1,1516,606,73,241,1,1,1
996,1,1515,605,72,240,1,1,1
997,1,1509,606,78,241,1,1,1
998,1,1503,607,83,241,1,1,1
999,1,1497,607,87,241,1,1,1
1000,1,1491,608,92,241,1,1,1
1001,1,1485,608,96,240,1,1,1
1002,1,1483,609,97,240,1,1,1
1003,1,1482,609,95,240,1,1,1
1004,1,1480,609,95,240,1,1,1
1005,1,1478,609,95,240,1,1,1
1006,1,1476,609,95,240,1,1,1
1007,1,1475,609,94,240,1,1,1
1008,1,1474,609,93,241,1,1,1
1009,1,1473,609,91,241,1,1,1
1010,1,1472,609,90,241,1,1,1
1011,1,1471,608,88,241,1,1,1
1012,1,1469,608,89,243,1,1,1
1013,1,1466,608,90,243,1,1,1
1014,1,1464,608,90,243,1,1,1
1015,1,1461,608,91,244,1,1,1
1016,1,1458,607,91,244,1,1,1
1017,1,1457,608,87,244,1,1,1
1018,1,1455,608,82,243,1,1,1
1019,1,1453,608,77,243,1,1,1
1020,1,1451,609,72,242,1,1,1
1021,1,1449,608,67,242,1,1,1
1031,1,1396,612,95,242,1,1,1
1032,1,1395,613,93,243,1,1,1
1033,1,1395,613,90,244,1,1,1
1034,1,1394,614,87,244,1,1,1
1035,1,1393,614,85,245,1,1,1
1036,1,1392,614,82,245,1,1,1
1037,1,1388,614,83,247,1,1,1
1038,1,1383,614,84,248,1,1,1
1039,1,1378,614,85,249,1,1,1
1040,1,1374,614,84,250,1,1,1
1041,1,1368,613,85,251,1,1,1
1042,1,1365,614,86,251,1,1,1
1043,1,1362,614,86,251,1,1,1
1044,1,1358,613,86,253,1,1,1
1045,1,1354,613,87,253,1,1,1
1046,1,1350,613,87,252,1,1,1
1047,1,1349,614,87,253,1,1,1
1048,1,1347,615,88,253,1,1,1
1049,1,1346,616,87,252,1,1,1
1050,1,1344,617,88,252,1,1,1
1051,1,1342,617,87,252,1,1,1
1052,1,1342,617,87,253,1,1,1
1053,1,1341,617,87,253,1,1,1
1054,1,1340,617,86,254,1,1,1
1055,1,1339,616,86,255,1,1,1
1056,1,1338,616,85,255,1,1,1
1057,1,1340,616,83,255,1,1,1
1058,1,1342,616,81,255,1,1,1
1059,1,1343,616,79,254,1,1,1
1060,1,1345,616,77,254,1,1,1
1061,1,1346,615,74,254,1,1,1
1062,1,1345,615,75,254,1,1,1
1063,1,1343,615,76,254,1,1,1
1064,1,1341,615,76,253,1,1,1
1065,1,1339,615,77,253,1,1,1
1066,1,1337,614,76,253,1,1,1
1067,1,1336,614,78,253,1,1,1
1068,1,1335,615,78,252,1,1,1
1069,1,1334,615,78,251,1,1,1
1070,1,1332,615,79,250,1,1,1
1071,1,1331,614,78,249,1,1,1
1072,1,1331,615,80,249,1,1,1
1073,1,1331,615,82,249,1,1,1
1074,1,1330,615,84,249,1,1,1
1075,1,1330,615,85,248,1,1,1
1076,1,1329,614,86,248,1,1,1
1077,1,1332,614,88,248,1,1,1
1078,1,1333,614,91,247,1,1,1
1079,1,1335,613,93,247,1,1,1
1080,1,1337,613,95,246,1,1,1
1081,1,1338,612,96,245,1,1,1
1082,1,1343,612,93,246,1,1,1
1083,1,1347,611,89,247,1,1,1
1084,1,1351,610,85,248,1,1,1
1085,1,1355,610,82,248,1,1,1
1086,1,1359,609,78,249,1,1,1
1087,1,1360,609,81,249,1,1,1
1088,1,1362,610,84,248,1,1,1
1089,1,1363,610,87,249,1,1,1
1090,1,1365,611,89,248,1,1,1
1091,1,1366,611,92,247,1,1,1
1092,1,1367,611,95,248,1,1,1
1093,1,1368,612,98,247,1,1,1
1094,1,1369,612,100,246,1,1,1
1095,1,1370,612,103,246,1,1,1
1096,1,1371,612,105,246,1,1,1
1097,1,1373,611,107,247,1,1,1
1098,1,1375,611,108,247,1,1,1
1099,1,1377,610,108,248,1,1,1
1100,1,1379,609,109,248,1,1,1
1101,1,1381,608,109,248,1,1,1
1102,1,1386,609,105,249,1,1,1
1103,1,1391,609,99,249,1,1,1
1104,1,1396,609,93,250,1,1,1
1105,1,1402,609,87,251,1,1,1
1106,1,1406,608,81,251,1,1,1
1201,1,1649,612,81,257,1,1,1
1202,1,1649,612,81,258,1,1,1
1203,1,1649,612,81,259,1,1,1
1204,1,1649,612,80,259,1,1,1
1205,1,1649,612,79,260,1,1,1
1206,1,1648,611,78,260,1,1,1
1207,1,1652,611,77,261,1,1,1
1208,1,1656,609,75,263,1,1,1
1209,1,1660,608,73,264,1,1,1
1210,1,1663,607,71,264,1,1,1
1211,1,1667,605,69,265,1,1,1
1212,1,1668,605,70,265,1,1,1
1213,1,1669,605,71,264,1,1,1
1214,1,1670,606,72,262,1,1,1
1215,1,1672,606,72,261,1,1,1
1216,1,1672,605,72,260,1,1,1
1217,1,1673,605,76,261,1,1,1
1218,1,1673,604,79,261,1,1,1
1219,1,1672,603,83,261,1,1,1
1220,1,1672,602,86,262,1,1,1
1221,1,1672,601,89,261,1,1,1
1222,1,1674,601,91,262,1,1,1
1223,1,1676,601,91,262,1,1,1
1224,1,1677,600,93,263,1,1,1
1225,1,1679,600,94,263,1,1,1
1226,1,1680,599,95,263,1,1,1
1227,1,1682,599,96,264,1,1,1
1228,1,1684,599,95,265,1,1,1
1229,1,1686,599,94,266,1,1,1
1230,1,1688,599,94,267,1,1,1
1231,1,1689,599,93,267,1,1,1
1232,1,1690,598,94,269,1,1,1
1233,1,1690,598,96,270,1,1,1
1234,1,1690,597,97,272,1,1,1
1235,1,1690,596,99,274,1,1,1
1236,1,1690,595,99,275,1,1,1
1237,1,1693,594,100,276,1,1,1
1238,1,1696,593,100,277,1,1,1
1239,1,1698,593,101,277,1,1,1
1240,1,1701,592,101,278,1,1,1
1241,1,1703,590,101,279,1,1,1
1242,1,1708,591,99,279,1,1,1
1243,1,1712,591,97,278,1,1,1
1244,1,1716,590,95,279,1,1,1
1245,1,1719,590,94,279,1,1,1
1246,1,1723,590,91,278,1,1,1
1247,1,1726,590,90,279,1,1,1
1248,1,1728,589,90,280,1,1,1
1249,1,1731,588,89,281,1,1,1
1250,1,1733,587,88,282,1,1,1
1251,1,1735,586,87,282,1,1,1
1252,1,1737,587,87,282,1,1,1
1253,1,1738,587,86,282,1,1,1
1254,1,1740,587,85,282,1,1,1
1255,1,1741,587,85,282,1,1,1
1256,1,1742,586,84,281,1,1,1
1257,1,1745,586,83,283,1,1,1
1258,1,1747,585,83,285,1,1,1
1259,1,1749,584,83,287,1,1,1
1260,1,1751,583,82,289,1,1,1
1261,1,1753,582,81,290,1,1,1
1262,1,1754,582,83,291,1,1,1
1263,1,1755,581,84,292,1,1,1
1264,1,1756,580,85,293,1,1,1
1265,1,1757,579,85,294,1,1,1
1266,1,1758,578,86,294,1,1,1
1267,1,1759,578,87,295,1,1,1
1268,1,1760,577,88,296,1,1,1
1269,1,1760,577,89,295,1,1,1
1270,1,1761,576,90,296,1,1,1
1271,1,1761,575,91,295,1,1,1
1272,1,1763,576,93,297,1,1,1
1273,1,1764,575,94,299,1,1,1
1274,1,1766,575,95,300,1,1,1
1275,1,1767,575,97,301,1,1,1
1276,1,1768,574,98,302,1,1,1
1277,1,1770,574,100,303,1,1,1
1278,1,1772,574,101,302,1,1,1
1279,1,1773,573,103,303,1,1,1
1280,1,1775,572,104,303,1,1,1
1281,1,1776,571,105,302,1,1,1
1282,1,1776,572,107,304,1,1,1
1283,1,1775,573,109,305,1,1,1
1284,1,1774,573,111,308,1,1,1
1285,1,1773,574,113,309,1,1,1
1286,1,1771,574,115,310,1,1,1
1287,1,1774,573,118,312,1,1,1
1288,1,1776,571,120,315,1,1,1
1289,1,1778,570,123,316,1,1,1
1290,1,1780,568,126,319,1,1,1
1291,1,1782,566,128,320,1,1,1
1292,1,1786,567,125,322,1,1,1
1293,1,1789,568,123,322,1,1,1
1294,1,1793,568,120,324,1,1,1
1295,1,1796,569,118,324,1,1,1
1296,1,1800,569,115,325,1,1,1
1297,1,1804,569,115,325,1,1,1
1298,1,1808,568,115,326,1,1,1
1299,1,1812,568,114,325,1,1,1
1300,1,1816,567,114,326,1,1,1
1301,1,1820,566,112,325,1,1,1
1302,1,1824,568,110,326,1,1,1
1303,1,1827,569,107,326,1,1,1
1304,1,1830,570,104,326,1,1,1
1305,1,1834,572,100,326,1,1,1
1306,1,1836,573,97,326,1,1,1
1307,1,1838,573,98,328,1,1,1
1308,1,1840,573,97,329,1,1,1
1309,1,1841,574,97,329,1,1,1
1310,1,1843,574,97,330,1,1,1
1311,1,1844,574,96,331,1,1,1
1312,1,1846,573,97,333,1,1,1
1313,1,1847,573,98,333,1,1,1
1314,1,1848,572,98,335,1,1,1
1315,1,1849,571,99,336,1,1,1
1316,1,1850,570,100,336,1,1,1
1317,1,1851,570,101,338,1,1,1
1318,1,1851,570,103,338,1,1,1
1319,1,1851,570,105,339,1,1,1
1320,1,1851,570,107,340,1,1,1
802,2,366,559,196,413,1,1,1
803,2,367,559,198,411,1,1,1
804,2,367,559,201,409,1,1,1
805,2,368,559,203,407,1,1,1
806,2,369,558,205,405,1,1,1
807,2,373,558,201,405,1,1,1
808,2,377,558,197,403,1,1,1
809,2,382,557,192,402,1,1,1
810,2,386,557,188,401,1,1,1
811,2,389,556,184,400,1,1,1
812,2,401,557,179,397,1,1,1
813,2,412,558,174,394,1,1,1
814,2,424,559,167,391,1,1,1
815,2,435,561,162,387,1,1,1
816,2,446,561,156,384,1,1,1
817,2,451,563,157,383,1,1,1
818,2,456,564,158,382,1,1,1
819,2,462,565,157,381,1,1,1
820,2,467,566,158,380,1,1,1
821,2,471,566,158,379,1,1,1
822,2,475,568,157,378,1,1,1
823,2,479,569,154,376,1,1,1
824,2,483,570,151,375,1,1,1
825,2,486,571,149,373,1,1,1
826,2,489,571,146,371,1,1,1
827,2,494,571,142,371,1,1,1
828,2,498,571,138,370,1,1,1
829,2,502,570,134,369,1,1,1
830,2,506,570,130,367,1,1,1
831,2,510,569,125,366,1,1,1
832,2,516,568,126,366,1,1,1
833,2,523,567,124,366,1,1,1
834,2,529,566,124,365,1,1,1
835,2,535,565,123,365,1,1,1
836,2,541,564,123,364,1,1,1
846,2,553,576,192,346,1,1,1
847,2,558,577,188,345,1,1,1
848,2,563,577,183,343,1,1,1
849,2,568,577,178,341,1,1,1
850,2,572,577,174,340,1,1,1
851,2,576,576,169,338,1,1,1
852,2,583,576,163,338,1,1,1
853,2,588,575,158,337,1,1,1
854,2,594,574,152,337,1,1,1
855,2,599,573,147,336,1,1,1
856,2,605,571,141,335,1,1,1
857,2,616,572,139,335,1,1,1
858,2,627,573,138,333,1,1,1
859,2,637,573,137,332,1,1,1
860,2,648,574,135,330,1,1,1
861,2,658,574,133,328,1,1,1
862,2,661,574,133,328,1,1,1
863,2,663,574,132,328,1,1,1
864,2,665,574,132,327,1,1,1
865,2,667,574,131,327,1,1,1
866,2,669,574,130,325,1,1,1
867,2,670,575,134,324,1,1,1
868,2,670,575,138,324,1,1,1
869,2,671,576,141,322,1,1,1
870,2,671,576,145,322,1,1,1
871,2,671,576,148,320,1,1,1
872,2,677,576,143,320,1,1,1
873,2,683,575,136,320,1,1,1
874,2,689,574,130,320,1,1,1
875,2,694,573,124,320,1,1,1
876,2,700,571,117,320,1,1,1
877,2,710,572,110,320,1,1,1
878,2,720,573,101,318,1,1,1
879,2,730,574,93,316,1,1,1
880,2,739,574,86,315,1,1,1
881,2,749,574,77,313,1,1,1
882,2,752,576,84,312,1,1,1
883,2,754,577,92,311,1,1,1
884,2,757,578,98,309,1,1,1
885,2,759,580,106,307,1,1,1
886,2,762,581,112,305,1,1,1
887,2,762,581,117,304,1,1,1
888,2,762,581,121,303,1,1,1
889,2,761,581,126,302,1,1,1
890,2,761,581,130,301,1,1,1
891,2,760,581,134,300,1,1,1
892,2,763,582,132,299,1,1,1
893,2,765,583,130,297,1,1,1
894,2,767,584,128,296,1,1,1
895,2,768,585,127,294,1,1,1
896,2,770,585,125,293,1,1,1
897,2,779,586,118,294,1,1,1
898,2,788,586,111,294,1,1,1
899,2,797,586,103,295,1,1,1
900,2,806,587,96,295,1,1,1
901,2,815,586,87,295,1,1,1
902,2,816,586,98,296,1,1,1
903,2,817,585,108,297,1,1,1
904,2,818,584,117,298,1,1,1
905,2,819,583,127,299,1,1,1
906,2,820,582,135,300,1,1,1
907,2,822,583,136,299,1,1,1
908,2,823,584,137,299,1,1,1
909,2,824,584,138,299,1,1,1
910,2,825,585,139,298,1,1,1
911,2,826,585,138,297,1,1,1
912,2,830,586,134,297,1,1,1
913,2,833,586,130,296,1,1,1
914,2,836,586,126,295,1,1,1
915,2,840,586,120,294,1,1,1
916,2,842,585,116,293,1,1,1
917,2,847,587,111,291,1,1,1
918,2,850,587,107,289,1,1,1
919,2,854,588,102,287,1,1,1
920,2,858,589,96,284,1,1,1
921,2,861,589,91,281,1,1,1
922,2,865,591,97,281,1,1,1
923,2,869,591,103,282,1,1,1
924,2,872,592,109,282,1,1,1
925,2,876,593,115,282,1,1,1
926,2,879,593,120,281,1,1,1
927,2,880,595,124,280,1,1,1
928,2,881,596,126,279,1,1,1
929,2,882,598,129,276,1,1,1
930,2,883,599,132,275,1,1,1
931,2,883,600,134,273,1,1,1
932,2,885,599,133,274,1,1,1
933,2,887,598,131,275,1,1,1
934,2,889,598,129,275,1,1,1
935,2,890,597,128,276,1,1,1
936,2,891,595,126,277,1,1,1
937,2,899,596,123,277,1,1,1
938,2,907,597,118,275,1,1,1
939,2,914,597,114,274,1,1,1
940,2,921,598,110,272,1,1,1
941,2,928,597,106,271,1,1,1
942,2,937,598,105,271,1,1,1
943,2,945,599,104,270,1,1,1
944,2,953,599,103,270,1,1,1
945,2,961,600,101,269,1,1,1
946,2,969,600,100,269,1,1,1
947,2,973,600,102,269,1,1,1
948,2,978,600,103,269,1,1,1
949,2,982,600,104,269,1,1,1
950,2,986,600,106,269,1,1,1
951,2,989,600,107,269,1,1,1
952,2,996,599,107,269,1,1,1
953,2,1003,599,105,268,1,1,1
954,2,1010,598,103,268,1,1,1
955,2,1016,598,102,267,1,1,1
956,2,1023,597,100,266,1,1,1
957,2,1033,597,98,266,1,1,1
958,2,1043,596,95,266,1,1,1
959,2,1052,596,94,265,1,1,1
960,2,1062,595,92,265,1,1,1
961,2,1071,594,89,264,1,1,1
962,2,1084,595,86,264,1,1,1
963,2,1095,596,84,263,1,1,1
964,2,1107,596,81,263,1,1,1
965,2,1119,597,77,262,1,1,1
966,2,1130,597,74,261,1,1,1
967,2,1136,598,85,261,1,1,1
968,2,1141,599,95,260,1,1,1
969,2,1146,601,105,258,1,1,1
970,2,1151,602,116,257,1,1,1
971,2,1156,602,125,256,1,1,1
972,2,1163,603,126,258,1,1,1
973,2,1170,604,125,259,1,1,1
974,2,1176,604,126,261,1,1,1
975,2,1183,605,126,262,1,1,1
976,2,1189,605,125,264,1,1,1
977,2,1201,605,118,263,1,1,1
978,2,1211,605,112,262,1,1,1
979,2,1222,605,105,260,1,1,1
980,2,1233,605,97,259,1,1,1
981,2,1243,605,90,257,1,1,1
982,2,1256,605,86,258,1,1,1
983,2,1269,605,80,258,1,1,1
984,2,1281,605,76,258,1,1,1
985,2,1293,605,71,258,1,1,1
986,2,1305,604,66,258,1,1,1
1016,2,1395,620,125,260,1,1,1
1017,2,1395,621,124,260,1,1,1
1018,2,1395,621,123,261,1,1,1
1019,2,1395,621,121,262,1,1,1
1020,2,1395,622,119,261,1,1,1
1021,2,1394,622,118,261,1,1,1
1022,2,1399,622,111,262,1,1,1
1023,2,1403,622,105,263,1,1,1
1024,2,1407,622,99,263,1,1,1
1025,2,1411,622,93,263,1,1,1
1026,2,1415,621,85,263,1,1,1
1027,2,1420,622,83,264,1,1,1
1028,2,1424,623,80,263,1,1,1
1029,2,1428,624,78,263,1,1,1
1030,2,1432,624,75,263,1,1,1
1031,2,1435,625,72,262,1,1,1
1032,2,1434,626,75,262,1,1,1
1033,2,1433,627,77,261,1,1,1
1034,2,1431,628,79,261,1,1,1
1035,2,1430,629,81,260,1,1,1
1036,2,1428,630,83,259,1,1,1
1037,2,1426,630,85,259,1,1,1
1038,2,1425,630,85,259,1,1,1
1039,2,1423,631,86,258,1,1,1
1040,2,1421,631,88,258,1,1,1
1041,2,1419,631,88,257,1,1,1
1042,2,1419,631,88,257,1,1,1
1043,2,1420,631,87,256,1,1,1
1044,2,1420,631,87,255,1,1,1
1045,2,1420,631,87,255,1,1,1
1046,2,1419,631,86,253,1,1,1
1047,2,1418,632,87,254,1,1,1
1048,2,1417,632,87,255,1,1,1
1049,2,1416,633,87,254,1,1,1
1050,2,1414,633,87,255,1,1,1
1051,2,1413,633,86,254,1,1,1
1052,2,1410,634,87,254,1,1,1
1053,2,1407,634,87,254,1,1,1
1054,2,1404,633,86,254,1,1,1
1055,2,1402,633,85,253,1,1,1
1056,2,1398,633,85,252,1,1,1
1057,2,1399,633,84,253,1,1,1
1058,2,1399,633,83,253,1,1,1
1059,2,1399,632,83,254,1,1,1
1060,2,1400,632,81,253,1,1,1
1061,2,1399,631,80,253,1,1,1
1062,2,1401,631,79,254,1,1,1
1063,2,1403,631,76,254,1,1,1
1064,2,1404,631,75,254,1,1,1
1065,2,1405,630,73,254,1,1,1
1066,2,1406,629,71,254,1,1,1
1067,2,1405,629,73,254,1,1,1
1068,2,1403,629,75,253,1,1,1
1069,2,1402,629,77,252,1,1,1
1070,2,1400,628,79,252,1,1,1
1071,2,1398,627,81,251,1,1,1
1072,2,1398,627,83,252,1,1,1
1073,2,1397,627,85,253,1,1,1
1074,2,1397,626,87,254,1,1,1
1075,2,1397,626,88,255,1,1,1
1076,2,1396,625,90,255,1,1,1
1077,2,1399,625,90,256,1,1,1
1078,2,1400,625,91,256,1,1,1
1079,2,1402,625,92,257,1,1,1
1080,2,1404,625,92,257,1,1,1
1081,2,1406,625,92,256,1,1,1
1082,2,1410,626,92,255,1,1,1
1083,2,1414,626,92,254,1,1,1
1084,2,1418,626,92,252,1,1,1
1085,2,1421,627,93,250,1,1,1
1086,2,1425,627,93,249,1,1,1
1087,2,1426,627,96,250,1,1,1
1088,2,1426,626,100,252,1,1,1
1089,2,1427,626,103,253,1,1,1
1090,2,1427,626,107,253,1,1,1
1091,2,1427,625,111,255,1,1,1
1092,2,1432,625,109,255,1,1,1
1093,2,1437,626,107,255,1,1,1
1094,2,1441,626,105,255,1,1,1
1095,2,1446,626,103,255,1,1,1
1096,2,1450,626,100,254,1,1,1
1097,2,1451,625,101,257,1,1,1
1098,2,1451,625,102,258,1,1,1
1099,2,1452,624,101,260,1,1,1
1100,2,1452,624,102,261,1,1,1
1101,2,1452,623,102,262,1,1,1
1102,2,1454,623,101,263,1,1,1
1103,2,1455,624,101,262,1,1,1
1104,2,1456,624,100,263,1,1,1
1105,2,1457,624,100,263,1,1,1
1106,2,1458,624,98,262,1,1,1
1107,2,1459,624,99,264,1,1,1
1108,2,1460,623,98,265,1,1,1
1109,2,1461,622,98,266,1,1,1
1110,2,1462,621,97,268,1,1,1
1111,2,1462,620,97,268,1,1,1
1112,2,1464,620,97,269,1,1,1
1113,2,1466,619,97,270,1,1,1
1114,2,1468,619,96,270,1,1,1
1115,2,1470,619,96,270,1,1,1
1116,2,1471,618,96,271,1,1,1
1117,2,1470,618,98,272,1,1,1
1118,2,1469,618,99,273,1,1,1
1119,2,1468,619,100,273,1,1,1
1120,2,1467,619,102,274,1,1,1
1121,2,1465,618,103,275,1,1,1
1122,2,1470,620,101,275,1,1,1
1123,2,1474,622,99,273,1,1,1
1124,2,1478,623,97,273,1,1,1
1125,2,1482,624,95,272,1,1,1
1126,2,1486,625,91,271,1,1,1
1151,2,1540,628,79,295,1,1,1
1176,2,1593,624,103,316,1,1,1
1177,2,1595,624,107,316,1,1,1
1178,2,1597,624,111,316,1,1,1
1179,2,1598,623,116,317,1,1,1
1180,2,1600,623,120,316,1,1,1
1181,2,1601,622,123,316,1,1,1
1182,2,1604,623,122,317,1,1,1
1183,2,1607,623,120,317,1,1,1
1184,2,1609,623,118,318,1,1,1
1185,2,1612,623,115,319,1,1,1
1186,2,1614,623,113,319,1,1,1
1187,2,1613,624,114,319,1,1,1
1188,2,1612,624,114,319,1,1,1
1189,2,1611,624,115,320,1,1,1
1190,2,1610,625,115,319,1,1,1
1191,2,1609,625,114,319,1,1,1
1192,2,1608,624,115,322,1,1,1
1193,2,1607,623,114,324,1,1,1
1194,2,1605,622,115,326,1,1,1
1195,2,1604,621,115,328,1,1,1
1196,2,1602,620,114,330,1,1,1
1197,2,1602,619,115,331,1,1,1
1198,2,1601,618,115,331,1,1,1
1199,2,1600,617,116,332,1,1,1
1200,2,1600,616,115,332,1,1,1
1201,2,1598,614,115,332,1,1,1
1202,2,1599,614,115,333,1,1,1
1203,2,1599,613,114,334,1,1,1
1204,2,1598,612,114,334,1,1,1
1205,2,1598,611,113,335,1,1,1
1206,2,1598,610,111,335,1,1,1
1207,2,1596,609,114,339,1,1,1
1208,2,1594,609,115,340,1,1,1
1209,2,1592,608,117,343,1,1,1
1210,2,1591,607,118,346,1,1,1
1211,2,1588,606,119,348,1,1,1
1212,2,1589,606,119,349,1,1,1
1213,2,1589,606,120,349,1,1,1
1214,2,1589,606,120,350,1,1,1
1215,2,1588,607,121,349,1,1,1
1216,2,1588,606,120,349,1,1,1
1217,2,1587,605,123,351,1,1,1
1218,2,1586,603,125,354,1,1,1
1219,2,1585,602,127,355,1,1,1
1220,2,1584,600,129,357,1,1,1
1221,2,1582,598,131,358,1,1,1
1222,2,1582,598,134,359,1,1,1
1223,2,1582,597,135,359,1,1,1
1224,2,1582,596,137,360,1,1,1
1225,2,1581,595,139,360,1,1,1
1226,2,1580,593,141,361,1,1,1
1227,2,1580,593,143,362,1,1,1
1228,2,1580,593,143,361,1,1,1
1229,2,1579,592,145,362,1,1,1
1230,2,1578,592,147,361,1,1,1
1231,2,1577,591,147,361,1,1,1
1232,2,1574,591,151,362,1,1,1
1233,2,1571,591,154,362,1,1,1
1234,2,1567,591,158,362,1,1,1
1235,2,1564,591,161,362,1,1,1
1236,2,1560,591,164,362,1,1,1
1237,2,1557,592,168,363,1,1,1
1238,2,1553,592,171,364,1,1,1
1239,2,1549,592,174,365,1,1,1
1240,2,1546,593,177,365,1,1,1
1241,2,1541,593,180,366,1,1,1
1242,2,1551,592,171,369,1,1,1
1243,2,1561,591,161,371,1,1,1
1244,2,1570,589,152,375,1,1,1
1245,2,1579,588,143,377,1,1,1
1246,2,1588,587,132,379,1,1,1
1247,2,1586,586,134,381,1,1,1
1248,2,1583,585,135,382,1,1,1
1249,2,1581,583,136,383,1,1,1
1250,2,1578,582,137,384,1,1,1
1251,2,1575,581,138,385,1,1,1
1252,2,1570,580,141,386,1,1,1
1253,2,1564,580,143,387,1,1,1
1254,2,1558,579,146,388,1,1,1
1255,2,1553,579,148,388,1,1,1
1256,2,1547,577,150,389,1,1,1
1257,2,1544,578,152,392,1,1,1
1258,2,1541,577,153,395,1,1,1
1259,2,1538,577,153,397,1,1,1
1260,2,1534,577,155,399,1,1,1
1261,2,1531,576,156,400,1,1,1
1262,2,1531,576,154,402,1,1,1
1263,2,1530,576,153,402,1,1,1
1264,2,1530,575,151,403,1,1,1
1265,2,1530,575,149,403,1,1,1
1266,2,1529,574,148,403,1,1,1
1267,2,1532,573,144,406,1,1,1
1268,2,1535,571,139,408,1,1,1
1269,2,1537,569,135,410,1,1,1
1270,2,1540,567,131,412,1,1,1
1271,2,1542,564,126,414,1,1,1
1272,2,1541,564,125,414,1,1,1
1273,2,1538,563,125,415,1,1,1
1274,2,1536,562,124,415,1,1,1
1275,2,1534,562,123,415,1,1,1
1276,2,1531,560,122,415,1,1,1
1277,2,1515,560,136,416,1,1,1
1278,2,1498,560,150,416,1,1,1
1279,2,1482,560,163,417,1,1,1
1280,2,1465,559,177,418,1,1,1
1281,2,1448,558,189,417,1,1,1
1282,2,1440,559,193,417,1,1,1
1283,2,1431,559,196,417,1,1,1
1284,2,1423,559,199,416,1,1,1
1285,2,1414,559,202,416,1,1,1
1286,2,1405,558,205,415,1,1,1
1287,2,1406,558,201,418,1,1,1
1288,2,1406,558,197,420,1,1,1
1289,2,1407,557,192,424,1,1,1
1290,2,1407,557,189,426,1,1,1
1291,2,1407,556,184,428,1,1,1
1292,2,1409,556,182,428,1,1,1
1293,2,1411,555,179,429,1,1,1
1294,2,1412,555,177,428,1,1,1
1295,2,1414,554,174,429,1,1,1
1296,2,1415,553,171,428,1,1,1
1297,2,1415,553,163,430,1,1,1
1298,2,1414,553,155,430,1,1,1
1299,2,1414,552,145,432,1,1,1
1300,2,1413,552,137,432,1,1,1
1301,2,1412,551,128,433,1,1,1
1302,2,1404,552,132,436,1,1,1
1303,2,1396,554,135,438,1,1,1
1304,2,1388,555,138,441,1,1,1
1305,2,1379,556,142,443,1,1,1
1306,2,1370,557,144,445,1,1,1
1307,2,1362,557,150,446,1,1,1
1308,2,1354,558,154,446,1,1,1
1309,2,1346,558,158,446,1,1,1
1310,2,1338,558,163,447,1,1,1
1311,2,1329,558,167,446,1,1,1
1312,2,1329,558,163,448,1,1,1
1313,2,1328,557,160,450,1,1,1
1314,2,1328,556,155,452,1,1,1
1315,2,1327,556,152,452,1,1,1
1316,2,1326,554,147,454,1,1,1
1317,2,1321,555,145,455,1,1,1
1318,2,1316,554,141,456,1,1,1
1319,2,1310,554,139,457,1,1,1
1320,2,1305,554,135,457,1,1,1
802,3,1546,596,176,479,1,1,1
803,3,1545,597,173,476,1,1,1
804,3,1543,598,171,474,1,1,1
805,3,1542,599,167,472,1,1,1
806,3,1541,600,164,469,1,1,1
807,3,1539,601,163,469,1,1,1
808,3,1537,601,162,470,1,1,1
809,3,1535,602,161,470,1,1,1
810,3,1533,602,160,471,1,1,1
811,3,1530,602,158,471,1,1,1
812,3,1529,603,159,471,1,1,1
813,3,1527,604,159,469,1,1,1
814,3,1525,604,159,469,1,1,1
815,3,1523,605,159,467,1,1,1
816,3,1520,605,158,466,1,1,1
817,3,1521,604,157,464,1,1,1
818,3,1522,603,154,461,1,1,1
819,3,1522,602,153,457,1,1,1
820,3,1523,601,150,454,1,1,1
821,3,1523,600,148,451,1,1,1
822,3,1521,600,149,449,1,1,1
823,3,1519,600,149,446,1,1,1
824,3,1517,600,149,444,1,1,1
825,3,1515,600,149,441,1,1,1
826,3,1512,600,148,438,1,1,1
827,3,1513,601,148,438,1,1,1
828,3,1513,602,146,437,1,1,1
829,3,1513,603,145,437,1,1,1
830,3,1513,604,144,437,1,1,1
831,3,1512,605,143,435,1,1,1
832,3,1514,606,142,435,1,1,1
833,3,1516,606,140,434,1,1,1
834,3,1517,607,139,432,1,1,1
835,3,1519,607,137,432,1,1,1
836,3,1520,607,135,430,1,1,1
837,3,1522,607,137,429,1,1,1
838,3,1524,607,139,426,1,1,1
839,3,1525,606,141,425,1,1,1
840,3,1527,606,142,422,1,1,1
841,3,1528,605,143,420,1,1,1
842,3,1529,605,144,417,1,1,1
843,3,1529,605,146,413,1,1,1
844,3,1530,605,146,410,1,1,1
845,3,1530,605,148,406,1,1,1
846,3,1530,605,148,402,1,1,1
847,3,1526,605,150,402,1,1,1
848,3,1522,604,150,402,1,1,1
849,3,1517,604,152,401,1,1,1
850,3,1512,603,153,401,1,1,1
851,3,1507,602,153,400,1,1,1
852,3,1503,603,158,399,1,1,1
853,3,1498,603,161,399,1,1,1
854,3,1494,603,164,398,1,1,1
855,3,1489,603,168,398,1,1,1
856,3,1484,602,171,397,1,1,1
857,3,1484,603,169,396,1,1,1
858,3,1483,604,167,395,1,1,1
859,3,1482,604,165,394,1,1,1
860,3,1481,605,163,393,1,1,1
861,3,1479,605,161,392,1,1,1
862,3,1480,604,158,391,1,1,1
863,3,1481,603,155,389,1,1,1
864,3,1481,602,152,388,1,1,1
865,3,1482,601,149,386,1,1,1
866,3,1482,600,146,384,1,1,1
867,3,1482,600,142,383,1,1,1
868,3,1481,600,139,381,1,1,1
869,3,1481,600,135,378,1,1,1
870,3,1480,600,132,376,1,1,1
871,3,1479,600,128,374,1,1,1
872,3,1478,600,126,374,1,1,1
873,3,1476,600,123,374,1,1,1
874,3,1475,600,120,374,1,1,1
875,3,1473,600,118,374,1,1,1
876,3,1471,600,115,374,1,1,1
877,3,1470,602,112,372,1,1,1
878,3,1468,603,109,371,1,1,1
879,3,1466,605,106,369,1,1,1
880,3,1464,607,103,367,1,1,1
881,3,1462,608,99,365,1,1,1
882,3,1460,608,100,365,1,1,1
883,3,1458,607,100,364,1,1,1
884,3,1455,607,101,363,1,1,1
885,3,1453,606,101,362,1,1,1
886,3,1450,605,101,361,1,1,1
887,3,1449,605,98,360,1,1,1
888,3,1447,605,96,357,1,1,1
889,3,1446,605,93,355,1,1,1
890,3,1444,605,90,353,1,1,1
891,3,1442,604,87,350,1,1,1
892,3,1436,605,92,350,1,1,1
893,3,1430,605,96,349,1,1,1
894,3,1423,605,102,348,1,1,1
895,3,1416,605,107,347,1,1,1
896,3,1409,605,110,346,1,1,1
897,3,1402,605,116,347,1,1,1
898,3,1394,605,122,347,1,1,1
899,3,1386,605,127,347,1,1,1
900,3,1378,605,132,348,1,1,1
901,3,1370,605,137,347,1,1,1
902,3,1365,605,140,348,1,1,1
903,3,1360,605,143,348,1,1,1
904,3,1354,605,146,348,1,1,1
905,3,1349,605,148,349,1,1,1
906,3,1343,605,151,348,1,1,1
907,3,1341,606,153,348,1,1,1
908,3,1339,607,155,347,1,1,1
909,3,1337,608,156,345,1,1,1
910,3,1335,609,157,344,1,1,1
911,3,1332,610,159,342,1,1,1
912,3,1334,609,154,343,1,1,1
913,3,1335,609,149,342,1,1,1
914,3,1336,608,144,343,1,1,1
915,3,1338,607,138,343,1,1,1
916,3,1338,606,132,342,1,1,1
917,3,1339,606,124,343,1,1,1
918,3,1339,605,115,345,1,1,1
919,3,1339,605,107,345,1,1,1
920,3,1339,604,98,347,1,1,1
921,3,1338,604,89,346,1,1,1
922,3,1334,604,93,347,1,1,1
923,3,1329,605,95,346,1,1,1
924,3,1324,605,98,346,1,1,1
925,3,1319,606,101,345,1,1,1
926,3,1314,606,104,344,1,1,1
927,3,1304,607,112,344,1,1,1
928,3,1294,608,119,344,1,1,1
929,3,1284,609,126,343,1,1,1
930,3,1273,609,134,344,1,1,1
931,3,1263,610,140,342,1,1,1
976,3,1315,597,117,317,1,1,1
977,3,1317,599,115,315,1,1,1
978,3,1318,602,113,310,1,1,1
979,3,1319,604,111,307,1,1,1
980,3,1321,606,108,303,1,1,1
981,3,1321,607,105,300,1,1,1
982,3,1326,607,101,301,1,1,1
983,3,1329,605,98,303,1,1,1
984,3,1333,604,94,304,1,1,1
985,3,1337,603,90,306,1,1,1
986,3,1340,601,86,306,1,1,1
987,3,1341,602,86,307,1,1,1
988,3,1340,602,87,307,1,1,1
989,3,1340,602,88,308,1,1,1
990,3,1340,602,88,308,1,1,1
991,3,1340,602,87,307,1,1,1
992,3,1338,602,87,309,1,1,1
993,3,1335,602,87,310,1,1,1
994,3,1333,601,86,312,1,1,1
995,3,1331,601,85,313,1,1,1
996,3,1328,600,84,314,1,1,1
1006,3,1272,606,90,302,1,1,1
1021,3,1193,603,106,313,1,1,1
1022,3,1190,603,108,314,1,1,1
1023,3,1187,603,109,315,1,1,1
1024,3,1184,603,110,315,1,1,1
1025,3,1181,603,110,316,1,1,1
1026,3,1177,603,111,316,1,1,1
1027,3,1174,603,108,315,1,1,1
1028,3,1172,603,104,314,1,1,1
1029,3,1169,602,100,314,1,1,1
1030,3,1166,602,97,313,1,1,1
1031,3,1163,601,93,311,1,1,1
1032,3,1159,603,98,311,1,1,1
1033,3,1154,604,104,310,1,1,1
1034,3,1150,605,109,310,1,1,1
1035,3,1145,607,114,308,1,1,1
1036,3,1140,607,119,307,1,1,1
1037,3,1140,609,120,307,1,1,1
1038,3,1139,610,122,306,1,1,1
1039,3,1138,611,123,306,1,1,1
1040,3,1138,612,123,305,1,1,1
1041,3,1136,612,124,304,1,1,1
1042,3,1137,612,124,306,1,1,1
1043,3,1137,612,124,307,1,1,1
1044,3,1137,611,124,309,1,1,1
1045,3,1137,611,124,310,1,1,1
1046,3,1136,610,124,311,1,1,1
1047,3,1141,611,119,316,1,1,1
1048,3,1145,611,115,320,1,1,1
1049,3,1149,611,110,325,1,1,1
1050,3,1153,612,106,329,1,1,1
1051,3,1156,612,101,333,1,1,1
1076,3,1197,586,105,375,1,1,1
1077,3,1199,586,113,376,1,1,1
1078,3,1199,585,122,377,1,1,1
1079,3,1200,585,130,377,1,1,1
1080,3,1201,585,138,377,1,1,1
1081,3,1201,584,146,377,1,1,1
1082,3,1201,586,152,379,1,1,1
1083,3,1200,588,159,381,1,1,1
1084,3,1199,590,165,382,1,1,1
1085,3,1199,592,171,383,1,1,1
1086,3,1198,594,177,384,1,1,1
1087,3,1200,595,173,384,1,1,1
1088,3,1202,595,169,386,1,1,1
1089,3,1204,596,164,386,1,1,1
1090,3,1207,596,159,388,1,1,1
1091,3,1208,596,155,388,1,1,1
1092,3,1219,597,152,388,1,1,1
1093,3,1230,597,149,388,1,1,1
1094,3,1241,597,146,388,1,1,1
1095,3,1252,597,142,387,1,1,1
1096,3,1262,596,139,387,1,1,1
1097,3,1269,596,137,391,1,1,1
1098,3,1276,596,135,393,1,1,1
1099,3,1282,595,134,397,1,1,1
1100,3,1289,595,132,399,1,1,1
1101,3,1295,594,129,402,1,1,1
1102,3,1301,596,130,404,1,1,1
1103,3,1306,597,130,406,1,1,1
1104,3,1312,599,129,407,1,1,1
1105,3,1317,600,129,409,1,1,1
1106,3,1322,601,129,409,1,1,1
1107,3,1323,603,133,411,1,1,1
1108,3,1324,604,136,412,1,1,1
1109,3,1325,605,139,413,1,1,1
1110,3,1326,606,143,414,1,1,1
1111,3,1327,606,145,415,1,1,1
1112,3,1334,605,145,417,1,1,1
1113,3,1341,603,144,419,1,1,1
1114,3,1349,602,142,420,1,1,1
1115,3,1356,600,141,422,1,1,1
1116,3,1362,598,140,423,1,1,1
1117,3,1370,597,138,424,1,1,1
1118,3,1378,596,136,425,1,1,1
1119,3,1386,595,133,426,1,1,1
1120,3,1393,594,131,427,1,1,1
1121,3,1400,593,128,427,1,1,1
1122,3,1401,594,136,426,1,1,1
1123,3,1400,596,145,424,1,1,1
1124,3,1400,597,154,423,1,1,1
1125,3,1400,598,162,422,1,1,1
1126,3,1399,599,170,420,1,1,1
1127,3,1404,599,170,420,1,1,1
1128,3,1407,598,171,421,1,1,1
1129,3,1411,598,172,421,1,1,1
1130,3,1415,598,172,421,1,1,1
1131,3,1418,597,172,421,1,1,1
1132,3,1432,599,162,420,1,1,1
1133,3,1446,601,152,419,1,1,1
1134,3,1459,602,142,419,1,1,1
1135,3,1473,604,131,418,1,1,1
1136,3,1486,605,121,417,1,1,1
1137,3,1492,606,125,416,1,1,1
1138,3,1498,607,129,415,1,1,1
1139,3,1503,607,134,415,1,1,1
1140,3,1509,608,138,414,1,1,1
1141,3,1514,608,141,413,1,1,1
1142,3,1515,609,149,412,1,1,1
1143,3,1515,611,156,410,1,1,1
1144,3,1515,612,163,409,1,1,1
1145,3,1516,613,169,407,1,1,1
1146,3,1515,614,176,405,1,1,1
1147,3,1517,615,177,404,1,1,1
1148,3,1519,615,177,404,1,1,1
1149,3,1521,615,177,403,1,1,1
1150,3,1522,616,178,402,1,1,1
1151,3,1523,615,178,401,1,1,1
1152,3,1529,616,178,402,1,1,1
1153,3,1535,616,176,402,1,1,1
1154,3,1540,615,176,403,1,1,1
1155,3,1546,615,174,403,1,1,1
1156,3,1551,615,173,402,1,1,1
1157,3,1554,615,172,403,1,1,1
1158,3,1557,615,171,403,1,1,1
1159,3,1559,615,170,404,1,1,1
1160,3,1562,615,168,404,1,1,1
1161,3,1564,614,166,404,1,1,1
1162,3,1560,615,169,404,1,1,1
1163,3,1555,616,172,404,1,1,1
1164,3,1550,616,175,404,1,1,1
1165,3,1545,617,178,403,1,1,1
1166,3,1539,617,180,403,1,1,1
1167,3,1537,617,179,403,1,1,1
1168,3,1534,616,178,405,1,1,1
1169,3,1531,616,176,405,1,1,1
1170,3,1528,615,175,406,1,1,1
1171,3,1525,614,172,405,1,1,1
1172,3,1525,614,172,406,1,1,1
1173,3,1525,614,171,405,1,1,1
1174,3,1524,613,170,405,1,1,1
1175,3,1524,613,169,404,1,1,1
1176,3,1523,612,168,403,1,1,1
1177,3,1523,612,162,401,1,1,1
1178,3,1523,611,156,400,1,1,1
1179,3,1523,610,150,398,1,1,1
1180,3,1523,610,143,396,1,1,1
1181,3,1523,608,137,394,1,1,1
1182,3,1520,609,134,394,1,1,1
1183,3,1518,609,130,393,1,1,1
1184,3,1515,608,127,394,1,1,1
1185,3,1512,608,124,394,1,1,1
1186,3,1509,607,120,393,1,1,1
1187,3,1507,608,121,393,1,1,1
1188,3,1505,608,121,392,1,1,1
1189,3,1503,607,120,393,1,1,1
1190,3,1500,607,121,392,1,1,1
1191,3,1498,607,121,391,1,1,1
1192,3,1496,607,121,390,1,1,1
1193,3,1494,607,121,389,1,1,1
1194,3,1492,608,121,388,1,1,1
1195,3,1490,608,121,387,1,1,1
1196,3,1488,607,120,385,1,1,1
1197,3,1487,607,121,384,1,1,1
1198,3,1487,605,120,384,1,1,1
1199,3,1486,604,120,383,1,1,1
1200,3,1485,603,119,381,1,1,1
1201,3,1483,601,119,380,1,1,1
1202,3,1483,601,119,378,1,1,1
1203,3,1482,600,120,376,1,1,1
1204,3,1481,599,120,374,1,1,1
1205,3,1481,599,119,371,1,1,1
1206,3,1479,598,119,368,1,1,1
1207,3,1474,598,126,368,1,1,1
1208,3,1468,597,132,368,1,1,1
1209,3,1462,596,139,369,1,1,1
1210,3,1456,596,145,368,1,1,1
1211,3,1450,594,151,368,1,1,1
1212,3,1450,594,154,368,1,1,1
1213,3,1449,593,157,369,1,1,1
1214,3,1448,592,159,369,1,1,1
1215,3,1448,592,161,368,1,1,1
1216,3,1447,590,163,368,1,1,1
1217,3,1448,590,160,369,1,1,1
1218,3,1449,589,156,369,1,1,1
1219,3,1450,588,152,369,1,1,1
1220,3,1451,587,148,369,1,1,1
1221,3,1451,586,144,369,1,1,1
1222,3,1452,586,147,369,1,1,1
1223,3,1451,586,150,368,1,1,1
1224,3,1451,586,152,367,1,1,1
1225,3,1451,586,155,366,1,1,1
1226,3,1450,586,157,365,1,1,1
1227,3,1450,585,155,366,1,1,1
1228,3,1449,584,152,366,1,1,1
1229,3,1449,583,149,366,1,1,1
1230,3,1448,583,146,365,1,1,1
1231,3,1447,581,143,366,1,1,1
1232,3,1446,581,142,364,1,1,1
1233,3,1445,580,140,363,1,1,1
1234,3,1443,580,139,361,1,1,1
1235,3,1442,579,137,359,1,1,1
1236,3,1440,578,136,357,1,1,1
1237,3,1439,579,139,356,1,1,1
1238,3,1439,579,140,356,1,1,1
1239,3,1438,580,143,354,1,1,1
1240,3,1438,580,144,353,1,1,1
1241,3,1437,580,146,351,1,1,1
1242,3,1437,581,146,351,1,1,1
1243,3,1438,580,143,351,1,1,1
1244,3,1438,580,142,351,1,1,1
1245,3,1439,580,139,350,1,1,1
1246,3,1439,579,137,350,1,1,1
1247,3,1441,579,132,351,1,1,1
1248,3,1442,579,127,350,1,1,1
1249,3,1444,579,121,350,1,1,1
1250,3,1445,579,116,350,1,1,1
1251,3,1446,579,110,349,1,1,1
1252,3,1449,579,111,347,1,1,1
1253,3,1450,580,113,344,1,1,1
1254,3,1452,580,114,341,1,1,1
1255,3,1454,580,115,339,1,1,1
1256,3,1455,580,116,336,1,1,1
1257,3,1458,580,118,336,1,1,1
1258,3,1460,579,119,337,1,1,1
1259,3,1462,579,120,336,1,1,1
1260,3,1464,578,121,337,1,1,1
1261,3,1466,577,122,336,1,1,1
1262,3,1465,577,121,337,1,1,1
1263,3,1464,576,119,338,1,1,1
1264,3,1464,576,117,338,1,1,1
1265,3,1463,575,115,339,1,1,1
1266,3,1462,574,113,339,1,1,1
1267,3,1460,574,115,339,1,1,1
1268,3,1458,573,115,340,1,1,1
1269,3,1456,571,116,341,1,1,1
1270,3,1454,570,117,342,1,1,1
1271,3,1451,569,117,341,1,1,1
1272,3,1450,569,116,341,1,1,1
1273,3,1449,569,114,340,1,1,1
1274,3,1448,569,112,338,1,1,1
1275,3,1447,570,110,336,1,1,1
1276,3,1445,569,108,335,1,1,1
1277,3,1444,570,108,333,1,1,1
1278,3,1442,569,108,331,1,1,1
1279,3,1440,569,108,328,1,1,1
1280,3,1438,569,108,326,1,1,1
1281,3,1435,569,107,323,1,1,1
1282,3,1434,570,108,323,1,1,1
1283,3,1433,570,108,324,1,1,1
1284,3,1431,571,108,324,1,1,1
1285,3,1430,571,107,325,1,1,1
1286,3,1428,571,107,325,1,1,1
1287,3,1427,571,107,326,1,1,1
1288,3,1426,571,106,325,1,1,1
1289,3,1425,570,105,326,1,1,1
1290,3,1424,570,104,325,1,1,1
1291,3,1423,569,102,325,1,1,1
1292,3,1423,570,100,324,1,1,1
1293,3,1422,571,97,323,1,1,1
1294,3,1422,572,94,321,1,1,1
1295,3,1421,573,92,320,1,1,1
1296,3,1420,574,89,317,1,1,1
806,4,935,564,125,379,1,1,1
807,4,939,565,126,379,1,1,1
808,4,942,565,126,380,1,1,1
809,4,945,566,126,379,1,1,1
810,4,948,566,126,380,1,1,1
811,4,951,566,125,379,1,1,1
812,4,953,568,131,379,1,1,1
813,4,954,569,137,378,1,1,1
814,4,956,570,142,378,1,1,1
815,4,957,571,149,377,1,1,1
816,4,958,571,153,376,1,1,1
817,4,963,573,149,377,1,1,1
818,4,966,574,145,378,1,1,1
819,4,970,575,140,378,1,1,1
820,4,973,576,136,379,1,1,1
821,4,976,576,130,379,1,1,1
822,4,979,576,131,381,1,1,1
823,4,981,575,132,383,1,1,1
824,4,983,574,132,385,1,1,1
825,4,985,573,133,388,1,1,1
826,4,987,571,133,389,1,1,1
827,4,992,572,132,389,1,1,1
828,4,996,573,132,386,1,1,1
829,4,1001,573,130,385,1,1,1
830,4,1006,574,129,383,1,1,1
831,4,1010,574,128,382,1,1,1
832,4,1012,574,129,384,1,1,1
833,4,1014,573,129,388,1,1,1
834,4,1016,573,129,390,1,1,1
835,4,1018,572,129,393,1,1,1
836,4,1020,571,128,394,1,1,1
837,4,1023,572,128,395,1,1,1
838,4,1026,572,127,396,1,1,1
839,4,1028,572,127,396,1,1,1
840,4,1031,572,126,397,1,1,1
841,4,1033,571,125,397,1,1,1
842,4,1034,572,127,399,1,1,1
843,4,1035,573,128,399,1,1,1
844,4,1036,573,129,401,1,1,1
845,4,1037,574,130,401,1,1,1
846,4,1038,574,130,402,1,1,1
847,4,1041,574,131,403,1,1,1
848,4,1044,573,130,405,1,1,1
849,4,1046,573,131,405,1,1,1
850,4,1049,572,130,407,1,1,1
851,4,1051,571,130,407,1,1,1
852,4,1052,571,132,408,1,1,1
853,4,1052,570,133,408,1,1,1
854,4,1053,569,134,409,1,1,1
855,4,1053,568,135,409,1,1,1
856,4,1053,566,135,410,1,1,1
857,4,1056,566,136,411,1,1,1
858,4,1058,566,136,411,1,1,1
859,4,1060,565,136,412,1,1,1
860,4,1062,565,136,412,1,1,1
861,4,1064,564,135,412,1,1,1
862,4,1066,564,140,413,1,1,1
863,4,1068,563,144,415,1,1,1
864,4,1070,563,148,415,1,1,1
865,4,1072,562,153,417,1,1,1
866,4,1074,561,156,417,1,1,1
867,4,1076,562,157,420,1,1,1
868,4,1078,563,157,422,1,1,1
869,4,1081,563,156,424,1,1,1
870,4,1083,564,156,426,1,1,1
871,4,1084,564,156,428,1,1,1
872,4,1089,564,153,429,1,1,1
873,4,1093,564,149,429,1,1,1
874,4,1097,564,146,430,1,1,1
875,4,1101,564,142,430,1,1,1
876,4,1105,564,138,430,1,1,1
877,4,1109,564,138,432,1,1,1
878,4,1113,563,138,433,1,1,1
879,4,1117,563,138,434,1,1,1
880,4,1121,562,138,436,1,1,1
881,4,1125,561,137,437,1,1,1
882,4,1128,561,138,439,1,1,1
883,4,1131,561,138,440,1,1,1
884,4,1133,561,139,441,1,1,1
885,4,1136,561,139,442,1,1,1
886,4,1138,560,139,443,1,1,1
887,4,1140,560,140,447,1,1,1
888,4,1141,560,141,450,1,1,1
889,4,1142,560,142,453,1,1,1
890,4,1143,560,142,456,1,1,1
891,4,1144,559,143,459,1,1,1
892,4,1146,561,143,460,1,1,1
893,4,1148,563,143,460,1,1,1
894,4,1150,565,142,460,1,1,1
895,4,1152,566,142,462,1,1,1
896,4,1153,568,141,461,1,1,1
897,4,1156,567,142,465,1,1,1
898,4,1158,567,142,468,1,1,1
899,4,1160,566,142,472,1,1,1
900,4,1162,565,142,475,1,1,1
901,4,1163,564,141,478,1,1,1
902,4,1163,563,145,480,1,1,1
903,4,1163,561,147,482,1,1,1
904,4,1162,560,151,483,1,1,1
905,4,1162,558,153,485,1,1,1
906,4,1161,556,156,487,1,1,1
907,4,1162,557,158,487,1,1,1
908,4,1163,557,159,487,1,1,1
909,4,1164,557,160,487,1,1,1
910,4,1165,557,161,488,1,1,1
911,4,1165,557,163,487,1,1,1
912,4,1168,558,164,491,1,1,1
913,4,1170,560,165,492,1,1,1
914,4,1173,561,165,495,1,1,1
915,4,1175,562,167,498,1,1,1
916,4,1177,563,167,500,1,1,1
917,4,1180,564,165,504,1,1,1
918,4,1182,566,164,506,1,1,1
919,4,1184,567,162,510,1,1,1
920,4,1186,568,161,513,1,1,1
921,4,1187,569,159,516,1,1,1
922,4,1190,569,160,518,1,1,1
923,4,1193,569,160,519,1,1,1
924,4,1195,568,162,521,1,1,1
925,4,1198,568,162,523,1,1,1
926,4,1200,567,163,524,1,1,1
927,4,1202,566,165,525,1,1,1
928,4,1205,565,165,526,1,1,1
929,4,1207,564,166,527,1,1,1
930,4,1210,562,166,528,1,1,1
931,4,1212,561,167,528,1,1,1
932,4,1214,561,168,532,1,1,1
933,4,1216,561,168,535,1,1,1
934,4,1218,561,169,539,1,1,1
935,4,1220,561,169,542,1,1,1
936,4,1222,561,169,544,1,1,1
937,4,1224,561,169,548,1,1,1
938,4,1227,561,167,552,1,1,1
939,4,1229,561,167,555,1,1,1
940,4,1231,561,166,558,1,1,1
941,4,1232,561,165,561,1,1,1
942,4,1233,563,167,563,1,1,1
943,4,1234,564,167,566,1,1,1
944,4,1235,566,168,567,1,1,1
945,4,1236,568,168,569,1,1,1
946,4,1236,569,169,571,1,1,1
947,4,1239,568,173,575,1,1,1
948,4,1242,566,176,579,1,1,1
949,4,1244,565,180,582,1,1,1
950,4,1246,563,184,586,1,1,1
951,4,1248,561,187,589,1,1,1
952,4,1251,559,188,593,1,1,1
953,4,1254,557,189,595,1,1,1
954,4,1256,555,191,598,1,1,1
955,4,1259,553,191,600,1,1,1
956,4,1261,551,192,602,1,1,1
957,4,1267,550,192,608,1,1,1
958,4,1272,549,192,614,1,1,1
959,4,1277,548,192,620,1,1,1
960,4,1282,547,192,625,1,1,1
961,4,1287,546,192,630,1,1,1
962,4,1291,547,191,634,1,1,1
963,4,1294,547,190,638,1,1,1
964,4,1298,548,188,641,1,1,1
965,4,1302,548,186,645,1,1,1
966,4,1305,548,184,648,1,1,1
967,4,1306,549,186,652,1,1,1
968,4,1307,550,188,655,1,1,1
969,4,1308,550,189,658,1,1,1
970,4,1309,551,191,661,1,1,1
971,4,1310,551,192,664,1,1,1
972,4,1316,550,190,666,1,1,1
973,4,1322,548,188,669,1,1,1
974,4,1327,547,186,671,1,1,1
975,4,1333,545,184,674,1,1,1
976,4,1338,543,182,676,1,1,1
977,4,1339,542,182,678,1,1,1
978,4,1340,541,182,679,1,1,1
979,4,1340,539,183,681,1,1,1
980,4,1341,538,183,681,1,1,1
981,4,1341,536,183,682,1,1,1
982,4,1338,537,187,682,1,1,1
983,4,1335,538,189,682,1,1,1
984,4,1331,538,193,682,1,1,1
985,4,1328,538,195,683,1,1,1
986,4,1324,538,197,682,1,1,1
987,4,1322,539,200,682,1,1,1
988,4,1320,539,202,682,1,1,1
989,4,1318,540,204,682,1,1,1
990,4,1316,540,206,682,1,1,1
991,4,1313,540,208,682,1,1,1
992,4,1313,541,208,681,1,1,1
993,4,1313,541,206,682,1,1,1
994,4,1313,541,204,682,1,1,1
995,4,1313,541,203,682,1,1,1
996,4,1312,541,201,681,1,1,1
997,4,1313,542,200,682,1,1,1
998,4,1314,543,197,682,1,1,1
999,4,1315,543,195,682,1,1,1
1000,4,1316,543,193,683,1,1,1
1001,4,1316,543,190,683,1,1,1
1002,4,1312,544,192,679,1,1,1
1003,4,1307,545,194,674,1,1,1
1004,4,1302,545,196,670,1,1,1
1005,4,1298,546,197,664,1,1,1
1006,4,1293,546,199,660,1,1,1
1007,4,1285,546,205,657,1,1,1
1008,4,1276,546,211,654,1,1,1
1009,4,1268,546,217,652,1,1,1
1010,4,1260,546,223,649,1,1,1
1011,4,1251,546,229,645,1,1,1
1012,4,1247,547,229,645,1,1,1
1013,4,1243,547,229,645,1,1,1
1014,4,1239,548,229,645,1,1,1
1015,4,1235,548,229,645,1,1,1
1016,4,1231,548,228,644,1,1,1
1017,4,1235,550,221,643,1,1,1
1018,4,1239,551,214,641,1,1,1
1019,4,1242,552,207,640,1,1,1
1020,4,1246,554,199,637,1,1,1
1021,4,1249,554,192,635,1,1,1
1022,4,1245,556,193,633,1,1,1
1023,4,1241,556,193,631,1,1,1
1024,4,1237,557,193,628,1,1,1
1025,4,1234,558,193,625,1,1,1
1026,4,1229,558,193,622,1,1,1
1027,4,1227,559,192,619,1,1,1
1028,4,1225,559,190,616,1,1,1
1029,4,1222,559,188,612,1,1,1
1030,4,1220,559,186,609,1,1,1
1031,4,1217,559,184,605,1,1,1
1032,4,1215,560,184,598,1,1,1
1033,4,1212,560,185,592,1,1,1
1034,4,1209,560,185,586,1,1,1
1035,4,1206,560,186,579,1,1,1
1036,4,1203,560,185,572,1,1,1
1037,4,1201,561,187,571,1,1,1
1038,4,1199,562,188,570,1,1,1
1039,4,1196,564,190,567,1,1,1
1040,4,1194,565,192,565,1,1,1
1041,4,1191,565,193,563,1,1,1
1042,4,1190,569,193,561,1,1,1
1043,4,1189,571,192,558,1,1,1
1044,4,1187,574,192,555,1,1,1
1045,4,1186,577,192,552,1,1,1
1046,4,1184,579,191,549,1,1,1
1047,4,1186,581,188,544,1,1,1
1048,4,1187,582,186,538,1,1,1
1049,4,1188,583,183,533,1,1,1
1050,4,1188,584,182,527,1,1,1
1051,4,1189,584,178,522,1,1,1
1052,4,1187,583,179,518,1,1,1
1053,4,1186,582,179,514,1,1,1
1054,4,1184,580,179,510,1,1,1
1055,4,1182,579,179,506,1,1,1
1056,4,1179,577,179,501,1,1,1
1057,4,1179,578,177,501,1,1,1
1058,4,1177,578,176,501,1,1,1
1059,4,1176,578,174,500,1,1,1
1060,4,1175,578,172,500,1,1,1
1061,4,1173,578,170,498,1,1,1
1062,4,1170,579,169,495,1,1,1
1063,4,1167,580,168,492,1,1,1
1064,4,1164,581,167,488,1,1,1
1065,4,1161,581,165,485,1,1,1
1066,4,1157,582,164,481,1,1,1
1067,4,1154,581,157,478,1,1,1
1068,4,1151,579,149,475,1,1,1
1069,4,1148,578,142,471,1,1,1
1070,4,1144,576,135,469,1,1,1
1071,4,1141,574,127,465,1,1,1
1072,4,1140,573,125,463,1,1,1
1073,4,1138,571,125,461,1,1,1
1074,4,1137,570,123,458,1,1,1
1075,4,1135,568,122,456,1,1,1
1076,4,1133,566,120,454,1,1,1
1077,4,1134,565,125,455,1,1,1
1078,4,1134,564,129,455,1,1,1
1079,4,1134,564,134,455,1,1,1
1080,4,1135,563,137,455,1,1,1
1081,4,1134,562,141,455,1,1,1
1082,4,1135,561,143,457,1,1,1
1083,4,1135,561,145,457,1,1,1
1084,4,1135,560,147,459,1,1,1
1085,4,1135,559,148,460,1,1,1
1086,4,1135,558,150,462,1,1,1
1087,4,1137,559,152,459,1,1,1
1088,4,1139,561,154,454,1,1,1
1089,4,1141,562,155,451,1,1,1
1090,4,1144,563,156,448,1,1,1
1091,4,1145,564,158,444,1,1,1
1092,4,1144,565,164,444,1,1,1
1093,4,1143,565,169,444,1,1,1
1094,4,1141,565,175,444,1,1,1
1095,4,1140,565,180,444,1,1,1
1096,4,1138,565,185,443,1,1,1
1097,4,1134,565,180,443,1,1,1
1098,4,1130,566,175,442,1,1,1
1099,4,1127,566,169,441,1,1,1
1100,4,1123,566,163,441,1,1,1
1101,4,1118,565,158,440,1,1,1
1102,4,1118,566,157,440,1,1,1
1103,4,1118,567,155,438,1,1,1
1104,4,1117,567,154,437,1,1,1
1105,4,1117,568,152,436,1,1,1
1106,4,1116,568,150,434,1,1,1
1107,4,1113,567,152,433,1,1,1
1108,4,1109,566,155,430,1,1,1
1109,4,1106,565,156,428,1,1,1
1110,4,1102,563,158,426,1,1,1
1111,4,1098,562,159,423,1,1,1
1112,4,1097,561,159,424,1,1,1
1113,4,1094,560,160,424,1,1,1
1114,4,1092,560,160,423,1,1,1
1115,4,1090,559,160,424,1,1,1
1116,4,1087,558,160,423,1,1,1
1117,4,1087,558,158,423,1,1,1
1118,4,1085,559,158,422,1,1,1
1119,4,1084,559,157,422,1,1,1
1120,4,1083,560,156,420,1,1,1
1121,4,1082,560,153,419,1,1,1
1122,4,1081,561,154,419,1,1,1
1123,4,1080,561,153,419,1,1,1
1124,4,1079,562,153,418,1,1,1
1125,4,1078,562,152,418,1,1,1
1126,4,1076,563,151,416,1,1,1
1127,4,1076,565,150,415,1,1,1
1128,4,1075,566,149,413,1,1,1
1129,4,1074,568,148,411,1,1,1
1130,4,1073,570,147,409,1,1,1
1131,4,1072,571,145,406,1,1,1
1132,4,1072,571,145,406,1,1,1
1133,4,1071,571,144,405,1,1,1
1134,4,1070,571,144,403,1,1,1
1135,4,1069,571,144,402,1,1,1
1136,4,1068,570,143,401,1,1,1
1137,4,1069,571,142,398,1,1,1
1138,4,1069,571,141,395,1,1,1
1139,4,1070,572,138,391,1,1,1
1140,4,1070,572,137,388,1,1,1
1141,4,1070,572,135,384,1,1,1
1142,4,1069,573,137,384,1,1,1
1143,4,1068,574,137,383,1,1,1
1144,4,1066,574,139,384,1,1,1
1145,4,1065,574,139,384,1,1,1
1146,4,1063,574,140,383,1,1,1
1147,4,1064,576,139,382,1,1,1
1148,4,1064,577,137,381,1,1,1
1149,4,1065,578,135,381,1,1,1
1150,4,1066,579,133,380,1,1,1
1151,4,1066,579,131,379,1,1,1
1152,4,1066,580,131,378,1,1,1
1153,4,1065,581,130,377,1,1,1
1154,4,1064,582,130,375,1,1,1
1155,4,1064,583,128,373,1,1,1
1156,4,1063,583,127,371,1,1,1
1157,4,1062,583,128,370,1,1,1
1158,4,1062,582,127,369,1,1,1
1159,4,1061,582,127,366,1,1,1
1160,4,1061,581,126,365,1,1,1
1161,4,1060,580,125,363,1,1,1
1162,4,1060,581,125,362,1,1,1
1163,4,1060,581,123,362,1,1,1
1164,4,1059,581,123,361,1,1,1
1165,4,1059,582,122,360,1,1,1
1166,4,1058,582,120,359,1,1,1
1167,4,1059,583,120,358,1,1,1
1168,4,1059,583,120,359,1,1,1
1169,4,1059,583,120,359,1,1,1
1170,4,1060,584,119,358,1,1,1
1171,4,1059,583,118,357,1,1,1
1172,4,1060,584,118,358,1,1,1
1173,4,1061,585,117,357,1,1,1
1174,4,1061,586,117,356,1,1,1
1175,4,1062,586,116,356,1,1,1
1176,4,1062,586,115,355,1,1,1
1177,4,1064,587,114,354,1,1,1
1178,4,1065,587,113,354,1,1,1
1179,4,1066,587,112,354,1,1,1
1180,4,1068,588,110,353,1,1,1
1181,4,1068,587,108,352,1,1,1
1182,4,1070,588,107,350,1,1,1
1183,4,1072,588,105,348,1,1,1
1184,4,1073,587,104,347,1,1,1
1185,4,1075,587,102,345,1,1,1
1186,4,1076,586,99,343,1,1,1
1187,4,1077,586,100,343,1,1,1
1188,4,1077,586,100,341,1,1,1
1189,4,1077,585,101,341,1,1,1
1190,4,1077,585,101,339,1,1,1
1191,4,1077,584,101,338,1,1,1
1192,4,1082,584,96,338,1,1,1
1193,4,1086,584,92,338,1,1,1
1194,4,1091,583,87,338,1,1,1
1195,4,1095,583,83,338,1,1,1
1196,4,1099,582,79,337,1,1,1
1197,4,1099,582,81,338,1,1,1
1198,4,1099,581,83,338,1,1,1
1199,4,1099,581,85,338,1,1,1
1200,4,1099,580,87,338,1,1,1
1201,4,1099,579,88,338,1,1,1
1202,4,1098,579,89,338,1,1,1
1203,4,1096,578,91,338,1,1,1
1204,4,1094,577,93,338,1,1,1
1205,4,1093,577,94,338,1,1,1
1206,4,1090,576,96,337,1,1,1
1207,4,1088,576,101,337,1,1,1
1208,4,1085,575,105,337,1,1,1
1209,4,1081,575,111,335,1,1,1
1210,4,1078,575,115,334,1,1,1
1211,4,1075,574,119,334,1,1,1
1212,4,1075,574,119,333,1,1,1
1213,4,1075,573,119,332,1,1,1
1214,4,1074,573,119,331,1,1,1
1215,4,1074,572,119,330,1,1,1
1216,4,1073,571,119,328,1,1,1
1217,4,1067,571,123,329,1,1,1
1218,4,1061,569,126,331,1,1,1
1219,4,1055,568,129,331,1,1,1
1220,4,1049,567,132,332,1,1,1
1221,4,1042,565,135,333,1,1,1
1222,4,1043,565,132,333,1,1,1
1223,4,1044,564,129,333,1,1,1
1224,4,1044,564,126,332,1,1,1
1225,4,1045,563,122,332,1,1,1
1226,4,1044,562,119,332,1,1,1
1227,4,1047,561,116,333,1,1,1
1228,4,1050,561,112,332,1,1,1
1229,4,1052,560,109,333,1,1,1
1230,4,1054,559,106,333,1,1,1
1231,4,1056,557,102,333,1,1,1
1232,4,1057,557,101,334,1,1,1
1233,4,1057,556,100,335,1,1,1
1234,4,1057,556,99,335,1,1,1
1235,4,1057,555,98,335,1,1,1
1236,4,1057,554,96,335,1,1,1
1237,4,1056,554,98,336,1,1,1
1238,4,1055,553,98,337,1,1,1
1239,4,1053,553,99,336,1,1,1
1240,4,1052,552,100,337,1,1,1
1241,4,1050,551,100,337,1,1,1
1242,4,1053,552,98,337,1,1,1
1243,4,1056,552,94,336,1,1,1
1244,4,1059,552,91,336,1,1,1
1245,4,1061,552,89,336,1,1,1
1246,4,1063,552,85,334,1,1,1
1247,4,1066,552,84,335,1,1,1
1248,4,1069,551,81,335,1,1,1
1249,4,1071,550,79,336,1,1,1
1250,4,1074,549,76,336,1,1,1
1251,4,1076,547,73,336,1,1,1
1252,4,1077,548,73,336,1,1,1
1253,4,1077,548,72,336,1,1,1
1254,4,1077,547,72,337,1,1,1
1255,4,1077,547,71,337,1,1,1
1256,4,1077,547,70,336,1,1,1
1257,4,1072,547,76,336,1,1,1
1258,4,1067,547,81,335,1,1,1
1259,4,1061,548,87,333,1,1,1
1260,4,1056,548,93,332,1,1,1
1261,4,1050,547,98,331,1,1,1
1262,4,1052,547,97,332,1,1,1
1263,4,1053,547,95,332,1,1,1
1264,4,1054,546,93,333,1,1,1
1265,4,1055,546,91,333,1,1,1
1266,4,1055,545,89,332,1,1,1
1267,4,1051,545,94,333,1,1,1
1268,4,1047,544,97,333,1,1,1
1269,4,1042,544,101,333,1,1,1
1270,4,1038,543,105,333,1,1,1
1271,4,1032,542,108,332,1,1,1
1272,4,1025,543,117,333,1,1,1
1273,4,1018,543,124,333,1,1,1
1274,4,1010,544,133,333,1,1,1
1275,4,1003,544,140,333,1,1,1
1276,4,994,544,148,332,1,1,1
1277,4,993,544,150,333,1,1,1
1278,4,991,543,152,334,1,1,1
1279,4,989,542,154,335,1,1,1
1280,4,987,542,156,335,1,1,1
1281,4,984,541,158,335,1,1,1
1282,4,983,540,158,337,1,1,1
1283,4,982,539,156,339,1,1,1
1284,4,980,538,156,340,1,1,1
1285,4,978,537,155,342,1,1,1
1286,4,976,535,153,343,1,1,1
1287,4,977,535,143,346,1,1,1
1288,4,978,535,131,347,1,1,1
1289,4,978,534,120,349,1,1,1
1290,4,979,534,109,350,1,1,1
1291,4,979,533,97,351,1,1,1
1292,4,973,533,99,352,1,1,1
1293,4,967,532,101,354,1,1,1
1294,4,961,532,102,354,1,1,1
1295,4,955,531,103,356,1,1,1
1296,4,948,530,105,356,1,1,1
1297,4,941,533,111,355,1,1,1
1298,4,933,535,118,353,1,1,1
1299,4,926,537,123,352,1,1,1
1300,4,918,539,130,350,1,1,1
1301,4,910,541,135,348,1,1,1
1302,4,911,542,135,348,1,1,1
1303,4,912,542,133,349,1,1,1
1304,4,913,543,132,349,1,1,1
1305,4,913,543,132,349,1,1,1
1306,4,914,543,129,349,1,1,1
1307,4,912,543,126,350,1,1,1
1308,4,911,542,121,352,1,1,1
1309,4,909,541,117,353,1,1,1
1310,4,907,540,114,354,1,1,1
1311,4,905,538,109,355,1,1,1
1312,4,902,538,110,357,1,1,1
1313,4,898,538,111,358,1,1,1
1314,4,895,537,111,359,1,1,1
1315,4,892,537,111,359,1,1,1
1316,4,888,536,111,360,1,1,1
1317,4,880,536,119,362,1,1,1
1318,4,871,536,126,363,1,1,1
1319,4,863,536,133,364,1,1,1
1320,4,854,536,141,364,1,1,1
802,5,867,563,188,468,1,1,1
803,5,857,564,196,471,1,1,1
804,5,847,565,205,474,1,1,1
805,5,838,566,212,476,1,1,1
806,5,828,566,220,479,1,1,1
807,5,826,565,216,482,1,1,1
808,5,824,564,211,483,1,1,1
809,5,822,562,207,486,1,1,1
810,5,820,561,202,487,1,1,1
811,5,817,558,197,489,1,1,1
812,5,813,557,188,495,1,1,1
813,5,808,556,179,499,1,1,1
814,5,803,554,169,504,1,1,1
815,5,797,553,161,508,1,1,1
816,5,792,551,151,512,1,1,1
817,5,772,552,169,517,1,1,1
818,5,751,553,186,520,1,1,1
819,5,731,554,203,524,1,1,1
820,5,710,555,221,528,1,1,1
821,5,689,556,238,530,1,1,1
822,5,687,556,236,535,1,1,1
823,5,684,555,234,539,1,1,1
824,5,681,555,232,543,1,1,1
825,5,677,554,231,548,1,1,1
826,5,674,553,228,551,1,1,1
827,5,672,552,215,553,1,1,1
828,5,669,551,203,554,1,1,1
829,5,667,549,189,556,1,1,1
830,5,664,548,177,557,1,1,1
831,5,661,546,164,558,1,1,1
832,5,642,545,176,560,1,1,1
833,5,622,543,188,561,1,1,1
834,5,602,542,201,562,1,1,1
835,5,582,540,213,563,1,1,1
836,5,561,538,225,564,1,1,1
837,5,539,540,248,564,1,1,1
838,5,517,542,270,564,1,1,1
839,5,495,543,292,564,1,1,1
840,5,473,545,314,564,1,1,1
841,5,451,546,335,564,1,1,1
842,5,453,545,321,566,1,1,1
843,5,454,543,307,569,1,1,1
844,5,456,542,291,571,1,1,1
845,5,457,540,277,574,1,1,1
846,5,458,538,261,576,1,1,1
847,5,449,536,245,582,1,1,1
848,5,438,533,229,588,1,1,1
849,5,428,531,213,592,1,1,1
850,5,418,528,196,598,1,1,1
851,5,407,525,179,602,1,1,1
852,5,373,526,214,603,1,1,1
853,5,338,527,249,602,1,1,1
854,5,303,527,284,603,1,1,1
855,5,268,528,319,602,1,1,1
856,5,233,528,353,602,1,1,1
857,5,223,528,362,605,1,1,1
858,5,212,528,371,607,1,1,1
859,5,201,528,380,609,1,1,1
860,5,190,528,389,611,1,1,1
861,5,179,528,397,612,1,1,1
862,5,179,525,377,616,1,1,1
863,5,178,522,357,619,1,1,1
864,5,178,519,336,622,1,1,1
865,5,177,516,316,625,1,1,1
866,5,176,512,294,628,1,1,1
867,5,171,511,279,629,1,1,1
868,5,166,510,262,629,1,1,1
869,5,160,508,246,630,1,1,1
870,5,154,507,230,630,1,1,1
871,5,148,505,212,630,1,1,1
872,5,137,507,217,628,1,1,1
873,5,125,508,221,627,1,1,1
874,5,112,510,226,624,1,1,1
875,5,100,511,231,623,1,1,1
876,5,88,512,234,620,1,1,1
877,5,79,514,238,619,1,1,1
878,5,69,515,242,618,1,1,1
879,5,59,516,246,617,1,1,1
880,5,50,517,249,616,1,1,1
881,5,40,518,252,614,1,1,1
882,5,33,516,249,612,1,1,1
883,5,25,514,246,610,1,1,1
884,5,18,512,242,608,1,1,1
885,5,11,509,238,606,1,1,1
886,5,3,507,234,603,1,1,1
887,5,3,506,229,604,1,1,1
888,5,3,504,223,606,1,1,1
889,5,2,503,218,606,1,1,1
890,5,2,501,212,607,1,1,1
891,5,1,500,205,607,1,1,1
892,5,1,502,200,605,1,1,1
893,5,1,505,194,602,1,1,1
894,5,1,507,188,600,1,1,1
895,5,1,510,181,596,1,1,1
896,5,1,511,174,594,1,1,1
897,5,1,513,166,590,1,1,1
898,5,0,513,157,588,1,1,1
899,5,0,514,148,584,1,1,1
900,5,-1,515,140,580,1,1,1
901,5,-1,515,130,577,1,1,1
902,5,-1,516,124,572,1,1,1
903,5,-1,517,118,566,1,1,1
904,5,-1,518,113,561,1,1,1
905,5,0,519,106,555,1,1,1
906,5,0,520,100,548,1,1,1
907,5,0,521,98,543,1,1,1
908,5,0,521,95,538,1,1,1
909,5,0,522,93,531,1,1,1
910,5,0,522,90,526,1,1,1
911,5,0,522,87,520,1,1,1
912,5,0,524,87,516,1,1,1
913,5,-1,526,87,512,1,1,1
914,5,-1,527,86,509,1,1,1
915,5,-2,529,86,504,1,1,1
916,5,-2,530,85,500,1,1,1
917,5,-2,530,90,501,1,1,1
918,5,-2,530,95,502,1,1,1
919,5,-2,529,99,504,1,1,1
920,5,-2,529,104,505,1,1,1
921,5,-2,528,108,506,1,1,1
922,5,-2,528,109,507,1,1,1
923,5,-2,528,109,508,1,1,1
924,5,-2,527,109,509,1,1,1
925,5,-2,527,110,509,1,1,1
926,5,-2,526,110,510,1,1,1
927,5,-2,527,112,509,1,1,1
928,5,-1,528,112,508,1,1,1
929,5,-1,529,114,507,1,1,1
930,5,0,530,115,505,1,1,1
931,5,0,530,116,504,1,1,1
932,5,0,532,118,503,1,1,1
933,5,0,534,120,502,1,1,1
934,5,0,536,121,500,1,1,1
935,5,0,537,123,499,1,1,1
936,5,0,538,124,497,1,1,1
937,5,-1,538,127,494,1,1,1
938,5,-1,536,129,491,1,1,1
939,5,-2,535,131,488,1,1,1
940,5,-2,534,133,484,1,1,1
941,5,-2,532,135,481,1,1,1
942,5,-2,532,140,477,1,1,1
943,5,-2,531,145,473,1,1,1
944,5,-1,530,149,469,1,1,1
945,5,-1,529,155,466,1,1,1
946,5,0,528,159,461,1,1,1
947,5,5,531,172,458,1,1,1
948,5,10,533,184,456,1,1,1
949,5,15,535,196,453,1,1,1
950,5,21,536,208,452,1,1,1
951,5,25,538,220,448,1,1,1
952,5,37,539,225,446,1,1,1
953,5,49,541,228,442,1,1,1
954,5,61,542,231,439,1,1,1
955,5,73,543,235,436,1,1,1
956,5,84,543,238,433,1,1,1
957,5,97,543,235,430,1,1,1
958,5,110,543,231,427,1,1,1
959,5,123,542,226,424,1,1,1
960,5,136,542,222,421,1,1,1
961,5,148,541,217,417,1,1,1
962,5,171,540,204,414,1,1,1
963,5,193,539,190,411,1,1,1
964,5,215,538,176,407,1,1,1
965,5,237,537,162,404,1,1,1
966,5,258,535,148,400,1,1,1
967,5,275,537,144,398,1,1,1
968,5,291,538,140,396,1,1,1
969,5,307,539,136,394,1,1,1
970,5,323,540,132,392,1,1,1
971,5,338,541,128,389,1,1,1
972,5,350,542,133,388,1,1,1
973,5,361,542,137,388,1,1,1
974,5,372,543,142,386,1,1,1
975,5,384,543,146,386,1,1,1
976,5,394,543,151,384,1,1,1
977,5,404,545,150,381,1,1,1
978,5,413,547,149,376,1,1,1
979,5,422,549,148,372,1,1,1
980,5,432,551,146,367,1,1,1
981,5,440,552,145,362,1,1,1
982,5,456,552,138,360,1,1,1
983,5,470,552,132,356,1,1,1
984,5,485,551,124,354,1,1,1
985,5,500,551,117,350,1,1,1
986,5,515,550,110,346,1,1,1
987,5,525,550,113,347,1,1,1
988,5,534,550,116,346,1,1,1
989,5,543,549,119,346,1,1,1
990,5,553,549,121,345,1,1,1
991,5,562,548,124,344,1,1,1
992,5,565,550,137,343,1,1,1
993,5,568,552,149,341,1,1,1
994,5,570,554,162,339,1,1,1
995,5,573,555,174,339,1,1,1
996,5,575,556,186,336,1,1,1
997,5,579,557,185,336,1,1,1
998,5,582,558,183,334,1,1,1
999,5,584,558,183,333,1,1,1
1000,5,587,559,182,331,1,1,1
1001,5,590,559,180,329,1,1,1
1002,5,602,559,168,330,1,1,1
1003,5,614,558,155,330,1,1,1
1004,5,627,557,142,331,1,1,1
1005,5,639,557,129,330,1,1,1
1006,5,651,556,117,331,1,1,1
1007,5,657,557,112,330,1,1,1
1008,5,662,558,108,329,1,1,1
1009,5,668,559,104,328,1,1,1
1010,5,674,559,99,328,1,1,1
1011,5,679,560,94,327,1,1,1
1012,5,680,561,95,326,1,1,1
1013,5,681,562,95,325,1,1,1
1014,5,681,563,96,323,1,1,1
1015,5,682,564,95,322,1,1,1
1016,5,682,565,95,320,1,1,1
1017,5,682,566,97,319,1,1,1
1018,5,682,566,98,319,1,1,1
1019,5,682,566,99,318,1,1,1
1020,5,682,566,100,318,1,1,1
1021,5,682,566,100,317,1,1,1
1022,5,681,566,104,316,1,1,1
1023,5,680,566,107,314,1,1,1
1024,5,679,566,110,312,1,1,1
1025,5,678,566,114,310,1,1,1
1026,5,677,565,116,307,1,1,1
1027,5,675,566,116,308,1,1,1
1028,5,673,566,116,309,1,1,1
1029,5,671,566,115,309,1,1,1
1030,5,669,566,115,309,1,1,1
1031,5,667,565,114,309,1,1,1
1032,5,666,568,113,308,1,1,1
1033,5,665,570,112,306,1,1,1
1034,5,664,572,111,304,1,1,1
1035,5,663,574,110,303,1,1,1
1036,5,661,575,109,301,1,1,1
1037,5,661,577,109,299,1,1,1
1038,5,660,577,108,299,1,1,1
1039,5,659,578,107,297,1,1,1
1040,5,658,579,106,295,1,1,1
1041,5,657,579,104,294,1,1,1
1042,5,655,580,104,292,1,1,1
1043,5,653,580,103,291,1,1,1
1044,5,651,580,102,289,1,1,1
1045,5,650,580,100,288,1,1,1
1046,5,647,579,99,286,1,1,1
1047,5,644,581,99,286,1,1,1
1048,5,641,582,97,286,1,1,1
1049,5,638,583,96,286,1,1,1
1050,5,635,583,95,287,1,1,1
1051,5,632,584,94,286,1,1,1
1052,5,627,585,97,286,1,1,1
1053,5,621,586,101,285,1,1,1
1054,5,616,587,104,284,1,1,1
1055,5,611,588,107,283,1,1,1
1056,5,605,588,110,282,1,1,1
1057,5,602,588,111,281,1,1,1
1058,5,599,588,112,280,1,1,1
1059,5,596,587,112,279,1,1,1
1060,5,593,587,112,278,1,1,1
1061,5,589,586,112,277,1,1,1
1062,5,585,584,112,277,1,1,1
1063,5,581,583,110,276,1,1,1
1064,5,576,581,109,276,1,1,1
1065,5,571,579,109,276,1,1,1
1066,5,566,577,107,274,1,1,1
1067,5,563,577,102,275,1,1,1
1068,5,559,576,97,275,1,1,1
1069,5,555,575,91,275,1,1,1
1070,5,550,574,87,276,1,1,1
1071,5,546,572,81,276,1,1,1
1072,5,537,572,89,276,1,1,1
1073,5,528,572,96,276,1,1,1
1074,5,520,571,103,276,1,1,1
1075,5,511,571,111,276,1,1,1
1076,5,501,570,118,275,1,1,1
1077,5,499,569,120,276,1,1,1
1078,5,496,569,122,275,1,1,1
1079,5,493,568,125,274,1,1,1
1080,5,490,567,127,274,1,1,1
1081,5,486,566,129,274,1,1,1
1082,5,485,566,125,274,1,1,1
1083,5,483,565,122,275,1,1,1
1084,5,481,565,118,275,1,1,1
1085,5,479,564,115,276,1,1,1
1086,5,477,564,111,276,1,1,1
1087,5,475,563,107,276,1,1,1
1088,5,472,562,103,277,1,1,1
1089,5,470,561,99,277,1,1,1
1090,5,467,560,96,277,1,1,1
1091,5,464,558,91,277,1,1,1
1092,5,451,559,106,278,1,1,1
1093,5,437,558,121,279,1,1,1
1094,5,424,558,134,278,1,1,1
1095,5,410,558,149,278,1,1,1
1096,5,396,557,162,279,1,1,1
1097,5,396,558,163,279,1,1,1
1098,5,394,558,165,279,1,1,1
1099,5,393,559,166,278,1,1,1
1100,5,392,559,166,279,1,1,1
1101,5,391,559,167,278,1,1,1
1102,5,390,558,161,280,1,1,1
1103,5,389,557,154,281,1,1,1
1104,5,388,555,148,284,1,1,1
1105,5,387,554,141,285,1,1,1
1106,5,386,552,133,286,1,1,1
1107,5,383,552,124,287,1,1,1
1108,5,380,551,114,288,1,1,1
1109,5,377,550,104,289,1,1,1
1110,5,373,549,95,290,1,1,1
1111,5,369,548,84,290,1,1,1
1112,5,355,548,96,291,1,1,1
1113,5,340,548,107,291,1,1,1
1114,5,325,547,119,292,1,1,1
1115,5,311,547,129,292,1,1,1
1116,5,295,546,141,292,1,1,1
1117,5,293,546,143,294,1,1,1
1118,5,291,546,145,295,1,1,1
1119,5,288,546,147,296,1,1,1
1120,5,286,545,149,297,1,1,1
1121,5,283,544,150,298,1,1,1
1122,5,283,544,147,300,1,1,1
1123,5,282,543,144,301,1,1,1
1124,5,282,542,139,303,1,1,1
1125,5,281,541,136,304,1,1,1
1126,5,280,539,132,305,1,1,1
1127,5,280,539,129,307,1,1,1
1128,5,280,539,125,308,1,1,1
1129,5,280,538,122,309,1,1,1
1130,5,279,537,119,311,1,1,1
1131,5,279,536,115,312,1,1,1
1132,5,278,538,117,313,1,1,1
1133,5,276,539,120,314,1,1,1
1134,5,275,541,121,314,1,1,1
1135,5,274,542,123,316,1,1,1
1136,5,272,543,125,316,1,1,1
1137,5,274,544,126,317,1,1,1
1138,5,276,545,127,318,1,1,1
1139,5,278,545,128,319,1,1,1
1140,5,280,546,128,319,1,1,1
1141,5,282,546,128,320,1,1,1
1142,5,285,546,129,321,1,1,1
1143,5,289,545,128,322,1,1,1
1144,5,292,545,128,322,1,1,1
1145,5,295,544,128,323,1,1,1
1146,5,298,543,128,323,1,1,1
1147,5,303,544,127,326,1,1,1
1148,5,308,544,125,328,1,1,1
1149,5,313,544,123,330,1,1,1
1150,5,318,544,121,331,1,1,1
1151,5,322,544,119,332,1,1,1
1152,5,327,547,120,332,1,1,1
1153,5,331,549,120,332,1,1,1
1154,5,335,550,120,333,1,1,1
1155,5,339,552,121,333,1,1,1
1156,5,343,554,120,331,1,1,1
1157,5,346,554,123,334,1,1,1
1158,5,349,553,124,336,1,1,1
1159,5,353,553,125,337,1,1,1
1160,5,356,552,127,339,1,1,1
1161,5,358,551,128,341,1,1,1
1162,5,367,552,126,341,1,1,1
1163,5,376,552,122,342,1,1,1
1164,5,385,551,118,343,1,1,1
1165,5,394,551,114,344,1,1,1
1166,5,402,551,110,344,1,1,1
1167,5,406,552,120,344,1,1,1
1168,5,409,553,130,343,1,1,1
1169,5,413,554,140,343,1,1,1
1170,5,416,555,150,342,1,1,1
1171,5,419,556,159,340,1,1,1
1172,5,420,558,169,339,1,1,1
1173,5,419,559,179,338,1,1,1
1174,5,419,561,189,336,1,1,1
1175,5,419,563,199,334,1,1,1
1176,5,419,564,208,333,1,1,1
1177,5,426,563,202,334,1,1,1
1178,5,433,563,194,334,1,1,1
1179,5,440,562,187,335,1,1,1
1180,5,447,561,180,336,1,1,1
1181,5,454,560,172,335,1,1,1
1182,5,469,560,158,337,1,1,1
1183,5,484,560,143,337,1,1,1
1184,5,499,560,129,338,1,1,1
1185,5,514,559,114,339,1,1,1
1186,5,528,558,99,339,1,1,1
1187,5,533,559,110,340,1,1,1
1188,5,537,560,121,340,1,1,1
1189,5,541,560,132,340,1,1,1
1190,5,545,561,144,340,1,1,1
1191,5,549,561,154,340,1,1,1
1192,5,550,561,157,341,1,1,1
1193,5,551,560,159,341,1,1,1
1194,5,551,560,163,341,1,1,1
1195,5,552,560,165,341,1,1,1
1196,5,552,559,167,341,1,1,1
1197,5,564,559,160,342,1,1,1
1198,5,576,558,151,343,1,1,1
1199,5,588,557,142,344,1,1,1
1200,5,600,556,134,345,1,1,1
1201,5,611,555,125,346,1,1,1
1202,5,620,554,123,346,1,1,1
1203,5,628,553,122,346,1,1,1
1204,5,636,552,120,346,1,1,1
1205,5,643,551,119,346,1,1,1
1206,5,651,550,116,344,1,1,1
1207,5,651,551,131,344,1,1,1
1208,5,650,552,146,342,1,1,1
1209,5,650,552,160,341,1,1,1
1210,5,649,553,175,339,1,1,1
1211,5,648,553,189,338,1,1,1
1212,5,653,552,185,338,1,1,1
1213,5,658,550,180,338,1,1,1
1214,5,663,549,175,338,1,1,1
1215,5,668,547,169,338,1,1,1
1216,5,672,545,164,338,1,1,1
1217,5,690,543,149,339,1,1,1
1218,5,707,541,134,340,1,1,1
1219,5,725,539,117,341,1,1,1
1220,5,742,537,102,342,1,1,1
1221,5,759,535,86,342,1,1,1
1222,5,762,536,101,342,1,1,1
1223,5,764,537,117,340,1,1,1
1224,5,766,538,132,338,1,1,1
1225,5,768,539,148,337,1,1,1
1226,5,770,540,162,334,1,1,1
1227,5,772,542,166,333,1,1,1
1228,5,774,543,169,332,1,1,1
1229,5,775,545,174,329,1,1,1
1230,5,776,546,178,328,1,1,1
1231,5,777,547,181,325,1,1,1
1232,5,791,549,174,324,1,1,1
1233,5,803,550,168,323,1,1,1
1234,5,816,550,160,323,1,1,1
1235,5,829,551,153,322,1,1,1
1236,5,841,552,146,320,1,1,1
1237,5,854,552,151,320,1,1,1
1238,5,865,552,157,320,1,1,1
1239,5,877,552,162,320,1,1,1
1240,5,889,552,167,319,1,1,1
1241,5,900,551,172,319,1,1,1
1242,5,901,549,174,322,1,1,1
1243,5,902,547,174,324,1,1,1
1244,5,903,544,175,326,1,1,1
1245,5,904,542,176,328,1,1,1
1246,5,904,539,176,330,1,1,1
1247,5,915,536,172,332,1,1,1
1248,5,925,533,167,333,1,1,1
1249,5,935,529,163,335,1,1,1
1250,5,946,526,158,335,1,1,1
1251,5,955,522,153,336,1,1,1
1252,5,970,525,150,334,1,1,1
1253,5,984,527,146,332,1,1,1
1254,5,998,528,143,331,1,1,1
1255,5,1013,530,138,328,1,1,1
1256,5,1026,532,134,325,1,1,1
1266,5,1050,565,174,293,1,1,1
1267,5,1067,564,164,295,1,1,1
1268,5,1083,562,153,297,1,1,1
1269,5,1099,561,142,297,1,1,1
1270,5,1115,559,131,299,1,1,1
1271,5,1130,557,120,300,1,1,1
1272,5,1136,557,120,300,1,1,1
1273,5,1142,557,119,300,1,1,1
1274,5,1147,557,118,299,1,1,1
1275,5,1153,557,117,299,1,1,1
1276,5,1158,556,116,298,1,1,1
1277,5,1156,557,124,299,1,1,1
1278,5,1154,558,132,299,1,1,1
1279,5,1153,558,138,300,1,1,1
1280,5,1151,559,146,299,1,1,1
1281,5,1148,558,153,300,1,1,1
1282,5,1157,558,147,299,1,1,1
1283,5,1166,557,140,298,1,1,1
1284,5,1175,556,132,297,1,1,1
1285,5,1184,555,125,296,1,1,1
1286,5,1192,553,117,294,1,1,1
1287,5,1203,553,113,296,1,1,1
1288,5,1213,553,109,297,1,1,1
1289,5,1223,552,104,298,1,1,1
1290,5,1233,552,100,299,1,1,1
1291,5,1243,551,94,300,1,1,1
1292,5,1245,553,109,298,1,1,1
1293,5,1247,554,122,297,1,1,1
1294,5,1248,556,137,295,1,1,1
1295,5,1250,557,150,294,1,1,1
1296,5,1251,558,164,292,1,1,1
1297,5,1253,561,162,290,1,1,1
1298,5,1255,562,159,289,1,1,1
1299,5,1257,564,157,287,1,1,1
1300,5,1259,565,154,286,1,1,1
1301,5,1261,566,151,284,1,1,1
1302,5,1275,566,139,285,1,1,1
1303,5,1289,566,127,285,1,1,1
1304,5,1303,566,114,286,1,1,1
1305,5,1317,566,102,286,1,1,1
1306,5,1331,565,88,286,1,1,1
1316,5,1411,574,98,278,1,1,1
1317,5,1410,575,101,278,1,1,1
1318,5,1408,575,104,278,1,1,1
1319,5,1406,575,108,279,1,1,1
1320,5,1405,575,110,279,1,1,1
802,7,2253,662,88,216,1,1,1
803,7,2252,663,90,216,1,1,1
804,7,2251,663,91,216,1,1,1
805,7,2250,664,93,215,1,1,1
806,7,2248,664,94,215,1,1,1
807,7,2248,663,96,217,1,1,1
808,7,2248,662,97,219,1,1,1
809,7,2247,661,98,220,1,1,1
810,7,2247,660,99,222,1,1,1
811,7,2246,658,100,223,1,1,1
812,7,2247,659,100,223,1,1,1
813,7,2248,659,99,222,1,1,1
814,7,2249,659,99,222,1,1,1
815,7,2250,659,98,221,1,1,1
816,7,2251,658,97,220,1,1,1
817,7,2251,659,98,221,1,1,1
818,7,2251,660,98,221,1,1,1
819,7,2251,661,98,220,1,1,1
820,7,2251,661,98,221,1,1,1
821,7,2251,661,97,220,1,1,1
822,7,2252,661,98,221,1,1,1
823,7,2252,659,99,222,1,1,1
824,7,2253,658,99,223,1,1,1
825,7,2253,657,100,223,1,1,1
826,7,2253,656,100,223,1,1,1
827,7,2254,657,99,223,1,1,1
828,7,2255,657,97,224,1,1,1
829,7,2255,658,96,223,1,1,1
830,7,2256,658,94,224,1,1,1
831,7,2256,658,92,223,1,1,1
832,7,2257,659,92,223,1,1,1
833,7,2258,659,92,222,1,1,1
834,7,2259,659,91,222,1,1,1
835,7,2261,659,90,221,1,1,1
836,7,2261,658,89,220,1,1,1
837,7,2262,659,90,221,1,1,1
838,7,2262,660,90,221,1,1,1
839,7,2262,661,91,220,1,1,1
840,7,2262,661,91,221,1,1,1
841,7,2261,661,92,220,1,1,1
842,7,2261,661,93,221,1,1,1
843,7,2261,661,94,221,1,1,1
844,7,2260,660,95,222,1,1,1
845,7,2259,659,97,223,1,1,1
846,7,2258,658,97,223,1,1,1
847,7,2259,659,98,223,1,1,1
848,7,2259,659,98,223,1,1,1
849,7,2259,659,99,223,1,1,1
850,7,2259,659,99,223,1,1,1
851,7,2258,658,100,223,1,1,1
852,7,2261,659,97,223,1,1,1
853,7,2262,659,96,222,1,1,1
854,7,2264,659,93,222,1,1,1
855,7,2265,659,92,221,1,1,1
856,7,2266,658,89,220,1,1,1
857,7,2265,659,92,220,1,1,1
858,7,2264,659,94,219,1,1,1
859,7,2262,659,97,219,1,1,1
860,7,2261,659,100,218,1,1,1
861,7,2258,658,102,217,1,1,1
862,7,2259,659,103,218,1,1,1
863,7,2260,659,102,219,1,1,1
864,7,2261,659,101,219,1,1,1
865,7,2261,659,101,220,1,1,1
866,7,2261,658,100,220,1,1,1
867,7,2263,659,99,220,1,1,1
868,7,2264,660,99,219,1,1,1
869,7,2265,661,98,218,1,1,1
870,7,2266,661,98,218,1,1,1
871,7,2266,661,97,217,1,1,1
872,7,2267,661,97,218,1,1,1
873,7,2268,661,96,217,1,1,1
874,7,2268,660,96,218,1,1,1
875,7,2269,659,95,218,1,1,1
876,7,2269,658,94,217,1,1,1
877,7,2270,660,94,217,1,1,1
878,7,2271,660,92,217,1,1,1
879,7,2273,661,90,217,1,1,1
880,7,2274,661,88,217,1,1,1
881,7,2274,661,86,216,1,1,1
882,7,2274,661,88,218,1,1,1
883,7,2274,661,88,218,1,1,1
884,7,2273,661,89,218,1,1,1
885,7,2273,661,89,219,1,1,1
886,7,2272,660,89,219,1,1,1
887,7,2273,661,88,219,1,1,1
888,7,2273,662,88,218,1,1,1
889,7,2273,663,88,217,1,1,1
890,7,2273,663,87,217,1,1,1
891,7,2272,664,87,215,1,1,1
892,7,2272,664,87,216,1,1,1
893,7,2271,664,87,216,1,1,1
894,7,2269,664,88,216,1,1,1
895,7,2268,664,88,216,1,1,1
896,7,2267,663,87,216,1,1,1
897,7,2268,664,87,216,1,1,1
898,7,2269,664,86,216,1,1,1
899,7,2269,664,86,216,1,1,1
900,7,2270,664,85,217,1,1,1
901,7,2270,664,84,216,1,1,1
902,7,2269,663,86,218,1,1,1
903,7,2267,662,87,219,1,1,1
904,7,2265,661,88,220,1,1,1
905,7,2263,660,89,222,1,1,1
906,7,2261,658,89,223,1,1,1
907,7,2261,659,90,223,1,1,1
908,7,2261,660,89,222,1,1,1
909,7,2261,660,89,222,1,1,1
910,7,2261,661,88,221,1,1,1
911,7,2261,661,87,220,1,1,1
912,7,2260,662,89,220,1,1,1
913,7,2259,662,89,220,1,1,1
914,7,2258,662,90,221,1,1,1
915,7,2256,663,91,220,1,1,1
916,7,2255,663,91,220,1,1,1
917,7,2255,664,92,220,1,1,1
918,7,2255,665,91,219,1,1,1
919,7,2255,666,91,218,1,1,1
920,7,2255,667,90,217,1,1,1
921,7,2255,667,89,216,1,1,1
922,7,2254,668,91,216,1,1,1
923,7,2253,668,92,216,1,1,1
924,7,2253,669,92,216,1,1,1
925,7,2252,669,93,216,1,1,1
926,7,2251,669,93,216,1,1,1
927,7,2252,669,93,216,1,1,1
928,7,2253,669,92,215,1,1,1
929,7,2253,668,92,215,1,1,1
930,7,2254,668,91,214,1,1,1
931,7,2255,667,89,214,1,1,1
932,7,2256,668,89,214,1,1,1
933,7,2256,668,89,214,1,1,1
934,7,2256,669,89,214,1,1,1
935,7,2257,669,88,214,1,1,1
936,7,2257,669,87,214,1,1,1
937,7,2258,669,88,215,1,1,1
938,7,2258,669,89,216,1,1,1
939,7,2258,668,91,218,1,1,1
940,7,2259,668,91,219,1,1,1
941,7,2259,667,91,220,1,1,1
942,7,2261,668,94,220,1,1,1
943,7,2262,669,97,220,1,1,1
944,7,2264,670,99,219,1,1,1
945,7,2266,671,101,218,1,1,1
946,7,2267,671,104,218,1,1,1
947,7,2273,671,103,219,1,1,1
948,7,2278,671,102,220,1,1,1
949,7,2284,670,100,221,1,1,1
950,7,2289,670,99,222,1,1,1
951,7,2294,669,97,223,1,1,1
952,7,2302,669,97,223,1,1,1
953,7,2308,668,99,224,1,1,1
954,7,2315,668,99,224,1,1,1
955,7,2322,667,99,225,1,1,1
956,7,2328,666,100,225,1,1,1
957,7,2336,667,101,226,1,1,1
958,7,2345,668,101,226,1,1,1
959,7,2353,668,101,227,1,1,1
960,7,2361,669,102,227,1,1,1
961,7,2369,669,102,228,1,1,1
962,7,2377,668,102,229,1,1,1
963,7,2385,667,101,230,1,1,1
964,7,2392,666,101,231,1,1,1
965,7,2400,665,101,232,1,1,1
966,7,2407,664,100,233,1,1,1
967,7,2414,664,102,234,1,1,1
968,7,2420,664,104,234,1,1,1
969,7,2426,664,106,235,1,1,1
970,7,2432,664,109,235,1,1,1
971,7,2438,664,110,235,1,1,1
972,7,2449,664,108,237,1,1,1
973,7,2459,664,107,238,1,1,1
974,7,2469,664,106,239,1,1,1
975,7,2479,664,105,240,1,1,1
976,7,2489,664,102,241,1,1,1
977,7,2498,666,103,240,1,1,1
978,7,2506,668,104,240,1,1,1
979,7,2514,670,105,239,1,1,1
980,7,2522,673,106,237,1,1,1
981,7,2530,674,106,236,1,1,1
982,7,2537,675,106,238,1,1,1
983,7,2543,676,107,238,1,1,1
984,7,2549,676,107,239,1,1,1
985,7,2556,677,106,239,1,1,1
986,7,2562,677,106,239,1,1,1
987,7,2566,678,107,240,1,1,1
988,7,2570,678,107,240,1,1,1
989,7,2573,678,108,241,1,1,1
990,7,2577,678,108,241,1,1,1
991,7,2580,677,108,241,1,1,1
992,7,2582,678,109,242,1,1,1
993,7,2584,679,109,241,1,1,1
994,7,2586,679,109,242,1,1,1
995,7,2587,680,110,241,1,1,1
996,7,2589,680,109,241,1,1,1
997,7,2589,680,111,242,1,1,1
998,7,2590,680,110,242,1,1,1
999,7,2590,680,111,243,1,1,1
1000,7,2591,679,111,244,1,1,1
1001,7,2591,679,110,243,1,1,1
1002,7,2591,680,111,243,1,1,1
1003,7,2591,681,111,243,1,1,1
1004,7,2590,681,111,243,1,1,1
1005,7,2590,682,111,243,1,1,1
1006,7,2590,683,111,242,1,1,1
1007,7,2588,683,110,243,1,1,1
1008,7,2585,684,111,242,1,1,1
1009,7,2583,684,110,243,1,1,1
1010,7,2581,685,110,243,1,1,1
1011,7,2578,685,109,243,1,1,1
1012,7,2575,685,109,244,1,1,1
1013,7,2571,686,110,242,1,1,1
1014,7,2567,686,110,242,1,1,1
1015,7,2563,687,110,241,1,1,1
1016,7,2559,687,109,240,1,1,1
1017,7,2556,688,110,240,1,1,1
1018,7,2552,688,110,240,1,1,1
1019,7,2548,688,110,239,1,1,1
1020,7,2545,689,110,238,1,1,1
1021,7,2540,689,110,237,1,1,1
1022,7,2537,690,109,237,1,1,1
1023,7,2533,690,109,238,1,1,1
1024,7,2529,691,108,237,1,1,1
1025,7,2526,691,107,237,1,1,1
1026,7,2521,691,106,237,1,1,1
1027,7,2518,692,106,237,1,1,1
1028,7,2514,693,105,236,1,1,1
1029,7,2509,693,106,236,1,1,1
1030,7,2505,694,105,235,1,1,1
1031,7,2500,694,104,234,1,1,1
1032,7,2497,695,104,235,1,1,1
1033,7,2493,696,104,234,1,1,1
1034,7,2489,697,103,233,1,1,1
1035,7,2485,697,102,234,1,1,1
1036,7,2481,698,100,233,1,1,1
1037,7,2477,698,101,233,1,1,1
1038,7,2472,698,101,232,1,1,1
1039,7,2467,697,102,233,1,1,1
1040,7,2462,697,102,232,1,1,1
1041,7,2457,696,102,231,1,1,1
1042,7,2453,697,102,231,1,1,1
1043,7,2450,697,101,231,1,1,1
1044,7,2446,697,100,231,1,1,1
1045,7,2442,698,100,230,1,1,1
1046,7,2438,697,98,229,1,1,1
1047,7,2436,698,98,230,1,1,1
1048,7,2433,699,98,229,1,1,1
1049,7,2430,700,97,229,1,1,1
1050,7,2427,700,97,229,1,1,1
1051,7,2424,700,96,228,1,1,1
1052,7,2422,701,97,229,1,1,1
1053,7,2419,701,98,229,1,1,1
1054,7,2417,701,98,229,1,1,1
1055,7,2414,701,99,229,1,1,1
1056,7,2411,701,99,229,1,1,1
1057,7,2410,702,98,229,1,1,1
1058,7,2407,702,99,228,1,1,1
1059,7,2405,702,99,228,1,1,1
1060,7,2403,702,98,228,1,1,1
1061,7,2401,702,97,227,1,1,1
1062,7,2399,702,97,228,1,1,1
1063,7,2397,702,96,227,1,1,1
1064,7,2394,702,96,227,1,1,1
1065,7,2392,702,95,227,1,1,1
1066,7,2389,702,95,226,1,1,1
1067,7,2387,702,95,227,1,1,1
1068,7,2385,702,95,226,1,1,1
1069,7,2382,702,95,225,1,1,1
1070,7,2380,701,95,226,1,1,1
1071,7,2377,701,95,225,1,1,1
1072,7,2376,701,96,225,1,1,1
1073,7,2375,701,96,224,1,1,1
1074,7,2375,701,95,224,1,1,1
1075,7,2374,700,95,225,1,1,1
1076,7,2373,700,95,224,1,1,1
1077,7,2372,700,96,224,1,1,1
1078,7,2372,699,96,224,1,1,1
1079,7,2371,698,96,224,1,1,1
1080,7,2371,698,96,224,1,1,1
1081,7,2370,696,96,224,1,1,1
1082,7,2370,698,97,222,1,1,1
1083,7,2370,699,97,220,1,1,1
1084,7,2369,700,98,218,1,1,1
1085,7,2369,701,99,215,1,1,1
1086,7,2369,702,99,213,1,1,1
1087,7,2372,700,99,216,1,1,1
1088,7,2375,698,98,219,1,1,1
1089,7,2378,696,98,221,1,1,1
1090,7,2381,694,97,224,1,1,1
1091,7,2384,692,96,226,1,1,1
1092,7,2387,692,95,226,1,1,1
1093,7,2389,691,95,227,1,1,1
1094,7,2392,691,93,226,1,1,1
1095,7,2394,690,92,227,1,1,1
1096,7,2396,689,91,226,1,1,1
1097,7,2396,689,93,227,1,1,1
1098,7,2396,688,94,227,1,1,1
1099,7,2396,688,95,227,1,1,1
1100,7,2396,687,96,227,1,1,1
1101,7,2395,686,97,226,1,1,1
1102,7,2395,687,98,226,1,1,1
1103,7,2395,687,97,226,1,1,1
1104,7,2394,687,97,226,1,1,1
1105,7,2394,687,96,226,1,1,1
1106,7,2393,687,96,225,1,1,1
1107,7,2392,687,96,225,1,1,1
1108,7,2391,686,96,226,1,1,1
1109,7,2390,686,96,226,1,1,1
1110,7,2389,686,96,225,1,1,1
1111,7,2387,685,96,225,1,1,1
1112,7,2387,685,96,226,1,1,1
1113,7,2387,685,96,226,1,1,1
1114,7,2386,685,96,226,1,1,1
1115,7,2386,685,96,225,1,1,1
1116,7,2385,684,95,225,1,1,1
1117,7,2385,685,95,225,1,1,1
1118,7,2385,685,95,225,1,1,1
1119,7,2385,685,94,225,1,1,1
1120,7,2385,685,94,225,1,1,1
1121,7,2384,684,94,225,1,1,1
1122,7,2384,685,94,225,1,1,1
1123,7,2383,685,95,225,1,1,1
1124,7,2383,685,95,225,1,1,1
1125,7,2383,685,94,225,1,1,1
1126,7,2382,684,95,226,1,1,1
1127,7,2382,685,95,226,1,1,1
1128,7,2381,685,95,226,1,1,1
1129,7,2381,685,95,226,1,1,1
1130,7,2380,686,96,225,1,1,1
1131,7,2380,686,95,224,1,1,1
1132,7,2380,687,95,224,1,1,1
1133,7,2380,687,96,225,1,1,1
1134,7,2380,688,96,225,1,1,1
1135,7,2380,688,96,226,1,1,1
1136,7,2380,688,95,225,1,1,1
1137,7,2381,689,96,226,1,1,1
1138,7,2381,689,96,226,1,1,1
1139,7,2381,689,97,227,1,1,1
1140,7,2382,689,96,227,1,1,1
1141,7,2382,689,96,226,1,1,1
1142,7,2383,689,97,227,1,1,1
1143,7,2384,689,96,227,1,1,1
1144,7,2385,689,95,226,1,1,1
1145,7,2386,689,95,226,1,1,1
1146,7,2386,688,94,226,1,1,1
1147,7,2387,688,95,226,1,1,1
1148,7,2387,688,96,226,1,1,1
1149,7,2387,688,96,225,1,1,1
1150,7,2387,688,97,225,1,1,1
1151,7,2387,687,97,224,1,1,1
1152,7,2388,687,97,225,1,1,1
1153,7,2389,687,96,225,1,1,1
1154,7,2390,687,95,225,1,1,1
1155,7,2391,687,95,226,1,1,1
1156,7,2391,687,94,225,1,1,1
1157,7,2392,687,95,225,1,1,1
1158,7,2392,687,95,225,1,1,1
1159,7,2392,686,95,226,1,1,1
1160,7,2393,686,95,226,1,1,1
1161,7,2392,685,94,225,1,1,1
1162,7,2393,686,95,226,1,1,1
1163,7,2393,686,95,226,1,1,1
1164,7,2394,686,94,226,1,1,1
1165,7,2394,686,95,226,1,1,1
1166,7,2393,685,94,226,1,1,1
1167,7,2394,685,95,226,1,1,1
1168,7,2394,685,94,226,1,1,1
1169,7,2394,685,94,226,1,1,1
1170,7,2393,684,95,227,1,1,1
1171,7,2393,683,94,226,1,1,1
1172,7,2393,684,95,226,1,1,1
1173,7,2393,683,94,226,1,1,1
1174,7,2393,683,94,226,1,1,1
1175,7,2393,683,94,225,1,1,1
1176,7,2392,682,94,225,1,1,1
1177,7,2392,682,94,225,1,1,1
1178,7,2391,682,94,225,1,1,1
1179,7,2390,681,95,225,1,1,1
1180,7,2390,681,94,225,1,1,1
1181,7,2388,680,94,224,1,1,1
1182,7,2388,680,94,225,1,1,1
1183,7,2387,679,94,226,1,1,1
1184,7,2385,678,95,226,1,1,1
1185,7,2384,678,95,226,1,1,1
1186,7,2382,676,94,226,1,1,1
1187,7,2382,676,95,226,1,1,1
1188,7,2381,675,95,226,1,1,1
1189,7,2380,674,95,226,1,1,1
1190,7,2379,673,94,226,1,1,1
1191,7,2378,672,93,225,1,1,1
1192,7,2378,672,94,226,1,1,1
1193,7,2377,672,94,225,1,1,1
1194,7,2377,672,93,225,1,1,1
1195,7,2376,672,93,224,1,1,1
1196,7,2375,671,93,224,1,1,1
1197,7,2375,671,93,224,1,1,1
1198,7,2374,670,93,224,1,1,1
1199,7,2374,670,93,224,1,1,1
1200,7,2374,669,92,224,1,1,1
1201,7,2373,668,92,223,1,1,1
1202,7,2373,668,92,224,1,1,1
1203,7,2372,668,92,224,1,1,1
1204,7,2372,667,91,224,1,1,1
1205,7,2372,667,90,223,1,1,1
1206,7,2371,666,89,223,1,1,1
1207,7,2370,665,91,224,1,1,1
1208,7,2369,664,91,225,1,1,1
1209,7,2368,664,91,225,1,1,1
1210,7,2367,663,91,225,1,1,1
1211,7,2365,661,91,225,1,1,1
1212,7,2365,662,92,225,1,1,1
1213,7,2363,662,93,224,1,1,1
1214,7,2362,662,93,223,1,1,1
1215,7,2361,662,94,222,1,1,1
1216,7,2359,661,94,221,1,1,1
1217,7,2358,662,95,221,1,1,1
1218,7,2357,661,95,222,1,1,1
1219,7,2356,661,95,221,1,1,1
1220,7,2355,661,95,221,1,1,1
1221,7,2354,660,94,221,1,1,1
1222,7,2354,659,95,222,1,1,1
1223,7,2354,659,95,222,1,1,1
1224,7,2355,658,94,223,1,1,1
1225,7,2355,658,94,223,1,1,1
1226,7,2355,656,93,223,1,1,1
1227,7,2355,657,93,224,1,1,1
1228,7,2354,657,94,223,1,1,1
1229,7,2354,657,94,223,1,1,1
1230,7,2354,657,93,223,1,1,1
1231,7,2353,656,93,223,1,1,1
1232,7,2353,656,94,223,1,1,1
1233,7,2353,656,94,223,1,1,1
1234,7,2353,656,95,222,1,1,1
1235,7,2353,655,95,223,1,1,1
1236,7,2352,654,95,222,1,1,1
1237,7,2353,654,95,223,1,1,1
1238,7,2353,654,95,222,1,1,1
1239,7,2353,653,95,223,1,1,1
1240,7,2353,652,95,223,1,1,1
1241,7,2353,651,95,222,1,1,1
1242,7,2353,652,95,222,1,1,1
1243,7,2354,652,94,222,1,1,1
1244,7,2354,652,94,222,1,1,1
1245,7,2355,652,93,221,1,1,1
1246,7,2354,651,93,220,1,1,1
1247,7,2355,651,94,221,1,1,1
1248,7,2355,651,94,221,1,1,1
1249,7,2356,650,94,222,1,1,1
1250,7,2356,650,94,221,1,1,1
1251,7,2356,648,94,222,1,1,1
1252,7,2357,648,94,222,1,1,1
1253,7,2357,648,94,221,1,1,1
1254,7,2358,647,93,222,1,1,1
1255,7,2358,647,93,221,1,1,1
1256,7,2359,646,92,220,1,1,1
1257,7,2359,646,93,221,1,1,1
1258,7,2360,646,92,220,1,1,1
1259,7,2360,646,93,220,1,1,1
1260,7,2361,646,93,219,1,1,1
1261,7,2361,645,93,219,1,1,1
1262,7,2361,644,93,221,1,1,1
1263,7,2361,643,93,221,1,1,1
1264,7,2361,642,93,222,1,1,1
1265,7,2361,641,92,223,1,1,1
1266,7,2360,639,92,224,1,1,1
1267,7,2361,639,93,224,1,1,1
1268,7,2362,639,92,224,1,1,1
1269,7,2363,639,92,223,1,1,1
1270,7,2363,639,92,223,1,1,1
1271,7,2363,639,92,221,1,1,1
1272,7,2364,639,92,222,1,1,1
1273,7,2365,638,92,223,1,1,1
1274,7,2365,638,92,222,1,1,1
1275,7,2365,637,93,223,1,1,1
1276,7,2365,636,92,222,1,1,1
1277,7,2363,637,95,223,1,1,1
1278,7,2360,636,98,224,1,1,1
1279,7,2357,636,100,225,1,1,1
1280,7,2354,636,103,225,1,1,1
1281,7,2351,635,105,225,1,1,1
1282,7,2353,635,104,226,1,1,1
1283,7,2354,635,104,226,1,1,1
1284,7,2356,634,103,226,1,1,1
1285,7,2357,634,104,225,1,1,1
1286,7,2358,633,102,225,1,1,1
1287,7,2358,632,103,226,1,1,1
1288,7,2357,631,102,226,1,1,1
1289,7,2356,630,102,226,1,1,1
1290,7,2355,629,102,226,1,1,1
1291,7,2353,628,102,225,1,1,1
1292,7,2354,629,105,225,1,1,1
1293,7,2354,629,108,226,1,1,1
1294,7,2354,630,110,225,1,1,1
1295,7,2354,630,113,226,1,1,1
1296,7,2353,630,115,225,1,1,1
1297,7,2355,630,113,226,1,1,1
1298,7,2357,629,109,226,1,1,1
1299,7,2358,628,107,227,1,1,1
1300,7,2360,627,103,227,1,1,1
1301,7,2361,625,100,228,1,1,1
1302,7,2363,627,100,227,1,1,1
1303,7,2365,628,99,227,1,1,1
1304,7,2367,629,98,226,1,1,1
1305,7,2369,630,97,225,1,1,1
1306,7,2371,630,95,224,1,1,1
1307,7,2371,631,96,225,1,1,1
1308,7,2372,631,95,225,1,1,1
1309,7,2372,631,95,225,1,1,1
1310,7,2372,631,95,225,1,1,1
1311,7,2372,631,95,224,1,1,1
1312,7,2372,631,95,225,1,1,1
1313,7,2373,631,95,225,1,1,1
1314,7,2373,631,95,225,1,1,1
1315,7,2373,631,95,225,1,1,1
1316,7,2373,631,94,225,1,1,1
1317,7,2374,631,95,225,1,1,1
1318,7,2374,632,95,225,1,1,1
1319,7,2374,632,95,225,1,1,1
1320,7,2375,632,95,225,1,1,1
802,10,772,605,65,192,1,1,1
803,10,771,604,67,194,1,1,1
804,10,770,603,69,196,1,1,1
805,10,768,601,72,198,1,1,1
806,10,766,600,74,200,1,1,1
807,10,768,601,72,200,1,1,1
808,10,769,601,70,200,1,1,1
809,10,770,602,68,200,1,1,1
810,10,771,602,66,200,1,1,1
811,10,771,602,64,200,1,1,1
812,10,773,602,65,200,1,1,1
813,10,774,602,67,200,1,1,1
814,10,775,601,69,200,1,1,1
815,10,776,601,70,200,1,1,1
816,10,776,600,71,200,1,1,1
831,10,779,607,64,194,1,1,1
832,10,779,607,65,196,1,1,1
833,10,779,607,66,196,1,1,1
834,10,779,606,66,197,1,1,1
835,10,779,606,67,197,1,1,1
836,10,779,605,66,197,1,1,1
837,10,778,606,69,197,1,1,1
838,10,777,606,70,197,1,1,1
839,10,776,607,72,196,1,1,1
840,10,775,607,73,196,1,1,1
841,10,774,607,74,194,1,1,1
842,10,775,607,74,196,1,1,1
843,10,776,607,73,196,1,1,1
844,10,777,606,72,197,1,1,1
845,10,778,606,71,197,1,1,1
846,10,779,605,69,197,1,1,1
847,10,779,605,70,197,1,1,1
848,10,778,604,72,198,1,1,1
849,10,778,604,72,197,1,1,1
850,10,777,603,74,198,1,1,1
851,10,776,602,74,197,1,1,1
852,10,777,603,73,196,1,1,1
853,10,778,603,70,196,1,1,1
854,10,778,603,69,195,1,1,1
855,10,779,603,66,195,1,1,1
856,10,779,602,64,194,1,1,1
857,10,780,602,65,195,1,1,1
858,10,781,602,65,194,1,1,1
859,10,781,601,66,195,1,1,1
860,10,782,601,66,194,1,1,1
861,10,782,600,66,194,1,1,1
862,10,782,600,67,195,1,1,1
863,10,782,600,68,195,1,1,1
864,10,782,600,68,195,1,1,1
865,10,782,600,69,195,1,1,1
866,10,782,600,69,194,1,1,1
867,10,782,600,69,195,1,1,1
868,10,782,600,69,195,1,1,1
869,10,782,600,69,195,1,1,1
870,10,782,600,69,195,1,1,1
871,10,782,600,69,194,1,1,1
872,10,781,599,70,195,1,1,1
873,10,780,598,70,196,1,1,1
874,10,779,597,71,196,1,1,1
875,10,778,596,71,197,1,1,1
876,10,776,594,71,197,1,1,1
877,10,780,596,69,196,1,1,1
878,10,782,597,67,195,1,1,1
879,10,785,598,64,194,1,1,1
880,10,787,599,62,192,1,1,1
881,10,789,600,59,191,1,1,1
896,10,784,601,54,191,1,1,1
897,10,784,601,56,192,1,1,1
898,10,784,601,57,192,1,1,1
899,10,784,601,58,192,1,1,1
900,10,784,601,58,192,1,1,1
901,10,783,601,59,192,1,1,1
902,10,783,601,62,193,1,1,1
903,10,782,601,64,193,1,1,1
904,10,781,600,67,194,1,1,1
905,10,780,600,70,195,1,1,1
906,10,779,600,71,194,1,1,1
907,10,780,600,69,195,1,1,1
908,10,780,600,66,195,1,1,1
909,10,780,600,64,195,1,1,1
910,10,780,600,61,196,1,1,1
911,10,779,600,59,195,1,1,1
912,10,779,601,60,195,1,1,1
913,10,778,602,62,194,1,1,1
914,10,777,602,63,194,1,1,1
915,10,776,603,64,193,1,1,1
916,10,775,604,65,191,1,1,1
917,10,776,604,64,192,1,1,1
918,10,776,605,64,192,1,1,1
919,10,776,605,64,192,1,1,1
920,10,776,606,63,192,1,1,1
921,10,775,606,63,191,1,1,1
922,10,775,607,64,191,1,1,1
923,10,775,607,64,192,1,1,1
924,10,774,607,65,192,1,1,1
925,10,774,608,65,192,1,1,1
926,10,773,608,65,191,1,1,1
927,10,773,608,65,192,1,1,1
928,10,773,607,65,193,1,1,1
929,10,773,607,65,193,1,1,1
930,10,773,607,64,193,1,1,1
931,10,773,606,63,193,1,1,1
932,10,775,607,62,193,1,1,1
933,10,776,608,62,193,1,1,1
934,10,777,609,61,192,1,1,1
935,10,778,609,60,193,1,1,1
936,10,779,610,59,191,1,1,1
937,10,780,610,60,192,1,1,1
938,10,780,610,62,191,1,1,1
939,10,781,610,63,191,1,1,1
940,10,781,610,64,190,1,1,1
941,10,781,610,65,189,1,1,1
942,10,784,610,64,189,1,1,1
943,10,787,609,62,189,1,1,1
944,10,789,609,62,189,1,1,1
945,10,791,609,61,188,1,1,1
946,10,793,608,59,187,1,1,1
947,10,797,608,61,188,1,1,1
948,10,799,608,64,189,1,1,1
949,10,802,608,65,189,1,1,1
950,10,805,608,67,189,1,1,1
951,10,807,607,69,189,1,1,1
952,10,813,607,70,190,1,1,1
953,10,818,607,70,190,1,1,1
954,10,823,606,71,191,1,1,1
955,10,828,606,71,191,1,1,1
956,10,833,605,71,192,1,1,1
957,10,840,606,70,191,1,1,1
958,10,847,606,68,190,1,1,1
959,10,853,607,68,189,1,1,1
960,10,860,607,66,188,1,1,1
961,10,866,607,64,187,1,1,1
962,10,872,606,63,189,1,1,1
963,10,878,605,62,190,1,1,1
964,10,884,603,61,192,1,1,1
965,10,889,602,60,193,1,1,1
966,10,894,600,58,194,1,1,1
967,10,900,601,59,193,1,1,1
968,10,905,602,59,192,1,1,1
969,10,910,603,59,190,1,1,1
970,10,915,604,59,189,1,1,1
971,10,920,605,58,187,1,1,1
972,10,926,605,59,187,1,1,1
973,10,932,604,59,187,1,1,1
974,10,937,604,59,187,1,1,1
975,10,943,603,59,187,1,1,1
976,10,948,602,58,187,1,1,1
977,10,954,603,59,187,1,1,1
978,10,959,604,59,185,1,1,1
979,10,964,605,59,184,1,1,1
980,10,970,606,58,183,1,1,1
981,10,974,606,58,182,1,1,1
982,10,979,606,58,183,1,1,1
983,10,983,606,58,183,1,1,1
984,10,987,606,58,183,1,1,1
985,10,991,606,58,182,1,1,1
986,10,995,605,57,182,1,1,1
987,10,998,606,57,182,1,1,1
988,10,1001,606,56,182,1,1,1
989,10,1003,607,57,182,1,1,1
990,10,1006,607,56,182,1,1,1
991,10,1008,606,55,181,1,1,1
992,10,1010,607,56,181,1,1,1
993,10,1010,607,57,181,1,1,1
994,10,1011,607,57,181,1,1,1
995,10,1012,607,57,180,1,1,1
996,10,1013,606,57,180,1,1,1
997,10,1014,607,56,180,1,1,1
998,10,1014,607,56,181,1,1,1
999,10,1015,608,55,180,1,1,1
1000,10,1015,608,55,181,1,1,1
1001,10,1015,608,54,180,1,1,1
1002,10,1016,609,54,180,1,1,1
1003,10,1015,609,55,180,1,1,1
1004,10,1015,609,55,180,1,1,1
1005,10,1015,609,55,180,1,1,1
1006,10,1015,609,55,180,1,1,1
1007,10,1014,609,55,181,1,1,1
1008,10,1013,609,55,181,1,1,1
1009,10,1011,610,56,181,1,1,1
1010,10,1010,610,56,181,1,1,1
1011,10,1009,609,56,182,1,1,1
1012,10,1007,610,56,182,1,1,1
1013,10,1004,610,56,182,1,1,1
1014,10,1002,610,56,182,1,1,1
1015,10,999,610,57,182,1,1,1
1016,10,997,610,56,182,1,1,1
1017,10,995,610,56,183,1,1,1
1018,10,993,610,56,183,1,1,1
1019,10,991,611,56,182,1,1,1
1020,10,989,611,56,182,1,1,1
1021,10,987,610,55,182,1,1,1
1022,10,985,611,56,183,1,1,1
1023,10,982,611,57,183,1,1,1
1024,10,980,612,56,182,1,1,1
1025,10,977,612,57,183,1,1,1
1026,10,974,612,57,182,1,1,1
1027,10,971,613,59,183,1,1,1
1028,10,968,613,59,183,1,1,1
1029,10,965,614,59,182,1,1,1
1030,10,962,614,60,183,1,1,1
1031,10,959,614,60,182,1,1,1
1032,10,957,615,60,183,1,1,1
1033,10,955,616,59,182,1,1,1
1034,10,952,616,59,183,1,1,1
1035,10,950,617,59,182,1,1,1
1036,10,947,617,58,182,1,1,1
1037,10,945,617,58,183,1,1,1
1038,10,942,617,58,183,1,1,1
1039,10,939,617,58,183,1,1,1
1040,10,936,617,58,183,1,1,1
1041,10,933,617,58,182,1,1,1
1042,10,930,618,58,183,1,1,1
1043,10,927,618,58,183,1,1,1
1044,10,925,619,57,183,1,1,1
1045,10,922,619,57,184,1,1,1
1046,10,919,620,57,183,1,1,1
1047,10,917,620,58,184,1,1,1
1048,10,915,621,58,184,1,1,1
1049,10,912,621,59,185,1,1,1
1050,10,910,621,60,185,1,1,1
1051,10,907,621,60,185,1,1,1
1052,10,906,622,60,185,1,1,1
1053,10,904,621,61,186,1,1,1
1054,10,903,621,60,186,1,1,1
1055,10,901,621,60,186,1,1,1
1056,10,899,620,60,186,1,1,1
1057,10,898,620,60,186,1,1,1
1058,10,896,620,60,186,1,1,1
1059,10,894,619,60,186,1,1,1
1060,10,893,619,59,186,1,1,1
1061,10,891,618,58,185,1,1,1
1062,10,889,618,59,186,1,1,1
1063,10,887,618,60,185,1,1,1
1064,10,886,617,59,185,1,1,1
1065,10,884,617,59,185,1,1,1
1066,10,881,616,59,184,1,1,1
1067,10,880,616,60,184,1,1,1
1068,10,879,615,60,185,1,1,1
1069,10,878,614,59,185,1,1,1
1070,10,876,613,59,185,1,1,1
1071,10,874,612,59,185,1,1,1
1072,10,874,612,59,184,1,1,1
1073,10,873,611,59,185,1,1,1
1074,10,872,610,59,185,1,1,1
1075,10,871,610,59,185,1,1,1
1076,10,870,609,58,184,1,1,1
1077,10,870,609,59,185,1,1,1
1078,10,870,608,59,185,1,1,1
1079,10,870,607,59,186,1,1,1
1080,10,869,607,59,185,1,1,1
1081,10,869,606,59,185,1,1,1
1082,10,869,606,61,187,1,1,1
1083,10,868,606,63,187,1,1,1
1084,10,868,606,65,188,1,1,1
1085,10,867,606,67,188,1,1,1
1086,10,867,606,69,189,1,1,1
1087,10,869,606,67,188,1,1,1
1088,10,872,606,65,187,1,1,1
1089,10,874,606,63,186,1,1,1
1090,10,876,605,61,186,1,1,1
1091,10,878,605,59,184,1,1,1
1092,10,878,605,60,184,1,1,1
1093,10,879,604,60,185,1,1,1
1094,10,879,603,61,186,1,1,1
1095,10,879,603,62,186,1,1,1
1096,10,879,602,62,186,1,1,1
1097,10,880,602,62,187,1,1,1
1098,10,881,602,62,187,1,1,1
1099,10,882,602,61,187,1,1,1
1100,10,883,602,61,188,1,1,1
1101,10,883,602,60,187,1,1,1
1102,10,883,602,60,187,1,1,1
1103,10,883,602,60,187,1,1,1
1104,10,883,602,60,187,1,1,1
1105,10,883,602,59,187,1,1,1
1106,10,882,602,58,186,1,1,1
1107,10,882,602,59,187,1,1,1
1108,10,880,602,60,187,1,1,1
1109,10,879,602,60,187,1,1,1
1110,10,878,602,61,187,1,1,1
1111,10,876,602,60,186,1,1,1
1112,10,877,602,60,187,1,1,1
1113,10,877,602,60,186,1,1,1
1114,10,876,602,60,186,1,1,1
1115,10,876,601,60,186,1,1,1
1116,10,876,601,59,185,1,1,1
1117,10,876,601,59,186,1,1,1
1118,10,875,601,60,186,1,1,1
1119,10,875,601,59,185,1,1,1
1120,10,874,601,60,185,1,1,1
1121,10,874,600,59,185,1,1,1
1122,10,874,600,60,186,1,1,1
1123,10,874,600,59,187,1,1,1
1124,10,873,600,60,187,1,1,1
1125,10,873,599,60,188,1,1,1
1126,10,872,599,59,188,1,1,1
1127,10,873,600,59,187,1,1,1
1128,10,873,600,59,188,1,1,1
1129,10,873,600,60,188,1,1,1
1130,10,872,600,61,188,1,1,1
1131,10,872,600,60,187,1,1,1
1132,10,872,601,61,187,1,1,1
1133,10,872,602,61,187,1,1,1
1134,10,873,603,60,187,1,1,1
1135,10,873,603,60,187,1,1,1
1136,10,872,603,60,187,1,1,1
1137,10,874,604,60,187,1,1,1
1138,10,874,605,60,187,1,1,1
1139,10,875,605,59,187,1,1,1
1140,10,875,605,59,187,1,1,1
1141,10,875,605,58,186,1,1,1
1142,10,876,606,59,186,1,1,1
1143,10,876,606,59,187,1,1,1
1144,10,876,606,60,187,1,1,1
1145,10,876,607,60,186,1,1,1
1146,10,875,606,60,185,1,1,1
1147,10,876,607,61,186,1,1,1
1148,10,877,608,60,186,1,1,1
1149,10,878,608,59,186,1,1,1
1150,10,878,609,59,186,1,1,1
1151,10,879,609,58,186,1,1,1
1152,10,879,609,59,186,1,1,1
1153,10,879,609,59,187,1,1,1
1154,10,880,610,58,186,1,1,1
1155,10,880,610,58,186,1,1,1
1156,10,879,609,58,186,1,1,1
1157,10,880,610,59,187,1,1,1
1158,10,881,611,58,186,1,1,1
1159,10,881,612,59,186,1,1,1
1160,10,881,612,59,186,1,1,1
1161,10,881,612,59,185,1,1,1
1162,10,882,613,59,186,1,1,1
1163,10,882,613,59,187,1,1,1
1164,10,882,614,59,186,1,1,1
1165,10,882,614,59,187,1,1,1
1166,10,882,614,59,187,1,1,1
1167,10,882,615,59,187,1,1,1
1168,10,882,615,59,187,1,1,1
1169,10,881,616,60,186,1,1,1
1170,10,881,617,60,185,1,1,1
1171,10,881,617,59,184,1,1,1
1172,10,881,617,59,185,1,1,1
1173,10,881,617,59,185,1,1,1
1174,10,881,617,59,185,1,1,1
1175,10,881,617,58,185,1,1,1
1176,10,880,617,58,184,1,1,1
1177,10,880,616,58,186,1,1,1
1178,10,879,615,59,187,1,1,1
1179,10,878,615,59,187,1,1,1
1180,10,877,614,60,188,1,1,1
1181,10,876,612,60,188,1,1,1
1182,10,875,613,61,188,1,1,1
1183,10,874,613,61,188,1,1,1
1184,10,874,613,60,188,1,1,1
1185,10,873,613,60,188,1,1,1
1186,10,871,613,60,188,1,1,1
1187,10,871,613,60,188,1,1,1
1188,10,871,613,59,187,1,1,1
1189,10,870,613,59,187,1,1,1
1190,10,869,613,59,186,1,1,1
1191,10,868,613,58,185,1,1,1
1192,10,868,612,59,186,1,1,1
1193,10,867,612,59,186,1,1,1
1194,10,866,611,59,186,1,1,1
1195,10,865,610,60,186,1,1,1
1196,10,864,609,59,186,1,1,1
1197,10,864,609,60,186,1,1,1
1198,10,864,608,59,187,1,1,1
1199,10,863,607,60,188,1,1,1
1200,10,863,607,59,187,1,1,1
1201,10,862,606,59,187,1,1,1
1202,10,862,606,60,187,1,1,1
1203,10,862,605,59,187,1,1,1
1204,10,861,605,60,186,1,1,1
1205,10,860,605,61,186,1,1,1
1206,10,859,604,60,185,1,1,1
1207,10,859,603,61,186,1,1,1
1208,10,858,602,61,187,1,1,1
1209,10,858,601,61,187,1,1,1
1210,10,857,599,61,188,1,1,1
1211,10,856,597,60,188,1,1,1
1212,10,856,597,61,189,1,1,1
1213,10,856,596,60,189,1,1,1
1214,10,855,596,60,188,1,1,1
1215,10,854,595,60,188,1,1,1
1216,10,853,594,59,187,1,1,1
1217,10,853,594,60,187,1,1,1
1218,10,852,593,60,187,1,1,1
1219,10,852,593,60,186,1,1,1
1220,10,851,592,60,186,1,1,1
1221,10,850,591,60,185,1,1,1
1222,10,851,590,60,187,1,1,1
1223,10,852,589,59,187,1,1,1
1224,10,853,588,58,188,1,1,1
1225,10,854,587,57,188,1,1,1
1226,10,855,585,55,188,1,1,1
1236,10,850,580,53,190,1,1,1
1237,10,850,581,55,190,1,1,1
1238,10,851,581,56,190,1,1,1
1239,10,851,581,57,189,1,1,1
1240,10,851,581,59,189,1,1,1
1241,10,851,580,59,188,1,1,1
1242,10,852,581,59,188,1,1,1
1243,10,852,580,59,189,1,1,1
1244,10,853,580,59,189,1,1,1
1245,10,853,580,59,188,1,1,1
1246,10,853,579,58,188,1,1,1
1247,10,854,579,58,188,1,1,1
1248,10,854,579,58,188,1,1,1
1249,10,855,578,57,188,1,1,1
1250,10,855,578,58,188,1,1,1
1251,10,855,577,57,187,1,1,1
1252,10,856,577,57,187,1,1,1
1253,10,856,577,57,187,1,1,1
1254,10,856,576,58,187,1,1,1
1255,10,856,576,58,186,1,1,1
1256,10,855,575,58,185,1,1,1
1257,10,856,575,58,186,1,1,1
1258,10,856,574,58,187,1,1,1
1259,10,857,574,57,187,1,1,1
1260,10,857,573,57,188,1,1,1
1261,10,857,572,56,188,1,1,1
1262,10,857,572,57,188,1,1,1
1263,10,857,572,58,187,1,1,1
1264,10,857,571,58,188,1,1,1
1265,10,857,570,59,188,1,1,1
1266,10,856,569,59,187,1,1,1
1267,10,857,570,59,187,1,1,1
1268,10,858,569,58,188,1,1,1
1269,10,858,569,58,188,1,1,1
1270,10,859,569,57,188,1,1,1
1271,10,859,569,57,187,1,1,1
1272,10,860,569,57,188,1,1,1
1273,10,860,569,57,188,1,1,1
1274,10,860,569,57,187,1,1,1
1275,10,860,569,57,187,1,1,1
1276,10,860,568,56,187,1,1,1
1277,10,860,568,58,188,1,1,1
1278,10,859,567,59,190,1,1,1
1279,10,858,566,60,192,1,1,1
1280,10,857,565,61,193,1,1,1
1281,10,856,564,61,194,1,1,1
1282,10,856,565,62,194,1,1,1
1283,10,855,565,64,195,1,1,1
1284,10,855,566,64,195,1,1,1
1285,10,854,566,66,195,1,1,1
1286,10,853,566,66,194,1,1,1
1287,10,854,567,67,194,1,1,1
1288,10,854,567,67,192,1,1,1
1289,10,854,567,67,191,1,1,1
1290,10,854,567,67,190,1,1,1
1291,10,853,566,66,189,1,1,1
1292,10,855,567,66,189,1,1,1
1293,10,857,567,65,189,1,1,1
1294,10,858,567,64,189,1,1,1
1295,10,860,567,63,189,1,1,1
1296,10,861,566,61,189,1,1,1
1297,10,862,568,62,189,1,1,1
1298,10,863,569,61,189,1,1,1
1299,10,863,570,62,189,1,1,1
1300,10,864,571,61,190,1,1,1
1301,10,864,571,61,189,1,1,1
1302,10,864,572,61,189,1,1,1
1303,10,864,573,61,188,1,1,1
1304,10,864,573,60,188,1,1,1
1305,10,864,574,59,187,1,1,1
1306,10,864,574,58,186,1,1,1
1307,10,864,574,59,187,1,1,1
1308,10,864,574,58,188,1,1,1
1309,10,864,575,58,187,1,1,1
1310,10,864,575,58,187,1,1,1
1311,10,864,574,57,187,1,1,1
1312,10,865,575,56,188,1,1,1
1313,10,865,576,54,187,1,1,1
1314,10,866,576,52,187,1,1,1
1315,10,866,576,51,187,1,1,1
1316,10,866,576,49,186,1,1,1