1,1,396,318,23,38,1,1,1
1,2,350,308,21,53,1,1,1
1,7,570,288,14,44,1,1,1
2,1,395,318,22,38,1,1,1
2,2,350,308,21,53,1,1,1
2,7,570,288,14,44,1,1,1
3,1,396,318,23,38,1,1,1
3,2,350,308,21,53,1,1,1
3,7,570,288,14,44,1,1,1
4,1,395,317,22,38,1,1,1
4,2,351,308,21,53,1,1,1
4,7,570,288,14,44,1,1,1
5,1,395,318,22,38,1,1,1
5,2,351,308,21,52,1,1,1
5,7,569,287,14,45,1,1,1
6,1,396,317,23,38,1,1,1
6,2,352,308,21,53,1,1,1
6,7,569,287,14,45,1,1,1
7,1,396,318,23,38,1,1,1
7,2,352,308,21,52,1,1,1
7,7,569,287,14,45,1,1,1
8,1,396,318,23,38,1,1,1
8,2,352,308,21,52,1,1,1
8,7,569,287,14,45,1,1,1
9,1,395,318,22,38,1,1,1
9,2,353,307,22,55,1,1,1
9,7,569,287,14,45,1,1,1
10,1,395,317,22,39,1,1,1
10,2,353,307,22,55,1,1,1
10,7,568,287,14,45,1,1,1
11,1,395,315,22,39,1,1,1
11,2,354,307,22,55,1,1,1
11,7,568,287,14,44,1,1,1
12,1,394,316,22,39,1,1,1
12,2,354,307,22,55,1,1,1
12,7,568,287,14,44,1,1,1
13,1,394,317,22,39,1,1,1
13,2,355,307,22,55,1,1,1
13,7,568,287,14,44,1,1,1
14,1,394,318,22,39,1,1,1
14,2,355,307,22,55,1,1,1
14,7,568,287,14,44,1,1,1
15,1,395,316,20,39,1,1,1
15,2,355,308,22,55,1,1,1
15,7,568,287,14,44,1,1,1
16,1,396,317,20,39,1,1,1
16,2,355,307,22,55,1,1,1
16,7,568,287,14,44,1,1,1
17,1,393,317,20,39,1,1,1
17,2,356,308,22,55,1,1,1
17,7,568,286,14,44,1,1,1
18,1,395,317,20,39,1,1,1
18,2,356,308,22,55,1,1,1
18,7,567,286,14,44,1,1,1
19,1,392,316,20,39,1,1,1
19,2,356,307,23,54,1,1,1
19,7,567,286,14,44,1,1,1
20,1,392,316,20,39,1,1,1
20,2,356,307,23,54,1,1,1
20,7,567,286,14,44,1,1,1
21,1,392,316,20,39,1,1,1
21,2,356,307,23,54,1,1,1
21,7,567,286,14,44,1,1,1
22,1,391,316,20,39,1,1,1
22,2,357,307,23,54,1,1,1
22,7,567,286,14,43,1,1,1
23,1,391,316,20,39,1,1,1
23,2,357,307,23,54,1,1,1
23,7,566,286,14,43,1,1,1
24,1,391,316,20,39,1,1,1
24,2,358,307,23,54,1,1,1
24,7,566,286,14,44,1,1,1
25,1,390,316,20,39,1,1,1
25,2,358,307,23,54,1,1,1
25,7,566,286,14,43,1,1,1
26,1,390,316,20,39,1,1,1
26,2,358,307,23,54,1,1,1
26,7,566,286,14,43,1,1,1
27,1,390,316,20,39,1,1,1
27,2,358,307,21,54,1,1,1
27,7,566,286,12,43,1,1,1
28,1,389,316,20,40,1,1,1
28,2,358,307,21,54,1,1,1
28,7,565,286,12,43,1,1,1
29,1,389,316,20,40,1,1,1
29,2,359,307,21,54,1,1,1
29,7,565,286,12,43,1,1,1
30,1,389,316,20,40,1,1,1
30,2,359,307,21,54,1,1,1
30,7,565,286,12,43,1,1,1
31,1,388,316,21,41,1,1,1
31,2,360,307,21,53,1,1,1
31,7,565,286,12,43,1,1,1
32,1,388,316,21,41,1,1,1
32,2,360,307,22,55,1,1,1
32,7,565,286,12,43,1,1,1
33,1,388,316,21,41,1,1,1
33,2,360,307,22,55,1,1,1
33,7,565,286,12,43,1,1,1
34,1,387,316,21,41,1,1,1
34,2,361,307,22,55,1,1,1
34,7,565,286,12,42,1,1,1
35,1,387,316,21,41,1,1,1
35,2,361,307,22,55,1,1,1
35,7,564,286,12,42,1,1,1
36,1,387,316,21,41,1,1,1
36,2,362,308,22,54,1,1,1
36,7,564,286,12,42,1,1,1
37,1,386,316,21,41,1,1,1
37,2,363,308,22,55,1,1,1
37,7,564,286,12,42,1,1,1
38,1,386,316,21,41,1,1,1
38,2,362,308,22,54,1,1,1
38,7,564,286,12,42,1,1,1
39,1,386,316,21,41,1,1,1
39,2,363,308,22,54,1,1,1
39,7,562,286,13,42,1,1,1
40,1,386,316,21,41,1,1,1
40,2,363,308,22,54,1,1,1
40,7,564,286,12,41,1,1,1
41,1,385,316,21,41,1,1,1
41,2,364,308,22,54,1,1,1
41,7,564,286,12,41,1,1,1
42,1,385,316,21,41,1,1,1
42,2,364,307,22,54,1,1,1
42,7,562,286,13,41,1,1,1
43,1,385,316,21,41,1,1,1
43,2,365,307,20,54,1,1,1
43,7,562,286,13,41,1,1,1
44,1,385,316,21,41,1,1,1
44,2,365,307,21,55,1,1,1
44,7,562,286,13,41,1,1,1
45,1,384,316,21,41,1,1,1
45,2,365,307,21,55,1,1,1
45,7,562,286,13,40,1,1,1
46,1,384,316,21,41,1,1,1
46,2,366,307,21,55,1,1,1
46,7,562,286,13,40,1,1,1
47,1,384,316,21,41,1,1,1
47,2,366,307,21,55,1,1,1
47,7,561,286,13,40,1,1,1
48,1,384,316,21,41,1,1,1
48,2,367,307,21,55,1,1,1
48,7,561,286,13,40,1,1,1
49,1,384,316,21,41,1,1,1
49,2,367,307,21,54,1,1,1
49,7,561,286,13,40,1,1,1
50,1,384,316,21,41,1,1,1
50,2,368,307,21,55,1,1,1
50,7,561,286,13,40,1,1,1
51,1,383,316,21,41,1,1,1
51,2,368,307,21,55,1,1,1
51,7,561,286,12,40,1,1,1
52,1,383,316,21,41,1,1,1
52,2,369,307,21,55,1,1,1
52,7,561,286,12,39,1,1,1
53,1,383,316,21,41,1,1,1
53,2,369,307,21,55,1,1,1
53,7,561,285,12,39,1,1,1
54,1,383,316,21,41,1,1,1
54,2,370,307,21,54,1,1,1
54,7,560,285,12,39,1,1,1
55,1,382,316,21,41,1,1,1
55,2,370,307,21,55,1,1,1
55,7,560,285,12,39,1,1,1
56,1,382,316,21,41,1,1,1
56,2,370,307,21,55,1,1,1
56,7,560,285,12,39,1,1,1
57,1,382,316,21,41,1,1,1
57,2,370,307,21,54,1,1,1
57,7,560,285,12,39,1,1,1
58,1,382,316,21,41,1,1,1
58,2,370,307,23,55,1,1,1
58,7,560,285,12,39,1,1,1
59,1,382,316,21,41,1,1,1
59,2,370,307,23,55,1,1,1
59,7,559,285,12,39,1,1,1
60,1,382,316,21,41,1,1,1
60,2,372,307,24,55,1,1,1
60,7,559,285,12,39,1,1,1
61,1,381,317,21,41,1,1,1
61,2,372,307,24,55,1,1,1
61,7,559,285,12,39,1,1,1
62,1,381,317,21,41,1,1,1
62,2,372,307,24,55,1,1,1
62,7,559,285,12,39,1,1,1
63,1,381,317,21,40,1,1,1
63,2,372,307,24,55,1,1,1
63,7,559,285,12,39,1,1,1
64,1,380,319,22,38,1,1,1
64,2,373,301,20,57,1,1,1
64,7,558,285,11,39,1,1,1
65,1,381,315,21,40,1,1,1
65,2,373,301,20,57,1,1,1
65,7,558,285,11,39,1,1,1
66,1,380,316,21,41,1,1,1
66,2,373,301,20,57,1,1,1
66,7,558,285,11,38,1,1,1
67,1,380,316,21,41,1,1,1
67,2,373,301,20,57,1,1,1
67,7,558,285,15,38,1,1,1
68,1,380,316,21,41,1,1,1
68,2,373,301,20,57,1,1,1
68,7,558,285,11,38,1,1,1
69,1,380,316,21,41,1,1,1
69,2,373,301,20,56,1,1,1
69,7,557,284,11,39,1,1,1
70,1,380,316,21,41,1,1,1
70,2,373,301,20,56,1,1,1
70,7,557,284,12,39,1,1,1
71,1,380,316,21,41,1,1,1
71,2,374,301,20,56,1,1,1
71,7,557,284,15,39,1,1,1
72,1,380,316,21,41,1,1,1
72,2,374,301,20,56,1,1,1
72,7,557,284,11,38,1,1,1
73,1,379,316,21,41,1,1,1
73,2,379,301,18,52,1,1,1
73,7,556,284,15,41,1,1,1
74,1,379,316,21,41,1,1,1
74,2,379,301,18,52,1,1,1
74,7,556,284,15,42,1,1,1
75,1,379,316,21,40,1,1,1
75,2,379,301,18,52,1,1,1
75,7,556,284,11,38,1,1,1
76,1,379,316,21,40,1,1,1
76,2,379,301,18,52,1,1,1
76,7,556,284,15,42,1,1,1
77,1,378,316,23,40,1,1,1
77,2,380,301,18,52,1,1,1
77,7,556,284,14,42,1,1,1
78,1,378,316,23,40,1,1,1
78,2,379,301,18,52,1,1,1
78,7,555,284,16,42,1,1,1
79,1,378,316,23,40,1,1,1
79,2,380,301,18,51,1,1,1
79,7,555,284,16,42,1,1,1
80,1,378,316,23,40,1,1,1
80,2,380,301,18,51,1,1,1
80,7,555,284,15,43,1,1,1
81,1,378,316,23,40,1,1,1
81,2,381,301,18,51,1,1,1
81,7,555,284,15,42,1,1,1
82,1,377,316,23,40,1,1,1
82,2,381,304,21,48,1,1,1
82,7,554,283,16,43,1,1,1
83,1,377,316,23,40,1,1,1
83,2,381,304,21,48,1,1,1
83,7,554,284,16,42,1,1,1
84,1,376,316,23,40,1,1,1
84,2,385,304,20,48,1,1,1
84,7,554,283,14,40,1,1,1
85,1,376,316,23,40,1,1,1
85,2,385,304,20,49,1,1,1
85,7,555,283,14,39,1,1,1
86,1,376,316,23,40,1,1,1
86,2,385,304,20,49,1,1,1
86,7,554,283,15,40,1,1,1
87,1,376,316,23,40,1,1,1
87,2,385,303,20,49,1,1,1
87,7,556,284,12,39,1,1,1
88,1,375,316,23,40,1,1,1
88,2,386,303,20,49,1,1,1
88,7,553,283,11,37,1,1,1
89,1,375,316,23,40,1,1,1
89,2,386,303,21,49,1,1,1
89,7,553,283,11,37,1,1,1
90,1,375,316,23,40,1,1,1
90,2,386,303,21,50,1,1,1
90,7,553,283,11,37,1,1,1
91,1,374,316,23,40,1,1,1
91,2,389,301,17,51,1,1,1
91,7,553,281,14,42,1,1,1
92,1,374,316,23,40,1,1,1
92,2,389,301,17,51,1,1,1
92,7,552,283,11,37,1,1,1
93,1,374,316,23,40,1,1,1
93,2,389,301,17,51,1,1,1
93,7,552,283,14,38,1,1,1
94,1,374,315,23,40,1,1,1
94,2,389,301,17,51,1,1,1
94,7,552,282,14,37,1,1,1
95,1,373,315,23,41,1,1,1
95,2,390,301,19,51,1,1,1
95,7,554,283,13,38,1,1,1
96,1,373,315,24,41,1,1,1
96,2,390,301,21,51,1,1,1
96,7,552,283,14,38,1,1,1
97,1,373,315,24,41,1,1,1
97,2,391,301,20,51,1,1,1
97,7,552,282,13,37,1,1,1
98,1,373,315,23,42,1,1,1
98,2,391,301,20,51,1,1,1
98,7,552,282,13,37,1,1,1
99,1,373,315,23,42,1,1,1
99,2,391,301,20,51,1,1,1
99,7,553,282,13,37,1,1,1
100,1,372,315,23,42,1,1,1
100,2,392,301,20,51,1,1,1
100,7,553,282,13,37,1,1,1
101,1,372,315,24,44,1,1,1
101,2,392,301,19,52,1,1,1
101,7,553,282,13,37,1,1,1
102,1,372,315,24,44,1,1,1
102,2,392,301,19,52,1,1,1
102,7,552,282,13,37,1,1,1
103,1,371,315,24,44,1,1,1
103,2,392,301,19,52,1,1,1
103,7,552,282,13,37,1,1,1
104,1,371,315,22,43,1,1,1
104,2,392,301,19,52,1,1,1
104,7,552,282,13,37,1,1,1
105,1,371,315,22,43,1,1,1
105,2,392,300,19,53,1,1,1
105,7,552,282,13,36,1,1,1
106,1,370,315,22,43,1,1,1
106,2,392,300,19,53,1,1,1
106,7,552,282,13,36,1,1,1
107,1,370,315,22,43,1,1,1
107,2,393,300,19,52,1,1,1
107,7,552,282,13,36,1,1,1
108,1,370,314,22,44,1,1,1
108,2,393,300,19,53,1,1,1
108,7,552,281,13,36,1,1,1
109,1,370,314,22,44,1,1,1
109,2,393,300,19,53,1,1,1
109,7,550,281,14,36,1,1,1
110,1,369,315,21,39,1,1,1
110,2,393,300,19,52,1,1,1
110,7,550,281,14,36,1,1,1
111,1,369,315,21,39,1,1,1
111,2,393,300,19,52,1,1,1
111,7,550,281,14,36,1,1,1
112,1,369,315,21,39,1,1,1
112,2,393,300,19,52,1,1,1
112,7,550,281,14,36,1,1,1
113,1,369,315,21,39,1,1,1
113,2,393,300,19,52,1,1,1
113,7,550,281,14,36,1,1,1
114,1,368,315,21,39,1,1,1
114,2,393,300,19,52,1,1,1
114,7,550,281,14,36,1,1,1
115,1,368,315,21,39,1,1,1
115,2,394,300,19,52,1,1,1
115,7,549,281,14,36,1,1,1
116,1,368,315,21,39,1,1,1
116,2,394,300,21,57,1,1,1
116,7,549,281,14,36,1,1,1
117,1,368,315,21,39,1,1,1
117,2,394,300,21,57,1,1,1
117,7,549,281,14,36,1,1,1
118,1,367,315,21,39,1,1,1
118,2,394,300,21,56,1,1,1
118,7,549,281,14,36,1,1,1
119,1,367,315,21,39,1,1,1
119,2,394,300,21,56,1,1,1
119,7,549,281,13,35,1,1,1
120,1,367,314,21,39,1,1,1
120,2,394,300,21,56,1,1,1
120,7,548,281,14,36,1,1,1
121,1,367,314,21,39,1,1,1
121,2,395,300,21,56,1,1,1
121,7,548,280,14,36,1,1,1
122,1,367,314,21,39,1,1,1
122,2,395,300,21,56,1,1,1
122,7,548,280,13,35,1,1,1
123,1,367,314,21,39,1,1,1
123,2,395,300,21,56,1,1,1
123,7,548,280,13,35,1,1,1
124,1,366,314,21,39,1,1,1
124,2,393,300,23,56,1,1,1
124,7,548,280,13,35,1,1,1
125,1,366,314,21,39,1,1,1
125,2,393,300,23,56,1,1,1
125,7,548,280,13,35,1,1,1
126,1,366,314,21,39,1,1,1
126,2,393,300,23,56,1,1,1
126,7,548,280,13,35,1,1,1
127,1,366,314,21,39,1,1,1
127,2,393,299,23,56,1,1,1
127,7,547,280,13,35,1,1,1
128,1,366,314,21,39,1,1,1
128,2,393,299,23,56,1,1,1
128,7,547,280,13,35,1,1,1
129,1,366,314,21,39,1,1,1
129,2,394,299,23,56,1,1,1
129,7,547,280,13,35,1,1,1
130,1,366,314,21,39,1,1,1
130,2,395,302,22,53,1,1,1
130,7,547,280,13,35,1,1,1
131,1,366,314,21,39,1,1,1
131,2,395,302,22,53,1,1,1
131,7,547,280,13,35,1,1,1
132,1,366,314,21,39,1,1,1
132,2,395,302,22,53,1,1,1
132,7,547,280,13,35,1,1,1
133,1,366,314,21,39,1,1,1
133,2,395,302,22,53,1,1,1
133,7,547,280,13,35,1,1,1
134,1,366,314,21,39,1,1,1
134,2,396,302,23,53,1,1,1
134,7,546,280,12,35,1,1,1
135,1,366,314,21,39,1,1,1
135,2,396,302,23,53,1,1,1
135,7,547,280,13,35,1,1,1
136,1,366,314,21,39,1,1,1
136,2,396,302,23,53,1,1,1
136,7,546,279,12,35,1,1,1
137,1,366,314,21,38,1,1,1
137,2,396,302,23,53,1,1,1
137,7,546,279,12,35,1,1,1
138,1,366,313,21,38,1,1,1
138,2,394,302,21,56,1,1,1
138,7,546,279,12,34,1,1,1
139,1,365,313,21,39,1,1,1
139,2,394,302,21,56,1,1,1
139,7,546,279,12,34,1,1,1
140,1,365,313,21,39,1,1,1
140,2,394,302,21,56,1,1,1
140,7,545,279,12,34,1,1,1
141,1,366,313,21,38,1,1,1
141,2,394,302,21,56,1,1,1
141,7,545,279,12,34,1,1,1
142,1,365,313,21,39,1,1,1
142,2,394,302,21,56,1,1,1
142,7,545,279,12,34,1,1,1
143,1,365,313,21,39,1,1,1
143,2,394,302,21,57,1,1,1
143,7,545,279,12,34,1,1,1
144,1,365,313,21,39,1,1,1
144,2,394,301,21,57,1,1,1
144,7,545,279,12,34,1,1,1
145,1,366,312,21,39,1,1,1
145,2,393,301,21,57,1,1,1
145,7,545,278,12,34,1,1,1
146,1,365,312,21,39,1,1,1
146,2,393,301,21,57,1,1,1
146,7,545,279,12,34,1,1,1
147,1,365,312,21,39,1,1,1
147,2,393,301,21,57,1,1,1
147,7,545,279,12,34,1,1,1
148,1,367,313,20,38,1,1,1
148,2,393,301,21,56,1,1,1
148,7,544,278,12,34,1,1,1
149,1,367,312,20,38,1,1,1
149,2,393,300,21,57,1,1,1
149,7,544,278,12,34,1,1,1
150,1,365,312,21,40,1,1,1
150,2,393,300,21,56,1,1,1
150,7,544,278,12,34,1,1,1
151,1,365,312,21,40,1,1,1
151,2,393,300,21,56,1,1,1
151,7,544,278,12,34,1,1,1
152,1,365,311,21,40,1,1,1
152,2,393,300,21,56,1,1,1
152,7,544,278,12,34,1,1,1
153,1,365,311,21,40,1,1,1
153,2,393,300,21,56,1,1,1
153,7,544,278,12,34,1,1,1
154,1,365,311,21,40,1,1,1
154,2,393,300,21,56,1,1,1
154,7,543,278,12,34,1,1,1
155,1,365,311,21,39,1,1,1
155,2,393,300,22,54,1,1,1
155,7,543,278,12,33,1,1,1
156,1,365,311,21,40,1,1,1
156,2,393,300,22,54,1,1,1
156,7,543,277,12,33,1,1,1
157,1,365,311,21,40,1,1,1
157,2,393,300,22,54,1,1,1
157,7,543,277,12,33,1,1,1
158,1,365,311,21,40,1,1,1
158,2,393,300,22,54,1,1,1
158,7,543,277,12,33,1,1,1
159,1,365,311,21,40,1,1,1
159,2,393,300,22,54,1,1,1
159,7,543,277,12,33,1,1,1
160,1,365,311,21,40,1,1,1
160,2,393,300,22,54,1,1,1
160,7,542,277,12,33,1,1,1
161,1,365,311,21,40,1,1,1
161,2,393,300,22,55,1,1,1
161,7,542,277,12,33,1,1,1
162,1,366,311,21,39,1,1,1
162,2,394,300,22,54,1,1,1
162,7,542,277,12,33,1,1,1
163,1,365,310,21,40,1,1,1
163,2,394,299,22,55,1,1,1
163,7,542,277,12,33,1,1,1
164,1,366,310,21,40,1,1,1
164,2,394,299,22,55,1,1,1
164,7,542,277,12,33,1,1,1
165,1,366,310,21,40,1,1,1
165,2,394,299,22,55,1,1,1
165,7,542,277,12,33,1,1,1
166,1,366,310,21,39,1,1,1
166,2,394,299,22,55,1,1,1
166,7,542,277,12,33,1,1,1
167,1,366,310,21,39,1,1,1
167,2,395,298,22,55,1,1,1
167,7,542,276,12,33,1,1,1
168,1,366,310,21,39,1,1,1
168,2,394,298,22,55,1,1,1
168,7,541,276,12,33,1,1,1
169,1,367,310,21,40,1,1,1
169,2,395,298,22,54,1,1,1
169,7,541,276,11,32,1,1,1
170,1,367,310,21,39,1,1,1
170,2,395,298,22,55,1,1,1
170,7,541,276,11,32,1,1,1
171,1,367,310,21,40,1,1,1
171,2,395,298,22,55,1,1,1
171,7,541,276,11,32,1,1,1
172,1,367,310,21,40,1,1,1
172,2,395,298,22,55,1,1,1
172,7,541,276,11,32,1,1,1
173,1,367,309,21,40,1,1,1
173,2,395,299,22,55,1,1,1
173,7,541,276,11,32,1,1,1
174,1,367,309,21,40,1,1,1
174,2,395,299,22,55,1,1,1
174,7,541,276,11,32,1,1,1
175,1,367,309,21,40,1,1,1
175,2,396,299,22,55,1,1,1
175,7,541,276,11,32,1,1,1
176,1,367,309,21,40,1,1,1
176,2,396,299,22,55,1,1,1
176,7,540,276,11,32,1,1,1
177,1,368,309,20,39,1,1,1
177,2,396,299,22,55,1,1,1
177,7,540,276,11,32,1,1,1
178,1,368,310,20,38,1,1,1
178,2,396,299,22,55,1,1,1
178,7,540,276,11,32,1,1,1
179,1,368,310,20,38,1,1,1
179,2,396,299,24,55,1,1,1
179,7,540,275,11,32,1,1,1
180,1,368,310,20,38,1,1,1
180,2,396,299,24,55,1,1,1
180,7,540,275,11,32,1,1,1
181,1,368,310,20,38,1,1,1
181,2,395,299,24,56,1,1,1
181,7,540,275,13,34,1,1,1
182,1,368,310,20,38,1,1,1
182,2,395,298,23,56,1,1,1
182,7,540,275,13,34,1,1,1
183,1,368,310,20,38,1,1,1
183,2,395,299,24,56,1,1,1
183,7,540,275,13,34,1,1,1
184,1,368,310,20,38,1,1,1
184,2,395,298,23,56,1,1,1
184,7,540,275,13,34,1,1,1
185,1,369,310,20,38,1,1,1
185,2,395,298,23,56,1,1,1
185,7,540,275,13,34,1,1,1
186,1,369,309,20,38,1,1,1
186,2,395,298,23,56,1,1,1
186,7,540,275,13,34,1,1,1
187,1,367,309,22,37,1,1,1
187,2,395,298,22,55,1,1,1
187,7,539,275,13,34,1,1,1
188,1,367,309,22,37,1,1,1
188,2,395,298,22,55,1,1,1
188,7,540,275,12,33,1,1,1
189,1,367,309,22,39,1,1,1
189,2,395,298,22,55,1,1,1
189,7,540,275,12,33,1,1,1
190,1,367,309,22,39,1,1,1
190,2,395,298,22,55,1,1,1
190,7,540,275,12,33,1,1,1
191,1,367,309,22,39,1,1,1
191,2,395,298,22,55,1,1,1
191,7,540,275,12,33,1,1,1
192,1,367,309,22,39,1,1,1
192,2,395,298,22,55,1,1,1
192,7,539,275,12,33,1,1,1
193,1,367,309,22,39,1,1,1
193,2,395,298,22,55,1,1,1
193,7,539,275,12,33,1,1,1
194,1,367,309,22,39,1,1,1
194,2,395,298,22,55,1,1,1
194,7,539,275,12,33,1,1,1
195,1,367,309,22,39,1,1,1
195,2,395,298,22,55,1,1,1
195,7,539,275,12,33,1,1,1
196,1,367,309,22,39,1,1,1
196,2,395,298,22,55,1,1,1
196,7,539,275,12,33,1,1,1
197,1,367,309,22,39,1,1,1
197,2,395,298,22,55,1,1,1
197,7,539,274,12,33,1,1,1
198,1,367,309,22,39,1,1,1
198,2,395,298,22,55,1,1,1
198,7,539,274,12,33,1,1,1
199,1,367,309,22,39,1,1,1
199,2,396,298,22,55,1,1,1
199,7,537,274,13,32,1,1,1
200,1,367,308,22,39,1,1,1
200,2,396,298,24,56,1,1,1
200,7,537,274,13,32,1,1,1
201,1,367,308,22,39,1,1,1
201,2,396,298,24,55,1,1,1
201,7,537,274,13,32,1,1,1
202,1,367,308,22,39,1,1,1
202,2,396,298,22,55,1,1,1
202,7,537,274,14,32,1,1,1
203,1,367,308,22,39,1,1,1
203,2,396,297,24,56,1,1,1
203,7,537,274,14,32,1,1,1
204,1,367,308,22,39,1,1,1
204,2,396,297,24,56,1,1,1
204,7,537,274,14,32,1,1,1
205,1,367,308,22,39,1,1,1
205,2,396,297,23,55,1,1,1
205,7,537,274,14,32,1,1,1
206,1,367,308,22,39,1,1,1
206,2,396,297,23,55,1,1,1
206,7,537,274,14,32,1,1,1
207,1,367,308,22,39,1,1,1
207,2,396,297,23,55,1,1,1
207,7,537,274,14,32,1,1,1
208,1,367,308,22,39,1,1,1
208,2,396,297,23,55,1,1,1
208,7,537,274,14,32,1,1,1
209,1,367,308,22,39,1,1,1
209,2,396,297,23,55,1,1,1
209,7,537,274,14,32,1,1,1
210,1,367,308,22,39,1,1,1
210,2,396,297,23,55,1,1,1
210,7,537,274,14,32,1,1,1
211,1,367,308,22,39,1,1,1
211,2,396,297,23,55,1,1,1
211,7,537,274,14,32,1,1,1
212,1,367,308,22,39,1,1,1
212,2,396,297,23,55,1,1,1
212,7,537,274,14,32,1,1,1
213,1,367,308,22,39,1,1,1
213,2,396,297,23,55,1,1,1
213,7,537,274,14,32,1,1,1
214,1,367,308,22,39,1,1,1
214,2,396,297,23,55,1,1,1
214,7,537,274,14,32,1,1,1
215,1,367,308,22,39,1,1,1
215,2,396,297,23,55,1,1,1
215,7,537,274,14,32,1,1,1
216,1,367,308,22,39,1,1,1
216,2,396,297,23,55,1,1,1
216,7,537,274,14,32,1,1,1
217,1,367,308,22,39,1,1,1
217,2,396,297,23,55,1,1,1
217,7,537,274,14,32,1,1,1
218,1,367,308,22,39,1,1,1
218,2,396,297,23,55,1,1,1
218,7,537,274,14,32,1,1,1
219,1,367,308,22,39,1,1,1
219,2,396,297,23,55,1,1,1
219,7,537,274,14,32,1,1,1
220,1,367,308,22,39,1,1,1
220,2,396,297,23,55,1,1,1
220,7,537,274,14,32,1,1,1
221,1,367,308,22,39,1,1,1
221,2,396,297,23,55,1,1,1
221,7,537,274,14,32,1,1,1
222,1,367,308,22,39,1,1,1
222,2,396,297,23,55,1,1,1
222,7,537,274,14,32,1,1,1
223,1,367,308,22,39,1,1,1
223,2,396,297,23,55,1,1,1
223,7,537,274,14,32,1,1,1
224,1,367,308,22,39,1,1,1
224,2,396,297,23,55,1,1,1
224,7,537,274,14,32,1,1,1
225,1,367,308,22,39,1,1,1
225,2,396,297,23,55,1,1,1
225,7,537,274,14,32,1,1,1
226,1,367,308,22,39,1,1,1
226,2,396,297,23,55,1,1,1
226,7,537,274,14,32,1,1,1
227,1,367,308,22,39,1,1,1
227,2,396,297,23,55,1,1,1
227,7,537,274,14,32,1,1,1
228,1,367,308,22,39,1,1,1
228,2,396,297,23,55,1,1,1
228,7,537,274,14,32,1,1,1
229,1,367,308,22,39,1,1,1
229,2,396,297,23,55,1,1,1
229,7,537,274,14,32,1,1,1
230,1,364,308,22,39,1,1,1
230,2,395,298,22,55,1,1,1
230,7,533,272,13,31,1,1,1
231,1,364,308,22,39,1,1,1
231,2,395,298,22,55,1,1,1
231,7,533,272,13,31,1,1,1
232,1,364,308,22,39,1,1,1
232,2,395,298,22,55,1,1,1
232,7,533,272,13,31,1,1,1
233,1,363,308,22,39,1,1,1
233,2,395,298,22,54,1,1,1
233,7,533,272,13,31,1,1,1
234,1,363,308,22,39,1,1,1
234,2,395,298,22,55,1,1,1
234,7,533,272,13,31,1,1,1
235,1,363,308,22,39,1,1,1
235,2,395,298,22,55,1,1,1
235,7,533,272,13,31,1,1,1
236,1,363,308,22,39,1,1,1
236,2,394,298,22,55,1,1,1
236,7,532,272,13,31,1,1,1
237,1,363,308,22,39,1,1,1
237,2,394,298,22,55,1,1,1
237,7,532,272,13,31,1,1,1
238,1,363,308,22,39,1,1,1
238,2,394,298,22,55,1,1,1
238,7,532,272,12,30,1,1,1
239,1,363,308,22,39,1,1,1
239,2,394,298,22,55,1,1,1
239,7,532,272,12,31,1,1,1
240,1,363,308,22,39,1,1,1
240,2,394,298,22,55,1,1,1
240,7,532,272,12,30,1,1,1
241,1,363,308,22,39,1,1,1
241,2,394,298,22,55,1,1,1
241,7,532,272,12,31,1,1,1
242,1,363,308,22,39,1,1,1
242,2,394,298,22,55,1,1,1
242,7,532,272,12,31,1,1,1
243,1,363,308,22,39,1,1,1
243,2,394,298,22,55,1,1,1
243,7,532,272,12,31,1,1,1
244,1,363,308,22,39,1,1,1
244,2,394,298,23,55,1,1,1
244,7,532,272,12,31,1,1,1
245,1,363,308,22,39,1,1,1
245,2,394,298,22,55,1,1,1
245,7,532,272,12,30,1,1,1
246,1,363,308,22,39,1,1,1
246,2,394,298,22,55,1,1,1
246,7,531,272,12,30,1,1,1
247,1,363,308,22,39,1,1,1
247,2,394,298,23,56,1,1,1
247,7,531,272,12,30,1,1,1
248,1,363,308,22,39,1,1,1
248,2,394,298,23,56,1,1,1
248,7,531,272,12,30,1,1,1
249,1,363,308,22,38,1,1,1
249,2,394,298,23,56,1,1,1
249,7,531,272,12,30,1,1,1
250,1,363,309,22,38,1,1,1
250,2,394,298,23,56,1,1,1
250,7,531,272,12,30,1,1,1
251,1,363,309,22,38,1,1,1
251,2,394,298,23,56,1,1,1
251,7,531,272,12,30,1,1,1
252,1,363,309,22,38,1,1,1
252,2,394,298,23,56,1,1,1
252,7,531,272,12,30,1,1,1
253,1,363,309,22,38,1,1,1
253,2,394,298,23,56,1,1,1
253,7,531,271,12,30,1,1,1
254,1,363,309,22,38,1,1,1
254,2,394,298,23,56,1,1,1
254,7,531,272,12,30,1,1,1
255,1,363,309,22,38,1,1,1
255,2,394,298,23,56,1,1,1
255,7,531,272,12,30,1,1,1
256,1,363,309,21,38,1,1,1
256,2,393,298,23,57,1,1,1
256,7,530,271,12,30,1,1,1
257,1,363,309,21,38,1,1,1
257,2,393,299,23,56,1,1,1
257,7,530,271,12,30,1,1,1
258,1,364,309,21,38,1,1,1
258,2,393,299,23,56,1,1,1
258,7,530,271,12,30,1,1,1
259,1,364,309,21,38,1,1,1
259,2,393,298,23,56,1,1,1
259,7,530,271,12,30,1,1,1
260,1,364,309,21,37,1,1,1
260,2,393,298,23,56,1,1,1
260,7,530,271,12,30,1,1,1
261,1,363,309,22,38,1,1,1
261,2,393,298,23,56,1,1,1
261,7,530,271,12,30,1,1,1
262,1,364,309,21,37,1,1,1
262,2,393,298,23,56,1,1,1
262,7,530,271,12,30,1,1,1
263,1,364,309,21,38,1,1,1
263,2,393,298,23,56,1,1,1
263,7,530,271,12,30,1,1,1
264,1,364,309,21,38,1,1,1
264,2,392,298,23,57,1,1,1
264,7,530,272,12,29,1,1,1
265,1,365,310,21,37,1,1,1
265,2,392,298,23,56,1,1,1
265,7,529,272,12,29,1,1,1
266,1,365,309,21,37,1,1,1
266,2,392,298,23,56,1,1,1
266,7,529,272,12,29,1,1,1
267,1,365,309,21,37,1,1,1
267,2,392,298,23,56,1,1,1
267,7,529,272,12,29,1,1,1
268,1,364,309,21,38,1,1,1
268,2,392,298,23,56,1,1,1
268,7,529,272,12,29,1,1,1
269,1,364,309,21,38,1,1,1
269,2,392,298,23,56,1,1,1
269,7,529,272,12,29,1,1,1
270,1,364,309,21,38,1,1,1
270,2,392,299,23,56,1,1,1
270,7,529,272,12,29,1,1,1
271,1,364,309,22,38,1,1,1
271,2,391,299,23,55,1,1,1
271,7,529,272,12,29,1,1,1
272,1,364,309,22,38,1,1,1
272,2,391,299,23,55,1,1,1
272,7,528,272,12,29,1,1,1
273,1,364,309,22,38,1,1,1
273,2,391,299,23,55,1,1,1
273,7,528,272,12,29,1,1,1
274,1,364,309,22,38,1,1,1
274,2,391,299,23,55,1,1,1
274,7,528,272,12,29,1,1,1
275,1,364,309,22,39,1,1,1
275,2,391,299,23,55,1,1,1
275,7,528,272,12,29,1,1,1
276,1,363,310,22,39,1,1,1
276,2,391,299,23,55,1,1,1
276,7,528,272,12,29,1,1,1
277,1,363,310,22,39,1,1,1
277,2,392,299,22,55,1,1,1
277,7,528,272,12,29,1,1,1
278,1,363,310,22,39,1,1,1
278,2,392,299,22,55,1,1,1
278,7,528,272,12,29,1,1,1
279,1,363,310,22,39,1,1,1
279,2,391,299,23,55,1,1,1
279,7,528,272,12,29,1,1,1
280,1,363,310,22,39,1,1,1
280,2,391,299,23,56,1,1,1
280,7,528,272,12,29,1,1,1
281,1,363,310,22,39,1,1,1
281,2,391,299,23,56,1,1,1
281,7,528,272,12,29,1,1,1
282,1,363,310,22,39,1,1,1
282,2,391,299,23,56,1,1,1
282,7,528,272,12,29,1,1,1
283,1,363,310,22,39,1,1,1
283,2,391,299,23,56,1,1,1
283,7,528,272,12,29,1,1,1
284,1,363,310,22,39,1,1,1
284,2,392,299,23,56,1,1,1
284,7,528,272,12,29,1,1,1
285,1,363,310,22,39,1,1,1
285,2,392,299,23,56,1,1,1
285,7,528,272,12,29,1,1,1
286,1,362,310,22,39,1,1,1
286,2,392,299,23,56,1,1,1
286,7,527,272,12,29,1,1,1
287,1,362,310,22,39,1,1,1
287,2,392,299,23,56,1,1,1
287,7,527,272,12,29,1,1,1
288,1,362,310,22,39,1,1,1
288,2,392,299,23,56,1,1,1
288,7,527,272,12,29,1,1,1
289,1,362,310,22,39,1,1,1
289,2,392,299,23,56,1,1,1
289,7,527,272,12,29,1,1,1
290,1,362,310,22,39,1,1,1
290,2,392,299,23,56,1,1,1
290,7,527,272,12,29,1,1,1
291,1,362,310,22,39,1,1,1
291,2,392,299,23,56,1,1,1
291,7,527,272,12,29,1,1,1
292,1,361,310,22,39,1,1,1
292,2,392,299,23,56,1,1,1
292,7,527,272,12,29,1,1,1
293,1,361,310,22,39,1,1,1
293,2,392,299,23,56,1,1,1
293,7,527,272,12,29,1,1,1
294,1,361,310,22,40,1,1,1
294,2,392,299,23,56,1,1,1
294,7,527,272,12,29,1,1,1
295,1,361,310,22,40,1,1,1
295,2,392,300,23,56,1,1,1
295,7,526,272,12,29,1,1,1
296,1,361,311,22,40,1,1,1
296,2,392,300,23,56,1,1,1
296,7,526,272,12,29,1,1,1
297,1,361,311,22,40,1,1,1
297,2,392,300,23,56,1,1,1
297,7,526,272,12,29,1,1,1
298,1,360,311,22,39,1,1,1
298,2,392,300,23,56,1,1,1
298,7,526,272,12,29,1,1,1
299,1,360,311,22,40,1,1,1
299,2,391,300,23,56,1,1,1
299,7,526,272,12,29,1,1,1
300,1,360,311,22,40,1,1,1
300,2,391,300,23,57,1,1,1
300,7,526,272,12,29,1,1,1
301,1,360,311,22,39,1,1,1
301,2,391,300,23,57,1,1,1
301,7,526,272,12,29,1,1,1
302,1,360,311,22,40,1,1,1
302,2,391,300,23,57,1,1,1
302,7,526,272,12,29,1,1,1
303,1,360,311,22,40,1,1,1
303,2,391,300,23,57,1,1,1
303,7,526,272,12,29,1,1,1
304,1,359,311,22,40,1,1,1
304,2,390,300,23,57,1,1,1
304,7,525,272,12,29,1,1,1
305,1,359,311,22,39,1,1,1
305,2,390,300,23,57,1,1,1
305,7,525,272,12,29,1,1,1
306,1,359,311,22,40,1,1,1
306,2,390,300,23,57,1,1,1
306,7,525,272,12,29,1,1,1
307,1,359,311,22,39,1,1,1
307,2,390,300,23,57,1,1,1
307,3,623,379,47,90,1,1,1
307,7,525,272,12,29,1,1,1
308,1,359,311,22,39,1,1,1
308,2,390,300,23,56,1,1,1
308,3,621,379,46,88,1,1,1
308,7,525,271,12,29,1,1,1
309,1,359,311,22,39,1,1,1
309,2,390,300,23,57,1,1,1
309,3,621,379,49,89,1,1,1
309,7,525,271,12,29,1,1,1
310,1,359,311,22,39,1,1,1
310,2,390,300,23,56,1,1,1
310,3,619,379,51,89,1,1,1
310,7,525,271,12,29,1,1,1
311,1,359,312,22,39,1,1,1
311,2,389,300,23,56,1,1,1
311,3,616,379,57,93,1,1,1
311,7,525,271,12,29,1,1,1
312,1,359,312,22,39,1,1,1
312,2,389,300,23,56,1,1,1
312,3,614,379,55,91,1,1,1
312,7,524,271,12,29,1,1,1
313,1,359,312,22,39,1,1,1
313,2,389,300,23,56,1,1,1
313,3,612,378,54,91,1,1,1
313,7,524,271,12,29,1,1,1
314,1,358,312,22,39,1,1,1
314,2,389,300,23,56,1,1,1
314,3,610,378,56,93,1,1,1
314,7,524,271,12,29,1,1,1
315,1,358,312,22,39,1,1,1
315,2,389,300,23,56,1,1,1
315,3,610,378,56,93,1,1,1
315,7,524,271,12,29,1,1,1
316,1,358,312,22,39,1,1,1
316,2,389,300,22,55,1,1,1
316,3,608,374,51,96,1,1,1
316,7,524,271,12,29,1,1,1
317,1,358,312,22,39,1,1,1
317,2,389,301,22,55,1,1,1
317,3,607,374,46,96,1,1,1
317,7,524,271,12,29,1,1,1
318,1,358,312,22,39,1,1,1
318,2,389,301,22,54,1,1,1
318,3,604,370,42,96,1,1,1
318,7,524,271,12,29,1,1,1
319,1,358,312,22,39,1,1,1
319,2,389,301,22,55,1,1,1
319,3,602,370,41,94,1,1,1
319,4,639,356,28,79,1,1,1
319,7,524,271,12,29,1,1,1
320,1,358,312,22,39,1,1,1
320,2,389,301,22,55,1,1,1
320,3,600,368,41,96,1,1,1
320,4,636,356,28,78,1,1,1
320,7,523,271,11,29,1,1,1
321,1,358,312,22,39,1,1,1
321,2,389,301,22,55,1,1,1
321,3,585,368,53,96,1,1,1
321,4,635,356,33,78,1,1,1
321,7,523,271,11,29,1,1,1
322,1,358,312,22,39,1,1,1
322,2,389,301,22,55,1,1,1
322,3,585,368,53,96,1,1,1
322,4,635,356,35,78,1,1,1
322,7,523,271,11,29,1,1,1
323,1,358,312,22,39,1,1,1
323,2,389,301,22,55,1,1,1
323,3,581,368,58,96,1,1,1
323,4,633,356,31,77,1,1,1
323,7,523,271,11,29,1,1,1
324,1,358,312,22,39,1,1,1
324,2,389,301,23,55,1,1,1
324,3,578,368,59,96,1,1,1
324,4,632,355,31,77,1,1,1
324,7,523,271,11,29,1,1,1
325,1,358,312,22,39,1,1,1
325,2,389,301,22,55,1,1,1
325,3,574,368,60,93,1,1,1
325,4,629,355,39,77,1,1,1
325,7,523,271,11,29,1,1,1
326,1,357,312,22,39,1,1,1
326,2,389,301,22,54,1,1,1
326,3,572,368,58,92,1,1,1
326,4,627,354,41,78,1,1,1
326,7,523,271,11,29,1,1,1
327,1,357,312,23,41,1,1,1
327,2,389,301,22,54,1,1,1
327,3,574,368,54,90,1,1,1
327,4,626,354,39,78,1,1,1
327,7,523,271,11,29,1,1,1
328,1,359,312,21,42,1,1,1
328,2,389,301,22,55,1,1,1
328,3,574,368,59,91,1,1,1
328,4,626,354,39,78,1,1,1
328,7,523,271,11,29,1,1,1
329,1,358,312,22,42,1,1,1
329,2,389,301,22,55,1,1,1
329,3,573,368,51,92,1,1,1
329,4,623,354,39,77,1,1,1
329,7,523,271,11,29,1,1,1
330,1,358,312,22,42,1,1,1
330,2,389,301,22,55,1,1,1
330,3,571,367,51,94,1,1,1
330,4,621,354,38,76,1,1,1
330,7,523,271,11,27,1,1,1
331,1,358,312,22,42,1,1,1
331,2,389,301,22,55,1,1,1
331,3,572,368,45,91,1,1,1
331,4,620,354,42,75,1,1,1
331,7,523,271,11,27,1,1,1
332,1,358,312,22,42,1,1,1
332,2,389,300,22,55,1,1,1
332,3,569,367,42,88,1,1,1
332,4,619,354,42,74,1,1,1
332,7,523,271,11,27,1,1,1
333,1,358,312,22,42,1,1,1
333,2,389,300,22,55,1,1,1
333,3,565,364,39,92,1,1,1
333,4,616,354,42,73,1,1,1
333,7,521,271,12,27,1,1,1
334,1,358,312,22,42,1,1,1
334,2,389,300,22,55,1,1,1
334,3,565,364,39,92,1,1,1
334,4,616,354,42,73,1,1,1
334,7,521,271,12,27,1,1,1
335,1,358,312,22,42,1,1,1
335,2,389,300,23,55,1,1,1
335,3,559,364,42,91,1,1,1
335,4,607,354,49,73,1,1,1
335,7,521,271,12,27,1,1,1
336,1,358,312,23,41,1,1,1
336,2,389,300,23,56,1,1,1
336,3,554,363,45,91,1,1,1
336,4,606,354,48,73,1,1,1
336,7,521,271,12,27,1,1,1
337,1,358,312,23,41,1,1,1
337,2,389,300,23,56,1,1,1
337,3,552,362,44,91,1,1,1
337,4,604,354,48,71,1,1,1
337,7,521,271,12,27,1,1,1
338,1,358,312,23,41,1,1,1
338,2,389,300,23,56,1,1,1
338,3,550,362,44,90,1,1,1
338,4,603,353,47,71,1,1,1
338,7,521,271,12,27,1,1,1
339,1,358,312,23,41,1,1,1
339,2,389,300,23,56,1,1,1
339,3,544,361,48,86,1,1,1
339,4,600,353,47,71,1,1,1
339,7,521,271,12,27,1,1,1
340,1,358,312,23,42,1,1,1
340,2,389,300,23,56,1,1,1
340,3,544,361,50,89,1,1,1
340,4,600,353,47,71,1,1,1
340,7,521,271,12,27,1,1,1
341,1,358,312,22,43,1,1,1
341,2,389,300,23,56,1,1,1
341,3,542,360,49,90,1,1,1
341,4,599,353,46,70,1,1,1
341,7,520,271,12,27,1,1,1
342,1,358,312,22,43,1,1,1
342,2,388,301,23,56,1,1,1
342,3,541,360,49,90,1,1,1
342,4,597,351,46,70,1,1,1
342,7,520,271,12,27,1,1,1
343,1,358,312,22,43,1,1,1
343,2,389,301,23,55,1,1,1
343,3,540,360,49,89,1,1,1
343,4,596,351,45,70,1,1,1
343,7,520,271,11,27,1,1,1
344,1,358,312,22,43,1,1,1
344,2,388,301,23,55,1,1,1
344,3,535,360,51,89,1,1,1
344,4,594,351,45,70,1,1,1
344,7,520,271,11,27,1,1,1
345,1,358,312,22,43,1,1,1
345,2,388,301,23,56,1,1,1
345,3,534,360,48,88,1,1,1
345,4,592,351,45,69,1,1,1
345,7,520,271,11,27,1,1,1
346,1,358,312,22,43,1,1,1
346,2,388,302,23,55,1,1,1
346,3,534,360,48,88,1,1,1
346,4,592,351,45,69,1,1,1
346,7,520,271,11,27,1,1,1
347,1,358,312,22,43,1,1,1
347,2,388,302,22,55,1,1,1
347,3,533,360,44,89,1,1,1
347,4,591,350,44,69,1,1,1
347,7,519,271,11,27,1,1,1
348,1,358,312,22,43,1,1,1
348,2,388,302,23,55,1,1,1
348,3,534,360,39,88,1,1,1
348,4,589,350,44,67,1,1,1
348,7,519,271,11,27,1,1,1
349,1,358,312,22,43,1,1,1
349,2,388,302,23,56,1,1,1
349,3,533,359,39,88,1,1,1
349,4,588,350,42,66,1,1,1
349,7,519,271,11,27,1,1,1
350,1,358,312,22,43,1,1,1
350,2,387,302,23,56,1,1,1
350,3,531,359,36,85,1,1,1
350,4,587,350,42,66,1,1,1
350,7,519,271,11,27,1,1,1
351,1,359,313,22,43,1,1,1
351,2,387,301,23,56,1,1,1
351,3,529,358,36,85,1,1,1
351,4,586,350,41,65,1,1,1
351,7,519,271,11,27,1,1,1
352,1,359,313,22,43,1,1,1
352,2,387,301,23,57,1,1,1
352,3,529,358,36,85,1,1,1
352,4,586,350,41,65,1,1,1
352,7,519,271,11,27,1,1,1
353,1,359,313,22,39,1,1,1
353,2,387,301,23,56,1,1,1
353,3,528,358,36,85,1,1,1
353,4,583,350,41,64,1,1,1
353,7,519,271,12,27,1,1,1
354,1,359,313,22,39,1,1,1
354,2,387,302,23,56,1,1,1
354,3,527,358,34,83,1,1,1
354,4,582,350,41,62,1,1,1
354,7,518,271,11,27,1,1,1
355,1,357,311,24,41,1,1,1
355,2,387,301,23,56,1,1,1
355,3,514,358,45,83,1,1,1
355,4,581,350,39,61,1,1,1
355,7,518,271,11,27,1,1,1
356,1,357,311,24,41,1,1,1
356,2,387,301,23,56,1,1,1
356,3,512,358,45,84,1,1,1
356,4,579,350,39,61,1,1,1
356,7,518,271,11,27,1,1,1
357,1,358,311,21,41,1,1,1
357,2,387,301,23,56,1,1,1
357,3,510,358,45,82,1,1,1
357,4,577,347,37,63,1,1,1
357,7,518,271,11,27,1,1,1
358,1,358,311,21,41,1,1,1
358,2,387,301,23,56,1,1,1
358,3,510,358,48,84,1,1,1
358,4,577,347,37,63,1,1,1
358,7,518,271,11,27,1,1,1
359,1,358,311,21,41,1,1,1
359,2,387,301,23,56,1,1,1
359,3,510,358,46,85,1,1,1
359,4,576,347,36,62,1,1,1
359,7,517,271,11,27,1,1,1
360,1,358,311,21,41,1,1,1
360,2,386,301,23,56,1,1,1
360,3,512,358,44,82,1,1,1
360,4,572,347,36,61,1,1,1
360,7,517,271,11,27,1,1,1
361,1,358,311,21,41,1,1,1
361,2,387,301,23,56,1,1,1
361,3,510,358,42,81,1,1,1
361,4,570,347,36,60,1,1,1
361,7,515,271,11,26,1,1,1
362,1,358,311,21,41,1,1,1
362,2,387,301,23,56,1,1,1
362,3,508,358,42,80,1,1,1
362,4,569,347,36,59,1,1,1
362,7,514,271,11,26,1,1,1
363,1,358,311,22,42,1,1,1
363,2,387,301,23,56,1,1,1
363,3,508,356,37,81,1,1,1
363,4,567,345,36,61,1,1,1
363,7,513,271,11,26,1,1,1
364,1,358,311,22,42,1,1,1
364,2,387,301,23,56,1,1,1
364,3,508,356,37,81,1,1,1
364,4,564,345,39,61,1,1,1
364,7,513,271,11,26,1,1,1
365,1,358,311,23,43,1,1,1
365,2,387,301,23,56,1,1,1
365,3,504,355,37,80,1,1,1
365,4,562,345,38,56,1,1,1
365,7,513,271,11,26,1,1,1
366,1,358,311,23,43,1,1,1
366,2,387,301,25,59,1,1,1
366,3,502,355,36,82,1,1,1
366,4,560,345,38,56,1,1,1
366,7,512,271,11,26,1,1,1
367,1,358,311,23,43,1,1,1
367,2,387,301,25,59,1,1,1
367,3,501,353,36,83,1,1,1
367,4,558,344,37,56,1,1,1
367,7,511,271,11,26,1,1,1
368,1,358,311,23,43,1,1,1
368,2,387,301,25,59,1,1,1
368,3,494,353,42,82,1,1,1
368,4,556,344,37,56,1,1,1
368,7,511,271,12,26,1,1,1
369,1,358,311,24,44,1,1,1
369,2,388,301,25,59,1,1,1
369,3,492,353,38,82,1,1,1
369,4,554,344,37,55,1,1,1
369,7,511,271,12,26,1,1,1
370,1,358,311,24,44,1,1,1
370,2,388,301,25,59,1,1,1
370,3,492,353,38,82,1,1,1
370,4,553,341,38,57,1,1,1
370,7,511,271,12,26,1,1,1
371,1,358,311,24,44,1,1,1
371,2,388,301,25,59,1,1,1
371,3,488,352,40,81,1,1,1
371,4,552,341,38,56,1,1,1
371,7,510,271,12,26,1,1,1
372,1,358,311,24,44,1,1,1
372,2,388,301,25,59,1,1,1
372,3,486,352,40,81,1,1,1
372,4,549,340,37,57,1,1,1
372,7,510,271,12,26,1,1,1
373,1,358,311,24,44,1,1,1
373,2,388,301,25,59,1,1,1
373,3,484,352,42,81,1,1,1
373,4,547,340,37,57,1,1,1
373,7,510,271,12,26,1,1,1
374,1,358,311,24,44,1,1,1
374,2,389,301,25,59,1,1,1
374,3,482,352,42,81,1,1,1
374,4,545,339,37,56,1,1,1
374,7,509,271,13,27,1,1,1
375,1,357,311,24,44,1,1,1
375,2,389,301,25,59,1,1,1
375,3,480,352,44,78,1,1,1
375,4,543,339,36,56,1,1,1
375,7,509,271,13,27,1,1,1
376,1,357,311,24,44,1,1,1
376,2,389,301,25,60,1,1,1
376,3,480,352,44,78,1,1,1
376,4,543,339,36,56,1,1,1
376,7,509,271,13,27,1,1,1
377,1,357,311,24,44,1,1,1
377,2,389,301,25,59,1,1,1
377,3,478,352,44,78,1,1,1
377,4,540,339,37,56,1,1,1
377,7,509,271,13,27,1,1,1
378,1,359,312,22,43,1,1,1
378,2,390,301,25,59,1,1,1
378,3,477,352,42,77,1,1,1
378,4,539,339,37,56,1,1,1
378,7,508,271,12,28,1,1,1
379,1,359,312,22,43,1,1,1
379,2,390,301,25,59,1,1,1
379,3,476,351,42,81,1,1,1
379,4,537,339,37,56,1,1,1
379,7,508,271,12,28,1,1,1
380,1,359,312,22,43,1,1,1
380,2,390,302,26,59,1,1,1
380,3,474,351,40,78,1,1,1
380,4,535,338,37,56,1,1,1
380,7,508,271,12,28,1,1,1
381,1,359,312,22,43,1,1,1
381,2,390,302,25,58,1,1,1
381,3,478,348,33,81,1,1,1
381,4,533,338,36,55,1,1,1
381,7,507,271,11,28,1,1,1
382,1,359,312,20,43,1,1,1
382,2,391,301,26,61,1,1,1
382,3,478,348,33,81,1,1,1
382,4,533,338,36,55,1,1,1
382,7,507,271,11,28,1,1,1
383,1,359,312,20,43,1,1,1
383,2,391,301,26,61,1,1,1
383,3,477,347,29,78,1,1,1
383,4,531,337,35,56,1,1,1
383,7,507,271,11,28,1,1,1
384,1,359,312,20,43,1,1,1
384,2,391,301,26,61,1,1,1
384,3,475,347,32,80,1,1,1
384,4,529,337,35,56,1,1,1
384,7,507,271,11,28,1,1,1
385,1,356,312,23,42,1,1,1
385,2,391,302,26,60,1,1,1
385,3,474,347,32,79,1,1,1
385,4,528,337,35,54,1,1,1
385,7,507,271,11,27,1,1,1
386,1,356,312,23,42,1,1,1
386,2,391,301,26,61,1,1,1
386,3,471,347,33,77,1,1,1
386,4,525,336,35,54,1,1,1
386,7,506,272,11,28,1,1,1
387,1,356,312,23,42,1,1,1
387,2,392,302,26,60,1,1,1
387,3,463,347,39,76,1,1,1
387,4,523,335,35,54,1,1,1
387,7,506,272,11,28,1,1,1
388,1,356,312,23,42,1,1,1
388,2,392,302,26,60,1,1,1
388,3,463,347,39,76,1,1,1
388,4,523,335,35,54,1,1,1
388,7,506,272,11,29,1,1,1
389,1,356,312,23,42,1,1,1
389,2,392,302,26,60,1,1,1
389,3,459,347,42,76,1,1,1
389,4,522,335,35,54,1,1,1
389,7,505,272,10,25,1,1,1
390,1,356,312,23,42,1,1,1
390,2,392,302,26,60,1,1,1
390,3,458,347,42,75,1,1,1
390,4,519,337,35,55,1,1,1
390,7,505,272,10,25,1,1,1
391,1,356,312,23,42,1,1,1
391,2,392,302,26,61,1,1,1
391,3,456,347,44,75,1,1,1
391,4,517,336,36,56,1,1,1
391,7,504,272,10,25,1,1,1
392,1,356,312,23,42,1,1,1
392,2,392,302,26,61,1,1,1
392,3,454,347,44,75,1,1,1
392,4,517,335,34,57,1,1,1
392,7,504,272,10,25,1,1,1
393,1,356,312,24,44,1,1,1
393,2,395,302,23,61,1,1,1
393,3,452,346,44,75,1,1,1
393,4,516,335,33,57,1,1,1
393,7,504,272,10,25,1,1,1
394,1,356,312,24,44,1,1,1
394,2,392,302,24,61,1,1,1
394,3,452,346,44,75,1,1,1
394,4,514,335,35,57,1,1,1
394,7,504,272,10,25,1,1,1
395,1,356,312,24,44,1,1,1
395,2,392,302,24,61,1,1,1
395,3,453,347,40,72,1,1,1
395,4,513,335,35,57,1,1,1
395,7,504,272,10,25,1,1,1
396,1,356,312,24,44,1,1,1
396,2,392,302,24,61,1,1,1
396,3,452,346,38,74,1,1,1
396,4,512,335,34,56,1,1,1
396,7,502,272,11,26,1,1,1
397,1,356,312,24,44,1,1,1
397,2,392,302,24,61,1,1,1
397,3,454,346,31,73,1,1,1
397,4,510,335,32,56,1,1,1
397,7,502,272,11,26,1,1,1
398,1,356,312,22,44,1,1,1
398,2,392,302,24,61,1,1,1
398,3,456,343,28,75,1,1,1
398,4,509,335,32,56,1,1,1
398,7,500,270,11,27,1,1,1
399,1,356,312,23,46,1,1,1
399,2,392,304,25,61,1,1,1
399,3,449,342,32,77,1,1,1
399,4,506,335,32,55,1,1,1
399,7,500,270,11,27,1,1,1
400,1,356,312,23,46,1,1,1
400,2,392,304,25,61,1,1,1
400,3,449,342,32,77,1,1,1
400,4,506,334,32,56,1,1,1
400,7,500,270,11,27,1,1,1
401,1,356,312,23,46,1,1,1
401,2,392,304,25,61,1,1,1
401,3,448,342,32,76,1,1,1
401,4,505,334,32,56,1,1,1
401,7,499,270,11,27,1,1,1
402,1,356,312,23,46,1,1,1
402,2,392,304,25,61,1,1,1
402,3,441,342,37,74,1,1,1
402,4,504,334,31,55,1,1,1
402,7,499,270,11,27,1,1,1
403,1,356,312,23,46,1,1,1
403,2,392,304,25,61,1,1,1
403,3,440,342,37,74,1,1,1
403,4,503,333,31,53,1,1,1
403,7,499,270,11,27,1,1,1
404,1,356,312,23,46,1,1,1
404,2,392,304,25,61,1,1,1
404,3,439,342,36,72,1,1,1
404,4,501,333,31,53,1,1,1
404,7,499,270,11,27,1,1,1
405,1,356,312,23,46,1,1,1
405,2,391,304,25,61,1,1,1
405,3,436,342,37,73,1,1,1
405,4,500,333,31,53,1,1,1
405,7,498,270,11,27,1,1,1
406,1,356,312,23,46,1,1,1
406,2,391,304,25,61,1,1,1
406,3,436,342,37,73,1,1,1
406,4,500,333,31,53,1,1,1
406,7,498,270,11,27,1,1,1
407,1,356,312,23,46,1,1,1
407,2,391,304,25,61,1,1,1
407,3,435,342,37,72,1,1,1
407,4,499,332,31,52,1,1,1
407,7,498,270,11,27,1,1,1
408,1,356,312,23,46,1,1,1
408,2,391,304,25,61,1,1,1
408,3,433,342,36,72,1,1,1
408,4,498,332,30,52,1,1,1
408,7,498,270,11,27,1,1,1
409,1,355,312,23,46,1,1,1
409,2,391,304,25,61,1,1,1
409,3,431,342,37,72,1,1,1
409,4,497,332,29,52,1,1,1
409,7,497,270,11,27,1,1,1
410,1,355,312,23,46,1,1,1
410,2,391,304,25,60,1,1,1
410,3,428,342,39,71,1,1,1
410,4,495,331,29,52,1,1,1
410,7,497,270,11,27,1,1,1
411,1,355,312,23,46,1,1,1
411,2,390,304,25,61,1,1,1
411,3,427,342,39,71,1,1,1
411,4,495,331,29,51,1,1,1
411,7,497,270,11,27,1,1,1
412,1,355,312,23,46,1,1,1
412,2,391,304,22,60,1,1,1
412,3,427,342,39,71,1,1,1
412,4,495,331,29,51,1,1,1
412,7,497,270,11,27,1,1,1
413,1,355,312,23,46,1,1,1
413,2,391,304,22,60,1,1,1
413,3,426,342,37,71,1,1,1
413,4,494,331,28,50,1,1,1
413,7,497,270,11,27,1,1,1
414,1,355,313,23,45,1,1,1
414,2,391,304,22,60,1,1,1
414,3,427,342,35,72,1,1,1
414,4,493,330,28,49,1,1,1
414,7,496,270,11,27,1,1,1
415,1,355,313,23,45,1,1,1
415,2,391,304,22,60,1,1,1
415,3,424,339,31,73,1,1,1
415,4,491,330,29,49,1,1,1
415,7,496,270,11,27,1,1,1
416,1,355,313,23,45,1,1,1
416,2,391,304,22,60,1,1,1
416,3,429,339,25,74,1,1,1
416,4,490,330,28,48,1,1,1
416,7,495,270,11,27,1,1,1
417,1,355,313,23,45,1,1,1
417,2,390,305,22,60,1,1,1
417,3,428,339,25,74,1,1,1
417,4,490,329,28,47,1,1,1
417,7,495,270,11,27,1,1,1
418,1,355,313,23,45,1,1,1
418,2,390,305,22,60,1,1,1
418,3,428,339,25,68,1,1,1
418,4,489,329,28,46,1,1,1
418,7,495,270,11,27,1,1,1
419,1,355,313,23,45,1,1,1
419,2,390,305,22,60,1,1,1
419,3,427,339,25,68,1,1,1
419,4,490,329,26,46,1,1,1
419,7,494,270,11,27,1,1,1
420,1,355,313,23,45,1,1,1
420,2,390,305,22,59,1,1,1
420,3,419,338,32,67,1,1,1
420,4,489,324,25,51,1,1,1
420,7,494,270,11,27,1,1,1
421,1,355,313,23,45,1,1,1
421,2,390,305,22,59,1,1,1
421,3,415,338,35,68,1,1,1
421,4,488,326,27,48,1,1,1
421,7,494,270,11,27,1,1,1
422,1,355,313,23,45,1,1,1
422,2,390,305,22,59,1,1,1
422,3,414,338,35,68,1,1,1
422,4,487,326,27,47,1,1,1
422,7,494,270,11,27,1,1,1
423,1,355,313,23,45,1,1,1
423,2,390,305,22,59,1,1,1
423,3,412,338,35,68,1,1,1
423,4,487,326,26,47,1,1,1
423,7,494,270,11,27,1,1,1
424,1,355,313,23,45,1,1,1
424,2,390,305,22,60,1,1,1
424,3,413,338,34,67,1,1,1
424,4,487,326,26,47,1,1,1
424,7,494,270,11,27,1,1,1
425,1,355,313,23,45,1,1,1
425,2,390,305,22,59,1,1,1
425,3,411,338,34,66,1,1,1
425,4,486,325,25,46,1,1,1
425,7,494,270,11,27,1,1,1
426,1,355,313,23,45,1,1,1
426,2,390,305,22,59,1,1,1
426,3,409,338,38,67,1,1,1
426,4,485,325,25,46,1,1,1
426,7,494,270,11,27,1,1,1
427,1,355,314,23,45,1,1,1
427,2,390,305,22,59,1,1,1
427,3,410,338,35,68,1,1,1
427,4,484,324,25,45,1,1,1
427,7,495,269,11,27,1,1,1
428,1,355,314,23,45,1,1,1
428,2,390,305,22,59,1,1,1
428,3,411,338,33,69,1,1,1
428,4,483,323,25,46,1,1,1
428,7,494,269,11,27,1,1,1
429,1,357,314,23,44,1,1,1
429,2,390,305,22,60,1,1,1
429,3,410,338,29,65,1,1,1
429,4,482,323,24,46,1,1,1
429,7,494,269,11,27,1,1,1
430,1,357,314,19,41,1,1,1
430,2,390,305,22,59,1,1,1
430,3,410,336,29,67,1,1,1
430,4,483,323,24,45,1,1,1
430,7,494,269,11,27,1,1,1
431,1,357,314,20,44,1,1,1
431,2,390,305,22,60,1,1,1
431,3,409,336,28,67,1,1,1
431,4,482,321,25,46,1,1,1
431,7,495,269,11,27,1,1,1
432,1,357,314,20,44,1,1,1
432,2,390,305,22,60,1,1,1
432,3,408,336,24,67,1,1,1
432,4,481,321,25,46,1,1,1
432,7,494,269,11,27,1,1,1
433,1,357,314,20,44,1,1,1
433,2,390,305,22,60,1,1,1
433,3,401,336,29,66,1,1,1
433,4,480,320,25,45,1,1,1
433,7,494,269,11,27,1,1,1
434,1,358,314,20,44,1,1,1
434,2,390,305,22,60,1,1,1
434,3,400,336,29,65,1,1,1
434,4,479,320,25,45,1,1,1
434,7,495,269,11,27,1,1,1
435,1,358,314,20,44,1,1,1
435,2,390,305,22,60,1,1,1
435,3,395,336,33,64,1,1,1
435,4,478,320,25,45,1,1,1
435,7,494,269,11,27,1,1,1
436,1,358,314,20,44,1,1,1
436,2,390,305,22,60,1,1,1
436,3,396,336,32,66,1,1,1
436,4,478,320,25,45,1,1,1
436,7,494,269,11,27,1,1,1
437,1,358,314,20,44,1,1,1
437,2,390,305,22,60,1,1,1
437,3,394,336,32,65,1,1,1
437,4,478,319,23,45,1,1,1
437,7,494,269,11,27,1,1,1
438,1,358,314,20,44,1,1,1
438,2,390,305,22,60,1,1,1
438,3,393,335,31,66,1,1,1
438,4,477,319,23,45,1,1,1
438,7,494,269,11,27,1,1,1
439,1,358,314,20,44,1,1,1
439,2,390,306,22,60,1,1,1
439,3,392,335,31,65,1,1,1
439,4,476,319,23,45,1,1,1
439,7,494,269,11,27,1,1,1
440,1,359,314,20,44,1,1,1
440,2,390,306,22,60,1,1,1
440,3,389,335,32,65,1,1,1
440,4,475,319,23,44,1,1,1
440,7,494,269,11,27,1,1,1
441,1,355,314,23,44,1,1,1
441,2,389,306,22,60,1,1,1
441,3,388,335,32,64,1,1,1
441,4,474,318,23,44,1,1,1
441,7,494,269,11,27,1,1,1
442,1,355,314,23,44,1,1,1
442,2,389,306,22,60,1,1,1
442,3,388,335,34,63,1,1,1
442,4,474,318,23,44,1,1,1
442,7,494,269,11,27,1,1,1
443,1,355,315,23,42,1,1,1
443,2,389,306,22,60,1,1,1
443,3,387,335,34,61,1,1,1
443,4,473,318,23,44,1,1,1
443,7,494,269,11,27,1,1,1
444,1,355,315,23,42,1,1,1
444,2,389,306,22,61,1,1,1
444,3,385,336,34,63,1,1,1
444,4,472,317,22,48,1,1,1
444,7,494,269,11,27,1,1,1
445,1,355,315,23,42,1,1,1
445,2,389,306,22,61,1,1,1
445,3,384,336,34,61,1,1,1
445,4,470,317,23,48,1,1,1
445,7,493,269,11,28,1,1,1
446,1,355,315,23,42,1,1,1
446,2,388,306,22,60,1,1,1
446,3,385,336,30,64,1,1,1
446,4,469,317,23,48,1,1,1
446,7,492,269,12,29,1,1,1
447,1,356,315,24,42,1,1,1
447,2,388,306,22,61,1,1,1
447,3,384,334,30,64,1,1,1
447,4,468,316,23,47,1,1,1
447,7,492,269,12,29,1,1,1
448,1,356,315,24,42,1,1,1
448,2,388,306,22,61,1,1,1
448,3,384,334,26,62,1,1,1
448,4,468,316,23,47,1,1,1
448,7,492,269,12,29,1,1,1
449,1,356,315,24,42,1,1,1
449,2,388,305,22,61,1,1,1
449,3,386,334,23,62,1,1,1
449,4,467,316,23,47,1,1,1
449,7,492,269,12,29,1,1,1
450,1,356,315,24,42,1,1,1
450,2,387,305,22,59,1,1,1
450,3,385,334,24,62,1,1,1
450,4,467,317,21,43,1,1,1
450,7,492,269,12,29,1,1,1
451,1,356,315,24,42,1,1,1
451,2,387,305,22,59,1,1,1
451,3,384,334,24,62,1,1,1
451,4,463,315,25,45,1,1,1
451,7,492,269,12,29,1,1,1
452,1,357,315,24,42,1,1,1
452,2,387,306,22,60,1,1,1
452,3,380,334,26,63,1,1,1
452,4,462,315,25,45,1,1,1
452,7,491,269,12,29,1,1,1
453,1,357,315,24,42,1,1,1
453,2,387,305,22,59,1,1,1
453,3,379,334,27,62,1,1,1
453,4,461,314,25,45,1,1,1
453,7,491,269,12,29,1,1,1
454,1,357,315,24,43,1,1,1
454,2,387,305,22,59,1,1,1
454,3,379,334,27,62,1,1,1
454,4,460,314,26,45,1,1,1
454,7,491,269,12,29,1,1,1
455,1,357,315,24,43,1,1,1
455,2,387,305,22,59,1,1,1
455,3,378,333,27,63,1,1,1
455,4,459,314,26,45,1,1,1
455,7,491,269,12,29,1,1,1
456,1,357,315,24,43,1,1,1
456,2,386,305,22,59,1,1,1
456,3,373,331,31,61,1,1,1
456,4,458,314,26,45,1,1,1
456,7,491,269,12,29,1,1,1
457,1,358,315,24,43,1,1,1
457,2,386,305,22,61,1,1,1
457,3,373,331,30,62,1,1,1
457,4,457,313,23,45,1,1,1
457,7,491,269,12,29,1,1,1
458,1,358,315,24,43,1,1,1
458,2,386,305,22,61,1,1,1
458,3,372,331,31,61,1,1,1
458,4,456,313,22,46,1,1,1
458,7,491,269,12,28,1,1,1
459,1,358,315,24,43,1,1,1
459,2,386,305,22,61,1,1,1
459,3,371,331,31,60,1,1,1
459,4,455,313,22,46,1,1,1
459,7,491,269,12,29,1,1,1
460,1,358,315,24,43,1,1,1
460,2,386,305,22,61,1,1,1
460,3,371,329,31,62,1,1,1
460,4,455,313,22,46,1,1,1
460,7,491,269,12,29,1,1,1
461,1,358,315,24,43,1,1,1
461,2,386,305,22,61,1,1,1
461,3,371,329,29,61,1,1,1
461,4,454,313,22,46,1,1,1
461,7,491,269,12,28,1,1,1
462,1,358,315,24,43,1,1,1
462,2,386,305,22,61,1,1,1
462,3,370,329,28,60,1,1,1
462,4,450,312,25,44,1,1,1
462,7,491,269,12,28,1,1,1
463,1,358,315,24,43,1,1,1
463,2,386,305,22,61,1,1,1
463,3,371,329,23,62,1,1,1
463,4,449,312,25,44,1,1,1
463,7,491,269,12,28,1,1,1
464,1,358,315,24,43,1,1,1
464,2,386,305,22,59,1,1,1
464,3,368,329,25,61,1,1,1
464,4,448,312,24,44,1,1,1
464,7,491,269,12,28,1,1,1
465,1,358,315,24,43,1,1,1
465,2,386,305,22,61,1,1,1
465,3,367,329,22,61,1,1,1
465,4,447,312,24,44,1,1,1
465,7,491,269,12,28,1,1,1
466,1,358,315,24,43,1,1,1
466,2,386,305,22,61,1,1,1
466,3,366,329,23,60,1,1,1
466,4,447,312,23,44,1,1,1
466,7,491,269,12,28,1,1,1
467,1,358,315,24,43,1,1,1
467,2,386,305,22,61,1,1,1
467,3,362,329,27,61,1,1,1
467,4,446,312,23,44,1,1,1
467,7,491,269,12,28,1,1,1
468,1,358,315,24,43,1,1,1
468,2,386,305,22,61,1,1,1
468,3,359,328,29,61,1,1,1
468,4,445,312,23,43,1,1,1
468,7,491,269,12,28,1,1,1
469,1,359,315,24,43,1,1,1
469,2,386,305,22,61,1,1,1
469,3,359,326,27,63,1,1,1
469,4,443,311,22,43,1,1,1
469,7,490,269,12,28,1,1,1
470,1,359,315,24,43,1,1,1
470,2,386,306,22,61,1,1,1
470,3,357,326,29,62,1,1,1
470,4,442,311,22,43,1,1,1
470,7,490,269,12,28,1,1,1
471,1,359,315,24,43,1,1,1
471,2,386,306,22,61,1,1,1
471,3,357,326,29,61,1,1,1
471,4,441,310,23,43,1,1,1
471,7,490,269,12,28,1,1,1
472,1,359,315,24,43,1,1,1
472,2,386,306,22,61,1,1,1
472,3,357,326,28,62,1,1,1
472,4,441,310,23,43,1,1,1
472,7,490,269,12,28,1,1,1
473,1,359,315,24,43,1,1,1
473,2,387,306,22,60,1,1,1
473,3,357,326,27,63,1,1,1
473,4,439,310,21,41,1,1,1
473,7,490,269,12,28,1,1,1
474,1,359,315,24,43,1,1,1
474,2,387,306,22,60,1,1,1
474,3,356,326,27,63,1,1,1
474,4,438,310,20,41,1,1,1
474,7,490,269,12,28,1,1,1
475,1,359,315,24,43,1,1,1
475,2,387,306,22,60,1,1,1
475,3,355,326,27,60,1,1,1
475,4,436,310,21,40,1,1,1
475,7,490,269,12,28,1,1,1
476,1,359,315,24,43,1,1,1
476,2,388,306,22,61,1,1,1
476,3,354,326,27,60,1,1,1
476,4,435,309,20,40,1,1,1
476,7,490,269,12,28,1,1,1
477,1,359,315,24,43,1,1,1
477,2,388,307,22,61,1,1,1
477,3,353,326,27,59,1,1,1
477,4,433,309,22,40,1,1,1
477,7,490,269,12,28,1,1,1
478,1,359,315,24,43,1,1,1
478,2,388,307,22,61,1,1,1
478,3,353,326,27,59,1,1,1
478,4,433,309,22,40,1,1,1
478,7,490,269,12,28,1,1,1
479,1,359,315,24,43,1,1,1
479,2,388,307,22,61,1,1,1
479,3,352,326,27,60,1,1,1
479,4,432,309,22,40,1,1,1
479,7,490,269,12,28,1,1,1
480,1,359,315,25,44,1,1,1
480,2,389,307,22,61,1,1,1
480,3,352,326,24,61,1,1,1
480,4,431,308,22,40,1,1,1
480,7,490,269,12,28,1,1,1
481,1,360,315,24,43,1,1,1
481,2,388,307,23,61,1,1,1
481,3,351,326,23,59,1,1,1
481,4,429,308,22,40,1,1,1
481,7,490,269,12,28,1,1,1
482,1,360,315,24,43,1,1,1
482,2,388,307,23,61,1,1,1
482,3,353,324,20,60,1,1,1
482,4,428,308,22,40,1,1,1
482,7,490,269,12,28,1,1,1
483,1,359,315,24,44,1,1,1
483,2,388,307,23,61,1,1,1
483,3,351,324,21,59,1,1,1
483,4,427,307,22,39,1,1,1
483,7,490,269,12,28,1,1,1
484,1,359,315,24,44,1,1,1
484,2,388,307,23,61,1,1,1
484,3,351,324,21,59,1,1,1
484,4,427,307,22,39,1,1,1
484,7,490,269,12,28,1,1,1
485,1,359,315,24,44,1,1,1
485,2,389,307,24,61,1,1,1
485,3,350,324,21,59,1,1,1
485,4,426,307,22,39,1,1,1
485,7,490,269,12,28,1,1,1
486,1,360,315,24,43,1,1,1
486,2,389,307,24,61,1,1,1
486,3,348,324,22,59,1,1,1
486,4,425,307,23,40,1,1,1
486,7,489,269,12,28,1,1,1
487,1,360,315,24,44,1,1,1
487,2,390,306,24,62,1,1,1
487,3,343,324,28,59,1,1,1
487,4,424,307,23,40,1,1,1
487,7,489,268,12,28,1,1,1
488,1,360,315,24,44,1,1,1
488,2,389,306,24,61,1,1,1
488,3,342,324,28,59,1,1,1
488,4,423,307,23,40,1,1,1
488,7,489,268,10,28,1,1,1
489,1,360,315,24,44,1,1,1
489,2,389,306,24,61,1,1,1
489,3,343,324,26,55,1,1,1
489,4,422,306,23,39,1,1,1
489,7,489,268,12,28,1,1,1
490,1,360,315,24,44,1,1,1
490,2,390,306,24,62,1,1,1
490,3,343,324,26,55,1,1,1
490,4,422,306,23,39,1,1,1
490,7,489,268,12,28,1,1,1
491,1,360,315,24,44,1,1,1
491,2,390,306,24,62,1,1,1
491,3,342,324,26,55,1,1,1
491,4,420,306,22,38,1,1,1
491,7,489,268,12,28,1,1,1
492,1,360,315,24,44,1,1,1
492,2,390,306,24,61,1,1,1
492,3,342,323,25,55,1,1,1
492,4,419,306,22,38,1,1,1
492,7,489,268,12,28,1,1,1
493,1,360,315,24,44,1,1,1
493,2,391,306,24,62,1,1,1
493,3,341,323,23,54,1,1,1
493,4,418,306,22,38,1,1,1
493,7,489,268,12,28,1,1,1
494,1,360,315,24,44,1,1,1
494,2,391,306,24,61,1,1,1
494,3,340,323,21,54,1,1,1
494,4,417,306,22,37,1,1,1
494,7,488,268,11,28,1,1,1
495,1,360,315,24,44,1,1,1
495,2,391,306,24,61,1,1,1
495,3,340,319,20,58,1,1,1
495,4,416,306,22,37,1,1,1
495,7,488,268,11,28,1,1,1
496,1,360,315,24,44,1,1,1
496,2,391,306,24,61,1,1,1
496,3,340,319,20,58,1,1,1
496,4,416,306,22,37,1,1,1
496,7,488,268,11,28,1,1,1
497,1,360,315,24,44,1,1,1
497,2,392,307,24,60,1,1,1
497,3,339,319,21,58,1,1,1
497,4,415,305,22,37,1,1,1
497,7,488,268,11,28,1,1,1
498,1,360,315,24,44,1,1,1
498,2,392,307,24,60,1,1,1
498,3,337,319,22,58,1,1,1
498,4,413,305,22,37,1,1,1
498,7,488,268,11,28,1,1,1
499,1,360,315,24,44,1,1,1
499,2,392,307,23,60,1,1,1
499,3,334,319,25,58,1,1,1
499,4,412,305,22,37,1,1,1
499,7,488,268,11,28,1,1,1
500,1,363,315,21,44,1,1,1
500,2,393,307,22,59,1,1,1
500,3,334,319,26,59,1,1,1
500,4,413,303,18,38,1,1,1
500,7,487,268,11,28,1,1,1
501,1,363,315,21,44,1,1,1
501,2,393,308,24,60,1,1,1
501,3,334,319,26,57,1,1,1
501,4,412,303,18,38,1,1,1
501,7,487,268,11,28,1,1,1
502,1,363,315,21,44,1,1,1
502,2,393,308,24,60,1,1,1
502,3,332,319,28,56,1,1,1
502,4,412,303,18,38,1,1,1
502,7,487,268,11,28,1,1,1
503,1,363,315,21,44,1,1,1
503,2,393,308,24,60,1,1,1
503,3,332,319,28,56,1,1,1
503,4,411,302,18,38,1,1,1
503,7,487,268,11,28,1,1,1
504,1,363,315,21,44,1,1,1
504,2,393,308,24,60,1,1,1
504,3,332,319,28,56,1,1,1
504,4,409,302,18,38,1,1,1
504,7,487,267,11,28,1,1,1
505,1,363,315,22,43,1,1,1
505,2,394,308,24,60,1,1,1
505,3,331,319,28,55,1,1,1
505,4,408,302,17,37,1,1,1
505,7,486,267,11,28,1,1,1
506,1,363,315,22,43,1,1,1
506,2,394,308,24,60,1,1,1
506,3,330,319,28,56,1,1,1
506,4,407,301,17,37,1,1,1
506,7,486,267,11,28,1,1,1
507,1,363,315,22,43,1,1,1
507,2,394,308,24,60,1,1,1
507,3,329,318,28,53,1,1,1
507,4,406,301,16,40,1,1,1
507,7,486,267,11,28,1,1,1
508,1,363,315,22,43,1,1,1
508,2,394,308,24,60,1,1,1
508,3,329,318,28,53,1,1,1
508,4,406,301,16,40,1,1,1
508,7,486,267,11,28,1,1,1
509,1,363,315,22,43,1,1,1
509,2,394,308,24,60,1,1,1
509,3,328,318,28,53,1,1,1
509,4,405,301,16,40,1,1,1
509,7,485,267,11,29,1,1,1
510,1,363,315,22,43,1,1,1
510,2,394,308,24,60,1,1,1
510,3,328,317,27,55,1,1,1
510,4,404,301,16,39,1,1,1
510,7,484,267,11,30,1,1,1
511,1,363,315,22,43,1,1,1
511,2,395,308,24,59,1,1,1
511,3,328,317,26,55,1,1,1
511,4,404,301,16,40,1,1,1
511,7,485,267,10,30,1,1,1
512,1,363,315,22,43,1,1,1
512,2,395,308,24,59,1,1,1
512,3,327,317,26,53,1,1,1
512,4,399,301,20,41,1,1,1
512,7,483,267,10,31,1,1,1
513,1,363,315,22,43,1,1,1
513,2,395,308,24,59,1,1,1
513,3,326,317,25,52,1,1,1
513,4,399,301,17,40,1,1,1
513,7,483,267,10,30,1,1,1
514,1,363,315,22,43,1,1,1
514,2,395,308,24,59,1,1,1
514,3,329,317,21,53,1,1,1
514,4,399,301,17,40,1,1,1
514,7,483,267,10,30,1,1,1
515,1,363,315,22,43,1,1,1
515,2,395,308,24,60,1,1,1
515,3,328,317,21,53,1,1,1
515,4,399,301,17,40,1,1,1
515,7,482,268,10,30,1,1,1
516,1,363,315,22,43,1,1,1
516,2,396,308,24,60,1,1,1
516,3,327,317,22,53,1,1,1
516,4,396,300,20,42,1,1,1
516,7,482,268,10,27,1,1,1
517,1,363,315,22,43,1,1,1
517,2,396,309,24,60,1,1,1
517,3,327,317,22,53,1,1,1
517,4,395,299,18,40,1,1,1
517,7,482,269,10,28,1,1,1
518,1,363,315,22,43,1,1,1
518,2,396,309,24,60,1,1,1
518,3,325,317,23,53,1,1,1
518,4,394,299,18,41,1,1,1
518,7,482,269,10,28,1,1,1
519,1,363,315,22,43,1,1,1
519,2,396,309,24,60,1,1,1
519,3,322,317,25,50,1,1,1
519,4,388,299,17,39,1,1,1
519,7,482,269,10,28,1,1,1
520,1,363,315,22,43,1,1,1
520,2,396,309,24,60,1,1,1
520,3,322,317,27,52,1,1,1
520,4,388,299,17,39,1,1,1
520,7,482,269,10,28,1,1,1
521,1,363,315,22,43,1,1,1
521,2,396,309,24,61,1,1,1
521,3,321,317,26,53,1,1,1
521,4,387,299,17,39,1,1,1
521,7,481,269,10,28,1,1,1
522,1,363,315,22,43,1,1,1
522,2,396,309,24,60,1,1,1
522,3,322,317,24,54,1,1,1
522,4,385,299,17,39,1,1,1
522,7,481,269,10,28,1,1,1
523,1,363,315,22,43,1,1,1
523,2,396,309,24,60,1,1,1
523,3,321,314,24,57,1,1,1
523,4,384,298,19,38,1,1,1
523,7,481,269,10,29,1,1,1
524,1,363,315,22,43,1,1,1
524,2,396,309,24,60,1,1,1
524,3,322,314,23,52,1,1,1
524,4,383,298,19,38,1,1,1
524,7,480,269,11,29,1,1,1
525,1,363,315,22,43,1,1,1
525,2,396,309,24,61,1,1,1
525,3,321,313,22,53,1,1,1
525,4,381,298,19,38,1,1,1
525,7,481,269,10,30,1,1,1
526,1,363,315,22,43,1,1,1
526,2,396,309,24,61,1,1,1
526,3,320,313,21,55,1,1,1
526,4,380,298,19,38,1,1,1
526,7,480,269,10,31,1,1,1
527,1,363,315,22,43,1,1,1
527,2,396,310,23,58,1,1,1
527,3,320,313,21,55,1,1,1
527,4,380,298,19,38,1,1,1
527,7,480,269,10,31,1,1,1
528,1,363,315,22,43,1,1,1
528,2,395,308,25,62,1,1,1
528,3,319,313,21,55,1,1,1
528,4,378,298,19,37,1,1,1
528,7,480,269,10,30,1,1,1
529,1,363,315,22,43,1,1,1
529,2,395,308,25,61,1,1,1
529,3,319,312,20,55,1,1,1
529,4,378,298,18,36,1,1,1
529,7,480,269,10,29,1,1,1
530,1,363,315,22,43,1,1,1
530,2,396,309,22,56,1,1,1
530,3,317,312,21,55,1,1,1
530,4,377,298,18,36,1,1,1
530,7,478,269,11,30,1,1,1
531,1,363,316,22,43,1,1,1
531,2,395,308,24,61,1,1,1
531,3,314,312,22,54,1,1,1
531,4,375,298,18,35,1,1,1
531,7,478,269,11,31,1,1,1
532,1,363,316,22,43,1,1,1
532,2,395,308,24,61,1,1,1
532,3,312,312,25,51,1,1,1
532,4,374,298,18,35,1,1,1
532,7,476,269,13,27,1,1,1
533,1,363,316,22,43,1,1,1
533,2,395,308,24,61,1,1,1
533,3,312,312,25,51,1,1,1
533,4,374,298,18,35,1,1,1
533,7,476,269,13,27,1,1,1
534,1,364,316,22,43,1,1,1
534,2,395,309,24,60,1,1,1
534,3,312,312,25,50,1,1,1
534,4,372,298,18,35,1,1,1
534,7,476,269,13,27,1,1,1
535,1,363,316,22,43,1,1,1
535,2,395,309,24,60,1,1,1
535,3,311,312,25,50,1,1,1
535,4,370,298,18,35,1,1,1
535,7,476,269,13,27,1,1,1
536,1,363,316,22,43,1,1,1
536,2,395,309,24,61,1,1,1
536,3,311,312,24,49,1,1,1
536,4,369,298,18,35,1,1,1
536,7,475,269,13,27,1,1,1
537,1,364,316,22,43,1,1,1
537,2,395,310,24,60,1,1,1
537,3,310,312,24,49,1,1,1
537,4,368,298,18,34,1,1,1
537,7,475,269,13,27,1,1,1
538,1,364,316,22,43,1,1,1
538,2,395,310,24,61,1,1,1
538,3,309,312,24,50,1,1,1
538,4,366,298,18,35,1,1,1
538,7,475,269,11,28,1,1,1
539,1,364,316,22,43,1,1,1
539,2,395,310,24,61,1,1,1
539,3,309,312,24,49,1,1,1
539,4,366,298,18,35,1,1,1
539,7,475,269,11,28,1,1,1
540,1,364,316,22,43,1,1,1
540,2,395,310,24,61,1,1,1
540,3,308,312,24,51,1,1,1
540,4,364,298,18,35,1,1,1
540,7,475,269,11,28,1,1,1
541,1,364,316,22,43,1,1,1
541,2,395,310,25,61,1,1,1
541,3,307,312,24,51,1,1,1
541,4,363,297,18,34,1,1,1
541,7,474,269,11,28,1,1,1
542,1,363,316,22,43,1,1,1
542,2,395,310,25,62,1,1,1
542,3,306,312,24,51,1,1,1
542,4,361,297,18,34,1,1,1
542,7,474,269,11,28,1,1,1
543,1,364,316,22,43,1,1,1
543,2,395,310,25,62,1,1,1
543,3,306,308,24,54,1,1,1
543,4,359,296,18,36,1,1,1
543,7,474,269,11,28,1,1,1
544,1,364,316,22,43,1,1,1
544,2,395,309,25,62,1,1,1
544,3,306,308,24,54,1,1,1
544,4,359,295,18,35,1,1,1
544,7,473,269,11,29,1,1,1
545,1,364,316,22,43,1,1,1
545,2,395,309,25,62,1,1,1
545,3,306,308,24,54,1,1,1
545,4,358,296,18,35,1,1,1
545,7,473,269,11,29,1,1,1
546,1,364,316,22,43,1,1,1
546,2,395,309,25,62,1,1,1
546,3,306,308,23,54,1,1,1
546,4,358,297,18,34,1,1,1
546,7,471,269,12,32,1,1,1
547,1,364,316,22,43,1,1,1
547,2,395,309,25,62,1,1,1
547,3,306,308,23,54,1,1,1
547,4,357,297,18,34,1,1,1
547,7,470,269,13,33,1,1,1
548,1,364,316,22,43,1,1,1
548,2,396,309,25,62,1,1,1
548,3,305,308,23,54,1,1,1
548,4,355,297,18,34,1,1,1
548,7,470,269,11,33,1,1,1
549,1,364,316,22,43,1,1,1
549,2,396,309,25,62,1,1,1
549,3,303,308,25,53,1,1,1
549,4,354,297,18,34,1,1,1
549,7,470,269,11,34,1,1,1
550,1,364,316,22,43,1,1,1
550,2,396,309,25,62,1,1,1
550,3,301,308,27,54,1,1,1
550,4,353,297,18,34,1,1,1
550,7,470,269,11,34,1,1,1
551,1,364,316,22,43,1,1,1
551,2,396,309,25,62,1,1,1
551,3,301,308,27,54,1,1,1
551,4,353,297,18,34,1,1,1
551,7,470,269,11,34,1,1,1
552,1,364,316,22,43,1,1,1
552,2,396,309,25,62,1,1,1
552,3,300,308,27,54,1,1,1
552,4,349,297,20,34,1,1,1
552,7,470,269,11,34,1,1,1
553,1,364,316,22,43,1,1,1
553,2,396,309,25,62,1,1,1
553,3,300,308,27,53,1,1,1
553,4,349,297,19,32,1,1,1
553,7,470,269,11,34,1,1,1
554,1,364,316,22,43,1,1,1
554,2,396,310,25,62,1,1,1
554,3,302,308,24,53,1,1,1
554,4,348,297,19,32,1,1,1
554,7,466,269,14,37,1,1,1
555,1,364,316,22,43,1,1,1
555,2,396,310,25,62,1,1,1
555,3,301,308,24,53,1,1,1
555,4,346,297,19,32,1,1,1
555,7,466,269,14,37,1,1,1
556,1,364,316,22,43,1,1,1
556,2,396,310,25,62,1,1,1
556,3,300,308,24,53,1,1,1
556,4,345,297,17,32,1,1,1
556,7,466,269,14,37,1,1,1
557,1,364,316,22,43,1,1,1
557,2,396,310,25,62,1,1,1
557,3,301,308,24,53,1,1,1
557,4,345,297,17,32,1,1,1
557,7,466,269,14,37,1,1,1
558,1,364,316,22,43,1,1,1
558,2,396,311,25,62,1,1,1
558,3,300,307,24,53,1,1,1
558,4,344,297,17,32,1,1,1
558,7,466,269,14,37,1,1,1
559,1,364,316,22,43,1,1,1
559,2,396,311,25,62,1,1,1
559,3,300,307,22,52,1,1,1
559,4,342,297,17,32,1,1,1
559,7,465,269,14,34,1,1,1
560,1,364,316,22,43,1,1,1
560,2,396,311,25,62,1,1,1
560,3,297,307,21,51,1,1,1
560,4,340,297,18,31,1,1,1
560,7,465,269,14,33,1,1,1
561,1,364,316,22,43,1,1,1
561,2,396,311,25,62,1,1,1
561,3,297,306,21,52,1,1,1
561,4,339,297,18,31,1,1,1
561,7,465,269,14,33,1,1,1
562,1,364,316,22,43,1,1,1
562,2,396,311,25,62,1,1,1
562,3,296,306,21,52,1,1,1
562,4,337,297,18,31,1,1,1
562,7,465,269,12,35,1,1,1
563,1,364,316,22,43,1,1,1
563,2,396,311,25,63,1,1,1
563,3,295,306,22,51,1,1,1
563,4,337,297,18,31,1,1,1
563,7,465,269,12,35,1,1,1
564,1,364,316,22,43,1,1,1
564,2,396,311,25,63,1,1,1
564,3,295,306,22,51,1,1,1
564,4,336,297,18,31,1,1,1
564,7,465,269,12,35,1,1,1
565,1,364,316,22,43,1,1,1
565,2,396,311,25,63,1,1,1
565,3,294,306,21,51,1,1,1
565,4,335,296,18,31,1,1,1
565,7,465,269,12,34,1,1,1
566,1,364,316,22,43,1,1,1
566,2,396,311,25,63,1,1,1
566,3,294,306,21,49,1,1,1
566,4,333,296,18,31,1,1,1
566,7,465,269,12,33,1,1,1
567,1,364,316,22,43,1,1,1
567,2,396,311,25,63,1,1,1
567,3,294,306,21,49,1,1,1
567,4,332,296,18,31,1,1,1
567,7,465,269,12,33,1,1,1
568,1,364,316,22,43,1,1,1
568,2,395,311,25,62,1,1,1
568,3,293,306,21,49,1,1,1
568,4,330,296,18,31,1,1,1
568,7,463,269,13,35,1,1,1
569,1,364,316,22,43,1,1,1
569,2,395,311,25,63,1,1,1
569,3,293,306,21,48,1,1,1
569,4,330,296,18,31,1,1,1
569,7,463,269,13,35,1,1,1
570,1,364,316,22,43,1,1,1
570,2,395,311,25,62,1,1,1
570,3,293,306,21,48,1,1,1
570,4,329,296,18,30,1,1,1
570,7,463,269,13,35,1,1,1
571,1,364,316,22,43,1,1,1
571,2,395,311,25,62,1,1,1
571,3,292,306,21,49,1,1,1
571,4,328,296,17,30,1,1,1
571,7,463,269,13,35,1,1,1
572,1,364,316,22,43,1,1,1
572,2,394,311,25,62,1,1,1
572,3,291,307,21,48,1,1,1
572,4,327,296,17,29,1,1,1
572,7,462,269,13,35,1,1,1
573,1,364,316,22,43,1,1,1
573,2,394,311,25,61,1,1,1
573,3,291,307,21,47,1,1,1
573,4,324,295,18,31,1,1,1
573,7,462,269,13,34,1,1,1
574,1,364,316,22,44,1,1,1
574,2,394,312,24,61,1,1,1
574,3,288,306,23,49,1,1,1
574,4,322,295,18,31,1,1,1
574,7,462,269,13,34,1,1,1
575,1,364,316,22,43,1,1,1
575,2,394,312,24,61,1,1,1
575,3,288,306,23,49,1,1,1
575,4,322,295,18,31,1,1,1
575,7,462,270,13,34,1,1,1
576,1,364,317,22,44,1,1,1
576,2,394,312,25,62,1,1,1
576,3,287,306,23,49,1,1,1
576,4,321,295,18,31,1,1,1
576,7,461,269,11,35,1,1,1
577,1,364,317,22,44,1,1,1
577,2,393,312,25,62,1,1,1
577,3,289,304,21,50,1,1,1
577,4,319,295,18,31,1,1,1
577,7,461,269,11,35,1,1,1
578,1,364,317,22,44,1,1,1
578,2,393,312,25,62,1,1,1
578,3,289,304,21,50,1,1,1
578,4,318,295,18,31,1,1,1
578,7,461,269,11,35,1,1,1
579,1,364,317,22,44,1,1,1
579,2,393,313,25,62,1,1,1
579,3,288,304,21,50,1,1,1
579,4,316,295,18,31,1,1,1
579,7,460,269,11,34,1,1,1
580,1,364,317,22,44,1,1,1
580,2,393,313,25,62,1,1,1
580,3,288,304,20,49,1,1,1
580,4,315,294,18,31,1,1,1
580,7,460,270,11,34,1,1,1
581,1,364,317,22,44,1,1,1
581,2,393,313,25,62,1,1,1
581,3,288,304,20,48,1,1,1
581,4,315,294,18,31,1,1,1
581,7,460,270,11,34,1,1,1
582,1,364,317,22,44,1,1,1
582,2,393,313,25,62,1,1,1
582,3,287,304,21,50,1,1,1
582,4,312,294,19,31,1,1,1
582,7,458,270,11,35,1,1,1
583,1,362,317,25,46,1,1,1
583,2,393,313,25,62,1,1,1
583,3,285,305,23,48,1,1,1
583,4,311,294,19,31,1,1,1
583,7,458,270,11,35,1,1,1
584,1,362,317,25,46,1,1,1
584,2,393,313,25,62,1,1,1
584,3,284,305,23,48,1,1,1
584,4,309,294,19,30,1,1,1
584,7,458,270,11,35,1,1,1
585,1,362,317,25,46,1,1,1
585,2,393,313,25,62,1,1,1
585,3,284,305,22,48,1,1,1
585,4,308,294,19,30,1,1,1
585,7,456,270,12,36,1,1,1
586,1,362,317,25,46,1,1,1
586,2,393,312,25,62,1,1,1
586,3,283,305,22,48,1,1,1
586,4,306,294,19,30,1,1,1
586,7,456,270,12,34,1,1,1
587,1,362,317,25,46,1,1,1
587,2,393,312,25,62,1,1,1
587,3,286,305,19,49,1,1,1
587,4,306,294,19,30,1,1,1
587,7,456,270,12,34,1,1,1
588,1,362,317,25,46,1,1,1
588,2,393,312,25,62,1,1,1
588,3,285,305,21,48,1,1,1
588,4,305,294,19,30,1,1,1
588,7,456,270,12,34,1,1,1
589,1,363,317,25,46,1,1,1
589,2,393,312,25,62,1,1,1
589,3,284,305,21,48,1,1,1
589,4,303,294,18,30,1,1,1
589,7,456,270,12,34,1,1,1
590,1,363,317,25,46,1,1,1
590,2,393,312,25,63,1,1,1
590,3,284,305,21,48,1,1,1
590,4,302,294,18,30,1,1,1
590,7,454,270,14,33,1,1,1
591,1,363,317,25,46,1,1,1
591,2,392,312,25,63,1,1,1
591,3,283,304,19,47,1,1,1
591,4,300,294,18,30,1,1,1
591,7,455,270,11,31,1,1,1
592,1,363,317,25,46,1,1,1
592,2,392,313,25,63,1,1,1
592,3,282,303,19,47,1,1,1
592,4,299,294,18,30,1,1,1
592,7,455,270,11,31,1,1,1
593,1,363,317,25,46,1,1,1
593,2,392,312,25,64,1,1,1
593,3,282,303,19,47,1,1,1
593,4,299,294,18,30,1,1,1
593,7,455,270,11,29,1,1,1
594,1,365,318,22,45,1,1,1
594,2,392,313,25,63,1,1,1
594,3,282,303,19,47,1,1,1
594,4,297,294,17,30,1,1,1
594,7,455,270,11,29,1,1,1
595,1,365,318,22,45,1,1,1
595,2,392,313,25,63,1,1,1
595,3,281,300,19,49,1,1,1
595,4,296,294,17,30,1,1,1
595,7,455,270,10,29,1,1,1
596,1,365,318,22,45,1,1,1
596,2,391,314,26,64,1,1,1
596,3,281,300,19,49,1,1,1
596,4,295,292,17,30,1,1,1
596,7,454,270,11,28,1,1,1
597,1,366,318,22,45,1,1,1
597,2,391,314,25,62,1,1,1
597,3,280,300,18,50,1,1,1
597,4,294,292,17,30,1,1,1
597,7,454,270,11,28,1,1,1
598,1,366,318,22,45,1,1,1
598,2,391,314,25,64,1,1,1
598,3,280,300,16,49,1,1,1
598,4,292,292,17,30,1,1,1
598,7,454,270,11,28,1,1,1
599,1,366,318,22,45,1,1,1
599,2,391,314,25,64,1,1,1
599,3,281,303,15,46,1,1,1
599,4,292,292,17,30,1,1,1
599,7,453,270,12,27,1,1,1
600,1,366,318,22,45,1,1,1
600,2,390,314,25,63,1,1,1
600,3,281,303,15,45,1,1,1
600,4,290,292,17,30,1,1,1
600,7,453,270,11,27,1,1,1
601,1,366,318,22,45,1,1,1
601,2,390,314,25,64,1,1,1
601,3,280,303,15,45,1,1,1
601,4,289,292,17,30,1,1,1
601,7,453,270,11,27,1,1,1
602,1,366,318,22,45,1,1,1
602,2,388,314,26,65,1,1,1
602,3,280,304,14,44,1,1,1
602,4,287,292,17,30,1,1,1
602,7,453,270,11,27,1,1,1
603,1,367,318,22,45,1,1,1
603,2,388,314,26,66,1,1,1
603,3,279,304,15,44,1,1,1
603,4,286,292,17,30,1,1,1
603,7,453,270,11,27,1,1,1
604,1,367,318,22,45,1,1,1
604,2,387,314,26,65,1,1,1
604,3,279,304,15,44,1,1,1
604,4,284,292,17,30,1,1,1
604,7,452,270,11,27,1,1,1
605,1,367,318,22,45,1,1,1
605,2,387,314,26,63,1,1,1
605,3,278,303,16,45,1,1,1
605,4,284,292,17,30,1,1,1
605,7,452,270,11,27,1,1,1
606,1,367,318,22,45,1,1,1
606,2,387,314,26,63,1,1,1
606,3,281,303,13,45,1,1,1
606,4,283,292,17,29,1,1,1
606,7,452,270,11,27,1,1,1
607,1,367,318,22,45,1,1,1
607,2,386,314,26,63,1,1,1
607,3,280,303,11,42,1,1,1
607,4,282,292,17,29,1,1,1
607,7,452,270,11,27,1,1,1
608,1,368,318,22,45,1,1,1
608,2,386,314,26,62,1,1,1
608,3,280,303,11,42,1,1,1
608,4,281,292,16,29,1,1,1
608,7,451,270,11,28,1,1,1
609,1,368,318,22,45,1,1,1
609,2,385,314,26,62,1,1,1
609,3,281,305,10,40,1,1,1
609,4,278,291,17,29,1,1,1
609,7,451,270,11,28,1,1,1
610,1,368,318,22,45,1,1,1
610,2,385,314,25,61,1,1,1
610,3,281,305,10,40,1,1,1
610,4,277,291,16,29,1,1,1
610,7,451,270,11,28,1,1,1
611,1,368,318,22,45,1,1,1
611,2,385,314,25,61,1,1,1
611,3,281,305,10,40,1,1,1
611,4,277,291,16,29,1,1,1
611,7,451,270,11,28,1,1,1
612,1,369,318,22,45,1,1,1
612,2,384,314,26,62,1,1,1
612,4,281,292,11,28,1,1,1
612,7,451,270,11,28,1,1,1
613,1,369,318,22,46,1,1,1
613,2,384,315,26,62,1,1,1
613,4,280,292,11,28,1,1,1
613,7,450,270,11,28,1,1,1
614,1,370,318,22,46,1,1,1
614,2,383,315,26,63,1,1,1
614,7,450,270,12,28,1,1,1
615,1,370,318,22,45,1,1,1
615,2,383,315,26,63,1,1,1
615,7,450,270,12,28,1,1,1
616,1,370,318,22,46,1,1,1
616,2,382,315,26,64,1,1,1
616,7,450,270,12,28,1,1,1
617,1,370,318,22,46,1,1,1
617,2,382,315,26,63,1,1,1
617,7,450,270,12,28,1,1,1
618,1,371,318,22,45,1,1,1
618,2,383,316,24,62,1,1,1
618,7,451,270,11,27,1,1,1
619,1,371,318,22,45,1,1,1
619,2,383,316,24,62,1,1,1
619,7,451,270,11,27,1,1,1
620,1,371,318,22,46,1,1,1
620,2,383,316,24,62,1,1,1
620,7,451,270,11,27,1,1,1
621,1,372,318,22,46,1,1,1
621,2,383,316,24,63,1,1,1
621,7,447,270,13,31,1,1,1
622,1,372,318,22,46,1,1,1
622,2,383,316,24,63,1,1,1
622,7,447,270,13,31,1,1,1
623,1,372,318,22,46,1,1,1
623,2,383,316,24,63,1,1,1
623,7,447,270,13,31,1,1,1
624,1,372,318,22,46,1,1,1
624,2,383,315,24,63,1,1,1
624,7,447,270,13,31,1,1,1
625,1,372,317,21,46,1,1,1
625,2,382,315,23,63,1,1,1
625,7,445,270,14,31,1,1,1
626,1,371,316,23,48,1,1,1
626,2,382,315,23,63,1,1,1
626,7,445,270,14,31,1,1,1
627,1,371,317,25,50,1,1,1
627,2,382,316,23,62,1,1,1
627,7,445,270,14,31,1,1,1
628,1,372,317,24,45,1,1,1
628,2,382,316,23,62,1,1,1
628,7,445,270,14,31,1,1,1
629,1,372,317,24,45,1,1,1
629,2,382,316,23,62,1,1,1
629,7,445,270,13,29,1,1,1
630,1,372,317,24,45,1,1,1
630,2,382,316,23,62,1,1,1
630,7,445,270,13,29,1,1,1
631,1,373,317,24,45,1,1,1
631,2,382,316,23,62,1,1,1
631,7,445,270,13,29,1,1,1
632,1,373,317,24,45,1,1,1
632,2,382,317,22,61,1,1,1
632,7,445,270,12,29,1,1,1
633,1,375,318,22,45,1,1,1
633,2,382,317,22,61,1,1,1
633,7,445,270,12,30,1,1,1
634,1,375,318,22,45,1,1,1
634,2,382,318,22,60,1,1,1
634,7,445,270,12,28,1,1,1
635,1,376,317,22,45,1,1,1
635,2,383,318,23,62,1,1,1
635,7,445,270,12,27,1,1,1
636,1,376,318,22,44,1,1,1
636,2,383,318,23,62,1,1,1
636,7,445,270,12,27,1,1,1
637,1,377,318,22,45,1,1,1
637,2,382,318,22,62,1,1,1
637,7,442,270,14,28,1,1,1
638,1,378,318,22,45,1,1,1
638,2,382,319,23,62,1,1,1
638,7,442,270,14,28,1,1,1
639,1,379,317,22,45,1,1,1
639,2,379,319,21,62,1,1,1
639,7,442,270,14,28,1,1,1
640,1,380,317,22,45,1,1,1
640,2,379,319,21,62,1,1,1
640,7,442,270,14,28,1,1,1
641,1,380,317,22,45,1,1,1
641,2,379,319,21,62,1,1,1
641,7,442,270,14,28,1,1,1
642,1,380,317,22,45,1,1,1
642,2,378,319,21,62,1,1,1
642,7,442,270,13,27,1,1,1
643,1,379,317,22,45,1,1,1
643,2,378,319,21,62,1,1,1
643,7,442,270,13,27,1,1,1
644,1,379,317,22,45,1,1,1
644,2,377,319,23,65,1,1,1
644,7,442,270,12,27,1,1,1
645,1,381,317,22,45,1,1,1
645,2,377,319,23,65,1,1,1
645,7,442,270,12,27,1,1,1
646,1,385,317,20,45,1,1,1
646,2,377,319,23,65,1,1,1
646,7,442,270,12,27,1,1,1
647,1,385,317,20,45,1,1,1
647,2,377,319,23,65,1,1,1
647,7,442,270,12,27,1,1,1
648,1,385,317,20,46,1,1,1
648,2,375,319,24,65,1,1,1
648,7,442,270,12,27,1,1,1
649,1,385,317,20,46,1,1,1
649,2,375,319,24,65,1,1,1
649,7,442,270,12,26,1,1,1
650,1,384,318,20,44,1,1,1
650,2,374,319,23,66,1,1,1
650,7,442,270,12,26,1,1,1
651,1,387,317,19,46,1,1,1
651,2,374,319,23,66,1,1,1
651,7,442,270,12,26,1,1,1
652,1,387,317,19,47,1,1,1
652,2,373,320,23,66,1,1,1
652,7,442,270,12,26,1,1,1
653,1,387,317,20,44,1,1,1
653,2,373,320,23,66,1,1,1
653,7,442,270,12,26,1,1,1
654,1,387,317,20,44,1,1,1
654,2,372,320,23,65,1,1,1
654,7,442,270,12,26,1,1,1
655,1,387,317,20,45,1,1,1
655,2,373,319,22,66,1,1,1
655,7,442,270,12,26,1,1,1
656,1,387,317,21,46,1,1,1
656,2,373,319,22,66,1,1,1
656,7,442,270,11,26,1,1,1
657,1,387,316,21,47,1,1,1
657,2,373,319,22,66,1,1,1
657,7,442,270,11,26,1,1,1
658,1,390,317,20,44,1,1,1
658,2,372,319,22,67,1,1,1
658,7,442,270,11,26,1,1,1
659,1,389,317,21,45,1,1,1
659,2,372,319,22,67,1,1,1
659,7,440,270,13,25,1,1,1
660,1,389,317,21,45,1,1,1
660,2,372,319,22,67,1,1,1
660,7,440,270,13,25,1,1,1
661,1,390,317,21,45,1,1,1
661,2,371,318,23,68,1,1,1
661,7,440,270,13,25,1,1,1
662,1,390,317,21,45,1,1,1
662,2,371,318,23,68,1,1,1
662,7,441,270,12,26,1,1,1
663,1,390,317,26,47,1,1,1
663,2,371,318,23,68,1,1,1
663,7,441,270,12,26,1,1,1
664,1,390,317,26,47,1,1,1
664,2,371,318,23,69,1,1,1
664,7,441,270,12,26,1,1,1
665,1,390,317,26,47,1,1,1
665,2,371,318,22,66,1,1,1
665,7,441,270,12,26,1,1,1
666,1,391,317,26,47,1,1,1
666,2,371,318,22,65,1,1,1
666,7,441,270,12,26,1,1,1
667,1,391,317,26,47,1,1,1
667,2,371,318,22,65,1,1,1
667,7,441,270,12,26,1,1,1
668,1,392,317,26,47,1,1,1
668,2,371,318,22,65,1,1,1
668,7,440,270,12,26,1,1,1
669,1,393,317,26,47,1,1,1
669,2,369,318,23,66,1,1,1
669,7,440,270,12,26,1,1,1
670,1,393,317,26,47,1,1,1
670,2,369,318,23,66,1,1,1
670,7,440,270,12,26,1,1,1
671,1,393,317,26,47,1,1,1
671,2,369,318,23,66,1,1,1
671,7,440,270,12,26,1,1,1
672,1,394,317,26,47,1,1,1
672,2,369,319,23,65,1,1,1
672,7,440,270,12,26,1,1,1
673,1,394,317,26,47,1,1,1
673,2,368,319,25,66,1,1,1
673,7,439,270,12,26,1,1,1
674,1,394,317,26,47,1,1,1
674,2,368,319,25,66,1,1,1
674,7,439,270,11,25,1,1,1
675,1,395,317,26,47,1,1,1
675,2,367,319,25,66,1,1,1
675,7,439,270,11,25,1,1,1
676,1,394,316,27,48,1,1,1
676,2,367,319,25,66,1,1,1
676,7,439,270,11,25,1,1,1
677,1,395,317,26,47,1,1,1
677,2,366,319,25,66,1,1,1
677,7,437,270,12,26,1,1,1
678,1,396,317,26,47,1,1,1
678,2,366,319,25,67,1,1,1
678,7,437,270,12,26,1,1,1
679,1,396,317,26,47,1,1,1
679,2,365,319,25,67,1,1,1
679,7,437,270,12,26,1,1,1
680,1,397,317,26,47,1,1,1
680,2,364,319,26,68,1,1,1
680,7,437,270,12,26,1,1,1
681,1,397,317,26,47,1,1,1
681,2,364,319,26,68,1,1,1
681,7,436,270,12,26,1,1,1
682,1,397,317,26,47,1,1,1
682,2,364,319,26,67,1,1,1
682,7,436,270,12,26,1,1,1
683,1,397,317,28,46,1,1,1
683,2,364,319,26,67,1,1,1
683,7,436,270,12,26,1,1,1
684,1,397,317,28,46,1,1,1
684,2,364,319,26,67,1,1,1
684,7,436,270,12,26,1,1,1
685,1,398,317,28,46,1,1,1
685,2,363,319,26,67,1,1,1
685,7,436,270,12,26,1,1,1
686,1,398,317,28,46,1,1,1
686,2,363,319,26,66,1,1,1
686,7,436,270,12,26,1,1,1
687,1,399,317,28,46,1,1,1
687,2,362,319,26,66,1,1,1
687,7,436,270,12,26,1,1,1
688,1,400,317,27,46,1,1,1
688,2,361,319,23,64,1,1,1
688,7,436,270,12,26,1,1,1
689,1,400,317,27,46,1,1,1
689,2,361,319,23,64,1,1,1
689,7,436,270,12,26,1,1,1
690,1,400,317,27,46,1,1,1
690,2,361,319,23,64,1,1,1
690,7,436,270,12,26,1,1,1
691,1,401,317,27,46,1,1,1
691,2,360,320,23,63,1,1,1
691,7,436,270,12,26,1,1,1
692,1,401,317,27,46,1,1,1
692,2,357,320,26,63,1,1,1
692,7,435,270,13,26,1,1,1
693,1,401,317,27,46,1,1,1
693,2,357,320,26,63,1,1,1
693,7,435,270,13,26,1,1,1
694,1,402,317,27,46,1,1,1
694,2,356,320,26,63,1,1,1
694,7,435,270,13,26,1,1,1
695,1,402,317,27,46,1,1,1
695,2,356,320,26,63,1,1,1
695,7,435,270,13,26,1,1,1
696,1,402,317,27,46,1,1,1
696,2,356,320,26,63,1,1,1
696,7,435,270,13,26,1,1,1
697,1,402,318,27,46,1,1,1
697,2,356,320,26,63,1,1,1
697,7,435,270,13,26,1,1,1
698,1,403,318,27,46,1,1,1
698,2,356,320,26,64,1,1,1
698,7,435,270,13,26,1,1,1
699,1,403,318,27,46,1,1,1
699,2,355,320,26,64,1,1,1
699,7,435,270,13,26,1,1,1
700,1,403,318,27,46,1,1,1
700,2,355,320,27,64,1,1,1
700,7,435,270,13,26,1,1,1
701,1,403,318,27,46,1,1,1
701,2,355,320,27,64,1,1,1
701,7,435,270,13,26,1,1,1
702,1,403,318,27,46,1,1,1
702,2,355,320,27,65,1,1,1
702,7,435,270,13,26,1,1,1
703,1,404,318,27,46,1,1,1
703,2,355,320,27,65,1,1,1
703,7,435,270,13,26,1,1,1
704,1,404,318,27,46,1,1,1
704,2,355,320,27,65,1,1,1
704,7,435,270,13,26,1,1,1
705,1,404,318,27,46,1,1,1
705,2,355,320,27,65,1,1,1
705,7,435,270,13,26,1,1,1
706,1,404,318,27,46,1,1,1
706,2,355,320,27,65,1,1,1
706,7,435,270,13,26,1,1,1
707,1,404,319,27,45,1,1,1
707,2,355,318,27,67,1,1,1
707,7,435,270,13,26,1,1,1
708,1,404,319,27,45,1,1,1
708,2,355,318,27,67,1,1,1
708,7,435,270,13,26,1,1,1
709,1,404,319,27,45,1,1,1
709,2,355,318,27,67,1,1,1
709,7,435,270,13,26,1,1,1
710,1,405,319,26,45,1,1,1
710,2,355,320,27,66,1,1,1
710,7,435,270,13,26,1,1,1
711,1,405,319,26,45,1,1,1
711,2,355,321,27,65,1,1,1
711,7,435,270,13,26,1,1,1
712,1,405,319,26,45,1,1,1
712,2,355,321,27,65,1,1,1
712,7,435,270,13,26,1,1,1
713,1,406,319,25,45,1,1,1
713,2,355,321,27,65,1,1,1
713,7,435,270,13,26,1,1,1
714,1,406,319,25,45,1,1,1
714,2,355,321,27,65,1,1,1
714,7,435,270,13,26,1,1,1
715,1,406,319,25,45,1,1,1
715,2,355,322,27,65,1,1,1
715,7,434,270,13,26,1,1,1
716,1,406,319,25,45,1,1,1
716,2,354,322,29,66,1,1,1
716,7,434,270,13,26,1,1,1
717,1,406,319,25,45,1,1,1
717,2,354,322,29,66,1,1,1
717,7,434,270,13,26,1,1,1
718,1,406,320,25,45,1,1,1
718,2,353,322,29,66,1,1,1
718,7,434,270,13,26,1,1,1
719,1,406,320,25,45,1,1,1
719,2,353,322,29,66,1,1,1
719,7,434,270,13,26,1,1,1
720,1,406,320,25,45,1,1,1
720,2,353,322,29,67,1,1,1
720,7,433,270,13,26,1,1,1
721,1,406,320,25,45,1,1,1
721,2,352,322,30,67,1,1,1
721,7,433,270,13,26,1,1,1
722,1,406,320,25,45,1,1,1
722,2,352,322,30,67,1,1,1
722,7,433,270,13,26,1,1,1
723,1,407,320,25,45,1,1,1
723,2,351,321,30,68,1,1,1
723,7,433,270,13,26,1,1,1
724,1,407,320,25,45,1,1,1
724,2,351,321,30,68,1,1,1
724,7,432,270,13,26,1,1,1
725,1,407,320,25,45,1,1,1
725,2,351,321,30,68,1,1,1
725,7,432,270,13,26,1,1,1
726,1,407,320,25,45,1,1,1
726,2,350,321,30,67,1,1,1
726,7,432,270,13,26,1,1,1
727,1,407,320,25,46,1,1,1
727,2,351,321,29,67,1,1,1
727,7,432,270,13,27,1,1,1
728,1,407,320,25,46,1,1,1
728,2,349,321,29,67,1,1,1
728,7,432,269,14,28,1,1,1
729,1,407,320,25,46,1,1,1
729,2,349,322,29,67,1,1,1
729,7,432,269,14,28,1,1,1
730,1,407,320,25,46,1,1,1
730,2,348,322,29,67,1,1,1
730,7,432,269,14,28,1,1,1
731,1,407,320,25,46,1,1,1
731,2,348,322,29,67,1,1,1
731,7,432,269,14,28,1,1,1
732,1,407,320,25,46,1,1,1
732,2,348,322,29,67,1,1,1
732,7,431,269,13,30,1,1,1
733,1,407,320,25,46,1,1,1
733,2,348,322,30,68,1,1,1
733,7,431,269,13,30,1,1,1
734,1,407,320,25,46,1,1,1
734,2,347,322,30,67,1,1,1
734,7,431,269,13,30,1,1,1
735,1,407,320,25,46,1,1,1
735,2,349,322,30,67,1,1,1
735,7,431,269,13,30,1,1,1
736,1,407,320,25,46,1,1,1
736,2,347,322,30,68,1,1,1
736,7,431,269,13,30,1,1,1
737,1,407,320,25,46,1,1,1
737,2,347,322,30,68,1,1,1
737,7,430,269,13,30,1,1,1
738,1,407,320,25,46,1,1,1
738,2,347,322,30,68,1,1,1
738,7,430,269,13,30,1,1,1
739,1,407,320,25,46,1,1,1
739,2,347,322,30,68,1,1,1
739,7,430,269,13,30,1,1,1
740,1,407,320,25,46,1,1,1
740,2,347,322,30,68,1,1,1
740,7,430,269,13,30,1,1,1
741,1,407,320,25,47,1,1,1
741,2,347,322,30,68,1,1,1
741,7,430,269,13,30,1,1,1
742,1,407,321,25,47,1,1,1
742,2,347,322,30,69,1,1,1
742,7,430,269,13,30,1,1,1
743,1,407,321,26,48,1,1,1
743,2,348,322,30,69,1,1,1
743,7,430,269,13,30,1,1,1
744,1,407,321,26,48,1,1,1
744,2,348,322,30,69,1,1,1
744,7,430,269,13,30,1,1,1
745,1,407,321,26,48,1,1,1
745,2,348,322,31,69,1,1,1
745,7,430,269,13,30,1,1,1
746,1,407,321,26,48,1,1,1
746,2,348,322,30,68,1,1,1
746,7,429,269,13,30,1,1,1
747,1,407,322,26,48,1,1,1
747,2,348,322,30,69,1,1,1
747,7,429,269,10,30,1,1,1
748,1,407,322,26,48,1,1,1
748,2,348,323,30,69,1,1,1
748,7,429,269,10,28,1,1,1
749,1,407,322,26,48,1,1,1
749,2,348,323,31,70,1,1,1
749,7,429,269,10,28,1,1,1
750,1,407,322,26,48,1,1,1
750,2,348,323,30,69,1,1,1
750,7,429,269,10,28,1,1,1
751,1,407,322,26,49,1,1,1
751,2,348,323,30,69,1,1,1
751,7,429,269,10,28,1,1,1
752,1,407,322,26,49,1,1,1
752,2,348,324,30,69,1,1,1
752,7,428,269,10,29,1,1,1
753,1,407,322,26,49,1,1,1
753,2,348,324,30,69,1,1,1
753,7,428,269,10,29,1,1,1
754,1,407,322,26,49,1,1,1
754,2,348,325,30,69,1,1,1
754,7,428,269,10,29,1,1,1
755,1,407,323,27,49,1,1,1
755,2,348,325,30,69,1,1,1
755,7,428,269,10,29,1,1,1
756,1,407,323,27,49,1,1,1
756,2,348,325,31,70,1,1,1
756,7,428,269,10,29,1,1,1
757,1,408,323,26,49,1,1,1
757,2,348,325,28,71,1,1,1
757,7,428,269,10,28,1,1,1
758,1,408,323,27,49,1,1,1
758,2,348,325,31,70,1,1,1
758,7,428,269,10,28,1,1,1
759,1,408,323,27,49,1,1,1
759,2,348,325,30,71,1,1,1
759,7,427,269,10,28,1,1,1
760,1,408,324,27,49,1,1,1
760,2,348,325,31,70,1,1,1
760,7,427,269,10,28,1,1,1
761,1,408,324,27,49,1,1,1
761,2,349,325,29,72,1,1,1
761,7,426,269,10,29,1,1,1
762,1,408,324,27,49,1,1,1
762,2,348,325,30,70,1,1,1
762,7,427,269,10,28,1,1,1
763,1,408,324,27,49,1,1,1
763,2,349,325,29,71,1,1,1
763,7,426,269,10,28,1,1,1
764,1,408,324,27,49,1,1,1
764,2,349,325,28,72,1,1,1
764,7,425,269,10,28,1,1,1
765,1,408,324,27,50,1,1,1
765,2,349,325,26,73,1,1,1
765,7,425,269,10,29,1,1,1
766,1,408,325,27,50,1,1,1
766,2,348,326,29,72,1,1,1
766,7,424,269,10,28,1,1,1
767,1,409,325,27,50,1,1,1
767,2,349,327,28,72,1,1,1
767,7,423,269,11,28,1,1,1
768,1,409,325,27,50,1,1,1
768,2,349,326,27,70,1,1,1
768,7,423,269,11,28,1,1,1
769,1,409,325,27,50,1,1,1
769,2,350,327,29,72,1,1,1
769,7,423,269,11,28,1,1,1
770,1,409,325,27,50,1,1,1
770,2,350,329,27,71,1,1,1
770,7,422,269,11,28,1,1,1
771,1,409,326,27,50,1,1,1
771,2,351,328,27,71,1,1,1
771,7,422,269,11,29,1,1,1
772,1,409,326,27,50,1,1,1
772,2,350,328,28,73,1,1,1
772,7,422,269,11,29,1,1,1
773,1,409,326,27,51,1,1,1
773,2,352,328,24,74,1,1,1
773,7,422,269,11,29,1,1,1
774,1,409,326,27,51,1,1,1
774,2,351,328,26,74,1,1,1
774,7,422,269,11,29,1,1,1
775,1,409,326,27,51,1,1,1
775,2,351,328,26,74,1,1,1
775,7,421,269,11,29,1,1,1
776,1,410,327,27,51,1,1,1
776,2,351,328,27,75,1,1,1
776,7,421,269,11,29,1,1,1
777,1,410,327,27,51,1,1,1
777,2,353,328,25,73,1,1,1
777,7,421,270,11,29,1,1,1
778,1,410,327,28,51,1,1,1
778,2,353,328,25,74,1,1,1
778,7,421,270,11,29,1,1,1
779,1,410,328,28,51,1,1,1
779,2,354,328,25,73,1,1,1
779,7,421,270,11,29,1,1,1
780,1,410,328,28,51,1,1,1
780,2,353,328,25,76,1,1,1
780,7,421,270,11,29,1,1,1
781,1,410,328,28,51,1,1,1
781,2,354,328,26,74,1,1,1
781,7,421,270,11,29,1,1,1
782,1,411,328,28,51,1,1,1
782,2,355,328,24,73,1,1,1
782,7,421,270,11,29,1,1,1
783,1,411,328,28,51,1,1,1
783,2,355,329,23,74,1,1,1
783,7,420,270,11,29,1,1,1
783,4,57,285,14,25,1,1,1
784,1,411,328,28,52,1,1,1
784,2,356,329,23,72,1,1,1
784,7,420,270,11,29,1,1,1
784,4,55,280,14,30,1,1,1
785,1,412,329,28,51,1,1,1
785,2,357,329,22,73,1,1,1
785,7,420,270,11,29,1,1,1
785,4,53,281,16,30,1,1,1
786,1,412,330,26,50,1,1,1
786,2,356,329,22,74,1,1,1
786,7,420,270,11,29,1,1,1
786,4,53,282,16,29,1,1,1
787,1,412,330,26,50,1,1,1
787,2,357,330,21,73,1,1,1
787,7,420,270,11,29,1,1,1
787,4,51,281,16,30,1,1,1
788,1,412,330,26,50,1,1,1
788,2,357,330,22,76,1,1,1
788,7,419,270,11,29,1,1,1
788,4,49,280,16,30,1,1,1
789,1,413,331,26,50,1,1,1
789,2,357,330,22,76,1,1,1
789,7,419,270,11,29,1,1,1
789,4,48,281,17,31,1,1,1
790,1,413,331,26,50,1,1,1
790,2,357,330,23,78,1,1,1
790,7,419,270,11,29,1,1,1
790,4,45,281,18,30,1,1,1
791,1,413,331,26,51,1,1,1
791,2,358,330,22,76,1,1,1
791,7,419,270,11,29,1,1,1
791,4,44,281,18,29,1,1,1
792,1,413,331,26,51,1,1,1
792,2,358,331,22,76,1,1,1
792,7,418,269,12,30,1,1,1
792,4,44,282,18,28,1,1,1
793,1,413,331,26,51,1,1,1
793,2,358,331,22,77,1,1,1
793,7,418,269,12,30,1,1,1
793,4,42,285,15,25,1,1,1
794,1,414,332,26,51,1,1,1
794,2,357,331,25,80,1,1,1
794,7,418,269,12,30,1,1,1
794,4,41,284,17,27,1,1,1
795,1,414,332,27,51,1,1,1
795,2,356,330,25,77,1,1,1
795,7,417,269,12,30,1,1,1
795,4,40,284,15,24,1,1,1
796,1,414,332,26,51,1,1,1
796,2,356,330,25,77,1,1,1
796,7,417,269,12,30,1,1,1
796,4,36,284,18,26,1,1,1
797,1,415,332,27,51,1,1,1
797,2,356,330,25,77,1,1,1
797,7,417,269,12,30,1,1,1
797,4,35,283,17,26,1,1,1
798,1,415,332,27,51,1,1,1
798,2,356,330,25,77,1,1,1
798,7,417,269,12,30,1,1,1
798,4,35,284,14,24,1,1,1
799,1,415,333,27,51,1,1,1
799,2,356,330,25,77,1,1,1
799,7,415,269,13,31,1,1,1
799,4,32,284,18,27,1,1,1
800,1,415,333,27,51,1,1,1
800,2,356,330,25,77,1,1,1
800,7,415,269,15,32,1,1,1
800,4,32,285,15,24,1,1,1
801,1,415,333,27,52,1,1,1
801,2,356,330,27,78,1,1,1
801,7,415,269,14,31,1,1,1
801,4,30,284,16,24,1,1,1
