802,2,1562,487,113,254,1,1,1
802,3,535,747,199,352,1,1,1
802,4,1185,566,165,311,1,1,1
802,5,895,642,245,479,1,1,1
802,7,1099,612,61,144,1,1,1
802,9,1689,470,60,158,1,1,1
803,2,1564,486,114,254,1,1,1
803,3,540,745,195,351,1,1,1
803,4,1187,566,165,312,1,1,1
803,5,890,642,245,482,1,1,1
803,7,1099,611,62,145,1,1,1
803,9,1689,470,60,159,1,1,1
804,2,1566,486,114,253,1,1,1
804,3,545,743,192,350,1,1,1
804,4,1188,566,166,313,1,1,1
804,5,885,642,245,484,1,1,1
804,7,1099,611,62,145,1,1,1
804,9,1689,470,59,159,1,1,1
805,2,1567,486,116,252,1,1,1
805,3,551,741,188,350,1,1,1
805,4,1190,566,166,314,1,1,1
805,5,880,643,246,486,1,1,1
805,7,1099,611,62,145,1,1,1
805,9,1689,469,59,161,1,1,1
806,2,1569,485,116,251,1,1,1
806,3,555,739,184,348,1,1,1
806,4,1191,565,166,315,1,1,1
806,5,875,642,246,488,1,1,1
806,7,1098,610,63,145,1,1,1
806,9,1689,469,58,160,1,1,1
807,2,1572,486,116,251,1,1,1
807,3,561,738,180,345,1,1,1
807,4,1195,566,164,315,1,1,1
807,5,867,644,244,487,1,1,1
807,7,1099,611,63,145,1,1,1
807,9,1689,469,58,161,1,1,1
808,2,1575,486,114,251,1,1,1
808,3,566,737,175,341,1,1,1
808,4,1198,566,162,314,1,1,1
808,5,860,646,241,485,1,1,1
808,7,1100,612,62,145,1,1,1
808,9,1689,469,58,161,1,1,1
809,2,1578,487,113,250,1,1,1
809,3,571,736,170,337,1,1,1
809,4,1201,566,160,314,1,1,1
809,5,852,647,238,485,1,1,1
809,7,1100,612,62,145,1,1,1
809,9,1689,470,58,160,1,1,1
810,2,1580,487,113,250,1,1,1
810,3,575,735,166,333,1,1,1
810,4,1204,566,159,314,1,1,1
810,5,844,649,236,483,1,1,1
810,7,1101,613,61,145,1,1,1
810,9,1689,470,58,159,1,1,1
811,2,1583,487,111,248,1,1,1
811,3,580,733,161,329,1,1,1
811,4,1207,565,156,313,1,1,1
811,5,836,650,233,482,1,1,1
811,7,1101,613,60,144,1,1,1
811,9,1689,469,57,159,1,1,1
812,2,1585,487,110,249,1,1,1
812,3,584,733,158,328,1,1,1
812,4,1210,565,154,313,1,1,1
812,5,831,651,234,482,1,1,1
812,7,1101,614,60,144,1,1,1
812,9,1690,470,57,160,1,1,1
813,2,1587,487,107,249,1,1,1
813,3,588,732,154,328,1,1,1
813,4,1213,564,151,312,1,1,1
813,5,825,653,236,480,1,1,1
813,7,1100,614,61,144,1,1,1
813,9,1690,471,56,159,1,1,1
814,2,1589,486,105,250,1,1,1
814,3,591,731,151,327,1,1,1
814,4,1215,564,149,311,1,1,1
814,5,819,654,238,480,1,1,1
814,7,1100,614,61,144,1,1,1
814,9,1691,471,55,159,1,1,1
815,2,1591,486,103,250,1,1,1
815,3,595,731,147,326,1,1,1
815,4,1218,563,146,310,1,1,1
815,5,813,656,239,478,1,1,1
815,7,1099,614,62,144,1,1,1
815,9,1691,471,55,160,1,1,1
816,2,1592,485,101,250,1,1,1
816,3,598,730,142,325,1,1,1
816,4,1220,562,143,309,1,1,1
816,5,807,657,240,477,1,1,1
816,7,1098,613,61,143,1,1,1
816,9,1691,471,54,159,1,1,1
817,2,1595,485,99,250,1,1,1
817,3,602,730,144,326,1,1,1
817,4,1223,562,141,308,1,1,1
817,5,801,660,247,478,1,1,1
817,7,1099,614,61,144,1,1,1
817,9,1691,473,55,158,1,1,1
818,2,1596,485,99,250,1,1,1
818,3,606,729,144,327,1,1,1
818,4,1225,561,139,308,1,1,1
818,5,795,664,253,477,1,1,1
818,7,1099,614,61,144,1,1,1
818,9,1690,473,55,158,1,1,1
819,2,1598,484,97,251,1,1,1
819,3,609,729,145,327,1,1,1
819,4,1228,560,136,307,1,1,1
819,5,789,667,259,477,1,1,1
819,7,1098,615,62,144,1,1,1
819,9,1689,474,56,157,1,1,1
820,2,1600,484,95,251,1,1,1
820,3,612,729,145,328,1,1,1
820,4,1230,559,134,306,1,1,1
820,5,783,670,265,477,1,1,1
820,7,1098,615,62,144,1,1,1
820,9,1688,474,57,157,1,1,1
821,1,908,639,91,241,1,1,1
821,2,1602,483,93,252,1,1,1
821,3,615,728,145,329,1,1,1
821,4,1232,558,131,305,1,1,1
821,5,777,672,270,477,1,1,1
821,7,1097,615,62,143,1,1,1
821,9,1687,475,57,156,1,1,1
822,1,912,640,97,241,1,1,1
822,2,1604,484,102,252,1,1,1
822,3,619,729,145,328,1,1,1
822,4,1234,559,130,304,1,1,1
822,5,771,676,276,478,1,1,1
822,7,1098,616,62,144,1,1,1
822,9,1688,475,57,157,1,1,1
823,1,915,640,102,242,1,1,1
823,2,1606,484,111,253,1,1,1
823,3,623,729,143,328,1,1,1
823,4,1236,559,128,302,1,1,1
823,5,765,679,282,479,1,1,1
823,7,1098,617,62,144,1,1,1
823,9,1688,475,57,157,1,1,1
824,1,918,641,108,241,1,1,1
824,2,1608,484,120,253,1,1,1
824,3,627,730,142,327,1,1,1
824,4,1237,560,127,300,1,1,1
824,5,758,682,288,479,1,1,1
824,7,1099,618,61,143,1,1,1
824,9,1688,475,57,157,1,1,1
825,1,922,641,112,241,1,1,1
825,2,1610,484,128,254,1,1,1
825,3,631,731,140,326,1,1,1
825,4,1239,560,125,299,1,1,1
825,5,752,685,293,480,1,1,1
825,7,1099,618,61,144,1,1,1
825,9,1688,475,58,158,1,1,1
826,1,925,641,117,240,1,1,1
826,2,1612,484,136,254,1,1,1
826,3,634,731,139,326,1,1,1
826,4,1240,560,123,297,1,1,1
826,5,745,688,298,480,1,1,1
826,7,1098,618,60,143,1,1,1
826,9,1688,475,57,158,1,1,1
827,1,928,641,118,242,1,1,1
827,2,1615,484,138,255,1,1,1
827,3,637,731,136,322,1,1,1
827,4,1243,560,122,299,1,1,1
827,5,739,689,298,481,1,1,1
827,7,1099,619,60,144,1,1,1
827,9,1689,476,57,158,1,1,1
828,1,931,641,119,242,1,1,1
828,2,1617,484,141,255,1,1,1
828,3,640,730,133,319,1,1,1
828,4,1245,560,120,299,1,1,1
828,5,732,689,297,482,1,1,1
828,7,1099,619,60,144,1,1,1
828,9,1689,476,57,158,1,1,1
829,1,934,641,119,242,1,1,1
829,2,1619,484,143,256,1,1,1
829,3,643,729,129,316,1,1,1
829,4,1247,560,118,300,1,1,1
829,5,726,690,295,482,1,1,1
829,7,1099,620,60,143,1,1,1
829,9,1689,477,57,158,1,1,1
830,1,937,641,120,242,1,1,1
830,2,1621,484,145,256,1,1,1
830,3,645,728,127,313,1,1,1
830,4,1250,560,115,301,1,1,1
830,5,719,690,294,483,1,1,1
830,7,1099,620,60,144,1,1,1
830,9,1689,478,56,158,1,1,1
831,1,939,640,120,242,1,1,1
831,2,1623,483,147,257,1,1,1
831,3,648,727,123,309,1,1,1
831,4,1251,560,112,300,1,1,1
831,5,712,690,292,483,1,1,1
831,7,1099,620,60,143,1,1,1
831,9,1688,478,56,157,1,1,1
832,1,942,640,119,242,1,1,1
832,2,1627,482,143,259,1,1,1
832,3,651,727,128,307,1,1,1
832,4,1253,560,115,301,1,1,1
832,5,708,691,280,487,1,1,1
832,7,1099,620,60,144,1,1,1
832,9,1689,479,56,155,1,1,1
833,1,945,638,116,243,1,1,1
833,2,1630,481,141,261,1,1,1
833,3,654,726,133,305,1,1,1
833,4,1254,561,118,301,1,1,1
833,5,704,692,267,489,1,1,1
833,7,1099,621,60,143,1,1,1
833,9,1690,479,56,152,1,1,1
834,1,948,637,114,242,1,1,1
834,2,1633,480,138,263,1,1,1
834,3,658,725,137,302,1,1,1
834,4,1255,561,120,301,1,1,1
834,5,700,692,254,493,1,1,1
834,7,1099,621,61,144,1,1,1
834,9,1691,479,55,150,1,1,1
835,1,950,636,112,242,1,1,1
835,2,1637,479,134,265,1,1,1
835,3,661,724,142,300,1,1,1
835,4,1256,561,123,301,1,1,1
835,5,696,693,242,495,1,1,1
835,7,1099,621,61,144,1,1,1
835,9,1691,479,55,147,1,1,1
836,1,952,634,109,241,1,1,1
836,2,1640,477,130,266,1,1,1
836,3,663,723,147,297,1,1,1
836,4,1256,561,125,301,1,1,1
836,5,691,693,229,498,1,1,1
836,7,1098,620,61,144,1,1,1
836,9,1691,479,54,144,1,1,1
837,1,956,634,107,240,1,1,1
837,2,1643,477,129,267,1,1,1
837,4,1259,561,123,302,1,1,1
837,5,690,694,225,500,1,1,1
837,7,1100,621,60,144,1,1,1
838,1,960,634,103,238,1,1,1
838,2,1646,476,127,267,1,1,1
838,4,1261,561,122,302,1,1,1
838,5,688,695,221,502,1,1,1
838,7,1101,620,59,145,1,1,1
839,1,964,634,99,236,1,1,1
839,2,1648,475,126,267,1,1,1
839,4,1264,560,120,303,1,1,1
839,5,686,696,217,504,1,1,1
839,7,1102,620,58,145,1,1,1
840,1,967,634,96,234,1,1,1
840,2,1651,475,124,266,1,1,1
840,4,1266,560,118,303,1,1,1
840,5,684,698,214,505,1,1,1
840,7,1103,620,57,145,1,1,1
841,1,970,633,91,231,1,1,1
841,2,1653,473,122,266,1,1,1
841,4,1268,559,116,302,1,1,1
841,5,681,698,209,506,1,1,1
841,7,1104,619,55,145,1,1,1
842,1,973,632,95,233,1,1,1
842,2,1656,474,120,268,1,1,1
842,4,1270,559,115,300,1,1,1
842,5,677,701,216,501,1,1,1
842,7,1104,620,56,146,1,1,1
843,1,976,631,97,234,1,1,1
843,2,1658,474,118,269,1,1,1
843,4,1272,559,113,297,1,1,1
843,5,671,704,223,495,1,1,1
843,7,1103,620,58,146,1,1,1
844,1,978,630,100,234,1,1,1
844,2,1660,475,116,269,1,1,1
844,4,1273,559,112,294,1,1,1
844,5,666,706,229,489,1,1,1
844,7,1103,620,58,146,1,1,1
845,1,981,629,102,235,1,1,1
845,2,1663,475,114,270,1,1,1
845,4,1275,559,110,291,1,1,1
845,5,660,709,236,483,1,1,1
845,7,1102,620,59,146,1,1,1
846,1,983,628,105,235,1,1,1
846,2,1665,475,111,271,1,1,1
846,4,1276,558,108,288,1,1,1
846,5,655,711,241,476,1,1,1
846,7,1101,620,60,146,1,1,1
847,1,986,629,109,235,1,1,1
847,2,1667,475,111,272,1,1,1
847,4,1278,559,111,287,1,1,1
847,5,650,714,246,474,1,1,1
847,7,1102,621,60,146,1,1,1
848,1,989,629,113,235,1,1,1
848,2,1669,475,110,273,1,1,1
848,4,1279,559,115,287,1,1,1
848,5,646,716,249,472,1,1,1
848,7,1102,622,60,145,1,1,1
849,1,991,630,118,235,1,1,1
849,2,1672,475,109,273,1,1,1
849,4,1281,559,117,287,1,1,1
849,5,641,718,253,470,1,1,1
849,7,1103,623,60,144,1,1,1
850,1,994,630,122,235,1,1,1
850,2,1674,475,108,273,1,1,1
850,4,1282,559,121,287,1,1,1
850,5,636,721,257,467,1,1,1
850,7,1103,624,60,143,1,1,1
851,1,996,630,126,234,1,1,1
851,2,1676,475,107,273,1,1,1
851,3,737,709,156,322,1,1,1
851,4,1283,559,123,285,1,1,1
851,5,631,722,260,464,1,1,1
851,7,1103,625,59,141,1,1,1
852,1,999,631,126,234,1,1,1
852,2,1677,476,107,275,1,1,1
852,3,741,709,155,315,1,1,1
852,4,1284,559,129,287,1,1,1
852,5,624,725,263,465,1,1,1
852,7,1104,625,60,143,1,1,1
853,1,1002,631,125,233,1,1,1
853,2,1679,477,106,276,1,1,1
853,3,745,708,152,309,1,1,1
853,4,1285,559,134,289,1,1,1
853,5,616,726,267,467,1,1,1
853,7,1105,625,60,144,1,1,1
854,1,1005,631,124,233,1,1,1
854,2,1680,479,106,276,1,1,1
854,3,749,706,149,303,1,1,1
854,4,1286,559,139,290,1,1,1
854,5,609,728,269,467,1,1,1
854,7,1105,626,61,144,1,1,1
855,1,1008,631,123,232,1,1,1
855,2,1681,480,106,276,1,1,1
855,3,753,705,146,296,1,1,1
855,4,1287,559,144,291,1,1,1
855,5,601,730,272,468,1,1,1
855,7,1105,626,62,144,1,1,1
856,1,1010,631,122,231,1,1,1
856,2,1682,480,105,277,1,1,1
856,3,756,704,143,289,1,1,1
856,4,1288,558,148,292,1,1,1
856,5,593,731,275,468,1,1,1
856,7,1105,626,61,145,1,1,1
857,1,1013,630,121,232,1,1,1
857,2,1683,481,107,279,1,1,1
857,3,760,704,141,290,1,1,1
857,4,1290,559,148,293,1,1,1
857,5,588,732,271,467,1,1,1
857,7,1106,627,62,145,1,1,1
858,1,1017,630,118,232,1,1,1
858,2,1683,481,108,280,1,1,1
858,3,764,703,137,292,1,1,1
858,4,1292,560,147,292,1,1,1
858,5,583,732,266,467,1,1,1
858,7,1107,627,62,146,1,1,1
859,1,1020,629,116,233,1,1,1
859,2,1684,482,109,281,1,1,1
859,3,768,702,134,294,1,1,1
859,4,1293,561,146,291,1,1,1
859,5,577,733,262,465,1,1,1
859,7,1107,628,63,145,1,1,1
860,1,1023,628,113,234,1,1,1
860,2,1684,482,110,283,1,1,1
860,3,771,702,131,295,1,1,1
860,4,1295,562,145,291,1,1,1
860,5,571,734,259,464,1,1,1
860,7,1108,628,62,146,1,1,1
861,1,1025,627,111,234,1,1,1
861,2,1684,482,111,283,1,1,1
861,3,775,701,127,296,1,1,1
861,4,1296,562,144,290,1,1,1
861,5,565,734,253,463,1,1,1
861,7,1108,629,62,145,1,1,1
862,1,1028,627,109,234,1,1,1
862,2,1685,482,113,285,1,1,1
862,3,778,701,130,297,1,1,1
862,4,1299,563,143,291,1,1,1
862,5,562,735,247,463,1,1,1
862,7,1108,630,63,145,1,1,1
863,1,1031,628,106,232,1,1,1
863,2,1686,482,113,286,1,1,1
863,3,781,701,133,297,1,1,1
863,4,1302,562,141,293,1,1,1
863,5,557,736,241,462,1,1,1
863,7,1109,630,63,146,1,1,1
864,1,1033,628,104,232,1,1,1
864,2,1687,482,114,286,1,1,1
864,3,784,701,136,297,1,1,1
864,4,1304,562,139,294,1,1,1
864,5,553,737,234,461,1,1,1
864,7,1109,631,63,145,1,1,1
865,1,1036,628,101,231,1,1,1
865,2,1687,482,115,287,1,1,1
865,3,788,701,138,297,1,1,1
865,4,1307,562,137,295,1,1,1
865,5,549,738,228,460,1,1,1
865,7,1109,631,63,146,1,1,1
866,1,1038,627,98,230,1,1,1
866,2,1688,481,115,288,1,1,1
866,3,790,701,140,297,1,1,1
866,4,1309,561,135,296,1,1,1
866,5,544,739,221,459,1,1,1
866,7,1109,631,63,146,1,1,1
867,1,1039,627,103,232,1,1,1
867,2,1689,482,120,287,1,1,1
867,3,795,701,141,298,1,1,1
867,4,1312,561,132,295,1,1,1
867,5,542,741,224,457,1,1,1
867,7,1109,631,64,147,1,1,1
868,1,1041,627,105,232,1,1,1
868,2,1689,483,126,286,1,1,1
868,3,800,701,139,299,1,1,1
868,4,1314,560,130,295,1,1,1
868,5,539,743,227,455,1,1,1
868,7,1109,631,64,147,1,1,1
869,1,1042,626,109,234,1,1,1
869,2,1690,483,131,286,1,1,1
869,3,804,701,139,299,1,1,1
869,4,1317,559,127,294,1,1,1
869,5,536,745,231,453,1,1,1
869,7,1108,631,65,147,1,1,1
870,1,1043,626,113,235,1,1,1
870,2,1690,484,136,285,1,1,1
870,3,809,700,138,301,1,1,1
870,4,1320,559,124,293,1,1,1
870,5,533,747,234,451,1,1,1
870,7,1108,631,65,147,1,1,1
871,1,1044,625,115,236,1,1,1
871,2,1690,484,140,284,1,1,1
871,3,813,700,138,301,1,1,1
871,4,1322,557,121,292,1,1,1
871,5,530,748,236,448,1,1,1
871,7,1107,630,65,147,1,1,1
872,1,1047,624,121,237,1,1,1
872,2,1692,484,140,285,1,1,1
872,3,816,699,136,299,1,1,1
872,4,1324,558,120,290,1,1,1
872,5,528,750,239,448,1,1,1
872,7,1108,630,66,147,1,1,1
873,1,1050,623,125,237,1,1,1
873,2,1693,484,139,287,1,1,1
873,3,819,698,133,296,1,1,1
873,4,1326,557,118,288,1,1,1
873,5,525,752,243,446,1,1,1
873,7,1109,630,65,147,1,1,1
874,1,1053,623,129,236,1,1,1
874,2,1694,484,138,288,1,1,1
874,3,823,698,130,293,1,1,1
874,4,1327,557,118,286,1,1,1
874,5,522,753,246,445,1,1,1
874,7,1109,630,65,147,1,1,1
875,1,1055,622,134,237,1,1,1
875,2,1695,484,138,289,1,1,1
875,3,826,697,127,291,1,1,1
875,4,1329,557,117,284,1,1,1
875,5,520,755,248,443,1,1,1
875,7,1110,630,65,147,1,1,1
876,1,1057,621,138,236,1,1,1
876,2,1696,484,136,289,1,1,1
876,3,828,696,125,288,1,1,1
876,4,1330,556,115,281,1,1,1
876,5,517,756,251,442,1,1,1
876,7,1110,630,64,146,1,1,1
877,1,1060,621,139,237,1,1,1
877,2,1698,484,135,290,1,1,1
877,3,831,695,123,285,1,1,1
877,4,1332,556,115,282,1,1,1
877,5,514,757,250,441,1,1,1
877,7,1111,630,64,146,1,1,1
878,1,1063,621,138,236,1,1,1
878,2,1700,483,133,292,1,1,1
878,3,834,693,121,283,1,1,1
878,4,1333,556,114,282,1,1,1
878,5,510,758,250,440,1,1,1
878,7,1112,630,63,146,1,1,1
879,1,1065,621,139,236,1,1,1
879,2,1702,483,132,292,1,1,1
879,3,836,692,120,280,1,1,1
879,4,1335,555,113,282,1,1,1
879,5,507,759,249,439,1,1,1
879,7,1112,630,63,146,1,1,1
880,1,1067,621,140,236,1,1,1
880,2,1703,482,131,294,1,1,1
880,3,838,691,118,277,1,1,1
880,4,1337,554,111,283,1,1,1
880,5,503,760,249,438,1,1,1
880,7,1113,630,62,145,1,1,1
881,1,1069,621,139,235,1,1,1
881,2,1705,481,128,294,1,1,1
881,3,840,689,115,275,1,1,1
881,4,1338,553,110,282,1,1,1
881,5,500,760,247,436,1,1,1
881,7,1113,630,61,144,1,1,1
882,1,1073,619,137,235,1,1,1
882,2,1705,481,130,296,1,1,1
882,3,844,689,123,275,1,1,1
882,4,1339,553,111,283,1,1,1
882,5,496,760,238,439,1,1,1
882,7,1113,630,63,143,1,1,1
883,1,1076,617,135,235,1,1,1
883,2,1705,480,130,298,1,1,1
883,3,847,688,131,275,1,1,1
883,4,1340,552,110,283,1,1,1
883,5,492,759,229,441,1,1,1
883,7,1113,629,64,142,1,1,1
884,1,1079,615,133,235,1,1,1
884,2,1705,479,131,299,1,1,1
884,3,851,687,138,276,1,1,1
884,4,1341,551,110,283,1,1,1
884,5,488,758,220,443,1,1,1
884,7,1113,628,65,141,1,1,1
885,1,1083,612,130,235,1,1,1
885,2,1704,478,132,301,1,1,1
885,3,854,686,145,276,1,1,1
885,4,1342,550,110,283,1,1,1
885,5,484,758,211,445,1,1,1
885,7,1112,627,67,140,1,1,1
886,1,1085,610,128,234,1,1,1
886,2,1704,477,132,302,1,1,1
886,3,857,685,153,275,1,1,1
886,4,1342,548,110,283,1,1,1
886,5,479,757,202,446,1,1,1
886,7,1112,626,67,138,1,1,1
887,1,1089,609,125,234,1,1,1
887,2,1705,477,132,301,1,1,1
887,3,860,684,154,277,1,1,1
887,4,1345,548,108,283,1,1,1
887,5,478,758,200,447,1,1,1
888,1,1091,607,122,234,1,1,1
888,2,1707,477,130,299,1,1,1
888,3,864,682,154,278,1,1,1
888,4,1347,547,107,283,1,1,1
888,5,476,758,198,449,1,1,1
889,1,1094,605,119,234,1,1,1
889,2,1708,476,129,297,1,1,1
889,3,867,681,155,279,1,1,1
889,4,1349,547,105,282,1,1,1
889,5,473,758,198,450,1,1,1
890,1,1097,604,116,233,1,1,1
890,2,1709,476,128,295,1,1,1
890,3,870,679,157,281,1,1,1
890,4,1351,546,104,282,1,1,1
890,5,471,759,196,450,1,1,1
891,1,1100,602,112,232,1,1,1
891,2,1710,475,126,293,1,1,1
891,3,873,677,157,281,1,1,1
891,4,1353,544,102,281,1,1,1
891,5,469,759,193,451,1,1,1
892,1,1103,601,108,233,1,1,1
892,2,1713,475,123,298,1,1,1
892,3,878,676,153,281,1,1,1
892,4,1353,545,104,281,1,1,1
892,5,464,760,198,447,1,1,1
893,1,1106,600,105,234,1,1,1
893,2,1715,474,121,304,1,1,1
893,3,882,674,149,280,1,1,1
893,4,1353,546,105,279,1,1,1
893,5,459,762,201,442,1,1,1
894,1,1109,598,101,235,1,1,1
894,2,1718,473,118,309,1,1,1
894,3,886,673,145,279,1,1,1
894,4,1353,546,107,278,1,1,1
894,5,453,763,205,437,1,1,1
895,1,1111,597,98,236,1,1,1
895,2,1720,472,115,314,1,1,1
895,3,890,671,141,278,1,1,1
895,4,1353,547,109,276,1,1,1
895,5,448,764,209,433,1,1,1
896,1,1114,595,93,236,1,1,1
896,2,1722,471,112,318,1,1,1
896,3,893,669,136,277,1,1,1
896,4,1353,546,110,275,1,1,1
896,5,442,765,212,428,1,1,1
897,1,1117,595,93,237,1,1,1
897,2,1720,471,114,318,1,1,1
897,3,896,668,135,276,1,1,1
897,4,1352,547,110,275,1,1,1
897,5,438,767,217,428,1,1,1
898,1,1120,594,91,237,1,1,1
898,2,1718,471,115,318,1,1,1
898,3,898,667,133,274,1,1,1
898,4,1351,547,110,275,1,1,1
898,5,432,768,223,428,1,1,1
899,1,1123,593,90,237,1,1,1
899,2,1716,470,116,319,1,1,1
899,3,900,666,132,272,1,1,1
899,4,1351,547,109,275,1,1,1
899,5,427,769,228,429,1,1,1
900,1,1126,593,89,236,1,1,1
900,2,1714,470,117,318,1,1,1
900,3,902,664,130,272,1,1,1
900,4,1350,547,108,275,1,1,1
900,5,422,770,233,429,1,1,1
901,1,1128,591,87,236,1,1,1
901,2,1712,469,118,318,1,1,1
901,3,904,663,128,269,1,1,1
901,4,1348,546,108,275,1,1,1
901,5,416,771,238,428,1,1,1
902,1,1131,591,93,236,1,1,1
902,2,1709,470,121,319,1,1,1
902,3,907,662,125,269,1,1,1
902,4,1349,546,109,276,1,1,1
902,5,410,771,241,428,1,1,1
903,1,1134,589,97,237,1,1,1
903,2,1707,470,123,320,1,1,1
903,3,910,661,122,269,1,1,1
903,4,1348,545,110,277,1,1,1
903,5,404,771,243,427,1,1,1
904,1,1137,588,101,237,1,1,1
904,2,1704,471,125,320,1,1,1
904,3,913,660,118,269,1,1,1
904,4,1348,544,110,278,1,1,1
904,5,398,771,245,425,1,1,1
905,1,1140,587,106,237,1,1,1
905,2,1701,471,128,322,1,1,1
905,3,916,658,115,270,1,1,1
905,4,1347,544,112,278,1,1,1
905,5,392,771,247,424,1,1,1
906,1,1142,585,110,236,1,1,1
906,2,1697,471,130,322,1,1,1
906,3,918,657,112,269,1,1,1
906,4,1346,542,112,279,1,1,1
906,5,385,771,248,422,1,1,1
906,7,1114,616,57,144,1,1,1
907,1,1145,585,111,237,1,1,1
907,2,1697,471,132,323,1,1,1
907,3,921,656,115,270,1,1,1
907,4,1347,542,115,280,1,1,1
907,5,382,771,246,423,1,1,1
907,7,1114,616,58,145,1,1,1
908,1,1146,585,113,237,1,1,1
908,2,1695,470,134,324,1,1,1
908,3,924,656,117,270,1,1,1
908,4,1346,541,120,281,1,1,1
908,5,378,770,244,425,1,1,1
908,7,1113,616,59,145,1,1,1
909,1,1148,584,114,237,1,1,1
909,2,1694,470,135,324,1,1,1
909,3,927,655,120,271,1,1,1
909,4,1346,539,123,283,1,1,1
909,5,374,770,242,425,1,1,1
909,7,1113,615,59,147,1,1,1
910,1,1150,584,115,237,1,1,1
910,2,1692,470,138,325,1,1,1
910,3,930,654,122,272,1,1,1
910,4,1346,538,126,284,1,1,1
910,5,370,769,239,426,1,1,1
910,7,1112,615,61,147,1,1,1
911,1,1151,583,116,237,1,1,1
911,2,1690,469,139,325,1,1,1
911,3,932,653,124,272,1,1,1
911,4,1345,537,129,284,1,1,1
911,5,365,768,236,427,1,1,1
911,7,1111,614,61,147,1,1,1
912,1,1153,582,115,237,1,1,1
912,2,1690,469,141,325,1,1,1
912,3,935,653,126,272,1,1,1
912,4,1346,536,130,286,1,1,1
912,5,363,768,231,428,1,1,1
912,7,1111,614,62,147,1,1,1
913,1,1155,581,113,236,1,1,1
913,2,1688,469,144,325,1,1,1
913,3,938,652,127,273,1,1,1
913,4,1347,536,129,286,1,1,1
913,5,361,768,225,427,1,1,1
913,7,1111,614,62,147,1,1,1
914,1,1157,579,111,236,1,1,1
914,2,1687,468,146,325,1,1,1
914,3,940,651,129,274,1,1,1
914,4,1348,535,129,287,1,1,1
914,5,358,768,220,427,1,1,1
914,7,1111,614,62,146,1,1,1
915,1,1159,578,109,235,1,1,1
915,2,1686,468,148,325,1,1,1
915,3,943,650,130,274,1,1,1
915,4,1349,535,128,287,1,1,1
915,5,356,767,213,428,1,1,1
915,7,1111,613,62,147,1,1,1
916,1,1161,576,106,235,1,1,1
916,2,1685,467,149,324,1,1,1
916,3,945,649,130,274,1,1,1
916,4,1350,533,127,287,1,1,1
916,5,353,767,207,427,1,1,1
916,7,1110,613,61,146,1,1,1
917,1,1164,576,104,236,1,1,1
917,2,1686,467,145,326,1,1,1
917,3,948,648,129,274,1,1,1
917,4,1350,534,125,289,1,1,1
917,5,354,767,204,427,1,1,1
917,7,1111,613,62,146,1,1,1
918,1,1167,575,102,237,1,1,1
918,2,1686,467,141,327,1,1,1
918,3,951,647,127,273,1,1,1
918,4,1350,535,122,289,1,1,1
918,5,355,767,200,426,1,1,1
918,7,1111,612,62,147,1,1,1
919,1,1170,574,99,238,1,1,1
919,2,1687,466,137,329,1,1,1
919,3,954,646,124,272,1,1,1
919,4,1350,536,119,289,1,1,1
919,5,356,768,197,424,1,1,1
919,7,1111,612,62,146,1,1,1
920,1,1173,574,96,238,1,1,1
920,2,1687,466,133,330,1,1,1
920,3,957,644,122,272,1,1,1
920,4,1350,536,116,290,1,1,1
920,5,357,768,193,424,1,1,1
920,7,1111,611,62,147,1,1,1
921,1,1176,573,93,238,1,1,1
921,2,1688,465,128,331,1,1,1
921,3,959,643,120,270,1,1,1
921,4,1349,536,113,290,1,1,1
921,5,357,768,189,422,1,1,1
921,7,1111,611,62,146,1,1,1
922,1,1179,573,101,238,1,1,1
922,2,1690,465,125,334,1,1,1
922,3,962,642,118,269,1,1,1
922,4,1348,536,115,292,1,1,1
922,5,360,768,189,422,1,1,1
922,7,1111,611,63,146,1,1,1
923,1,1181,572,109,239,1,1,1
923,2,1692,466,121,336,1,1,1
923,3,965,640,114,269,1,1,1
923,4,1346,536,117,292,1,1,1
923,5,362,767,188,423,1,1,1
923,7,1111,610,63,147,1,1,1
924,1,1184,572,116,238,1,1,1
924,2,1693,466,119,338,1,1,1
924,3,967,639,112,267,1,1,1
924,4,1345,536,118,292,1,1,1
924,5,364,767,187,422,1,1,1
924,7,1111,610,63,147,1,1,1
925,1,1186,571,124,239,1,1,1
925,2,1695,467,115,340,1,1,1
925,3,970,638,109,266,1,1,1
925,4,1343,536,120,292,1,1,1
925,5,366,767,186,422,1,1,1
925,7,1111,609,63,148,1,1,1
926,1,1188,570,132,238,1,1,1
926,2,1696,466,111,342,1,1,1
926,3,972,636,105,265,1,1,1
926,4,1341,535,121,292,1,1,1
926,5,367,766,185,422,1,1,1
926,7,1111,609,62,147,1,1,1
927,1,1192,569,133,240,1,1,1
927,2,1698,466,111,345,1,1,1
927,3,975,636,110,265,1,1,1
927,4,1339,535,124,293,1,1,1
927,5,369,764,184,423,1,1,1
927,7,1111,609,63,147,1,1,1
928,1,1195,568,135,241,1,1,1
928,2,1698,465,112,346,1,1,1
928,3,978,636,113,265,1,1,1
928,4,1337,535,126,293,1,1,1
928,5,370,762,183,423,1,1,1
928,7,1111,608,62,148,1,1,1
929,1,1199,567,135,242,1,1,1
929,2,1699,464,111,348,1,1,1
929,3,980,635,117,265,1,1,1
929,4,1335,535,128,293,1,1,1
929,5,372,761,180,422,1,1,1
929,7,1111,608,62,149,1,1,1
930,1,1202,566,137,243,1,1,1
930,2,1700,463,111,349,1,1,1
930,3,983,635,120,265,1,1,1
930,4,1333,535,129,293,1,1,1
930,5,373,759,179,422,1,1,1
930,7,1111,608,61,149,1,1,1
931,1,1205,565,137,244,1,1,1
931,2,1700,461,111,351,1,1,1
931,3,985,634,123,264,1,1,1
931,4,1331,534,131,293,1,1,1
931,5,374,756,177,422,1,1,1
931,7,1111,607,60,149,1,1,1
932,1,1209,564,135,244,1,1,1
932,2,1701,461,112,351,1,1,1
932,3,988,634,122,264,1,1,1
932,4,1329,536,133,293,1,1,1
932,5,375,756,176,420,1,1,1
932,7,1112,608,59,148,1,1,1
933,1,1213,563,131,244,1,1,1
933,2,1701,460,112,352,1,1,1
933,3,991,634,121,263,1,1,1
933,4,1327,537,134,292,1,1,1
933,5,376,756,175,418,1,1,1
933,7,1113,608,58,147,1,1,1
934,1,1217,562,128,245,1,1,1
934,2,1701,460,113,351,1,1,1
934,3,993,633,120,263,1,1,1
934,4,1325,538,136,291,1,1,1
934,5,378,756,173,415,1,1,1
934,7,1114,608,57,145,1,1,1
935,1,1221,562,125,244,1,1,1
935,2,1701,459,114,351,1,1,1
935,3,996,633,118,262,1,1,1
935,4,1323,538,137,291,1,1,1
935,5,379,755,172,413,1,1,1
935,7,1115,608,56,144,1,1,1
936,1,1225,560,121,244,1,1,1
936,2,1701,458,114,351,1,1,1
936,3,998,632,116,261,1,1,1
936,4,1321,539,138,290,1,1,1
936,5,379,754,171,410,1,1,1
936,7,1115,608,54,142,1,1,1
937,1,1228,559,119,245,1,1,1
937,2,1701,458,114,351,1,1,1
937,3,1001,632,114,262,1,1,1
937,4,1317,541,142,290,1,1,1
937,5,380,755,171,406,1,1,1
937,7,1115,610,56,141,1,1,1
938,1,1232,557,115,245,1,1,1
938,2,1701,458,114,351,1,1,1
938,3,1004,631,111,263,1,1,1
938,4,1313,542,146,290,1,1,1
938,5,380,754,170,402,1,1,1
938,7,1115,611,56,141,1,1,1
939,1,1235,556,113,245,1,1,1
939,2,1700,458,114,351,1,1,1
939,3,1007,631,108,262,1,1,1
939,4,1309,544,150,289,1,1,1
939,5,380,754,170,397,1,1,1
939,7,1115,612,57,140,1,1,1
940,1,1238,554,110,246,1,1,1
940,2,1700,458,114,351,1,1,1
940,3,1009,630,106,263,1,1,1
940,4,1305,545,154,290,1,1,1
940,5,381,754,168,392,1,1,1
940,7,1115,613,57,139,1,1,1
941,1,1241,552,107,246,1,1,1
941,2,1700,458,113,350,1,1,1
941,3,1011,629,103,263,1,1,1
941,4,1301,546,157,289,1,1,1
941,5,380,753,167,388,1,1,1
941,7,1114,614,58,138,1,1,1
942,1,1245,552,105,247,1,1,1
942,2,1696,459,117,350,1,1,1
942,3,1014,629,104,264,1,1,1
942,4,1299,547,153,289,1,1,1
942,5,381,754,169,388,1,1,1
942,7,1114,613,59,139,1,1,1
943,1,1248,551,103,248,1,1,1
943,2,1692,459,121,350,1,1,1
943,3,1016,627,104,265,1,1,1
943,4,1296,548,150,288,1,1,1
943,5,382,754,168,388,1,1,1
943,7,1114,612,58,141,1,1,1
944,1,1251,551,101,248,1,1,1
944,2,1688,459,125,351,1,1,1
944,3,1018,626,104,266,1,1,1
944,4,1294,549,145,287,1,1,1
944,5,382,754,169,389,1,1,1
944,7,1114,611,58,142,1,1,1
945,1,1254,550,99,249,1,1,1
945,2,1684,459,129,352,1,1,1
945,3,1020,625,104,267,1,1,1
945,4,1291,549,142,287,1,1,1
945,5,383,754,169,389,1,1,1
945,7,1114,610,58,143,1,1,1
946,1,1256,550,97,248,1,1,1
946,2,1680,459,131,351,1,1,1
946,3,1022,623,104,268,1,1,1
946,4,1288,550,137,286,1,1,1
946,5,383,754,169,388,1,1,1
946,7,1113,608,58,144,1,1,1
947,2,1681,461,131,351,1,1,1
947,3,1026,624,110,268,1,1,1
947,4,1285,551,133,287,1,1,1
947,5,384,755,168,388,1,1,1
947,7,1114,609,58,144,1,1,1
948,2,1681,463,131,349,1,1,1
948,3,1030,624,115,268,1,1,1
948,4,1282,552,127,289,1,1,1
948,5,385,756,167,387,1,1,1
948,7,1114,609,58,145,1,1,1
949,2,1681,465,131,347,1,1,1
949,3,1034,624,121,268,1,1,1
949,4,1278,553,122,290,1,1,1
949,5,385,757,167,386,1,1,1
949,7,1113,609,59,145,1,1,1
950,2,1681,466,131,347,1,1,1
950,3,1038,624,126,268,1,1,1
950,4,1275,554,116,291,1,1,1
950,5,386,758,166,385,1,1,1
950,7,1113,609,60,145,1,1,1
951,2,1680,467,130,345,1,1,1
951,3,1041,623,132,267,1,1,1
951,4,1271,554,110,292,1,1,1
951,5,386,759,164,383,1,1,1
951,7,1113,609,59,145,1,1,1
952,2,1680,469,132,345,1,1,1
952,3,1045,624,131,268,1,1,1
952,4,1266,557,117,293,1,1,1
952,5,387,760,164,381,1,1,1
952,7,1114,610,59,145,1,1,1
953,2,1680,470,132,344,1,1,1
953,3,1049,624,130,269,1,1,1
953,4,1260,559,124,293,1,1,1
953,5,388,760,164,380,1,1,1
953,7,1115,610,59,145,1,1,1
954,2,1679,471,134,344,1,1,1
954,3,1053,625,128,268,1,1,1
954,4,1255,560,130,294,1,1,1
954,5,388,760,164,378,1,1,1
954,7,1115,611,60,144,1,1,1
955,2,1678,472,135,343,1,1,1
955,3,1057,625,126,269,1,1,1
955,4,1250,562,136,294,1,1,1
955,5,389,760,163,376,1,1,1
955,7,1116,611,59,145,1,1,1
956,1,1294,553,113,246,1,1,1
956,2,1677,472,135,342,1,1,1
956,3,1060,625,125,269,1,1,1
956,4,1244,564,142,294,1,1,1
956,5,389,760,163,373,1,1,1
956,7,1116,611,59,144,1,1,1
957,1,1298,553,111,248,1,1,1
957,2,1676,475,138,344,1,1,1
957,3,1065,624,122,269,1,1,1
957,4,1239,566,148,296,1,1,1
957,5,391,760,164,371,1,1,1
957,7,1118,613,59,144,1,1,1
958,1,1301,551,109,251,1,1,1
958,2,1675,478,140,344,1,1,1
958,3,1069,623,120,270,1,1,1
958,4,1234,568,153,297,1,1,1
958,5,392,760,165,368,1,1,1
958,7,1119,614,59,144,1,1,1
959,1,1305,550,107,253,1,1,1
959,2,1673,480,143,345,1,1,1
959,3,1073,622,117,270,1,1,1
959,4,1230,570,158,299,1,1,1
959,5,393,760,166,365,1,1,1
959,7,1120,614,58,146,1,1,1
960,1,1309,549,104,255,1,1,1
960,2,1672,483,145,345,1,1,1
960,3,1077,621,115,271,1,1,1
960,4,1225,572,163,300,1,1,1
960,5,394,759,168,362,1,1,1
960,7,1121,615,58,146,1,1,1
961,1,1312,548,102,256,1,1,1
961,2,1670,485,146,346,1,1,1
961,3,1081,620,112,270,1,1,1
961,4,1220,573,168,302,1,1,1
961,5,395,758,168,358,1,1,1
961,7,1121,616,57,146,1,1,1
962,1,1316,547,104,258,1,1,1
962,2,1667,485,150,346,1,1,1
962,3,1084,619,110,269,1,1,1
962,4,1217,573,165,302,1,1,1
962,5,398,758,174,360,1,1,1
962,7,1122,616,58,145,1,1,1
963,1,1320,546,104,259,1,1,1
963,2,1664,486,153,345,1,1,1
963,3,1086,618,109,267,1,1,1
963,4,1214,574,162,300,1,1,1
963,5,400,758,181,361,1,1,1
963,7,1122,616,59,145,1,1,1
964,1,1324,545,105,261,1,1,1
964,2,1661,486,155,345,1,1,1
964,3,1089,617,107,264,1,1,1
964,4,1212,574,158,300,1,1,1
964,5,402,757,187,362,1,1,1
964,7,1122,615,60,145,1,1,1
965,1,1328,544,105,262,1,1,1
965,2,1657,487,159,343,1,1,1
965,3,1091,616,105,262,1,1,1
965,4,1209,574,155,299,1,1,1
965,5,404,757,194,363,1,1,1
965,7,1122,615,61,144,1,1,1
966,1,1332,543,106,263,1,1,1
966,2,1654,487,161,343,1,1,1
966,3,1094,615,103,260,1,1,1
966,4,1206,574,152,298,1,1,1
966,5,406,756,200,364,1,1,1
966,7,1122,615,62,143,1,1,1
966,9,1713,481,60,161,1,1,1
967,1,1337,542,113,264,1,1,1
967,2,1651,488,156,343,1,1,1
967,3,1098,614,106,261,1,1,1
967,4,1205,574,147,298,1,1,1
967,5,410,755,203,364,1,1,1
967,9,1715,481,59,161,1,1,1
968,1,1341,542,121,264,1,1,1
968,2,1648,489,151,344,1,1,1
968,3,1102,614,108,261,1,1,1
968,4,1204,573,142,298,1,1,1
968,5,415,753,206,364,1,1,1
968,9,1717,481,59,161,1,1,1
969,1,1346,541,127,265,1,1,1
969,2,1646,489,145,345,1,1,1
969,3,1106,613,111,262,1,1,1
969,4,1203,573,137,298,1,1,1
969,5,419,752,209,364,1,1,1
969,9,1718,481,59,161,1,1,1
970,1,1350,540,135,266,1,1,1
970,2,1643,490,139,346,1,1,1
970,3,1110,612,113,263,1,1,1
970,4,1202,573,132,297,1,1,1
970,5,424,751,211,363,1,1,1
970,9,1720,481,58,161,1,1,1
971,1,1354,539,142,266,1,1,1
971,2,1640,490,134,346,1,1,1
971,3,1113,611,115,263,1,1,1
971,4,1201,572,126,296,1,1,1
971,5,428,749,214,363,1,1,1
971,9,1721,481,57,160,1,1,1
972,1,1360,538,140,267,1,1,1
972,2,1638,491,134,348,1,1,1
972,3,1118,610,112,263,1,1,1
972,4,1202,572,126,297,1,1,1
972,5,434,748,211,363,1,1,1
972,9,1723,481,58,161,1,1,1
973,1,1365,537,139,267,1,1,1
973,2,1635,492,134,349,1,1,1
973,3,1122,609,109,262,1,1,1
973,4,1202,572,126,297,1,1,1
973,5,439,746,208,363,1,1,1
973,9,1724,481,58,160,1,1,1
974,1,1370,536,138,268,1,1,1
974,2,1633,493,133,351,1,1,1
974,3,1125,608,106,260,1,1,1
974,4,1203,572,124,297,1,1,1
974,5,445,745,204,362,1,1,1
974,9,1725,481,59,160,1,1,1
975,1,1375,535,136,268,1,1,1
975,2,1630,493,134,353,1,1,1
975,3,1129,607,102,259,1,1,1
975,4,1203,572,124,296,1,1,1
975,5,450,744,201,361,1,1,1
975,9,1726,481,59,160,1,1,1
976,1,1380,534,134,268,1,1,1
976,2,1627,493,133,354,1,1,1
976,3,1133,605,98,258,1,1,1
976,4,1203,571,123,296,1,1,1
976,5,455,742,197,360,1,1,1
976,9,1727,480,59,160,1,1,1
977,1,1385,532,131,269,1,1,1
977,2,1623,495,139,352,1,1,1
977,3,1136,604,101,259,1,1,1
977,4,1205,571,124,297,1,1,1
977,5,462,739,193,360,1,1,1
977,9,1728,480,59,160,1,1,1
978,1,1389,529,128,270,1,1,1
978,2,1619,496,144,351,1,1,1
978,3,1140,602,101,260,1,1,1
978,4,1206,570,125,298,1,1,1
978,5,468,737,188,359,1,1,1
978,9,1728,479,60,161,1,1,1
979,1,1393,527,125,270,1,1,1
979,2,1614,497,150,349,1,1,1
979,3,1143,601,103,261,1,1,1
979,4,1208,570,124,297,1,1,1
979,5,474,734,184,358,1,1,1
979,9,1729,478,60,161,1,1,1
980,1,1397,525,122,271,1,1,1
980,2,1610,498,155,348,1,1,1
980,3,1146,599,105,262,1,1,1
980,4,1209,569,125,298,1,1,1
980,5,480,731,179,358,1,1,1
980,9,1730,478,59,161,1,1,1
981,1,1400,522,119,272,1,1,1
981,2,1605,499,160,346,1,1,1
981,3,1149,597,106,262,1,1,1
981,4,1210,568,125,298,1,1,1
981,5,486,727,174,357,1,1,1
981,9,1730,476,59,161,1,1,1
982,1,1404,520,117,275,1,1,1
982,2,1604,499,161,347,1,1,1
982,3,1152,596,112,264,1,1,1
982,4,1212,568,124,297,1,1,1
982,5,490,725,171,355,1,1,1
982,9,1732,477,59,161,1,1,1
983,1,1407,519,114,276,1,1,1
983,2,1602,499,163,349,1,1,1
983,3,1156,596,116,263,1,1,1
983,4,1213,568,122,296,1,1,1
983,5,495,723,166,352,1,1,1
983,9,1733,477,59,161,1,1,1
984,1,1411,517,111,279,1,1,1
984,2,1600,499,165,350,1,1,1
984,3,1159,595,121,264,1,1,1
984,4,1214,568,121,294,1,1,1
984,5,499,720,162,350,1,1,1
984,9,1735,476,58,162,1,1,1
985,1,1414,515,108,282,1,1,1
985,2,1598,499,166,351,1,1,1
985,3,1162,594,127,265,1,1,1
985,4,1216,567,118,293,1,1,1
985,5,504,718,158,347,1,1,1
985,9,1736,476,58,162,1,1,1
986,1,1416,513,105,283,1,1,1
986,2,1596,498,167,352,1,1,1
986,3,1165,593,131,264,1,1,1
986,4,1216,566,116,291,1,1,1
986,5,508,715,154,345,1,1,1
986,7,1140,602,64,146,1,1,1
986,9,1737,476,58,161,1,1,1
987,1,1420,513,106,285,1,1,1
987,2,1593,498,164,353,1,1,1
987,3,1170,592,127,265,1,1,1
987,4,1218,567,116,292,1,1,1
987,5,512,714,151,343,1,1,1
987,7,1141,602,64,146,1,1,1
987,9,1738,476,59,162,1,1,1
988,1,1422,513,107,286,1,1,1
988,2,1590,498,161,353,1,1,1
988,3,1174,591,124,264,1,1,1
988,4,1218,566,117,294,1,1,1
988,5,516,713,148,341,1,1,1
988,7,1142,602,63,146,1,1,1
988,9,1739,476,59,163,1,1,1
989,1,1425,514,107,285,1,1,1
989,2,1586,498,158,354,1,1,1
989,3,1178,590,120,264,1,1,1
989,4,1219,566,116,294,1,1,1
989,5,520,711,144,341,1,1,1
989,7,1142,601,62,146,1,1,1
989,9,1740,476,59,163,1,1,1
990,1,1428,514,108,286,1,1,1
990,2,1583,498,155,354,1,1,1
990,3,1182,589,116,263,1,1,1
990,4,1220,566,116,295,1,1,1
990,5,524,710,141,339,1,1,1
990,7,1143,601,61,146,1,1,1
990,9,1740,475,60,164,1,1,1
991,1,1430,513,108,287,1,1,1
991,2,1579,497,151,354,1,1,1
991,3,1186,587,112,262,1,1,1
991,4,1220,565,116,295,1,1,1
991,5,528,709,138,337,1,1,1
991,7,1143,600,60,145,1,1,1
991,9,1741,475,59,164,1,1,1
992,1,1433,514,109,288,1,1,1
992,2,1574,499,149,353,1,1,1
992,3,1188,588,111,262,1,1,1
992,4,1221,565,116,296,1,1,1
992,5,532,709,141,337,1,1,1
992,7,1144,601,60,146,1,1,1
992,9,1742,475,59,164,1,1,1
993,1,1435,514,109,289,1,1,1
993,2,1568,500,147,353,1,1,1
993,3,1190,588,109,262,1,1,1
993,4,1222,565,116,296,1,1,1
993,5,537,709,142,337,1,1,1
993,7,1145,601,60,146,1,1,1
993,9,1743,475,58,164,1,1,1
994,1,1437,514,110,290,1,1,1
994,2,1562,501,145,352,1,1,1
994,3,1192,588,107,261,1,1,1
994,4,1222,565,117,296,1,1,1
994,5,541,708,145,338,1,1,1
994,7,1146,601,59,146,1,1,1
994,9,1743,475,58,164,1,1,1
995,1,1440,514,110,291,1,1,1
995,2,1556,502,142,351,1,1,1
995,3,1194,588,106,261,1,1,1
995,4,1223,565,117,296,1,1,1
995,5,546,708,146,338,1,1,1
995,7,1146,601,60,146,1,1,1
995,9,1744,475,58,163,1,1,1
996,1,1441,513,111,291,1,1,1
996,2,1550,502,139,350,1,1,1
996,3,1195,587,104,261,1,1,1
996,4,1223,564,117,296,1,1,1
996,5,550,707,148,337,1,1,1
996,7,1147,600,58,146,1,1,1
996,9,1744,475,57,163,1,1,1
997,1,1444,513,110,293,1,1,1
997,2,1547,504,140,349,1,1,1
997,3,1197,587,104,262,1,1,1
997,4,1223,565,118,295,1,1,1
997,5,554,708,149,336,1,1,1
997,7,1148,601,59,146,1,1,1
997,9,1745,475,58,163,1,1,1
998,1,1446,512,109,294,1,1,1
998,2,1544,505,139,348,1,1,1
998,3,1198,586,103,263,1,1,1
998,4,1223,564,118,296,1,1,1
998,5,558,708,148,334,1,1,1
998,7,1148,601,59,146,1,1,1
998,9,1746,476,57,162,1,1,1
999,1,1448,511,107,296,1,1,1
999,2,1541,505,139,348,1,1,1
999,3,1199,586,103,263,1,1,1
999,4,1223,564,118,295,1,1,1
999,5,561,707,149,333,1,1,1
999,7,1149,601,59,146,1,1,1
999,9,1746,476,58,162,1,1,1
1000,1,1450,510,106,297,1,1,1
1000,2,1537,506,139,347,1,1,1
1000,3,1200,585,103,264,1,1,1
1000,4,1223,564,118,295,1,1,1
1000,5,565,707,149,331,1,1,1
1000,7,1149,601,60,146,1,1,1
1000,9,1746,476,59,162,1,1,1
1001,1,1452,509,104,297,1,1,1
1001,2,1534,507,138,345,1,1,1
1001,3,1200,584,103,265,1,1,1
1001,4,1222,563,118,294,1,1,1
1001,5,568,707,149,328,1,1,1
1001,7,1150,600,59,146,1,1,1
1001,9,1746,476,58,161,1,1,1
1002,1,1454,509,108,298,1,1,1
1002,2,1534,508,139,344,1,1,1
1002,3,1201,584,103,265,1,1,1
1002,4,1223,564,119,294,1,1,1
1002,5,572,706,146,326,1,1,1
1002,7,1150,600,59,147,1,1,1
1002,9,1748,476,58,162,1,1,1
1003,1,1455,508,113,299,1,1,1
1003,2,1533,509,141,343,1,1,1
1003,3,1202,584,102,264,1,1,1
1003,4,1224,563,119,295,1,1,1
1003,5,575,704,144,324,1,1,1
1003,7,1151,600,58,147,1,1,1
1003,9,1748,476,58,162,1,1,1
1004,1,1457,507,116,300,1,1,1
1004,2,1533,511,141,341,1,1,1
1004,3,1203,583,101,264,1,1,1
1004,4,1225,563,118,295,1,1,1
1004,5,578,702,141,322,1,1,1
1004,7,1151,600,58,146,1,1,1
1004,9,1749,476,57,162,1,1,1
1005,1,1459,507,120,299,1,1,1
1005,2,1533,512,142,339,1,1,1
1005,3,1204,583,100,263,1,1,1
1005,4,1225,563,119,295,1,1,1
1005,5,582,701,137,319,1,1,1
1005,7,1151,600,59,146,1,1,1
1005,9,1750,476,57,162,1,1,1
1006,1,1460,506,123,300,1,1,1
1006,2,1532,512,142,338,1,1,1
1006,3,1204,582,98,262,1,1,1
1006,4,1226,562,118,294,1,1,1
1006,5,584,699,134,316,1,1,1
1006,7,1151,599,58,145,1,1,1
1006,9,1750,475,56,162,1,1,1
1007,1,1462,506,126,300,1,1,1
1007,2,1532,513,142,338,1,1,1
1007,3,1204,583,99,263,1,1,1
1007,4,1226,563,118,295,1,1,1
1007,5,587,699,136,315,1,1,1
1007,7,1152,600,58,145,1,1,1
1007,9,1751,476,56,162,1,1,1
1008,1,1463,506,128,301,1,1,1
1008,2,1531,514,142,338,1,1,1
1008,3,1204,584,99,262,1,1,1
1008,4,1227,563,117,295,1,1,1
1008,5,589,698,138,314,1,1,1
1008,7,1152,600,58,145,1,1,1
1008,9,1750,476,57,161,1,1,1
1009,1,1465,505,129,302,1,1,1
1009,2,1531,514,140,338,1,1,1
1009,3,1204,584,98,263,1,1,1
1009,4,1227,563,117,296,1,1,1
1009,5,591,698,140,312,1,1,1
1009,7,1153,600,57,145,1,1,1
1009,9,1750,476,57,161,1,1,1
1010,1,1466,505,132,302,1,1,1
1010,2,1530,515,140,337,1,1,1
1010,3,1204,585,98,262,1,1,1
1010,4,1227,563,117,296,1,1,1
1010,5,593,697,142,312,1,1,1
1010,7,1153,600,58,145,1,1,1
1010,9,1750,476,57,161,1,1,1
1011,1,1467,504,133,302,1,1,1
1011,2,1529,515,139,336,1,1,1
1011,3,1203,585,97,261,1,1,1
1011,4,1227,563,116,296,1,1,1
1011,5,595,696,143,310,1,1,1
1011,7,1153,600,57,145,1,1,1
1011,9,1750,476,57,160,1,1,1
1012,1,1470,504,133,303,1,1,1
1012,2,1526,516,139,336,1,1,1
1012,3,1203,585,98,262,1,1,1
1012,4,1227,563,117,296,1,1,1
1012,5,599,696,148,310,1,1,1
1012,7,1153,600,57,145,1,1,1
1012,9,1750,476,57,161,1,1,1
1013,1,1472,504,132,303,1,1,1
1013,2,1523,517,137,334,1,1,1
1013,3,1203,584,98,263,1,1,1
1013,4,1227,563,117,295,1,1,1
1013,5,602,695,153,310,1,1,1
1013,7,1153,600,57,146,1,1,1
1013,9,1750,476,56,161,1,1,1
1014,1,1474,504,131,303,1,1,1
1014,2,1520,518,136,333,1,1,1
1014,3,1203,583,98,264,1,1,1
1014,4,1227,563,117,294,1,1,1
1014,5,606,694,158,310,1,1,1
1014,7,1153,600,57,146,1,1,1
1014,9,1750,476,55,161,1,1,1
1015,1,1476,504,131,303,1,1,1
1015,2,1517,518,134,332,1,1,1
1015,3,1202,582,99,265,1,1,1
1015,4,1227,563,116,294,1,1,1
1015,5,609,693,164,310,1,1,1
1015,7,1153,600,57,146,1,1,1
1015,9,1749,476,56,161,1,1,1
1016,1,1477,503,130,304,1,1,1
1016,2,1513,519,133,330,1,1,1
1016,3,1201,580,99,265,1,1,1
1016,4,1227,562,115,293,1,1,1
1016,5,612,691,168,310,1,1,1
1016,7,1152,600,57,146,1,1,1
1016,9,1749,475,55,161,1,1,1
1017,2,1510,520,129,331,1,1,1
1017,3,1201,581,100,265,1,1,1
1017,4,1228,562,115,294,1,1,1
1017,5,616,691,168,311,1,1,1
1017,7,1152,600,57,146,1,1,1
1017,9,1750,476,54,162,1,1,1
1018,2,1507,520,125,331,1,1,1
1018,3,1201,581,100,264,1,1,1
1018,4,1228,562,114,294,1,1,1
1018,5,619,691,168,310,1,1,1
1018,7,1151,599,58,146,1,1,1
1018,9,1750,475,54,163,1,1,1
1019,2,1504,520,121,332,1,1,1
1019,3,1200,581,101,264,1,1,1
1019,4,1229,562,113,294,1,1,1
1019,5,623,691,166,310,1,1,1
1019,7,1150,599,58,146,1,1,1
1019,9,1750,475,54,163,1,1,1
1020,2,1501,520,117,333,1,1,1
1020,3,1200,581,101,263,1,1,1
1020,4,1229,562,112,294,1,1,1
1020,5,626,691,166,309,1,1,1
1020,7,1150,598,58,146,1,1,1
1020,9,1751,475,52,163,1,1,1
1021,2,1497,520,112,332,1,1,1
1021,3,1198,581,102,262,1,1,1
1021,4,1229,561,111,294,1,1,1
1021,5,629,690,165,309,1,1,1
1021,7,1148,597,58,145,1,1,1
1021,9,1751,475,52,162,1,1,1
1022,2,1494,521,116,333,1,1,1
1022,3,1199,581,102,263,1,1,1
1022,4,1229,561,110,295,1,1,1
1022,5,633,689,161,309,1,1,1
1022,7,1148,598,58,145,1,1,1
1022,9,1750,475,53,162,1,1,1
1023,2,1491,522,118,333,1,1,1
1023,3,1199,581,102,262,1,1,1
1023,4,1228,560,110,296,1,1,1
1023,5,636,687,157,308,1,1,1
1023,7,1148,598,57,144,1,1,1
1023,9,1748,475,54,162,1,1,1
1024,2,1487,523,121,333,1,1,1
1024,3,1199,581,101,262,1,1,1
1024,4,1227,560,110,295,1,1,1
1024,5,639,685,154,308,1,1,1
1024,7,1147,598,57,143,1,1,1
1024,9,1747,474,54,163,1,1,1
1025,2,1484,523,123,333,1,1,1
1025,3,1199,581,101,262,1,1,1
1025,4,1227,559,109,296,1,1,1
1025,5,642,684,150,306,1,1,1
1025,7,1147,598,56,142,1,1,1
1025,9,1745,474,56,163,1,1,1
1026,2,1480,523,126,333,1,1,1
1026,3,1198,580,101,261,1,1,1
1026,4,1226,558,108,296,1,1,1
1026,5,645,681,145,305,1,1,1
1026,7,1146,598,56,141,1,1,1
1026,9,1743,473,56,162,1,1,1
1027,2,1477,525,128,333,1,1,1
1027,3,1199,581,101,262,1,1,1
1027,4,1226,558,108,297,1,1,1
1027,5,649,681,142,303,1,1,1
1027,7,1146,598,56,141,1,1,1
1027,9,1743,474,56,162,1,1,1
1028,2,1475,525,130,333,1,1,1
1028,3,1199,581,102,262,1,1,1
1028,4,1226,558,108,297,1,1,1
1028,5,652,680,137,301,1,1,1
1028,7,1145,597,56,142,1,1,1
1028,9,1743,474,56,162,1,1,1
1029,2,1472,526,132,332,1,1,1
1029,3,1199,582,102,261,1,1,1
1029,4,1226,558,107,296,1,1,1
1029,5,655,679,133,298,1,1,1
1029,7,1145,596,56,143,1,1,1
1029,9,1743,474,55,162,1,1,1
1030,2,1469,526,134,332,1,1,1
1030,3,1199,582,103,262,1,1,1
1030,4,1226,558,107,296,1,1,1
1030,5,658,678,129,296,1,1,1
1030,7,1144,595,56,145,1,1,1
1030,9,1742,474,56,162,1,1,1
1031,1,1514,490,101,316,1,1,1
1031,2,1466,527,135,331,1,1,1
1031,3,1198,582,103,261,1,1,1
1031,4,1226,557,106,296,1,1,1
1031,5,661,676,125,294,1,1,1
1031,7,1143,594,56,144,1,1,1
1031,9,1741,473,55,161,1,1,1
1032,1,1514,490,101,319,1,1,1
1032,2,1464,527,137,331,1,1,1
1032,4,1225,557,107,297,1,1,1
1032,5,664,675,122,295,1,1,1
1032,7,1143,595,56,145,1,1,1
1032,9,1740,474,56,162,1,1,1
1033,1,1512,490,102,320,1,1,1
1033,2,1462,526,138,332,1,1,1
1033,4,1225,556,106,297,1,1,1
1033,5,667,674,119,295,1,1,1
1033,7,1143,594,56,146,1,1,1
1033,9,1739,474,56,162,1,1,1
1034,1,1511,490,102,322,1,1,1
1034,2,1459,526,140,332,1,1,1
1034,4,1224,556,106,297,1,1,1
1034,5,670,673,116,295,1,1,1
1034,7,1142,594,56,146,1,1,1
1034,9,1737,474,57,162,1,1,1
1035,1,1510,489,102,324,1,1,1
1035,2,1457,525,141,333,1,1,1
1035,4,1223,555,106,297,1,1,1
1035,5,673,672,112,295,1,1,1
1035,7,1141,594,56,146,1,1,1
1035,9,1736,474,57,162,1,1,1
1036,1,1509,488,101,325,1,1,1
1036,2,1454,525,142,333,1,1,1
1036,4,1222,554,106,297,1,1,1
1036,5,675,670,109,295,1,1,1
1036,7,1140,593,55,146,1,1,1
1036,9,1734,474,57,162,1,1,1
1037,1,1510,489,104,327,1,1,1
1037,2,1451,525,144,333,1,1,1
1037,4,1223,555,105,296,1,1,1
1037,5,678,670,116,296,1,1,1
1037,7,1140,593,56,147,1,1,1
1037,9,1734,474,57,162,1,1,1
1038,1,1510,490,107,327,1,1,1
1038,2,1447,525,145,333,1,1,1
1038,4,1223,555,104,296,1,1,1
1038,5,681,669,122,297,1,1,1
1038,7,1139,593,56,147,1,1,1
1038,9,1733,475,57,161,1,1,1
1039,1,1510,490,109,328,1,1,1
1039,2,1443,525,147,333,1,1,1
1039,4,1224,555,102,296,1,1,1
1039,5,683,669,129,297,1,1,1
1039,7,1138,593,56,146,1,1,1
1039,9,1732,475,57,161,1,1,1
1040,1,1510,490,112,329,1,1,1
1040,2,1439,525,148,332,1,1,1
1040,4,1224,555,102,295,1,1,1
1040,5,686,668,135,298,1,1,1
1040,7,1138,593,56,146,1,1,1
1040,9,1732,475,56,161,1,1,1
1041,1,1510,490,114,329,1,1,1
1041,2,1435,525,148,332,1,1,1
1041,4,1225,554,100,295,1,1,1
1041,5,688,667,141,297,1,1,1
1041,7,1136,592,55,146,1,1,1
1041,9,1730,475,55,160,1,1,1
1042,1,1507,490,117,331,1,1,1
1042,2,1433,525,146,332,1,1,1
1042,4,1224,554,100,296,1,1,1
1042,5,691,667,142,296,1,1,1
1042,7,1136,592,57,147,1,1,1
1042,9,1731,474,56,161,1,1,1
1043,1,1504,489,120,332,1,1,1
1043,2,1431,524,142,333,1,1,1
1043,4,1223,553,99,296,1,1,1
1043,5,695,666,141,295,1,1,1
1043,7,1136,592,56,146,1,1,1
1043,9,1731,473,56,161,1,1,1
1044,1,1501,488,122,333,1,1,1
1044,2,1428,524,140,332,1,1,1
1044,4,1222,553,99,296,1,1,1
1044,5,698,665,141,294,1,1,1
1044,7,1136,591,56,146,1,1,1
1044,9,1731,472,55,161,1,1,1
1045,1,1498,487,125,335,1,1,1
1045,2,1426,524,136,332,1,1,1
1045,4,1221,552,98,297,1,1,1
1045,5,701,665,142,291,1,1,1
1045,7,1135,591,57,146,1,1,1
1045,9,1731,472,55,161,1,1,1
1046,1,1494,486,127,336,1,1,1
1046,2,1423,523,133,331,1,1,1
1046,4,1219,551,98,297,1,1,1
1046,5,704,663,141,290,1,1,1
1046,7,1134,590,56,145,1,1,1
1046,9,1730,470,55,161,1,1,1
1047,1,1499,485,125,336,1,1,1
1047,2,1421,524,133,331,1,1,1
1047,4,1217,551,102,298,1,1,1
1047,5,708,662,137,289,1,1,1
1047,7,1134,590,57,146,1,1,1
1047,9,1731,470,54,161,1,1,1
1048,1,1503,483,123,338,1,1,1
1048,2,1418,524,132,331,1,1,1
1048,4,1215,551,105,298,1,1,1
1048,5,711,660,133,288,1,1,1
1048,7,1133,589,58,146,1,1,1
1048,9,1731,470,54,161,1,1,1
1049,1,1507,482,120,338,1,1,1
1049,2,1415,524,132,330,1,1,1
1049,4,1213,551,109,298,1,1,1
1049,5,714,658,129,286,1,1,1
1049,7,1132,589,59,146,1,1,1
1049,9,1731,469,53,162,1,1,1
1050,1,1511,480,118,339,1,1,1
1050,2,1412,525,132,329,1,1,1
1050,4,1211,551,112,298,1,1,1
1050,5,718,656,124,285,1,1,1
1050,7,1131,588,59,147,1,1,1
1050,9,1731,469,52,161,1,1,1
1051,1,1515,478,114,339,1,1,1
1051,2,1409,525,131,328,1,1,1
1051,4,1209,550,114,298,1,1,1
1051,5,721,653,119,284,1,1,1
1051,7,1130,587,59,146,1,1,1
1051,9,1731,468,50,161,1,1,1
1052,1,1515,478,119,340,1,1,1
1052,2,1405,526,136,327,1,1,1
1052,4,1207,550,116,299,1,1,1
1052,5,724,652,117,282,1,1,1
1052,7,1131,587,59,146,1,1,1
1052,9,1731,468,52,161,1,1,1
1053,1,1514,477,124,341,1,1,1
1053,2,1401,527,140,326,1,1,1
1053,4,1206,550,116,299,1,1,1
1053,5,727,651,113,280,1,1,1
1053,7,1131,586,59,147,1,1,1
1053,9,1731,467,53,161,1,1,1
1054,1,1513,476,128,342,1,1,1
1054,2,1397,527,144,325,1,1,1
1054,4,1204,549,117,299,1,1,1
1054,5,731,649,109,278,1,1,1
1054,7,1131,585,59,147,1,1,1
1054,9,1731,467,54,161,1,1,1
1055,1,1512,476,133,342,1,1,1
1055,2,1393,528,148,324,1,1,1
1055,4,1202,549,119,299,1,1,1
1055,5,734,648,106,276,1,1,1
1055,7,1131,584,59,147,1,1,1
1055,9,1731,466,55,161,1,1,1
1056,1,1510,475,137,342,1,1,1
1056,2,1389,528,151,322,1,1,1
1056,4,1200,548,119,299,1,1,1
1056,5,736,646,103,273,1,1,1
1056,7,1131,583,58,146,1,1,1
1056,9,1730,465,56,160,1,1,1
1057,1,1511,475,146,343,1,1,1
1057,2,1385,529,154,325,1,1,1
1057,4,1199,548,124,299,1,1,1
1057,5,739,645,115,275,1,1,1
1057,7,1131,582,59,147,1,1,1
1057,9,1729,464,57,163,1,1,1
1058,1,1511,474,154,344,1,1,1
1058,2,1381,529,155,327,1,1,1
1058,4,1198,547,128,298,1,1,1
1058,5,742,643,125,277,1,1,1
1058,7,1131,580,60,148,1,1,1
1058,9,1727,462,59,165,1,1,1
1059,1,1512,474,161,344,1,1,1
1059,2,1377,529,157,329,1,1,1
1059,4,1197,546,132,298,1,1,1
1059,5,745,641,136,278,1,1,1
1059,7,1130,578,61,149,1,1,1
1059,9,1726,460,60,167,1,1,1
1060,1,1512,473,169,345,1,1,1
1060,2,1373,529,159,331,1,1,1
1060,4,1197,545,135,298,1,1,1
1060,5,747,639,148,280,1,1,1
1060,7,1130,577,61,149,1,1,1
1060,9,1724,458,62,169,1,1,1
1061,1,1512,472,177,345,1,1,1
1061,2,1368,529,160,333,1,1,1
1061,3,1245,556,114,272,1,1,1
1061,4,1195,543,139,297,1,1,1
1061,5,750,637,158,281,1,1,1
1061,7,1129,575,62,150,1,1,1
1061,9,1722,456,62,170,1,1,1
1062,1,1515,472,176,347,1,1,1
1062,2,1363,529,160,334,1,1,1
1062,3,1250,555,111,269,1,1,1
1062,4,1197,543,138,299,1,1,1
1062,5,755,637,159,281,1,1,1
1062,7,1129,576,62,149,1,1,1
1062,9,1724,457,61,170,1,1,1
1063,1,1517,472,176,347,1,1,1
1063,2,1357,529,160,334,1,1,1
1063,3,1254,554,107,265,1,1,1
1063,4,1197,543,137,299,1,1,1
1063,5,760,636,159,281,1,1,1
1063,7,1129,577,62,149,1,1,1
1063,9,1725,458,60,168,1,1,1
1064,1,1519,471,175,349,1,1,1
1064,2,1351,529,160,334,1,1,1
1064,3,1258,553,103,261,1,1,1
1064,4,1198,543,135,299,1,1,1
1064,5,765,636,159,280,1,1,1
1064,7,1130,578,61,148,1,1,1
1064,9,1725,459,59,167,1,1,1
1065,1,1522,471,174,349,1,1,1
1065,2,1345,529,160,334,1,1,1
1065,3,1262,551,100,258,1,1,1
1065,4,1199,542,133,300,1,1,1
1065,5,770,635,159,280,1,1,1
1065,7,1130,579,61,148,1,1,1
1065,9,1726,460,58,165,1,1,1
1066,1,1523,470,173,350,1,1,1
1066,2,1339,528,159,334,1,1,1
1066,3,1265,550,96,253,1,1,1
1066,4,1200,541,130,300,1,1,1
1066,5,775,634,159,279,1,1,1
1066,7,1129,579,60,147,1,1,1
1066,9,1727,460,56,164,1,1,1
1067,1,1527,469,170,353,1,1,1
1067,2,1336,528,154,336,1,1,1
1067,3,1266,549,96,255,1,1,1
1067,4,1201,541,126,302,1,1,1
1067,5,780,632,155,280,1,1,1
1067,7,1130,579,61,147,1,1,1
1067,9,1726,460,58,165,1,1,1
1068,1,1531,467,166,356,1,1,1
1068,2,1333,528,149,337,1,1,1
1068,3,1267,548,95,256,1,1,1
1068,4,1202,540,121,304,1,1,1
1068,5,784,630,152,279,1,1,1
1068,7,1130,579,61,146,1,1,1
1068,9,1725,460,60,164,1,1,1
1069,1,1535,466,162,358,1,1,1
1069,2,1329,528,144,337,1,1,1
1069,3,1267,547,95,257,1,1,1
1069,4,1203,539,116,306,1,1,1
1069,5,789,628,147,279,1,1,1
1069,7,1131,578,60,145,1,1,1
1069,9,1725,459,61,165,1,1,1
1070,1,1538,464,158,362,1,1,1
1070,2,1326,527,139,339,1,1,1
1070,3,1268,547,94,257,1,1,1
1070,4,1203,538,112,309,1,1,1
1070,5,793,625,144,280,1,1,1
1070,7,1131,578,60,144,1,1,1
1070,9,1724,459,63,164,1,1,1
1071,1,1541,462,154,364,1,1,1
1071,2,1322,527,133,339,1,1,1
1071,3,1268,545,93,258,1,1,1
1071,4,1204,537,106,310,1,1,1
1071,5,797,622,139,279,1,1,1
1071,7,1131,577,60,143,1,1,1
1071,9,1722,458,64,164,1,1,1
1072,1,1546,461,150,366,1,1,1
1072,2,1319,529,134,341,1,1,1
1072,4,1205,538,105,310,1,1,1
1072,5,801,623,136,278,1,1,1
1072,7,1131,578,60,144,1,1,1
1072,9,1724,459,62,164,1,1,1
1073,1,1551,460,145,368,1,1,1
1073,2,1314,530,136,343,1,1,1
1073,4,1206,539,103,309,1,1,1
1073,5,805,623,132,276,1,1,1
1073,7,1130,578,60,145,1,1,1
1073,9,1725,459,60,164,1,1,1
1074,1,1556,458,140,370,1,1,1
1074,2,1310,532,136,345,1,1,1
1074,4,1207,540,102,307,1,1,1
1074,5,808,624,129,274,1,1,1
1074,7,1129,579,60,145,1,1,1
1074,9,1726,460,58,164,1,1,1
1075,1,1561,457,136,372,1,1,1
1075,2,1305,534,138,346,1,1,1
1075,4,1208,541,100,306,1,1,1
1075,5,811,624,126,272,1,1,1
1075,7,1129,580,58,145,1,1,1
1075,9,1727,460,56,164,1,1,1
1076,1,1565,455,131,373,1,1,1
1076,2,1301,535,138,347,1,1,1
1076,4,1209,541,97,305,1,1,1
1076,5,814,623,121,270,1,1,1
1076,7,1128,580,58,145,1,1,1
1076,9,1728,460,54,163,1,1,1
1077,1,1567,455,131,377,1,1,1
1077,2,1297,537,142,348,1,1,1
1077,4,1210,542,97,305,1,1,1
1077,5,818,624,120,272,1,1,1
1077,7,1129,581,58,146,1,1,1
1077,9,1728,462,55,162,1,1,1
1078,1,1569,455,129,380,1,1,1
1078,2,1293,539,145,347,1,1,1
1078,4,1210,542,97,305,1,1,1
1078,5,821,625,119,271,1,1,1
1078,7,1129,581,58,146,1,1,1
1078,9,1727,463,56,161,1,1,1
1079,1,1571,455,128,382,1,1,1
1079,2,1289,541,149,346,1,1,1
1079,4,1210,542,97,305,1,1,1
1079,5,825,626,117,271,1,1,1
1079,7,1129,582,59,146,1,1,1
1079,9,1727,464,56,161,1,1,1
1080,1,1572,455,127,385,1,1,1
1080,2,1285,543,152,346,1,1,1
1080,4,1210,542,97,305,1,1,1
1080,5,828,626,115,272,1,1,1
1080,7,1130,582,58,147,1,1,1
1080,9,1726,465,58,160,1,1,1
1081,1,1574,455,125,387,1,1,1
1081,2,1280,545,155,345,1,1,1
1081,4,1210,542,97,305,1,1,1
1081,5,831,626,113,271,1,1,1
1081,7,1130,582,58,146,1,1,1
1081,9,1725,465,58,159,1,1,1
1082,1,1575,455,126,388,1,1,1
1082,2,1277,545,156,345,1,1,1
1082,4,1210,543,98,304,1,1,1
1082,5,835,627,121,270,1,1,1
1082,7,1131,582,57,147,1,1,1
1082,9,1726,465,58,159,1,1,1
1083,1,1576,454,126,389,1,1,1
1083,2,1273,546,156,345,1,1,1
1083,4,1209,543,100,304,1,1,1
1083,5,839,627,127,270,1,1,1
1083,7,1131,582,57,148,1,1,1
1083,9,1727,465,56,159,1,1,1
1084,1,1577,454,125,390,1,1,1
1084,2,1269,546,155,345,1,1,1
1084,4,1209,544,100,303,1,1,1
1084,5,842,627,135,269,1,1,1
1084,7,1132,582,56,148,1,1,1
1084,9,1727,464,56,159,1,1,1
1085,1,1579,453,124,391,1,1,1
1085,2,1265,547,155,344,1,1,1
1085,4,1209,544,101,303,1,1,1
1085,5,846,627,141,268,1,1,1
1085,7,1132,582,56,148,1,1,1
1085,9,1728,464,54,159,1,1,1
1086,1,1579,453,124,391,1,1,1
1086,2,1261,546,155,344,1,1,1
1086,3,1322,536,130,255,1,1,1
1086,4,1208,544,102,302,1,1,1
1086,5,848,626,148,267,1,1,1
1086,7,1132,581,55,148,1,1,1
1086,9,1728,463,53,159,1,1,1
1087,1,1580,454,125,392,1,1,1
1087,2,1256,547,151,346,1,1,1
1087,3,1329,535,124,257,1,1,1
1087,4,1207,544,101,302,1,1,1
1087,5,853,626,147,268,1,1,1
1087,7,1132,582,57,148,1,1,1
1087,9,1728,463,55,160,1,1,1
1088,1,1580,455,127,392,1,1,1
1088,2,1251,548,147,346,1,1,1
1088,3,1335,533,118,259,1,1,1
1088,4,1206,543,99,301,1,1,1
1088,5,857,625,145,269,1,1,1
1088,7,1131,582,58,147,1,1,1
1088,9,1727,463,57,160,1,1,1
1089,1,1581,456,127,391,1,1,1
1089,2,1247,548,141,348,1,1,1
1089,3,1341,531,112,261,1,1,1
1089,4,1204,542,99,301,1,1,1
1089,5,861,624,143,270,1,1,1
1089,7,1130,582,60,146,1,1,1
1089,9,1726,463,59,161,1,1,1
1090,1,1581,456,128,392,1,1,1
1090,2,1242,549,137,348,1,1,1
1090,3,1347,529,106,263,1,1,1
1090,4,1203,542,97,300,1,1,1
1090,5,865,623,141,271,1,1,1
1090,7,1129,582,62,145,1,1,1
1090,9,1725,463,62,161,1,1,1
1091,1,1581,457,128,391,1,1,1
1091,2,1236,548,132,348,1,1,1
1091,3,1353,526,100,265,1,1,1
1091,4,1202,540,95,300,1,1,1
1091,5,869,622,138,271,1,1,1
1091,7,1128,581,63,144,1,1,1
1091,9,1724,463,63,161,1,1,1
1092,1,1582,457,129,394,1,1,1
1092,2,1232,550,131,347,1,1,1
1092,3,1356,527,101,264,1,1,1
1092,5,873,621,135,272,1,1,1
1092,7,1128,581,63,145,1,1,1
1092,9,1725,463,63,161,1,1,1
1093,1,1582,456,130,397,1,1,1
1093,2,1228,551,129,345,1,1,1
1093,3,1358,528,103,262,1,1,1
1093,5,876,620,132,271,1,1,1
1093,7,1128,581,62,145,1,1,1
1093,9,1726,462,62,162,1,1,1
1094,1,1583,456,130,399,1,1,1
1094,2,1223,551,128,345,1,1,1
1094,3,1360,529,105,260,1,1,1
1094,5,879,619,129,271,1,1,1
1094,7,1127,580,62,145,1,1,1
1094,9,1727,462,61,161,1,1,1
1095,1,1583,456,130,401,1,1,1
1095,2,1219,552,126,343,1,1,1
1095,3,1363,530,106,259,1,1,1
1095,5,882,618,126,271,1,1,1
1095,7,1127,580,62,145,1,1,1
1095,9,1728,462,60,161,1,1,1
1096,1,1583,455,130,404,1,1,1
1096,2,1214,553,124,340,1,1,1
1096,3,1365,530,108,257,1,1,1
1096,5,885,616,122,271,1,1,1
1096,7,1126,579,61,144,1,1,1
1096,9,1728,461,59,161,1,1,1
1097,1,1583,454,134,406,1,1,1
1097,2,1206,555,134,340,1,1,1
1097,3,1369,530,111,257,1,1,1
1097,5,889,615,118,270,1,1,1
1097,7,1127,580,62,144,1,1,1
1097,9,1728,460,59,163,1,1,1
1098,1,1582,453,137,408,1,1,1
1098,2,1198,557,142,339,1,1,1
1098,3,1373,530,114,256,1,1,1
1098,5,893,613,114,270,1,1,1
1098,7,1128,580,61,144,1,1,1
1098,9,1727,460,60,164,1,1,1
1099,1,1581,453,141,409,1,1,1
1099,2,1190,559,151,337,1,1,1
1099,3,1378,529,116,256,1,1,1
1099,5,897,611,109,269,1,1,1
1099,7,1129,580,61,143,1,1,1
1099,9,1726,459,61,166,1,1,1
1100,1,1580,452,144,410,1,1,1
1100,2,1182,561,160,336,1,1,1
1100,3,1382,529,119,255,1,1,1
1100,5,900,610,105,268,1,1,1
1100,7,1130,580,61,143,1,1,1
1100,9,1725,458,61,168,1,1,1
1101,1,1579,451,146,412,1,1,1
1101,2,1173,563,169,334,1,1,1
1101,3,1385,528,122,255,1,1,1
1101,5,904,608,100,267,1,1,1
1101,7,1130,579,61,142,1,1,1
1101,9,1724,457,61,169,1,1,1
1102,1,1579,452,153,410,1,1,1
1102,2,1171,564,170,336,1,1,1
1102,3,1389,527,120,255,1,1,1
1102,5,909,608,103,266,1,1,1
1102,7,1131,579,60,143,1,1,1
1102,9,1725,457,59,169,1,1,1
1103,1,1579,453,159,409,1,1,1
1103,2,1169,565,171,337,1,1,1
1103,3,1393,526,118,254,1,1,1
1103,5,914,607,106,266,1,1,1
1103,7,1131,579,59,143,1,1,1
1103,9,1725,456,58,169,1,1,1
1104,1,1578,453,166,408,1,1,1
1104,2,1167,566,171,338,1,1,1
1104,3,1397,525,115,254,1,1,1
1104,5,919,607,108,265,1,1,1
1104,7,1131,578,58,144,1,1,1
1104,9,1726,456,56,168,1,1,1
1105,1,1578,454,171,406,1,1,1
1105,2,1165,567,171,339,1,1,1
1105,3,1400,524,113,253,1,1,1
1105,5,924,607,111,264,1,1,1
1105,7,1131,578,58,144,1,1,1
1105,9,1726,456,55,167,1,1,1
1106,1,1577,455,177,404,1,1,1
1106,2,1163,567,171,340,1,1,1
1106,3,1404,522,110,253,1,1,1
1106,4,1220,542,140,289,1,1,1
1106,5,928,606,114,263,1,1,1
1106,7,1130,577,57,144,1,1,1
1106,9,1726,455,53,167,1,1,1
1107,1,1579,455,175,405,1,1,1
1107,2,1157,568,171,342,1,1,1
1107,3,1408,520,107,256,1,1,1
1107,4,1223,541,138,292,1,1,1
1107,5,932,606,119,263,1,1,1
1107,9,1727,456,53,166,1,1,1
1108,1,1580,455,172,406,1,1,1
1108,2,1152,568,169,344,1,1,1
1108,3,1412,518,104,258,1,1,1
1108,4,1225,540,135,294,1,1,1
1108,5,935,607,124,261,1,1,1
1108,9,1727,457,53,164,1,1,1
1109,1,1581,455,170,406,1,1,1
1109,2,1146,569,169,345,1,1,1
1109,3,1416,516,100,261,1,1,1
1109,4,1227,538,132,297,1,1,1
1109,5,938,607,129,260,1,1,1
1109,9,1727,458,54,163,1,1,1
1110,1,1582,455,168,407,1,1,1
1110,2,1140,569,168,347,1,1,1
1110,3,1419,514,98,263,1,1,1
1110,4,1229,537,130,299,1,1,1
1110,5,942,607,132,259,1,1,1
1110,9,1727,458,54,162,1,1,1
1111,1,1583,455,164,407,1,1,1
1111,2,1134,569,166,347,1,1,1
1111,3,1423,512,94,265,1,1,1
1111,4,1231,535,127,301,1,1,1
1111,5,944,607,137,258,1,1,1
1111,9,1726,459,54,160,1,1,1
1112,1,1584,456,161,409,1,1,1
1112,2,1129,570,160,348,1,1,1
1112,3,1425,511,95,266,1,1,1
1112,4,1232,535,126,303,1,1,1
1112,5,948,606,135,258,1,1,1
1112,9,1726,459,55,160,1,1,1
1113,1,1585,456,157,412,1,1,1
1113,2,1124,570,152,348,1,1,1
1113,3,1427,511,96,265,1,1,1
1113,4,1233,534,124,305,1,1,1
1113,5,952,605,132,257,1,1,1
1113,9,1726,459,54,160,1,1,1
1114,1,1586,456,153,414,1,1,1
1114,2,1119,570,145,349,1,1,1
1114,3,1429,510,97,266,1,1,1
1114,4,1234,533,123,308,1,1,1
1114,5,955,604,130,257,1,1,1
1114,9,1725,459,54,159,1,1,1
1115,1,1587,456,149,417,1,1,1
1115,2,1114,570,138,349,1,1,1
1115,3,1431,509,98,266,1,1,1
1115,4,1235,532,121,311,1,1,1
1115,5,958,602,128,257,1,1,1
1115,9,1725,459,54,159,1,1,1
1116,1,1587,455,145,419,1,1,1
1116,2,1109,570,129,348,1,1,1
1116,3,1432,508,99,265,1,1,1
1116,4,1235,530,120,313,1,1,1
1116,5,961,601,125,255,1,1,1
1116,9,1724,458,53,159,1,1,1
1117,1,1589,454,144,424,1,1,1
1117,2,1105,571,132,351,1,1,1
1117,3,1435,507,108,267,1,1,1
1117,4,1236,530,120,314,1,1,1
1117,5,965,600,122,255,1,1,1
1117,9,1724,458,54,159,1,1,1
1118,1,1591,453,142,428,1,1,1
1118,2,1101,572,134,353,1,1,1
1118,3,1437,506,118,267,1,1,1
1118,4,1236,530,119,314,1,1,1
1118,5,969,598,118,255,1,1,1
1118,9,1724,457,54,160,1,1,1
1119,1,1592,452,141,432,1,1,1
1119,2,1097,573,135,355,1,1,1
1119,3,1439,505,128,267,1,1,1
1119,4,1236,530,119,314,1,1,1
1119,5,972,596,114,255,1,1,1
1119,9,1725,456,54,160,1,1,1
1120,1,1593,451,140,437,1,1,1
1120,2,1093,574,137,358,1,1,1
1120,3,1442,504,137,268,1,1,1
1120,4,1236,529,119,315,1,1,1
1120,5,976,595,110,254,1,1,1
1120,9,1725,456,54,160,1,1,1
1121,1,1594,450,137,440,1,1,1
1121,2,1088,575,138,359,1,1,1
1121,3,1444,502,146,269,1,1,1
1121,4,1235,528,119,315,1,1,1
1121,5,979,593,106,254,1,1,1
1121,9,1725,455,54,160,1,1,1
1122,1,1595,447,138,444,1,1,1
1122,2,1083,576,144,358,1,1,1
1122,3,1448,501,145,270,1,1,1
1122,4,1236,528,119,316,1,1,1
1122,5,982,592,108,254,1,1,1
1122,9,1725,454,54,161,1,1,1
1123,1,1595,445,139,446,1,1,1
1123,2,1077,577,150,357,1,1,1
1123,3,1452,500,145,271,1,1,1
1123,4,1237,528,118,315,1,1,1
1123,5,986,591,108,254,1,1,1
1123,9,1725,453,54,162,1,1,1
1124,1,1596,442,139,449,1,1,1
1124,2,1071,579,156,354,1,1,1
1124,3,1455,499,145,272,1,1,1
1124,4,1238,527,117,316,1,1,1
1124,5,989,590,108,254,1,1,1
1124,9,1724,452,55,163,1,1,1
1125,1,1596,440,139,451,1,1,1
1125,2,1065,580,162,353,1,1,1
1125,3,1459,498,144,273,1,1,1
1125,4,1238,526,117,317,1,1,1
1125,5,992,589,109,254,1,1,1
1125,9,1724,451,56,163,1,1,1
1126,1,1596,437,139,454,1,1,1
1126,2,1059,580,166,351,1,1,1
1126,3,1462,497,142,273,1,1,1
1126,4,1238,525,115,316,1,1,1
1126,5,995,588,109,253,1,1,1
1126,7,1127,574,53,145,1,1,1
1126,9,1724,450,55,163,1,1,1
1127,1,1597,437,139,454,1,1,1
1127,2,1055,581,170,352,1,1,1
1127,3,1466,495,140,274,1,1,1
1127,4,1239,526,116,316,1,1,1
1127,5,999,586,116,255,1,1,1
1127,7,1127,573,55,146,1,1,1
1127,9,1724,449,55,164,1,1,1
1128,1,1597,437,139,453,1,1,1
1128,2,1050,581,175,353,1,1,1
1128,3,1469,493,137,275,1,1,1
1128,4,1239,525,116,317,1,1,1
1128,5,1002,585,124,256,1,1,1
1128,7,1127,572,55,147,1,1,1
1128,9,1723,449,56,163,1,1,1
1129,1,1598,436,139,453,1,1,1
1129,2,1046,581,178,354,1,1,1
1129,3,1472,491,135,276,1,1,1
1129,4,1239,525,116,316,1,1,1
1129,5,1006,583,130,257,1,1,1
1129,7,1127,571,55,147,1,1,1
1129,9,1723,448,56,163,1,1,1
1130,1,1598,436,139,452,1,1,1
1130,2,1041,581,182,355,1,1,1
1130,3,1475,489,132,277,1,1,1
1130,4,1239,524,116,317,1,1,1
1130,5,1010,581,137,259,1,1,1
1130,7,1127,570,55,148,1,1,1
1130,9,1723,447,56,162,1,1,1
1131,1,1598,435,138,451,1,1,1
1131,2,1036,580,185,355,1,1,1
1131,3,1478,486,128,278,1,1,1
1131,4,1239,523,115,316,1,1,1
1131,5,1013,579,144,259,1,1,1
1131,7,1126,569,55,148,1,1,1
1131,9,1722,446,55,161,1,1,1
1132,1,1596,435,141,456,1,1,1
1132,2,1031,580,184,357,1,1,1
1132,3,1479,485,128,280,1,1,1
1132,4,1239,523,116,317,1,1,1
1132,7,1126,569,56,148,1,1,1
1132,9,1722,446,56,162,1,1,1
1133,1,1594,434,143,460,1,1,1
1133,2,1026,580,181,357,1,1,1
1133,3,1480,484,127,281,1,1,1
1133,4,1238,522,118,317,1,1,1
1133,7,1125,569,57,148,1,1,1
1133,9,1721,445,57,163,1,1,1
1134,1,1592,433,145,465,1,1,1
1134,2,1020,579,179,358,1,1,1
1134,3,1481,482,126,282,1,1,1
1134,4,1238,521,118,318,1,1,1
1134,7,1124,569,58,148,1,1,1
1134,9,1720,444,58,164,1,1,1
1135,1,1589,432,147,469,1,1,1
1135,2,1015,578,176,359,1,1,1
1135,3,1481,480,126,284,1,1,1
1135,4,1237,521,120,317,1,1,1
1135,7,1124,569,58,147,1,1,1
1135,9,1720,444,58,164,1,1,1
1136,1,1586,431,149,473,1,1,1
1136,2,1009,577,174,359,1,1,1
1136,3,1481,478,124,285,1,1,1
1136,4,1236,519,120,317,1,1,1
1136,7,1123,569,58,146,1,1,1
1136,9,1719,442,58,164,1,1,1
1137,1,1584,432,151,474,1,1,1
1137,2,1005,579,172,358,1,1,1
1137,3,1482,479,124,284,1,1,1
1137,4,1236,520,122,317,1,1,1
1137,7,1123,569,59,146,1,1,1
1137,9,1718,443,60,164,1,1,1
1138,1,1581,433,152,474,1,1,1
1138,2,1002,580,169,356,1,1,1
1138,3,1482,480,124,282,1,1,1
1138,4,1237,519,122,317,1,1,1
1138,7,1123,568,59,147,1,1,1
1138,9,1718,443,60,164,1,1,1
1139,1,1578,433,153,476,1,1,1
1139,2,998,581,167,355,1,1,1
1139,3,1483,480,122,281,1,1,1
1139,4,1237,519,123,317,1,1,1
1139,7,1123,568,59,147,1,1,1
1139,9,1717,442,61,164,1,1,1
1140,1,1576,434,153,476,1,1,1
1140,2,995,582,163,354,1,1,1
1140,3,1483,481,122,279,1,1,1
1140,4,1237,519,124,316,1,1,1
1140,7,1123,567,59,148,1,1,1
1140,9,1716,442,61,164,1,1,1
1141,1,1572,434,154,476,1,1,1
1141,2,990,582,160,352,1,1,1
1141,3,1483,481,121,277,1,1,1
1141,4,1236,518,124,315,1,1,1
1141,5,1043,566,123,258,1,1,1
1141,7,1122,566,59,147,1,1,1
1141,9,1715,442,61,163,1,1,1
1142,1,1569,435,159,480,1,1,1
1142,2,988,584,158,351,1,1,1
1142,3,1483,481,121,278,1,1,1
1142,4,1237,518,129,317,1,1,1
1142,5,1044,566,123,259,1,1,1
1142,7,1122,567,60,147,1,1,1
1142,9,1716,442,61,163,1,1,1
1143,1,1565,436,163,483,1,1,1
1143,2,985,585,155,350,1,1,1
1143,3,1482,481,121,279,1,1,1
1143,4,1238,518,132,317,1,1,1
1143,5,1045,565,122,261,1,1,1
1143,7,1122,567,60,147,1,1,1
1143,9,1715,442,62,163,1,1,1
1144,1,1562,437,167,486,1,1,1
1144,2,982,586,151,348,1,1,1
1144,3,1481,480,122,280,1,1,1
1144,4,1239,518,136,317,1,1,1
1144,5,1045,564,122,263,1,1,1
1144,7,1122,567,60,147,1,1,1
1144,9,1715,441,62,163,1,1,1
1145,1,1558,438,171,489,1,1,1
1145,2,980,587,147,347,1,1,1
1145,3,1480,480,122,281,1,1,1
1145,4,1239,518,140,317,1,1,1
1145,5,1046,564,121,263,1,1,1
1145,7,1121,567,60,147,1,1,1
1145,9,1715,441,62,163,1,1,1
1146,1,1554,439,175,491,1,1,1
1146,2,976,587,144,345,1,1,1
1146,3,1479,479,121,281,1,1,1
1146,4,1239,517,143,317,1,1,1
1146,5,1046,563,120,264,1,1,1
1146,7,1121,566,60,146,1,1,1
1146,9,1715,440,62,163,1,1,1
1147,1,1550,439,178,492,1,1,1
1147,2,975,588,146,346,1,1,1
1147,3,1479,480,120,282,1,1,1
1147,4,1242,517,141,317,1,1,1
1147,5,1048,563,120,265,1,1,1
1147,7,1121,567,60,146,1,1,1
1147,9,1715,441,62,163,1,1,1
1148,1,1546,439,180,493,1,1,1
1148,2,974,588,147,346,1,1,1
1148,3,1478,481,118,281,1,1,1
1148,4,1243,517,139,317,1,1,1
1148,5,1048,563,121,265,1,1,1
1148,7,1121,566,60,147,1,1,1
1148,9,1715,441,62,163,1,1,1
1149,1,1542,439,182,493,1,1,1
1149,2,972,588,149,346,1,1,1
1149,3,1477,481,116,281,1,1,1
1149,4,1245,516,136,318,1,1,1
1149,5,1049,562,121,266,1,1,1
1149,7,1121,566,60,147,1,1,1
1149,9,1715,441,62,163,1,1,1
1150,1,1539,439,184,494,1,1,1
1150,2,971,588,150,347,1,1,1
1150,3,1476,481,114,281,1,1,1
1150,4,1247,516,133,318,1,1,1
1150,5,1050,562,121,266,1,1,1
1150,7,1121,566,60,147,1,1,1
1150,9,1716,441,61,163,1,1,1
1151,1,1534,438,185,494,1,1,1
1151,2,969,588,152,346,1,1,1
1151,3,1475,481,112,280,1,1,1
1151,4,1248,515,130,318,1,1,1
1151,5,1051,561,120,266,1,1,1
1151,7,1120,565,60,147,1,1,1
1151,9,1715,440,61,163,1,1,1
1152,1,1532,440,185,493,1,1,1
1152,2,969,589,152,346,1,1,1
1152,3,1475,482,113,280,1,1,1
1152,4,1250,515,129,319,1,1,1
1152,5,1053,563,120,266,1,1,1
1152,7,1120,566,61,147,1,1,1
1152,9,1716,441,61,163,1,1,1
1153,1,1529,441,185,493,1,1,1
1153,2,968,590,152,345,1,1,1
1153,3,1475,481,113,281,1,1,1
1153,4,1250,515,129,320,1,1,1
1153,5,1054,563,121,267,1,1,1
1153,7,1120,566,61,148,1,1,1
1153,9,1716,441,61,163,1,1,1
1154,1,1526,442,185,492,1,1,1
1154,2,968,591,152,344,1,1,1
1154,3,1475,481,114,280,1,1,1
1154,4,1251,515,128,320,1,1,1
1154,5,1056,564,120,267,1,1,1
1154,7,1120,566,61,148,1,1,1
1154,9,1716,441,61,163,1,1,1
1155,1,1523,443,184,491,1,1,1
1155,2,967,592,153,343,1,1,1
1155,3,1475,481,114,280,1,1,1
1155,4,1252,514,127,321,1,1,1
1155,5,1057,565,120,267,1,1,1
1155,7,1119,567,62,147,1,1,1
1155,9,1716,441,61,163,1,1,1
1156,1,1519,443,184,490,1,1,1
1156,2,966,592,152,342,1,1,1
1156,3,1474,480,114,280,1,1,1
1156,4,1252,514,126,321,1,1,1
1156,5,1058,565,119,267,1,1,1
1156,7,1119,566,61,147,1,1,1
1156,9,1715,441,61,162,1,1,1
1157,1,1516,445,179,493,1,1,1
1157,2,965,593,152,343,1,1,1
1157,4,1254,514,125,321,1,1,1
1157,5,1059,565,119,269,1,1,1
1157,7,1120,567,61,147,1,1,1
1157,9,1716,441,60,163,1,1,1
1158,1,1512,446,175,496,1,1,1
1158,2,964,593,151,342,1,1,1
1158,4,1255,514,124,321,1,1,1
1158,5,1059,565,119,269,1,1,1
1158,7,1121,567,60,146,1,1,1
1158,9,1717,441,58,163,1,1,1
1159,1,1509,447,169,499,1,1,1
1159,2,962,593,151,342,1,1,1
1159,4,1256,514,123,320,1,1,1
1159,5,1060,564,118,270,1,1,1
1159,7,1121,567,60,146,1,1,1
1159,9,1717,442,57,162,1,1,1
1160,1,1505,448,164,501,1,1,1
1160,2,961,594,150,341,1,1,1
1160,4,1256,514,122,320,1,1,1
1160,5,1060,564,118,271,1,1,1
1160,7,1122,567,58,146,1,1,1
1160,9,1717,442,57,162,1,1,1
1161,1,1501,448,159,504,1,1,1
1161,2,959,593,150,341,1,1,1
1161,4,1257,513,120,319,1,1,1
1161,5,1060,563,117,271,1,1,1
1161,7,1122,566,57,145,1,1,1
1161,9,1717,441,55,162,1,1,1
1162,1,1499,450,160,506,1,1,1
1162,2,958,594,144,341,1,1,1
1162,4,1258,514,120,320,1,1,1
1162,5,1062,563,119,272,1,1,1
1162,7,1123,567,57,146,1,1,1
1162,9,1717,442,56,162,1,1,1
1163,1,1497,451,160,509,1,1,1
1163,2,957,594,138,341,1,1,1
1163,4,1259,514,119,320,1,1,1
1163,5,1064,563,121,272,1,1,1
1163,7,1124,568,55,145,1,1,1
1163,9,1717,443,56,162,1,1,1
1164,1,1494,452,162,511,1,1,1
1164,2,956,595,132,340,1,1,1
1164,4,1259,515,118,320,1,1,1
1164,5,1065,562,123,273,1,1,1
1164,7,1124,568,55,146,1,1,1
1164,9,1717,444,56,161,1,1,1
1165,1,1492,452,162,514,1,1,1
1165,2,955,595,126,340,1,1,1
1165,4,1260,515,117,320,1,1,1
1165,5,1067,562,124,273,1,1,1
1165,7,1125,569,54,145,1,1,1
1165,9,1717,444,56,161,1,1,1
1166,1,1490,453,162,515,1,1,1
1166,2,953,595,120,340,1,1,1
1166,3,1471,494,101,271,1,1,1
1166,4,1260,515,115,320,1,1,1
1166,5,1068,561,125,273,1,1,1
1166,7,1125,569,53,145,1,1,1
1166,9,1716,445,56,160,1,1,1
1167,1,1488,454,164,520,1,1,1
1167,2,952,596,120,340,1,1,1
1167,4,1261,516,116,320,1,1,1
1167,5,1071,562,130,273,1,1,1
1167,9,1716,445,57,160,1,1,1
1168,1,1486,456,166,523,1,1,1
1168,2,950,596,121,340,1,1,1
1168,4,1260,516,116,320,1,1,1
1168,5,1074,562,134,272,1,1,1
1168,9,1716,446,57,160,1,1,1
1169,1,1484,457,168,526,1,1,1
1169,2,948,597,122,340,1,1,1
1169,4,1260,517,116,319,1,1,1
1169,5,1077,563,137,271,1,1,1
1169,9,1716,446,56,160,1,1,1
1170,1,1482,458,170,530,1,1,1
1170,2,947,597,122,340,1,1,1
1170,4,1260,517,116,320,1,1,1
1170,5,1080,563,141,271,1,1,1
1170,9,1715,446,57,160,1,1,1
1171,1,1480,459,171,533,1,1,1
1171,2,945,597,123,340,1,1,1
1171,4,1260,517,115,319,1,1,1
1171,5,1082,563,145,270,1,1,1
1171,9,1715,446,56,160,1,1,1
1172,1,1478,458,172,535,1,1,1
1172,2,944,598,124,337,1,1,1
1172,4,1260,518,116,318,1,1,1
1172,5,1086,563,145,271,1,1,1
1172,9,1715,447,57,160,1,1,1
1173,1,1477,456,171,537,1,1,1
1173,2,943,599,125,334,1,1,1
1173,4,1260,519,116,317,1,1,1
1173,5,1090,563,144,272,1,1,1
1173,9,1715,447,58,160,1,1,1
1174,1,1475,454,172,540,1,1,1
1174,2,941,600,126,331,1,1,1
1174,4,1261,519,115,317,1,1,1
1174,5,1094,563,143,273,1,1,1
1174,9,1714,446,60,161,1,1,1
1175,1,1473,453,172,541,1,1,1
1175,2,940,601,127,328,1,1,1
1175,4,1261,520,115,315,1,1,1
1175,5,1097,563,143,273,1,1,1
1175,9,1714,446,60,161,1,1,1
1176,1,1471,450,172,543,1,1,1
1176,2,938,601,127,325,1,1,1
1176,3,1435,503,105,271,1,1,1
1176,4,1261,520,114,314,1,1,1
1176,5,1100,562,142,274,1,1,1
1176,9,1713,446,61,161,1,1,1
1177,1,1468,452,169,543,1,1,1
1177,2,937,603,129,324,1,1,1
1177,3,1431,504,106,272,1,1,1
1177,4,1260,521,116,315,1,1,1
1177,5,1104,562,140,276,1,1,1
1177,9,1714,447,60,161,1,1,1
1178,1,1464,453,167,543,1,1,1
1178,2,936,603,130,324,1,1,1
1178,3,1427,504,106,273,1,1,1
1178,4,1259,521,117,316,1,1,1
1178,5,1106,562,138,276,1,1,1
1178,9,1714,447,59,161,1,1,1
1179,1,1460,454,164,543,1,1,1
1179,2,934,604,132,323,1,1,1
1179,3,1423,504,106,274,1,1,1
1179,4,1257,522,118,315,1,1,1
1179,5,1109,561,135,278,1,1,1
1179,9,1714,448,58,161,1,1,1
1180,1,1456,455,162,542,1,1,1
1180,2,933,605,132,322,1,1,1
1180,3,1419,504,105,275,1,1,1
1180,4,1256,523,119,315,1,1,1
1180,5,1111,561,133,278,1,1,1
1180,9,1713,448,59,161,1,1,1
1181,1,1452,456,158,541,1,1,1
1181,2,931,605,133,321,1,1,1
1181,3,1414,503,105,276,1,1,1
1181,4,1254,523,120,315,1,1,1
1181,5,1113,560,130,279,1,1,1
1181,9,1713,448,57,161,1,1,1
1182,1,1448,458,161,541,1,1,1
1182,2,929,607,133,320,1,1,1
1182,4,1254,524,122,315,1,1,1
1182,5,1116,560,129,280,1,1,1
1182,9,1713,449,58,161,1,1,1
1183,1,1444,460,164,540,1,1,1
1183,2,927,608,132,319,1,1,1
1183,4,1254,524,123,316,1,1,1
1183,5,1119,560,126,280,1,1,1
1183,9,1712,449,59,161,1,1,1
1184,1,1439,461,167,540,1,1,1
1184,2,925,609,132,319,1,1,1
1184,4,1254,525,124,316,1,1,1
1184,5,1121,559,124,281,1,1,1
1184,9,1711,450,60,161,1,1,1
1185,1,1435,463,169,539,1,1,1
1185,2,923,610,131,318,1,1,1
1185,4,1254,526,126,315,1,1,1
1185,5,1123,559,122,281,1,1,1
1185,9,1710,450,60,161,1,1,1
1186,1,1430,464,172,537,1,1,1
1186,2,921,611,130,316,1,1,1
1186,4,1253,526,126,315,1,1,1
1186,5,1125,558,119,281,1,1,1
1186,9,1709,450,61,160,1,1,1
1187,1,1422,467,181,538,1,1,1
1187,2,920,612,131,316,1,1,1
1187,4,1253,527,125,317,1,1,1
1187,5,1127,559,119,283,1,1,1
1187,9,1710,451,60,160,1,1,1
1188,1,1414,469,188,538,1,1,1
1188,2,919,612,131,315,1,1,1
1188,4,1252,527,124,319,1,1,1
1188,5,1129,559,117,285,1,1,1
1188,9,1710,452,60,160,1,1,1
1189,1,1406,471,196,539,1,1,1
1189,2,918,612,131,315,1,1,1
1189,4,1252,527,121,321,1,1,1
1189,5,1131,559,115,287,1,1,1
1189,9,1711,452,59,160,1,1,1
1190,1,1398,474,204,538,1,1,1
1190,2,916,613,132,313,1,1,1
1190,4,1251,528,120,322,1,1,1
1190,5,1132,559,114,289,1,1,1
1190,9,1712,453,58,160,1,1,1
1191,1,1389,475,212,538,1,1,1
1191,2,915,612,132,312,1,1,1
1191,4,1250,528,118,323,1,1,1
1191,5,1134,559,112,290,1,1,1
1191,9,1712,453,57,159,1,1,1
1192,1,1385,478,216,541,1,1,1
1192,2,915,613,137,313,1,1,1
1192,4,1249,528,119,324,1,1,1
1192,5,1135,559,111,292,1,1,1
1192,9,1711,453,58,160,1,1,1
1193,1,1381,481,220,542,1,1,1
1193,2,915,613,141,314,1,1,1
1193,4,1249,528,119,324,1,1,1
1193,5,1136,560,109,291,1,1,1
1193,9,1711,453,58,160,1,1,1
1194,1,1377,483,224,544,1,1,1
1194,2,915,613,145,314,1,1,1
1194,4,1248,528,120,325,1,1,1
1194,5,1138,560,107,292,1,1,1
1194,9,1710,453,59,160,1,1,1
1195,1,1373,486,227,546,1,1,1
1195,2,915,613,149,315,1,1,1
1195,4,1247,529,121,324,1,1,1
1195,5,1139,560,105,292,1,1,1
1195,9,1709,454,60,160,1,1,1
1196,1,1369,487,230,548,1,1,1
1196,2,915,612,153,315,1,1,1
1196,4,1246,528,121,325,1,1,1
1196,5,1139,560,103,292,1,1,1
1196,7,1117,581,65,144,1,1,1
1196,9,1708,453,60,160,1,1,1
1197,1,1362,488,235,549,1,1,1
1197,2,916,613,156,315,1,1,1
1197,4,1243,529,124,324,1,1,1
1197,5,1141,560,106,293,1,1,1
1197,7,1117,582,64,144,1,1,1
1197,9,1708,453,60,161,1,1,1
1198,1,1354,488,241,549,1,1,1
1198,2,918,613,158,315,1,1,1
1198,4,1239,529,127,324,1,1,1
1198,5,1142,560,108,293,1,1,1
1198,7,1117,581,63,145,1,1,1
1198,9,1709,453,59,161,1,1,1
1199,1,1346,488,246,550,1,1,1
1199,2,919,613,161,315,1,1,1
1199,4,1235,529,130,323,1,1,1
1199,5,1144,560,110,292,1,1,1
1199,7,1117,581,61,145,1,1,1
1199,9,1709,453,59,161,1,1,1
1200,1,1338,489,252,549,1,1,1
1200,2,920,613,164,314,1,1,1
1200,4,1232,529,132,323,1,1,1
1200,5,1145,560,112,292,1,1,1
1200,7,1117,581,60,145,1,1,1
1200,9,1709,453,59,161,1,1,1
1201,1,1330,488,256,550,1,1,1
1201,2,921,613,166,313,1,1,1
1201,4,1228,529,135,321,1,1,1
1201,5,1146,559,114,292,1,1,1
1201,7,1116,580,59,145,1,1,1
1201,9,1709,452,58,161,1,1,1
1202,1,1323,490,254,549,1,1,1
1202,2,924,614,166,313,1,1,1
1202,4,1228,530,136,321,1,1,1
1202,5,1147,559,112,293,1,1,1
1202,7,1116,580,60,146,1,1,1
1202,9,1709,453,59,161,1,1,1
1203,1,1316,491,250,549,1,1,1
1203,2,927,614,165,313,1,1,1
1203,4,1227,530,138,321,1,1,1
1203,5,1148,559,109,293,1,1,1
1203,7,1116,580,60,147,1,1,1
1203,9,1708,453,60,160,1,1,1
1204,1,1309,492,247,548,1,1,1
1204,2,930,614,163,313,1,1,1
1204,4,1227,530,138,321,1,1,1
1204,5,1148,558,107,294,1,1,1
1204,7,1116,580,60,147,1,1,1
1204,9,1708,453,60,160,1,1,1
1205,1,1302,493,244,548,1,1,1
1205,2,932,615,163,312,1,1,1
1205,4,1226,530,140,320,1,1,1
1205,5,1149,557,104,295,1,1,1
1205,7,1116,581,60,146,1,1,1
1205,9,1707,453,61,160,1,1,1
1206,1,1295,494,239,547,1,1,1
1206,2,935,614,162,312,1,1,1
1206,4,1225,530,140,319,1,1,1
1206,5,1150,556,100,295,1,1,1
1206,7,1115,580,60,147,1,1,1
1206,9,1706,453,62,159,1,1,1
1207,1,1289,496,230,550,1,1,1
1207,2,938,613,159,313,1,1,1
1207,4,1228,530,139,321,1,1,1
1207,5,1150,556,105,297,1,1,1
1207,7,1115,580,61,147,1,1,1
1207,9,1707,453,62,160,1,1,1
1208,1,1283,498,220,552,1,1,1
1208,2,941,612,157,312,1,1,1
1208,4,1230,530,136,322,1,1,1
1208,5,1150,556,108,297,1,1,1
1208,7,1115,579,62,148,1,1,1
1208,9,1708,453,61,160,1,1,1
1209,1,1277,499,209,555,1,1,1
1209,2,944,611,154,312,1,1,1
1209,4,1233,529,133,324,1,1,1
1209,5,1150,555,112,299,1,1,1
1209,7,1115,579,62,147,1,1,1
1209,9,1709,452,60,161,1,1,1
1210,1,1271,501,199,558,1,1,1
1210,2,947,609,151,312,1,1,1
1210,4,1235,529,131,325,1,1,1
1210,5,1151,555,115,300,1,1,1
1210,7,1115,578,63,148,1,1,1
1210,9,1709,452,60,161,1,1,1
1211,1,1265,502,188,560,1,1,1
1211,2,950,608,148,312,1,1,1
1211,4,1237,528,129,326,1,1,1
1211,5,1150,554,118,300,1,1,1
1211,7,1114,577,63,147,1,1,1
1211,9,1710,451,58,162,1,1,1
1212,1,1259,504,195,563,1,1,1
1212,2,953,607,145,312,1,1,1
1212,5,1152,554,122,301,1,1,1
1212,7,1115,578,63,147,1,1,1
1212,9,1710,451,59,163,1,1,1
1213,1,1252,506,202,565,1,1,1
1213,2,955,606,143,311,1,1,1
1213,5,1154,554,125,301,1,1,1
1213,7,1115,579,62,147,1,1,1
1213,9,1710,452,59,162,1,1,1
1214,1,1246,508,208,567,1,1,1
1214,2,958,605,140,311,1,1,1
1214,5,1155,554,129,300,1,1,1
1214,7,1115,579,61,147,1,1,1
1214,9,1710,452,59,162,1,1,1
1215,1,1239,509,215,569,1,1,1
1215,2,961,603,138,311,1,1,1
1215,5,1157,553,132,301,1,1,1
1215,7,1115,580,61,146,1,1,1
1215,9,1710,452,58,162,1,1,1
1216,1,1232,511,221,571,1,1,1
1216,2,963,602,135,310,1,1,1
1216,5,1158,552,136,300,1,1,1
1216,7,1115,580,59,146,1,1,1
1216,9,1710,451,57,162,1,1,1
1217,1,1225,513,228,572,1,1,1
1217,2,966,601,137,308,1,1,1
1217,5,1159,554,134,299,1,1,1
1217,7,1116,580,59,146,1,1,1
1217,9,1710,452,58,162,1,1,1
1218,1,1217,515,236,573,1,1,1
1218,2,968,600,140,306,1,1,1
1218,5,1161,555,130,298,1,1,1
1218,7,1116,580,59,146,1,1,1
1218,9,1710,452,59,162,1,1,1
1219,1,1210,518,242,573,1,1,1
1219,2,970,600,143,303,1,1,1
1219,5,1162,556,128,297,1,1,1
1219,7,1117,580,58,146,1,1,1
1219,9,1710,452,59,162,1,1,1
1220,1,1202,520,249,574,1,1,1
1220,2,973,599,144,301,1,1,1
1220,5,1163,557,125,296,1,1,1
1220,7,1117,580,59,146,1,1,1
1220,9,1710,452,59,162,1,1,1
1221,1,1194,522,256,574,1,1,1
1221,2,975,597,147,298,1,1,1
1221,5,1164,558,122,294,1,1,1
1221,7,1117,580,58,146,1,1,1
1221,9,1709,451,59,161,1,1,1
1222,1,1187,522,261,576,1,1,1
1222,2,976,598,150,298,1,1,1
1222,7,1117,580,59,146,1,1,1
1222,9,1710,452,59,162,1,1,1
1223,1,1179,523,267,576,1,1,1
1223,2,977,598,152,297,1,1,1
1223,7,1117,580,59,146,1,1,1
1223,9,1709,452,61,162,1,1,1
1224,1,1171,523,272,578,1,1,1
1224,2,978,599,154,295,1,1,1
1224,7,1117,579,59,147,1,1,1
1224,9,1709,452,61,162,1,1,1
1225,1,1163,524,278,578,1,1,1
1225,2,979,599,157,295,1,1,1
1225,7,1117,579,59,147,1,1,1
1225,9,1709,452,62,162,1,1,1
1226,1,1155,524,283,580,1,1,1
1226,2,980,599,159,293,1,1,1
1226,4,1236,528,131,326,1,1,1
1226,7,1116,578,59,147,1,1,1
1226,9,1709,452,62,162,1,1,1
1227,1,1149,524,277,580,1,1,1
1227,2,980,600,161,293,1,1,1
1227,4,1236,528,131,326,1,1,1
1227,9,1709,452,62,162,1,1,1
1228,1,1142,524,272,580,1,1,1
1228,2,980,600,162,293,1,1,1
1228,4,1235,528,132,325,1,1,1
1228,9,1709,452,61,162,1,1,1
1229,1,1136,525,267,580,1,1,1
1229,2,980,601,163,292,1,1,1
1229,4,1235,529,132,324,1,1,1
1229,9,1709,451,61,163,1,1,1
1230,1,1129,525,262,580,1,1,1
1230,2,981,601,163,292,1,1,1
1230,4,1234,529,134,324,1,1,1
1230,9,1710,451,60,163,1,1,1
1231,1,1122,525,256,579,1,1,1
1231,2,980,601,164,291,1,1,1
1231,4,1233,529,133,323,1,1,1
1231,9,1709,450,59,163,1,1,1
1232,1,1116,526,247,578,1,1,1
1232,2,982,602,160,290,1,1,1
1232,4,1234,529,133,324,1,1,1
1232,9,1710,450,59,164,1,1,1
1233,1,1110,528,237,576,1,1,1
1233,2,982,603,156,289,1,1,1
1233,4,1234,529,133,324,1,1,1
1233,9,1711,450,57,164,1,1,1
1234,1,1104,529,228,575,1,1,1
1234,2,983,604,151,288,1,1,1
1234,4,1235,529,131,324,1,1,1
1234,9,1711,450,57,163,1,1,1
1235,1,1097,531,219,572,1,1,1
1235,2,984,604,147,287,1,1,1
1235,4,1235,529,131,324,1,1,1
1235,9,1712,449,55,164,1,1,1
1236,1,1091,532,209,571,1,1,1
1236,2,985,605,142,286,1,1,1
1236,4,1235,529,130,324,1,1,1
1236,9,1712,449,55,163,1,1,1
1237,1,1086,534,214,569,1,1,1
1237,2,985,605,140,283,1,1,1
1237,4,1235,529,130,324,1,1,1
1237,9,1712,449,55,163,1,1,1
1238,1,1080,535,220,568,1,1,1
1238,2,985,604,138,282,1,1,1
1238,4,1235,529,130,324,1,1,1
1238,9,1712,449,55,163,1,1,1
1239,1,1075,537,224,566,1,1,1
1239,2,985,604,136,279,1,1,1
1239,4,1235,529,130,324,1,1,1
1239,9,1712,449,56,164,1,1,1
1240,1,1070,539,229,564,1,1,1
1240,2,986,604,133,276,1,1,1
1240,4,1236,529,128,324,1,1,1
1240,9,1712,449,56,164,1,1,1
1241,1,1064,540,234,561,1,1,1
1241,2,985,603,130,273,1,1,1
1241,4,1235,528,128,325,1,1,1
1241,5,1180,546,115,307,1,1,1
1241,9,1711,448,55,164,1,1,1
1242,1,1059,543,240,560,1,1,1
1242,2,986,604,129,273,1,1,1
1242,4,1236,528,128,325,1,1,1
1242,5,1182,546,114,307,1,1,1
1242,9,1712,449,56,164,1,1,1
1243,1,1053,545,246,559,1,1,1
1243,2,986,604,127,272,1,1,1
1243,4,1237,528,127,325,1,1,1
1243,5,1182,545,114,307,1,1,1
1243,9,1712,449,56,164,1,1,1
1244,1,1047,547,252,558,1,1,1
1244,2,986,604,125,272,1,1,1
1244,4,1237,528,127,324,1,1,1
1244,5,1183,545,113,306,1,1,1
1244,9,1712,449,56,163,1,1,1
1245,1,1041,549,258,556,1,1,1
1245,2,987,604,122,271,1,1,1
1245,4,1238,528,125,324,1,1,1
1245,5,1184,545,111,305,1,1,1
1245,9,1712,449,56,163,1,1,1
1246,1,1035,551,263,554,1,1,1
1246,2,986,603,120,271,1,1,1
1246,3,1116,575,138,263,1,1,1
1246,4,1238,527,125,323,1,1,1
1246,5,1184,544,110,304,1,1,1
1246,9,1711,448,55,163,1,1,1
1247,1,1029,552,266,555,1,1,1
1247,3,1113,576,140,263,1,1,1
1247,4,1238,528,126,323,1,1,1
1247,5,1186,544,109,305,1,1,1
1247,9,1712,449,56,163,1,1,1
1248,1,1022,553,270,555,1,1,1
1248,3,1110,577,141,263,1,1,1
1248,4,1239,528,125,323,1,1,1
1248,5,1188,544,107,305,1,1,1
1248,9,1712,449,55,163,1,1,1
1249,1,1016,554,272,555,1,1,1
1249,3,1106,578,144,263,1,1,1
1249,4,1239,528,126,323,1,1,1
1249,5,1189,544,106,306,1,1,1
1249,9,1713,450,54,162,1,1,1
1250,1,1009,555,276,555,1,1,1
1250,3,1102,579,146,263,1,1,1
1250,4,1239,529,126,322,1,1,1
1250,5,1191,544,103,306,1,1,1
1250,9,1713,450,54,162,1,1,1
1251,1,1002,555,278,554,1,1,1
1251,3,1098,579,147,263,1,1,1
1251,4,1239,529,126,321,1,1,1
1251,5,1192,544,101,305,1,1,1
1251,9,1713,450,53,162,1,1,1
1252,1,996,557,271,555,1,1,1
1252,3,1099,580,149,262,1,1,1
1252,4,1240,529,125,322,1,1,1
1252,5,1194,544,100,305,1,1,1
1252,9,1713,450,54,162,1,1,1
1253,1,989,559,264,555,1,1,1
1253,3,1099,581,151,260,1,1,1
1253,4,1241,530,124,320,1,1,1
1253,5,1196,544,98,304,1,1,1
1253,9,1713,450,54,162,1,1,1
1254,1,982,560,257,555,1,1,1
1254,3,1099,581,152,259,1,1,1
1254,4,1242,530,123,320,1,1,1
1254,5,1197,544,97,303,1,1,1
1254,9,1712,450,55,162,1,1,1
1255,1,975,561,250,556,1,1,1
1255,3,1099,582,154,258,1,1,1
1255,4,1242,530,123,320,1,1,1
1255,5,1199,543,94,302,1,1,1
1255,9,1712,450,55,162,1,1,1
1256,1,968,562,243,555,1,1,1
1256,3,1098,581,155,256,1,1,1
1256,4,1243,530,120,320,1,1,1
1256,5,1200,543,93,300,1,1,1
1256,9,1711,450,55,161,1,1,1
1257,1,962,563,233,560,1,1,1
1257,3,1097,582,156,257,1,1,1
1257,4,1243,530,122,320,1,1,1
1257,5,1202,543,102,301,1,1,1
1257,9,1712,450,55,161,1,1,1
1258,1,957,564,222,564,1,1,1
1258,3,1096,583,155,256,1,1,1
1258,4,1243,530,123,321,1,1,1
1258,5,1203,543,112,301,1,1,1
1258,9,1712,449,55,161,1,1,1
1259,1,951,565,212,568,1,1,1
1259,3,1094,584,156,256,1,1,1
1259,4,1243,530,124,321,1,1,1
1259,5,1205,543,121,301,1,1,1
1259,9,1712,449,55,161,1,1,1
1260,1,945,566,202,573,1,1,1
1260,3,1093,584,156,256,1,1,1
1260,4,1243,530,125,321,1,1,1
1260,5,1207,543,129,300,1,1,1
1260,9,1712,449,55,160,1,1,1
1261,1,939,566,191,577,1,1,1
1261,2,1004,604,119,251,1,1,1
1261,3,1091,584,155,255,1,1,1
1261,4,1243,530,126,320,1,1,1
1261,5,1208,543,138,300,1,1,1
1261,9,1712,448,54,159,1,1,1
1262,1,930,568,202,577,1,1,1
1262,2,1004,603,120,256,1,1,1
1262,3,1092,584,152,257,1,1,1
1262,4,1245,530,131,322,1,1,1
1262,5,1212,543,140,300,1,1,1
1262,9,1713,448,54,160,1,1,1
1263,1,920,569,212,576,1,1,1
1263,2,1004,602,120,260,1,1,1
1263,3,1092,584,149,257,1,1,1
1263,4,1247,529,135,323,1,1,1
1263,5,1216,543,141,300,1,1,1
1263,9,1713,448,54,160,1,1,1
1264,1,910,570,222,576,1,1,1
1264,2,1003,601,121,265,1,1,1
1264,3,1092,584,146,257,1,1,1
1264,4,1249,529,139,323,1,1,1
1264,5,1219,543,142,300,1,1,1
1264,9,1713,448,55,160,1,1,1
1265,1,900,572,233,575,1,1,1
1265,2,1003,600,122,269,1,1,1
1265,3,1092,584,143,257,1,1,1
1265,4,1251,528,143,325,1,1,1
1265,5,1223,543,143,300,1,1,1
1265,9,1714,447,54,161,1,1,1
1266,1,889,572,243,575,1,1,1
1266,2,1002,598,122,273,1,1,1
1266,3,1091,583,140,258,1,1,1
1266,4,1252,527,147,325,1,1,1
1266,5,1226,543,144,300,1,1,1
1266,9,1713,447,54,161,1,1,1
1267,1,884,576,248,574,1,1,1
1267,2,1004,598,121,272,1,1,1
1267,3,1092,584,135,258,1,1,1
1267,4,1255,527,150,325,1,1,1
1267,5,1230,543,141,299,1,1,1
1267,9,1714,448,55,161,1,1,1
1268,1,879,579,253,573,1,1,1
1268,2,1005,597,121,271,1,1,1
1268,3,1093,584,130,259,1,1,1
1268,4,1256,527,154,324,1,1,1
1268,5,1234,543,137,297,1,1,1
1268,9,1714,448,55,161,1,1,1
1269,1,873,582,258,572,1,1,1
1269,2,1005,597,121,269,1,1,1
1269,3,1093,584,125,260,1,1,1
1269,4,1258,527,156,324,1,1,1
1269,5,1238,542,134,297,1,1,1
1269,9,1713,449,56,160,1,1,1
1270,1,868,585,262,571,1,1,1
1270,2,1006,596,121,268,1,1,1
1270,3,1093,584,121,260,1,1,1
1270,4,1260,526,159,324,1,1,1
1270,5,1242,542,130,296,1,1,1
1270,9,1713,449,57,161,1,1,1
1271,1,862,587,266,570,1,1,1
1271,2,1007,595,119,265,1,1,1
1271,3,1093,584,115,260,1,1,1
1271,4,1262,525,162,323,1,1,1
1271,5,1245,541,126,294,1,1,1
1271,9,1712,450,57,160,1,1,1
1272,1,854,588,272,572,1,1,1
1272,2,1007,596,120,266,1,1,1
1272,3,1094,585,115,262,1,1,1
1272,4,1265,526,159,323,1,1,1
1272,5,1247,539,126,296,1,1,1
1272,9,1713,450,57,159,1,1,1
1273,1,846,589,277,572,1,1,1
1273,2,1006,596,122,266,1,1,1
1273,3,1094,586,116,264,1,1,1
1273,4,1268,526,156,323,1,1,1
1273,5,1248,537,125,296,1,1,1
1273,9,1712,449,58,160,1,1,1
1274,1,837,590,283,572,1,1,1
1274,2,1005,596,123,266,1,1,1
1274,3,1094,586,116,266,1,1,1
1274,4,1271,526,153,323,1,1,1
1274,5,1249,535,125,296,1,1,1
1274,9,1712,449,58,159,1,1,1
1275,1,829,591,288,572,1,1,1
1275,2,1005,596,124,266,1,1,1
1275,3,1094,587,116,268,1,1,1
1275,4,1274,527,149,321,1,1,1
1275,5,1250,532,124,298,1,1,1
1275,9,1712,449,58,158,1,1,1
1276,1,820,591,293,572,1,1,1
1276,2,1004,595,125,266,1,1,1
1276,3,1094,587,115,269,1,1,1
1276,4,1276,526,146,321,1,1,1
1276,5,1251,530,123,298,1,1,1
1276,9,1711,448,58,158,1,1,1
1277,1,812,593,288,571,1,1,1
1277,2,1004,597,122,266,1,1,1
1277,3,1096,587,112,270,1,1,1
1277,4,1278,525,146,323,1,1,1
1277,5,1254,530,123,299,1,1,1
1277,9,1712,448,58,159,1,1,1
1278,1,803,594,283,569,1,1,1
1278,2,1004,597,119,266,1,1,1
1278,3,1097,586,110,271,1,1,1
1278,4,1279,523,146,325,1,1,1
1278,5,1257,529,122,301,1,1,1
1278,9,1713,448,57,159,1,1,1
1279,1,795,595,277,567,1,1,1
1279,2,1003,598,117,265,1,1,1
1279,3,1098,586,107,272,1,1,1
1279,4,1280,521,146,326,1,1,1
1279,5,1260,529,121,302,1,1,1
1279,9,1713,447,57,161,1,1,1
1280,1,786,597,272,564,1,1,1
1280,2,1003,599,114,264,1,1,1
1280,3,1100,585,104,273,1,1,1
1280,4,1281,519,145,328,1,1,1
1280,5,1263,529,120,303,1,1,1
1280,9,1714,447,57,161,1,1,1
1281,1,777,597,266,562,1,1,1
1281,2,1002,600,111,262,1,1,1
1281,3,1101,584,101,273,1,1,1
1281,4,1282,517,144,329,1,1,1
1281,5,1265,528,119,304,1,1,1
1281,9,1714,446,56,161,1,1,1
1282,1,770,600,257,561,1,1,1
1282,2,1002,600,112,262,1,1,1
1282,3,1100,584,102,274,1,1,1
1282,4,1285,517,142,330,1,1,1
1282,5,1269,528,129,304,1,1,1
1282,9,1715,447,56,162,1,1,1
1283,1,764,602,246,559,1,1,1
1283,2,1001,601,114,261,1,1,1
1283,3,1098,583,103,275,1,1,1
1283,4,1287,517,141,330,1,1,1
1283,5,1272,528,139,303,1,1,1
1283,9,1715,447,56,162,1,1,1
1284,1,757,604,237,557,1,1,1
1284,2,1000,601,116,261,1,1,1
1284,3,1096,582,105,275,1,1,1
1284,4,1290,517,138,330,1,1,1
1284,5,1275,528,149,302,1,1,1
1284,9,1715,447,56,162,1,1,1
1285,1,750,606,227,555,1,1,1
1285,2,999,601,117,260,1,1,1
1285,3,1095,581,105,276,1,1,1
1285,4,1293,517,135,330,1,1,1
1285,5,1279,528,158,301,1,1,1
1285,9,1715,447,56,162,1,1,1
1286,1,743,608,216,553,1,1,1
1286,2,998,601,118,259,1,1,1
1286,3,1093,580,106,276,1,1,1
1286,4,1295,516,133,330,1,1,1
1286,5,1282,527,167,300,1,1,1
1286,9,1715,446,55,163,1,1,1
1287,1,738,610,222,553,1,1,1
1287,2,995,602,121,261,1,1,1
1287,3,1089,582,111,277,1,1,1
1287,4,1296,516,133,332,1,1,1
1287,9,1715,447,56,162,1,1,1
1288,1,733,611,227,553,1,1,1
1288,2,992,603,123,262,1,1,1
1288,3,1086,583,115,279,1,1,1
1288,4,1298,516,131,333,1,1,1
1288,9,1714,447,57,162,1,1,1
1289,1,727,612,233,553,1,1,1
1289,2,989,604,125,263,1,1,1
1289,3,1082,584,119,280,1,1,1
1289,4,1299,515,131,335,1,1,1
1289,9,1714,448,57,161,1,1,1
1290,1,722,613,238,553,1,1,1
1290,2,985,605,128,264,1,1,1
1290,3,1079,585,122,282,1,1,1
1290,4,1300,514,130,337,1,1,1
1290,9,1713,448,58,161,1,1,1
1291,1,716,614,243,552,1,1,1
1291,2,981,605,130,265,1,1,1
1291,3,1075,586,126,283,1,1,1
1291,4,1301,513,129,337,1,1,1
1291,9,1712,448,58,159,1,1,1
1292,1,713,617,247,550,1,1,1
1292,2,978,606,132,264,1,1,1
1292,3,1072,587,129,285,1,1,1
1292,4,1303,514,130,336,1,1,1
1292,9,1713,449,57,160,1,1,1
1293,1,709,620,251,547,1,1,1
1293,2,974,607,134,263,1,1,1
1293,3,1070,588,130,287,1,1,1
1293,4,1305,514,130,335,1,1,1
1293,9,1714,449,56,160,1,1,1
1294,1,705,622,255,545,1,1,1
1294,2,970,608,135,261,1,1,1
1294,3,1067,589,132,289,1,1,1
1294,4,1306,514,131,334,1,1,1
1294,9,1714,449,56,161,1,1,1
1295,1,702,625,258,542,1,1,1
1295,2,966,609,137,260,1,1,1
1295,3,1065,590,133,291,1,1,1
1295,4,1308,514,130,333,1,1,1
1295,9,1715,450,54,160,1,1,1
1296,1,697,627,262,539,1,1,1
1296,2,962,609,137,258,1,1,1
1296,3,1061,590,135,292,1,1,1
1296,4,1309,514,130,332,1,1,1
1296,7,1119,578,59,146,1,1,1
1296,9,1715,450,53,160,1,1,1
1297,1,694,628,263,538,1,1,1
1297,2,959,611,135,258,1,1,1
1297,3,1060,591,137,294,1,1,1
1297,4,1312,514,128,333,1,1,1
1297,7,1120,579,59,146,1,1,1
1297,9,1715,450,54,161,1,1,1
1298,1,691,629,262,537,1,1,1
1298,2,956,612,133,258,1,1,1
1298,3,1058,591,138,296,1,1,1
1298,4,1314,514,126,333,1,1,1
1298,7,1120,579,59,146,1,1,1
1298,9,1715,450,54,161,1,1,1
1299,1,687,630,262,536,1,1,1
1299,2,953,613,130,257,1,1,1
1299,3,1055,592,140,296,1,1,1
1299,4,1316,514,124,333,1,1,1
1299,7,1120,579,59,146,1,1,1
1299,9,1715,449,54,162,1,1,1
1300,1,684,631,261,534,1,1,1
1300,2,950,614,127,257,1,1,1
1300,3,1053,592,142,298,1,1,1
1300,4,1318,513,122,334,1,1,1
1300,7,1121,580,58,145,1,1,1
1300,9,1715,449,54,162,1,1,1
1301,1,680,631,261,533,1,1,1
1301,2,946,615,125,256,1,1,1
1301,3,1051,592,142,298,1,1,1
1301,4,1320,513,119,334,1,1,1
1301,7,1121,579,57,145,1,1,1
1301,9,1714,448,54,161,1,1,1
1302,1,676,632,253,534,1,1,1
1302,2,944,616,125,256,1,1,1
1302,3,1049,593,141,299,1,1,1
1302,4,1321,512,118,336,1,1,1
1302,7,1121,580,57,145,1,1,1
1302,9,1715,449,54,162,1,1,1
1303,1,672,632,245,534,1,1,1
1303,2,941,617,124,255,1,1,1
1303,3,1046,594,140,298,1,1,1
1303,4,1322,512,117,336,1,1,1
1303,7,1121,581,57,144,1,1,1
1303,9,1715,450,55,162,1,1,1
1304,1,668,633,236,534,1,1,1
1304,2,939,618,123,254,1,1,1
1304,3,1043,594,139,298,1,1,1
1304,4,1322,511,117,337,1,1,1
1304,7,1121,581,57,145,1,1,1
1304,9,1715,450,55,162,1,1,1
1305,1,664,633,228,534,1,1,1
1305,2,936,619,123,252,1,1,1
1305,3,1041,595,137,298,1,1,1
1305,4,1323,510,116,338,1,1,1
1305,7,1121,582,57,144,1,1,1
1305,9,1715,451,55,162,1,1,1
1306,1,659,633,219,534,1,1,1
1306,2,933,620,122,251,1,1,1
1306,3,1038,595,135,297,1,1,1
1306,4,1323,509,114,338,1,1,1
1306,5,1386,503,102,304,1,1,1
1306,7,1120,582,57,143,1,1,1
1306,9,1715,451,55,162,1,1,1
1307,1,653,635,218,537,1,1,1
1307,2,930,622,126,250,1,1,1
1307,3,1036,596,134,297,1,1,1
1307,4,1323,510,116,339,1,1,1
1307,5,1389,504,113,303,1,1,1
1307,7,1121,583,57,144,1,1,1
1307,9,1715,452,56,162,1,1,1
1308,1,647,637,216,539,1,1,1
1308,2,927,623,128,250,1,1,1
1308,3,1033,597,133,297,1,1,1
1308,4,1323,511,116,340,1,1,1
1308,5,1391,504,125,302,1,1,1
1308,7,1120,583,58,144,1,1,1
1308,9,1714,453,56,161,1,1,1
1309,1,641,639,214,541,1,1,1
1309,2,924,625,131,249,1,1,1
1309,3,1031,597,132,297,1,1,1
1309,4,1322,511,117,341,1,1,1
1309,5,1394,505,135,300,1,1,1
1309,7,1120,583,58,145,1,1,1
1309,9,1714,454,56,160,1,1,1
1310,1,634,641,213,543,1,1,1
1310,2,921,627,134,248,1,1,1
1310,3,1028,598,131,296,1,1,1
1310,4,1321,512,118,342,1,1,1
1310,5,1396,506,147,299,1,1,1
1310,7,1120,583,58,146,1,1,1
1310,9,1713,454,57,160,1,1,1
1311,1,628,642,210,545,1,1,1
1311,2,917,628,136,247,1,1,1
1311,3,1026,598,129,295,1,1,1
1311,4,1320,512,117,342,1,1,1
1311,5,1398,506,157,297,1,1,1
1311,7,1119,583,58,145,1,1,1
1311,9,1712,455,57,158,1,1,1
1312,1,620,645,218,545,1,1,1
1312,2,914,629,139,249,1,1,1
1312,3,1025,600,127,297,1,1,1
1312,4,1321,513,117,345,1,1,1
1312,5,1404,506,157,298,1,1,1
1312,7,1120,584,58,146,1,1,1
1312,9,1712,455,58,159,1,1,1
1313,1,613,648,225,544,1,1,1
1313,2,910,631,143,250,1,1,1
1313,3,1024,601,124,297,1,1,1
1313,4,1321,514,116,346,1,1,1
1313,5,1410,507,155,297,1,1,1
1313,7,1120,585,57,145,1,1,1
1313,9,1712,456,57,158,1,1,1
1314,1,605,650,233,543,1,1,1
1314,2,906,632,146,251,1,1,1
1314,3,1023,602,121,298,1,1,1
1314,4,1320,515,117,348,1,1,1
1314,5,1415,507,155,298,1,1,1
1314,7,1120,585,57,145,1,1,1
1314,9,1711,456,58,159,1,1,1
1315,1,597,652,241,543,1,1,1
1315,2,903,633,148,253,1,1,1
1315,3,1022,603,119,299,1,1,1
1315,4,1320,516,116,349,1,1,1
1315,5,1421,507,153,298,1,1,1
1315,7,1120,586,57,145,1,1,1
1315,9,1711,456,58,159,1,1,1
1316,1,589,654,248,541,1,1,1
1316,2,898,634,151,253,1,1,1
1316,3,1021,603,115,300,1,1,1
1316,4,1320,516,115,351,1,1,1
1316,5,1426,507,152,297,1,1,1
1316,7,1120,586,55,144,1,1,1
1316,9,1710,456,58,159,1,1,1
1317,1,580,658,257,540,1,1,1
1317,2,895,635,149,254,1,1,1
1317,3,1021,605,116,301,1,1,1
1317,4,1320,518,116,351,1,1,1
1317,5,1430,506,150,298,1,1,1
1317,7,1120,587,56,144,1,1,1
1317,9,1711,456,58,160,1,1,1
1318,1,571,662,266,538,1,1,1
1318,2,892,636,146,253,1,1,1
1318,3,1020,606,118,303,1,1,1
1318,4,1319,520,117,350,1,1,1
1318,5,1434,505,147,297,1,1,1
1318,7,1119,588,57,143,1,1,1
1318,9,1711,456,58,161,1,1,1
1319,1,562,665,274,536,1,1,1
1319,2,889,636,143,253,1,1,1
1319,3,1019,607,119,304,1,1,1
1319,4,1319,522,117,349,1,1,1
1319,5,1438,504,144,297,1,1,1
1319,7,1118,588,58,144,1,1,1
1319,9,1711,457,57,160,1,1,1
1320,1,552,669,283,534,1,1,1
1320,2,885,637,142,253,1,1,1
1320,3,1019,608,119,306,1,1,1
1320,4,1318,523,118,349,1,1,1
1320,5,1442,503,141,297,1,1,1
1320,7,1117,588,59,144,1,1,1
1320,9,1711,457,57,161,1,1,1
1321,1,543,672,291,531,1,1,1
1321,2,881,637,138,252,1,1,1
1321,3,1018,609,120,306,1,1,1
1321,4,1318,525,118,348,1,1,1
1321,5,1445,501,138,297,1,1,1
1321,7,1116,588,59,143,1,1,1
1321,9,1711,456,56,161,1,1,1
1322,1,534,673,293,531,1,1,1
1322,2,879,639,134,252,1,1,1
1322,3,1018,609,121,308,1,1,1
1322,4,1317,525,120,351,1,1,1
1322,5,1451,500,134,298,1,1,1
1322,7,1118,589,59,144,1,1,1
1322,9,1711,458,57,161,1,1,1
1323,1,525,675,295,530,1,1,1
1323,2,876,640,129,253,1,1,1
1323,3,1018,609,121,309,1,1,1
1323,4,1315,525,122,353,1,1,1
1323,5,1455,499,130,298,1,1,1
1323,7,1119,589,58,144,1,1,1
1323,9,1711,458,58,161,1,1,1
1324,1,517,676,295,529,1,1,1
1324,2,873,641,125,253,1,1,1
1324,3,1018,608,121,311,1,1,1
1324,4,1314,526,124,354,1,1,1
1324,5,1460,498,126,299,1,1,1
1324,7,1120,589,57,145,1,1,1
1324,9,1711,459,58,161,1,1,1
1325,1,508,677,296,528,1,1,1
1325,2,871,643,119,252,1,1,1
1325,3,1019,608,120,311,1,1,1
1325,4,1313,526,125,356,1,1,1
1325,5,1465,497,121,299,1,1,1
1325,7,1121,589,57,146,1,1,1
1325,9,1711,460,58,160,1,1,1
1326,1,498,678,297,527,1,1,1
1326,2,867,643,114,252,1,1,1
1326,3,1018,607,120,312,1,1,1
1326,4,1311,526,127,358,1,1,1
1326,5,1469,495,116,300,1,1,1
1326,7,1121,589,56,145,1,1,1
1326,9,1711,460,58,160,1,1,1
1327,1,492,680,293,526,1,1,1
1327,2,865,645,117,254,1,1,1
1327,3,1019,608,121,313,1,1,1
1327,4,1310,527,129,358,1,1,1
1327,5,1473,496,123,301,1,1,1
1327,7,1122,590,56,146,1,1,1
1327,9,1712,461,58,160,1,1,1
1328,1,486,683,286,523,1,1,1
1328,2,862,646,119,256,1,1,1
1328,3,1019,608,120,313,1,1,1
1328,4,1308,527,131,359,1,1,1
1328,5,1477,496,128,301,1,1,1
1328,7,1121,591,57,145,1,1,1
1328,9,1712,461,57,161,1,1,1
1329,1,480,685,280,522,1,1,1
1329,2,859,647,121,258,1,1,1
1329,3,1019,608,120,314,1,1,1
1329,4,1307,528,133,359,1,1,1
1329,5,1481,495,134,303,1,1,1
1329,7,1121,592,57,145,1,1,1
1329,9,1712,462,57,160,1,1,1
1330,1,473,687,275,521,1,1,1
1330,2,856,648,123,261,1,1,1
1330,3,1019,608,120,315,1,1,1
1330,4,1305,528,135,360,1,1,1
1330,5,1484,495,140,304,1,1,1
1330,7,1121,593,57,145,1,1,1
1330,9,1712,463,57,159,1,1,1
1331,1,466,689,269,519,1,1,1
1331,2,853,648,125,263,1,1,1
1331,3,1019,608,120,315,1,1,1
1331,4,1303,528,136,360,1,1,1
1331,5,1488,495,145,304,1,1,1
1331,7,1120,594,57,144,1,1,1
1331,9,1711,463,57,159,1,1,1
1332,1,462,691,261,518,1,1,1
1332,2,850,650,129,264,1,1,1
1332,3,1017,609,123,319,1,1,1
1332,4,1302,528,141,362,1,1,1
1332,5,1492,495,151,306,1,1,1
1332,7,1120,594,59,145,1,1,1
1332,9,1712,464,58,159,1,1,1
1333,1,458,692,253,518,1,1,1
1333,2,847,652,132,263,1,1,1
1333,3,1015,610,125,323,1,1,1
1333,4,1301,528,144,364,1,1,1
1333,5,1496,495,157,306,1,1,1
1333,7,1121,595,59,145,1,1,1
1333,9,1712,464,58,160,1,1,1
1334,1,454,694,244,517,1,1,1
1334,2,843,653,136,264,1,1,1
1334,3,1012,611,128,327,1,1,1
1334,4,1300,528,147,365,1,1,1
1334,5,1499,494,164,308,1,1,1
1334,7,1121,595,60,146,1,1,1
1334,9,1712,465,59,160,1,1,1
1335,1,449,695,237,517,1,1,1
1335,2,840,655,139,263,1,1,1
1335,3,1010,612,131,330,1,1,1
1335,4,1298,527,151,367,1,1,1
1335,5,1503,494,170,308,1,1,1
1335,7,1121,596,62,146,1,1,1
1335,9,1712,465,59,161,1,1,1
1336,1,445,697,228,516,1,1,1
1336,2,836,656,143,264,1,1,1
1336,3,1008,613,133,334,1,1,1
1336,4,1297,527,154,368,1,1,1
1336,5,1507,494,176,309,1,1,1
1336,7,1121,596,63,147,1,1,1
1336,9,1712,465,59,161,1,1,1
1337,1,443,699,230,515,1,1,1
1337,2,833,657,145,265,1,1,1
1337,3,1006,615,136,335,1,1,1
1337,4,1297,528,150,370,1,1,1
1337,5,1512,493,173,310,1,1,1
1337,7,1121,596,62,147,1,1,1
1337,9,1712,466,60,161,1,1,1
1338,1,441,701,231,513,1,1,1
1338,2,831,659,146,265,1,1,1
1338,3,1004,617,138,336,1,1,1
1338,4,1298,530,145,371,1,1,1
1338,5,1518,493,168,310,1,1,1
1338,7,1121,596,62,147,1,1,1
1338,9,1712,466,60,161,1,1,1
1339,1,439,703,233,512,1,1,1
1339,2,828,660,149,266,1,1,1
1339,3,1002,619,141,336,1,1,1
1339,4,1298,531,141,373,1,1,1
1339,5,1523,492,165,311,1,1,1
1339,7,1121,596,61,148,1,1,1
1339,9,1712,466,60,161,1,1,1
1340,1,438,704,234,511,1,1,1
1340,2,825,661,151,267,1,1,1
1340,3,1000,622,144,336,1,1,1
1340,4,1299,532,137,375,1,1,1
1340,5,1529,491,160,312,1,1,1
1340,7,1120,596,61,148,1,1,1
1340,9,1711,466,61,161,1,1,1
1341,1,435,706,235,509,1,1,1
1341,2,822,662,152,266,1,1,1
1341,3,997,623,146,337,1,1,1
1341,4,1299,533,132,375,1,1,1
1341,5,1534,490,156,312,1,1,1
1341,7,1120,596,60,147,1,1,1
1341,9,1710,466,60,160,1,1,1
1342,1,434,708,237,508,1,1,1
1342,2,819,664,150,266,1,1,1
1342,3,994,624,150,340,1,1,1
1342,4,1300,534,131,378,1,1,1
1342,5,1538,489,153,314,1,1,1
1342,7,1120,597,61,147,1,1,1
1342,9,1711,467,61,161,1,1,1
1343,1,431,709,240,507,1,1,1
1343,2,815,664,147,266,1,1,1
1343,3,989,625,154,342,1,1,1
1343,4,1300,535,131,380,1,1,1
1343,5,1542,488,149,315,1,1,1
1343,7,1121,598,60,147,1,1,1
1343,9,1712,467,60,162,1,1,1
1344,1,429,710,241,506,1,1,1
1344,2,812,665,144,266,1,1,1
1344,3,985,626,157,344,1,1,1
1344,4,1301,536,129,382,1,1,1
1344,5,1546,487,145,315,1,1,1
1344,7,1121,598,60,147,1,1,1
1344,9,1712,468,60,161,1,1,1
1345,1,427,712,243,504,1,1,1
1345,2,808,666,141,265,1,1,1
1345,3,980,627,162,346,1,1,1
1345,4,1301,536,129,385,1,1,1
1345,5,1549,486,142,316,1,1,1
1345,7,1121,599,60,147,1,1,1
1345,9,1713,468,60,162,1,1,1
1346,1,425,713,244,502,1,1,1
1346,2,804,666,138,264,1,1,1
1346,3,975,627,165,348,1,1,1
1346,4,1301,536,127,386,1,1,1
1346,5,1552,485,138,316,1,1,1
1346,7,1121,599,60,147,1,1,1
1346,9,1713,468,59,162,1,1,1
1347,1,423,713,242,503,1,1,1
1347,2,801,667,133,265,1,1,1
1347,3,973,628,165,348,1,1,1
1347,4,1301,536,128,388,1,1,1
1347,5,1556,485,135,317,1,1,1
1347,7,1121,600,61,147,1,1,1
1347,9,1713,469,59,162,1,1,1
1348,1,420,714,241,502,1,1,1
1348,2,798,668,127,264,1,1,1
1348,3,971,628,164,348,1,1,1
1348,4,1301,536,128,388,1,1,1
1348,5,1560,484,132,319,1,1,1
1348,7,1121,600,60,147,1,1,1
1348,9,1713,469,59,162,1,1,1
1349,1,418,714,239,503,1,1,1
1349,2,794,668,122,265,1,1,1
1349,3,968,629,164,347,1,1,1
1349,4,1301,535,128,389,1,1,1
1349,5,1563,484,129,320,1,1,1
1349,7,1121,600,60,147,1,1,1
1349,9,1713,470,59,161,1,1,1
1350,1,415,714,237,503,1,1,1
1350,2,791,669,117,265,1,1,1
1350,3,965,629,164,347,1,1,1
1350,4,1301,534,128,390,1,1,1
1350,5,1567,483,125,322,1,1,1
1350,7,1121,600,60,147,1,1,1
1350,9,1713,470,58,161,1,1,1