1,1,921,672,38,101,1,1,1
1,2,867,676,50,97,1,1,1
2,1,921,673,38,101,1,1,1
2,2,867,676,50,97,1,1,1
3,1,922,673,38,101,1,1,1
3,2,865,676,50,97,1,1,1
4,1,920,673,38,101,1,1,1
4,2,865,675,50,97,1,1,1
5,1,921,672,38,101,1,1,1
5,2,865,676,50,97,1,1,1
6,1,922,671,38,101,1,1,1
6,2,865,676,50,97,1,1,1
7,1,923,671,38,101,1,1,1
7,2,864,675,53,96,1,1,1
8,1,923,671,38,101,1,1,1
8,2,862,677,53,96,1,1,1
9,1,924,671,38,101,1,1,1
9,2,863,676,53,96,1,1,1
10,1,924,671,38,101,1,1,1
10,2,863,674,53,96,1,1,1
11,1,925,670,38,101,1,1,1
11,2,862,675,53,96,1,1,1
12,1,925,670,38,101,1,1,1
12,2,863,675,53,96,1,1,1
13,1,925,670,38,101,1,1,1
13,2,863,676,53,96,1,1,1
14,1,926,672,38,101,1,1,1
14,2,863,675,53,96,1,1,1
15,1,925,671,38,101,1,1,1
15,2,862,674,53,96,1,1,1
16,1,924,672,38,101,1,1,1
16,2,862,673,53,96,1,1,1
17,1,925,671,38,101,1,1,1
17,2,862,674,53,96,1,1,1
18,1,925,672,38,101,1,1,1
18,2,862,673,53,96,1,1,1
19,1,924,672,38,101,1,1,1
19,2,863,672,53,96,1,1,1
20,1,925,673,38,101,1,1,1
20,2,863,673,53,96,1,1,1
21,1,925,673,38,101,1,1,1
21,2,863,674,53,96,1,1,1
22,1,923,673,38,101,1,1,1
22,2,862,672,53,96,1,1,1
23,1,925,673,38,104,1,1,1
23,2,863,672,53,96,1,1,1
24,1,925,672,38,104,1,1,1
24,2,862,675,53,92,1,1,1
25,1,924,674,38,104,1,1,1
25,2,862,675,53,92,1,1,1
26,1,924,671,38,104,1,1,1
26,2,860,675,53,92,1,1,1
27,1,924,672,38,104,1,1,1
27,2,860,675,53,92,1,1,1
28,1,923,672,38,104,1,1,1
28,2,861,675,53,92,1,1,1
29,1,923,669,38,104,1,1,1
29,2,861,675,53,92,1,1,1
30,1,923,670,38,106,1,1,1
30,2,861,676,53,92,1,1,1
31,1,923,671,38,106,1,1,1
31,2,860,676,53,92,1,1,1
32,1,923,670,38,106,1,1,1
32,2,861,676,53,92,1,1,1
33,1,924,670,38,106,1,1,1
33,2,860,673,54,95,1,1,1
34,1,920,668,42,111,1,1,1
34,2,860,673,54,95,1,1,1
35,1,921,670,41,109,1,1,1
35,2,860,673,54,95,1,1,1
36,1,921,671,41,108,1,1,1
36,2,860,673,54,95,1,1,1
37,1,921,668,41,108,1,1,1
37,2,860,675,54,95,1,1,1
38,1,922,669,41,108,1,1,1
38,2,858,675,54,95,1,1,1
39,1,923,671,41,108,1,1,1
39,2,858,675,54,90,1,1,1
40,1,923,672,41,108,1,1,1
40,2,857,675,54,89,1,1,1
41,1,925,671,39,113,1,1,1
41,2,856,674,54,89,1,1,1
42,1,925,671,39,113,1,1,1
42,2,855,676,54,89,1,1,1
43,1,924,672,39,108,1,1,1
43,2,858,676,49,90,1,1,1
44,1,926,672,39,108,1,1,1
44,2,859,675,49,90,1,1,1
45,1,926,671,39,108,1,1,1
45,2,860,675,49,90,1,1,1
46,1,926,671,39,108,1,1,1
46,2,861,676,49,90,1,1,1
47,1,926,672,39,108,1,1,1
47,2,857,674,52,92,1,1,1
48,1,928,671,39,108,1,1,1
48,2,856,675,52,92,1,1,1
49,1,927,672,39,108,1,1,1
49,2,858,675,52,92,1,1,1
50,1,928,670,41,110,1,1,1
50,2,856,676,52,92,1,1,1
51,1,927,672,41,110,1,1,1
51,2,856,676,52,92,1,1,1
52,1,927,671,41,110,1,1,1
52,2,857,676,52,92,1,1,1
53,1,927,672,41,110,1,1,1
53,2,859,677,48,91,1,1,1
54,1,926,672,41,110,1,1,1
54,2,859,676,48,91,1,1,1
55,1,928,674,41,110,1,1,1
55,2,859,674,48,91,1,1,1
56,1,927,675,41,110,1,1,1
56,2,859,674,48,91,1,1,1
57,1,928,676,41,110,1,1,1
57,2,861,675,50,92,1,1,1
58,1,928,676,41,110,1,1,1
58,2,860,674,50,92,1,1,1
59,1,927,675,41,110,1,1,1
59,2,860,675,50,92,1,1,1
60,1,927,674,41,110,1,1,1
60,2,859,674,50,92,1,1,1
61,1,927,675,41,110,1,1,1
61,2,860,675,48,93,1,1,1
62,1,927,675,41,110,1,1,1
62,2,860,675,48,93,1,1,1
63,1,927,672,41,110,1,1,1
63,2,860,676,48,91,1,1,1
64,1,926,673,41,110,1,1,1
64,2,859,678,48,89,1,1,1
65,1,925,674,41,110,1,1,1
65,2,859,682,48,85,1,1,1
66,1,925,675,41,110,1,1,1
66,2,860,682,45,86,1,1,1
67,1,927,674,41,110,1,1,1
67,2,861,683,45,86,1,1,1
68,1,925,674,41,114,1,1,1
68,2,860,685,45,86,1,1,1
69,1,925,674,41,114,1,1,1
69,2,861,680,45,86,1,1,1
70,1,926,675,41,114,1,1,1
70,2,861,677,46,90,1,1,1
71,1,926,674,41,114,1,1,1
71,2,861,678,46,90,1,1,1
72,1,926,674,41,114,1,1,1
72,2,859,680,46,90,1,1,1
73,1,926,674,41,114,1,1,1
73,2,858,680,46,90,1,1,1
74,1,929,675,41,114,1,1,1
74,2,857,681,49,90,1,1,1
75,1,927,673,41,117,1,1,1
75,2,858,681,49,90,1,1,1
76,1,929,677,41,114,1,1,1
76,2,859,681,49,90,1,1,1
77,1,930,676,41,114,1,1,1
77,2,857,681,49,90,1,1,1
78,1,930,674,41,114,1,1,1
78,2,856,680,49,90,1,1,1
79,1,931,675,41,114,1,1,1
79,2,857,680,49,90,1,1,1
80,1,930,674,41,114,1,1,1
80,2,856,681,49,90,1,1,1
81,1,930,674,43,116,1,1,1
81,2,856,681,49,90,1,1,1
82,1,929,673,43,118,1,1,1
82,2,857,681,49,90,1,1,1
83,2,856,682,49,90,1,1,1
83,1,929,673,45,116,1,1,1
84,1,931,677,45,116,1,1,1
84,2,859,682,47,87,1,1,1
85,1,934,674,41,116,1,1,1
85,2,857,681,49,90,1,1,1
86,1,933,676,41,116,1,1,1
86,2,855,683,49,90,1,1,1
87,1,935,678,41,116,1,1,1
87,2,856,684,49,90,1,1,1
88,1,935,679,41,116,1,1,1
88,2,856,683,49,90,1,1,1
89,1,935,680,41,116,1,1,1
89,2,854,685,49,90,1,1,1
90,1,936,680,41,116,1,1,1
90,2,854,685,49,90,1,1,1
91,1,934,680,41,116,1,1,1
91,2,854,686,49,90,1,1,1
92,1,933,680,41,116,1,1,1
92,2,855,688,47,86,1,1,1
93,1,933,681,41,116,1,1,1
93,2,856,687,47,86,1,1,1
94,1,933,680,41,116,1,1,1
94,2,855,688,47,86,1,1,1
95,1,933,681,41,116,1,1,1
95,2,856,689,47,86,1,1,1
96,1,933,680,41,116,1,1,1
96,2,856,687,47,86,1,1,1
97,1,933,681,41,116,1,1,1
97,2,855,689,47,86,1,1,1
98,1,933,681,41,116,1,1,1
98,2,854,689,47,86,1,1,1
99,1,931,679,41,114,1,1,1
99,2,855,690,47,86,1,1,1
100,1,931,681,41,114,1,1,1
100,2,856,691,47,86,1,1,1
101,1,931,678,43,120,1,1,1
101,2,856,691,47,86,1,1,1
102,1,930,678,43,120,1,1,1
102,2,855,688,47,86,1,1,1
103,1,930,679,43,120,1,1,1
103,2,855,689,47,86,1,1,1
104,1,930,680,43,120,1,1,1
104,2,856,689,47,86,1,1,1
105,1,927,680,43,118,1,1,1
105,2,852,683,49,90,1,1,1
106,1,926,682,43,118,1,1,1
106,2,852,684,49,90,1,1,1
107,1,928,680,43,118,1,1,1
107,2,854,685,49,90,1,1,1
108,1,927,681,43,118,1,1,1
108,2,854,686,49,90,1,1,1
109,1,929,681,43,118,1,1,1
109,2,855,686,49,90,1,1,1
110,1,928,681,43,118,1,1,1
110,2,854,687,49,90,1,1,1
111,1,928,680,43,118,1,1,1
111,2,853,689,49,90,1,1,1
112,1,929,682,43,118,1,1,1
112,2,853,689,49,90,1,1,1
113,1,930,681,43,118,1,1,1
113,2,855,688,49,90,1,1,1
114,1,930,679,43,118,1,1,1
114,2,852,689,49,90,1,1,1
115,1,932,680,43,118,1,1,1
115,2,850,685,55,94,1,1,1
116,1,932,678,41,123,1,1,1
116,2,850,683,57,97,1,1,1
117,1,932,679,41,123,1,1,1
117,2,849,684,57,97,1,1,1
118,1,932,678,41,120,1,1,1
118,2,846,684,57,97,1,1,1
119,1,932,679,43,124,1,1,1
119,2,853,683,52,96,1,1,1
120,1,931,678,43,124,1,1,1
120,2,851,685,52,96,1,1,1
121,1,932,679,43,124,1,1,1
121,2,852,686,52,96,1,1,1
122,1,933,679,42,123,1,1,1
122,2,852,688,52,96,1,1,1
123,1,931,681,42,123,1,1,1
123,2,853,687,50,96,1,1,1
124,1,933,681,42,123,1,1,1
124,2,852,688,50,96,1,1,1
125,1,934,684,42,123,1,1,1
125,2,854,687,50,96,1,1,1
126,1,932,682,42,123,1,1,1
126,2,854,688,50,96,1,1,1
127,1,931,683,42,123,1,1,1
127,2,854,688,50,96,1,1,1
128,1,930,683,45,123,1,1,1
128,2,854,688,50,96,1,1,1
129,1,932,684,45,123,1,1,1
129,2,854,687,50,96,1,1,1
130,1,932,684,45,123,1,1,1
130,2,855,687,50,96,1,1,1
131,1,929,680,46,123,1,1,1
131,2,855,689,50,96,1,1,1
132,1,928,681,45,123,1,1,1
132,2,854,689,50,96,1,1,1
133,1,928,680,44,123,1,1,1
133,2,855,689,50,96,1,1,1
134,1,928,682,44,123,1,1,1
134,2,854,687,50,96,1,1,1
135,1,927,681,44,123,1,1,1
135,2,854,688,50,96,1,1,1
136,1,928,682,44,123,1,1,1
136,2,854,688,50,96,1,1,1
137,1,927,682,44,123,1,1,1
137,2,853,688,50,96,1,1,1
138,1,929,685,43,123,1,1,1
138,2,851,689,53,96,1,1,1
139,1,929,684,45,123,1,1,1
139,2,853,689,53,96,1,1,1
140,1,931,684,45,123,1,1,1
140,2,851,689,53,96,1,1,1
141,1,929,685,45,123,1,1,1
141,2,852,689,54,99,1,1,1
142,1,929,682,45,123,1,1,1
142,2,852,689,54,102,1,1,1
143,1,929,686,45,123,1,1,1
143,2,850,691,54,102,1,1,1
144,1,930,685,45,126,1,1,1
144,2,852,687,54,102,1,1,1
145,1,933,684,43,122,1,1,1
145,2,853,688,52,102,1,1,1
146,1,933,684,43,125,1,1,1
146,2,852,688,52,102,1,1,1
147,1,934,682,42,127,1,1,1
147,2,851,688,57,103,1,1,1
148,1,934,681,42,127,1,1,1
148,2,851,687,56,100,1,1,1
149,1,936,683,42,124,1,1,1
149,2,849,688,56,100,1,1,1
150,1,935,683,42,124,1,1,1
150,2,852,688,51,99,1,1,1
151,1,935,683,42,124,1,1,1
151,2,854,688,51,99,1,1,1
152,1,933,682,46,127,1,1,1
152,2,852,688,51,99,1,1,1
153,1,933,685,46,122,1,1,1
153,2,852,689,52,99,1,1,1
154,1,933,686,46,125,1,1,1
154,2,852,687,51,99,1,1,1
155,1,933,686,46,125,1,1,1
155,2,852,691,51,99,1,1,1
156,1,934,688,47,122,1,1,1
156,2,853,688,51,99,1,1,1
157,1,932,688,47,122,1,1,1
157,2,853,689,52,102,1,1,1
158,1,932,688,47,124,1,1,1
158,2,852,690,52,102,1,1,1
159,1,931,689,47,124,1,1,1
159,2,852,691,49,100,1,1,1
160,1,931,689,47,124,1,1,1
160,2,853,691,49,100,1,1,1
161,1,931,688,47,124,1,1,1
161,2,853,691,49,100,1,1,1
162,1,930,688,47,124,1,1,1
162,2,853,693,49,100,1,1,1
163,1,928,687,47,129,1,1,1
163,2,850,691,52,102,1,1,1
164,1,930,686,44,126,1,1,1
164,2,850,690,52,102,1,1,1
165,1,929,686,44,126,1,1,1
165,2,852,690,52,102,1,1,1
166,1,930,686,42,127,1,1,1
166,2,851,691,52,102,1,1,1
167,1,931,686,41,126,1,1,1
167,2,852,691,52,102,1,1,1
168,1,933,689,41,126,1,1,1
168,2,851,691,52,102,1,1,1
169,1,930,687,41,126,1,1,1
169,2,852,693,52,102,1,1,1
170,1,930,687,41,126,1,1,1
170,2,852,691,52,102,1,1,1
171,1,925,687,48,126,1,1,1
171,2,851,691,52,102,1,1,1
172,1,924,690,48,126,1,1,1
172,2,851,693,52,102,1,1,1
173,1,925,689,47,129,1,1,1
173,2,851,693,52,102,1,1,1
174,1,919,690,54,130,1,1,1
174,2,851,693,52,102,1,1,1
175,1,920,689,53,131,1,1,1
175,2,851,694,52,102,1,1,1
176,1,926,688,48,131,1,1,1
176,2,852,694,52,102,1,1,1
177,1,931,690,42,131,1,1,1
177,2,851,695,52,102,1,1,1
178,1,929,691,44,131,1,1,1
178,2,851,697,52,102,1,1,1
179,1,926,688,49,131,1,1,1
179,2,852,693,51,107,1,1,1
180,2,850,694,54,103,1,1,1
180,1,928,690,47,128,1,1,1
181,2,849,693,54,103,1,1,1
181,1,929,687,47,133,1,1,1
182,2,848,694,54,103,1,1,1
182,1,930,689,47,133,1,1,1
183,2,849,695,54,103,1,1,1
183,1,928,687,47,133,1,1,1
184,2,848,696,54,103,1,1,1
184,1,931,690,47,133,1,1,1
185,2,847,694,56,108,1,1,1
185,1,930,690,47,133,1,1,1
186,2,845,697,57,104,1,1,1
186,1,929,689,50,135,1,1,1
187,2,844,697,57,104,1,1,1
187,1,928,689,50,135,1,1,1
188,2,844,695,57,104,1,1,1
188,1,930,690,50,135,1,1,1
189,2,845,697,57,104,1,1,1
189,1,932,693,49,130,1,1,1
190,2,846,696,57,104,1,1,1
190,1,928,694,50,131,1,1,1
191,2,844,697,57,104,1,1,1
191,1,928,694,50,131,1,1,1
192,2,844,699,57,104,1,1,1
192,1,928,695,50,131,1,1,1
193,2,844,698,57,104,1,1,1
193,1,926,693,50,131,1,1,1
194,2,842,700,57,104,1,1,1
194,1,927,694,50,134,1,1,1
195,2,842,699,57,104,1,1,1
195,1,927,692,50,134,1,1,1
196,2,842,699,57,104,1,1,1
196,1,927,692,50,134,1,1,1
197,2,842,699,57,104,1,1,1
197,1,929,697,50,134,1,1,1
198,2,842,700,57,104,1,1,1
198,1,929,695,50,134,1,1,1
199,2,841,702,57,104,1,1,1
199,1,927,694,50,134,1,1,1
200,2,840,705,57,104,1,1,1
200,1,929,696,45,134,1,1,1
201,2,842,701,57,104,1,1,1
201,1,927,693,45,134,1,1,1
202,2,841,700,57,108,1,1,1
202,1,928,693,45,134,1,1,1
203,2,840,699,57,108,1,1,1
203,1,926,691,47,139,1,1,1
204,2,841,700,57,108,1,1,1
204,1,927,692,47,137,1,1,1
205,2,840,700,57,108,1,1,1
205,1,926,692,47,137,1,1,1
206,2,841,701,57,108,1,1,1
206,1,927,697,48,133,1,1,1
207,2,839,701,57,108,1,1,1
207,1,928,700,48,133,1,1,1
208,2,840,700,57,108,1,1,1
208,1,927,698,48,133,1,1,1
209,2,839,701,57,108,1,1,1
209,1,927,698,48,137,1,1,1
210,2,839,703,57,108,1,1,1
210,1,928,697,48,140,1,1,1
211,2,838,704,57,108,1,1,1
211,1,929,699,47,137,1,1,1
212,2,838,704,57,108,1,1,1
212,1,930,698,46,138,1,1,1
213,2,836,704,59,110,1,1,1
213,1,930,698,46,138,1,1,1
214,2,838,705,56,109,1,1,1
214,1,930,699,47,136,1,1,1
215,2,835,704,59,112,1,1,1
215,1,931,697,47,138,1,1,1
216,2,836,706,57,110,1,1,1
216,1,932,697,47,138,1,1,1
217,2,834,706,57,110,1,1,1
217,1,932,698,49,138,1,1,1
218,2,833,707,57,110,1,1,1
218,1,932,701,49,138,1,1,1
219,2,831,706,57,110,1,1,1
219,1,933,700,49,138,1,1,1
220,2,832,707,59,110,1,1,1
220,1,936,701,49,138,1,1,1
221,2,830,706,59,110,1,1,1
221,1,933,703,49,138,1,1,1
222,2,831,710,59,110,1,1,1
222,1,935,702,49,138,1,1,1
223,2,831,709,60,111,1,1,1
223,1,932,704,49,138,1,1,1
224,2,829,708,60,111,1,1,1
224,1,931,704,49,138,1,1,1
225,2,831,710,60,111,1,1,1
225,1,931,705,49,138,1,1,1
226,2,829,707,60,111,1,1,1
226,1,929,706,52,139,1,1,1
227,2,828,707,60,114,1,1,1
227,1,926,704,55,140,1,1,1
228,2,828,709,60,114,1,1,1
228,1,926,705,55,140,1,1,1
229,2,827,711,60,114,1,1,1
229,1,926,704,55,140,1,1,1
230,2,828,710,60,114,1,1,1
230,1,925,704,56,142,1,1,1
231,2,829,711,60,114,1,1,1
231,1,927,706,51,139,1,1,1
232,2,826,711,60,114,1,1,1
232,1,928,703,51,142,1,1,1
233,2,827,710,60,114,1,1,1
233,1,926,704,50,141,1,1,1
234,2,827,712,59,115,1,1,1
234,1,928,702,47,142,1,1,1
235,2,827,714,58,112,1,1,1
235,1,924,705,51,144,1,1,1
236,2,826,711,58,116,1,1,1
236,1,924,706,49,142,1,1,1
237,2,826,713,58,116,1,1,1
237,1,924,704,50,143,1,1,1
238,2,827,712,58,116,1,1,1
238,1,925,704,50,143,1,1,1
239,2,827,712,58,116,1,1,1
239,1,925,707,49,143,1,1,1
240,2,825,711,58,116,1,1,1
240,1,925,709,49,143,1,1,1
241,2,824,713,58,116,1,1,1
241,1,924,707,49,143,1,1,1
242,2,821,718,58,116,1,1,1
242,1,929,708,49,143,1,1,1
243,2,821,715,58,116,1,1,1
243,1,928,708,49,143,1,1,1
244,2,821,716,58,116,1,1,1
244,1,926,708,49,143,1,1,1
245,2,822,714,58,116,1,1,1
245,1,925,709,50,146,1,1,1
246,2,821,715,58,116,1,1,1
246,1,925,707,50,146,1,1,1
247,2,821,716,58,116,1,1,1
247,1,925,707,50,146,1,1,1
248,2,821,716,58,116,1,1,1
248,1,925,707,50,146,1,1,1
249,2,819,718,58,116,1,1,1
249,1,926,708,50,146,1,1,1
250,2,820,718,58,116,1,1,1
250,1,926,707,50,146,1,1,1
251,2,819,718,58,116,1,1,1
251,1,926,708,50,145,1,1,1
252,2,817,720,58,116,1,1,1
252,1,926,707,50,145,1,1,1
253,2,819,718,58,116,1,1,1
253,1,924,709,53,146,1,1,1
254,2,818,721,58,116,1,1,1
254,1,925,710,53,146,1,1,1
255,2,818,720,58,116,1,1,1
255,1,925,712,53,147,1,1,1
256,2,817,723,58,116,1,1,1
256,1,922,713,53,147,1,1,1
257,2,816,722,58,116,1,1,1
257,1,922,713,53,147,1,1,1
258,2,814,722,61,117,1,1,1
258,1,925,714,49,147,1,1,1
259,2,813,724,61,114,1,1,1
259,1,924,714,51,148,1,1,1
260,2,812,723,61,114,1,1,1
260,1,922,714,51,148,1,1,1
261,2,811,724,61,114,1,1,1
261,1,921,713,51,148,1,1,1
262,2,811,724,61,114,1,1,1
262,1,919,714,51,148,1,1,1
263,2,812,723,61,114,1,1,1
263,1,919,716,51,148,1,1,1
264,2,811,726,61,114,1,1,1
264,1,918,716,51,148,1,1,1
265,2,808,729,61,114,1,1,1
265,1,916,714,51,148,1,1,1
266,2,811,726,61,114,1,1,1
266,1,916,714,51,148,1,1,1
267,2,810,726,61,114,1,1,1
267,1,914,713,51,148,1,1,1
268,2,808,724,61,118,1,1,1
268,1,916,714,51,148,1,1,1
269,2,807,728,61,118,1,1,1
269,1,915,714,51,148,1,1,1
270,2,807,725,61,118,1,1,1
270,1,916,716,51,148,1,1,1
271,2,807,723,64,122,1,1,1
271,1,915,715,51,148,1,1,1
272,2,804,725,64,122,1,1,1
272,1,913,717,51,148,1,1,1
273,2,804,727,64,122,1,1,1
273,1,913,717,51,148,1,1,1
274,2,804,721,64,122,1,1,1
274,1,911,720,51,148,1,1,1
275,2,804,721,64,122,1,1,1
275,1,910,720,53,149,1,1,1
276,2,804,723,64,122,1,1,1
276,1,910,719,55,150,1,1,1
277,2,806,724,64,122,1,1,1
277,1,910,719,55,150,1,1,1
278,2,803,724,64,122,1,1,1
278,1,910,720,55,150,1,1,1
279,2,802,723,64,122,1,1,1
279,1,915,721,55,150,1,1,1
280,2,799,724,64,122,1,1,1
280,1,910,718,55,150,1,1,1
281,2,800,726,64,122,1,1,1
281,1,912,719,55,150,1,1,1
282,2,802,728,64,122,1,1,1
282,1,913,720,55,150,1,1,1
283,2,803,726,64,122,1,1,1
283,1,913,719,55,150,1,1,1
284,2,801,726,64,122,1,1,1
284,1,914,719,54,150,1,1,1
285,2,800,732,64,122,1,1,1
285,1,915,719,54,150,1,1,1
286,2,800,730,64,122,1,1,1
286,1,913,719,54,150,1,1,1
287,2,800,728,64,122,1,1,1
287,1,914,718,54,150,1,1,1
288,2,801,729,64,122,1,1,1
288,1,913,718,54,150,1,1,1
289,2,800,729,64,122,1,1,1
289,1,914,720,54,150,1,1,1
290,2,796,732,64,122,1,1,1
290,1,912,722,54,150,1,1,1
291,2,798,729,64,122,1,1,1
291,1,911,722,54,150,1,1,1
292,2,799,730,64,122,1,1,1
292,1,911,722,54,150,1,1,1
293,2,797,729,64,122,1,1,1
293,1,910,723,55,153,1,1,1
294,2,797,728,64,122,1,1,1
294,1,909,724,55,153,1,1,1
295,2,797,729,64,122,1,1,1
295,1,908,724,55,153,1,1,1
296,2,795,727,64,122,1,1,1
296,1,907,724,55,153,1,1,1
297,2,797,729,64,122,1,1,1
297,1,905,724,55,153,1,1,1
298,2,796,729,64,122,1,1,1
298,1,905,723,55,153,1,1,1
299,2,797,730,64,122,1,1,1
299,1,904,722,55,153,1,1,1
300,2,793,731,64,120,1,1,1
300,1,904,721,55,153,1,1,1
301,2,795,730,64,120,1,1,1
301,1,904,720,52,156,1,1,1
302,2,793,728,66,124,1,1,1
302,1,903,719,52,156,1,1,1
303,2,790,729,66,124,1,1,1
303,1,903,720,52,156,1,1,1
304,2,789,728,66,124,1,1,1
304,1,901,719,52,156,1,1,1
305,2,795,729,60,124,1,1,1
305,1,901,721,52,151,1,1,1
306,2,794,727,60,124,1,1,1
306,1,898,721,54,152,1,1,1
307,2,795,729,60,124,1,1,1
307,1,897,718,54,152,1,1,1
308,2,792,729,60,124,1,1,1
308,1,897,722,53,153,1,1,1
309,2,790,729,65,124,1,1,1
309,1,898,723,53,153,1,1,1
310,2,790,730,65,124,1,1,1
310,1,900,721,50,156,1,1,1
311,2,788,731,65,124,1,1,1
311,1,900,722,50,156,1,1,1
312,2,787,732,65,124,1,1,1
312,1,901,722,50,156,1,1,1
313,2,787,730,65,124,1,1,1
313,1,901,725,50,156,1,1,1
314,2,786,729,65,124,1,1,1
314,1,900,721,50,156,1,1,1
315,2,786,728,65,124,1,1,1
315,1,900,720,50,156,1,1,1
316,2,788,729,65,124,1,1,1
316,1,900,720,50,156,1,1,1
317,2,785,732,65,124,1,1,1
317,1,900,720,50,156,1,1,1
318,2,785,729,65,124,1,1,1
318,1,901,718,50,156,1,1,1
319,2,785,727,65,124,1,1,1
319,1,901,720,50,156,1,1,1
320,2,784,729,65,124,1,1,1
320,1,900,718,50,156,1,1,1
321,2,783,728,65,124,1,1,1
321,1,899,716,50,156,1,1,1
322,2,783,731,65,124,1,1,1
322,1,899,715,50,156,1,1,1
323,2,784,735,62,118,1,1,1
323,1,899,717,50,156,1,1,1
324,2,785,735,62,118,1,1,1
324,1,897,718,50,156,1,1,1
325,2,784,734,62,118,1,1,1
325,1,898,718,50,156,1,1,1
326,2,783,733,62,118,1,1,1
326,1,897,718,50,156,1,1,1
327,2,783,735,62,118,1,1,1
327,1,896,718,51,156,1,1,1
328,2,783,732,62,118,1,1,1
328,1,896,716,51,156,1,1,1
329,2,782,732,62,118,1,1,1
329,1,894,717,51,156,1,1,1
330,2,784,732,62,118,1,1,1
330,1,895,719,50,156,1,1,1
331,2,783,734,62,118,1,1,1
331,1,893,719,50,156,1,1,1
332,2,784,732,62,118,1,1,1
332,1,892,719,50,156,1,1,1
333,2,783,732,62,118,1,1,1
333,1,890,719,54,150,1,1,1
334,2,782,734,62,118,1,1,1
334,1,889,719,54,150,1,1,1
335,2,782,733,62,118,1,1,1
335,1,886,718,54,150,1,1,1
336,2,784,734,62,118,1,1,1
336,1,886,718,54,150,1,1,1
337,2,782,731,62,118,1,1,1
337,1,884,717,55,150,1,1,1
338,2,782,733,62,118,1,1,1
338,1,881,717,55,150,1,1,1
339,2,782,731,62,118,1,1,1
339,1,884,716,55,150,1,1,1
340,2,782,731,62,118,1,1,1
340,1,884,715,50,150,1,1,1
341,2,783,729,62,118,1,1,1
341,1,882,714,50,150,1,1,1
342,2,783,730,62,118,1,1,1
342,1,881,716,53,150,1,1,1
343,2,784,730,62,118,1,1,1
343,1,881,716,53,150,1,1,1
344,2,782,730,62,118,1,1,1
344,1,880,717,53,150,1,1,1
345,2,784,729,62,118,1,1,1
345,1,878,714,53,150,1,1,1
346,2,784,730,62,118,1,1,1
346,1,877,715,53,150,1,1,1
347,2,785,730,62,118,1,1,1
347,1,878,716,53,150,1,1,1
348,2,784,730,62,118,1,1,1
348,1,878,717,53,150,1,1,1
349,2,783,725,62,118,1,1,1
349,1,877,719,53,147,1,1,1
350,2,782,723,62,118,1,1,1
350,1,879,717,54,150,1,1,1
351,2,781,724,62,118,1,1,1
351,1,878,715,54,150,1,1,1
352,2,782,724,62,118,1,1,1
352,1,881,716,53,149,1,1,1
353,2,782,724,62,118,1,1,1
353,1,881,714,53,149,1,1,1
354,2,782,723,62,118,1,1,1
354,1,880,714,53,149,1,1,1
355,2,784,727,62,118,1,1,1
355,1,879,714,53,149,1,1,1
356,2,783,723,62,118,1,1,1
356,1,879,710,53,149,1,1,1
357,2,782,727,62,118,1,1,1
357,1,881,711,53,149,1,1,1
358,2,785,723,62,118,1,1,1
358,1,882,712,50,147,1,1,1
359,2,782,723,62,118,1,1,1
359,1,882,712,50,147,1,1,1
360,2,784,723,62,118,1,1,1
360,1,882,714,50,147,1,1,1
361,2,785,724,60,118,1,1,1
361,1,881,711,52,150,1,1,1
362,2,786,723,60,118,1,1,1
362,1,881,712,52,150,1,1,1
363,2,786,724,60,118,1,1,1
363,1,882,713,52,150,1,1,1
364,2,786,723,60,118,1,1,1
364,1,880,713,52,150,1,1,1
365,2,787,722,60,118,1,1,1
365,1,879,715,52,150,1,1,1
366,2,786,723,60,118,1,1,1
366,1,879,711,52,150,1,1,1
367,2,786,722,60,118,1,1,1
367,1,879,709,52,150,1,1,1
368,2,788,723,60,118,1,1,1
368,1,879,713,52,145,1,1,1
369,2,787,723,60,118,1,1,1
369,1,878,712,52,145,1,1,1
370,2,789,722,60,118,1,1,1
370,1,876,714,52,145,1,1,1
371,2,789,724,60,118,1,1,1
371,1,877,713,52,145,1,1,1
372,2,786,719,60,118,1,1,1
372,1,873,709,56,148,1,1,1
373,2,787,720,60,118,1,1,1
373,1,874,711,56,149,1,1,1
374,2,787,719,60,118,1,1,1
374,1,875,709,56,149,1,1,1
375,2,787,718,60,118,1,1,1
375,1,875,711,55,149,1,1,1
376,2,785,720,60,118,1,1,1
376,1,876,707,53,149,1,1,1
377,2,787,719,60,118,1,1,1
377,1,875,710,53,149,1,1,1
378,2,786,721,60,118,1,1,1
378,1,874,712,53,149,1,1,1
379,2,789,720,60,118,1,1,1
379,1,873,714,53,149,1,1,1
380,2,788,720,60,118,1,1,1
380,1,875,715,53,149,1,1,1
381,2,788,721,60,118,1,1,1
381,1,876,714,53,149,1,1,1
382,2,789,721,60,118,1,1,1
382,1,875,715,53,149,1,1,1
383,2,788,722,60,118,1,1,1
383,1,880,716,53,149,1,1,1
384,2,788,723,64,118,1,1,1
384,1,878,714,54,149,1,1,1
385,2,788,722,64,118,1,1,1
385,1,878,713,54,151,1,1,1
386,2,788,720,64,118,1,1,1
386,1,881,715,54,151,1,1,1
387,2,788,723,64,118,1,1,1
387,1,879,715,54,151,1,1,1
388,2,789,723,64,118,1,1,1
388,1,881,712,54,151,1,1,1
389,2,787,723,64,118,1,1,1
389,1,882,713,54,151,1,1,1
390,2,790,727,64,118,1,1,1
390,1,882,712,54,151,1,1,1
391,2,790,725,64,118,1,1,1
391,1,885,714,54,151,1,1,1
392,2,788,725,64,118,1,1,1
392,1,887,717,54,151,1,1,1
393,2,788,725,66,119,1,1,1
393,1,886,712,53,151,1,1,1
394,2,788,726,66,119,1,1,1
394,1,885,715,53,151,1,1,1
395,2,789,728,66,119,1,1,1
395,1,886,716,53,151,1,1,1
396,2,789,729,66,119,1,1,1
396,1,886,718,53,151,1,1,1
397,2,789,729,66,119,1,1,1
397,1,886,714,54,153,1,1,1
398,2,786,730,66,119,1,1,1
398,1,887,716,54,153,1,1,1
399,2,788,731,66,119,1,1,1
399,1,887,717,54,153,1,1,1
400,2,789,733,66,119,1,1,1
400,1,887,718,54,153,1,1,1
401,2,789,731,66,119,1,1,1
401,1,888,716,54,153,1,1,1
402,2,789,734,66,119,1,1,1
402,1,887,718,54,153,1,1,1
403,2,789,734,66,119,1,1,1
403,1,888,719,54,153,1,1,1
404,2,788,734,66,119,1,1,1
404,1,886,719,54,153,1,1,1
405,2,789,735,66,119,1,1,1
405,1,885,716,57,161,1,1,1
406,2,789,736,66,119,1,1,1
406,1,885,717,57,161,1,1,1
407,2,789,738,66,119,1,1,1
407,1,886,720,54,153,1,1,1
408,2,789,738,66,119,1,1,1
408,1,886,717,54,153,1,1,1
409,2,788,738,66,119,1,1,1
409,1,887,720,54,153,1,1,1
410,2,788,739,66,119,1,1,1
410,1,884,724,54,153,1,1,1
411,2,788,739,66,119,1,1,1
411,1,884,721,54,153,1,1,1
412,2,789,737,66,119,1,1,1
412,1,883,723,54,153,1,1,1
413,2,788,737,66,119,1,1,1
413,1,883,724,54,153,1,1,1
414,2,789,739,66,122,1,1,1
414,1,884,724,54,157,1,1,1
415,2,788,737,66,123,1,1,1
415,1,884,725,54,157,1,1,1
416,2,787,738,66,123,1,1,1
416,1,884,727,54,153,1,1,1
417,1,887,725,50,157,1,1,1
417,2,789,739,64,122,1,1,1
418,1,888,724,50,157,1,1,1
418,2,788,737,65,127,1,1,1
419,1,888,723,50,163,1,1,1
419,2,787,739,65,127,1,1,1
420,1,885,724,55,165,1,1,1
420,2,787,735,66,131,1,1,1
421,1,889,726,52,160,1,1,1
421,2,785,736,66,131,1,1,1
422,1,891,725,52,160,1,1,1
422,2,786,736,66,131,1,1,1
423,1,893,727,52,160,1,1,1
423,2,786,741,66,131,1,1,1
424,1,891,728,55,159,1,1,1
424,2,786,739,66,131,1,1,1
425,1,891,725,54,161,1,1,1
425,2,785,739,66,131,1,1,1
426,1,892,726,56,162,1,1,1
426,2,787,740,66,131,1,1,1
427,1,893,726,56,163,1,1,1
427,2,784,742,66,131,1,1,1
428,1,893,726,56,163,1,1,1
428,2,785,742,66,131,1,1,1
429,1,894,726,56,163,1,1,1
429,2,785,742,66,131,1,1,1
430,1,893,729,56,163,1,1,1
430,2,786,740,66,131,1,1,1
431,1,894,729,56,163,1,1,1
431,2,783,740,66,131,1,1,1
432,1,893,728,57,166,1,1,1
432,2,782,741,67,137,1,1,1
433,1,891,730,57,166,1,1,1
433,2,782,745,67,137,1,1,1
434,1,892,732,57,166,1,1,1
434,2,781,742,67,137,1,1,1
435,1,893,732,57,166,1,1,1
435,2,781,746,67,137,1,1,1
436,1,891,732,57,166,1,1,1
436,2,781,743,67,137,1,1,1
437,1,889,732,57,166,1,1,1
437,2,782,747,67,137,1,1,1
438,1,888,733,57,166,1,1,1
438,2,781,745,67,137,1,1,1
439,1,889,734,57,166,1,1,1
439,2,779,744,67,137,1,1,1
440,1,887,734,57,166,1,1,1
440,2,780,746,67,137,1,1,1
441,1,886,733,57,166,1,1,1
441,2,780,748,67,137,1,1,1
442,1,885,733,57,166,1,1,1
442,2,779,749,67,137,1,1,1
443,1,885,733,59,166,1,1,1
443,2,780,750,67,137,1,1,1
444,1,886,734,59,166,1,1,1
444,2,779,748,67,137,1,1,1
445,1,884,735,59,166,1,1,1
445,2,777,750,67,137,1,1,1
446,1,885,734,58,171,1,1,1
446,2,778,751,67,137,1,1,1
447,1,883,735,59,172,1,1,1
447,2,777,752,67,137,1,1,1
448,1,885,738,59,172,1,1,1
448,2,777,751,67,137,1,1,1
449,1,884,737,59,172,1,1,1
449,2,775,751,67,137,1,1,1
450,1,886,739,59,172,1,1,1
450,2,775,754,67,137,1,1,1
451,1,883,739,59,172,1,1,1
451,2,776,754,67,137,1,1,1
452,1,883,740,59,172,1,1,1
452,2,775,754,67,137,1,1,1
453,1,884,740,59,172,1,1,1
453,2,775,752,67,137,1,1,1
454,1,885,740,59,172,1,1,1
454,2,774,755,67,137,1,1,1
455,1,885,741,59,172,1,1,1
455,2,774,757,67,137,1,1,1
456,1,886,741,59,172,1,1,1
456,2,773,757,67,137,1,1,1
457,1,885,741,59,172,1,1,1
457,2,773,755,68,140,1,1,1
458,1,886,740,59,172,1,1,1
458,2,772,757,68,140,1,1,1
459,1,888,741,59,172,1,1,1
459,2,771,758,68,140,1,1,1
460,1,888,742,59,172,1,1,1
460,2,772,756,68,140,1,1,1
461,1,887,744,59,172,1,1,1
461,2,772,756,67,140,1,1,1
462,1,886,743,59,172,1,1,1
462,2,771,757,67,140,1,1,1
463,1,887,744,59,172,1,1,1
463,2,770,760,67,140,1,1,1
464,1,885,743,59,172,1,1,1
464,2,770,759,67,140,1,1,1
465,1,886,744,59,172,1,1,1
465,2,768,759,67,140,1,1,1
466,1,884,747,59,172,1,1,1
466,2,770,761,67,140,1,1,1
467,1,885,748,59,172,1,1,1
467,2,769,760,67,140,1,1,1
468,1,884,748,59,172,1,1,1
468,2,769,761,67,140,1,1,1
469,1,882,746,59,180,1,1,1
469,2,767,760,69,142,1,1,1
470,1,882,746,59,180,1,1,1
470,2,767,761,69,142,1,1,1
471,1,880,749,59,180,1,1,1
471,2,766,760,69,142,1,1,1
472,1,881,749,59,180,1,1,1
472,2,766,762,69,142,1,1,1
473,1,880,747,58,180,1,1,1
473,2,767,764,69,142,1,1,1
474,1,878,748,58,180,1,1,1
474,2,766,765,69,142,1,1,1
475,1,880,748,58,180,1,1,1
475,2,766,766,69,142,1,1,1
476,1,878,748,58,180,1,1,1
476,2,765,765,69,142,1,1,1
477,1,879,750,58,180,1,1,1
477,2,765,764,69,142,1,1,1
478,1,874,750,63,175,1,1,1
478,2,761,768,73,141,1,1,1
479,1,872,752,63,175,1,1,1
479,2,761,765,74,142,1,1,1
480,1,870,752,64,178,1,1,1
480,2,761,766,74,142,1,1,1
481,1,871,753,64,178,1,1,1
481,2,761,766,74,142,1,1,1
482,1,868,753,64,178,1,1,1
482,2,761,768,74,142,1,1,1
483,1,872,754,64,178,1,1,1
483,2,761,768,74,142,1,1,1
484,1,871,754,64,178,1,1,1
484,2,760,766,74,147,1,1,1
485,1,870,755,64,180,1,1,1
485,2,760,766,74,147,1,1,1
486,1,871,756,64,180,1,1,1
486,2,761,768,74,147,1,1,1
487,1,874,757,64,180,1,1,1
487,2,760,769,74,147,1,1,1
488,1,875,755,61,183,1,1,1
488,2,759,767,74,147,1,1,1
489,1,874,755,61,183,1,1,1
489,2,760,767,74,147,1,1,1
490,1,877,755,61,183,1,1,1
490,2,761,768,74,147,1,1,1
491,1,877,755,61,183,1,1,1
491,2,762,771,74,147,1,1,1
492,1,878,753,61,183,1,1,1
492,2,760,771,74,147,1,1,1
493,1,878,755,61,183,1,1,1
493,2,761,772,74,147,1,1,1
494,1,879,757,61,183,1,1,1
494,2,760,773,74,147,1,1,1
495,1,879,760,61,183,1,1,1
495,2,761,771,74,147,1,1,1
496,1,878,762,61,183,1,1,1
496,2,759,772,74,147,1,1,1
497,1,879,758,61,183,1,1,1
497,2,759,774,74,147,1,1,1
498,1,879,760,61,183,1,1,1
498,2,758,775,74,147,1,1,1
499,1,878,760,61,183,1,1,1
499,2,759,776,74,147,1,1,1
500,1,878,761,61,183,1,1,1
500,2,760,776,74,147,1,1,1
501,1,878,762,61,183,1,1,1
501,2,757,777,74,147,1,1,1
502,1,876,763,61,183,1,1,1
502,2,758,779,74,147,1,1,1
503,1,877,764,61,183,1,1,1
503,2,759,778,74,147,1,1,1
504,1,873,762,64,191,1,1,1
504,2,757,778,74,147,1,1,1
505,1,874,764,64,187,1,1,1
505,2,756,778,74,151,1,1,1
506,1,872,762,64,191,1,1,1
506,2,756,778,74,151,1,1,1
507,1,872,761,64,191,1,1,1
507,2,759,779,74,151,1,1,1
508,1,873,764,64,191,1,1,1
508,2,757,780,74,151,1,1,1
509,1,871,766,64,191,1,1,1
509,2,760,778,74,151,1,1,1
510,1,871,764,64,191,1,1,1
510,2,758,783,74,151,1,1,1
511,1,870,765,64,191,1,1,1
511,2,760,785,74,151,1,1,1
512,1,868,761,67,201,1,1,1
512,2,760,782,74,151,1,1,1
513,1,867,764,67,201,1,1,1
513,2,759,783,74,151,1,1,1
514,1,867,763,67,201,1,1,1
514,2,760,785,74,151,1,1,1
515,1,866,764,67,201,1,1,1
515,2,758,788,74,151,1,1,1
516,1,863,768,67,195,1,1,1
516,2,759,787,74,151,1,1,1
517,1,862,767,67,195,1,1,1
517,2,753,784,81,159,1,1,1
518,1,862,771,67,191,1,1,1
518,2,756,785,81,159,1,1,1
519,1,863,769,67,195,1,1,1
519,2,755,786,81,159,1,1,1
520,1,862,769,67,195,1,1,1
520,2,754,788,81,159,1,1,1
521,1,864,771,67,195,1,1,1
521,2,753,788,81,159,1,1,1
522,1,864,773,67,195,1,1,1
522,2,755,789,81,159,1,1,1
523,1,865,773,67,195,1,1,1
523,2,755,790,81,159,1,1,1
524,1,866,774,67,195,1,1,1
524,2,754,787,81,159,1,1,1
525,1,865,773,67,195,1,1,1
525,2,755,792,81,159,1,1,1
526,1,867,773,67,195,1,1,1
526,2,755,792,81,159,1,1,1
527,1,867,771,67,195,1,1,1
527,2,754,792,81,159,1,1,1
528,1,868,771,67,195,1,1,1
528,2,755,790,81,159,1,1,1
529,1,868,769,67,195,1,1,1
529,2,757,794,81,159,1,1,1
530,1,868,771,67,195,1,1,1
530,2,757,792,80,159,1,1,1
531,1,867,772,67,195,1,1,1
531,2,756,793,80,159,1,1,1
532,1,868,773,67,195,1,1,1
532,2,757,793,80,159,1,1,1
533,1,868,774,67,195,1,1,1
533,2,755,793,80,159,1,1,1
534,1,869,777,67,195,1,1,1
534,2,757,796,80,159,1,1,1
535,1,868,779,67,195,1,1,1
535,2,756,796,80,159,1,1,1
536,1,868,776,67,195,1,1,1
536,2,755,796,80,159,1,1,1
537,1,867,778,67,195,1,1,1
537,2,755,797,80,159,1,1,1
538,1,867,780,67,195,1,1,1
538,2,755,796,80,159,1,1,1
539,1,864,780,67,198,1,1,1
539,2,755,795,80,159,1,1,1
540,1,866,778,67,202,1,1,1
540,2,754,799,80,159,1,1,1
541,1,864,779,67,202,1,1,1
541,2,755,798,80,159,1,1,1
542,1,865,782,67,202,1,1,1
542,2,754,799,80,159,1,1,1
543,1,860,780,67,198,1,1,1
543,2,753,799,80,159,1,1,1
544,1,862,782,67,198,1,1,1
544,2,754,799,80,159,1,1,1
545,1,861,782,67,195,1,1,1
545,2,752,801,80,159,1,1,1
546,1,860,782,67,195,1,1,1
546,2,751,802,80,159,1,1,1
547,1,858,781,67,195,1,1,1
547,2,753,802,80,159,1,1,1
548,1,858,783,67,195,1,1,1
548,2,753,803,80,159,1,1,1
549,1,859,782,67,195,1,1,1
549,2,754,802,80,159,1,1,1
550,1,859,783,67,195,1,1,1
550,2,753,803,80,159,1,1,1
551,1,858,784,67,195,1,1,1
551,2,754,803,80,159,1,1,1
552,1,857,785,68,198,1,1,1
552,2,752,804,80,159,1,1,1
553,1,857,785,68,198,1,1,1
553,2,751,803,80,159,1,1,1
554,1,856,789,68,198,1,1,1
554,2,749,805,80,159,1,1,1
555,1,857,787,68,198,1,1,1
555,2,748,805,80,159,1,1,1
556,1,858,788,68,198,1,1,1
556,2,751,808,80,159,1,1,1
557,1,859,789,68,198,1,1,1
557,2,752,806,80,159,1,1,1
558,1,858,790,68,198,1,1,1
558,2,749,807,80,159,1,1,1
559,1,859,787,68,198,1,1,1
559,2,752,807,80,159,1,1,1
560,1,859,787,68,198,1,1,1
560,2,751,808,80,159,1,1,1
561,1,860,787,68,198,1,1,1
561,2,751,809,80,159,1,1,1
562,1,865,784,68,198,1,1,1
562,2,751,808,80,159,1,1,1
563,1,862,785,68,198,1,1,1
563,2,750,808,80,159,1,1,1
564,1,863,790,68,198,1,1,1
564,2,748,808,80,159,1,1,1
565,1,860,785,68,198,1,1,1
565,2,748,809,80,159,1,1,1
566,1,863,787,68,198,1,1,1
566,2,746,810,80,159,1,1,1
567,1,864,789,68,198,1,1,1
567,2,748,809,80,159,1,1,1
568,1,863,787,68,202,1,1,1
568,2,748,807,80,167,1,1,1
569,1,863,788,68,202,1,1,1
569,2,750,807,78,168,1,1,1
570,1,863,787,68,202,1,1,1
570,2,748,805,78,168,1,1,1
571,1,862,788,68,202,1,1,1
571,2,746,807,78,168,1,1,1
572,1,863,788,68,202,1,1,1
572,2,747,807,78,168,1,1,1
573,1,863,789,68,202,1,1,1
573,2,747,806,78,168,1,1,1
574,1,862,789,68,202,1,1,1
574,2,747,807,78,168,1,1,1
575,1,860,790,68,202,1,1,1
575,2,744,807,78,168,1,1,1
576,1,859,793,68,202,1,1,1
576,2,746,805,78,168,1,1,1
577,1,859,792,68,202,1,1,1
577,2,746,806,78,168,1,1,1
578,1,860,787,68,202,1,1,1
578,2,745,802,78,168,1,1,1
579,1,857,790,68,202,1,1,1
579,2,744,806,78,168,1,1,1
580,1,857,791,68,202,1,1,1
580,2,745,806,78,168,1,1,1
581,1,853,790,72,194,1,1,1
581,2,745,808,78,168,1,1,1
582,1,851,790,72,194,1,1,1
582,2,744,810,78,164,1,1,1
583,1,852,795,72,194,1,1,1
583,2,744,810,78,164,1,1,1
584,1,850,791,72,194,1,1,1
584,2,743,807,78,164,1,1,1
585,1,851,791,72,200,1,1,1
585,2,743,807,78,164,1,1,1
586,1,848,791,72,200,1,1,1
586,2,742,809,78,164,1,1,1
587,1,851,795,72,200,1,1,1
587,2,741,807,78,164,1,1,1
588,1,849,792,72,200,1,1,1
588,2,740,810,80,164,1,1,1
589,1,845,793,72,200,1,1,1
589,2,740,810,80,164,1,1,1
590,1,850,792,72,200,1,1,1
590,2,738,810,80,164,1,1,1
591,1,849,792,72,200,1,1,1
591,2,738,811,80,164,1,1,1
592,1,850,794,72,200,1,1,1
592,2,738,809,80,164,1,1,1
593,1,851,792,72,200,1,1,1
593,2,737,810,80,164,1,1,1
594,1,854,790,72,200,1,1,1
594,2,737,808,80,164,1,1,1
595,1,850,791,72,200,1,1,1
595,2,737,810,80,164,1,1,1
596,1,850,790,72,200,1,1,1
596,2,736,810,80,164,1,1,1
597,1,853,789,72,200,1,1,1
597,2,737,809,80,164,1,1,1
598,1,853,787,72,200,1,1,1
598,2,736,807,80,164,1,1,1
599,1,852,789,72,200,1,1,1
599,2,735,810,80,164,1,1,1
600,1,854,788,72,200,1,1,1
600,2,734,807,80,168,1,1,1
601,1,852,788,70,198,1,1,1
601,2,731,806,80,168,1,1,1
602,1,852,791,70,198,1,1,1
602,2,735,805,76,168,1,1,1
603,1,852,793,70,198,1,1,1
603,2,735,807,76,168,1,1,1
604,1,850,796,70,198,1,1,1
604,2,734,804,76,168,1,1,1
605,1,851,797,70,198,1,1,1
605,2,733,806,76,168,1,1,1
606,1,849,793,70,198,1,1,1
606,2,732,805,76,168,1,1,1
607,1,848,793,70,198,1,1,1
607,2,733,806,76,168,1,1,1
608,1,845,794,70,198,1,1,1
608,2,732,807,76,168,1,1,1
609,1,846,792,70,198,1,1,1
609,2,731,806,76,168,1,1,1
610,1,845,795,70,198,1,1,1
610,2,731,804,76,168,1,1,1
611,1,844,790,70,198,1,1,1
611,2,731,805,76,168,1,1,1
612,1,842,790,70,198,1,1,1
612,2,730,806,76,168,1,1,1
613,1,840,789,70,198,1,1,1
613,2,729,807,76,168,1,1,1
614,1,840,785,70,198,1,1,1
614,2,729,805,76,168,1,1,1
615,1,841,787,70,198,1,1,1
615,2,730,805,76,168,1,1,1
616,1,837,789,70,198,1,1,1
616,2,730,805,76,168,1,1,1
617,1,836,786,70,198,1,1,1
617,2,727,804,78,167,1,1,1
618,1,835,790,68,195,1,1,1
618,2,725,806,82,166,1,1,1
619,1,835,787,68,200,1,1,1
619,2,721,807,82,164,1,1,1
620,1,835,790,68,200,1,1,1
620,2,722,806,82,164,1,1,1
621,1,835,789,68,200,1,1,1
621,2,722,807,82,164,1,1,1
622,1,835,790,68,200,1,1,1
622,2,722,806,82,164,1,1,1
623,1,834,790,68,200,1,1,1
623,2,723,807,82,164,1,1,1
624,1,835,793,68,200,1,1,1
624,2,721,805,82,164,1,1,1
625,1,835,789,68,200,1,1,1
625,2,722,813,82,164,1,1,1
626,1,832,790,73,200,1,1,1
626,2,720,806,82,164,1,1,1
627,1,835,790,73,200,1,1,1
627,2,721,806,82,164,1,1,1
628,1,838,792,73,200,1,1,1
628,2,723,807,82,164,1,1,1
629,1,835,789,73,200,1,1,1
629,2,724,809,82,164,1,1,1
630,2,722,804,81,170,1,1,1
630,1,836,784,67,200,1,1,1
631,2,723,806,81,165,1,1,1
631,1,839,783,67,200,1,1,1
632,2,723,805,81,163,1,1,1
632,1,839,784,67,200,1,1,1
633,2,721,805,81,163,1,1,1
633,1,840,785,67,194,1,1,1
634,2,722,806,81,163,1,1,1
634,1,840,787,67,194,1,1,1
635,2,721,801,82,167,1,1,1
635,1,839,786,68,191,1,1,1
636,2,720,804,82,163,1,1,1
636,1,838,787,68,191,1,1,1
637,2,722,804,82,163,1,1,1
637,1,838,787,69,193,1,1,1
638,2,723,803,79,164,1,1,1
638,1,836,785,68,194,1,1,1
639,2,723,802,79,164,1,1,1
639,1,838,786,67,196,1,1,1
640,2,724,800,79,164,1,1,1
640,1,834,784,67,196,1,1,1
641,2,721,802,79,161,1,1,1
641,1,836,785,67,196,1,1,1
642,2,722,803,79,157,1,1,1
642,1,834,786,67,196,1,1,1
643,2,721,801,80,162,1,1,1
643,1,831,786,67,196,1,1,1
644,2,723,801,77,158,1,1,1
644,1,834,788,61,191,1,1,1
645,2,721,804,79,161,1,1,1
645,1,831,786,66,193,1,1,1
646,2,724,801,76,160,1,1,1
646,1,828,785,65,194,1,1,1
647,2,726,802,72,158,1,1,1
647,1,827,783,66,191,1,1,1
648,2,724,799,75,160,1,1,1
648,1,826,786,64,186,1,1,1
649,2,727,801,75,160,1,1,1
649,1,825,785,64,186,1,1,1
650,2,728,799,72,160,1,1,1
650,1,823,781,65,188,1,1,1
651,2,727,798,72,160,1,1,1
651,1,821,782,65,188,1,1,1
652,2,728,799,72,160,1,1,1
652,1,821,781,65,188,1,1,1
653,2,729,797,72,160,1,1,1
653,1,823,784,65,188,1,1,1
654,2,730,795,72,160,1,1,1
654,1,821,783,65,188,1,1,1
655,2,727,793,72,160,1,1,1
655,1,819,783,65,188,1,1,1
656,2,730,795,72,160,1,1,1
656,1,817,783,67,189,1,1,1
657,2,728,796,72,160,1,1,1
657,1,818,782,67,189,1,1,1
658,2,728,797,72,160,1,1,1
658,1,818,782,67,189,1,1,1
659,2,729,794,72,160,1,1,1
659,1,821,785,67,189,1,1,1
660,2,731,793,72,160,1,1,1
660,1,820,778,66,193,1,1,1
661,2,730,794,72,160,1,1,1
661,1,823,781,66,193,1,1,1
662,2,731,795,72,160,1,1,1
662,1,820,778,66,193,1,1,1
663,2,731,794,73,161,1,1,1
663,1,821,775,66,193,1,1,1
664,2,729,791,76,164,1,1,1
664,1,824,777,64,188,1,1,1
665,2,728,792,76,159,1,1,1
665,1,823,774,64,188,1,1,1
666,2,730,791,76,159,1,1,1
666,1,825,775,66,188,1,1,1
667,2,731,791,76,159,1,1,1
667,1,824,775,66,187,1,1,1
668,2,733,789,74,149,1,1,1
668,1,822,774,68,186,1,1,1
669,2,738,791,74,149,1,1,1
669,1,824,770,68,186,1,1,1
670,2,736,787,74,149,1,1,1
670,1,825,773,68,186,1,1,1
671,1,825,771,65,192,1,1,1
671,2,732,784,79,153,1,1,1
672,1,825,770,65,192,1,1,1
672,2,733,787,79,153,1,1,1
673,1,827,769,65,192,1,1,1
673,2,737,785,79,153,1,1,1
674,1,825,770,65,189,1,1,1
674,2,735,784,79,153,1,1,1
675,1,827,769,64,187,1,1,1
675,2,739,785,74,151,1,1,1
676,1,824,769,60,182,1,1,1
676,2,740,784,72,150,1,1,1
677,1,825,767,62,183,1,1,1
677,2,739,785,72,150,1,1,1
678,1,825,768,62,183,1,1,1
678,2,738,783,72,150,1,1,1
679,1,825,769,62,183,1,1,1
679,2,739,782,72,150,1,1,1
680,1,826,768,62,183,1,1,1
680,2,738,781,72,150,1,1,1
681,1,825,767,63,178,1,1,1
681,2,740,782,73,149,1,1,1
682,1,826,770,63,178,1,1,1
682,2,741,785,73,149,1,1,1
683,1,823,763,63,178,1,1,1
683,2,738,780,73,149,1,1,1
684,1,825,761,63,178,1,1,1
684,2,737,779,73,149,1,1,1
685,1,825,760,63,178,1,1,1
685,2,738,779,73,149,1,1,1
686,1,827,762,61,177,1,1,1
686,2,741,778,71,149,1,1,1
687,1,829,762,61,174,1,1,1
687,2,738,777,71,149,1,1,1
688,1,829,764,61,172,1,1,1
688,2,740,778,68,145,1,1,1
689,1,829,762,63,174,1,1,1
689,2,740,780,68,145,1,1,1
690,1,829,764,63,174,1,1,1
690,2,742,777,68,145,1,1,1
691,1,830,763,63,174,1,1,1
691,2,742,777,68,145,1,1,1
692,1,831,764,63,174,1,1,1
692,2,741,777,68,145,1,1,1
693,1,832,761,61,174,1,1,1
693,2,741,776,68,142,1,1,1
694,1,832,759,61,174,1,1,1
694,2,743,776,68,142,1,1,1
695,1,836,760,61,174,1,1,1
695,2,742,776,68,141,1,1,1
696,2,740,775,69,144,1,1,1
696,1,835,759,59,173,1,1,1
697,2,740,772,69,144,1,1,1
697,1,839,757,59,173,1,1,1
698,2,738,771,69,144,1,1,1
698,1,839,756,59,173,1,1,1
699,2,740,771,69,144,1,1,1
699,1,842,761,56,165,1,1,1
700,2,740,771,69,144,1,1,1
700,1,840,758,59,173,1,1,1
701,2,742,771,69,144,1,1,1
701,1,841,757,59,173,1,1,1
702,2,743,771,69,144,1,1,1
702,1,837,753,59,173,1,1,1
703,2,740,770,69,144,1,1,1
703,1,840,753,59,173,1,1,1
704,2,740,771,69,144,1,1,1
704,1,841,754,59,173,1,1,1
705,2,740,769,69,144,1,1,1
705,1,840,754,59,173,1,1,1
706,2,741,770,69,144,1,1,1
706,1,840,754,59,173,1,1,1
707,2,740,769,69,144,1,1,1
707,1,840,753,59,173,1,1,1
708,2,741,768,69,144,1,1,1
708,1,839,756,59,173,1,1,1
709,2,741,766,69,144,1,1,1
709,1,838,755,63,167,1,1,1
710,2,742,766,69,144,1,1,1
710,1,837,752,63,167,1,1,1
711,2,741,766,69,144,1,1,1
711,1,837,752,63,167,1,1,1
712,2,738,766,70,144,1,1,1
712,1,836,753,63,167,1,1,1
713,2,739,766,68,140,1,1,1
713,1,831,750,64,168,1,1,1
714,2,743,766,68,140,1,1,1
714,1,833,750,64,168,1,1,1
715,2,744,763,68,140,1,1,1
715,1,833,750,64,168,1,1,1
716,2,743,764,68,140,1,1,1
716,1,831,749,64,168,1,1,1
717,2,743,766,68,140,1,1,1
717,1,832,747,64,168,1,1,1
718,2,743,765,68,140,1,1,1
718,1,834,747,64,168,1,1,1
719,2,742,763,68,140,1,1,1
719,1,833,748,57,167,1,1,1
720,2,742,761,68,140,1,1,1
720,1,831,748,60,168,1,1,1
721,2,747,762,61,140,1,1,1
721,1,833,747,60,168,1,1,1
722,2,747,762,61,140,1,1,1
722,1,833,750,57,168,1,1,1
723,2,744,763,63,136,1,1,1
723,1,835,750,52,164,1,1,1
724,2,745,763,60,136,1,1,1
724,1,834,749,54,165,1,1,1
725,2,744,763,64,140,1,1,1
725,1,833,748,56,167,1,1,1
726,2,743,760,64,142,1,1,1
726,1,835,748,56,167,1,1,1
727,2,745,760,64,142,1,1,1
727,1,837,747,56,167,1,1,1
728,2,744,759,64,138,1,1,1
728,1,834,745,56,160,1,1,1
729,2,744,758,64,138,1,1,1
729,1,836,745,56,160,1,1,1
730,2,744,760,64,138,1,1,1
730,1,838,745,56,160,1,1,1
731,2,745,760,64,134,1,1,1
731,1,838,744,56,160,1,1,1
732,2,745,761,64,134,1,1,1
732,1,837,743,56,160,1,1,1
733,2,745,761,64,134,1,1,1
733,1,836,742,56,160,1,1,1
734,2,745,754,64,134,1,1,1
734,1,837,740,56,160,1,1,1
735,2,746,757,64,134,1,1,1
735,1,836,739,56,160,1,1,1
736,2,745,755,64,134,1,1,1
736,1,837,741,56,160,1,1,1
737,2,743,755,64,134,1,1,1
737,1,835,740,56,160,1,1,1
738,2,741,757,64,134,1,1,1
738,1,835,739,56,160,1,1,1
739,2,742,751,64,134,1,1,1
739,1,834,740,56,160,1,1,1
740,2,741,754,64,129,1,1,1
740,1,834,739,56,160,1,1,1
741,2,742,754,64,126,1,1,1
741,1,832,739,56,160,1,1,1
742,2,741,754,64,127,1,1,1
742,1,831,740,56,160,1,1,1
743,2,742,752,64,127,1,1,1
743,1,831,739,56,160,1,1,1
744,2,741,754,64,127,1,1,1
744,1,829,739,56,160,1,1,1
745,2,740,752,64,127,1,1,1
745,1,827,738,56,160,1,1,1
746,2,740,749,64,127,1,1,1
746,1,826,739,56,160,1,1,1
747,2,739,755,64,127,1,1,1
747,1,826,738,56,160,1,1,1
748,2,741,751,64,127,1,1,1
748,1,823,737,56,160,1,1,1
749,2,741,751,64,127,1,1,1
749,1,821,735,56,160,1,1,1
750,2,740,750,64,127,1,1,1
750,1,822,735,56,160,1,1,1
751,2,740,748,64,121,1,1,1
751,1,822,733,52,156,1,1,1
752,2,737,746,64,127,1,1,1
752,1,822,733,52,156,1,1,1
753,2,740,745,64,127,1,1,1
753,1,822,735,52,156,1,1,1
754,2,736,747,64,127,1,1,1
754,1,822,734,52,156,1,1,1
755,2,736,746,64,127,1,1,1
755,1,816,732,54,156,1,1,1
756,2,737,748,64,127,1,1,1
756,1,817,733,54,156,1,1,1
757,2,737,748,64,127,1,1,1
757,1,817,734,54,156,1,1,1
758,2,737,745,64,127,1,1,1
758,1,819,735,54,156,1,1,1
759,2,735,740,64,127,1,1,1
759,1,817,733,54,156,1,1,1
760,2,736,742,64,127,1,1,1
760,1,816,729,54,156,1,1,1
761,2,734,743,64,127,1,1,1
761,1,818,727,54,156,1,1,1
762,2,733,740,64,127,1,1,1
762,1,819,728,54,156,1,1,1
763,2,734,742,64,127,1,1,1
763,1,818,730,54,156,1,1,1
764,2,734,739,64,127,1,1,1
764,1,819,727,54,156,1,1,1
765,2,735,740,64,127,1,1,1
765,1,820,725,54,156,1,1,1
766,2,733,740,64,127,1,1,1
766,1,820,728,54,156,1,1,1
767,2,734,742,64,127,1,1,1
767,1,820,723,54,156,1,1,1
768,2,733,740,64,127,1,1,1
768,1,820,726,54,156,1,1,1
769,2,733,738,64,127,1,1,1
769,1,820,723,54,156,1,1,1
770,2,734,737,64,127,1,1,1
770,1,819,724,54,156,1,1,1
771,2,734,735,64,127,1,1,1
771,1,818,723,54,156,1,1,1
772,2,733,735,61,126,1,1,1
772,1,817,718,54,156,1,1,1
773,2,734,738,61,126,1,1,1
773,1,817,720,54,156,1,1,1
774,2,736,732,61,126,1,1,1
774,1,817,719,54,156,1,1,1
775,2,736,734,61,126,1,1,1
775,1,818,719,54,156,1,1,1
776,2,736,733,61,123,1,1,1
776,1,816,722,54,153,1,1,1
777,2,735,734,61,123,1,1,1
777,1,815,721,54,153,1,1,1
778,2,735,733,61,123,1,1,1
778,1,815,723,54,153,1,1,1
779,2,735,732,61,123,1,1,1
779,1,815,722,54,153,1,1,1
780,2,734,735,61,123,1,1,1
780,1,812,720,54,153,1,1,1
781,2,732,736,61,123,1,1,1
781,1,811,718,54,153,1,1,1
782,2,734,731,61,123,1,1,1
782,1,813,720,54,153,1,1,1
783,2,734,734,61,123,1,1,1
783,1,812,715,54,153,1,1,1
784,2,735,731,61,123,1,1,1
784,1,812,716,54,153,1,1,1
785,2,734,728,61,123,1,1,1
785,1,811,715,54,153,1,1,1
786,2,733,729,61,123,1,1,1
786,1,811,716,54,153,1,1,1
787,2,735,729,61,123,1,1,1
787,1,810,717,52,145,1,1,1
788,2,733,727,61,123,1,1,1
788,1,809,716,52,145,1,1,1
789,2,733,725,61,123,1,1,1
789,1,809,713,52,145,1,1,1
790,2,734,725,61,123,1,1,1
790,1,808,714,52,145,1,1,1
791,2,733,726,60,120,1,1,1
791,1,808,714,52,145,1,1,1
792,2,733,727,60,120,1,1,1
792,1,809,715,52,145,1,1,1
793,2,732,724,60,120,1,1,1
793,1,810,718,52,145,1,1,1
794,2,733,723,60,120,1,1,1
794,1,810,717,52,145,1,1,1
795,2,732,725,60,120,1,1,1
795,1,810,715,52,145,1,1,1
796,2,733,724,60,120,1,1,1
796,1,813,717,52,145,1,1,1
797,2,731,726,60,120,1,1,1
797,1,813,715,52,145,1,1,1
798,2,732,725,60,120,1,1,1
798,1,815,716,52,145,1,1,1
799,2,733,721,60,120,1,1,1
799,1,815,715,52,145,1,1,1
800,2,732,721,60,120,1,1,1
800,1,816,714,52,145,1,1,1
801,2,733,718,60,120,1,1,1
801,1,816,711,52,145,1,1,1
802,2,734,721,60,120,1,1,1
802,1,816,712,52,145,1,1,1
803,2,732,725,60,120,1,1,1
803,1,816,707,52,141,1,1,1
804,2,734,719,60,120,1,1,1
804,1,816,709,52,141,1,1,1
805,2,733,721,60,120,1,1,1
805,1,816,710,52,141,1,1,1
806,2,735,721,60,120,1,1,1
806,1,816,710,52,141,1,1,1
807,2,734,720,60,120,1,1,1
807,1,816,708,52,141,1,1,1
808,2,735,717,60,120,1,1,1
808,1,817,709,52,141,1,1,1
809,2,735,716,60,120,1,1,1
809,1,817,710,52,141,1,1,1
810,2,736,714,60,120,1,1,1
810,1,816,710,52,141,1,1,1
811,2,736,715,60,120,1,1,1
811,1,817,712,52,141,1,1,1
812,2,737,712,60,120,1,1,1
812,1,816,711,52,141,1,1,1
813,2,738,714,60,120,1,1,1
813,1,815,709,52,141,1,1,1
814,2,736,716,60,114,1,1,1
814,1,816,708,52,141,1,1,1
815,2,735,720,60,111,1,1,1
815,1,815,708,52,141,1,1,1
816,2,734,724,60,111,1,1,1
816,1,815,707,52,138,1,1,1
817,2,735,724,60,105,1,1,1
817,1,815,707,52,138,1,1,1
818,2,735,716,60,108,1,1,1
818,1,816,706,52,138,1,1,1
819,2,733,717,60,108,1,1,1
819,1,813,706,52,138,1,1,1
820,2,735,715,60,109,1,1,1
820,1,812,704,52,136,1,1,1
821,2,734,715,60,109,1,1,1
821,1,815,703,52,136,1,1,1
822,2,734,713,60,109,1,1,1
822,1,817,704,52,136,1,1,1
823,2,734,711,60,109,1,1,1
823,1,817,703,52,136,1,1,1
824,2,734,714,60,109,1,1,1
824,1,816,701,52,136,1,1,1
825,2,735,711,60,109,1,1,1
825,1,817,700,49,137,1,1,1
826,2,736,712,60,109,1,1,1
826,1,815,699,51,138,1,1,1
827,2,734,709,60,109,1,1,1
827,1,816,699,51,138,1,1,1
828,2,732,711,60,109,1,1,1
828,1,820,700,53,138,1,1,1
829,2,733,711,60,109,1,1,1
829,1,820,702,53,138,1,1,1
830,2,734,713,60,109,1,1,1
830,1,820,697,53,138,1,1,1
831,2,732,708,60,109,1,1,1
831,1,821,699,56,145,1,1,1
832,2,732,710,60,109,1,1,1
832,1,820,699,52,142,1,1,1
833,2,732,710,60,109,1,1,1
833,1,819,697,54,141,1,1,1
834,2,730,709,60,109,1,1,1
834,1,822,698,54,141,1,1,1
835,2,730,710,60,109,1,1,1
835,1,823,697,54,141,1,1,1
836,2,729,712,60,109,1,1,1
836,1,824,698,54,141,1,1,1
837,2,731,712,60,109,1,1,1
837,1,821,694,57,138,1,1,1
838,2,731,709,60,109,1,1,1
838,1,824,694,50,136,1,1,1
839,2,731,709,60,109,1,1,1
839,1,824,695,52,143,1,1,1
840,1,823,695,54,129,1,1,1
840,2,734,702,57,115,1,1,1
841,1,821,696,54,129,1,1,1
841,2,736,707,57,115,1,1,1
842,1,824,700,54,129,1,1,1
842,2,735,709,57,115,1,1,1
843,1,823,701,54,129,1,1,1
843,2,736,709,57,115,1,1,1
844,1,826,700,50,129,1,1,1
844,2,735,709,57,115,1,1,1
845,1,823,702,50,129,1,1,1
845,2,735,710,57,115,1,1,1
846,1,824,698,50,129,1,1,1
846,2,733,708,57,115,1,1,1
847,1,821,700,50,129,1,1,1
847,2,735,711,57,115,1,1,1
848,1,822,702,50,129,1,1,1
848,2,732,712,57,115,1,1,1
849,1,821,704,50,129,1,1,1
849,2,731,712,57,115,1,1,1
850,1,823,700,50,129,1,1,1
850,2,732,710,57,115,1,1,1
851,1,820,703,50,129,1,1,1
851,2,733,713,57,115,1,1,1
852,1,820,698,53,129,1,1,1
852,2,731,711,57,115,1,1,1
853,1,818,697,53,129,1,1,1
853,2,731,711,57,115,1,1,1
854,1,822,699,53,129,1,1,1
854,2,733,710,57,104,1,1,1
855,1,821,700,53,129,1,1,1
855,2,731,708,57,104,1,1,1
856,1,819,699,53,129,1,1,1
856,2,729,709,57,104,1,1,1
857,1,818,702,53,129,1,1,1
857,2,726,710,57,104,1,1,1
858,1,822,698,52,129,1,1,1
858,2,727,711,57,104,1,1,1
859,1,823,704,52,129,1,1,1
859,2,727,713,57,104,1,1,1
860,1,822,703,52,129,1,1,1
860,2,726,714,57,104,1,1,1
861,1,823,704,52,129,1,1,1
861,2,726,714,57,104,1,1,1
862,1,823,707,52,129,1,1,1
862,2,726,716,57,104,1,1,1
863,1,823,704,52,129,1,1,1
863,2,725,716,57,104,1,1,1
864,1,826,715,52,129,1,1,1
864,2,729,711,57,104,1,1,1
865,1,825,705,52,129,1,1,1
865,2,725,712,57,104,1,1,1
866,1,825,705,52,129,1,1,1
866,2,724,713,57,104,1,1,1
867,1,829,707,52,129,1,1,1
867,2,726,714,57,104,1,1,1
868,1,825,704,52,129,1,1,1
868,2,727,714,57,104,1,1,1
869,1,828,708,52,129,1,1,1
869,2,726,715,57,104,1,1,1
870,1,829,704,52,129,1,1,1
870,2,725,717,57,104,1,1,1
871,1,828,706,52,129,1,1,1
871,2,726,717,57,104,1,1,1
872,1,826,709,52,129,1,1,1
872,2,724,719,57,104,1,1,1
873,1,825,705,52,129,1,1,1
873,2,725,719,57,104,1,1,1
874,1,828,705,50,123,1,1,1
874,2,726,720,57,104,1,1,1
875,1,824,705,53,125,1,1,1
875,2,726,721,57,104,1,1,1
876,1,825,709,53,125,1,1,1
876,2,730,716,57,104,1,1,1
877,1,821,710,53,125,1,1,1
877,2,731,717,57,104,1,1,1
878,1,819,711,56,125,1,1,1
878,2,730,718,57,104,1,1,1
879,1,823,712,56,125,1,1,1
879,2,729,719,57,104,1,1,1
880,1,820,711,56,119,1,1,1
880,2,731,720,56,104,1,1,1
881,1,817,714,56,119,1,1,1
881,2,730,721,56,104,1,1,1
882,1,820,713,52,120,1,1,1
882,2,730,721,56,104,1,1,1
883,1,819,713,52,120,1,1,1
883,2,731,722,56,104,1,1,1
884,1,820,713,47,120,1,1,1
884,2,731,722,56,104,1,1,1
885,1,818,713,47,120,1,1,1
885,2,731,720,56,104,1,1,1
886,1,816,714,49,120,1,1,1
886,2,732,721,56,104,1,1,1
887,1,815,712,51,120,1,1,1
887,2,733,722,56,104,1,1,1
888,1,809,711,51,120,1,1,1
888,2,735,720,56,104,1,1,1
889,1,806,714,51,120,1,1,1
889,2,734,720,56,104,1,1,1
890,1,804,713,51,120,1,1,1
890,2,733,721,56,104,1,1,1
891,1,800,715,51,120,1,1,1
891,2,733,722,56,104,1,1,1
892,1,802,718,51,120,1,1,1
892,2,733,722,56,104,1,1,1
893,1,800,716,51,120,1,1,1
893,2,733,722,56,104,1,1,1
894,1,799,717,51,120,1,1,1
894,2,734,724,56,104,1,1,1
895,1,793,715,51,120,1,1,1
895,2,734,725,56,104,1,1,1
896,1,790,719,51,120,1,1,1
896,2,734,726,56,104,1,1,1
897,1,788,722,51,120,1,1,1
897,2,735,727,56,104,1,1,1
898,1,785,719,51,120,1,1,1
898,2,735,727,56,104,1,1,1
899,1,777,719,51,120,1,1,1
899,2,735,727,56,104,1,1,1
900,1,776,727,51,120,1,1,1
900,2,735,728,56,104,1,1,1
901,1,775,728,51,120,1,1,1
901,2,735,728,56,104,1,1,1
