1 1 278 256 30 86
1 2 328 91 27 69
1 3 315 87 24 62
1 4 410 44 22 61
2 1 278 257 30 85
2 2 328 91 27 69
2 3 315 87 26 66
2 4 410 44 22 61
3 1 277 257 30 85
3 2 328 91 27 69
3 3 315 87 27 63
3 4 410 44 22 61
4 1 278 258 29 83
4 2 328 91 28 69
4 3 315 87 24 64
4 4 410 45 22 60
5 1 277 258 30 84
5 2 328 90 28 70
5 3 316 87 21 64
5 4 410 45 22 60
6 1 277 255 29 87
6 2 329 90 27 69
6 3 316 87 22 67
6 4 410 45 22 59
7 1 277 255 30 87
7 2 329 90 28 70
7 3 316 87 23 69
7 4 410 46 22 59
8 1 275 256 31 86
8 2 329 90 28 70
8 3 316 87 23 70
8 4 410 46 21 59
9 1 273 257 32 86
9 2 329 89 28 71
9 3 314 87 26 70
9 4 409 47 23 60
10 1 272 257 32 86
10 2 329 89 28 71
10 3 314 87 25 70
10 4 409 48 22 58
11 1 272 257 32 86
11 2 329 89 28 71
11 3 314 87 25 70
11 4 409 48 22 61
12 1 271 258 32 85
12 2 329 89 28 71
12 3 314 87 25 69
12 4 409 47 22 58
13 1 271 257 32 86
13 2 329 88 28 71
13 3 314 87 25 69
13 4 409 47 22 62
14 1 273 257 30 86
14 2 329 88 28 71
14 3 314 87 25 69
14 4 409 47 22 62
15 1 273 257 29 86
15 2 329 88 28 71
15 3 314 87 25 69
15 4 409 47 22 62
16 1 273 257 29 86
16 2 329 88 28 72
16 3 314 87 25 69
16 4 408 47 23 62
17 1 273 258 29 85
17 2 329 88 29 71
17 3 314 87 25 69
17 4 408 47 23 62
18 1 273 257 29 90
18 2 329 88 29 70
18 3 314 87 25 69
18 4 408 47 23 61
19 1 272 257 28 92
19 2 329 88 29 70
19 3 314 87 25 70
19 4 408 48 21 61
20 1 272 257 25 92
20 2 329 88 29 70
20 3 314 87 25 69
20 4 406 49 23 60
21 1 268 258 28 91
21 2 329 88 29 70
21 3 314 87 25 69
21 4 406 49 23 60
22 1 267 258 29 91
22 2 329 88 29 70
22 3 314 87 25 71
22 4 406 49 23 60
23 1 267 258 29 91
23 2 329 88 29 70
23 3 314 87 25 71
23 4 406 49 23 61
24 1 267 258 29 91
24 2 329 88 28 70
24 3 314 87 25 71
24 4 406 49 23 62
25 1 267 258 29 91
25 2 329 88 28 70
25 3 314 87 25 71
25 4 406 49 23 62
26 1 265 258 30 91
26 2 329 87 28 71
26 3 317 87 22 71
26 4 406 50 23 61
27 1 265 258 33 91
27 2 329 87 28 71
27 3 317 87 22 71
27 4 406 50 22 61
28 1 265 258 33 91
28 2 332 87 25 71
28 3 317 87 22 71
28 4 407 51 22 63
29 1 265 258 33 91
29 2 332 87 25 71
29 3 317 87 22 71
29 4 407 51 22 63
30 1 265 258 36 90
30 2 332 87 25 71
30 3 317 87 22 71
30 4 407 51 22 63
31 1 265 258 36 90
31 2 332 87 25 71
31 3 318 89 22 69
31 4 407 51 22 63
32 1 265 257 36 90
32 2 332 87 25 71
32 3 318 89 22 69
32 4 407 52 23 62
33 1 265 257 36 91
33 2 332 87 25 71
33 3 318 89 22 69
33 4 407 52 22 62
34 1 265 257 39 91
34 2 332 87 25 71
34 3 318 89 22 69
34 4 407 52 22 62
35 1 265 257 39 90
35 2 332 87 25 71
35 3 318 89 23 69
35 4 407 52 22 62
36 1 265 254 39 94
36 2 332 87 25 71
36 3 318 89 23 69
36 4 408 53 22 61
36 5 444 433 51 98
37 1 265 253 39 94
37 2 332 87 25 71
37 3 318 89 23 69
37 4 407 53 23 62
37 5 443 428 53 101
38 1 265 253 39 95
38 2 332 87 25 71
38 3 318 89 23 68
38 4 408 53 21 61
38 5 443 426 51 101
39 1 265 253 40 95
39 2 332 87 25 71
39 3 318 89 23 68
39 4 408 53 21 60
39 5 446 422 48 105
40 1 265 253 40 95
40 2 332 87 25 70
40 3 319 89 22 69
40 4 407 53 23 61
40 5 445 418 47 109
41 1 265 253 39 94
41 2 332 87 25 70
41 3 319 89 22 68
41 4 407 53 23 61
41 5 444 414 49 108
42 1 265 253 40 94
42 2 332 87 25 70
42 3 319 89 22 68
42 4 407 54 23 61
42 5 443 411 50 111
43 1 265 253 39 94
43 2 332 87 25 70
43 3 319 89 22 68
43 4 407 54 23 64
43 5 442 408 47 114
44 1 265 247 39 96
44 2 332 87 25 70
44 3 319 89 22 68
44 4 407 55 23 63
44 5 441 405 48 117
45 1 265 248 39 95
45 2 332 87 25 70
45 3 319 89 22 68
45 4 407 55 23 63
45 5 440 408 49 113
46 1 265 248 39 95
46 2 332 87 25 70
46 3 319 89 22 68
46 4 407 55 22 62
46 5 439 406 50 115
47 1 265 248 39 95
47 2 332 87 25 70
47 3 319 89 22 68
47 4 407 56 22 64
47 5 441 402 45 118
48 1 267 244 40 92
48 2 332 87 25 70
48 3 319 89 22 68
48 4 407 56 22 64
48 5 440 400 46 121
49 1 267 244 40 91
49 2 332 87 25 70
49 3 319 89 22 68
49 4 407 56 22 64
49 5 439 397 47 123
50 1 267 244 40 92
50 2 332 87 25 70
50 3 319 89 22 68
50 4 407 56 22 64
50 5 438 398 45 123
51 1 267 244 40 92
51 2 332 87 25 70
51 3 319 89 22 68
51 4 407 56 22 64
51 5 438 396 45 120
52 1 270 244 37 87
52 2 331 87 26 70
52 3 319 88 22 69
52 4 406 56 23 64
52 5 438 391 45 119
53 1 270 243 37 88
53 2 332 87 25 70
53 3 319 88 22 69
53 4 406 57 22 62
53 5 437 388 43 122
54 1 270 243 37 88
54 2 332 87 25 70
54 3 319 88 22 69
54 4 406 57 22 62
54 5 436 384 44 121
55 1 270 243 37 88
55 2 332 87 25 70
55 3 319 88 22 69
55 4 406 57 22 62
55 5 436 384 44 116
56 1 270 242 37 89
56 2 332 87 25 70
56 3 319 88 22 69
56 4 406 57 22 63
56 5 435 381 46 120
57 1 269 241 38 90
57 2 332 87 25 70
57 3 319 88 22 69
57 4 406 57 22 62
57 5 434 378 47 119
58 1 270 243 37 88
58 2 332 87 25 70
58 3 319 88 22 69
58 4 406 57 22 63
58 5 433 375 48 121
59 1 269 239 39 92
59 2 332 87 25 70
59 3 319 88 22 69
59 4 406 57 22 65
59 5 433 375 48 104
60 1 271 239 37 92
60 2 332 87 25 70
60 3 319 88 22 69
60 4 406 58 23 64
60 5 431 374 46 103
61 1 271 238 37 93
61 2 332 87 25 70
61 3 319 88 22 69
61 4 406 59 23 64
61 5 430 374 46 103
62 1 271 238 37 93
62 2 332 86 25 71
62 3 319 88 22 69
62 4 406 59 23 64
62 5 428 370 49 107
63 1 271 237 37 94
63 2 332 86 25 71
63 3 319 88 22 69
63 4 406 59 23 64
63 5 427 368 49 109
64 1 271 237 37 93
64 2 332 86 25 71
64 3 319 88 22 69
64 4 406 59 23 65
64 5 427 367 47 109
65 1 271 237 37 91
65 2 332 86 25 71
65 3 319 88 22 69
65 4 406 60 23 65
65 5 426 365 46 110
66 1 271 236 37 92
66 2 332 86 25 71
66 3 319 88 22 68
66 4 406 60 24 65
66 5 425 363 47 112
67 1 270 234 38 94
67 2 332 86 25 71
67 3 319 88 22 68
67 4 406 60 24 65
67 5 424 359 46 116
68 1 270 230 37 92
68 2 332 86 25 71
68 3 319 88 22 68
68 4 406 60 24 65
68 5 423 357 47 115
69 1 270 230 37 93
69 2 332 86 25 71
69 3 319 88 22 68
69 4 406 61 24 64
69 5 422 355 44 118
70 1 270 229 37 92
70 2 332 86 25 71
70 3 319 88 22 68
70 4 406 61 25 64
70 5 421 352 44 118
71 1 270 228 37 90
71 2 332 86 25 71
71 3 319 88 22 68
71 4 406 61 25 64
71 5 420 352 44 117
72 1 270 228 37 87
72 2 332 86 25 71
72 3 319 88 22 68
72 4 406 61 25 65
72 5 420 352 44 117
73 1 270 227 37 87
73 2 332 86 25 71
73 3 319 88 22 68
73 4 406 61 25 64
73 5 418 346 43 108
74 1 270 227 37 87
74 2 332 86 25 71
74 3 319 88 22 68
74 4 406 62 25 63
74 5 417 344 45 101
75 1 270 226 37 85
75 2 332 86 25 71
75 3 319 88 22 68
75 4 406 62 25 64
75 5 417 343 45 102
76 1 270 226 37 85
76 2 332 86 25 71
76 3 319 88 22 68
76 4 406 62 25 64
76 5 417 340 45 105
77 1 270 225 37 86
77 2 332 86 25 71
77 3 319 88 22 68
77 4 407 63 24 63
77 5 417 339 45 106
78 1 270 226 37 85
78 2 332 86 25 71
78 3 319 88 22 68
78 4 407 64 24 64
78 5 416 336 42 109
79 1 270 224 38 88
79 2 332 86 25 71
79 3 319 88 22 68
79 4 407 64 24 64
79 5 415 335 43 104
80 1 270 223 38 89
80 2 332 86 25 70
80 3 319 88 22 68
80 4 407 65 23 63
80 5 414 334 44 105
81 1 270 223 38 88
81 2 332 86 25 70
81 3 319 88 22 68
81 4 407 65 23 65
81 5 414 332 45 107
82 1 270 221 39 91
82 2 332 86 25 71
82 3 319 88 22 68
82 4 407 65 23 65
82 5 415 330 41 109
83 1 270 221 39 91
83 2 332 86 25 71
83 3 317 88 24 68
83 4 407 66 23 64
83 5 415 329 41 110
84 1 270 220 39 92
84 2 332 86 25 71
84 3 317 88 24 68
84 4 407 66 23 65
84 5 415 328 42 111
85 1 271 219 37 90
85 2 332 86 25 71
85 3 317 88 24 68
85 4 407 67 23 65
85 5 413 324 41 115
86 1 274 218 34 89
86 2 332 86 25 71
86 3 317 88 24 68
86 4 407 67 23 64
86 5 412 323 42 113
87 1 275 218 33 89
87 2 332 86 25 71
87 3 317 88 24 68
87 4 407 67 23 64
87 5 412 320 43 117
88 1 275 216 34 92
88 2 332 86 25 70
88 3 317 87 24 69
88 4 407 67 23 64
88 5 412 323 42 107
89 1 275 215 34 93
89 2 332 86 25 70
89 3 317 87 24 69
89 4 406 67 23 64
89 5 412 319 42 107
90 1 275 214 34 87
90 2 332 86 25 70
90 3 317 87 24 69
90 4 407 67 22 64
90 5 411 316 44 104
91 1 275 214 34 83
91 2 332 86 25 70
91 3 317 87 24 69
91 4 406 67 24 66
91 5 411 315 44 104
92 1 275 213 34 82
92 2 332 86 25 70
92 3 317 87 24 69
92 4 406 68 23 63
92 5 410 312 45 99
93 1 275 213 34 81
93 2 332 86 25 70
93 3 318 87 23 69
93 4 406 67 24 67
93 5 409 310 44 93
94 1 275 212 35 83
94 2 332 86 25 70
94 3 318 87 23 69
94 4 406 68 24 63
94 5 412 308 41 95
95 1 275 210 35 83
95 2 332 86 25 70
95 3 318 87 23 69
95 4 406 68 24 63
95 5 411 306 42 96
96 1 275 208 35 83
96 2 332 86 25 70
96 3 318 87 23 69
96 4 406 68 24 66
96 5 412 305 41 93
97 1 275 207 35 84
97 2 332 86 25 70
97 3 318 87 23 69
97 4 406 69 24 67
97 5 411 303 42 100
98 1 275 207 35 84
98 2 332 86 25 70
98 3 318 87 23 69
98 4 406 69 24 67
98 5 410 302 43 100
99 1 275 206 35 85
99 2 332 85 25 71
99 3 318 87 23 68
99 4 406 70 24 66
99 5 410 298 42 105
100 1 275 206 35 85
100 2 332 85 25 71
100 3 318 87 23 68
100 4 406 70 24 67
100 5 409 297 42 105
101 1 275 206 35 85
101 2 332 85 25 71
101 3 318 87 23 68
101 4 406 70 24 67
101 5 409 296 42 105
102 1 274 204 36 87
102 2 332 85 25 71
102 3 318 87 23 68
102 4 406 70 24 67
102 5 408 295 43 107
103 1 274 203 36 88
103 2 332 85 25 71
103 3 318 87 23 68
103 4 406 70 23 67
103 5 407 293 44 109
104 1 274 204 34 80
104 2 332 85 25 71
104 3 318 87 23 69
104 4 403 70 26 67
104 5 407 290 44 112
105 1 274 203 33 80
105 2 332 85 26 71
105 3 318 87 23 69
105 4 403 70 26 67
105 5 407 290 41 102
106 1 273 201 34 82
106 2 332 85 26 71
106 3 319 87 22 69
106 4 403 70 26 67
106 5 406 288 41 102
107 1 273 200 34 83
107 2 332 85 26 70
107 3 319 86 22 69
107 4 403 71 26 66
107 5 406 286 41 101
108 1 273 199 34 82
108 2 332 85 26 70
108 3 319 86 22 69
108 4 403 71 26 66
108 5 406 284 40 101
109 1 272 198 35 82
109 2 332 85 26 70
109 3 319 86 22 69
109 4 404 71 25 66
109 5 409 282 38 92
110 1 272 198 35 82
110 2 332 85 26 70
110 3 319 86 22 69
110 4 403 71 26 68
110 5 409 280 37 94
111 1 273 196 33 83
111 2 333 85 25 71
111 3 319 86 22 69
111 4 403 71 26 68
111 5 409 279 38 94
112 1 273 196 33 83
112 2 333 85 25 71
112 3 319 86 22 69
112 4 404 73 24 64
112 5 408 276 39 95
113 1 273 196 33 83
113 2 333 85 25 71
113 3 319 86 22 69
113 4 404 73 24 64
113 5 408 275 39 95
114 1 273 193 31 84
114 2 333 85 25 71
114 3 319 86 22 69
114 4 401 74 27 65
114 5 408 274 39 96
115 1 273 193 31 83
115 2 333 85 25 71
115 3 319 86 23 69
115 4 401 74 27 65
115 5 408 271 40 99
116 1 273 193 31 84
116 2 333 85 26 71
116 3 319 86 23 69
116 4 400 74 28 67
116 5 408 271 38 101
117 1 273 192 31 84
117 2 333 85 26 71
117 3 319 86 23 69
117 4 400 74 29 68
117 5 408 271 38 101
118 1 273 192 32 84
118 2 333 84 26 71
118 3 319 86 22 69
118 4 400 75 29 67
118 5 411 269 35 101
119 1 273 191 33 86
119 2 333 84 26 71
119 3 319 86 23 69
119 4 400 75 29 67
119 5 411 268 35 102
120 1 274 192 31 84
120 2 334 84 25 71
120 3 319 86 23 69
120 4 399 75 29 67
120 5 411 267 35 100
121 1 275 189 31 87
121 2 334 84 25 71
121 3 319 86 23 69
121 4 399 75 28 67
121 5 411 266 36 101
122 1 275 188 31 88
122 2 334 84 25 71
122 3 319 86 23 69
122 4 399 75 28 67
122 5 411 264 37 99
123 1 276 187 30 89
123 2 334 84 25 71
123 3 319 86 23 69
123 4 398 75 29 67
123 5 411 262 37 101
124 1 276 187 30 89
124 2 334 84 25 71
124 3 320 86 22 69
124 4 398 75 29 67
124 5 410 259 36 104
125 1 276 185 32 90
125 2 334 84 26 71
125 3 319 85 23 70
125 4 399 76 28 67
125 5 410 258 37 96
126 1 277 185 31 91
126 2 334 84 26 71
126 3 320 86 22 68
126 4 399 76 28 67
126 5 410 256 37 94
127 1 278 185 30 87
127 2 334 84 26 71
127 3 319 85 23 70
127 4 399 76 28 68
127 5 410 254 38 95
128 1 278 182 32 92
128 2 334 84 26 71
128 3 320 86 22 69
128 4 399 76 28 68
128 5 409 251 39 94
129 1 279 184 31 85
129 2 334 84 26 71
129 3 320 86 22 68
129 4 399 77 28 67
129 5 408 249 41 96
130 1 280 184 30 85
130 2 335 83 26 72
130 3 320 86 22 68
130 4 399 77 27 66
130 5 408 247 41 98
131 1 280 182 31 87
131 2 335 83 28 73
131 3 319 85 23 69
131 4 398 76 29 70
131 5 411 246 37 97
132 1 280 182 31 87
132 2 335 83 28 73
132 3 319 85 23 69
132 4 398 77 29 70
132 5 411 245 37 98
133 1 280 179 32 90
133 2 336 83 27 73
133 3 320 85 22 69
133 4 399 77 28 71
133 5 410 244 38 99
134 1 284 178 29 82
134 2 336 83 27 73
134 3 319 85 23 69
134 4 399 77 28 71
134 5 409 241 40 102
135 1 284 178 29 81
135 2 336 83 27 73
135 3 321 86 22 68
135 4 399 77 27 72
135 5 409 241 37 100
136 1 284 177 29 82
136 2 336 83 27 73
136 3 320 85 23 69
136 4 398 78 28 71
136 5 409 245 37 94
137 1 286 177 30 80
137 2 336 83 27 73
137 3 321 86 22 68
137 4 398 79 28 70
137 5 409 244 37 94
138 1 286 177 30 80
138 2 336 83 27 73
138 3 321 86 22 68
138 4 398 79 28 72
138 5 408 243 38 94
139 1 286 177 31 80
139 2 336 83 27 73
139 3 320 85 22 69
139 4 398 79 28 72
139 5 408 241 38 94
140 1 287 176 30 78
140 2 336 83 27 72
140 3 320 85 23 69
140 4 399 80 28 71
140 5 407 240 36 92
141 1 286 175 31 82
141 2 336 83 27 72
141 3 320 85 23 69
141 4 399 80 28 71
141 5 407 238 36 93
142 1 286 174 31 84
142 2 336 83 27 72
142 3 321 85 22 69
142 4 399 80 28 70
142 5 406 236 37 94
143 1 286 173 31 84
143 2 336 83 27 72
143 3 320 84 23 70
143 4 399 80 28 70
143 5 406 235 37 92
144 1 286 173 33 85
144 2 336 82 27 72
144 3 320 84 23 70
144 4 399 80 28 71
144 5 405 233 38 86
145 1 286 173 33 84
145 2 336 82 27 72
145 3 320 85 23 69
145 4 399 80 28 71
145 5 405 232 39 83
146 1 286 173 33 85
146 2 336 82 27 72
146 3 321 85 22 69
146 4 401 80 26 71
146 5 409 229 33 84
147 1 286 172 34 83
147 2 336 82 27 73
147 3 321 85 22 69
147 4 401 81 26 69
147 5 409 228 33 87
148 1 286 172 34 83
148 2 336 82 27 73
148 3 321 85 22 69
148 4 401 81 26 69
148 5 409 227 34 88
149 1 286 171 34 82
149 2 336 82 27 73
149 3 320 84 23 70
149 4 401 81 26 71
149 5 409 226 34 89
150 1 286 168 31 82
150 2 336 82 27 72
150 3 320 84 23 70
150 4 401 82 26 72
150 5 408 225 33 89
151 1 286 167 31 83
151 2 335 82 28 72
151 3 320 84 23 70
151 4 401 82 26 73
151 5 409 222 32 93
152 1 286 166 31 84
152 2 336 82 27 72
152 3 320 84 23 70
152 4 401 83 26 72
152 5 409 222 32 93
153 1 286 166 32 84
153 2 335 82 28 73
153 3 320 84 23 70
153 4 401 84 26 72
153 5 409 220 32 95
154 1 286 165 32 85
154 2 335 82 28 73
154 3 320 84 23 70
154 4 401 84 25 71
154 5 409 219 33 94
155 1 286 163 33 88
155 2 335 81 28 73
155 3 321 85 22 69
155 4 401 84 25 71
155 5 409 218 32 93
156 1 286 162 34 89
156 2 335 81 28 73
156 3 321 85 22 69
156 4 401 85 25 72
156 5 409 217 32 93
157 1 288 163 29 79
157 2 335 81 28 73
157 3 321 85 22 69
157 4 401 85 25 72
157 5 409 216 33 94
158 1 288 162 29 79
158 2 335 81 28 73
158 3 321 85 22 69
158 4 401 85 25 71
158 5 411 215 30 91
159 1 288 162 30 80
159 2 335 81 28 73
159 3 321 84 22 69
159 4 401 85 25 72
159 5 411 213 31 88
160 1 288 162 30 79
160 2 335 81 28 72
160 3 321 85 22 69
160 4 401 86 24 71
160 5 411 211 31 82
161 1 288 162 31 80
161 2 335 81 28 73
161 3 322 85 22 69
161 4 398 83 27 74
161 5 411 210 31 82
162 1 289 161 30 81
162 2 336 80 27 73
162 3 321 83 22 71
162 4 398 83 27 74
162 5 412 208 30 84
163 1 292 159 28 83
163 2 335 80 28 74
163 3 321 83 22 71
163 4 398 85 27 72
163 5 412 206 31 86
164 1 292 159 29 82
164 2 336 80 28 74
164 3 321 83 22 71
164 4 398 85 27 72
164 5 412 204 32 87
165 1 293 158 27 84
165 2 336 80 28 73
165 3 321 83 22 71
165 4 398 86 27 71
165 5 412 204 33 87
166 1 293 157 27 81
166 2 336 80 28 74
166 3 321 83 22 71
166 4 398 87 27 71
166 5 412 204 33 87
167 1 294 157 27 81
167 2 336 80 28 72
167 3 321 83 22 71
167 4 398 87 27 71
167 5 412 203 33 88
168 1 294 156 27 79
168 2 336 80 28 72
168 3 321 83 20 71
168 4 398 87 27 74
168 5 414 202 30 88
169 1 294 154 28 83
169 2 337 80 28 72
169 3 321 83 20 71
169 4 398 88 27 73
169 5 414 202 30 88
170 1 294 156 29 81
170 2 337 79 28 73
170 3 321 83 20 71
170 4 398 88 26 73
170 5 414 199 31 90
171 1 295 155 28 78
171 2 337 79 28 73
171 3 321 84 20 70
171 4 398 88 26 73
171 5 414 199 31 90
172 1 296 155 27 76
172 2 337 79 28 73
172 3 321 83 20 70
172 4 398 88 26 73
172 5 414 198 32 91
173 1 297 154 29 77
173 2 337 79 29 73
173 3 321 84 20 70
173 4 395 89 28 72
173 5 414 195 32 89
174 1 297 154 31 74
174 2 338 79 28 73
174 3 321 83 19 71
174 4 395 89 28 73
174 5 414 194 30 90
175 1 297 151 31 75
175 2 338 78 29 75
175 3 321 84 20 70
175 4 395 89 28 73
175 5 414 193 31 84
176 1 297 151 31 75
176 2 338 78 29 75
176 3 321 84 20 70
176 4 395 89 28 73
176 5 414 192 31 85
177 1 298 151 31 74
177 2 339 77 29 76
177 3 321 84 19 70
177 4 395 89 28 73
177 5 414 190 32 85
178 1 298 151 31 75
178 2 339 77 30 75
178 3 321 84 20 70
178 4 395 89 28 73
178 5 414 189 32 85
179 1 299 150 31 74
179 2 339 77 30 76
179 3 321 84 20 69
179 4 394 89 26 74
179 5 414 188 33 86
180 1 298 150 31 75
180 2 339 76 30 76
180 3 319 82 20 72
180 4 394 90 25 74
180 5 414 187 33 82
181 1 298 150 31 75
181 2 340 76 30 76
181 3 318 81 21 72
181 4 391 90 28 73
181 5 414 186 33 83
182 1 300 148 29 79
182 2 341 76 29 76
182 3 318 81 21 72
182 4 388 91 31 73
182 5 414 186 34 83
183 1 301 148 30 79
183 2 341 76 29 73
183 3 318 81 21 72
183 4 388 91 30 73
183 5 416 184 33 85
184 1 300 147 30 78
184 2 341 76 31 73
184 3 318 83 21 70
184 4 387 92 31 72
184 5 416 183 33 86
185 1 300 146 30 79
185 2 341 76 31 73
185 3 318 83 21 70
185 4 387 92 31 72
185 5 417 183 33 86
186 1 300 146 30 75
186 2 342 76 31 72
186 3 318 83 21 70
186 4 386 92 30 74
186 5 418 182 33 87
187 1 300 146 30 74
187 2 342 76 31 72
187 3 318 83 21 69
187 4 386 92 30 74
187 5 419 182 32 87
188 1 300 144 30 79
188 2 342 76 32 71
188 3 318 83 21 69
188 4 385 92 30 74
188 5 419 181 33 88
189 1 300 143 30 80
189 2 342 76 32 71
189 3 318 83 21 70
189 4 385 93 30 73
189 5 419 180 34 85
190 1 299 141 31 81
190 2 342 76 32 71
190 3 318 83 21 69
190 4 384 93 29 73
190 5 419 179 35 84
191 1 299 140 31 82
191 2 342 76 32 71
191 3 318 83 21 70
191 4 384 93 29 73
191 5 419 178 35 82
192 1 299 140 31 80
192 2 342 75 32 70
192 3 318 83 21 70
192 4 383 93 29 73
192 5 419 176 36 81
193 1 299 139 31 78
193 2 342 75 32 70
193 3 318 82 21 70
193 4 383 94 29 72
193 5 419 175 36 79
194 1 299 139 31 75
194 2 344 74 30 71
194 3 318 82 21 71
194 4 382 93 29 74
194 5 424 174 35 80
195 1 299 138 31 74
195 2 344 74 29 71
195 3 317 81 22 71
195 4 383 94 28 71
195 5 424 173 36 82
196 1 299 138 31 73
196 2 344 74 29 71
196 3 317 81 22 71
196 4 380 94 30 74
196 5 424 172 36 83
197 1 299 138 29 74
197 2 343 74 29 71
197 3 318 81 21 72
197 4 380 94 29 74
197 5 425 172 35 81
198 1 299 137 29 75
198 2 343 73 29 71
198 3 318 81 21 72
198 4 379 95 30 73
198 5 424 170 37 83
199 1 299 135 29 75
199 2 343 73 29 72
199 3 317 80 22 73
199 4 379 95 30 77
199 5 426 169 35 84
200 1 299 135 29 75
200 2 342 73 30 71
200 3 318 81 21 70
200 4 379 96 30 76
200 5 426 168 35 84
201 1 299 135 29 77
201 2 342 73 30 72
201 3 318 81 21 70
201 4 379 96 29 76
201 5 426 168 35 85
202 1 299 135 29 77
202 2 341 73 30 72
202 3 318 80 21 71
202 4 379 98 28 74
202 5 426 168 35 84
203 1 301 134 27 77
203 2 341 72 30 73
203 3 318 80 21 71
203 4 379 98 28 74
203 5 428 167 32 85
204 1 301 133 27 76
204 2 340 73 28 68
204 3 318 80 21 71
204 4 379 99 28 76
204 5 428 166 32 84
205 1 301 133 28 76
205 2 340 72 30 73
205 3 318 80 21 71
205 4 379 100 28 74
205 5 428 165 32 84
206 1 301 132 28 77
206 2 339 72 28 69
206 3 317 80 22 71
206 4 379 100 28 74
206 5 428 164 32 87
207 1 303 132 26 76
207 2 339 72 29 69
207 3 317 80 22 71
207 4 379 100 28 75
207 5 427 162 33 81
208 1 303 131 26 77
208 2 338 72 29 71
208 3 317 80 22 71
208 4 379 100 28 75
208 5 427 160 34 81
209 1 303 131 29 77
209 2 338 71 28 71
209 3 317 80 22 71
209 4 379 101 28 74
209 5 427 159 34 79
210 1 303 129 29 78
210 2 337 71 29 71
210 3 317 80 22 71
210 4 378 101 25 74
210 5 427 158 35 77
211 1 303 129 29 72
211 2 337 71 29 71
211 3 317 79 22 72
211 4 378 101 25 74
211 5 427 156 33 79
212 1 303 128 29 73
212 2 336 70 29 72
212 3 317 79 22 72
212 4 378 101 25 74
212 5 427 155 33 80
213 1 303 128 29 73
213 2 336 69 28 69
213 3 317 79 22 72
213 4 378 102 24 73
213 5 427 154 33 80
214 1 303 127 29 74
214 2 335 69 29 69
214 3 317 79 21 71
214 4 376 102 26 73
214 5 426 153 34 80
215 1 303 127 30 74
215 2 334 68 28 69
215 3 317 79 21 71
215 4 376 103 26 73
215 5 426 152 34 82
216 1 303 127 30 74
216 2 334 68 28 69
216 3 317 79 21 71
216 4 375 103 27 72
216 5 426 152 34 81
217 1 303 126 30 75
217 2 333 68 28 68
217 3 317 79 25 72
217 4 375 104 26 71
217 5 426 152 34 82
218 1 304 126 29 75
218 2 333 68 28 71
218 3 317 79 25 72
218 4 373 105 28 74
218 5 428 151 33 83
219 1 303 126 29 75
219 2 333 68 28 70
219 3 317 79 25 72
219 4 372 103 27 77
219 5 428 151 33 83
220 1 303 125 30 76
220 2 333 68 27 70
220 3 316 79 25 72
220 4 371 104 28 78
220 5 428 150 33 81
221 1 303 124 30 77
221 2 333 68 27 71
221 3 316 79 25 72
221 4 373 104 26 79
221 5 428 150 33 79
222 1 304 124 30 75
222 2 334 66 26 72
222 3 316 79 25 72
222 4 372 105 26 78
222 5 428 149 33 79
223 1 304 124 30 75
223 2 334 66 26 72
223 3 316 79 25 72
223 4 371 105 27 78
223 5 430 148 31 76
224 1 304 124 30 75
224 2 333 66 26 72
224 3 316 79 25 71
224 4 371 105 26 78
224 5 430 147 32 76
225 1 304 124 30 75
225 2 333 66 26 72
225 3 316 80 24 70
225 4 368 106 29 77
225 5 432 145 30 74
226 1 304 124 30 75
226 2 333 66 26 71
226 3 316 80 24 71
226 4 368 106 29 77
226 5 430 143 32 75
227 1 304 125 30 74
227 2 333 66 25 72
227 3 316 80 24 71
227 4 367 106 30 77
227 5 430 142 32 75
228 1 304 122 29 75
228 2 333 66 25 72
228 3 316 80 24 71
228 4 367 107 29 76
228 5 431 141 31 74
229 1 304 122 29 74
229 2 332 65 26 71
229 3 316 81 24 71
229 4 367 107 28 77
229 5 431 140 31 75
230 1 304 122 29 71
230 2 332 65 26 73
230 3 316 81 24 70
230 4 367 108 28 75
230 5 431 140 31 74
231 1 304 121 29 71
231 2 332 64 26 73
231 3 316 82 23 69
231 4 367 109 28 76
231 5 431 139 31 77
232 1 304 121 30 70
232 2 331 62 27 76
232 3 316 82 23 69
232 4 367 109 28 76
232 5 431 139 31 76
233 1 304 120 28 70
233 2 332 63 24 69
233 3 315 82 24 69
233 4 367 110 27 75
233 5 431 139 31 77
234 1 304 118 28 71
234 2 331 62 25 69
234 3 315 83 24 68
234 4 366 110 28 80
234 5 430 138 32 77
235 1 304 118 28 71
235 2 333 62 24 68
235 3 315 83 23 66
235 4 366 111 28 80
235 5 432 136 29 80
236 1 304 118 28 71
236 2 333 61 24 69
236 3 315 83 24 69
236 4 366 111 28 80
236 5 432 136 29 80
237 1 304 118 28 71
237 2 333 61 23 69
237 3 315 83 24 68
237 4 366 112 27 81
237 5 432 134 29 80
238 1 304 117 29 72
238 2 333 61 23 69
238 3 315 83 24 68
238 4 363 112 30 81
238 5 432 134 29 80
239 1 304 117 29 72
239 2 333 61 23 69
239 3 315 83 23 68
239 4 362 113 31 80
239 5 431 132 30 79
240 1 304 116 29 73
240 2 332 60 24 70
240 3 316 84 23 67
240 4 362 113 31 80
240 5 431 132 30 77
241 1 304 116 28 73
241 2 332 60 24 69
241 3 316 84 23 66
241 4 362 113 31 80
241 5 431 131 31 72
242 1 304 116 28 73
242 2 332 58 24 71
242 3 316 84 23 65
242 4 362 113 30 80
242 5 431 130 29 70
243 1 304 116 29 73
243 2 332 58 24 71
243 3 315 84 28 70
243 4 362 113 30 80
243 5 431 129 29 70
244 1 304 115 29 73
244 2 331 58 24 71
244 3 316 84 27 69
244 4 362 114 30 79
244 5 431 127 29 73
245 1 304 116 29 72
245 2 331 58 24 71
245 3 316 84 29 71
245 4 362 114 30 79
245 5 431 126 29 72
246 1 305 116 28 72
246 2 331 58 24 71
246 3 316 84 31 72
246 4 362 116 30 77
246 5 431 125 29 75
247 1 305 116 28 72
247 2 331 57 24 72
247 3 317 84 31 72
247 4 362 116 30 77
247 5 431 125 29 75
248 1 305 115 28 72
248 2 330 57 24 71
248 3 317 85 30 71
248 4 362 117 30 76
248 5 431 125 29 75
249 1 306 115 28 73
249 2 331 56 25 74
249 3 318 85 30 72
249 4 362 118 30 75
249 5 431 124 29 75
250 1 306 114 28 73
250 2 330 55 25 75
250 3 318 85 30 72
250 4 360 118 32 80
250 5 431 124 29 75
251 1 306 114 29 74
251 2 330 55 25 75
251 3 319 85 29 72
251 4 360 119 32 80
251 5 431 123 30 76
252 1 306 114 29 72
252 2 326 54 29 72
252 3 319 85 30 73
252 4 360 119 32 81
252 5 432 123 28 76
253 1 308 114 27 72
253 2 326 54 29 70
253 3 320 87 29 71
253 4 360 120 30 82
253 5 432 123 28 74
254 1 308 113 27 72
254 2 326 54 29 70
254 3 321 87 28 72
254 4 360 121 30 83
254 5 432 122 28 75
255 1 308 113 27 70
255 2 327 54 28 68
255 3 322 87 28 73
255 4 358 122 31 80
255 5 431 121 29 74
256 1 308 113 27 70
256 2 327 53 26 69
256 3 323 87 26 71
256 4 358 122 31 80
256 5 433 119 27 76
257 1 308 113 27 70
257 2 327 53 26 69
257 3 323 87 26 72
257 4 358 123 31 80
257 5 433 118 27 76
258 1 309 113 27 70
258 2 327 53 27 69
258 3 324 87 24 71
258 4 358 123 30 79
258 5 432 116 29 74
259 1 308 113 27 70
259 2 327 53 26 69
259 3 324 88 29 71
259 4 358 123 30 80
259 5 432 115 29 72
260 1 308 113 27 70
260 2 328 52 27 70
260 3 324 88 29 71
260 4 358 124 29 78
260 5 432 115 29 70
261 1 309 112 27 71
261 2 328 51 25 71
261 3 325 88 28 71
261 4 358 124 29 78
261 5 432 115 28 70
262 1 308 112 28 69
262 2 328 51 25 66
262 3 325 88 28 71
262 4 358 123 29 80
262 5 432 114 28 70
263 1 308 112 28 69
263 2 328 51 25 66
263 3 325 88 28 71
263 4 355 125 31 77
263 5 432 114 28 72
264 1 308 112 28 69
264 2 328 51 25 66
264 3 326 89 28 73
264 4 355 126 29 78
264 5 431 112 28 73
265 1 310 112 26 68
265 2 328 51 26 67
265 3 326 89 28 70
265 4 355 126 29 80
265 5 431 112 28 73
266 1 310 112 26 68
266 2 329 51 25 68
266 3 326 89 29 73
266 4 355 127 29 79
266 5 431 111 28 74
267 1 310 112 25 68
267 2 328 50 26 69
267 3 327 90 28 73
267 4 355 128 29 78
267 5 430 111 29 73
268 1 310 111 25 69
268 2 328 50 25 67
268 3 326 90 31 74
268 4 354 129 29 82
268 5 429 111 29 73
269 1 310 111 25 69
269 2 327 50 26 66
269 3 326 91 31 74
269 4 354 129 29 82
269 5 429 110 29 74
270 1 309 111 26 69
270 2 328 48 28 73
270 3 327 91 31 73
270 4 354 130 29 81
270 5 428 109 28 75
271 1 309 110 26 70
271 2 328 48 25 68
271 3 327 91 31 74
271 4 354 130 29 80
271 5 428 108 28 76
272 1 309 110 26 70
272 2 328 47 25 69
272 3 327 91 30 73
272 4 354 131 31 80
272 5 427 107 28 73
273 1 308 110 26 69
273 2 327 46 24 64
273 3 327 92 30 75
273 4 354 131 31 80
273 5 427 106 28 73
274 1 308 110 26 69
274 2 327 46 24 63
274 3 327 92 30 75
274 4 354 131 31 80
274 5 426 106 28 73
275 1 308 109 26 70
275 2 327 46 24 63
275 3 327 93 30 74
275 4 355 132 30 79
275 5 426 105 29 74
276 1 307 109 26 70
276 2 327 45 24 65
276 3 328 93 30 74
276 4 355 132 30 79
276 5 426 102 26 72
277 1 307 109 26 71
277 2 326 44 25 67
277 3 328 93 30 74
277 4 355 132 30 79
277 5 425 102 27 72
278 1 307 108 26 72
278 2 326 43 24 65
278 3 328 93 30 74
278 4 355 133 30 78
278 5 425 100 27 75
279 1 306 108 27 72
279 2 326 43 24 65
279 3 328 93 31 77
279 4 356 134 28 77
279 5 425 101 27 71
280 1 306 107 27 73
280 2 326 43 24 64
280 3 328 94 30 74
280 4 356 135 28 76
280 5 425 101 26 70
281 1 306 107 27 73
281 2 326 43 24 64
281 3 328 94 29 74
281 4 354 136 30 78
281 5 425 101 26 70
282 1 306 106 27 74
282 2 326 43 23 62
282 3 329 94 32 77
282 4 354 136 30 79
282 5 423 100 28 72
283 1 304 106 26 71
283 2 326 43 24 61
283 3 329 97 32 72
283 4 354 137 30 79
283 5 423 100 28 72
284 1 304 106 26 71
284 2 326 43 24 62
284 3 329 97 32 72
284 4 354 137 31 80
284 5 422 99 28 73
285 1 304 106 26 71
285 2 326 43 24 62
285 3 329 97 32 72
285 4 354 138 30 80
285 5 422 99 28 73
286 1 304 106 26 70
286 2 326 43 24 62
286 3 330 97 31 72
286 4 354 138 30 80
286 5 422 99 27 71
287 1 304 106 26 70
287 2 325 42 24 62
287 3 330 98 31 71
287 4 354 139 30 79
287 5 422 98 26 73
288 1 304 106 25 70
288 2 325 42 24 62
288 3 331 98 30 71
288 4 354 139 30 79
288 5 422 98 26 71
289 1 304 105 26 70
289 2 324 41 25 64
289 3 331 98 30 71
289 4 354 140 30 81
289 5 421 97 26 72
290 1 304 105 26 71
290 2 324 41 24 64
290 3 331 98 30 71
290 4 354 140 30 81
290 5 421 96 27 73
291 1 304 105 26 71
291 2 324 40 24 65
291 3 332 99 29 70
291 4 354 140 30 81
291 5 421 95 26 69
292 1 304 105 27 70
292 2 324 40 24 63
292 3 332 100 29 69
292 4 354 141 29 80
292 5 420 94 26 69
293 1 304 104 27 72
293 2 324 39 22 63
293 3 332 101 29 68
293 4 354 141 29 80
293 5 420 93 27 68
294 1 304 104 27 71
294 2 324 39 22 62
294 3 333 102 28 67
294 4 354 141 29 80
294 5 420 92 25 67
295 1 305 104 28 72
295 2 324 38 22 63
295 3 333 102 28 67
295 4 354 142 29 79
295 5 420 91 25 67
296 1 305 103 28 73
296 2 324 38 23 63
296 3 332 102 31 74
296 4 354 142 29 79
296 5 420 91 25 67
297 1 306 103 27 71
297 2 324 38 23 62
297 3 332 102 31 74
297 4 354 143 29 80
297 5 417 89 27 67
298 1 306 103 27 69
298 2 324 38 22 61
298 3 332 102 31 74
298 4 354 144 29 79
298 5 417 90 26 66
299 1 306 102 27 70
299 2 324 38 23 63
299 3 332 102 31 74
299 4 355 144 28 79
299 5 414 90 29 66
300 1 308 102 25 70
300 2 324 38 22 64
300 3 333 102 31 74
300 4 351 145 32 79
300 5 413 89 29 69
301 1 308 102 25 70
301 2 324 38 22 64
301 3 333 103 31 74
301 4 352 146 31 78
301 5 412 89 29 69
302 1 308 101 25 68
302 2 324 38 22 64
302 3 333 102 31 74
302 4 352 147 31 84
302 5 411 89 30 69
303 1 308 101 25 68
303 2 324 38 22 64
303 3 333 103 31 74
303 4 352 147 31 84
303 5 411 88 29 70
304 1 308 100 27 69
304 2 324 37 22 64
304 3 332 103 33 79
304 4 352 148 31 83
304 5 410 87 29 69
305 1 308 100 27 69
305 2 325 37 22 64
305 3 332 103 33 76
305 4 353 149 30 85
305 5 409 87 30 67
306 1 308 98 27 69
306 2 325 37 22 65
306 3 332 103 33 76
306 4 353 150 32 84
306 5 409 86 29 68
307 1 308 98 27 69
307 2 325 37 22 65
307 3 332 104 33 75
307 4 354 150 31 83
307 5 407 85 31 69
308 1 308 98 27 69
308 2 325 36 22 66
308 3 332 104 34 75
308 4 355 151 31 82
308 5 411 84 25 68
309 1 308 98 27 69
309 2 325 35 22 64
309 3 332 107 34 76
309 4 355 152 31 81
309 5 410 83 25 68
310 1 308 98 27 69
310 2 325 35 22 64
310 3 332 107 34 77
310 4 355 152 31 81
310 5 410 82 25 66
311 1 308 98 27 69
311 2 325 34 23 65
311 3 332 108 34 77
311 4 355 152 31 81
311 5 409 81 25 67
312 1 308 98 27 69
312 2 325 34 23 65
312 3 332 108 34 78
312 4 356 153 30 80
312 5 409 80 25 67
313 1 308 98 27 68
313 2 325 32 23 67
313 3 332 108 32 78
313 4 356 154 30 79
313 5 408 79 26 68
314 1 308 98 25 69
314 2 326 32 22 61
314 3 332 109 32 77
314 4 356 155 30 78
314 5 408 79 26 68
315 1 308 98 25 69
315 2 326 32 22 61
315 3 332 109 32 77
315 4 357 155 31 77
315 5 407 78 27 69
316 1 307 98 25 69
316 2 326 32 22 59
316 3 332 110 32 77
316 4 357 156 31 76
316 5 407 79 25 66
317 1 307 98 25 69
317 2 326 32 22 59
317 3 331 111 32 76
317 4 357 157 31 81
317 5 407 79 25 66
318 1 307 98 25 69
318 2 326 31 22 59
318 3 331 111 31 75
318 4 357 157 31 81
318 5 407 79 25 66
319 1 307 98 25 69
319 2 326 31 22 59
319 3 331 111 32 77
319 4 357 159 31 83
319 5 406 78 25 67
320 1 307 98 25 65
320 2 326 31 22 60
320 3 331 112 31 74
320 4 356 160 31 83
320 5 406 78 25 67
321 1 307 98 25 65
321 2 326 31 22 59
321 3 330 112 32 76
321 4 356 161 30 82
321 5 406 78 25 66
322 1 307 97 23 65
322 2 326 31 22 59
322 3 330 113 31 74
322 4 354 162 32 83
322 5 406 77 25 67
323 1 307 97 23 65
323 2 326 30 23 60
323 3 328 112 34 82
323 4 354 162 32 85
323 5 406 77 26 66
324 1 307 97 23 65
324 2 326 30 23 60
324 3 328 112 34 76
324 4 354 163 32 84
324 5 406 75 26 67
325 1 307 97 23 65
325 2 326 30 23 60
325 3 328 112 34 78
325 4 354 163 32 84
325 5 406 75 26 67
326 1 307 97 23 65
326 2 325 29 24 62
326 3 328 113 34 76
326 4 353 164 33 83
326 5 406 74 26 67
327 1 307 97 23 65
327 2 326 29 22 58
327 3 328 114 34 75
327 4 352 164 34 83
327 5 406 74 26 64
328 1 307 97 23 65
328 2 325 28 24 63
328 3 327 114 35 75
328 4 352 165 34 82
328 5 406 73 26 64
329 1 307 97 23 65
329 2 325 27 24 64
329 3 327 114 34 75
329 4 352 165 33 82
329 5 406 73 27 63
330 1 307 97 23 65
330 2 326 27 23 59
330 3 327 115 34 81
330 4 352 165 33 82
330 5 406 72 27 61
331 1 307 96 24 66
331 2 326 27 23 59
331 3 327 116 32 81
331 4 352 165 34 82
331 5 406 72 25 60
332 1 308 96 23 66
332 2 326 27 23 59
332 3 327 116 32 81
332 4 352 166 34 84
332 5 406 69 25 65
333 1 308 96 23 66
333 2 326 26 23 60
333 3 327 117 31 80
333 4 350 167 36 83
333 5 406 69 25 65
334 1 308 96 23 66
334 2 326 26 23 60
334 3 327 117 31 81
334 4 350 167 36 88
334 5 405 69 26 65
335 1 308 96 22 66
335 2 326 26 23 60
335 3 327 118 30 79
335 4 350 168 36 89
335 5 405 69 26 65
336 1 308 96 22 66
336 2 326 25 23 61
336 3 324 119 32 81
336 4 350 170 36 87
336 5 405 68 26 68
337 1 308 96 22 66
337 2 326 25 23 61
337 3 324 119 32 82
337 4 350 170 36 90
337 5 405 68 26 68
338 1 308 96 22 66
338 2 326 25 23 60
338 3 324 120 32 80
338 4 350 171 36 89
338 5 405 68 25 66
339 1 308 96 22 66
339 2 326 25 23 60
339 3 324 121 31 80
339 4 350 171 36 89
339 5 405 67 25 67
340 1 308 96 22 66
340 2 326 25 23 60
340 3 323 121 33 83
340 4 351 172 35 88
340 5 404 67 26 67
341 1 308 96 22 66
341 2 326 25 23 60
341 3 323 121 32 79
341 4 351 172 35 86
341 5 404 67 25 64
342 1 308 96 22 66
342 2 326 25 23 60
342 3 323 122 32 77
342 4 351 172 35 86
342 5 404 66 25 65
343 1 308 96 22 66
343 2 326 25 23 60
343 3 323 122 32 78
343 4 351 173 35 86
343 5 404 65 25 66
344 1 308 96 22 66
344 2 326 25 24 62
344 3 322 122 33 77
344 4 351 173 35 86
344 5 403 64 24 63
345 1 308 96 22 66
345 2 326 25 24 62
345 3 322 123 31 74
345 4 351 173 35 86
345 5 403 64 24 62
346 1 308 96 22 66
346 2 326 25 24 62
346 3 322 123 31 74
346 4 351 174 34 85
346 5 403 63 25 63
347 1 308 96 22 61
347 2 327 24 24 61
347 3 321 124 31 78
347 4 351 175 34 84
347 5 403 63 25 63
348 1 308 96 22 61
348 2 327 24 24 61
348 3 321 124 31 78
348 4 351 176 34 83
348 5 402 61 25 64
349 1 308 96 22 62
349 2 327 23 27 62
349 3 320 125 31 79
349 4 351 177 34 84
349 5 402 60 26 66
350 1 309 96 22 62
350 2 327 23 27 62
350 3 318 127 32 78
350 4 351 178 34 83
350 5 402 60 26 66
351 1 309 97 22 61
351 2 327 23 27 62
351 3 317 127 33 79
351 4 351 179 33 88
351 5 402 60 26 66
352 1 309 97 22 60
352 2 327 22 28 63
352 3 317 128 33 78
352 4 351 180 33 90
352 5 402 60 25 66
353 1 309 97 22 61
353 2 327 21 28 64
353 3 316 129 33 77
353 4 351 180 33 90
353 5 402 60 25 66
354 1 309 98 22 59
354 2 329 21 27 62
354 3 316 130 32 76
354 4 351 182 33 89
354 5 402 59 25 66
355 1 310 98 21 60
355 2 327 20 29 60
355 3 316 129 33 81
355 4 351 182 33 88
355 5 402 59 25 66
356 1 310 98 25 60
356 2 327 20 29 60
356 3 315 129 33 81
356 4 351 184 32 89
356 5 402 59 25 67
357 1 310 98 25 60
357 2 327 19 29 60
357 3 315 129 32 82
357 4 351 184 32 89
357 5 402 58 26 67
358 1 310 98 25 60
358 2 328 19 28 60
358 3 314 132 33 79
358 4 348 185 37 88
358 5 402 57 26 68
359 1 310 99 25 59
359 2 328 19 28 60
359 3 314 132 32 79
359 4 348 185 37 88
359 5 404 58 22 63
360 1 310 99 25 59
360 2 328 19 28 61
360 3 314 132 32 79
360 4 348 185 37 88
360 5 404 58 22 63
361 1 309 99 26 60
361 2 328 18 28 61
361 3 314 132 32 79
361 4 345 185 38 87
361 5 404 57 23 62
362 1 313 99 25 60
362 2 328 18 28 61
362 3 309 133 37 78
362 4 345 185 38 88
362 5 404 56 23 63
363 1 313 99 25 61
363 2 328 18 29 61
363 3 309 133 36 78
363 4 345 186 38 87
363 5 403 56 24 61
364 1 313 99 25 61
364 2 330 18 28 58
364 3 308 133 37 78
364 4 345 186 37 87
364 5 403 55 24 60
365 1 313 99 25 61
365 2 330 18 28 58
365 3 308 134 37 78
365 4 345 187 37 88
365 5 403 55 24 60
366 1 313 99 25 62
366 2 331 17 27 61
366 3 308 134 36 77
366 4 345 188 37 92
366 5 403 54 24 61
367 1 312 99 26 62
367 2 331 17 27 61
367 3 308 134 36 81
367 4 345 189 37 97
367 5 403 54 23 61
368 1 312 99 26 64
368 2 331 16 27 62
368 3 308 135 36 83
368 4 345 190 36 96
368 5 403 54 24 61
369 1 314 99 25 62
369 2 331 16 27 60
369 3 308 135 36 84
369 4 345 190 36 96
369 5 403 54 23 59
370 1 314 99 24 61
370 2 331 16 27 60
370 3 306 138 36 81
370 4 345 192 35 94
370 5 402 53 24 62
371 1 311 99 27 66
371 2 331 16 27 60
371 3 306 139 36 80
371 4 345 189 36 97
371 5 403 52 23 62
372 1 311 100 27 60
372 2 331 15 31 57
372 3 306 140 35 81
372 4 346 194 34 91
372 5 403 52 23 62
373 1 311 100 27 61
373 2 331 15 31 57
373 3 306 140 35 81
373 4 347 194 33 91
373 5 402 52 23 62
374 1 310 100 28 61
374 2 331 15 31 57
374 3 307 141 34 80
374 4 346 196 33 89
374 5 402 51 23 63
375 1 310 100 28 62
375 2 331 15 31 57
375 3 307 141 34 80
375 4 347 196 32 89
375 5 402 51 23 63
376 1 310 100 28 62
376 2 334 14 26 58
376 3 307 142 33 79
376 4 347 196 32 89
376 5 401 50 24 64
377 1 310 101 28 60
377 2 334 14 26 58
377 3 307 142 33 79
377 4 343 197 36 90
377 5 401 49 24 63
378 1 310 102 28 62
378 2 334 14 26 58
378 3 307 142 33 79
378 4 343 198 36 89
378 5 401 48 24 64
379 1 309 103 28 61
379 2 334 14 26 57
379 3 304 142 36 83
379 4 343 198 36 89
379 5 400 47 25 65
380 1 309 103 28 61
380 2 334 14 26 57
380 3 307 143 33 78
380 4 343 199 36 88
380 5 400 46 25 66
381 1 309 103 28 62
381 2 334 14 26 57
381 3 304 144 36 80
381 4 343 200 35 87
381 5 400 45 23 62
382 1 308 103 29 62
382 2 334 14 26 57
382 3 304 145 36 79
382 4 343 197 36 90
382 5 400 45 23 62
383 1 308 103 27 63
383 2 334 14 26 57
383 3 304 145 36 79
383 4 343 203 35 89
383 5 400 46 23 60
384 1 307 103 28 63
384 2 335 13 26 58
384 3 304 145 35 79
384 4 343 203 35 91
384 5 400 46 23 60
385 1 307 103 28 64
385 2 335 12 26 59
385 3 304 146 35 78
385 4 343 204 35 94
385 5 400 45 23 60
386 1 307 104 28 64
386 2 335 12 26 59
386 3 304 147 36 77
386 4 343 204 35 95
386 5 400 45 23 61
387 1 307 104 28 65
387 2 335 11 27 60
387 3 304 148 36 76
387 4 343 205 35 97
387 5 400 45 23 61
388 1 306 104 29 66
388 2 337 11 23 60
388 3 304 149 36 80
388 4 343 205 35 97
388 5 400 45 23 61
389 1 306 104 29 66
389 2 337 11 23 60
389 3 304 149 36 80
389 4 343 206 34 95
389 5 400 45 23 60
390 1 308 104 27 67
390 2 338 10 23 61
390 3 302 150 37 78
390 4 343 207 34 94
390 5 400 45 23 60
391 1 308 104 27 68
391 2 338 10 23 61
391 3 302 150 37 80
391 4 343 208 34 94
391 5 400 44 24 61
392 1 308 105 27 67
392 2 338 9 23 62
392 3 302 151 37 83
392 4 343 209 33 93
392 5 400 44 24 61
393 1 308 105 27 67
393 2 339 9 23 64
393 3 302 151 37 83
393 4 344 209 33 92
393 5 401 44 23 61
394 1 307 105 28 70
394 2 339 8 23 64
394 3 302 152 35 82
394 4 340 210 36 91
394 5 401 43 23 60
395 1 309 107 26 66
395 2 339 8 23 65
395 3 301 153 35 81
395 4 341 208 35 93
395 5 401 43 23 60
396 1 307 107 28 69
396 2 339 8 24 57
396 3 301 154 35 80
396 4 341 208 35 95
396 5 401 41 23 59
397 1 307 107 28 70
397 2 339 8 24 57
397 3 299 154 37 80
397 4 341 209 38 94
397 5 401 41 23 59
398 1 307 108 30 76
398 2 340 8 23 57
398 3 298 155 37 79
398 4 341 210 37 93
398 5 401 40 23 57
399 1 307 108 30 76
399 2 340 7 23 58
399 3 298 155 36 80
399 4 341 210 37 93
399 5 401 39 24 61
400 1 308 108 30 77
400 2 340 7 24 58
400 3 296 156 38 79
400 4 341 211 37 99
400 5 402 39 23 59
401 1 308 108 29 78
401 2 341 8 23 55
401 3 296 156 39 79
401 4 341 213 37 97
401 5 402 39 23 58
402 1 308 108 29 79
402 2 341 7 23 58
402 3 296 157 39 79
402 4 341 214 37 101
402 5 402 39 23 58
403 1 308 108 29 79
403 2 342 7 23 57
403 3 296 157 38 78
403 4 339 215 39 100
403 5 402 38 23 59
404 1 308 108 29 78
404 2 342 7 23 57
404 3 296 157 35 78
404 4 340 217 38 100
404 5 402 38 23 59
405 1 308 108 29 79
405 2 342 7 23 57
405 3 296 158 35 78
405 4 340 218 38 99
405 5 403 38 22 59
406 1 313 110 26 74
406 2 344 7 22 53
406 3 296 158 37 85
406 4 342 219 38 98
406 5 403 38 22 59
407 1 313 110 26 74
407 2 344 4 22 61
407 3 296 159 37 84
407 4 340 220 40 97
407 5 403 38 22 59
408 1 313 110 26 74
408 2 344 4 22 61
408 3 295 159 37 84
408 4 340 220 40 97
408 5 403 38 22 59
409 1 313 111 27 73
409 2 344 3 22 62
409 3 294 160 37 84
409 4 341 221 39 99
409 5 403 38 22 58
410 1 313 111 27 73
410 2 345 3 21 59
410 3 294 161 37 83
410 4 341 221 39 99
410 5 403 38 22 59
411 1 314 111 27 78
411 2 346 3 21 59
411 3 294 161 36 85
411 4 341 222 39 98
411 5 403 37 22 59
412 1 314 111 27 78
412 2 346 2 21 60
412 3 294 162 36 88
412 4 341 223 39 96
412 5 403 36 22 60
413 1 314 112 27 73
413 2 347 2 20 57
413 3 294 162 36 89
413 4 341 224 42 95
413 5 403 36 21 59
414 1 314 112 27 74
414 2 347 1 20 58
414 3 294 163 36 88
414 4 341 224 41 95
414 5 403 35 21 58
415 1 314 116 27 69
415 2 347 1 20 58
415 3 294 163 36 88
415 4 342 225 41 94
415 5 403 35 21 58
416 1 314 117 27 69
416 2 347 1 21 58
416 3 294 164 36 87
416 4 342 226 40 93
416 5 403 34 22 57
417 1 314 117 27 69
417 2 347 1 21 58
417 3 294 164 36 87
417 4 344 227 37 98
417 5 403 33 21 57
418 1 315 119 25 66
418 2 348 1 20 55
418 3 294 165 36 86
418 4 344 228 37 99
418 5 403 33 21 57
419 1 315 120 25 66
419 2 348 1 20 55
419 3 294 165 36 86
419 4 344 229 37 100
419 5 403 33 21 57
420 1 314 121 26 68
420 2 348 1 20 55
420 3 294 165 36 84
420 4 344 230 36 101
420 5 403 32 22 58
421 1 314 121 26 69
421 2 349 1 19 55
421 3 292 166 38 83
421 4 344 231 36 101
421 5 403 32 22 58
422 1 315 120 25 75
422 2 349 1 19 55
422 3 290 166 40 83
422 4 344 232 36 101
422 5 403 32 22 58
423 1 315 120 25 75
423 2 349 1 19 55
423 3 290 169 38 82
423 4 344 234 35 98
423 5 403 31 22 58
424 1 315 121 25 75
424 2 349 1 19 55
424 3 290 170 38 81
424 4 341 235 41 100
424 5 404 31 22 58
425 1 314 121 27 76
425 2 349 1 18 54
425 3 290 170 38 84
425 4 341 235 41 100
425 5 404 31 22 59
426 1 314 121 27 74
426 2 349 1 18 54
426 3 289 171 39 83
426 4 341 237 41 98
426 5 404 32 22 55
427 1 314 121 27 74
427 2 349 0 18 55
427 3 287 172 39 86
427 4 341 238 40 97
427 5 404 31 23 58
428 1 314 121 27 76
428 2 349 0 19 55
428 3 290 173 36 85
428 4 341 238 40 97
428 5 405 31 21 56
429 1 314 121 28 77
429 2 349 -1 19 55
429 3 287 175 37 86
429 4 339 239 42 96
429 5 404 30 23 58
430 1 314 122 27 74
430 2 347 -2 21 56
430 3 287 176 36 85
430 4 339 239 42 96
430 5 404 30 23 58
431 1 313 124 28 76
431 2 347 -2 21 56
431 3 286 176 37 87
431 4 339 240 42 95
431 5 404 29 23 61
432 1 313 125 28 76
432 2 347 -3 21 57
432 3 286 177 36 86
432 4 339 240 42 95
432 5 406 29 22 56
433 1 313 125 28 75
433 2 346 -3 22 57
433 3 286 178 36 86
433 4 340 243 40 96
433 5 406 28 22 56
434 1 313 126 28 77
434 2 346 -4 22 58
434 3 286 178 35 86
434 4 340 243 40 101
434 5 406 28 22 56
435 1 314 126 27 78
435 2 347 -3 21 54
435 3 285 178 36 86
435 4 340 244 40 104
435 5 406 27 22 56
436 1 314 127 27 77
436 2 347 -3 21 54
436 3 282 179 38 85
436 4 338 245 43 105
436 5 407 27 21 55
437 1 315 130 27 74
437 2 347 -3 20 54
437 3 282 180 38 84
437 4 338 246 43 104
437 5 407 27 21 54
438 1 315 130 27 76
438 2 347 -3 20 54
438 3 282 180 37 84
438 4 339 248 42 105
438 5 407 26 21 56
439 1 315 131 28 75
439 2 346 -3 19 54
439 3 281 180 38 85
439 4 339 249 42 106
439 5 407 26 22 56
440 1 315 131 28 75
440 2 346 -3 19 54
440 3 280 181 37 84
440 4 339 250 42 105
440 5 407 26 21 55
441 1 316 132 27 74
441 2 346 -3 19 54
441 3 279 183 39 82
441 4 340 251 40 104
441 5 407 26 21 55
442 1 316 131 27 75
442 2 345 -2 19 53
442 3 279 183 39 84
442 4 339 252 42 103
442 5 407 26 21 54
443 1 316 132 27 74
443 2 344 -2 19 54
443 3 279 184 38 86
443 4 339 253 43 102
443 5 408 26 21 54
444 1 317 133 26 73
444 2 344 -2 19 54
444 3 279 184 38 89
444 4 339 253 43 102
444 5 408 25 21 57
445 1 316 133 28 77
445 2 344 -1 18 53
445 3 279 185 38 91
445 4 340 254 42 101
445 5 408 26 21 54
446 1 317 133 29 73
446 2 341 -2 23 54
446 3 279 186 38 92
446 4 340 254 42 101
446 5 408 25 21 55
447 1 317 134 29 72
447 2 341 -2 22 54
447 3 279 186 38 92
447 4 339 253 43 102
447 5 408 25 21 54
448 1 318 134 28 72
448 2 340 -2 23 54
448 3 279 187 37 91
448 4 339 256 43 99
448 5 408 24 21 56
449 1 318 135 30 73
449 2 339 -2 23 54
449 3 278 189 38 92
449 4 339 258 43 97
449 5 408 24 21 56
450 1 318 135 30 76
450 2 338 -3 23 54
450 3 280 191 35 87
450 4 339 261 43 95
450 5 408 23 21 57
451 1 318 136 30 77
451 2 339 -4 20 55
451 3 280 191 36 87
451 4 339 261 43 101
451 5 407 22 22 58
452 1 318 137 30 78
452 2 338 -4 21 55
452 3 280 192 35 86
452 4 342 265 40 100
452 5 407 22 22 58
453 1 318 137 30 80
453 2 338 -5 21 55
453 3 281 193 35 85
453 4 342 263 39 104
453 5 407 20 22 60
454 1 318 138 30 79
454 2 338 -5 21 55
454 3 277 193 38 93
454 4 342 265 39 103
454 5 407 20 23 60
455 1 318 139 30 78
455 2 337 -5 20 53
455 3 277 193 39 94
455 4 342 266 39 104
455 5 407 19 23 61
456 1 319 140 29 79
456 2 337 -6 21 56
456 3 277 193 39 94
456 4 342 267 39 105
456 5 408 19 22 56
457 1 319 141 29 80
457 2 337 -4 21 54
457 3 277 194 38 93
457 4 342 268 39 104
457 5 408 19 22 56
458 1 319 142 28 78
458 2 337 -4 21 54
458 3 277 194 38 93
458 4 342 270 38 102
458 5 408 19 22 56
459 1 320 143 27 78
459 2 337 -4 19 54
459 3 277 194 38 93
459 4 339 270 41 102
459 5 408 19 23 56
460 1 320 143 27 78
460 2 337 -4 19 54
460 3 277 195 38 92
460 4 339 270 41 102
460 5 408 19 23 55
461 1 320 145 27 76
461 2 336 -4 19 54
461 3 277 196 38 91
461 4 337 271 42 102
461 5 408 19 23 55
462 1 318 145 29 76
462 2 336 -4 19 54
462 3 277 196 38 91
462 4 337 273 42 100
462 5 408 19 23 56
463 1 318 146 29 76
463 2 336 -4 19 54
463 3 277 197 37 90
463 4 337 273 42 100
463 5 409 19 22 55
464 1 318 146 30 77
464 2 335 -4 19 54
464 3 278 198 37 89
464 4 337 274 41 99
464 5 409 18 22 56
465 1 319 146 28 76
465 2 335 -5 19 55
465 3 278 198 37 94
465 4 337 274 41 99
465 5 410 18 22 55
466 1 319 147 28 74
466 2 335 -5 19 54
466 3 278 199 37 95
466 4 333 275 44 99
466 5 411 18 21 54
467 1 319 147 28 75
467 2 335 -6 19 56
467 3 278 199 37 99
467 4 336 275 44 104
467 5 411 17 21 54
468 1 319 150 28 73
468 2 334 -6 18 52
468 3 272 200 42 98
468 4 338 276 40 108
468 5 411 17 21 53
469 1 319 150 30 76
469 2 334 -6 18 52
469 3 272 201 42 99
469 4 333 279 45 109
469 5 411 16 22 55
470 1 320 151 29 75
470 2 333 -7 18 54
470 3 273 203 41 97
470 4 333 281 44 108
470 5 411 15 22 55
471 1 320 153 30 75
471 2 333 -7 18 51
471 3 273 204 41 96
471 4 331 282 45 108
471 5 411 15 22 55
472 1 321 154 30 76
472 2 332 -8 19 52
472 3 273 204 41 96
472 4 331 283 47 109
472 5 411 14 22 55
473 1 321 155 30 75
473 2 332 -8 19 52
473 3 271 205 42 95
473 4 331 284 46 108
473 5 411 14 22 55
474 1 322 156 29 74
474 2 332 -8 18 51
474 3 271 206 42 94
474 4 332 286 45 107
474 5 412 14 21 55
475 1 322 157 30 73
475 2 331 -9 19 53
475 3 271 206 42 94
475 4 332 286 45 109
475 5 412 14 21 53
476 1 323 158 30 76
476 2 331 -9 19 53
476 3 271 206 42 94
476 4 332 287 45 108
476 5 412 14 21 53
477 1 323 159 31 75
477 2 331 -9 19 53
477 3 271 205 42 95
477 4 332 287 44 108
477 5 412 13 21 55
478 1 324 160 30 75
478 2 330 -8 19 51
478 3 272 208 41 92
478 4 333 290 43 105
478 5 412 14 21 54
479 1 324 160 30 74
479 2 330 -9 19 53
479 3 272 209 44 91
479 4 332 291 44 104
479 5 412 13 21 54
480 1 325 161 29 73
480 2 329 -9 20 53
480 3 272 210 44 90
480 4 332 292 44 103
480 5 412 13 21 54
481 1 325 161 30 73
481 2 326 -9 22 52
481 3 273 210 43 94
481 4 332 292 44 103
481 5 412 14 20 50
482 1 326 162 29 72
482 2 326 -9 22 52
482 3 273 211 43 96
482 4 336 294 39 101
482 5 412 13 21 53
483 1 328 162 31 72
483 2 326 -9 22 52
483 3 273 211 43 97
483 4 336 295 38 100
483 5 412 13 21 53
484 1 329 162 31 72
484 2 325 -10 22 53
484 3 274 212 43 97
484 4 336 295 35 98
484 5 412 12 21 53
485 1 329 163 30 71
485 2 324 -10 22 53
485 3 275 215 41 96
485 4 335 297 36 96
485 5 411 12 21 52
486 1 329 163 31 77
486 2 323 -11 22 55
486 3 276 217 39 96
486 4 334 296 36 104
486 5 411 11 21 53
487 1 330 164 30 77
487 2 322 -12 22 56
487 3 277 217 40 96
487 4 327 297 42 105
487 5 410 11 22 53
488 1 330 165 30 79
488 2 321 -13 23 57
488 3 278 218 39 95
488 4 327 301 41 101
488 5 411 11 21 51
489 1 331 166 29 80
489 2 324 -12 18 51
489 3 279 219 39 95
489 4 327 301 40 103
489 5 411 10 21 52
490 1 331 168 29 80
490 2 323 -12 19 51
490 3 280 219 38 95
490 4 327 302 38 102
490 5 411 9 21 53
491 1 332 169 28 82
491 2 323 -12 19 50
491 3 280 220 39 95
491 4 326 304 39 100
491 5 411 9 21 52
492 1 329 170 31 78
492 2 323 -13 18 51
492 3 281 220 38 94
492 4 325 304 38 100
492 5 411 9 21 53
493 1 329 171 31 80
493 2 322 -13 18 50
493 3 282 221 38 92
493 4 324 305 39 100
493 5 411 9 21 53
494 1 329 172 31 83
494 2 321 -12 18 49
494 3 282 220 42 93
494 4 323 306 38 99
494 5 411 8 21 53
495 1 329 172 33 83
495 2 320 -13 19 50
495 3 282 220 43 93
495 4 323 306 38 98
495 5 412 9 21 52
496 1 329 173 33 82
496 2 320 -12 18 48
496 3 283 221 42 92
496 4 320 305 41 100
496 5 412 9 21 51
497 1 329 173 33 82
497 2 319 -12 18 48
497 3 283 221 43 92
497 4 319 306 41 99
497 5 411 8 21 55
498 1 330 176 32 79
498 2 318 -13 18 51
498 3 284 223 45 95
498 4 318 306 42 100
498 5 411 8 21 55
499 1 330 176 32 79
499 2 318 -12 18 49
499 3 285 223 44 94
499 4 317 308 40 101
499 5 411 8 21 54
500 1 330 176 33 79
500 2 317 -13 18 51
500 3 286 224 45 93
500 4 317 309 39 104
500 5 412 8 20 55
501 1 331 177 32 78
501 2 316 -12 18 48
501 3 286 224 46 93
501 4 316 310 39 108
501 5 412 7 21 56
502 1 331 178 32 77
502 2 317 -13 18 50
502 3 287 227 46 103
502 4 316 311 38 111
502 5 412 8 21 52
503 1 331 178 32 77
503 2 315 -12 20 51
503 3 288 227 45 103
503 4 315 312 38 116
503 5 414 8 19 52
504 1 332 179 31 78
504 2 314 -12 20 51
504 3 288 228 46 102
504 4 315 313 38 115
504 5 414 7 20 52
505 1 333 180 31 80
505 2 314 -12 20 50
505 3 289 230 45 99
505 4 308 314 43 114
505 5 414 7 20 50
506 1 333 182 34 81
506 2 313 -12 20 50
506 3 289 231 44 98
506 4 308 315 43 117
506 5 414 6 20 50
507 1 334 183 35 82
507 2 313 -13 18 52
507 3 289 233 44 97
507 4 308 316 42 116
507 5 414 6 20 51
508 1 336 184 33 82
508 2 313 -13 17 52
508 3 293 233 45 102
508 4 308 319 43 113
508 5 414 6 21 51
509 1 337 185 32 81
509 2 313 -14 17 53
509 3 294 234 45 101
509 4 308 320 41 112
509 5 415 5 20 50
510 1 337 186 33 82
510 2 312 -14 14 50
510 3 294 234 45 102
510 4 308 322 39 110
510 5 414 4 21 53
511 1 338 186 33 84
511 2 311 -14 15 50
511 3 294 235 41 98
511 4 310 323 37 108
511 5 415 4 20 51
512 1 339 187 34 85
512 2 311 -15 15 51
512 3 295 236 41 97
512 4 310 324 37 107
512 5 414 4 21 52
513 1 340 188 34 85
513 2 307 -15 18 51
513 3 298 235 37 100
513 4 310 323 35 110
513 5 415 4 21 50
514 1 340 189 34 84
514 2 307 -15 16 52
514 3 299 235 37 100
514 4 309 324 36 109
514 5 414 4 21 52
515 1 341 190 34 83
515 2 306 -15 18 51
515 3 304 237 32 98
515 4 307 324 35 109
515 5 414 4 21 52
516 1 342 190 33 83
516 2 306 -15 17 51
516 3 301 237 36 98
516 4 307 325 35 108
516 5 415 4 20 49
517 1 342 191 33 82
517 2 306 -15 17 51
517 3 301 238 36 97
517 4 306 326 35 107
517 5 416 4 20 52
518 1 342 191 33 82
518 2 301 -15 22 51
518 3 306 238 31 97
518 4 302 325 38 111
518 5 416 4 20 52
519 1 343 192 32 81
519 2 301 -15 21 51
519 3 307 239 36 94
519 4 302 328 38 108
519 5 416 3 20 52
520 1 343 192 33 81
520 2 300 -15 22 50
520 3 307 239 39 96
520 4 297 329 42 107
520 5 416 2 20 53
521 1 344 196 32 77
521 2 300 -14 21 50
521 3 308 240 43 98
521 4 293 329 46 107
521 5 416 2 20 53
522 1 344 197 32 83
522 2 299 -14 21 49
522 3 308 244 48 94
522 4 291 330 47 106
522 5 416 2 20 53
523 1 345 198 31 86
523 2 299 -14 23 49
523 3 309 244 48 94
523 4 288 330 50 109
523 5 416 1 19 51
524 1 346 199 30 87
524 2 299 -14 22 49
524 3 310 245 47 95
524 4 288 331 49 108
524 5 416 1 19 51
525 1 346 200 36 86
525 2 297 -14 24 48
525 3 311 246 47 95
525 4 289 332 49 108
525 5 416 0 19 52
526 1 346 201 36 85
526 2 296 -14 24 48
526 3 312 246 46 97
526 4 289 332 48 108
526 5 416 0 19 53
527 1 346 203 36 86
527 2 296 -14 24 49
527 3 312 247 47 97
527 4 287 332 48 108
527 5 416 -1 20 54
528 1 347 204 35 87
528 2 294 -15 24 48
528 3 313 247 45 96
528 4 289 332 46 108
528 5 416 -1 20 52
529 1 347 205 35 86
529 2 294 -15 24 48
529 3 312 247 47 95
529 4 288 332 45 108
529 5 416 -1 20 52
530 1 348 206 34 85
530 2 295 -17 20 48
530 3 313 247 46 95
530 4 280 332 50 108
530 5 416 -1 20 52
531 1 348 207 34 84
531 2 295 -17 20 48
531 3 313 247 47 96
531 4 278 332 52 109
531 5 416 -2 20 52
532 1 348 208 34 83
532 2 295 -17 20 48
532 3 317 248 44 94
532 4 278 332 48 109
532 5 416 -1 20 51
533 1 348 207 36 87
533 2 295 -17 19 48
533 3 318 248 43 94
533 4 273 334 49 111
533 5 416 -1 20 51
534 1 348 207 36 88
534 2 295 -17 19 48
534 3 324 248 37 94
534 4 273 334 48 111
534 5 417 -1 19 51
535 1 348 208 36 87
535 2 295 -17 19 48
535 3 327 249 34 95
535 4 272 335 49 112
535 5 417 -1 19 51
536 1 349 208 36 87
536 2 294 -17 19 48
536 3 327 250 36 94
536 4 272 336 47 115
536 5 417 -1 20 51
537 1 350 208 35 85
537 2 294 -17 19 48
537 3 328 250 36 97
537 4 271 337 47 116
537 5 417 -1 20 51
538 1 351 209 34 86
538 2 295 -17 19 48
538 3 329 254 47 98
538 4 266 337 52 116
538 5 417 -2 20 52
539 1 351 210 35 89
539 2 289 -17 22 48
539 3 330 256 47 99
539 4 265 338 52 118
539 5 418 -2 20 52
540 1 352 210 34 92
540 2 289 -17 22 48
540 3 331 257 48 99
540 4 265 338 52 121
540 5 418 -3 20 53
541 1 353 215 34 88
541 2 289 -17 22 48
541 3 332 257 48 100
541 4 265 339 52 121
541 5 419 -3 19 52
542 1 354 216 34 87
542 2 289 -17 22 48
542 3 333 259 46 101
542 4 265 339 49 121
542 5 418 -4 21 54
543 1 355 218 34 88
543 2 289 -17 22 48
543 3 334 260 45 101
543 4 265 340 49 120
543 5 419 -4 20 52
544 1 356 219 34 87
544 2 289 -17 22 45
544 3 335 261 45 99
544 4 265 339 49 121
544 5 420 -4 19 53
545 1 357 220 34 88
545 2 289 -17 22 45
545 3 336 263 45 100
545 4 265 340 48 120
545 5 420 -5 19 54
546 1 356 220 35 89
546 2 289 -17 22 45
546 3 337 264 44 101
546 4 264 344 48 115
546 5 422 -5 18 51
547 1 359 222 34 88
547 2 289 -17 22 45
547 3 338 265 44 102
547 4 264 345 44 114
547 5 422 -5 18 51
548 1 360 222 34 90
548 2 288 -21 22 45
548 3 339 266 47 101
548 4 263 345 44 114
548 5 422 -5 18 50
549 1 361 223 35 89
549 2 288 -21 22 45
549 3 340 267 48 100
549 4 263 345 43 114
549 5 422 -5 18 51
550 1 360 223 36 87
550 2 288 -21 22 45
550 3 341 268 47 99
550 4 263 347 42 112
550 5 422 -5 18 51
551 1 360 224 37 86
551 2 288 -21 20 45
551 3 342 270 47 96
551 4 262 348 43 111
551 5 422 -5 18 51
552 1 361 224 37 86
552 2 288 -21 20 45
552 3 343 270 46 96
552 4 259 349 44 113
552 5 422 -5 18 51
553 1 361 225 36 85
553 2 288 -21 20 45
553 3 350 271 39 96
553 4 257 351 45 113
553 5 422 -5 18 50
554 1 361 227 39 85
554 2 288 -21 20 45
554 3 351 271 39 95
554 4 256 352 45 115
554 5 422 -5 18 50
555 1 361 227 38 85
555 2 288 -21 20 45
555 3 351 272 39 94
555 4 255 353 43 115
555 5 422 -5 18 50
556 1 362 228 38 84
556 2 288 -21 20 45
556 3 355 273 36 93
556 4 255 355 42 113
556 5 422 -5 18 50
557 1 362 230 38 82
557 2 288 -21 20 45
557 3 357 273 35 94
557 4 253 356 43 112
557 5 423 -6 18 51
558 1 362 231 38 82
558 2 288 -21 20 45
558 3 357 274 35 93
558 4 253 357 41 111
558 5 423 -6 18 51
559 1 362 232 39 82
559 2 288 -21 20 45
559 3 358 275 35 92
559 4 249 358 44 110
559 5 423 -6 18 51
560 1 363 234 38 80
560 2 288 -21 20 45
560 3 358 277 40 92
560 4 248 358 45 110
560 5 423 -7 18 52
561 1 364 236 37 79
561 2 288 -21 20 45
561 3 360 278 41 93
561 4 243 360 49 108
561 5 423 -8 19 50
562 1 364 238 37 78
562 2 288 -22 20 46
562 3 365 279 36 93
562 4 241 360 50 108
562 5 423 -8 19 50
563 1 364 238 38 80
563 2 288 -21 20 45
563 3 366 280 42 95
563 4 241 361 50 107
563 5 423 -9 19 51
564 1 361 239 39 81
564 2 288 -21 20 45
564 3 365 281 43 95
564 4 241 362 49 110
564 5 423 -9 19 51
565 1 361 240 39 83
565 3 367 281 47 96
565 4 238 363 54 113
565 5 423 -9 19 50
566 1 361 241 39 83
566 3 368 282 46 97
566 4 237 364 54 117
566 5 425 -10 17 52
567 1 361 241 40 84
567 3 366 278 48 104
567 4 235 365 57 121
567 5 425 -10 17 52
568 1 362 242 40 89
568 3 366 279 48 105
568 4 235 366 56 125
568 5 425 -10 18 52
569 1 361 242 36 89
569 3 366 281 47 103
569 4 235 367 56 126
569 5 425 -10 18 52
570 1 362 244 36 89
570 3 367 281 47 104
570 4 235 371 55 122
570 5 425 -10 18 52
571 1 362 244 35 90
571 3 366 281 47 103
571 4 235 372 55 124
571 5 426 -9 17 49
572 1 362 245 35 89
572 3 370 282 46 103
572 4 235 373 54 124
572 5 426 -9 17 49
573 1 360 246 37 88
573 3 371 283 50 102
573 4 235 376 54 121
573 5 426 -9 18 49
574 1 360 247 36 84
574 3 375 285 50 101
574 4 235 377 54 120
574 5 426 -10 18 50
575 1 360 248 36 84
575 3 378 285 49 100
575 4 235 379 54 118
575 5 427 -10 18 50
576 1 360 250 35 92
576 3 381 286 49 97
576 4 237 380 52 117
576 5 428 -11 17 51
577 1 360 251 35 96
577 3 384 288 49 96
577 4 238 382 51 115
577 5 428 -11 17 51
578 1 360 253 38 94
578 3 387 289 48 95
578 4 237 380 52 117
578 5 428 -11 18 51
579 1 360 255 37 94
579 3 390 290 47 101
579 4 239 385 49 112
579 5 429 -13 18 53
580 1 360 257 37 92
580 3 386 292 51 103
580 4 237 386 52 111
580 5 428 -14 18 54
581 1 361 258 36 91
581 3 387 293 54 106
581 4 238 387 51 111
581 5 428 -14 19 49
582 1 360 260 37 93
582 3 389 294 53 110
582 4 238 389 50 108
582 5 428 -14 19 49
583 1 358 260 40 96
583 3 390 295 52 109
583 4 239 391 49 106
583 5 428 -14 19 49
584 1 358 261 40 95
584 3 391 296 51 108
584 4 240 392 52 109
584 5 431 -14 16 49
585 1 360 259 39 95
585 3 392 299 51 108
585 4 240 393 52 115
585 5 431 -14 16 49
586 1 360 263 39 93
586 3 397 300 47 107
586 4 241 394 51 120
586 5 431 -14 16 49
587 1 360 263 39 93
587 3 398 301 46 111
587 4 241 395 51 125
587 5 431 -14 16 49
588 1 360 264 38 92
588 3 398 303 47 109
588 4 242 396 50 127
588 5 431 -14 16 49
589 1 360 267 39 89
589 3 399 304 47 108
589 4 243 399 48 126
589 5 431 -14 16 49
590 1 360 268 38 88
590 3 400 304 47 108
590 4 241 404 50 121
590 5 431 -14 17 49
591 1 360 269 39 87
591 3 401 305 46 107
591 4 242 405 49 120
591 5 431 -15 17 50
592 1 360 268 39 88
592 3 402 305 46 106
592 4 242 408 49 117
592 5 432 -14 16 48
593 1 361 271 36 92
593 3 411 306 38 105
593 4 242 408 48 116
593 5 431 -15 17 50
594 1 360 272 39 95
594 3 412 306 39 107
594 4 242 409 48 115
594 5 431 -15 17 50
595 1 360 276 39 93
595 3 413 307 42 106
595 4 241 408 50 117
595 5 432 -16 16 49
596 1 360 277 38 92
596 3 414 308 42 104
596 4 241 409 50 116
596 5 432 -16 16 48
597 1 360 280 38 94
597 3 422 308 35 104
597 4 242 409 56 116
597 5 432 -17 16 49
598 1 360 282 37 95
598 3 424 309 35 104
598 4 242 410 56 115
598 5 432 -17 16 49
599 1 360 284 37 96
599 3 423 310 41 104
599 4 242 411 56 115
599 5 432 -18 17 49
600 1 357 285 39 95
600 3 424 311 41 104
600 4 242 410 56 116
600 5 432 -18 16 49
601 1 356 286 39 94
601 3 425 311 42 99
601 4 242 417 56 108
601 5 433 -18 16 48
602 1 356 287 38 93
602 3 426 312 51 101
602 4 242 419 56 107
602 5 433 -18 16 48
603 1 355 286 39 94
603 3 426 312 56 103
603 4 243 421 55 105
603 5 434 -18 16 47
604 1 354 287 38 93
604 3 423 313 64 101
604 4 243 424 54 102
604 5 433 -18 16 48
605 1 352 287 40 93
605 3 424 313 66 100
605 4 242 425 57 108
605 5 433 -18 16 48
606 1 352 291 40 89
606 3 425 314 67 101
606 4 242 426 58 111
606 5 434 -18 16 48
607 1 350 292 42 89
607 3 425 314 67 101
607 4 242 429 57 110
607 5 435 -18 15 46
608 1 350 293 41 88
608 3 425 314 67 102
608 4 243 431 56 100
608 5 434 -18 16 48
609 1 350 294 41 87
609 3 425 314 67 102
609 4 244 434 54 96
609 5 435 -18 15 45
610 1 351 297 39 96
610 3 428 314 65 105
610 4 242 435 57 102
610 5 436 -18 15 46
611 1 349 297 41 96
611 3 432 317 63 100
611 4 242 436 58 103
611 5 436 -18 15 45
612 1 350 299 40 101
612 3 435 317 60 100
612 4 242 438 58 104
612 5 436 -19 15 46
613 1 350 301 41 99
613 3 438 317 64 100
613 4 242 439 58 103
613 5 437 -19 15 47
614 1 351 302 40 102
614 3 443 317 61 101
614 4 242 439 58 104
614 5 437 -20 15 47
615 1 350 304 43 103
615 3 444 317 66 101
615 4 247 440 53 104
615 5 437 -21 15 48
616 1 350 307 43 100
616 3 455 317 56 105
616 4 247 442 53 89
616 5 437 -21 15 48
617 1 351 308 42 102
617 3 463 317 49 108
617 4 246 447 55 87
617 5 438 -21 15 45
618 1 351 309 42 101
618 3 464 317 49 108
618 4 246 448 55 83
618 5 438 -21 15 46
619 1 352 310 41 99
619 3 466 317 49 116
619 4 245 450 55 83
619 5 438 -21 15 46
620 1 352 312 43 97
620 3 471 318 53 116
620 4 245 452 55 84
620 5 439 -21 14 45
621 1 352 313 43 96
621 3 465 318 60 116
621 4 245 455 56 83
621 5 439 -21 14 45
622 1 352 313 43 96
622 3 466 319 60 119
622 4 244 457 57 75
622 5 439 -21 14 45
623 1 352 314 43 96
623 3 467 320 60 119
623 4 243 459 58 76
623 5 439 -21 15 45
624 1 353 316 44 92
624 3 468 326 65 112
624 4 242 461 58 77
624 5 437 -22 16 49
625 1 354 317 43 94
625 3 470 327 64 112
625 4 242 464 57 76
625 5 437 -22 16 49
626 1 354 319 43 92
626 3 472 328 64 111
626 4 240 466 59 77
626 5 439 -21 16 44
627 1 354 320 42 97
627 3 473 331 65 107
627 4 240 469 59 78
627 5 439 -21 16 44
628 1 355 321 43 102
628 3 473 331 66 107
628 4 239 470 59 79
628 5 439 -22 16 45
629 1 355 325 43 101
629 3 477 331 67 107
629 4 237 472 61 80
629 5 439 -22 16 45
630 1 356 327 41 102
630 3 483 331 66 108
630 5 439 -23 17 46
631 1 354 329 44 103
631 3 483 331 66 108
632 1 355 331 43 102
632 3 488 331 62 108
633 1 355 334 42 103
633 3 496 332 59 105
634 1 355 335 41 102
634 3 500 332 55 105
635 1 353 337 43 100
635 3 505 332 54 105
636 1 353 337 42 100
636 3 510 332 50 105
637 1 351 338 43 99
637 3 514 332 47 105
637 4 233 488 68 44
638 1 351 339 43 98
638 3 515 332 47 105
638 4 233 490 68 43
639 1 352 340 42 99
639 3 514 333 56 105
640 1 350 342 44 97
640 3 515 333 56 105
640 4 233 486 68 44
641 1 350 345 43 94
641 3 514 333 60 106
642 1 348 346 45 93
642 3 515 332 61 107
643 1 348 347 45 92
643 3 514 332 68 108
644 1 349 350 43 89
644 3 515 332 69 106
645 1 350 351 42 102
645 3 518 334 69 104
646 1 350 353 42 106
646 3 517 334 72 104
647 1 347 355 48 107
647 3 520 334 69 104
648 1 348 356 47 106
648 3 523 333 69 104
649 1 349 359 46 108
649 3 526 333 69 104
650 1 350 361 45 110
650 3 529 333 68 106
651 1 351 363 44 110
651 3 535 333 63 107
652 1 352 365 43 110
652 3 539 334 62 106
653 1 353 367 45 108
653 3 547 334 55 106
654 1 352 369 47 106
654 3 552 334 55 110
655 1 353 370 46 105
655 3 558 334 52 110
656 1 353 371 46 104
656 3 559 334 52 115
657 1 353 372 48 103
657 3 560 335 52 114
658 1 353 373 48 102
658 3 560 336 53 115
659 1 353 372 49 103
659 3 561 336 55 118
660 1 353 379 48 96
660 3 561 338 59 118
661 1 353 380 51 95
661 3 560 340 61 117
662 1 354 382 50 103
662 3 560 340 63 117
663 1 354 383 50 107
663 3 561 341 65 119
664 1 355 385 48 113
664 3 561 343 68 117
665 1 355 387 48 115
665 3 561 346 70 117
666 1 356 391 47 111
666 3 562 346 70 118
667 1 356 394 47 113
667 3 564 348 71 114
668 1 357 397 45 113
668 3 566 349 71 113
669 1 357 399 45 111
669 3 567 349 71 113
670 1 357 401 44 108
670 3 575 348 68 116
671 1 355 400 47 110
671 3 579 351 64 113
672 1 355 401 47 112
672 3 583 352 62 113
673 1 355 402 46 111
673 3 590 352 58 113
674 1 355 406 47 107
674 3 594 352 56 113
675 1 353 407 49 105
675 3 598 353 55 110
676 1 353 408 48 104
676 3 602 353 55 110
677 1 353 410 48 102
677 3 605 354 52 110
678 1 353 412 48 100
678 3 606 357 52 106
679 1 353 416 48 105
679 3 606 357 56 106
680 1 354 417 47 110
680 3 607 357 56 106
681 1 354 419 47 113
681 3 606 359 58 105
682 1 355 422 46 114
682 3 605 359 63 105
683 1 354 424 50 106
683 3 606 362 63 102
684 1 354 428 51 101
684 3 606 362 66 103
685 1 355 429 54 100
685 3 604 362 69 103
686 1 356 430 53 100
687 1 358 434 51 96
688 1 357 435 56 103
689 1 358 437 56 105
690 1 358 439 52 103
691 1 359 441 51 89
692 1 360 443 53 88
693 1 360 444 53 86
694 1 362 447 51 83
695 1 364 449 51 81
696 1 364 451 51 80
697 1 365 454 50 77
698 1 366 457 53 77
699 1 365 459 54 72
700 1 366 461 53 70
701 1 366 465 53 70
702 1 366 468 53 70
703 1 366 472 53 69
704 1 367 475 52 68
705 1 367 478 51 67
730 3 604 358 65 106
731 3 603 358 65 107
732 3 603 358 61 107
733 3 602 358 61 107
734 3 601 358 61 110
735 3 600 357 61 112
736 3 599 357 60 113
737 3 599 357 60 113
738 3 597 357 60 114
739 3 597 357 59 114
739 4 218 464 58 66
740 3 596 357 59 114
740 4 221 464 60 65
741 3 593 357 58 113
741 4 221 463 60 64
742 3 590 357 59 113
742 4 219 460 61 70
743 3 585 358 62 112
743 4 219 451 60 77
744 3 582 356 67 112
744 4 219 454 59 73
745 3 577 356 71 111
745 4 219 453 59 72
746 3 577 357 70 110
746 4 220 452 57 72
747 3 577 356 67 111
747 4 219 449 59 79
748 3 574 356 68 110
748 4 220 449 58 78
749 3 573 357 66 110
749 4 220 448 57 76
750 3 573 357 62 109
750 4 220 444 58 78
751 3 573 357 61 109
751 4 220 442 58 78
752 3 572 357 60 109
752 4 221 441 58 78
753 3 572 358 57 107
753 4 221 439 58 78
754 3 571 358 57 107
754 4 222 439 58 77
755 3 571 356 55 108
755 4 223 439 56 75
756 3 570 357 54 107
756 4 224 439 55 73
757 3 573 357 50 108
757 4 226 434 53 94
758 3 573 357 48 108
758 4 226 433 54 94
759 3 572 357 47 107
759 4 228 432 51 91
760 3 571 357 48 108
760 4 228 428 53 93
761 3 570 357 45 107
761 4 229 426 53 101
762 3 565 357 52 107
762 4 229 425 53 101
763 3 559 355 54 110
763 4 230 422 53 101
764 3 551 356 60 110
764 4 228 420 60 110
765 3 546 355 64 110
765 4 228 419 60 110
766 3 542 357 64 109
766 4 228 416 61 113
767 3 539 357 66 109
767 4 228 411 60 119
768 3 537 355 66 108
768 4 228 411 60 119
769 3 535 355 64 108
769 4 228 410 60 119
770 3 534 355 64 110
770 4 227 406 62 123
771 3 533 352 66 114
771 4 228 411 60 119
772 3 533 352 64 114
772 4 228 405 60 125
773 3 532 351 64 114
773 4 228 404 59 125
774 3 532 350 63 116
774 4 227 402 61 128
775 3 532 348 63 116
775 4 228 405 60 125
776 3 533 346 62 120
776 4 228 397 60 133
777 3 531 345 61 121
777 4 228 396 60 133
778 3 530 345 61 120
778 4 228 391 60 139
779 3 529 345 61 120
779 4 228 390 59 140
780 3 528 344 61 120
780 4 228 394 55 122
781 3 527 344 52 120
781 4 228 390 55 123
782 3 528 344 44 118
782 4 229 387 53 123
783 3 527 344 46 117
783 4 228 387 52 123
784 3 526 344 44 117
784 4 227 385 53 127
785 3 524 344 44 115
785 4 227 384 52 126
786 3 519 343 46 116
786 4 227 383 52 127
787 3 512 343 52 116
787 4 227 381 53 129
788 3 507 341 54 113
788 4 230 380 48 130
789 3 499 341 59 111
789 4 230 378 48 132
790 3 496 342 57 109
790 4 230 379 48 131
791 3 492 343 60 106
791 4 230 374 50 134
792 3 490 343 60 108
792 4 230 373 50 134
793 3 489 344 63 107
793 4 231 372 50 131
794 3 488 343 65 107
794 4 231 369 51 134
795 3 487 344 64 106
795 4 231 367 52 129
796 3 487 344 64 106
796 4 230 366 52 125
797 3 487 344 63 106
797 4 231 365 52 123
798 3 486 344 60 104
798 4 231 364 52 124
799 3 485 344 57 104
799 4 231 363 52 124
800 3 484 344 53 104
800 4 231 365 52 123
801 3 487 344 47 105
801 4 232 358 53 122
802 3 486 344 42 107
802 4 232 357 53 123
803 3 485 344 44 107
803 4 232 356 54 123
804 3 481 342 46 107
804 4 230 354 57 126
805 3 479 342 44 107
805 4 231 358 54 122
806 3 475 341 47 108
806 4 232 351 53 122
807 3 469 341 52 108
807 4 232 351 53 122
808 3 463 342 55 108
808 4 231 350 54 128
809 3 456 341 59 109
809 4 230 349 55 129
810 3 449 341 63 109
810 4 233 347 51 123
811 3 446 341 64 108
811 4 232 345 52 125
812 3 444 341 66 108
812 4 233 347 49 123
813 3 441 341 69 107
813 4 232 346 50 117
814 3 439 344 66 107
814 4 229 343 51 119
815 3 436 340 68 111
815 4 229 343 51 119
816 3 435 340 70 110
816 4 229 338 50 114
817 3 434 337 70 115
817 4 229 337 50 115
818 3 431 335 71 115
818 4 229 337 49 113
819 3 431 332 69 118
819 4 230 333 47 119
820 3 431 329 64 120
820 4 230 332 47 120
821 3 431 329 63 120
821 4 230 331 47 120
822 3 430 329 61 119
822 4 231 331 45 115
823 3 430 327 55 120
823 4 230 326 50 126
824 3 430 327 55 120
824 4 230 325 50 126
825 3 430 327 45 120
825 4 233 329 45 122
826 3 430 327 41 120
826 4 233 327 45 120
827 3 428 323 39 117
827 4 233 325 46 120
828 3 427 324 38 115
828 4 235 322 46 119
829 3 421 322 44 114
829 4 236 321 45 118
830 3 411 323 56 110
830 4 235 318 47 119
831 3 407 323 56 110
831 4 235 318 48 119
832 3 401 320 56 113
832 4 235 317 48 111
833 3 397 320 59 112
833 4 235 316 49 111
834 3 397 320 58 112
834 4 235 316 49 109
835 3 397 320 59 112
835 4 236 313 49 112
836 3 401 320 52 112
836 4 236 311 51 114
837 3 400 320 52 111
837 4 236 311 51 114
838 3 393 319 57 112
838 4 237 310 50 115
839 3 394 319 56 112
839 4 237 307 50 118
840 3 394 318 55 112
840 4 237 308 50 117
841 3 394 318 55 112
841 4 237 305 50 120
842 3 393 317 52 110
842 4 237 304 50 119
843 3 393 314 52 111
843 4 237 303 51 119
844 3 386 314 59 110
844 4 237 303 49 113
845 3 386 314 57 110
845 4 237 302 49 113
846 3 385 313 57 110
846 4 238 301 46 115
847 3 380 313 62 110
847 4 238 298 46 115
848 3 377 312 64 110
848 4 238 297 46 107
849 3 376 310 65 112
849 4 238 297 46 105
850 3 375 309 62 113
850 4 238 296 46 106
851 3 375 309 62 112
851 4 238 293 47 109
852 3 375 308 62 113
852 4 239 293 43 108
853 3 373 307 63 114
853 4 239 292 43 109
854 3 373 305 60 116
854 4 240 291 42 109
855 3 373 305 60 116
855 4 240 289 44 112
856 3 373 305 60 116
856 4 242 288 41 115
857 3 373 302 60 117
857 4 242 287 42 116
858 3 373 302 60 117
858 4 243 287 41 114
859 3 373 299 60 116
859 4 243 284 42 116
860 3 378 298 53 117
860 4 244 282 43 118
861 3 378 298 53 117
861 4 245 281 43 114
862 3 378 295 53 117
862 4 247 280 41 114
863 3 375 294 53 118
863 4 247 279 42 111
864 3 373 294 53 118
864 4 247 278 42 107
865 3 376 293 50 119
865 4 247 276 46 105
866 3 376 293 50 119
866 4 248 275 45 106
867 3 376 292 50 120
867 4 248 274 45 107
868 3 376 293 51 105
868 4 248 274 46 107
869 3 376 289 47 108
869 4 248 272 47 108
870 3 371 288 52 109
870 4 248 272 46 108
871 3 369 288 54 108
871 4 248 272 47 109
872 3 369 287 54 109
872 4 248 268 48 113
873 3 368 287 55 109
873 4 248 266 48 115
874 3 368 287 55 109
874 4 254 266 45 115
875 3 368 287 55 108
875 4 254 266 45 112
876 3 368 287 55 108
876 4 254 265 45 113
877 3 368 284 55 111
877 4 255 263 43 112
878 3 369 284 54 112
878 4 255 262 43 109
879 3 372 284 50 111
879 4 255 261 43 109
880 3 372 283 50 112
880 4 255 261 43 109
881 3 372 283 50 112
881 4 255 259 44 111
882 3 373 284 49 111
882 4 256 261 43 100
883 3 373 280 49 115
883 4 256 257 43 104
884 3 372 280 50 115
884 4 256 256 43 105
885 3 374 280 49 115
885 4 256 255 40 105
886 3 371 278 50 116
886 4 256 255 40 105
887 3 370 278 53 112
887 4 257 254 40 106
888 3 369 277 53 111
888 4 257 254 40 106
889 3 369 277 53 109
889 4 257 252 42 109
890 3 369 276 54 106
890 4 257 251 43 110
891 3 369 275 54 106
891 4 263 249 38 112
892 3 369 275 53 104
892 4 263 248 38 113
893 3 369 275 53 102
893 4 263 247 39 114
894 3 369 273 53 102
894 4 263 249 38 105
895 3 369 273 53 104
895 4 264 246 38 108
896 3 369 272 53 104
896 4 264 245 39 109
897 3 369 272 50 105
897 4 264 244 39 105
898 3 369 272 50 104
898 4 265 243 39 100
899 3 369 270 50 107
899 4 265 243 39 100
900 3 369 269 50 107
900 4 266 242 39 101
901 3 369 269 50 108
901 4 266 241 43 101
902 3 369 268 51 108
902 4 266 240 43 102
903 3 373 268 47 108
903 4 266 240 44 102
904 3 373 267 47 109
904 4 266 238 44 104
905 3 374 267 47 109
905 4 266 235 44 107
906 3 374 265 47 111
906 4 266 235 44 107
907 3 374 265 47 111
907 4 269 235 41 107
908 3 374 264 47 112
908 4 269 234 43 108
909 3 374 262 47 114
909 4 269 234 43 108
910 3 374 261 47 110
910 4 269 231 44 111
911 3 374 259 47 112
911 4 269 232 44 105
912 3 374 259 47 109
912 4 269 231 41 106
913 3 374 258 47 110
913 4 269 231 41 103
914 3 374 258 48 105
914 4 269 230 41 104
915 3 374 258 48 105
915 4 269 229 42 105
916 3 374 257 49 106
916 4 269 231 41 103
917 3 374 257 49 102
917 4 270 225 41 103
918 3 374 254 47 102
918 4 270 224 41 103
919 3 374 253 47 103
919 4 270 224 41 103
920 3 374 253 47 102
920 4 270 223 37 101
921 3 374 253 47 103
921 4 270 222 37 102
922 3 374 253 47 103
922 4 270 221 37 103
923 3 374 252 47 103
923 4 270 221 38 103
924 3 374 253 47 101
924 4 271 221 36 104
925 3 374 251 47 105
925 4 274 220 33 105
926 3 374 251 47 105
926 4 274 220 33 105
927 3 377 250 44 105
927 4 274 219 34 106
928 3 377 250 44 105
928 4 274 217 37 109
929 3 376 249 45 106
929 4 274 216 37 104
930 3 376 248 44 108
930 4 274 215 37 103
931 3 375 247 45 107
931 4 277 215 36 101
932 3 375 247 47 107
932 4 277 214 36 99
933 3 376 246 45 107
933 4 277 214 36 97
934 3 376 246 45 105
934 4 277 213 39 98
935 3 376 245 48 106
935 4 277 213 39 94
936 3 375 245 49 105
936 4 277 212 40 95
937 3 374 241 49 106
937 4 277 212 40 94
938 3 374 241 49 106
938 4 277 212 40 95
939 3 373 240 50 101
939 4 277 211 40 95
940 3 373 238 50 100
940 4 277 210 41 97
941 3 373 238 50 100
941 4 276 209 42 98
942 3 373 238 50 100
942 4 278 208 39 99
943 3 372 237 51 101
943 4 278 207 39 99
944 3 375 236 44 100
944 4 278 207 39 100
945 3 375 235 41 102
945 4 279 207 39 100
946 3 375 234 41 105
946 4 278 206 39 101
947 3 375 234 42 103
947 4 277 204 41 99
948 3 375 233 42 104
948 4 277 203 41 100
949 3 375 233 42 104
949 4 277 203 41 100
950 3 376 233 42 104
950 4 277 204 41 99
951 3 376 231 42 106
951 4 279 200 37 104
952 3 375 234 42 103
952 4 279 200 37 95
953 3 376 227 43 108
953 4 279 199 35 94
954 3 376 227 46 108
954 4 279 199 35 91
955 3 376 230 50 104
955 4 279 198 35 92
956 3 376 230 50 103
956 4 279 198 35 92
957 3 377 227 47 104
957 4 279 198 35 91
958 3 377 226 49 102
958 4 279 197 36 96
959 3 377 225 49 104
959 4 279 197 36 96
960 3 377 225 49 104
960 4 281 196 34 97
961 3 377 225 50 100
961 4 281 196 34 97
962 3 377 225 50 100
962 4 281 194 34 98
963 3 378 224 49 101
963 4 281 193 36 98
964 3 378 221 50 101
964 4 281 192 36 97
965 3 378 221 50 101
965 4 281 192 36 97
966 3 378 220 50 102
966 4 281 191 37 94
967 3 378 220 50 100
967 4 281 191 37 94
968 3 378 220 50 100
968 4 281 189 39 96
969 3 378 220 50 100
969 4 281 188 39 92
970 3 378 219 50 101
970 4 284 187 37 92
971 3 385 220 43 99
971 4 284 187 37 90
972 3 385 219 44 99
972 4 284 186 37 89
973 3 384 217 41 100
973 4 284 186 37 94
974 3 384 216 47 102
974 4 284 185 37 95
975 3 384 216 47 101
975 4 284 185 37 95
976 3 384 215 47 102
976 4 284 184 37 96
977 3 384 215 47 103
977 4 284 184 37 96
978 3 384 211 48 105
978 4 284 183 37 96
979 3 384 213 48 102
979 4 284 183 37 96
980 3 383 213 49 102
980 4 283 183 38 96
981 3 383 211 43 99
981 4 283 181 38 95
982 3 383 211 43 99
982 4 283 180 38 94
983 3 382 211 44 99
983 4 283 180 38 94
984 3 382 210 48 100
984 4 283 179 38 91
985 3 382 210 48 96
985 4 283 179 35 91
986 3 382 207 48 96
986 4 283 178 36 90
987 3 385 206 45 97
987 4 283 178 36 89
988 3 385 206 45 96
988 4 283 178 36 90
989 3 385 205 42 97
989 4 282 177 37 90
990 3 385 205 42 96
990 4 282 176 34 89
991 3 385 204 42 98
991 4 282 175 34 92
992 3 385 204 42 98
992 4 282 175 34 92
993 3 385 204 42 98
993 4 284 175 32 92
994 3 385 202 43 100
994 4 284 174 32 93
995 3 386 201 44 101
995 4 284 174 32 93
996 3 389 200 41 102
996 4 284 173 32 94
997 3 389 199 39 102
997 4 284 172 32 95
998 3 389 199 39 102
998 4 284 174 32 93
999 3 389 198 40 99
999 4 284 169 34 99
1000 3 390 198 41 98
1000 4 284 169 35 99
1001 3 390 198 41 98
1001 4 284 168 35 100
1002 3 390 196 42 100
1002 4 284 167 36 102
1003 3 390 195 42 98
1003 4 284 165 35 102
1004 3 390 194 46 99
1004 4 285 165 35 91
