1,1,278,256,30,86,1,1,1
2,1,278,257,30,85,1,1,1
3,1,277,257,30,85,1,1,1
4,1,278,258,29,83,1,1,1
5,1,277,258,30,84,1,1,1
6,1,277,255,29,87,1,1,1
7,1,277,255,30,87,1,1,1
8,1,275,256,31,86,1,1,1
9,1,273,257,32,86,1,1,1
10,1,272,257,32,86,1,1,1
11,1,272,257,32,86,1,1,1
12,1,271,258,32,85,1,1,1
13,1,271,257,32,86,1,1,1
14,1,273,257,30,86,1,1,1
15,1,273,257,29,86,1,1,1
16,1,273,257,29,86,1,1,1
17,1,273,258,29,85,1,1,1
18,1,273,257,29,90,1,1,1
19,1,272,257,28,92,1,1,1
20,1,272,257,25,92,1,1,1
21,1,268,258,28,91,1,1,1
22,1,267,258,29,91,1,1,1
23,1,267,258,29,91,1,1,1
24,1,267,258,29,91,1,1,1
25,1,267,258,29,91,1,1,1
26,1,265,258,30,91,1,1,1
27,1,265,258,33,91,1,1,1
28,1,265,258,33,91,1,1,1
29,1,265,258,33,91,1,1,1
30,1,265,258,36,90,1,1,1
31,1,265,258,36,90,1,1,1
32,1,265,257,36,90,1,1,1
33,1,265,257,36,91,1,1,1
34,1,265,257,39,91,1,1,1
35,1,265,257,39,90,1,1,1
36,1,265,254,39,94,1,1,1
37,1,265,253,39,94,1,1,1
38,1,265,253,39,95,1,1,1
39,1,265,253,40,95,1,1,1
40,1,265,253,40,95,1,1,1
41,1,265,253,39,94,1,1,1
42,1,265,253,40,94,1,1,1
43,1,265,253,39,94,1,1,1
44,1,265,247,39,96,1,1,1
45,1,265,248,39,95,1,1,1
46,1,265,248,39,95,1,1,1
47,1,265,248,39,95,1,1,1
48,1,267,244,40,92,1,1,1
49,1,267,244,40,91,1,1,1
50,1,267,244,40,92,1,1,1
51,1,267,244,40,92,1,1,1
52,1,270,244,37,87,1,1,1
53,1,270,243,37,88,1,1,1
54,1,270,243,37,88,1,1,1
55,1,270,243,37,88,1,1,1
56,1,270,242,37,89,1,1,1
57,1,269,241,38,90,1,1,1
58,1,270,243,37,88,1,1,1
59,1,269,239,39,92,1,1,1
60,1,271,239,37,92,1,1,1
61,1,271,238,37,93,1,1,1
62,1,271,238,37,93,1,1,1
63,1,271,237,37,94,1,1,1
64,1,271,237,37,93,1,1,1
65,1,271,237,37,91,1,1,1
66,1,271,236,37,92,1,1,1
67,1,270,234,38,94,1,1,1
68,1,270,230,37,92,1,1,1
69,1,270,230,37,93,1,1,1
70,1,270,229,37,92,1,1,1
71,1,270,228,37,90,1,1,1
72,1,270,228,37,87,1,1,1
73,1,270,227,37,87,1,1,1
74,1,270,227,37,87,1,1,1
75,1,270,226,37,85,1,1,1
76,1,270,226,37,85,1,1,1
77,1,270,225,37,86,1,1,1
78,1,270,226,37,85,1,1,1
79,1,270,224,38,88,1,1,1
80,1,270,223,38,89,1,1,1
81,1,270,223,38,88,1,1,1
82,1,270,221,39,91,1,1,1
83,1,270,221,39,91,1,1,1
84,1,270,220,39,92,1,1,1
85,1,271,219,37,90,1,1,1
86,1,274,218,34,89,1,1,1
87,1,275,218,33,89,1,1,1
88,1,275,216,34,92,1,1,1
89,1,275,215,34,93,1,1,1
90,1,275,214,34,87,1,1,1
91,1,275,214,34,83,1,1,1
92,1,275,213,34,82,1,1,1
93,1,275,213,34,81,1,1,1
94,1,275,212,35,83,1,1,1
95,1,275,210,35,83,1,1,1
96,1,275,208,35,83,1,1,1
97,1,275,207,35,84,1,1,1
98,1,275,207,35,84,1,1,1
99,1,275,206,35,85,1,1,1
100,1,275,206,35,85,1,1,1
101,1,275,206,35,85,1,1,1
102,1,274,204,36,87,1,1,1
103,1,274,203,36,88,1,1,1
104,1,274,204,34,80,1,1,1
105,1,274,203,33,80,1,1,1
106,1,273,201,34,82,1,1,1
107,1,273,200,34,83,1,1,1
108,1,273,199,34,82,1,1,1
109,1,272,198,35,82,1,1,1
110,1,272,198,35,82,1,1,1
111,1,273,196,33,83,1,1,1
112,1,273,196,33,83,1,1,1
113,1,273,196,33,83,1,1,1
114,1,273,193,31,84,1,1,1
115,1,273,193,31,83,1,1,1
116,1,273,193,31,84,1,1,1
117,1,273,192,31,84,1,1,1
118,1,273,192,32,84,1,1,1
119,1,273,191,33,86,1,1,1
120,1,274,192,31,84,1,1,1
121,1,275,189,31,87,1,1,1
122,1,275,188,31,88,1,1,1
123,1,276,187,30,89,1,1,1
124,1,276,187,30,89,1,1,1
125,1,276,185,32,90,1,1,1
126,1,277,185,31,91,1,1,1
127,1,278,185,30,87,1,1,1
128,1,278,182,32,92,1,1,1
129,1,279,184,31,85,1,1,1
130,1,280,184,30,85,1,1,1
131,1,280,182,31,87,1,1,1
132,1,280,182,31,87,1,1,1
133,1,280,179,32,90,1,1,1
134,1,284,178,29,82,1,1,1
135,1,284,178,29,81,1,1,1
136,1,284,177,29,82,1,1,1
137,1,286,177,30,80,1,1,1
138,1,286,177,30,80,1,1,1
139,1,286,177,31,80,1,1,1
140,1,287,176,30,78,1,1,1
141,1,286,175,31,82,1,1,1
142,1,286,174,31,84,1,1,1
143,1,286,173,31,84,1,1,1
144,1,286,173,33,85,1,1,1
145,1,286,173,33,84,1,1,1
146,1,286,173,33,85,1,1,1
147,1,286,172,34,83,1,1,1
148,1,286,172,34,83,1,1,1
149,1,286,171,34,82,1,1,1
150,1,286,168,31,82,1,1,1
151,1,286,167,31,83,1,1,1
152,1,286,166,31,84,1,1,1
153,1,286,166,32,84,1,1,1
154,1,286,165,32,85,1,1,1
155,1,286,163,33,88,1,1,1
156,1,286,162,34,89,1,1,1
157,1,288,163,29,79,1,1,1
158,1,288,162,29,79,1,1,1
159,1,288,162,30,80,1,1,1
160,1,288,162,30,79,1,1,1
161,1,288,162,31,80,1,1,1
162,1,289,161,30,81,1,1,1
163,1,292,159,28,83,1,1,1
164,1,292,159,29,82,1,1,1
165,1,293,158,27,84,1,1,1
166,1,293,157,27,81,1,1,1
167,1,294,157,27,81,1,1,1
168,1,294,156,27,79,1,1,1
169,1,294,154,28,83,1,1,1
170,1,294,156,29,81,1,1,1
171,1,295,155,28,78,1,1,1
172,1,296,155,27,76,1,1,1
173,1,297,154,29,77,1,1,1
174,1,297,154,31,74,1,1,1
175,1,297,151,31,75,1,1,1
176,1,297,151,31,75,1,1,1
177,1,298,151,31,74,1,1,1
178,1,298,151,31,75,1,1,1
179,1,299,150,31,74,1,1,1
180,1,298,150,31,75,1,1,1
181,1,298,150,31,75,1,1,1
182,1,300,148,29,79,1,1,1
183,1,301,148,30,79,1,1,1
184,1,300,147,30,78,1,1,1
185,1,300,146,30,79,1,1,1
186,1,300,146,30,75,1,1,1
187,1,300,146,30,74,1,1,1
188,1,300,144,30,79,1,1,1
189,1,300,143,30,80,1,1,1
190,1,299,141,31,81,1,1,1
191,1,299,140,31,82,1,1,1
192,1,299,140,31,80,1,1,1
193,1,299,139,31,78,1,1,1
194,1,299,139,31,75,1,1,1
195,1,299,138,31,74,1,1,1
196,1,299,138,31,73,1,1,1
197,1,299,138,29,74,1,1,1
198,1,299,137,29,75,1,1,1
199,1,299,135,29,75,1,1,1
200,1,299,135,29,75,1,1,1
201,1,299,135,29,77,1,1,1
202,1,299,135,29,77,1,1,1
203,1,301,134,27,77,1,1,1
204,1,301,133,27,76,1,1,1
205,1,301,133,28,76,1,1,1
206,1,301,132,28,77,1,1,1
207,1,303,132,26,76,1,1,1
208,1,303,131,26,77,1,1,1
209,1,303,131,29,77,1,1,1
210,1,303,129,29,78,1,1,1
211,1,303,129,29,72,1,1,1
212,1,303,128,29,73,1,1,1
213,1,303,128,29,73,1,1,1
214,1,303,127,29,74,1,1,1
215,1,303,127,30,74,1,1,1
216,1,303,127,30,74,1,1,1
217,1,303,126,30,75,1,1,1
218,1,304,126,29,75,1,1,1
219,1,303,126,29,75,1,1,1
220,1,303,125,30,76,1,1,1
221,1,303,124,30,77,1,1,1
222,1,304,124,30,75,1,1,1
223,1,304,124,30,75,1,1,1
224,1,304,124,30,75,1,1,1
225,1,304,124,30,75,1,1,1
226,1,304,124,30,75,1,1,1
227,1,304,125,30,74,1,1,1
228,1,304,122,29,75,1,1,1
229,1,304,122,29,74,1,1,1
230,1,304,122,29,71,1,1,1
231,1,304,121,29,71,1,1,1
232,1,304,121,30,70,1,1,1
233,1,304,120,28,70,1,1,1
234,1,304,118,28,71,1,1,1
235,1,304,118,28,71,1,1,1
236,1,304,118,28,71,1,1,1
237,1,304,118,28,71,1,1,1
238,1,304,117,29,72,1,1,1
239,1,304,117,29,72,1,1,1
240,1,304,116,29,73,1,1,1
241,1,304,116,28,73,1,1,1
242,1,304,116,28,73,1,1,1
243,1,304,116,29,73,1,1,1
244,1,304,115,29,73,1,1,1
245,1,304,116,29,72,1,1,1
246,1,305,116,28,72,1,1,1
247,1,305,116,28,72,1,1,1
248,1,305,115,28,72,1,1,1
249,1,306,115,28,73,1,1,1
250,1,306,114,28,73,1,1,1
251,1,306,114,29,74,1,1,1
252,1,306,114,29,72,1,1,1
253,1,308,114,27,72,1,1,1
254,1,308,113,27,72,1,1,1
255,1,308,113,27,70,1,1,1
256,1,308,113,27,70,1,1,1
257,1,308,113,27,70,1,1,1
258,1,309,113,27,70,1,1,1
259,1,308,113,27,70,1,1,1
260,1,308,113,27,70,1,1,1
261,1,309,112,27,71,1,1,1
262,1,308,112,28,69,1,1,1
263,1,308,112,28,69,1,1,1
264,1,308,112,28,69,1,1,1
265,1,310,112,26,68,1,1,1
266,1,310,112,26,68,1,1,1
267,1,310,112,25,68,1,1,1
268,1,310,111,25,69,1,1,1
269,1,310,111,25,69,1,1,1
270,1,309,111,26,69,1,1,1
271,1,309,110,26,70,1,1,1
272,1,309,110,26,70,1,1,1
273,1,308,110,26,69,1,1,1
274,1,308,110,26,69,1,1,1
275,1,308,109,26,70,1,1,1
276,1,307,109,26,70,1,1,1
277,1,307,109,26,71,1,1,1
278,1,307,108,26,72,1,1,1
279,1,306,108,27,72,1,1,1
280,1,306,107,27,73,1,1,1
281,1,306,107,27,73,1,1,1
282,1,306,106,27,74,1,1,1
283,1,304,106,26,71,1,1,1
284,1,304,106,26,71,1,1,1
285,1,304,106,26,71,1,1,1
286,1,304,106,26,70,1,1,1
287,1,304,106,26,70,1,1,1
288,1,304,106,25,70,1,1,1
289,1,304,105,26,70,1,1,1
290,1,304,105,26,71,1,1,1
291,1,304,105,26,71,1,1,1
292,1,304,105,27,70,1,1,1
293,1,304,104,27,72,1,1,1
294,1,304,104,27,71,1,1,1
295,1,305,104,28,72,1,1,1
296,1,305,103,28,73,1,1,1
297,1,306,103,27,71,1,1,1
298,1,306,103,27,69,1,1,1
299,1,306,102,27,70,1,1,1
300,1,308,102,25,70,1,1,1
301,1,308,102,25,70,1,1,1
302,1,308,101,25,68,1,1,1
303,1,308,101,25,68,1,1,1
304,1,308,100,27,69,1,1,1
305,1,308,100,27,69,1,1,1
306,1,308,98,27,69,1,1,1
307,1,308,98,27,69,1,1,1
308,1,308,98,27,69,1,1,1
309,1,308,98,27,69,1,1,1
310,1,308,98,27,69,1,1,1
311,1,308,98,27,69,1,1,1
312,1,308,98,27,69,1,1,1
313,1,308,98,27,68,1,1,1
314,1,308,98,25,69,1,1,1
315,1,308,98,25,69,1,1,1
316,1,307,98,25,69,1,1,1
317,1,307,98,25,69,1,1,1
318,1,307,98,25,69,1,1,1
319,1,307,98,25,69,1,1,1
320,1,307,98,25,65,1,1,1
321,1,307,98,25,65,1,1,1
322,1,307,97,23,65,1,1,1
323,1,307,97,23,65,1,1,1
324,1,307,97,23,65,1,1,1
325,1,307,97,23,65,1,1,1
326,1,307,97,23,65,1,1,1
327,1,307,97,23,65,1,1,1
328,1,307,97,23,65,1,1,1
329,1,307,97,23,65,1,1,1
330,1,307,97,23,65,1,1,1
331,1,307,96,24,66,1,1,1
332,1,308,96,23,66,1,1,1
333,1,308,96,23,66,1,1,1
334,1,308,96,23,66,1,1,1
335,1,308,96,22,66,1,1,1
336,1,308,96,22,66,1,1,1
337,1,308,96,22,66,1,1,1
338,1,308,96,22,66,1,1,1
339,1,308,96,22,66,1,1,1
340,1,308,96,22,66,1,1,1
341,1,308,96,22,66,1,1,1
342,1,308,96,22,66,1,1,1
343,1,308,96,22,66,1,1,1
344,1,308,96,22,66,1,1,1
345,1,308,96,22,66,1,1,1
346,1,308,96,22,66,1,1,1
347,1,308,96,22,61,1,1,1
348,1,308,96,22,61,1,1,1
349,1,308,96,22,62,1,1,1
350,1,309,96,22,62,1,1,1
351,1,309,97,22,61,1,1,1
352,1,309,97,22,60,1,1,1
353,1,309,97,22,61,1,1,1
354,1,309,98,22,59,1,1,1
355,1,310,98,21,60,1,1,1
356,1,310,98,25,60,1,1,1
357,1,310,98,25,60,1,1,1
358,1,310,98,25,60,1,1,1
359,1,310,99,25,59,1,1,1
360,1,310,99,25,59,1,1,1
361,1,309,99,26,60,1,1,1
362,1,313,99,25,60,1,1,1
363,1,313,99,25,61,1,1,1
364,1,313,99,25,61,1,1,1
365,1,313,99,25,61,1,1,1
366,1,313,99,25,62,1,1,1
367,1,312,99,26,62,1,1,1
368,1,312,99,26,64,1,1,1
369,1,314,99,25,62,1,1,1
370,1,314,99,24,61,1,1,1
371,1,311,99,27,66,1,1,1
372,1,311,100,27,60,1,1,1
373,1,311,100,27,61,1,1,1
374,1,310,100,28,61,1,1,1
375,1,310,100,28,62,1,1,1
376,1,310,100,28,62,1,1,1
377,1,310,101,28,60,1,1,1
378,1,310,102,28,62,1,1,1
379,1,309,103,28,61,1,1,1
380,1,309,103,28,61,1,1,1
381,1,309,103,28,62,1,1,1
382,1,308,103,29,62,1,1,1
383,1,308,103,27,63,1,1,1
384,1,307,103,28,63,1,1,1
385,1,307,103,28,64,1,1,1
386,1,307,104,28,64,1,1,1
387,1,307,104,28,65,1,1,1
388,1,306,104,29,66,1,1,1
389,1,306,104,29,66,1,1,1
390,1,308,104,27,67,1,1,1
391,1,308,104,27,68,1,1,1
392,1,308,105,27,67,1,1,1
393,1,308,105,27,67,1,1,1
394,1,307,105,28,70,1,1,1
395,1,309,107,26,66,1,1,1
396,1,307,107,28,69,1,1,1
397,1,307,107,28,70,1,1,1
398,1,307,108,30,76,1,1,1
399,1,307,108,30,76,1,1,1
400,1,308,108,30,77,1,1,1
401,1,308,108,29,78,1,1,1
402,1,308,108,29,79,1,1,1
403,1,308,108,29,79,1,1,1
404,1,308,108,29,78,1,1,1
405,1,308,108,29,79,1,1,1
406,1,313,110,26,74,1,1,1
407,1,313,110,26,74,1,1,1
408,1,313,110,26,74,1,1,1
409,1,313,111,27,73,1,1,1
410,1,313,111,27,73,1,1,1
411,1,314,111,27,78,1,1,1
412,1,314,111,27,78,1,1,1
413,1,314,112,27,73,1,1,1
414,1,314,112,27,74,1,1,1
415,1,314,116,27,69,1,1,1
416,1,314,117,27,69,1,1,1
417,1,314,117,27,69,1,1,1
418,1,315,119,25,66,1,1,1
419,1,315,120,25,66,1,1,1
420,1,314,121,26,68,1,1,1
421,1,314,121,26,69,1,1,1
422,1,315,120,25,75,1,1,1
423,1,315,120,25,75,1,1,1
424,1,315,121,25,75,1,1,1
425,1,314,121,27,76,1,1,1
426,1,314,121,27,74,1,1,1
427,1,314,121,27,74,1,1,1
428,1,314,121,27,76,1,1,1
429,1,314,121,28,77,1,1,1
430,1,314,122,27,74,1,1,1
431,1,313,124,28,76,1,1,1
432,1,313,125,28,76,1,1,1
433,1,313,125,28,75,1,1,1
434,1,313,126,28,77,1,1,1
435,1,314,126,27,78,1,1,1
436,1,314,127,27,77,1,1,1
437,1,315,130,27,74,1,1,1
438,1,315,130,27,76,1,1,1
439,1,315,131,28,75,1,1,1
440,1,315,131,28,75,1,1,1
441,1,316,132,27,74,1,1,1
442,1,316,131,27,75,1,1,1
443,1,316,132,27,74,1,1,1
444,1,317,133,26,73,1,1,1
445,1,316,133,28,77,1,1,1
446,1,317,133,29,73,1,1,1
447,1,317,134,29,72,1,1,1
448,1,318,134,28,72,1,1,1
449,1,318,135,30,73,1,1,1
450,1,318,135,30,76,1,1,1
451,1,318,136,30,77,1,1,1
452,1,318,137,30,78,1,1,1
453,1,318,137,30,80,1,1,1
454,1,318,138,30,79,1,1,1
455,1,318,139,30,78,1,1,1
456,1,319,140,29,79,1,1,1
457,1,319,141,29,80,1,1,1
458,1,319,142,28,78,1,1,1
459,1,320,143,27,78,1,1,1
460,1,320,143,27,78,1,1,1
461,1,320,145,27,76,1,1,1
462,1,318,145,29,76,1,1,1
463,1,318,146,29,76,1,1,1
464,1,318,146,30,77,1,1,1
465,1,319,146,28,76,1,1,1
466,1,319,147,28,74,1,1,1
467,1,319,147,28,75,1,1,1
468,1,319,150,28,73,1,1,1
469,1,319,150,30,76,1,1,1
470,1,320,151,29,75,1,1,1
471,1,320,153,30,75,1,1,1
472,1,321,154,30,76,1,1,1
473,1,321,155,30,75,1,1,1
474,1,322,156,29,74,1,1,1
475,1,322,157,30,73,1,1,1
476,1,323,158,30,76,1,1,1
477,1,323,159,31,75,1,1,1
478,1,324,160,30,75,1,1,1
479,1,324,160,30,74,1,1,1
480,1,325,161,29,73,1,1,1
481,1,325,161,30,73,1,1,1
482,1,326,162,29,72,1,1,1
483,1,328,162,31,72,1,1,1
484,1,329,162,31,72,1,1,1
485,1,329,163,30,71,1,1,1
486,1,329,163,31,77,1,1,1
487,1,330,164,30,77,1,1,1
488,1,330,165,30,79,1,1,1
489,1,331,166,29,80,1,1,1
490,1,331,168,29,80,1,1,1
491,1,332,169,28,82,1,1,1
492,1,329,170,31,78,1,1,1
493,1,329,171,31,80,1,1,1
494,1,329,172,31,83,1,1,1
495,1,329,172,33,83,1,1,1
496,1,329,173,33,82,1,1,1
497,1,329,173,33,82,1,1,1
498,1,330,176,32,79,1,1,1
499,1,330,176,32,79,1,1,1
500,1,330,176,33,79,1,1,1
501,1,331,177,32,78,1,1,1
502,1,331,178,32,77,1,1,1
503,1,331,178,32,77,1,1,1
504,1,332,179,31,78,1,1,1
505,1,333,180,31,80,1,1,1
506,1,333,182,34,81,1,1,1
507,1,334,183,35,82,1,1,1
508,1,336,184,33,82,1,1,1
509,1,337,185,32,81,1,1,1
510,1,337,186,33,82,1,1,1
511,1,338,186,33,84,1,1,1
512,1,339,187,34,85,1,1,1
513,1,340,188,34,85,1,1,1
514,1,340,189,34,84,1,1,1
515,1,341,190,34,83,1,1,1
516,1,342,190,33,83,1,1,1
517,1,342,191,33,82,1,1,1
518,1,342,191,33,82,1,1,1
519,1,343,192,32,81,1,1,1
520,1,343,192,33,81,1,1,1
521,1,344,196,32,77,1,1,1
522,1,344,197,32,83,1,1,1
523,1,345,198,31,86,1,1,1
524,1,346,199,30,87,1,1,1
525,1,346,200,36,86,1,1,1
526,1,346,201,36,85,1,1,1
527,1,346,203,36,86,1,1,1
528,1,347,204,35,87,1,1,1
529,1,347,205,35,86,1,1,1
530,1,348,206,34,85,1,1,1
531,1,348,207,34,84,1,1,1
532,1,348,208,34,83,1,1,1
533,1,348,207,36,87,1,1,1
534,1,348,207,36,88,1,1,1
535,1,348,208,36,87,1,1,1
536,1,349,208,36,87,1,1,1
537,1,350,208,35,85,1,1,1
538,1,351,209,34,86,1,1,1
539,1,351,210,35,89,1,1,1
540,1,352,210,34,92,1,1,1
541,1,353,215,34,88,1,1,1
542,1,354,216,34,87,1,1,1
543,1,355,218,34,88,1,1,1
544,1,356,219,34,87,1,1,1
545,1,357,220,34,88,1,1,1
546,1,356,220,35,89,1,1,1
547,1,359,222,34,88,1,1,1
548,1,360,222,34,90,1,1,1
549,1,361,223,35,89,1,1,1
550,1,360,223,36,87,1,1,1
551,1,360,224,37,86,1,1,1
552,1,361,224,37,86,1,1,1
553,1,361,225,36,85,1,1,1
554,1,361,227,39,85,1,1,1
555,1,361,227,38,85,1,1,1
556,1,362,228,38,84,1,1,1
557,1,362,230,38,82,1,1,1
558,1,362,231,38,82,1,1,1
559,1,362,232,39,82,1,1,1
560,1,363,234,38,80,1,1,1
561,1,364,236,37,79,1,1,1
562,1,364,238,37,78,1,1,1
563,1,364,238,38,80,1,1,1
564,1,361,239,39,81,1,1,1
565,1,361,240,39,83,1,1,1
566,1,361,241,39,83,1,1,1
567,1,361,241,40,84,1,1,1
568,1,362,242,40,89,1,1,1
569,1,361,242,36,89,1,1,1
570,1,362,244,36,89,1,1,1
571,1,362,244,35,90,1,1,1
572,1,362,245,35,89,1,1,1
573,1,360,246,37,88,1,1,1
574,1,360,247,36,84,1,1,1
575,1,360,248,36,84,1,1,1
576,1,360,250,35,92,1,1,1
577,1,360,251,35,96,1,1,1
578,1,360,253,38,94,1,1,1
579,1,360,255,37,94,1,1,1
580,1,360,257,37,92,1,1,1
581,1,361,258,36,91,1,1,1
582,1,360,260,37,93,1,1,1
583,1,358,260,40,96,1,1,1
584,1,358,261,40,95,1,1,1
585,1,360,259,39,95,1,1,1
586,1,360,263,39,93,1,1,1
587,1,360,263,39,93,1,1,1
588,1,360,264,38,92,1,1,1
589,1,360,267,39,89,1,1,1
590,1,360,268,38,88,1,1,1
591,1,360,269,39,87,1,1,1
592,1,360,268,39,88,1,1,1
593,1,361,271,36,92,1,1,1
594,1,360,272,39,95,1,1,1
595,1,360,276,39,93,1,1,1
596,1,360,277,38,92,1,1,1
597,1,360,280,38,94,1,1,1
598,1,360,282,37,95,1,1,1
599,1,360,284,37,96,1,1,1
600,1,357,285,39,95,1,1,1
601,1,356,286,39,94,1,1,1
602,1,356,287,38,93,1,1,1
603,1,355,286,39,94,1,1,1
604,1,354,287,38,93,1,1,1
605,1,352,287,40,93,1,1,1
606,1,352,291,40,89,1,1,1
607,1,350,292,42,89,1,1,1
608,1,350,293,41,88,1,1,1
609,1,350,294,41,87,1,1,1
610,1,351,297,39,96,1,1,1
611,1,349,297,41,96,1,1,1
612,1,350,299,40,101,1,1,1
613,1,350,301,41,99,1,1,1
614,1,351,302,40,102,1,1,1
615,1,350,304,43,103,1,1,1
616,1,350,307,43,100,1,1,1
617,1,351,308,42,102,1,1,1
618,1,351,309,42,101,1,1,1
619,1,352,310,41,99,1,1,1
620,1,352,312,43,97,1,1,1
621,1,352,313,43,96,1,1,1
622,1,352,313,43,96,1,1,1
623,1,352,314,43,96,1,1,1
624,1,353,316,44,92,1,1,1
625,1,354,317,43,94,1,1,1
626,1,354,319,43,92,1,1,1
627,1,354,320,42,97,1,1,1
628,1,355,321,43,102,1,1,1
629,1,355,325,43,101,1,1,1
630,1,356,327,41,102,1,1,1
631,1,354,329,44,103,1,1,1
632,1,355,331,43,102,1,1,1
633,1,355,334,42,103,1,1,1
634,1,355,335,41,102,1,1,1
635,1,353,337,43,100,1,1,1
636,1,353,337,42,100,1,1,1
637,1,351,338,43,99,1,1,1
638,1,351,339,43,98,1,1,1
639,1,352,340,42,99,1,1,1
640,1,350,342,44,97,1,1,1
641,1,350,345,43,94,1,1,1
642,1,348,346,45,93,1,1,1
643,1,348,347,45,92,1,1,1
644,1,349,350,43,89,1,1,1
645,1,350,351,42,102,1,1,1
646,1,350,353,42,106,1,1,1
647,1,347,355,48,107,1,1,1
648,1,348,356,47,106,1,1,1
649,1,349,359,46,108,1,1,1
650,1,350,361,45,110,1,1,1
651,1,351,363,44,110,1,1,1
652,1,352,365,43,110,1,1,1
653,1,353,367,45,108,1,1,1
654,1,352,369,47,106,1,1,1
655,1,353,370,46,105,1,1,1
656,1,353,371,46,104,1,1,1
657,1,353,372,48,103,1,1,1
658,1,353,373,48,102,1,1,1
659,1,353,372,49,103,1,1,1
660,1,353,379,48,96,1,1,1
661,1,353,380,51,95,1,1,1
662,1,354,382,50,103,1,1,1
663,1,354,383,50,107,1,1,1
664,1,355,385,48,113,1,1,1
665,1,355,387,48,115,1,1,1
666,1,356,391,47,111,1,1,1
667,1,356,394,47,113,1,1,1
668,1,357,397,45,113,1,1,1
669,1,357,399,45,111,1,1,1
670,1,357,401,44,108,1,1,1
671,1,355,400,47,110,1,1,1
672,1,355,401,47,112,1,1,1
673,1,355,402,46,111,1,1,1
674,1,355,406,47,107,1,1,1
675,1,353,407,49,105,1,1,1
676,1,353,408,48,104,1,1,1
677,1,353,410,48,102,1,1,1
678,1,353,412,48,100,1,1,1
679,1,353,416,48,105,1,1,1
680,1,354,417,47,110,1,1,1
681,1,354,419,47,113,1,1,1
682,1,355,422,46,114,1,1,1
683,1,354,424,50,106,1,1,1
684,1,354,428,51,101,1,1,1
685,1,355,429,54,100,1,1,1
686,1,356,430,53,100,1,1,1
687,1,358,434,51,96,1,1,1
688,1,357,435,56,103,1,1,1
689,1,358,437,56,105,1,1,1
690,1,358,439,52,103,1,1,1
691,1,359,441,51,89,1,1,1
692,1,360,443,53,88,1,1,1
693,1,360,444,53,86,1,1,1
694,1,362,447,51,83,1,1,1
695,1,364,449,51,81,1,1,1
696,1,364,451,51,80,1,1,1
697,1,365,454,50,77,1,1,1
698,1,366,457,53,77,1,1,1
699,1,365,459,54,72,1,1,1
700,1,366,461,53,70,1,1,1
701,1,366,465,53,70,1,1,1
702,1,366,468,53,70,1,1,1
703,1,366,472,53,69,1,1,1
704,1,367,475,52,68,1,1,1
705,1,367,478,51,67,1,1,1
1,2,328,91,27,69,1,1,1
2,2,328,91,27,69,1,1,1
3,2,328,91,27,69,1,1,1
4,2,328,91,28,69,1,1,1
5,2,328,90,28,70,1,1,1
6,2,329,90,27,69,1,1,1
7,2,329,90,28,70,1,1,1
8,2,329,90,28,70,1,1,1
9,2,329,89,28,71,1,1,1
10,2,329,89,28,71,1,1,1
11,2,329,89,28,71,1,1,1
12,2,329,89,28,71,1,1,1
13,2,329,88,28,71,1,1,1
14,2,329,88,28,71,1,1,1
15,2,329,88,28,71,1,1,1
16,2,329,88,28,72,1,1,1
17,2,329,88,29,71,1,1,1
18,2,329,88,29,70,1,1,1
19,2,329,88,29,70,1,1,1
20,2,329,88,29,70,1,1,1
21,2,329,88,29,70,1,1,1
22,2,329,88,29,70,1,1,1
23,2,329,88,29,70,1,1,1
24,2,329,88,28,70,1,1,1
25,2,329,88,28,70,1,1,1
26,2,329,87,28,71,1,1,1
27,2,329,87,28,71,1,1,1
28,2,332,87,25,71,1,1,1
29,2,332,87,25,71,1,1,1
30,2,332,87,25,71,1,1,1
31,2,332,87,25,71,1,1,1
32,2,332,87,25,71,1,1,1
33,2,332,87,25,71,1,1,1
34,2,332,87,25,71,1,1,1
35,2,332,87,25,71,1,1,1
36,2,332,87,25,71,1,1,1
37,2,332,87,25,71,1,1,1
38,2,332,87,25,71,1,1,1
39,2,332,87,25,71,1,1,1
40,2,332,87,25,70,1,1,1
41,2,332,87,25,70,1,1,1
42,2,332,87,25,70,1,1,1
43,2,332,87,25,70,1,1,1
44,2,332,87,25,70,1,1,1
45,2,332,87,25,70,1,1,1
46,2,332,87,25,70,1,1,1
47,2,332,87,25,70,1,1,1
48,2,332,87,25,70,1,1,1
49,2,332,87,25,70,1,1,1
50,2,332,87,25,70,1,1,1
51,2,332,87,25,70,1,1,1
52,2,331,87,26,70,1,1,1
53,2,332,87,25,70,1,1,1
54,2,332,87,25,70,1,1,1
55,2,332,87,25,70,1,1,1
56,2,332,87,25,70,1,1,1
57,2,332,87,25,70,1,1,1
58,2,332,87,25,70,1,1,1
59,2,332,87,25,70,1,1,1
60,2,332,87,25,70,1,1,1
61,2,332,87,25,70,1,1,1
62,2,332,86,25,71,1,1,1
63,2,332,86,25,71,1,1,1
64,2,332,86,25,71,1,1,1
65,2,332,86,25,71,1,1,1
66,2,332,86,25,71,1,1,1
67,2,332,86,25,71,1,1,1
68,2,332,86,25,71,1,1,1
69,2,332,86,25,71,1,1,1
70,2,332,86,25,71,1,1,1
71,2,332,86,25,71,1,1,1
72,2,332,86,25,71,1,1,1
73,2,332,86,25,71,1,1,1
74,2,332,86,25,71,1,1,1
75,2,332,86,25,71,1,1,1
76,2,332,86,25,71,1,1,1
77,2,332,86,25,71,1,1,1
78,2,332,86,25,71,1,1,1
79,2,332,86,25,71,1,1,1
80,2,332,86,25,70,1,1,1
81,2,332,86,25,70,1,1,1
82,2,332,86,25,71,1,1,1
83,2,332,86,25,71,1,1,1
84,2,332,86,25,71,1,1,1
85,2,332,86,25,71,1,1,1
86,2,332,86,25,71,1,1,1
87,2,332,86,25,71,1,1,1
88,2,332,86,25,70,1,1,1
89,2,332,86,25,70,1,1,1
90,2,332,86,25,70,1,1,1
91,2,332,86,25,70,1,1,1
92,2,332,86,25,70,1,1,1
93,2,332,86,25,70,1,1,1
94,2,332,86,25,70,1,1,1
95,2,332,86,25,70,1,1,1
96,2,332,86,25,70,1,1,1
97,2,332,86,25,70,1,1,1
98,2,332,86,25,70,1,1,1
99,2,332,85,25,71,1,1,1
100,2,332,85,25,71,1,1,1
101,2,332,85,25,71,1,1,1
102,2,332,85,25,71,1,1,1
103,2,332,85,25,71,1,1,1
104,2,332,85,25,71,1,1,1
105,2,332,85,26,71,1,1,1
106,2,332,85,26,71,1,1,1
107,2,332,85,26,70,1,1,1
108,2,332,85,26,70,1,1,1
109,2,332,85,26,70,1,1,1
110,2,332,85,26,70,1,1,1
111,2,333,85,25,71,1,1,1
112,2,333,85,25,71,1,1,1
113,2,333,85,25,71,1,1,1
114,2,333,85,25,71,1,1,1
115,2,333,85,25,71,1,1,1
116,2,333,85,26,71,1,1,1
117,2,333,85,26,71,1,1,1
118,2,333,84,26,71,1,1,1
119,2,333,84,26,71,1,1,1
120,2,334,84,25,71,1,1,1
121,2,334,84,25,71,1,1,1
122,2,334,84,25,71,1,1,1
123,2,334,84,25,71,1,1,1
124,2,334,84,25,71,1,1,1
125,2,334,84,26,71,1,1,1
126,2,334,84,26,71,1,1,1
127,2,334,84,26,71,1,1,1
128,2,334,84,26,71,1,1,1
129,2,334,84,26,71,1,1,1
130,2,335,83,26,72,1,1,1
131,2,335,83,28,73,1,1,1
132,2,335,83,28,73,1,1,1
133,2,336,83,27,73,1,1,1
134,2,336,83,27,73,1,1,1
135,2,336,83,27,73,1,1,1
136,2,336,83,27,73,1,1,1
137,2,336,83,27,73,1,1,1
138,2,336,83,27,73,1,1,1
139,2,336,83,27,73,1,1,1
140,2,336,83,27,72,1,1,1
141,2,336,83,27,72,1,1,1
142,2,336,83,27,72,1,1,1
143,2,336,83,27,72,1,1,1
144,2,336,82,27,72,1,1,1
145,2,336,82,27,72,1,1,1
146,2,336,82,27,72,1,1,1
147,2,336,82,27,73,1,1,1
148,2,336,82,27,73,1,1,1
149,2,336,82,27,73,1,1,1
150,2,336,82,27,72,1,1,1
151,2,335,82,28,72,1,1,1
152,2,336,82,27,72,1,1,1
153,2,335,82,28,73,1,1,1
154,2,335,82,28,73,1,1,1
155,2,335,81,28,73,1,1,1
156,2,335,81,28,73,1,1,1
157,2,335,81,28,73,1,1,1
158,2,335,81,28,73,1,1,1
159,2,335,81,28,73,1,1,1
160,2,335,81,28,72,1,1,1
161,2,335,81,28,73,1,1,1
162,2,336,80,27,73,1,1,1
163,2,335,80,28,74,1,1,1
164,2,336,80,28,74,1,1,1
165,2,336,80,28,73,1,1,1
166,2,336,80,28,74,1,1,1
167,2,336,80,28,72,1,1,1
168,2,336,80,28,72,1,1,1
169,2,337,80,28,72,1,1,1
170,2,337,79,28,73,1,1,1
171,2,337,79,28,73,1,1,1
172,2,337,79,28,73,1,1,1
173,2,337,79,29,73,1,1,1
174,2,338,79,28,73,1,1,1
175,2,338,78,29,75,1,1,1
176,2,338,78,29,75,1,1,1
177,2,339,77,29,76,1,1,1
178,2,339,77,30,75,1,1,1
179,2,339,77,30,76,1,1,1
180,2,339,76,30,76,1,1,1
181,2,340,76,30,76,1,1,1
182,2,341,76,29,76,1,1,1
183,2,341,76,29,73,1,1,1
184,2,341,76,31,73,1,1,1
185,2,341,76,31,73,1,1,1
186,2,342,76,31,72,1,1,1
187,2,342,76,31,72,1,1,1
188,2,342,76,32,71,1,1,1
189,2,342,76,32,71,1,1,1
190,2,342,76,32,71,1,1,1
191,2,342,76,32,71,1,1,1
192,2,342,75,32,70,1,1,1
193,2,342,75,32,70,1,1,1
194,2,344,74,30,71,1,1,1
195,2,344,74,29,71,1,1,1
196,2,344,74,29,71,1,1,1
197,2,343,74,29,71,1,1,1
198,2,343,73,29,71,1,1,1
199,2,343,73,29,72,1,1,1
200,2,342,73,30,71,1,1,1
201,2,342,73,30,72,1,1,1
202,2,341,73,30,72,1,1,1
203,2,341,72,30,73,1,1,1
204,2,340,73,28,68,1,1,1
205,2,340,72,30,73,1,1,1
206,2,339,72,28,69,1,1,1
207,2,339,72,29,69,1,1,1
208,2,338,72,29,71,1,1,1
209,2,338,71,28,71,1,1,1
210,2,337,71,29,71,1,1,1
211,2,337,71,29,71,1,1,1
212,2,336,70,29,72,1,1,1
213,2,336,69,28,69,1,1,1
214,2,335,69,29,69,1,1,1
215,2,334,68,28,69,1,1,1
216,2,334,68,28,69,1,1,1
217,2,333,68,28,68,1,1,1
218,2,333,68,28,71,1,1,1
219,2,333,68,28,70,1,1,1
220,2,333,68,27,70,1,1,1
221,2,333,68,27,71,1,1,1
222,2,334,66,26,72,1,1,1
223,2,334,66,26,72,1,1,1
224,2,333,66,26,72,1,1,1
225,2,333,66,26,72,1,1,1
226,2,333,66,26,71,1,1,1
227,2,333,66,25,72,1,1,1
228,2,333,66,25,72,1,1,1
229,2,332,65,26,71,1,1,1
230,2,332,65,26,73,1,1,1
231,2,332,64,26,73,1,1,1
232,2,331,62,27,76,1,1,1
233,2,332,63,24,69,1,1,1
234,2,331,62,25,69,1,1,1
235,2,333,62,24,68,1,1,1
236,2,333,61,24,69,1,1,1
237,2,333,61,23,69,1,1,1
238,2,333,61,23,69,1,1,1
239,2,333,61,23,69,1,1,1
240,2,332,60,24,70,1,1,1
241,2,332,60,24,69,1,1,1
242,2,332,58,24,71,1,1,1
243,2,332,58,24,71,1,1,1
244,2,331,58,24,71,1,1,1
245,2,331,58,24,71,1,1,1
246,2,331,58,24,71,1,1,1
247,2,331,57,24,72,1,1,1
248,2,330,57,24,71,1,1,1
249,2,331,56,25,74,1,1,1
250,2,330,55,25,75,1,1,1
251,2,330,55,25,75,1,1,1
252,2,326,54,29,72,1,1,1
253,2,326,54,29,70,1,1,1
254,2,326,54,29,70,1,1,1
255,2,327,54,28,68,1,1,1
256,2,327,53,26,69,1,1,1
257,2,327,53,26,69,1,1,1
258,2,327,53,27,69,1,1,1
259,2,327,53,26,69,1,1,1
260,2,328,52,27,70,1,1,1
261,2,328,51,25,71,1,1,1
262,2,328,51,25,66,1,1,1
263,2,328,51,25,66,1,1,1
264,2,328,51,25,66,1,1,1
265,2,328,51,26,67,1,1,1
266,2,329,51,25,68,1,1,1
267,2,328,50,26,69,1,1,1
268,2,328,50,25,67,1,1,1
269,2,327,50,26,66,1,1,1
270,2,328,48,28,73,1,1,1
271,2,328,48,25,68,1,1,1
272,2,328,47,25,69,1,1,1
273,2,327,46,24,64,1,1,1
274,2,327,46,24,63,1,1,1
275,2,327,46,24,63,1,1,1
276,2,327,45,24,65,1,1,1
277,2,326,44,25,67,1,1,1
278,2,326,43,24,65,1,1,1
279,2,326,43,24,65,1,1,1
280,2,326,43,24,64,1,1,1
281,2,326,43,24,64,1,1,1
282,2,326,43,23,62,1,1,1
283,2,326,43,24,61,1,1,1
284,2,326,43,24,62,1,1,1
285,2,326,43,24,62,1,1,1
286,2,326,43,24,62,1,1,1
287,2,325,42,24,62,1,1,1
288,2,325,42,24,62,1,1,1
289,2,324,41,25,64,1,1,1
290,2,324,41,24,64,1,1,1
291,2,324,40,24,65,1,1,1
292,2,324,40,24,63,1,1,1
293,2,324,39,22,63,1,1,1
294,2,324,39,22,62,1,1,1
295,2,324,38,22,63,1,1,1
296,2,324,38,23,63,1,1,1
297,2,324,38,23,62,1,1,1
298,2,324,38,22,61,1,1,1
299,2,324,38,23,63,1,1,1
300,2,324,38,22,64,1,1,1
301,2,324,38,22,64,1,1,1
302,2,324,38,22,64,1,1,1
303,2,324,38,22,64,1,1,1
304,2,324,37,22,64,1,1,1
305,2,325,37,22,64,1,1,1
306,2,325,37,22,65,1,1,1
307,2,325,37,22,65,1,1,1
308,2,325,36,22,66,1,1,1
309,2,325,35,22,64,1,1,1
310,2,325,35,22,64,1,1,1
311,2,325,34,23,65,1,1,1
312,2,325,34,23,65,1,1,1
313,2,325,32,23,67,1,1,1
314,2,326,32,22,61,1,1,1
315,2,326,32,22,61,1,1,1
316,2,326,32,22,59,1,1,1
317,2,326,32,22,59,1,1,1
318,2,326,31,22,59,1,1,1
319,2,326,31,22,59,1,1,1
320,2,326,31,22,60,1,1,1
321,2,326,31,22,59,1,1,1
322,2,326,31,22,59,1,1,1
323,2,326,30,23,60,1,1,1
324,2,326,30,23,60,1,1,1
325,2,326,30,23,60,1,1,1
326,2,325,29,24,62,1,1,1
327,2,326,29,22,58,1,1,1
328,2,325,28,24,63,1,1,1
329,2,325,27,24,64,1,1,1
330,2,326,27,23,59,1,1,1
331,2,326,27,23,59,1,1,1
332,2,326,27,23,59,1,1,1
333,2,326,26,23,60,1,1,1
334,2,326,26,23,60,1,1,1
335,2,326,26,23,60,1,1,1
336,2,326,25,23,61,1,1,1
337,2,326,25,23,61,1,1,1
338,2,326,25,23,60,1,1,1
339,2,326,25,23,60,1,1,1
340,2,326,25,23,60,1,1,1
341,2,326,25,23,60,1,1,1
342,2,326,25,23,60,1,1,1
343,2,326,25,23,60,1,1,1
344,2,326,25,24,62,1,1,1
345,2,326,25,24,62,1,1,1
346,2,326,25,24,62,1,1,1
347,2,327,24,24,61,1,1,1
348,2,327,24,24,61,1,1,1
349,2,327,23,27,62,1,1,1
350,2,327,23,27,62,1,1,1
351,2,327,23,27,62,1,1,1
352,2,327,22,28,63,1,1,1
353,2,327,21,28,64,1,1,1
354,2,329,21,27,62,1,1,1
355,2,327,20,29,60,1,1,1
356,2,327,20,29,60,1,1,1
357,2,327,19,29,60,1,1,1
358,2,328,19,28,60,1,1,1
359,2,328,19,28,60,1,1,1
360,2,328,19,28,61,1,1,1
361,2,328,18,28,61,1,1,1
362,2,328,18,28,61,1,1,1
363,2,328,18,29,61,1,1,1
364,2,330,18,28,58,1,1,1
365,2,330,18,28,58,1,1,1
366,2,331,17,27,61,1,1,1
367,2,331,17,27,61,1,1,1
368,2,331,16,27,62,1,1,1
369,2,331,16,27,60,1,1,1
370,2,331,16,27,60,1,1,1
371,2,331,16,27,60,1,1,1
372,2,331,15,31,57,1,1,1
373,2,331,15,31,57,1,1,1
374,2,331,15,31,57,1,1,1
375,2,331,15,31,57,1,1,1
376,2,334,14,26,58,1,1,1
377,2,334,14,26,58,1,1,1
378,2,334,14,26,58,1,1,1
379,2,334,14,26,57,1,1,1
380,2,334,14,26,57,1,1,1
381,2,334,14,26,57,1,1,1
382,2,334,14,26,57,1,1,1
383,2,334,14,26,57,1,1,1
384,2,335,13,26,58,1,1,1
385,2,335,12,26,59,1,1,1
386,2,335,12,26,59,1,1,1
387,2,335,11,27,60,1,1,1
388,2,337,11,23,60,1,1,1
389,2,337,11,23,60,1,1,1
390,2,338,10,23,61,1,1,1
391,2,338,10,23,61,1,1,1
392,2,338,9,23,62,1,1,1
393,2,339,9,23,64,1,1,1
394,2,339,8,23,64,1,1,1
395,2,339,8,23,65,1,1,1
396,2,339,8,24,57,1,1,1
397,2,339,8,24,57,1,1,1
398,2,340,8,23,57,1,1,1
399,2,340,7,23,58,1,1,1
400,2,340,7,24,58,1,1,1
401,2,341,8,23,55,1,1,1
402,2,341,7,23,58,1,1,1
403,2,342,7,23,57,1,1,1
404,2,342,7,23,57,1,1,1
405,2,342,7,23,57,1,1,1
406,2,344,7,22,53,1,1,1
407,2,344,4,22,61,1,1,1
408,2,344,4,22,61,1,1,1
409,2,344,3,22,62,1,1,1
410,2,345,3,21,59,1,1,1
411,2,346,3,21,59,1,1,1
412,2,346,2,21,60,1,1,1
413,2,347,2,20,57,1,1,1
414,2,347,1,20,58,1,1,1
415,2,347,1,20,58,1,1,1
416,2,347,1,21,58,1,1,1
417,2,347,1,21,58,1,1,1
418,2,348,1,20,55,1,1,1
419,2,348,1,20,55,1,1,1
420,2,348,1,20,55,1,1,1
421,2,349,1,19,55,1,1,1
422,2,349,1,19,55,1,1,1
423,2,349,1,19,55,1,1,1
424,2,349,1,19,55,1,1,1
425,2,349,1,18,54,1,1,1
426,2,349,1,18,54,1,1,1
427,2,349,0,18,55,1,1,1
428,2,349,0,19,55,1,1,1
429,2,349,-1,19,55,1,1,1
430,2,347,-2,21,56,1,1,1
431,2,347,-2,21,56,1,1,1
432,2,347,-3,21,57,1,1,1
433,2,346,-3,22,57,1,1,1
434,2,346,-4,22,58,1,1,1
435,2,347,-3,21,54,1,1,1
436,2,347,-3,21,54,1,1,1
437,2,347,-3,20,54,1,1,1
438,2,347,-3,20,54,1,1,1
439,2,346,-3,19,54,1,1,1
440,2,346,-3,19,54,1,1,1
441,2,346,-3,19,54,1,1,1
442,2,345,-2,19,53,1,1,1
443,2,344,-2,19,54,1,1,1
444,2,344,-2,19,54,1,1,1
445,2,344,-1,18,53,1,1,1
446,2,341,-2,23,54,1,1,1
447,2,341,-2,22,54,1,1,1
448,2,340,-2,23,54,1,1,1
449,2,339,-2,23,54,1,1,1
450,2,338,-3,23,54,1,1,1
451,2,339,-4,20,55,1,1,1
452,2,338,-4,21,55,1,1,1
453,2,338,-5,21,55,1,1,1
454,2,338,-5,21,55,1,1,1
455,2,337,-5,20,53,1,1,1
456,2,337,-6,21,56,1,1,1
457,2,337,-4,21,54,1,1,1
458,2,337,-4,21,54,1,1,1
459,2,337,-4,19,54,1,1,1
460,2,337,-4,19,54,1,1,1
461,2,336,-4,19,54,1,1,1
462,2,336,-4,19,54,1,1,1
463,2,336,-4,19,54,1,1,1
464,2,335,-4,19,54,1,1,1
465,2,335,-5,19,55,1,1,1
466,2,335,-5,19,54,1,1,1
467,2,335,-6,19,56,1,1,1
468,2,334,-6,18,52,1,1,1
469,2,334,-6,18,52,1,1,1
470,2,333,-7,18,54,1,1,1
471,2,333,-7,18,51,1,1,1
472,2,332,-8,19,52,1,1,1
473,2,332,-8,19,52,1,1,1
474,2,332,-8,18,51,1,1,1
475,2,331,-9,19,53,1,1,1
476,2,331,-9,19,53,1,1,1
477,2,331,-9,19,53,1,1,1
478,2,330,-8,19,51,1,1,1
479,2,330,-9,19,53,1,1,1
480,2,329,-9,20,53,1,1,1
481,2,326,-9,22,52,1,1,1
482,2,326,-9,22,52,1,1,1
483,2,326,-9,22,52,1,1,1
484,2,325,-10,22,53,1,1,1
485,2,324,-10,22,53,1,1,1
486,2,323,-11,22,55,1,1,1
487,2,322,-12,22,56,1,1,1
488,2,321,-13,23,57,1,1,1
489,2,324,-12,18,51,1,1,1
490,2,323,-12,19,51,1,1,1
491,2,323,-12,19,50,1,1,1
492,2,323,-13,18,51,1,1,1
493,2,322,-13,18,50,1,1,1
494,2,321,-12,18,49,1,1,1
495,2,320,-13,19,50,1,1,1
496,2,320,-12,18,48,1,1,1
497,2,319,-12,18,48,1,1,1
498,2,318,-13,18,51,1,1,1
499,2,318,-12,18,49,1,1,1
500,2,317,-13,18,51,1,1,1
501,2,316,-12,18,48,1,1,1
502,2,317,-13,18,50,1,1,1
503,2,315,-12,20,51,1,1,1
504,2,314,-12,20,51,1,1,1
505,2,314,-12,20,50,1,1,1
506,2,313,-12,20,50,1,1,1
507,2,313,-13,18,52,1,1,1
508,2,313,-13,17,52,1,1,1
509,2,313,-14,17,53,1,1,1
510,2,312,-14,14,50,1,1,1
511,2,311,-14,15,50,1,1,1
512,2,311,-15,15,51,1,1,1
513,2,307,-15,18,51,1,1,1
514,2,307,-15,16,52,1,1,1
515,2,306,-15,18,51,1,1,1
516,2,306,-15,17,51,1,1,1
517,2,306,-15,17,51,1,1,1
518,2,301,-15,22,51,1,1,1
519,2,301,-15,21,51,1,1,1
520,2,300,-15,22,50,1,1,1
521,2,300,-14,21,50,1,1,1
522,2,299,-14,21,49,1,1,1
523,2,299,-14,23,49,1,1,1
524,2,299,-14,22,49,1,1,1
525,2,297,-14,24,48,1,1,1
526,2,296,-14,24,48,1,1,1
527,2,296,-14,24,49,1,1,1
528,2,294,-15,24,48,1,1,1
529,2,294,-15,24,48,1,1,1
530,2,295,-17,20,48,1,1,1
531,2,295,-17,20,48,1,1,1
532,2,295,-17,20,48,1,1,1
533,2,295,-17,19,48,1,1,1
534,2,295,-17,19,48,1,1,1
535,2,295,-17,19,48,1,1,1
536,2,294,-17,19,48,1,1,1
537,2,294,-17,19,48,1,1,1
538,2,295,-17,19,48,1,1,1
539,2,289,-17,22,48,1,1,1
540,2,289,-17,22,48,1,1,1
541,2,289,-17,22,48,1,1,1
542,2,289,-17,22,48,1,1,1
543,2,289,-17,22,48,1,1,1
544,2,289,-17,22,45,1,1,1
545,2,289,-17,22,45,1,1,1
546,2,289,-17,22,45,1,1,1
547,2,289,-17,22,45,1,1,1
548,2,288,-21,22,45,1,1,1
549,2,288,-21,22,45,1,1,1
550,2,288,-21,22,45,1,1,1
551,2,288,-21,20,45,1,1,1
552,2,288,-21,20,45,1,1,1
553,2,288,-21,20,45,1,1,1
554,2,288,-21,20,45,1,1,1
555,2,288,-21,20,45,1,1,1
556,2,288,-21,20,45,1,1,1
557,2,288,-21,20,45,1,1,1
558,2,288,-21,20,45,1,1,1
559,2,288,-21,20,45,1,1,1
560,2,288,-21,20,45,1,1,1
561,2,288,-21,20,45,1,1,1
562,2,288,-22,20,46,1,1,1
563,2,288,-21,20,45,1,1,1
564,2,288,-21,20,45,1,1,1
1,3,315,87,24,62,1,1,1
2,3,315,87,26,66,1,1,1
3,3,315,87,27,63,1,1,1
4,3,315,87,24,64,1,1,1
5,3,316,87,21,64,1,1,1
6,3,316,87,22,67,1,1,1
7,3,316,87,23,69,1,1,1
8,3,316,87,23,70,1,1,1
9,3,314,87,26,70,1,1,1
10,3,314,87,25,70,1,1,1
11,3,314,87,25,70,1,1,1
12,3,314,87,25,69,1,1,1
13,3,314,87,25,69,1,1,1
14,3,314,87,25,69,1,1,1
15,3,314,87,25,69,1,1,1
16,3,314,87,25,69,1,1,1
17,3,314,87,25,69,1,1,1
18,3,314,87,25,69,1,1,1
19,3,314,87,25,70,1,1,1
20,3,314,87,25,69,1,1,1
21,3,314,87,25,69,1,1,1
22,3,314,87,25,71,1,1,1
23,3,314,87,25,71,1,1,1
24,3,314,87,25,71,1,1,1
25,3,314,87,25,71,1,1,1
26,3,317,87,22,71,1,1,1
27,3,317,87,22,71,1,1,1
28,3,317,87,22,71,1,1,1
29,3,317,87,22,71,1,1,1
30,3,317,87,22,71,1,1,1
31,3,318,89,22,69,1,1,1
32,3,318,89,22,69,1,1,1
33,3,318,89,22,69,1,1,1
34,3,318,89,22,69,1,1,1
35,3,318,89,23,69,1,1,1
36,3,318,89,23,69,1,1,1
37,3,318,89,23,69,1,1,1
38,3,318,89,23,68,1,1,1
39,3,318,89,23,68,1,1,1
40,3,319,89,22,69,1,1,1
41,3,319,89,22,68,1,1,1
42,3,319,89,22,68,1,1,1
43,3,319,89,22,68,1,1,1
44,3,319,89,22,68,1,1,1
45,3,319,89,22,68,1,1,1
46,3,319,89,22,68,1,1,1
47,3,319,89,22,68,1,1,1
48,3,319,89,22,68,1,1,1
49,3,319,89,22,68,1,1,1
50,3,319,89,22,68,1,1,1
51,3,319,89,22,68,1,1,1
52,3,319,88,22,69,1,1,1
53,3,319,88,22,69,1,1,1
54,3,319,88,22,69,1,1,1
55,3,319,88,22,69,1,1,1
56,3,319,88,22,69,1,1,1
57,3,319,88,22,69,1,1,1
58,3,319,88,22,69,1,1,1
59,3,319,88,22,69,1,1,1
60,3,319,88,22,69,1,1,1
61,3,319,88,22,69,1,1,1
62,3,319,88,22,69,1,1,1
63,3,319,88,22,69,1,1,1
64,3,319,88,22,69,1,1,1
65,3,319,88,22,69,1,1,1
66,3,319,88,22,68,1,1,1
67,3,319,88,22,68,1,1,1
68,3,319,88,22,68,1,1,1
69,3,319,88,22,68,1,1,1
70,3,319,88,22,68,1,1,1
71,3,319,88,22,68,1,1,1
72,3,319,88,22,68,1,1,1
73,3,319,88,22,68,1,1,1
74,3,319,88,22,68,1,1,1
75,3,319,88,22,68,1,1,1
76,3,319,88,22,68,1,1,1
77,3,319,88,22,68,1,1,1
78,3,319,88,22,68,1,1,1
79,3,319,88,22,68,1,1,1
80,3,319,88,22,68,1,1,1
81,3,319,88,22,68,1,1,1
82,3,319,88,22,68,1,1,1
83,3,317,88,24,68,1,1,1
84,3,317,88,24,68,1,1,1
85,3,317,88,24,68,1,1,1
86,3,317,88,24,68,1,1,1
87,3,317,88,24,68,1,1,1
88,3,317,87,24,69,1,1,1
89,3,317,87,24,69,1,1,1
90,3,317,87,24,69,1,1,1
91,3,317,87,24,69,1,1,1
92,3,317,87,24,69,1,1,1
93,3,318,87,23,69,1,1,1
94,3,318,87,23,69,1,1,1
95,3,318,87,23,69,1,1,1
96,3,318,87,23,69,1,1,1
97,3,318,87,23,69,1,1,1
98,3,318,87,23,69,1,1,1
99,3,318,87,23,68,1,1,1
100,3,318,87,23,68,1,1,1
101,3,318,87,23,68,1,1,1
102,3,318,87,23,68,1,1,1
103,3,318,87,23,68,1,1,1
104,3,318,87,23,69,1,1,1
105,3,318,87,23,69,1,1,1
106,3,319,87,22,69,1,1,1
107,3,319,86,22,69,1,1,1
108,3,319,86,22,69,1,1,1
109,3,319,86,22,69,1,1,1
110,3,319,86,22,69,1,1,1
111,3,319,86,22,69,1,1,1
112,3,319,86,22,69,1,1,1
113,3,319,86,22,69,1,1,1
114,3,319,86,22,69,1,1,1
115,3,319,86,23,69,1,1,1
116,3,319,86,23,69,1,1,1
117,3,319,86,23,69,1,1,1
118,3,319,86,22,69,1,1,1
119,3,319,86,23,69,1,1,1
120,3,319,86,23,69,1,1,1
121,3,319,86,23,69,1,1,1
122,3,319,86,23,69,1,1,1
123,3,319,86,23,69,1,1,1
124,3,320,86,22,69,1,1,1
125,3,319,85,23,70,1,1,1
126,3,320,86,22,68,1,1,1
127,3,319,85,23,70,1,1,1
128,3,320,86,22,69,1,1,1
129,3,320,86,22,68,1,1,1
130,3,320,86,22,68,1,1,1
131,3,319,85,23,69,1,1,1
132,3,319,85,23,69,1,1,1
133,3,320,85,22,69,1,1,1
134,3,319,85,23,69,1,1,1
135,3,321,86,22,68,1,1,1
136,3,320,85,23,69,1,1,1
137,3,321,86,22,68,1,1,1
138,3,321,86,22,68,1,1,1
139,3,320,85,22,69,1,1,1
140,3,320,85,23,69,1,1,1
141,3,320,85,23,69,1,1,1
142,3,321,85,22,69,1,1,1
143,3,320,84,23,70,1,1,1
144,3,320,84,23,70,1,1,1
145,3,320,85,23,69,1,1,1
146,3,321,85,22,69,1,1,1
147,3,321,85,22,69,1,1,1
148,3,321,85,22,69,1,1,1
149,3,320,84,23,70,1,1,1
150,3,320,84,23,70,1,1,1
151,3,320,84,23,70,1,1,1
152,3,320,84,23,70,1,1,1
153,3,320,84,23,70,1,1,1
154,3,320,84,23,70,1,1,1
155,3,321,85,22,69,1,1,1
156,3,321,85,22,69,1,1,1
157,3,321,85,22,69,1,1,1
158,3,321,85,22,69,1,1,1
159,3,321,84,22,69,1,1,1
160,3,321,85,22,69,1,1,1
161,3,322,85,22,69,1,1,1
162,3,321,83,22,71,1,1,1
163,3,321,83,22,71,1,1,1
164,3,321,83,22,71,1,1,1
165,3,321,83,22,71,1,1,1
166,3,321,83,22,71,1,1,1
167,3,321,83,22,71,1,1,1
168,3,321,83,20,71,1,1,1
169,3,321,83,20,71,1,1,1
170,3,321,83,20,71,1,1,1
171,3,321,84,20,70,1,1,1
172,3,321,83,20,70,1,1,1
173,3,321,84,20,70,1,1,1
174,3,321,83,19,71,1,1,1
175,3,321,84,20,70,1,1,1
176,3,321,84,20,70,1,1,1
177,3,321,84,19,70,1,1,1
178,3,321,84,20,70,1,1,1
179,3,321,84,20,69,1,1,1
180,3,319,82,20,72,1,1,1
181,3,318,81,21,72,1,1,1
182,3,318,81,21,72,1,1,1
183,3,318,81,21,72,1,1,1
184,3,318,83,21,70,1,1,1
185,3,318,83,21,70,1,1,1
186,3,318,83,21,70,1,1,1
187,3,318,83,21,69,1,1,1
188,3,318,83,21,69,1,1,1
189,3,318,83,21,70,1,1,1
190,3,318,83,21,69,1,1,1
191,3,318,83,21,70,1,1,1
192,3,318,83,21,70,1,1,1
193,3,318,82,21,70,1,1,1
194,3,318,82,21,71,1,1,1
195,3,317,81,22,71,1,1,1
196,3,317,81,22,71,1,1,1
197,3,318,81,21,72,1,1,1
198,3,318,81,21,72,1,1,1
199,3,317,80,22,73,1,1,1
200,3,318,81,21,70,1,1,1
201,3,318,81,21,70,1,1,1
202,3,318,80,21,71,1,1,1
203,3,318,80,21,71,1,1,1
204,3,318,80,21,71,1,1,1
205,3,318,80,21,71,1,1,1
206,3,317,80,22,71,1,1,1
207,3,317,80,22,71,1,1,1
208,3,317,80,22,71,1,1,1
209,3,317,80,22,71,1,1,1
210,3,317,80,22,71,1,1,1
211,3,317,79,22,72,1,1,1
212,3,317,79,22,72,1,1,1
213,3,317,79,22,72,1,1,1
214,3,317,79,21,71,1,1,1
215,3,317,79,21,71,1,1,1
216,3,317,79,21,71,1,1,1
217,3,317,79,25,72,1,1,1
218,3,317,79,25,72,1,1,1
219,3,317,79,25,72,1,1,1
220,3,316,79,25,72,1,1,1
221,3,316,79,25,72,1,1,1
222,3,316,79,25,72,1,1,1
223,3,316,79,25,72,1,1,1
224,3,316,79,25,71,1,1,1
225,3,316,80,24,70,1,1,1
226,3,316,80,24,71,1,1,1
227,3,316,80,24,71,1,1,1
228,3,316,80,24,71,1,1,1
229,3,316,81,24,71,1,1,1
230,3,316,81,24,70,1,1,1
231,3,316,82,23,69,1,1,1
232,3,316,82,23,69,1,1,1
233,3,315,82,24,69,1,1,1
234,3,315,83,24,68,1,1,1
235,3,315,83,23,66,1,1,1
236,3,315,83,24,69,1,1,1
237,3,315,83,24,68,1,1,1
238,3,315,83,24,68,1,1,1
239,3,315,83,23,68,1,1,1
240,3,316,84,23,67,1,1,1
241,3,316,84,23,66,1,1,1
242,3,316,84,23,65,1,1,1
243,3,315,84,28,70,1,1,1
244,3,316,84,27,69,1,1,1
245,3,316,84,29,71,1,1,1
246,3,316,84,31,72,1,1,1
247,3,317,84,31,72,1,1,1
248,3,317,85,30,71,1,1,1
249,3,318,85,30,72,1,1,1
250,3,318,85,30,72,1,1,1
251,3,319,85,29,72,1,1,1
252,3,319,85,30,73,1,1,1
253,3,320,87,29,71,1,1,1
254,3,321,87,28,72,1,1,1
255,3,322,87,28,73,1,1,1
256,3,323,87,26,71,1,1,1
257,3,323,87,26,72,1,1,1
258,3,324,87,24,71,1,1,1
259,3,324,88,29,71,1,1,1
260,3,324,88,29,71,1,1,1
261,3,325,88,28,71,1,1,1
262,3,325,88,28,71,1,1,1
263,3,325,88,28,71,1,1,1
264,3,326,89,28,73,1,1,1
265,3,326,89,28,70,1,1,1
266,3,326,89,29,73,1,1,1
267,3,327,90,28,73,1,1,1
268,3,326,90,31,74,1,1,1
269,3,326,91,31,74,1,1,1
270,3,327,91,31,73,1,1,1
271,3,327,91,31,74,1,1,1
272,3,327,91,30,73,1,1,1
273,3,327,92,30,75,1,1,1
274,3,327,92,30,75,1,1,1
275,3,327,93,30,74,1,1,1
276,3,328,93,30,74,1,1,1
277,3,328,93,30,74,1,1,1
278,3,328,93,30,74,1,1,1
279,3,328,93,31,77,1,1,1
280,3,328,94,30,74,1,1,1
281,3,328,94,29,74,1,1,1
282,3,329,94,32,77,1,1,1
283,3,329,97,32,72,1,1,1
284,3,329,97,32,72,1,1,1
285,3,329,97,32,72,1,1,1
286,3,330,97,31,72,1,1,1
287,3,330,98,31,71,1,1,1
288,3,331,98,30,71,1,1,1
289,3,331,98,30,71,1,1,1
290,3,331,98,30,71,1,1,1
291,3,332,99,29,70,1,1,1
292,3,332,100,29,69,1,1,1
293,3,332,101,29,68,1,1,1
294,3,333,102,28,67,1,1,1
295,3,333,102,28,67,1,1,1
296,3,332,102,31,74,1,1,1
297,3,332,102,31,74,1,1,1
298,3,332,102,31,74,1,1,1
299,3,332,102,31,74,1,1,1
300,3,333,102,31,74,1,1,1
301,3,333,103,31,74,1,1,1
302,3,333,102,31,74,1,1,1
303,3,333,103,31,74,1,1,1
304,3,332,103,33,79,1,1,1
305,3,332,103,33,76,1,1,1
306,3,332,103,33,76,1,1,1
307,3,332,104,33,75,1,1,1
308,3,332,104,34,75,1,1,1
309,3,332,107,34,76,1,1,1
310,3,332,107,34,77,1,1,1
311,3,332,108,34,77,1,1,1
312,3,332,108,34,78,1,1,1
313,3,332,108,32,78,1,1,1
314,3,332,109,32,77,1,1,1
315,3,332,109,32,77,1,1,1
316,3,332,110,32,77,1,1,1
317,3,331,111,32,76,1,1,1
318,3,331,111,31,75,1,1,1
319,3,331,111,32,77,1,1,1
320,3,331,112,31,74,1,1,1
321,3,330,112,32,76,1,1,1
322,3,330,113,31,74,1,1,1
323,3,328,112,34,82,1,1,1
324,3,328,112,34,76,1,1,1
325,3,328,112,34,78,1,1,1
326,3,328,113,34,76,1,1,1
327,3,328,114,34,75,1,1,1
328,3,327,114,35,75,1,1,1
329,3,327,114,34,75,1,1,1
330,3,327,115,34,81,1,1,1
331,3,327,116,32,81,1,1,1
332,3,327,116,32,81,1,1,1
333,3,327,117,31,80,1,1,1
334,3,327,117,31,81,1,1,1
335,3,327,118,30,79,1,1,1
336,3,324,119,32,81,1,1,1
337,3,324,119,32,82,1,1,1
338,3,324,120,32,80,1,1,1
339,3,324,121,31,80,1,1,1
340,3,323,121,33,83,1,1,1
341,3,323,121,32,79,1,1,1
342,3,323,122,32,77,1,1,1
343,3,323,122,32,78,1,1,1
344,3,322,122,33,77,1,1,1
345,3,322,123,31,74,1,1,1
346,3,322,123,31,74,1,1,1
347,3,321,124,31,78,1,1,1
348,3,321,124,31,78,1,1,1
349,3,320,125,31,79,1,1,1
350,3,318,127,32,78,1,1,1
351,3,317,127,33,79,1,1,1
352,3,317,128,33,78,1,1,1
353,3,316,129,33,77,1,1,1
354,3,316,130,32,76,1,1,1
355,3,316,129,33,81,1,1,1
356,3,315,129,33,81,1,1,1
357,3,315,129,32,82,1,1,1
358,3,314,132,33,79,1,1,1
359,3,314,132,32,79,1,1,1
360,3,314,132,32,79,1,1,1
361,3,314,132,32,79,1,1,1
362,3,309,133,37,78,1,1,1
363,3,309,133,36,78,1,1,1
364,3,308,133,37,78,1,1,1
365,3,308,134,37,78,1,1,1
366,3,308,134,36,77,1,1,1
367,3,308,134,36,81,1,1,1
368,3,308,135,36,83,1,1,1
369,3,308,135,36,84,1,1,1
370,3,306,138,36,81,1,1,1
371,3,306,139,36,80,1,1,1
372,3,306,140,35,81,1,1,1
373,3,306,140,35,81,1,1,1
374,3,307,141,34,80,1,1,1
375,3,307,141,34,80,1,1,1
376,3,307,142,33,79,1,1,1
377,3,307,142,33,79,1,1,1
378,3,307,142,33,79,1,1,1
379,3,304,142,36,83,1,1,1
380,3,307,143,33,78,1,1,1
381,3,304,144,36,80,1,1,1
382,3,304,145,36,79,1,1,1
383,3,304,145,36,79,1,1,1
384,3,304,145,35,79,1,1,1
385,3,304,146,35,78,1,1,1
386,3,304,147,36,77,1,1,1
387,3,304,148,36,76,1,1,1
388,3,304,149,36,80,1,1,1
389,3,304,149,36,80,1,1,1
390,3,302,150,37,78,1,1,1
391,3,302,150,37,80,1,1,1
392,3,302,151,37,83,1,1,1
393,3,302,151,37,83,1,1,1
394,3,302,152,35,82,1,1,1
395,3,301,153,35,81,1,1,1
396,3,301,154,35,80,1,1,1
397,3,299,154,37,80,1,1,1
398,3,298,155,37,79,1,1,1
399,3,298,155,36,80,1,1,1
400,3,296,156,38,79,1,1,1
401,3,296,156,39,79,1,1,1
402,3,296,157,39,79,1,1,1
403,3,296,157,38,78,1,1,1
404,3,296,157,35,78,1,1,1
405,3,296,158,35,78,1,1,1
406,3,296,158,37,85,1,1,1
407,3,296,159,37,84,1,1,1
408,3,295,159,37,84,1,1,1
409,3,294,160,37,84,1,1,1
410,3,294,161,37,83,1,1,1
411,3,294,161,36,85,1,1,1
412,3,294,162,36,88,1,1,1
413,3,294,162,36,89,1,1,1
414,3,294,163,36,88,1,1,1
415,3,294,163,36,88,1,1,1
416,3,294,164,36,87,1,1,1
417,3,294,164,36,87,1,1,1
418,3,294,165,36,86,1,1,1
419,3,294,165,36,86,1,1,1
420,3,294,165,36,84,1,1,1
421,3,292,166,38,83,1,1,1
422,3,290,166,40,83,1,1,1
423,3,290,169,38,82,1,1,1
424,3,290,170,38,81,1,1,1
425,3,290,170,38,84,1,1,1
426,3,289,171,39,83,1,1,1
427,3,287,172,39,86,1,1,1
428,3,290,173,36,85,1,1,1
429,3,287,175,37,86,1,1,1
430,3,287,176,36,85,1,1,1
431,3,286,176,37,87,1,1,1
432,3,286,177,36,86,1,1,1
433,3,286,178,36,86,1,1,1
434,3,286,178,35,86,1,1,1
435,3,285,178,36,86,1,1,1
436,3,282,179,38,85,1,1,1
437,3,282,180,38,84,1,1,1
438,3,282,180,37,84,1,1,1
439,3,281,180,38,85,1,1,1
440,3,280,181,37,84,1,1,1
441,3,279,183,39,82,1,1,1
442,3,279,183,39,84,1,1,1
443,3,279,184,38,86,1,1,1
444,3,279,184,38,89,1,1,1
445,3,279,185,38,91,1,1,1
446,3,279,186,38,92,1,1,1
447,3,279,186,38,92,1,1,1
448,3,279,187,37,91,1,1,1
449,3,278,189,38,92,1,1,1
450,3,280,191,35,87,1,1,1
451,3,280,191,36,87,1,1,1
452,3,280,192,35,86,1,1,1
453,3,281,193,35,85,1,1,1
454,3,277,193,38,93,1,1,1
455,3,277,193,39,94,1,1,1
456,3,277,193,39,94,1,1,1
457,3,277,194,38,93,1,1,1
458,3,277,194,38,93,1,1,1
459,3,277,194,38,93,1,1,1
460,3,277,195,38,92,1,1,1
461,3,277,196,38,91,1,1,1
462,3,277,196,38,91,1,1,1
463,3,277,197,37,90,1,1,1
464,3,278,198,37,89,1,1,1
465,3,278,198,37,94,1,1,1
466,3,278,199,37,95,1,1,1
467,3,278,199,37,99,1,1,1
468,3,272,200,42,98,1,1,1
469,3,272,201,42,99,1,1,1
470,3,273,203,41,97,1,1,1
471,3,273,204,41,96,1,1,1
472,3,273,204,41,96,1,1,1
473,3,271,205,42,95,1,1,1
474,3,271,206,42,94,1,1,1
475,3,271,206,42,94,1,1,1
476,3,271,206,42,94,1,1,1
477,3,271,205,42,95,1,1,1
478,3,272,208,41,92,1,1,1
479,3,272,209,44,91,1,1,1
480,3,272,210,44,90,1,1,1
481,3,273,210,43,94,1,1,1
482,3,273,211,43,96,1,1,1
483,3,273,211,43,97,1,1,1
484,3,274,212,43,97,1,1,1
485,3,275,215,41,96,1,1,1
486,3,276,217,39,96,1,1,1
487,3,277,217,40,96,1,1,1
488,3,278,218,39,95,1,1,1
489,3,279,219,39,95,1,1,1
490,3,280,219,38,95,1,1,1
491,3,280,220,39,95,1,1,1
492,3,281,220,38,94,1,1,1
493,3,282,221,38,92,1,1,1
494,3,282,220,42,93,1,1,1
495,3,282,220,43,93,1,1,1
496,3,283,221,42,92,1,1,1
497,3,283,221,43,92,1,1,1
498,3,284,223,45,95,1,1,1
499,3,285,223,44,94,1,1,1
500,3,286,224,45,93,1,1,1
501,3,286,224,46,93,1,1,1
502,3,287,227,46,103,1,1,1
503,3,288,227,45,103,1,1,1
504,3,288,228,46,102,1,1,1
505,3,289,230,45,99,1,1,1
506,3,289,231,44,98,1,1,1
507,3,289,233,44,97,1,1,1
508,3,293,233,45,102,1,1,1
509,3,294,234,45,101,1,1,1
510,3,294,234,45,102,1,1,1
511,3,294,235,41,98,1,1,1
512,3,295,236,41,97,1,1,1
513,3,298,235,37,100,1,1,1
514,3,299,235,37,100,1,1,1
515,3,304,237,32,98,1,1,1
516,3,301,237,36,98,1,1,1
517,3,301,238,36,97,1,1,1
518,3,306,238,31,97,1,1,1
519,3,307,239,36,94,1,1,1
520,3,307,239,39,96,1,1,1
521,3,308,240,43,98,1,1,1
522,3,308,244,48,94,1,1,1
523,3,309,244,48,94,1,1,1
524,3,310,245,47,95,1,1,1
525,3,311,246,47,95,1,1,1
526,3,312,246,46,97,1,1,1
527,3,312,247,47,97,1,1,1
528,3,313,247,45,96,1,1,1
529,3,312,247,47,95,1,1,1
530,3,313,247,46,95,1,1,1
531,3,313,247,47,96,1,1,1
532,3,317,248,44,94,1,1,1
533,3,318,248,43,94,1,1,1
534,3,324,248,37,94,1,1,1
535,3,327,249,34,95,1,1,1
536,3,327,250,36,94,1,1,1
537,3,328,250,36,97,1,1,1
538,3,329,254,47,98,1,1,1
539,3,330,256,47,99,1,1,1
540,3,331,257,48,99,1,1,1
541,3,332,257,48,100,1,1,1
542,3,333,259,46,101,1,1,1
543,3,334,260,45,101,1,1,1
544,3,335,261,45,99,1,1,1
545,3,336,263,45,100,1,1,1
546,3,337,264,44,101,1,1,1
547,3,338,265,44,102,1,1,1
548,3,339,266,47,101,1,1,1
549,3,340,267,48,100,1,1,1
550,3,341,268,47,99,1,1,1
551,3,342,270,47,96,1,1,1
552,3,343,270,46,96,1,1,1
553,3,350,271,39,96,1,1,1
554,3,351,271,39,95,1,1,1
555,3,351,272,39,94,1,1,1
556,3,355,273,36,93,1,1,1
557,3,357,273,35,94,1,1,1
558,3,357,274,35,93,1,1,1
559,3,358,275,35,92,1,1,1
560,3,358,277,40,92,1,1,1
561,3,360,278,41,93,1,1,1
562,3,365,279,36,93,1,1,1
563,3,366,280,42,95,1,1,1
564,3,365,281,43,95,1,1,1
565,3,367,281,47,96,1,1,1
566,3,368,282,46,97,1,1,1
567,3,366,278,48,104,1,1,1
568,3,366,279,48,105,1,1,1
569,3,366,281,47,103,1,1,1
570,3,367,281,47,104,1,1,1
571,3,366,281,47,103,1,1,1
572,3,370,282,46,103,1,1,1
573,3,371,283,50,102,1,1,1
574,3,375,285,50,101,1,1,1
575,3,378,285,49,100,1,1,1
576,3,381,286,49,97,1,1,1
577,3,384,288,49,96,1,1,1
578,3,387,289,48,95,1,1,1
579,3,390,290,47,101,1,1,1
580,3,386,292,51,103,1,1,1
581,3,387,293,54,106,1,1,1
582,3,389,294,53,110,1,1,1
583,3,390,295,52,109,1,1,1
584,3,391,296,51,108,1,1,1
585,3,392,299,51,108,1,1,1
586,3,397,300,47,107,1,1,1
587,3,398,301,46,111,1,1,1
588,3,398,303,47,109,1,1,1
589,3,399,304,47,108,1,1,1
590,3,400,304,47,108,1,1,1
591,3,401,305,46,107,1,1,1
592,3,402,305,46,106,1,1,1
593,3,411,306,38,105,1,1,1
594,3,412,306,39,107,1,1,1
595,3,413,307,42,106,1,1,1
596,3,414,308,42,104,1,1,1
597,3,422,308,35,104,1,1,1
598,3,424,309,35,104,1,1,1
599,3,423,310,41,104,1,1,1
600,3,424,311,41,104,1,1,1
601,3,425,311,42,99,1,1,1
602,3,426,312,51,101,1,1,1
603,3,426,312,56,103,1,1,1
604,3,423,313,64,101,1,1,1
605,3,424,313,66,100,1,1,1
606,3,425,314,67,101,1,1,1
607,3,425,314,67,101,1,1,1
608,3,425,314,67,102,1,1,1
609,3,425,314,67,102,1,1,1
610,3,428,314,65,105,1,1,1
611,3,432,317,63,100,1,1,1
612,3,435,317,60,100,1,1,1
613,3,438,317,64,100,1,1,1
614,3,443,317,61,101,1,1,1
615,3,444,317,66,101,1,1,1
616,3,455,317,56,105,1,1,1
617,3,463,317,49,108,1,1,1
618,3,464,317,49,108,1,1,1
619,3,466,317,49,116,1,1,1
620,3,471,318,53,116,1,1,1
621,3,465,318,60,116,1,1,1
622,3,466,319,60,119,1,1,1
623,3,467,320,60,119,1,1,1
624,3,468,326,65,112,1,1,1
625,3,470,327,64,112,1,1,1
626,3,472,328,64,111,1,1,1
627,3,473,331,65,107,1,1,1
628,3,473,331,66,107,1,1,1
629,3,477,331,67,107,1,1,1
630,3,483,331,66,108,1,1,1
631,3,483,331,66,108,1,1,1
632,3,488,331,62,108,1,1,1
633,3,496,332,59,105,1,1,1
634,3,500,332,55,105,1,1,1
635,3,505,332,54,105,1,1,1
636,3,510,332,50,105,1,1,1
637,3,514,332,47,105,1,1,1
638,3,515,332,47,105,1,1,1
639,3,514,333,56,105,1,1,1
640,3,515,333,56,105,1,1,1
641,3,514,333,60,106,1,1,1
642,3,515,332,61,107,1,1,1
643,3,514,332,68,108,1,1,1
644,3,515,332,69,106,1,1,1
645,3,518,334,69,104,1,1,1
646,3,517,334,72,104,1,1,1
647,3,520,334,69,104,1,1,1
648,3,523,333,69,104,1,1,1
649,3,526,333,69,104,1,1,1
650,3,529,333,68,106,1,1,1
651,3,535,333,63,107,1,1,1
652,3,539,334,62,106,1,1,1
653,3,547,334,55,106,1,1,1
654,3,552,334,55,110,1,1,1
655,3,558,334,52,110,1,1,1
656,3,559,334,52,115,1,1,1
657,3,560,335,52,114,1,1,1
658,3,560,336,53,115,1,1,1
659,3,561,336,55,118,1,1,1
660,3,561,338,59,118,1,1,1
661,3,560,340,61,117,1,1,1
662,3,560,340,63,117,1,1,1
663,3,561,341,65,119,1,1,1
664,3,561,343,68,117,1,1,1
665,3,561,346,70,117,1,1,1
666,3,562,346,70,118,1,1,1
667,3,564,348,71,114,1,1,1
668,3,566,349,71,113,1,1,1
669,3,567,349,71,113,1,1,1
670,3,575,348,68,116,1,1,1
671,3,579,351,64,113,1,1,1
672,3,583,352,62,113,1,1,1
673,3,590,352,58,113,1,1,1
674,3,594,352,56,113,1,1,1
675,3,598,353,55,110,1,1,1
676,3,602,353,55,110,1,1,1
677,3,605,354,52,110,1,1,1
678,3,606,357,52,106,1,1,1
679,3,606,357,56,106,1,1,1
680,3,607,357,56,106,1,1,1
681,3,606,359,58,105,1,1,1
682,3,605,359,63,105,1,1,1
683,3,606,362,63,102,1,1,1
684,3,606,362,66,103,1,1,1
685,3,604,362,69,103,1,1,1
730,3,604,358,65,106,1,1,1
731,3,603,358,65,107,1,1,1
732,3,603,358,61,107,1,1,1
733,3,602,358,61,107,1,1,1
734,3,601,358,61,110,1,1,1
735,3,600,357,61,112,1,1,1
736,3,599,357,60,113,1,1,1
737,3,599,357,60,113,1,1,1
738,3,597,357,60,114,1,1,1
739,3,597,357,59,114,1,1,1
740,3,596,357,59,114,1,1,1
741,3,593,357,58,113,1,1,1
742,3,590,357,59,113,1,1,1
743,3,585,358,62,112,1,1,1
744,3,582,356,67,112,1,1,1
745,3,577,356,71,111,1,1,1
746,3,577,357,70,110,1,1,1
747,3,577,356,67,111,1,1,1
748,3,574,356,68,110,1,1,1
749,3,573,357,66,110,1,1,1
750,3,573,357,62,109,1,1,1
751,3,573,357,61,109,1,1,1
752,3,572,357,60,109,1,1,1
753,3,572,358,57,107,1,1,1
754,3,571,358,57,107,1,1,1
755,3,571,356,55,108,1,1,1
756,3,570,357,54,107,1,1,1
757,3,573,357,50,108,1,1,1
758,3,573,357,48,108,1,1,1
759,3,572,357,47,107,1,1,1
760,3,571,357,48,108,1,1,1
761,3,570,357,45,107,1,1,1
762,3,565,357,52,107,1,1,1
763,3,559,355,54,110,1,1,1
764,3,551,356,60,110,1,1,1
765,3,546,355,64,110,1,1,1
766,3,542,357,64,109,1,1,1
767,3,539,357,66,109,1,1,1
768,3,537,355,66,108,1,1,1
769,3,535,355,64,108,1,1,1
770,3,534,355,64,110,1,1,1
771,3,533,352,66,114,1,1,1
772,3,533,352,64,114,1,1,1
773,3,532,351,64,114,1,1,1
774,3,532,350,63,116,1,1,1
775,3,532,348,63,116,1,1,1
776,3,533,346,62,120,1,1,1
777,3,531,345,61,121,1,1,1
778,3,530,345,61,120,1,1,1
779,3,529,345,61,120,1,1,1
780,3,528,344,61,120,1,1,1
781,3,527,344,52,120,1,1,1
782,3,528,344,44,118,1,1,1
783,3,527,344,46,117,1,1,1
784,3,526,344,44,117,1,1,1
785,3,524,344,44,115,1,1,1
786,3,519,343,46,116,1,1,1
787,3,512,343,52,116,1,1,1
788,3,507,341,54,113,1,1,1
789,3,499,341,59,111,1,1,1
790,3,496,342,57,109,1,1,1
791,3,492,343,60,106,1,1,1
792,3,490,343,60,108,1,1,1
793,3,489,344,63,107,1,1,1
794,3,488,343,65,107,1,1,1
795,3,487,344,64,106,1,1,1
796,3,487,344,64,106,1,1,1
797,3,487,344,63,106,1,1,1
798,3,486,344,60,104,1,1,1
799,3,485,344,57,104,1,1,1
800,3,484,344,53,104,1,1,1
801,3,487,344,47,105,1,1,1
802,3,486,344,42,107,1,1,1
803,3,485,344,44,107,1,1,1
804,3,481,342,46,107,1,1,1
805,3,479,342,44,107,1,1,1
806,3,475,341,47,108,1,1,1
807,3,469,341,52,108,1,1,1
808,3,463,342,55,108,1,1,1
809,3,456,341,59,109,1,1,1
810,3,449,341,63,109,1,1,1
811,3,446,341,64,108,1,1,1
812,3,444,341,66,108,1,1,1
813,3,441,341,69,107,1,1,1
814,3,439,344,66,107,1,1,1
815,3,436,340,68,111,1,1,1
816,3,435,340,70,110,1,1,1
817,3,434,337,70,115,1,1,1
818,3,431,335,71,115,1,1,1
819,3,431,332,69,118,1,1,1
820,3,431,329,64,120,1,1,1
821,3,431,329,63,120,1,1,1
822,3,430,329,61,119,1,1,1
823,3,430,327,55,120,1,1,1
824,3,430,327,55,120,1,1,1
825,3,430,327,45,120,1,1,1
826,3,430,327,41,120,1,1,1
827,3,428,323,39,117,1,1,1
828,3,427,324,38,115,1,1,1
829,3,421,322,44,114,1,1,1
830,3,411,323,56,110,1,1,1
831,3,407,323,56,110,1,1,1
832,3,401,320,56,113,1,1,1
833,3,397,320,59,112,1,1,1
834,3,397,320,58,112,1,1,1
835,3,397,320,59,112,1,1,1
836,3,401,320,52,112,1,1,1
837,3,400,320,52,111,1,1,1
838,3,393,319,57,112,1,1,1
839,3,394,319,56,112,1,1,1
840,3,394,318,55,112,1,1,1
841,3,394,318,55,112,1,1,1
842,3,393,317,52,110,1,1,1
843,3,393,314,52,111,1,1,1
844,3,386,314,59,110,1,1,1
845,3,386,314,57,110,1,1,1
846,3,385,313,57,110,1,1,1
847,3,380,313,62,110,1,1,1
848,3,377,312,64,110,1,1,1
849,3,376,310,65,112,1,1,1
850,3,375,309,62,113,1,1,1
851,3,375,309,62,112,1,1,1
852,3,375,308,62,113,1,1,1
853,3,373,307,63,114,1,1,1
854,3,373,305,60,116,1,1,1
855,3,373,305,60,116,1,1,1
856,3,373,305,60,116,1,1,1
857,3,373,302,60,117,1,1,1
858,3,373,302,60,117,1,1,1
859,3,373,299,60,116,1,1,1
860,3,378,298,53,117,1,1,1
861,3,378,298,53,117,1,1,1
862,3,378,295,53,117,1,1,1
863,3,375,294,53,118,1,1,1
864,3,373,294,53,118,1,1,1
865,3,376,293,50,119,1,1,1
866,3,376,293,50,119,1,1,1
867,3,376,292,50,120,1,1,1
868,3,376,293,51,105,1,1,1
869,3,376,289,47,108,1,1,1
870,3,371,288,52,109,1,1,1
871,3,369,288,54,108,1,1,1
872,3,369,287,54,109,1,1,1
873,3,368,287,55,109,1,1,1
874,3,368,287,55,109,1,1,1
875,3,368,287,55,108,1,1,1
876,3,368,287,55,108,1,1,1
877,3,368,284,55,111,1,1,1
878,3,369,284,54,112,1,1,1
879,3,372,284,50,111,1,1,1
880,3,372,283,50,112,1,1,1
881,3,372,283,50,112,1,1,1
882,3,373,284,49,111,1,1,1
883,3,373,280,49,115,1,1,1
884,3,372,280,50,115,1,1,1
885,3,374,280,49,115,1,1,1
886,3,371,278,50,116,1,1,1
887,3,370,278,53,112,1,1,1
888,3,369,277,53,111,1,1,1
889,3,369,277,53,109,1,1,1
890,3,369,276,54,106,1,1,1
891,3,369,275,54,106,1,1,1
892,3,369,275,53,104,1,1,1
893,3,369,275,53,102,1,1,1
894,3,369,273,53,102,1,1,1
895,3,369,273,53,104,1,1,1
896,3,369,272,53,104,1,1,1
897,3,369,272,50,105,1,1,1
898,3,369,272,50,104,1,1,1
899,3,369,270,50,107,1,1,1
900,3,369,269,50,107,1,1,1
901,3,369,269,50,108,1,1,1
902,3,369,268,51,108,1,1,1
903,3,373,268,47,108,1,1,1
904,3,373,267,47,109,1,1,1
905,3,374,267,47,109,1,1,1
906,3,374,265,47,111,1,1,1
907,3,374,265,47,111,1,1,1
908,3,374,264,47,112,1,1,1
909,3,374,262,47,114,1,1,1
910,3,374,261,47,110,1,1,1
911,3,374,259,47,112,1,1,1
912,3,374,259,47,109,1,1,1
913,3,374,258,47,110,1,1,1
914,3,374,258,48,105,1,1,1
915,3,374,258,48,105,1,1,1
916,3,374,257,49,106,1,1,1
917,3,374,257,49,102,1,1,1
918,3,374,254,47,102,1,1,1
919,3,374,253,47,103,1,1,1
920,3,374,253,47,102,1,1,1
921,3,374,253,47,103,1,1,1
922,3,374,253,47,103,1,1,1
923,3,374,252,47,103,1,1,1
924,3,374,253,47,101,1,1,1
925,3,374,251,47,105,1,1,1
926,3,374,251,47,105,1,1,1
927,3,377,250,44,105,1,1,1
928,3,377,250,44,105,1,1,1
929,3,376,249,45,106,1,1,1
930,3,376,248,44,108,1,1,1
931,3,375,247,45,107,1,1,1
932,3,375,247,47,107,1,1,1
933,3,376,246,45,107,1,1,1
934,3,376,246,45,105,1,1,1
935,3,376,245,48,106,1,1,1
936,3,375,245,49,105,1,1,1
937,3,374,241,49,106,1,1,1
938,3,374,241,49,106,1,1,1
939,3,373,240,50,101,1,1,1
940,3,373,238,50,100,1,1,1
941,3,373,238,50,100,1,1,1
942,3,373,238,50,100,1,1,1
943,3,372,237,51,101,1,1,1
944,3,375,236,44,100,1,1,1
945,3,375,235,41,102,1,1,1
946,3,375,234,41,105,1,1,1
947,3,375,234,42,103,1,1,1
948,3,375,233,42,104,1,1,1
949,3,375,233,42,104,1,1,1
950,3,376,233,42,104,1,1,1
951,3,376,231,42,106,1,1,1
952,3,375,234,42,103,1,1,1
953,3,376,227,43,108,1,1,1
954,3,376,227,46,108,1,1,1
955,3,376,230,50,104,1,1,1
956,3,376,230,50,103,1,1,1
957,3,377,227,47,104,1,1,1
958,3,377,226,49,102,1,1,1
959,3,377,225,49,104,1,1,1
960,3,377,225,49,104,1,1,1
961,3,377,225,50,100,1,1,1
962,3,377,225,50,100,1,1,1
963,3,378,224,49,101,1,1,1
964,3,378,221,50,101,1,1,1
965,3,378,221,50,101,1,1,1
966,3,378,220,50,102,1,1,1
967,3,378,220,50,100,1,1,1
968,3,378,220,50,100,1,1,1
969,3,378,220,50,100,1,1,1
970,3,378,219,50,101,1,1,1
971,3,385,220,43,99,1,1,1
972,3,385,219,44,99,1,1,1
973,3,384,217,41,100,1,1,1
974,3,384,216,47,102,1,1,1
975,3,384,216,47,101,1,1,1
976,3,384,215,47,102,1,1,1
977,3,384,215,47,103,1,1,1
978,3,384,211,48,105,1,1,1
979,3,384,213,48,102,1,1,1
980,3,383,213,49,102,1,1,1
981,3,383,211,43,99,1,1,1
982,3,383,211,43,99,1,1,1
983,3,382,211,44,99,1,1,1
984,3,382,210,48,100,1,1,1
985,3,382,210,48,96,1,1,1
986,3,382,207,48,96,1,1,1
987,3,385,206,45,97,1,1,1
988,3,385,206,45,96,1,1,1
989,3,385,205,42,97,1,1,1
990,3,385,205,42,96,1,1,1
991,3,385,204,42,98,1,1,1
992,3,385,204,42,98,1,1,1
993,3,385,204,42,98,1,1,1
994,3,385,202,43,100,1,1,1
995,3,386,201,44,101,1,1,1
996,3,389,200,41,102,1,1,1
997,3,389,199,39,102,1,1,1
998,3,389,199,39,102,1,1,1
999,3,389,198,40,99,1,1,1
1000,3,390,198,41,98,1,1,1
1001,3,390,198,41,98,1,1,1
1002,3,390,196,42,100,1,1,1
1003,3,390,195,42,98,1,1,1
1004,3,390,194,46,99,1,1,1
1,4,410,44,22,61,1,1,1
2,4,410,44,22,61,1,1,1
3,4,410,44,22,61,1,1,1
4,4,410,45,22,60,1,1,1
5,4,410,45,22,60,1,1,1
6,4,410,45,22,59,1,1,1
7,4,410,46,22,59,1,1,1
8,4,410,46,21,59,1,1,1
9,4,409,47,23,60,1,1,1
10,4,409,48,22,58,1,1,1
11,4,409,48,22,61,1,1,1
12,4,409,47,22,58,1,1,1
13,4,409,47,22,62,1,1,1
14,4,409,47,22,62,1,1,1
15,4,409,47,22,62,1,1,1
16,4,408,47,23,62,1,1,1
17,4,408,47,23,62,1,1,1
18,4,408,47,23,61,1,1,1
19,4,408,48,21,61,1,1,1
20,4,406,49,23,60,1,1,1
21,4,406,49,23,60,1,1,1
22,4,406,49,23,60,1,1,1
23,4,406,49,23,61,1,1,1
24,4,406,49,23,62,1,1,1
25,4,406,49,23,62,1,1,1
26,4,406,50,23,61,1,1,1
27,4,406,50,22,61,1,1,1
28,4,407,51,22,63,1,1,1
29,4,407,51,22,63,1,1,1
30,4,407,51,22,63,1,1,1
31,4,407,51,22,63,1,1,1
32,4,407,52,23,62,1,1,1
33,4,407,52,22,62,1,1,1
34,4,407,52,22,62,1,1,1
35,4,407,52,22,62,1,1,1
36,4,408,53,22,61,1,1,1
37,4,407,53,23,62,1,1,1
38,4,408,53,21,61,1,1,1
39,4,408,53,21,60,1,1,1
40,4,407,53,23,61,1,1,1
41,4,407,53,23,61,1,1,1
42,4,407,54,23,61,1,1,1
43,4,407,54,23,64,1,1,1
44,4,407,55,23,63,1,1,1
45,4,407,55,23,63,1,1,1
46,4,407,55,22,62,1,1,1
47,4,407,56,22,64,1,1,1
48,4,407,56,22,64,1,1,1
49,4,407,56,22,64,1,1,1
50,4,407,56,22,64,1,1,1
51,4,407,56,22,64,1,1,1
52,4,406,56,23,64,1,1,1
53,4,406,57,22,62,1,1,1
54,4,406,57,22,62,1,1,1
55,4,406,57,22,62,1,1,1
56,4,406,57,22,63,1,1,1
57,4,406,57,22,62,1,1,1
58,4,406,57,22,63,1,1,1
59,4,406,57,22,65,1,1,1
60,4,406,58,23,64,1,1,1
61,4,406,59,23,64,1,1,1
62,4,406,59,23,64,1,1,1
63,4,406,59,23,64,1,1,1
64,4,406,59,23,65,1,1,1
65,4,406,60,23,65,1,1,1
66,4,406,60,24,65,1,1,1
67,4,406,60,24,65,1,1,1
68,4,406,60,24,65,1,1,1
69,4,406,61,24,64,1,1,1
70,4,406,61,25,64,1,1,1
71,4,406,61,25,64,1,1,1
72,4,406,61,25,65,1,1,1
73,4,406,61,25,64,1,1,1
74,4,406,62,25,63,1,1,1
75,4,406,62,25,64,1,1,1
76,4,406,62,25,64,1,1,1
77,4,407,63,24,63,1,1,1
78,4,407,64,24,64,1,1,1
79,4,407,64,24,64,1,1,1
80,4,407,65,23,63,1,1,1
81,4,407,65,23,65,1,1,1
82,4,407,65,23,65,1,1,1
83,4,407,66,23,64,1,1,1
84,4,407,66,23,65,1,1,1
85,4,407,67,23,65,1,1,1
86,4,407,67,23,64,1,1,1
87,4,407,67,23,64,1,1,1
88,4,407,67,23,64,1,1,1
89,4,406,67,23,64,1,1,1
90,4,407,67,22,64,1,1,1
91,4,406,67,24,66,1,1,1
92,4,406,68,23,63,1,1,1
93,4,406,67,24,67,1,1,1
94,4,406,68,24,63,1,1,1
95,4,406,68,24,63,1,1,1
96,4,406,68,24,66,1,1,1
97,4,406,69,24,67,1,1,1
98,4,406,69,24,67,1,1,1
99,4,406,70,24,66,1,1,1
100,4,406,70,24,67,1,1,1
101,4,406,70,24,67,1,1,1
102,4,406,70,24,67,1,1,1
103,4,406,70,23,67,1,1,1
104,4,403,70,26,67,1,1,1
105,4,403,70,26,67,1,1,1
106,4,403,70,26,67,1,1,1
107,4,403,71,26,66,1,1,1
108,4,403,71,26,66,1,1,1
109,4,404,71,25,66,1,1,1
110,4,403,71,26,68,1,1,1
111,4,403,71,26,68,1,1,1
112,4,404,73,24,64,1,1,1
113,4,404,73,24,64,1,1,1
114,4,401,74,27,65,1,1,1
115,4,401,74,27,65,1,1,1
116,4,400,74,28,67,1,1,1
117,4,400,74,29,68,1,1,1
118,4,400,75,29,67,1,1,1
119,4,400,75,29,67,1,1,1
120,4,399,75,29,67,1,1,1
121,4,399,75,28,67,1,1,1
122,4,399,75,28,67,1,1,1
123,4,398,75,29,67,1,1,1
124,4,398,75,29,67,1,1,1
125,4,399,76,28,67,1,1,1
126,4,399,76,28,67,1,1,1
127,4,399,76,28,68,1,1,1
128,4,399,76,28,68,1,1,1
129,4,399,77,28,67,1,1,1
130,4,399,77,27,66,1,1,1
131,4,398,76,29,70,1,1,1
132,4,398,77,29,70,1,1,1
133,4,399,77,28,71,1,1,1
134,4,399,77,28,71,1,1,1
135,4,399,77,27,72,1,1,1
136,4,398,78,28,71,1,1,1
137,4,398,79,28,70,1,1,1
138,4,398,79,28,72,1,1,1
139,4,398,79,28,72,1,1,1
140,4,399,80,28,71,1,1,1
141,4,399,80,28,71,1,1,1
142,4,399,80,28,70,1,1,1
143,4,399,80,28,70,1,1,1
144,4,399,80,28,71,1,1,1
145,4,399,80,28,71,1,1,1
146,4,401,80,26,71,1,1,1
147,4,401,81,26,69,1,1,1
148,4,401,81,26,69,1,1,1
149,4,401,81,26,71,1,1,1
150,4,401,82,26,72,1,1,1
151,4,401,82,26,73,1,1,1
152,4,401,83,26,72,1,1,1
153,4,401,84,26,72,1,1,1
154,4,401,84,25,71,1,1,1
155,4,401,84,25,71,1,1,1
156,4,401,85,25,72,1,1,1
157,4,401,85,25,72,1,1,1
158,4,401,85,25,71,1,1,1
159,4,401,85,25,72,1,1,1
160,4,401,86,24,71,1,1,1
161,4,398,83,27,74,1,1,1
162,4,398,83,27,74,1,1,1
163,4,398,85,27,72,1,1,1
164,4,398,85,27,72,1,1,1
165,4,398,86,27,71,1,1,1
166,4,398,87,27,71,1,1,1
167,4,398,87,27,71,1,1,1
168,4,398,87,27,74,1,1,1
169,4,398,88,27,73,1,1,1
170,4,398,88,26,73,1,1,1
171,4,398,88,26,73,1,1,1
172,4,398,88,26,73,1,1,1
173,4,395,89,28,72,1,1,1
174,4,395,89,28,73,1,1,1
175,4,395,89,28,73,1,1,1
176,4,395,89,28,73,1,1,1
177,4,395,89,28,73,1,1,1
178,4,395,89,28,73,1,1,1
179,4,394,89,26,74,1,1,1
180,4,394,90,25,74,1,1,1
181,4,391,90,28,73,1,1,1
182,4,388,91,31,73,1,1,1
183,4,388,91,30,73,1,1,1
184,4,387,92,31,72,1,1,1
185,4,387,92,31,72,1,1,1
186,4,386,92,30,74,1,1,1
187,4,386,92,30,74,1,1,1
188,4,385,92,30,74,1,1,1
189,4,385,93,30,73,1,1,1
190,4,384,93,29,73,1,1,1
191,4,384,93,29,73,1,1,1
192,4,383,93,29,73,1,1,1
193,4,383,94,29,72,1,1,1
194,4,382,93,29,74,1,1,1
195,4,383,94,28,71,1,1,1
196,4,380,94,30,74,1,1,1
197,4,380,94,29,74,1,1,1
198,4,379,95,30,73,1,1,1
199,4,379,95,30,77,1,1,1
200,4,379,96,30,76,1,1,1
201,4,379,96,29,76,1,1,1
202,4,379,98,28,74,1,1,1
203,4,379,98,28,74,1,1,1
204,4,379,99,28,76,1,1,1
205,4,379,100,28,74,1,1,1
206,4,379,100,28,74,1,1,1
207,4,379,100,28,75,1,1,1
208,4,379,100,28,75,1,1,1
209,4,379,101,28,74,1,1,1
210,4,378,101,25,74,1,1,1
211,4,378,101,25,74,1,1,1
212,4,378,101,25,74,1,1,1
213,4,378,102,24,73,1,1,1
214,4,376,102,26,73,1,1,1
215,4,376,103,26,73,1,1,1
216,4,375,103,27,72,1,1,1
217,4,375,104,26,71,1,1,1
218,4,373,105,28,74,1,1,1
219,4,372,103,27,77,1,1,1
220,4,371,104,28,78,1,1,1
221,4,373,104,26,79,1,1,1
222,4,372,105,26,78,1,1,1
223,4,371,105,27,78,1,1,1
224,4,371,105,26,78,1,1,1
225,4,368,106,29,77,1,1,1
226,4,368,106,29,77,1,1,1
227,4,367,106,30,77,1,1,1
228,4,367,107,29,76,1,1,1
229,4,367,107,28,77,1,1,1
230,4,367,108,28,75,1,1,1
231,4,367,109,28,76,1,1,1
232,4,367,109,28,76,1,1,1
233,4,367,110,27,75,1,1,1
234,4,366,110,28,80,1,1,1
235,4,366,111,28,80,1,1,1
236,4,366,111,28,80,1,1,1
237,4,366,112,27,81,1,1,1
238,4,363,112,30,81,1,1,1
239,4,362,113,31,80,1,1,1
240,4,362,113,31,80,1,1,1
241,4,362,113,31,80,1,1,1
242,4,362,113,30,80,1,1,1
243,4,362,113,30,80,1,1,1
244,4,362,114,30,79,1,1,1
245,4,362,114,30,79,1,1,1
246,4,362,116,30,77,1,1,1
247,4,362,116,30,77,1,1,1
248,4,362,117,30,76,1,1,1
249,4,362,118,30,75,1,1,1
250,4,360,118,32,80,1,1,1
251,4,360,119,32,80,1,1,1
252,4,360,119,32,81,1,1,1
253,4,360,120,30,82,1,1,1
254,4,360,121,30,83,1,1,1
255,4,358,122,31,80,1,1,1
256,4,358,122,31,80,1,1,1
257,4,358,123,31,80,1,1,1
258,4,358,123,30,79,1,1,1
259,4,358,123,30,80,1,1,1
260,4,358,124,29,78,1,1,1
261,4,358,124,29,78,1,1,1
262,4,358,123,29,80,1,1,1
263,4,355,125,31,77,1,1,1
264,4,355,126,29,78,1,1,1
265,4,355,126,29,80,1,1,1
266,4,355,127,29,79,1,1,1
267,4,355,128,29,78,1,1,1
268,4,354,129,29,82,1,1,1
269,4,354,129,29,82,1,1,1
270,4,354,130,29,81,1,1,1
271,4,354,130,29,80,1,1,1
272,4,354,131,31,80,1,1,1
273,4,354,131,31,80,1,1,1
274,4,354,131,31,80,1,1,1
275,4,355,132,30,79,1,1,1
276,4,355,132,30,79,1,1,1
277,4,355,132,30,79,1,1,1
278,4,355,133,30,78,1,1,1
279,4,356,134,28,77,1,1,1
280,4,356,135,28,76,1,1,1
281,4,354,136,30,78,1,1,1
282,4,354,136,30,79,1,1,1
283,4,354,137,30,79,1,1,1
284,4,354,137,31,80,1,1,1
285,4,354,138,30,80,1,1,1
286,4,354,138,30,80,1,1,1
287,4,354,139,30,79,1,1,1
288,4,354,139,30,79,1,1,1
289,4,354,140,30,81,1,1,1
290,4,354,140,30,81,1,1,1
291,4,354,140,30,81,1,1,1
292,4,354,141,29,80,1,1,1
293,4,354,141,29,80,1,1,1
294,4,354,141,29,80,1,1,1
295,4,354,142,29,79,1,1,1
296,4,354,142,29,79,1,1,1
297,4,354,143,29,80,1,1,1
298,4,354,144,29,79,1,1,1
299,4,355,144,28,79,1,1,1
300,4,351,145,32,79,1,1,1
301,4,352,146,31,78,1,1,1
302,4,352,147,31,84,1,1,1
303,4,352,147,31,84,1,1,1
304,4,352,148,31,83,1,1,1
305,4,353,149,30,85,1,1,1
306,4,353,150,32,84,1,1,1
307,4,354,150,31,83,1,1,1
308,4,355,151,31,82,1,1,1
309,4,355,152,31,81,1,1,1
310,4,355,152,31,81,1,1,1
311,4,355,152,31,81,1,1,1
312,4,356,153,30,80,1,1,1
313,4,356,154,30,79,1,1,1
314,4,356,155,30,78,1,1,1
315,4,357,155,31,77,1,1,1
316,4,357,156,31,76,1,1,1
317,4,357,157,31,81,1,1,1
318,4,357,157,31,81,1,1,1
319,4,357,159,31,83,1,1,1
320,4,356,160,31,83,1,1,1
321,4,356,161,30,82,1,1,1
322,4,354,162,32,83,1,1,1
323,4,354,162,32,85,1,1,1
324,4,354,163,32,84,1,1,1
325,4,354,163,32,84,1,1,1
326,4,353,164,33,83,1,1,1
327,4,352,164,34,83,1,1,1
328,4,352,165,34,82,1,1,1
329,4,352,165,33,82,1,1,1
330,4,352,165,33,82,1,1,1
331,4,352,165,34,82,1,1,1
332,4,352,166,34,84,1,1,1
333,4,350,167,36,83,1,1,1
334,4,350,167,36,88,1,1,1
335,4,350,168,36,89,1,1,1
336,4,350,170,36,87,1,1,1
337,4,350,170,36,90,1,1,1
338,4,350,171,36,89,1,1,1
339,4,350,171,36,89,1,1,1
340,4,351,172,35,88,1,1,1
341,4,351,172,35,86,1,1,1
342,4,351,172,35,86,1,1,1
343,4,351,173,35,86,1,1,1
344,4,351,173,35,86,1,1,1
345,4,351,173,35,86,1,1,1
346,4,351,174,34,85,1,1,1
347,4,351,175,34,84,1,1,1
348,4,351,176,34,83,1,1,1
349,4,351,177,34,84,1,1,1
350,4,351,178,34,83,1,1,1
351,4,351,179,33,88,1,1,1
352,4,351,180,33,90,1,1,1
353,4,351,180,33,90,1,1,1
354,4,351,182,33,89,1,1,1
355,4,351,182,33,88,1,1,1
356,4,351,184,32,89,1,1,1
357,4,351,184,32,89,1,1,1
358,4,348,185,37,88,1,1,1
359,4,348,185,37,88,1,1,1
360,4,348,185,37,88,1,1,1
361,4,345,185,38,87,1,1,1
362,4,345,185,38,88,1,1,1
363,4,345,186,38,87,1,1,1
364,4,345,186,37,87,1,1,1
365,4,345,187,37,88,1,1,1
366,4,345,188,37,92,1,1,1
367,4,345,189,37,97,1,1,1
368,4,345,190,36,96,1,1,1
369,4,345,190,36,96,1,1,1
370,4,345,192,35,94,1,1,1
371,4,345,189,36,97,1,1,1
372,4,346,194,34,91,1,1,1
373,4,347,194,33,91,1,1,1
374,4,346,196,33,89,1,1,1
375,4,347,196,32,89,1,1,1
376,4,347,196,32,89,1,1,1
377,4,343,197,36,90,1,1,1
378,4,343,198,36,89,1,1,1
379,4,343,198,36,89,1,1,1
380,4,343,199,36,88,1,1,1
381,4,343,200,35,87,1,1,1
382,4,343,197,36,90,1,1,1
383,4,343,203,35,89,1,1,1
384,4,343,203,35,91,1,1,1
385,4,343,204,35,94,1,1,1
386,4,343,204,35,95,1,1,1
387,4,343,205,35,97,1,1,1
388,4,343,205,35,97,1,1,1
389,4,343,206,34,95,1,1,1
390,4,343,207,34,94,1,1,1
391,4,343,208,34,94,1,1,1
392,4,343,209,33,93,1,1,1
393,4,344,209,33,92,1,1,1
394,4,340,210,36,91,1,1,1
395,4,341,208,35,93,1,1,1
396,4,341,208,35,95,1,1,1
397,4,341,209,38,94,1,1,1
398,4,341,210,37,93,1,1,1
399,4,341,210,37,93,1,1,1
400,4,341,211,37,99,1,1,1
401,4,341,213,37,97,1,1,1
402,4,341,214,37,101,1,1,1
403,4,339,215,39,100,1,1,1
404,4,340,217,38,100,1,1,1
405,4,340,218,38,99,1,1,1
406,4,342,219,38,98,1,1,1
407,4,340,220,40,97,1,1,1
408,4,340,220,40,97,1,1,1
409,4,341,221,39,99,1,1,1
410,4,341,221,39,99,1,1,1
411,4,341,222,39,98,1,1,1
412,4,341,223,39,96,1,1,1
413,4,341,224,42,95,1,1,1
414,4,341,224,41,95,1,1,1
415,4,342,225,41,94,1,1,1
416,4,342,226,40,93,1,1,1
417,4,344,227,37,98,1,1,1
418,4,344,228,37,99,1,1,1
419,4,344,229,37,100,1,1,1
420,4,344,230,36,101,1,1,1
421,4,344,231,36,101,1,1,1
422,4,344,232,36,101,1,1,1
423,4,344,234,35,98,1,1,1
424,4,341,235,41,100,1,1,1
425,4,341,235,41,100,1,1,1
426,4,341,237,41,98,1,1,1
427,4,341,238,40,97,1,1,1
428,4,341,238,40,97,1,1,1
429,4,339,239,42,96,1,1,1
430,4,339,239,42,96,1,1,1
431,4,339,240,42,95,1,1,1
432,4,339,240,42,95,1,1,1
433,4,340,243,40,96,1,1,1
434,4,340,243,40,101,1,1,1
435,4,340,244,40,104,1,1,1
436,4,338,245,43,105,1,1,1
437,4,338,246,43,104,1,1,1
438,4,339,248,42,105,1,1,1
439,4,339,249,42,106,1,1,1
440,4,339,250,42,105,1,1,1
441,4,340,251,40,104,1,1,1
442,4,339,252,42,103,1,1,1
443,4,339,253,43,102,1,1,1
444,4,339,253,43,102,1,1,1
445,4,340,254,42,101,1,1,1
446,4,340,254,42,101,1,1,1
447,4,339,253,43,102,1,1,1
448,4,339,256,43,99,1,1,1
449,4,339,258,43,97,1,1,1
450,4,339,261,43,95,1,1,1
451,4,339,261,43,101,1,1,1
452,4,342,265,40,100,1,1,1
453,4,342,263,39,104,1,1,1
454,4,342,265,39,103,1,1,1
455,4,342,266,39,104,1,1,1
456,4,342,267,39,105,1,1,1
457,4,342,268,39,104,1,1,1
458,4,342,270,38,102,1,1,1
459,4,339,270,41,102,1,1,1
460,4,339,270,41,102,1,1,1
461,4,337,271,42,102,1,1,1
462,4,337,273,42,100,1,1,1
463,4,337,273,42,100,1,1,1
464,4,337,274,41,99,1,1,1
465,4,337,274,41,99,1,1,1
466,4,333,275,44,99,1,1,1
467,4,336,275,44,104,1,1,1
468,4,338,276,40,108,1,1,1
469,4,333,279,45,109,1,1,1
470,4,333,281,44,108,1,1,1
471,4,331,282,45,108,1,1,1
472,4,331,283,47,109,1,1,1
473,4,331,284,46,108,1,1,1
474,4,332,286,45,107,1,1,1
475,4,332,286,45,109,1,1,1
476,4,332,287,45,108,1,1,1
477,4,332,287,44,108,1,1,1
478,4,333,290,43,105,1,1,1
479,4,332,291,44,104,1,1,1
480,4,332,292,44,103,1,1,1
481,4,332,292,44,103,1,1,1
482,4,336,294,39,101,1,1,1
483,4,336,295,38,100,1,1,1
484,4,336,295,35,98,1,1,1
485,4,335,297,36,96,1,1,1
486,4,334,296,36,104,1,1,1
487,4,327,297,42,105,1,1,1
488,4,327,301,41,101,1,1,1
489,4,327,301,40,103,1,1,1
490,4,327,302,38,102,1,1,1
491,4,326,304,39,100,1,1,1
492,4,325,304,38,100,1,1,1
493,4,324,305,39,100,1,1,1
494,4,323,306,38,99,1,1,1
495,4,323,306,38,98,1,1,1
496,4,320,305,41,100,1,1,1
497,4,319,306,41,99,1,1,1
498,4,318,306,42,100,1,1,1
499,4,317,308,40,101,1,1,1
500,4,317,309,39,104,1,1,1
501,4,316,310,39,108,1,1,1
502,4,316,311,38,111,1,1,1
503,4,315,312,38,116,1,1,1
504,4,315,313,38,115,1,1,1
505,4,308,314,43,114,1,1,1
506,4,308,315,43,117,1,1,1
507,4,308,316,42,116,1,1,1
508,4,308,319,43,113,1,1,1
509,4,308,320,41,112,1,1,1
510,4,308,322,39,110,1,1,1
511,4,310,323,37,108,1,1,1
512,4,310,324,37,107,1,1,1
513,4,310,323,35,110,1,1,1
514,4,309,324,36,109,1,1,1
515,4,307,324,35,109,1,1,1
516,4,307,325,35,108,1,1,1
517,4,306,326,35,107,1,1,1
518,4,302,325,38,111,1,1,1
519,4,302,328,38,108,1,1,1
520,4,297,329,42,107,1,1,1
521,4,293,329,46,107,1,1,1
522,4,291,330,47,106,1,1,1
523,4,288,330,50,109,1,1,1
524,4,288,331,49,108,1,1,1
525,4,289,332,49,108,1,1,1
526,4,289,332,48,108,1,1,1
527,4,287,332,48,108,1,1,1
528,4,289,332,46,108,1,1,1
529,4,288,332,45,108,1,1,1
530,4,280,332,50,108,1,1,1
531,4,278,332,52,109,1,1,1
532,4,278,332,48,109,1,1,1
533,4,273,334,49,111,1,1,1
534,4,273,334,48,111,1,1,1
535,4,272,335,49,112,1,1,1
536,4,272,336,47,115,1,1,1
537,4,271,337,47,116,1,1,1
538,4,266,337,52,116,1,1,1
539,4,265,338,52,118,1,1,1
540,4,265,338,52,121,1,1,1
541,4,265,339,52,121,1,1,1
542,4,265,339,49,121,1,1,1
543,4,265,340,49,120,1,1,1
544,4,265,339,49,121,1,1,1
545,4,265,340,48,120,1,1,1
546,4,264,344,48,115,1,1,1
547,4,264,345,44,114,1,1,1
548,4,263,345,44,114,1,1,1
549,4,263,345,43,114,1,1,1
550,4,263,347,42,112,1,1,1
551,4,262,348,43,111,1,1,1
552,4,259,349,44,113,1,1,1
553,4,257,351,45,113,1,1,1
554,4,256,352,45,115,1,1,1
555,4,255,353,43,115,1,1,1
556,4,255,355,42,113,1,1,1
557,4,253,356,43,112,1,1,1
558,4,253,357,41,111,1,1,1
559,4,249,358,44,110,1,1,1
560,4,248,358,45,110,1,1,1
561,4,243,360,49,108,1,1,1
562,4,241,360,50,108,1,1,1
563,4,241,361,50,107,1,1,1
564,4,241,362,49,110,1,1,1
565,4,238,363,54,113,1,1,1
566,4,237,364,54,117,1,1,1
567,4,235,365,57,121,1,1,1
568,4,235,366,56,125,1,1,1
569,4,235,367,56,126,1,1,1
570,4,235,371,55,122,1,1,1
571,4,235,372,55,124,1,1,1
572,4,235,373,54,124,1,1,1
573,4,235,376,54,121,1,1,1
574,4,235,377,54,120,1,1,1
575,4,235,379,54,118,1,1,1
576,4,237,380,52,117,1,1,1
577,4,238,382,51,115,1,1,1
578,4,237,380,52,117,1,1,1
579,4,239,385,49,112,1,1,1
580,4,237,386,52,111,1,1,1
581,4,238,387,51,111,1,1,1
582,4,238,389,50,108,1,1,1
583,4,239,391,49,106,1,1,1
584,4,240,392,52,109,1,1,1
585,4,240,393,52,115,1,1,1
586,4,241,394,51,120,1,1,1
587,4,241,395,51,125,1,1,1
588,4,242,396,50,127,1,1,1
589,4,243,399,48,126,1,1,1
590,4,241,404,50,121,1,1,1
591,4,242,405,49,120,1,1,1
592,4,242,408,49,117,1,1,1
593,4,242,408,48,116,1,1,1
594,4,242,409,48,115,1,1,1
595,4,241,408,50,117,1,1,1
596,4,241,409,50,116,1,1,1
597,4,242,409,56,116,1,1,1
598,4,242,410,56,115,1,1,1
599,4,242,411,56,115,1,1,1
600,4,242,410,56,116,1,1,1
601,4,242,417,56,108,1,1,1
602,4,242,419,56,107,1,1,1
603,4,243,421,55,105,1,1,1
604,4,243,424,54,102,1,1,1
605,4,242,425,57,108,1,1,1
606,4,242,426,58,111,1,1,1
607,4,242,429,57,110,1,1,1
608,4,243,431,56,100,1,1,1
609,4,244,434,54,96,1,1,1
610,4,242,435,57,102,1,1,1
611,4,242,436,58,103,1,1,1
612,4,242,438,58,104,1,1,1
613,4,242,439,58,103,1,1,1
614,4,242,439,58,104,1,1,1
615,4,247,440,53,104,1,1,1
616,4,247,442,53,89,1,1,1
617,4,246,447,55,87,1,1,1
618,4,246,448,55,83,1,1,1
619,4,245,450,55,83,1,1,1
620,4,245,452,55,84,1,1,1
621,4,245,455,56,83,1,1,1
622,4,244,457,57,75,1,1,1
623,4,243,459,58,76,1,1,1
624,4,242,461,58,77,1,1,1
625,4,242,464,57,76,1,1,1
626,4,240,466,59,77,1,1,1
627,4,240,469,59,78,1,1,1
628,4,239,470,59,79,1,1,1
629,4,237,472,61,80,1,1,1
637,4,233,488,68,44,1,1,1
638,4,233,490,68,43,1,1,1
640,4,233,486,68,44,1,1,1
739,4,218,464,58,66,1,1,1
740,4,221,464,60,65,1,1,1
741,4,221,463,60,64,1,1,1
742,4,219,460,61,70,1,1,1
743,4,219,451,60,77,1,1,1
744,4,219,454,59,73,1,1,1
745,4,219,453,59,72,1,1,1
746,4,220,452,57,72,1,1,1
747,4,219,449,59,79,1,1,1
748,4,220,449,58,78,1,1,1
749,4,220,448,57,76,1,1,1
750,4,220,444,58,78,1,1,1
751,4,220,442,58,78,1,1,1
752,4,221,441,58,78,1,1,1
753,4,221,439,58,78,1,1,1
754,4,222,439,58,77,1,1,1
755,4,223,439,56,75,1,1,1
756,4,224,439,55,73,1,1,1
757,4,226,434,53,94,1,1,1
758,4,226,433,54,94,1,1,1
759,4,228,432,51,91,1,1,1
760,4,228,428,53,93,1,1,1
761,4,229,426,53,101,1,1,1
762,4,229,425,53,101,1,1,1
763,4,230,422,53,101,1,1,1
764,4,228,420,60,110,1,1,1
765,4,228,419,60,110,1,1,1
766,4,228,416,61,113,1,1,1
767,4,228,411,60,119,1,1,1
768,4,228,411,60,119,1,1,1
769,4,228,410,60,119,1,1,1
770,4,227,406,62,123,1,1,1
771,4,228,411,60,119,1,1,1
772,4,228,405,60,125,1,1,1
773,4,228,404,59,125,1,1,1
774,4,227,402,61,128,1,1,1
775,4,228,405,60,125,1,1,1
776,4,228,397,60,133,1,1,1
777,4,228,396,60,133,1,1,1
778,4,228,391,60,139,1,1,1
779,4,228,390,59,140,1,1,1
780,4,228,394,55,122,1,1,1
781,4,228,390,55,123,1,1,1
782,4,229,387,53,123,1,1,1
783,4,228,387,52,123,1,1,1
784,4,227,385,53,127,1,1,1
785,4,227,384,52,126,1,1,1
786,4,227,383,52,127,1,1,1
787,4,227,381,53,129,1,1,1
788,4,230,380,48,130,1,1,1
789,4,230,378,48,132,1,1,1
790,4,230,379,48,131,1,1,1
791,4,230,374,50,134,1,1,1
792,4,230,373,50,134,1,1,1
793,4,231,372,50,131,1,1,1
794,4,231,369,51,134,1,1,1
795,4,231,367,52,129,1,1,1
796,4,230,366,52,125,1,1,1
797,4,231,365,52,123,1,1,1
798,4,231,364,52,124,1,1,1
799,4,231,363,52,124,1,1,1
800,4,231,365,52,123,1,1,1
801,4,232,358,53,122,1,1,1
802,4,232,357,53,123,1,1,1
803,4,232,356,54,123,1,1,1
804,4,230,354,57,126,1,1,1
805,4,231,358,54,122,1,1,1
806,4,232,351,53,122,1,1,1
807,4,232,351,53,122,1,1,1
808,4,231,350,54,128,1,1,1
809,4,230,349,55,129,1,1,1
810,4,233,347,51,123,1,1,1
811,4,232,345,52,125,1,1,1
812,4,233,347,49,123,1,1,1
813,4,232,346,50,117,1,1,1
814,4,229,343,51,119,1,1,1
815,4,229,343,51,119,1,1,1
816,4,229,338,50,114,1,1,1
817,4,229,337,50,115,1,1,1
818,4,229,337,49,113,1,1,1
819,4,230,333,47,119,1,1,1
820,4,230,332,47,120,1,1,1
821,4,230,331,47,120,1,1,1
822,4,231,331,45,115,1,1,1
823,4,230,326,50,126,1,1,1
824,4,230,325,50,126,1,1,1
825,4,233,329,45,122,1,1,1
826,4,233,327,45,120,1,1,1
827,4,233,325,46,120,1,1,1
828,4,235,322,46,119,1,1,1
829,4,236,321,45,118,1,1,1
830,4,235,318,47,119,1,1,1
831,4,235,318,48,119,1,1,1
832,4,235,317,48,111,1,1,1
833,4,235,316,49,111,1,1,1
834,4,235,316,49,109,1,1,1
835,4,236,313,49,112,1,1,1
836,4,236,311,51,114,1,1,1
837,4,236,311,51,114,1,1,1
838,4,237,310,50,115,1,1,1
839,4,237,307,50,118,1,1,1
840,4,237,308,50,117,1,1,1
841,4,237,305,50,120,1,1,1
842,4,237,304,50,119,1,1,1
843,4,237,303,51,119,1,1,1
844,4,237,303,49,113,1,1,1
845,4,237,302,49,113,1,1,1
846,4,238,301,46,115,1,1,1
847,4,238,298,46,115,1,1,1
848,4,238,297,46,107,1,1,1
849,4,238,297,46,105,1,1,1
850,4,238,296,46,106,1,1,1
851,4,238,293,47,109,1,1,1
852,4,239,293,43,108,1,1,1
853,4,239,292,43,109,1,1,1
854,4,240,291,42,109,1,1,1
855,4,240,289,44,112,1,1,1
856,4,242,288,41,115,1,1,1
857,4,242,287,42,116,1,1,1
858,4,243,287,41,114,1,1,1
859,4,243,284,42,116,1,1,1
860,4,244,282,43,118,1,1,1
861,4,245,281,43,114,1,1,1
862,4,247,280,41,114,1,1,1
863,4,247,279,42,111,1,1,1
864,4,247,278,42,107,1,1,1
865,4,247,276,46,105,1,1,1
866,4,248,275,45,106,1,1,1
867,4,248,274,45,107,1,1,1
868,4,248,274,46,107,1,1,1
869,4,248,272,47,108,1,1,1
870,4,248,272,46,108,1,1,1
871,4,248,272,47,109,1,1,1
872,4,248,268,48,113,1,1,1
873,4,248,266,48,115,1,1,1
874,4,254,266,45,115,1,1,1
875,4,254,266,45,112,1,1,1
876,4,254,265,45,113,1,1,1
877,4,255,263,43,112,1,1,1
878,4,255,262,43,109,1,1,1
879,4,255,261,43,109,1,1,1
880,4,255,261,43,109,1,1,1
881,4,255,259,44,111,1,1,1
882,4,256,261,43,100,1,1,1
883,4,256,257,43,104,1,1,1
884,4,256,256,43,105,1,1,1
885,4,256,255,40,105,1,1,1
886,4,256,255,40,105,1,1,1
887,4,257,254,40,106,1,1,1
888,4,257,254,40,106,1,1,1
889,4,257,252,42,109,1,1,1
890,4,257,251,43,110,1,1,1
891,4,263,249,38,112,1,1,1
892,4,263,248,38,113,1,1,1
893,4,263,247,39,114,1,1,1
894,4,263,249,38,105,1,1,1
895,4,264,246,38,108,1,1,1
896,4,264,245,39,109,1,1,1
897,4,264,244,39,105,1,1,1
898,4,265,243,39,100,1,1,1
899,4,265,243,39,100,1,1,1
900,4,266,242,39,101,1,1,1
901,4,266,241,43,101,1,1,1
902,4,266,240,43,102,1,1,1
903,4,266,240,44,102,1,1,1
904,4,266,238,44,104,1,1,1
905,4,266,235,44,107,1,1,1
906,4,266,235,44,107,1,1,1
907,4,269,235,41,107,1,1,1
908,4,269,234,43,108,1,1,1
909,4,269,234,43,108,1,1,1
910,4,269,231,44,111,1,1,1
911,4,269,232,44,105,1,1,1
912,4,269,231,41,106,1,1,1
913,4,269,231,41,103,1,1,1
914,4,269,230,41,104,1,1,1
915,4,269,229,42,105,1,1,1
916,4,269,231,41,103,1,1,1
917,4,270,225,41,103,1,1,1
918,4,270,224,41,103,1,1,1
919,4,270,224,41,103,1,1,1
920,4,270,223,37,101,1,1,1
921,4,270,222,37,102,1,1,1
922,4,270,221,37,103,1,1,1
923,4,270,221,38,103,1,1,1
924,4,271,221,36,104,1,1,1
925,4,274,220,33,105,1,1,1
926,4,274,220,33,105,1,1,1
927,4,274,219,34,106,1,1,1
928,4,274,217,37,109,1,1,1
929,4,274,216,37,104,1,1,1
930,4,274,215,37,103,1,1,1
931,4,277,215,36,101,1,1,1
932,4,277,214,36,99,1,1,1
933,4,277,214,36,97,1,1,1
934,4,277,213,39,98,1,1,1
935,4,277,213,39,94,1,1,1
936,4,277,212,40,95,1,1,1
937,4,277,212,40,94,1,1,1
938,4,277,212,40,95,1,1,1
939,4,277,211,40,95,1,1,1
940,4,277,210,41,97,1,1,1
941,4,276,209,42,98,1,1,1
942,4,278,208,39,99,1,1,1
943,4,278,207,39,99,1,1,1
944,4,278,207,39,100,1,1,1
945,4,279,207,39,100,1,1,1
946,4,278,206,39,101,1,1,1
947,4,277,204,41,99,1,1,1
948,4,277,203,41,100,1,1,1
949,4,277,203,41,100,1,1,1
950,4,277,204,41,99,1,1,1
951,4,279,200,37,104,1,1,1
952,4,279,200,37,95,1,1,1
953,4,279,199,35,94,1,1,1
954,4,279,199,35,91,1,1,1
955,4,279,198,35,92,1,1,1
956,4,279,198,35,92,1,1,1
957,4,279,198,35,91,1,1,1
958,4,279,197,36,96,1,1,1
959,4,279,197,36,96,1,1,1
960,4,281,196,34,97,1,1,1
961,4,281,196,34,97,1,1,1
962,4,281,194,34,98,1,1,1
963,4,281,193,36,98,1,1,1
964,4,281,192,36,97,1,1,1
965,4,281,192,36,97,1,1,1
966,4,281,191,37,94,1,1,1
967,4,281,191,37,94,1,1,1
968,4,281,189,39,96,1,1,1
969,4,281,188,39,92,1,1,1
970,4,284,187,37,92,1,1,1
971,4,284,187,37,90,1,1,1
972,4,284,186,37,89,1,1,1
973,4,284,186,37,94,1,1,1
974,4,284,185,37,95,1,1,1
975,4,284,185,37,95,1,1,1
976,4,284,184,37,96,1,1,1
977,4,284,184,37,96,1,1,1
978,4,284,183,37,96,1,1,1
979,4,284,183,37,96,1,1,1
980,4,283,183,38,96,1,1,1
981,4,283,181,38,95,1,1,1
982,4,283,180,38,94,1,1,1
983,4,283,180,38,94,1,1,1
984,4,283,179,38,91,1,1,1
985,4,283,179,35,91,1,1,1
986,4,283,178,36,90,1,1,1
987,4,283,178,36,89,1,1,1
988,4,283,178,36,90,1,1,1
989,4,282,177,37,90,1,1,1
990,4,282,176,34,89,1,1,1
991,4,282,175,34,92,1,1,1
992,4,282,175,34,92,1,1,1
993,4,284,175,32,92,1,1,1
994,4,284,174,32,93,1,1,1
995,4,284,174,32,93,1,1,1
996,4,284,173,32,94,1,1,1
997,4,284,172,32,95,1,1,1
998,4,284,174,32,93,1,1,1
999,4,284,169,34,99,1,1,1
1000,4,284,169,35,99,1,1,1
1001,4,284,168,35,100,1,1,1
1002,4,284,167,36,102,1,1,1
1003,4,284,165,35,102,1,1,1
1004,4,285,165,35,91,1,1,1
36,5,444,433,51,98,1,1,1
37,5,443,428,53,101,1,1,1
38,5,443,426,51,101,1,1,1
39,5,446,422,48,105,1,1,1
40,5,445,418,47,109,1,1,1
41,5,444,414,49,108,1,1,1
42,5,443,411,50,111,1,1,1
43,5,442,408,47,114,1,1,1
44,5,441,405,48,117,1,1,1
45,5,440,408,49,113,1,1,1
46,5,439,406,50,115,1,1,1
47,5,441,402,45,118,1,1,1
48,5,440,400,46,121,1,1,1
49,5,439,397,47,123,1,1,1
50,5,438,398,45,123,1,1,1
51,5,438,396,45,120,1,1,1
52,5,438,391,45,119,1,1,1
53,5,437,388,43,122,1,1,1
54,5,436,384,44,121,1,1,1
55,5,436,384,44,116,1,1,1
56,5,435,381,46,120,1,1,1
57,5,434,378,47,119,1,1,1
58,5,433,375,48,121,1,1,1
59,5,433,375,48,104,1,1,1
60,5,431,374,46,103,1,1,1
61,5,430,374,46,103,1,1,1
62,5,428,370,49,107,1,1,1
63,5,427,368,49,109,1,1,1
64,5,427,367,47,109,1,1,1
65,5,426,365,46,110,1,1,1
66,5,425,363,47,112,1,1,1
67,5,424,359,46,116,1,1,1
68,5,423,357,47,115,1,1,1
69,5,422,355,44,118,1,1,1
70,5,421,352,44,118,1,1,1
71,5,420,352,44,117,1,1,1
72,5,420,352,44,117,1,1,1
73,5,418,346,43,108,1,1,1
74,5,417,344,45,101,1,1,1
75,5,417,343,45,102,1,1,1
76,5,417,340,45,105,1,1,1
77,5,417,339,45,106,1,1,1
78,5,416,336,42,109,1,1,1
79,5,415,335,43,104,1,1,1
80,5,414,334,44,105,1,1,1
81,5,414,332,45,107,1,1,1
82,5,415,330,41,109,1,1,1
83,5,415,329,41,110,1,1,1
84,5,415,328,42,111,1,1,1
85,5,413,324,41,115,1,1,1
86,5,412,323,42,113,1,1,1
87,5,412,320,43,117,1,1,1
88,5,412,323,42,107,1,1,1
89,5,412,319,42,107,1,1,1
90,5,411,316,44,104,1,1,1
91,5,411,315,44,104,1,1,1
92,5,410,312,45,99,1,1,1
93,5,409,310,44,93,1,1,1
94,5,412,308,41,95,1,1,1
95,5,411,306,42,96,1,1,1
96,5,412,305,41,93,1,1,1
97,5,411,303,42,100,1,1,1
98,5,410,302,43,100,1,1,1
99,5,410,298,42,105,1,1,1
100,5,409,297,42,105,1,1,1
101,5,409,296,42,105,1,1,1
102,5,408,295,43,107,1,1,1
103,5,407,293,44,109,1,1,1
104,5,407,290,44,112,1,1,1
105,5,407,290,41,102,1,1,1
106,5,406,288,41,102,1,1,1
107,5,406,286,41,101,1,1,1
108,5,406,284,40,101,1,1,1
109,5,409,282,38,92,1,1,1
110,5,409,280,37,94,1,1,1
111,5,409,279,38,94,1,1,1
112,5,408,276,39,95,1,1,1
113,5,408,275,39,95,1,1,1
114,5,408,274,39,96,1,1,1
115,5,408,271,40,99,1,1,1
116,5,408,271,38,101,1,1,1
117,5,408,271,38,101,1,1,1
118,5,411,269,35,101,1,1,1
119,5,411,268,35,102,1,1,1
120,5,411,267,35,100,1,1,1
121,5,411,266,36,101,1,1,1
122,5,411,264,37,99,1,1,1
123,5,411,262,37,101,1,1,1
124,5,410,259,36,104,1,1,1
125,5,410,258,37,96,1,1,1
126,5,410,256,37,94,1,1,1
127,5,410,254,38,95,1,1,1
128,5,409,251,39,94,1,1,1
129,5,408,249,41,96,1,1,1
130,5,408,247,41,98,1,1,1
131,5,411,246,37,97,1,1,1
132,5,411,245,37,98,1,1,1
133,5,410,244,38,99,1,1,1
134,5,409,241,40,102,1,1,1
135,5,409,241,37,100,1,1,1
136,5,409,245,37,94,1,1,1
137,5,409,244,37,94,1,1,1
138,5,408,243,38,94,1,1,1
139,5,408,241,38,94,1,1,1
140,5,407,240,36,92,1,1,1
141,5,407,238,36,93,1,1,1
142,5,406,236,37,94,1,1,1
143,5,406,235,37,92,1,1,1
144,5,405,233,38,86,1,1,1
145,5,405,232,39,83,1,1,1
146,5,409,229,33,84,1,1,1
147,5,409,228,33,87,1,1,1
148,5,409,227,34,88,1,1,1
149,5,409,226,34,89,1,1,1
150,5,408,225,33,89,1,1,1
151,5,409,222,32,93,1,1,1
152,5,409,222,32,93,1,1,1
153,5,409,220,32,95,1,1,1
154,5,409,219,33,94,1,1,1
155,5,409,218,32,93,1,1,1
156,5,409,217,32,93,1,1,1
157,5,409,216,33,94,1,1,1
158,5,411,215,30,91,1,1,1
159,5,411,213,31,88,1,1,1
160,5,411,211,31,82,1,1,1
161,5,411,210,31,82,1,1,1
162,5,412,208,30,84,1,1,1
163,5,412,206,31,86,1,1,1
164,5,412,204,32,87,1,1,1
165,5,412,204,33,87,1,1,1
166,5,412,204,33,87,1,1,1
167,5,412,203,33,88,1,1,1
168,5,414,202,30,88,1,1,1
169,5,414,202,30,88,1,1,1
170,5,414,199,31,90,1,1,1
171,5,414,199,31,90,1,1,1
172,5,414,198,32,91,1,1,1
173,5,414,195,32,89,1,1,1
174,5,414,194,30,90,1,1,1
175,5,414,193,31,84,1,1,1
176,5,414,192,31,85,1,1,1
177,5,414,190,32,85,1,1,1
178,5,414,189,32,85,1,1,1
179,5,414,188,33,86,1,1,1
180,5,414,187,33,82,1,1,1
181,5,414,186,33,83,1,1,1
182,5,414,186,34,83,1,1,1
183,5,416,184,33,85,1,1,1
184,5,416,183,33,86,1,1,1
185,5,417,183,33,86,1,1,1
186,5,418,182,33,87,1,1,1
187,5,419,182,32,87,1,1,1
188,5,419,181,33,88,1,1,1
189,5,419,180,34,85,1,1,1
190,5,419,179,35,84,1,1,1
191,5,419,178,35,82,1,1,1
192,5,419,176,36,81,1,1,1
193,5,419,175,36,79,1,1,1
194,5,424,174,35,80,1,1,1
195,5,424,173,36,82,1,1,1
196,5,424,172,36,83,1,1,1
197,5,425,172,35,81,1,1,1
198,5,424,170,37,83,1,1,1
199,5,426,169,35,84,1,1,1
200,5,426,168,35,84,1,1,1
201,5,426,168,35,85,1,1,1
202,5,426,168,35,84,1,1,1
203,5,428,167,32,85,1,1,1
204,5,428,166,32,84,1,1,1
205,5,428,165,32,84,1,1,1
206,5,428,164,32,87,1,1,1
207,5,427,162,33,81,1,1,1
208,5,427,160,34,81,1,1,1
209,5,427,159,34,79,1,1,1
210,5,427,158,35,77,1,1,1
211,5,427,156,33,79,1,1,1
212,5,427,155,33,80,1,1,1
213,5,427,154,33,80,1,1,1
214,5,426,153,34,80,1,1,1
215,5,426,152,34,82,1,1,1
216,5,426,152,34,81,1,1,1
217,5,426,152,34,82,1,1,1
218,5,428,151,33,83,1,1,1
219,5,428,151,33,83,1,1,1
220,5,428,150,33,81,1,1,1
221,5,428,150,33,79,1,1,1
222,5,428,149,33,79,1,1,1
223,5,430,148,31,76,1,1,1
224,5,430,147,32,76,1,1,1
225,5,432,145,30,74,1,1,1
226,5,430,143,32,75,1,1,1
227,5,430,142,32,75,1,1,1
228,5,431,141,31,74,1,1,1
229,5,431,140,31,75,1,1,1
230,5,431,140,31,74,1,1,1
231,5,431,139,31,77,1,1,1
232,5,431,139,31,76,1,1,1
233,5,431,139,31,77,1,1,1
234,5,430,138,32,77,1,1,1
235,5,432,136,29,80,1,1,1
236,5,432,136,29,80,1,1,1
237,5,432,134,29,80,1,1,1
238,5,432,134,29,80,1,1,1
239,5,431,132,30,79,1,1,1
240,5,431,132,30,77,1,1,1
241,5,431,131,31,72,1,1,1
242,5,431,130,29,70,1,1,1
243,5,431,129,29,70,1,1,1
244,5,431,127,29,73,1,1,1
245,5,431,126,29,72,1,1,1
246,5,431,125,29,75,1,1,1
247,5,431,125,29,75,1,1,1
248,5,431,125,29,75,1,1,1
249,5,431,124,29,75,1,1,1
250,5,431,124,29,75,1,1,1
251,5,431,123,30,76,1,1,1
252,5,432,123,28,76,1,1,1
253,5,432,123,28,74,1,1,1
254,5,432,122,28,75,1,1,1
255,5,431,121,29,74,1,1,1
256,5,433,119,27,76,1,1,1
257,5,433,118,27,76,1,1,1
258,5,432,116,29,74,1,1,1
259,5,432,115,29,72,1,1,1
260,5,432,115,29,70,1,1,1
261,5,432,115,28,70,1,1,1
262,5,432,114,28,70,1,1,1
263,5,432,114,28,72,1,1,1
264,5,431,112,28,73,1,1,1
265,5,431,112,28,73,1,1,1
266,5,431,111,28,74,1,1,1
267,5,430,111,29,73,1,1,1
268,5,429,111,29,73,1,1,1
269,5,429,110,29,74,1,1,1
270,5,428,109,28,75,1,1,1
271,5,428,108,28,76,1,1,1
272,5,427,107,28,73,1,1,1
273,5,427,106,28,73,1,1,1
274,5,426,106,28,73,1,1,1
275,5,426,105,29,74,1,1,1
276,5,426,102,26,72,1,1,1
277,5,425,102,27,72,1,1,1
278,5,425,100,27,75,1,1,1
279,5,425,101,27,71,1,1,1
280,5,425,101,26,70,1,1,1
281,5,425,101,26,70,1,1,1
282,5,423,100,28,72,1,1,1
283,5,423,100,28,72,1,1,1
284,5,422,99,28,73,1,1,1
285,5,422,99,28,73,1,1,1
286,5,422,99,27,71,1,1,1
287,5,422,98,26,73,1,1,1
288,5,422,98,26,71,1,1,1
289,5,421,97,26,72,1,1,1
290,5,421,96,27,73,1,1,1
291,5,421,95,26,69,1,1,1
292,5,420,94,26,69,1,1,1
293,5,420,93,27,68,1,1,1
294,5,420,92,25,67,1,1,1
295,5,420,91,25,67,1,1,1
296,5,420,91,25,67,1,1,1
297,5,417,89,27,67,1,1,1
298,5,417,90,26,66,1,1,1
299,5,414,90,29,66,1,1,1
300,5,413,89,29,69,1,1,1
301,5,412,89,29,69,1,1,1
302,5,411,89,30,69,1,1,1
303,5,411,88,29,70,1,1,1
304,5,410,87,29,69,1,1,1
305,5,409,87,30,67,1,1,1
306,5,409,86,29,68,1,1,1
307,5,407,85,31,69,1,1,1
308,5,411,84,25,68,1,1,1
309,5,410,83,25,68,1,1,1
310,5,410,82,25,66,1,1,1
311,5,409,81,25,67,1,1,1
312,5,409,80,25,67,1,1,1
313,5,408,79,26,68,1,1,1
314,5,408,79,26,68,1,1,1
315,5,407,78,27,69,1,1,1
316,5,407,79,25,66,1,1,1
317,5,407,79,25,66,1,1,1
318,5,407,79,25,66,1,1,1
319,5,406,78,25,67,1,1,1
320,5,406,78,25,67,1,1,1
321,5,406,78,25,66,1,1,1
322,5,406,77,25,67,1,1,1
323,5,406,77,26,66,1,1,1
324,5,406,75,26,67,1,1,1
325,5,406,75,26,67,1,1,1
326,5,406,74,26,67,1,1,1
327,5,406,74,26,64,1,1,1
328,5,406,73,26,64,1,1,1
329,5,406,73,27,63,1,1,1
330,5,406,72,27,61,1,1,1
331,5,406,72,25,60,1,1,1
332,5,406,69,25,65,1,1,1
333,5,406,69,25,65,1,1,1
334,5,405,69,26,65,1,1,1
335,5,405,69,26,65,1,1,1
336,5,405,68,26,68,1,1,1
337,5,405,68,26,68,1,1,1
338,5,405,68,25,66,1,1,1
339,5,405,67,25,67,1,1,1
340,5,404,67,26,67,1,1,1
341,5,404,67,25,64,1,1,1
342,5,404,66,25,65,1,1,1
343,5,404,65,25,66,1,1,1
344,5,403,64,24,63,1,1,1
345,5,403,64,24,62,1,1,1
346,5,403,63,25,63,1,1,1
347,5,403,63,25,63,1,1,1
348,5,402,61,25,64,1,1,1
349,5,402,60,26,66,1,1,1
350,5,402,60,26,66,1,1,1
351,5,402,60,26,66,1,1,1
352,5,402,60,25,66,1,1,1
353,5,402,60,25,66,1,1,1
354,5,402,59,25,66,1,1,1
355,5,402,59,25,66,1,1,1
356,5,402,59,25,67,1,1,1
357,5,402,58,26,67,1,1,1
358,5,402,57,26,68,1,1,1
359,5,404,58,22,63,1,1,1
360,5,404,58,22,63,1,1,1
361,5,404,57,23,62,1,1,1
362,5,404,56,23,63,1,1,1
363,5,403,56,24,61,1,1,1
364,5,403,55,24,60,1,1,1
365,5,403,55,24,60,1,1,1
366,5,403,54,24,61,1,1,1
367,5,403,54,23,61,1,1,1
368,5,403,54,24,61,1,1,1
369,5,403,54,23,59,1,1,1
370,5,402,53,24,62,1,1,1
371,5,403,52,23,62,1,1,1
372,5,403,52,23,62,1,1,1
373,5,402,52,23,62,1,1,1
374,5,402,51,23,63,1,1,1
375,5,402,51,23,63,1,1,1
376,5,401,50,24,64,1,1,1
377,5,401,49,24,63,1,1,1
378,5,401,48,24,64,1,1,1
379,5,400,47,25,65,1,1,1
380,5,400,46,25,66,1,1,1
381,5,400,45,23,62,1,1,1
382,5,400,45,23,62,1,1,1
383,5,400,46,23,60,1,1,1
384,5,400,46,23,60,1,1,1
385,5,400,45,23,60,1,1,1
386,5,400,45,23,61,1,1,1
387,5,400,45,23,61,1,1,1
388,5,400,45,23,61,1,1,1
389,5,400,45,23,60,1,1,1
390,5,400,45,23,60,1,1,1
391,5,400,44,24,61,1,1,1
392,5,400,44,24,61,1,1,1
393,5,401,44,23,61,1,1,1
394,5,401,43,23,60,1,1,1
395,5,401,43,23,60,1,1,1
396,5,401,41,23,59,1,1,1
397,5,401,41,23,59,1,1,1
398,5,401,40,23,57,1,1,1
399,5,401,39,24,61,1,1,1
400,5,402,39,23,59,1,1,1
401,5,402,39,23,58,1,1,1
402,5,402,39,23,58,1,1,1
403,5,402,38,23,59,1,1,1
404,5,402,38,23,59,1,1,1
405,5,403,38,22,59,1,1,1
406,5,403,38,22,59,1,1,1
407,5,403,38,22,59,1,1,1
408,5,403,38,22,59,1,1,1
409,5,403,38,22,58,1,1,1
410,5,403,38,22,59,1,1,1
411,5,403,37,22,59,1,1,1
412,5,403,36,22,60,1,1,1
413,5,403,36,21,59,1,1,1
414,5,403,35,21,58,1,1,1
415,5,403,35,21,58,1,1,1
416,5,403,34,22,57,1,1,1
417,5,403,33,21,57,1,1,1
418,5,403,33,21,57,1,1,1
419,5,403,33,21,57,1,1,1
420,5,403,32,22,58,1,1,1
421,5,403,32,22,58,1,1,1
422,5,403,32,22,58,1,1,1
423,5,403,31,22,58,1,1,1
424,5,404,31,22,58,1,1,1
425,5,404,31,22,59,1,1,1
426,5,404,32,22,55,1,1,1
427,5,404,31,23,58,1,1,1
428,5,405,31,21,56,1,1,1
429,5,404,30,23,58,1,1,1
430,5,404,30,23,58,1,1,1
431,5,404,29,23,61,1,1,1
432,5,406,29,22,56,1,1,1
433,5,406,28,22,56,1,1,1
434,5,406,28,22,56,1,1,1
435,5,406,27,22,56,1,1,1
436,5,407,27,21,55,1,1,1
437,5,407,27,21,54,1,1,1
438,5,407,26,21,56,1,1,1
439,5,407,26,22,56,1,1,1
440,5,407,26,21,55,1,1,1
441,5,407,26,21,55,1,1,1
442,5,407,26,21,54,1,1,1
443,5,408,26,21,54,1,1,1
444,5,408,25,21,57,1,1,1
445,5,408,26,21,54,1,1,1
446,5,408,25,21,55,1,1,1
447,5,408,25,21,54,1,1,1
448,5,408,24,21,56,1,1,1
449,5,408,24,21,56,1,1,1
450,5,408,23,21,57,1,1,1
451,5,407,22,22,58,1,1,1
452,5,407,22,22,58,1,1,1
453,5,407,20,22,60,1,1,1
454,5,407,20,23,60,1,1,1
455,5,407,19,23,61,1,1,1
456,5,408,19,22,56,1,1,1
457,5,408,19,22,56,1,1,1
458,5,408,19,22,56,1,1,1
459,5,408,19,23,56,1,1,1
460,5,408,19,23,55,1,1,1
461,5,408,19,23,55,1,1,1
462,5,408,19,23,56,1,1,1
463,5,409,19,22,55,1,1,1
464,5,409,18,22,56,1,1,1
465,5,410,18,22,55,1,1,1
466,5,411,18,21,54,1,1,1
467,5,411,17,21,54,1,1,1
468,5,411,17,21,53,1,1,1
469,5,411,16,22,55,1,1,1
470,5,411,15,22,55,1,1,1
471,5,411,15,22,55,1,1,1
472,5,411,14,22,55,1,1,1
473,5,411,14,22,55,1,1,1
474,5,412,14,21,55,1,1,1
475,5,412,14,21,53,1,1,1
476,5,412,14,21,53,1,1,1
477,5,412,13,21,55,1,1,1
478,5,412,14,21,54,1,1,1
479,5,412,13,21,54,1,1,1
480,5,412,13,21,54,1,1,1
481,5,412,14,20,50,1,1,1
482,5,412,13,21,53,1,1,1
483,5,412,13,21,53,1,1,1
484,5,412,12,21,53,1,1,1
485,5,411,12,21,52,1,1,1
486,5,411,11,21,53,1,1,1
487,5,410,11,22,53,1,1,1
488,5,411,11,21,51,1,1,1
489,5,411,10,21,52,1,1,1
490,5,411,9,21,53,1,1,1
491,5,411,9,21,52,1,1,1
492,5,411,9,21,53,1,1,1
493,5,411,9,21,53,1,1,1
494,5,411,8,21,53,1,1,1
495,5,412,9,21,52,1,1,1
496,5,412,9,21,51,1,1,1
497,5,411,8,21,55,1,1,1
498,5,411,8,21,55,1,1,1
499,5,411,8,21,54,1,1,1
500,5,412,8,20,55,1,1,1
501,5,412,7,21,56,1,1,1
502,5,412,8,21,52,1,1,1
503,5,414,8,19,52,1,1,1
504,5,414,7,20,52,1,1,1
505,5,414,7,20,50,1,1,1
506,5,414,6,20,50,1,1,1
507,5,414,6,20,51,1,1,1
508,5,414,6,21,51,1,1,1
509,5,415,5,20,50,1,1,1
510,5,414,4,21,53,1,1,1
511,5,415,4,20,51,1,1,1
512,5,414,4,21,52,1,1,1
513,5,415,4,21,50,1,1,1
514,5,414,4,21,52,1,1,1
515,5,414,4,21,52,1,1,1
516,5,415,4,20,49,1,1,1
517,5,416,4,20,52,1,1,1
518,5,416,4,20,52,1,1,1
519,5,416,3,20,52,1,1,1
520,5,416,2,20,53,1,1,1
521,5,416,2,20,53,1,1,1
522,5,416,2,20,53,1,1,1
523,5,416,1,19,51,1,1,1
524,5,416,1,19,51,1,1,1
525,5,416,0,19,52,1,1,1
526,5,416,0,19,53,1,1,1
527,5,416,-1,20,54,1,1,1
528,5,416,-1,20,52,1,1,1
529,5,416,-1,20,52,1,1,1
530,5,416,-1,20,52,1,1,1
531,5,416,-2,20,52,1,1,1
532,5,416,-1,20,51,1,1,1
533,5,416,-1,20,51,1,1,1
534,5,417,-1,19,51,1,1,1
535,5,417,-1,19,51,1,1,1
536,5,417,-1,20,51,1,1,1
537,5,417,-1,20,51,1,1,1
538,5,417,-2,20,52,1,1,1
539,5,418,-2,20,52,1,1,1
540,5,418,-3,20,53,1,1,1
541,5,419,-3,19,52,1,1,1
542,5,418,-4,21,54,1,1,1
543,5,419,-4,20,52,1,1,1
544,5,420,-4,19,53,1,1,1
545,5,420,-5,19,54,1,1,1
546,5,422,-5,18,51,1,1,1
547,5,422,-5,18,51,1,1,1
548,5,422,-5,18,50,1,1,1
549,5,422,-5,18,51,1,1,1
550,5,422,-5,18,51,1,1,1
551,5,422,-5,18,51,1,1,1
552,5,422,-5,18,51,1,1,1
553,5,422,-5,18,50,1,1,1
554,5,422,-5,18,50,1,1,1
555,5,422,-5,18,50,1,1,1
556,5,422,-5,18,50,1,1,1
557,5,423,-6,18,51,1,1,1
558,5,423,-6,18,51,1,1,1
559,5,423,-6,18,51,1,1,1
560,5,423,-7,18,52,1,1,1
561,5,423,-8,19,50,1,1,1
562,5,423,-8,19,50,1,1,1
563,5,423,-9,19,51,1,1,1
564,5,423,-9,19,51,1,1,1
565,5,423,-9,19,50,1,1,1
566,5,425,-10,17,52,1,1,1
567,5,425,-10,17,52,1,1,1
568,5,425,-10,18,52,1,1,1
569,5,425,-10,18,52,1,1,1
570,5,425,-10,18,52,1,1,1
571,5,426,-9,17,49,1,1,1
572,5,426,-9,17,49,1,1,1
573,5,426,-9,18,49,1,1,1
574,5,426,-10,18,50,1,1,1
575,5,427,-10,18,50,1,1,1
576,5,428,-11,17,51,1,1,1
577,5,428,-11,17,51,1,1,1
578,5,428,-11,18,51,1,1,1
579,5,429,-13,18,53,1,1,1
580,5,428,-14,18,54,1,1,1
581,5,428,-14,19,49,1,1,1
582,5,428,-14,19,49,1,1,1
583,5,428,-14,19,49,1,1,1
584,5,431,-14,16,49,1,1,1
585,5,431,-14,16,49,1,1,1
586,5,431,-14,16,49,1,1,1
587,5,431,-14,16,49,1,1,1
588,5,431,-14,16,49,1,1,1
589,5,431,-14,16,49,1,1,1
590,5,431,-14,17,49,1,1,1
591,5,431,-15,17,50,1,1,1
592,5,432,-14,16,48,1,1,1
593,5,431,-15,17,50,1,1,1
594,5,431,-15,17,50,1,1,1
595,5,432,-16,16,49,1,1,1
596,5,432,-16,16,48,1,1,1
597,5,432,-17,16,49,1,1,1
598,5,432,-17,16,49,1,1,1
599,5,432,-18,17,49,1,1,1
600,5,432,-18,16,49,1,1,1
601,5,433,-18,16,48,1,1,1
602,5,433,-18,16,48,1,1,1
603,5,434,-18,16,47,1,1,1
604,5,433,-18,16,48,1,1,1
605,5,433,-18,16,48,1,1,1
606,5,434,-18,16,48,1,1,1
607,5,435,-18,15,46,1,1,1
608,5,434,-18,16,48,1,1,1
609,5,435,-18,15,45,1,1,1
610,5,436,-18,15,46,1,1,1
611,5,436,-18,15,45,1,1,1
612,5,436,-19,15,46,1,1,1
613,5,437,-19,15,47,1,1,1
614,5,437,-20,15,47,1,1,1
615,5,437,-21,15,48,1,1,1
616,5,437,-21,15,48,1,1,1
617,5,438,-21,15,45,1,1,1
618,5,438,-21,15,46,1,1,1
619,5,438,-21,15,46,1,1,1
620,5,439,-21,14,45,1,1,1
621,5,439,-21,14,45,1,1,1
622,5,439,-21,14,45,1,1,1
623,5,439,-21,15,45,1,1,1
624,5,437,-22,16,49,1,1,1
625,5,437,-22,16,49,1,1,1
626,5,439,-21,16,44,1,1,1
627,5,439,-21,16,44,1,1,1
628,5,439,-22,16,45,1,1,1
629,5,439,-22,16,45,1,1,1
630,5,439,-23,17,46,1,1,1
