1,1,320,336,148,336,1,1,1
1,2,513,395,134,357,1,1,1
1,3,92,420,224,387,1,1,1
1,4,71,538,255,482,1,1,1
1,5,585,557,185,431,1,1,1
2,1,317,336,151,336,1,1,1
2,2,518,406,130,356,1,1,1
2,3,96,417,224,387,1,1,1
2,4,90,532,235,482,1,1,1
2,5,595,550,185,431,1,1,1
3,1,316,334,151,336,1,1,1
3,2,518,405,134,354,1,1,1
3,3,94,417,224,387,1,1,1
3,4,90,529,235,482,1,1,1
3,5,599,540,185,431,1,1,1
4,1,321,335,144,328,1,1,1
4,2,518,406,134,356,1,1,1
4,3,95,421,224,387,1,1,1
4,4,88,528,235,482,1,1,1
4,5,602,543,185,431,1,1,1
5,1,320,331,144,332,1,1,1
5,2,517,405,134,357,1,1,1
5,3,88,420,224,387,1,1,1
5,4,112,540,213,475,1,1,1
5,5,616,544,179,425,1,1,1
6,1,333,331,137,337,1,1,1
6,2,518,411,120,349,1,1,1
6,3,92,421,224,387,1,1,1
6,4,114,540,213,475,1,1,1
6,5,620,547,179,425,1,1,1
7,1,324,329,146,337,1,1,1
7,2,510,401,136,363,1,1,1
7,3,93,422,224,387,1,1,1
7,4,119,537,213,475,1,1,1
7,5,622,547,184,425,1,1,1
8,1,321,332,146,337,1,1,1
8,2,514,404,136,363,1,1,1
8,4,126,536,213,475,1,1,1
8,5,625,544,184,425,1,1,1
8,3,93,426,221,391,1,1,1
9,1,329,332,137,337,1,1,1
9,2,517,410,136,363,1,1,1
9,4,137,536,202,475,1,1,1
9,5,630,541,184,425,1,1,1
9,3,92,429,221,391,1,1,1
10,1,325,332,137,337,1,1,1
10,2,516,411,127,363,1,1,1
10,3,94,430,221,391,1,1,1
10,4,145,537,213,483,1,1,1
10,5,630,543,193,424,1,1,1
11,1,323,332,142,337,1,1,1
11,2,524,410,119,373,1,1,1
11,3,88,420,221,391,1,1,1
11,4,148,537,226,484,1,1,1
11,5,631,542,193,424,1,1,1
12,1,321,333,142,337,1,1,1
12,2,525,414,119,373,1,1,1
12,3,83,421,230,404,1,1,1
12,4,154,535,236,483,1,1,1
12,5,628,543,197,424,1,1,1
13,1,318,332,142,337,1,1,1
13,2,523,413,119,373,1,1,1
13,3,82,418,229,417,1,1,1
13,4,157,535,244,485,1,1,1
13,5,629,544,197,424,1,1,1
14,1,318,333,142,337,1,1,1
14,2,522,414,115,351,1,1,1
14,3,79,419,229,417,1,1,1
14,4,164,537,244,485,1,1,1
14,5,630,540,197,424,1,1,1
15,1,315,333,142,337,1,1,1
15,2,522,404,115,366,1,1,1
15,3,74,420,229,417,1,1,1
15,4,169,533,244,485,1,1,1
15,5,630,546,197,424,1,1,1
16,1,314,333,143,337,1,1,1
16,2,521,409,115,355,1,1,1
16,3,69,411,229,417,1,1,1
16,4,172,542,244,485,1,1,1
16,5,626,533,197,424,1,1,1
17,1,311,333,143,337,1,1,1
17,2,514,406,119,360,1,1,1
17,3,64,411,245,419,1,1,1
17,4,174,543,244,485,1,1,1
17,5,624,536,197,424,1,1,1
18,1,309,333,143,337,1,1,1
18,2,514,412,119,360,1,1,1
18,3,64,414,245,419,1,1,1
18,4,177,543,244,485,1,1,1
18,5,617,534,199,426,1,1,1
19,1,306,332,143,337,1,1,1
19,2,511,415,115,350,1,1,1
19,3,63,405,256,430,1,1,1
19,4,175,544,244,485,1,1,1
19,5,619,547,199,426,1,1,1
20,1,302,334,143,337,1,1,1
20,2,511,419,115,350,1,1,1
20,3,58,408,243,430,1,1,1
20,4,180,541,224,485,1,1,1
20,5,616,536,199,426,1,1,1
21,1,301,332,143,337,1,1,1
21,2,507,418,115,350,1,1,1
21,3,54,411,243,430,1,1,1
21,4,184,536,224,485,1,1,1
21,5,619,536,185,427,1,1,1
22,1,298,332,143,337,1,1,1
22,2,505,418,115,350,1,1,1
22,3,47,416,243,430,1,1,1
22,4,183,540,224,485,1,1,1
22,5,621,542,185,427,1,1,1
23,1,306,332,133,337,1,1,1
23,2,502,417,115,350,1,1,1
23,3,46,418,242,416,1,1,1
23,4,190,539,212,479,1,1,1
23,5,619,549,176,418,1,1,1
24,1,305,333,128,337,1,1,1
24,2,501,418,115,350,1,1,1
24,3,46,423,239,417,1,1,1
24,4,196,539,212,479,1,1,1
24,5,625,555,176,418,1,1,1
25,1,300,333,128,337,1,1,1
25,2,499,415,115,350,1,1,1
25,3,46,418,239,417,1,1,1
25,4,202,546,200,479,1,1,1
25,5,625,551,176,418,1,1,1
26,1,300,333,128,337,1,1,1
26,2,496,419,115,350,1,1,1
26,3,39,422,244,411,1,1,1
26,4,201,539,197,480,1,1,1
26,5,627,554,176,418,1,1,1
27,1,297,333,128,337,1,1,1
27,2,496,418,115,350,1,1,1
27,3,32,429,244,411,1,1,1
27,4,205,543,197,480,1,1,1
27,5,630,546,176,418,1,1,1
28,1,296,332,128,337,1,1,1
28,2,493,405,115,365,1,1,1
28,3,30,416,244,411,1,1,1
28,4,215,545,197,480,1,1,1
28,5,632,553,176,418,1,1,1
29,1,297,333,128,337,1,1,1
29,2,489,408,119,365,1,1,1
29,3,32,417,234,418,1,1,1
29,4,213,548,197,480,1,1,1
29,5,627,554,190,418,1,1,1
30,1,297,332,128,337,1,1,1
30,2,490,410,119,365,1,1,1
30,3,33,423,229,409,1,1,1
30,4,220,542,218,477,1,1,1
30,5,631,547,190,418,1,1,1
31,1,295,330,128,337,1,1,1
31,2,489,409,119,365,1,1,1
31,3,31,419,229,417,1,1,1
31,4,227,545,236,476,1,1,1
31,5,631,551,190,418,1,1,1
32,1,298,337,122,321,1,1,1
32,2,488,412,119,365,1,1,1
32,3,30,417,230,419,1,1,1
32,4,231,548,255,474,1,1,1
32,5,637,553,190,418,1,1,1
33,1,298,334,122,321,1,1,1
33,2,490,427,113,348,1,1,1
33,3,29,423,230,419,1,1,1
33,4,236,549,270,474,1,1,1
33,5,631,549,204,418,1,1,1
34,1,296,331,122,321,1,1,1
34,2,485,420,119,365,1,1,1
34,3,30,423,230,419,1,1,1
34,4,241,556,278,465,1,1,1
34,5,636,552,216,418,1,1,1
35,1,294,330,122,321,1,1,1
35,2,485,420,119,365,1,1,1
35,3,27,418,230,419,1,1,1
35,4,252,553,277,471,1,1,1
35,5,639,553,216,418,1,1,1
36,1,293,327,122,321,1,1,1
36,2,484,421,119,365,1,1,1
36,3,34,424,230,419,1,1,1
36,4,263,557,269,465,1,1,1
36,5,636,550,221,418,1,1,1
37,1,288,320,128,337,1,1,1
37,2,484,417,113,365,1,1,1
37,3,29,418,230,419,1,1,1
37,4,267,557,264,465,1,1,1
37,5,643,551,213,418,1,1,1
38,1,287,319,128,337,1,1,1
38,2,472,412,127,365,1,1,1
38,3,26,410,230,419,1,1,1
38,4,273,555,264,465,1,1,1
38,5,649,550,213,418,1,1,1
39,1,284,314,128,337,1,1,1
39,2,478,413,127,365,1,1,1
39,3,23,423,235,420,1,1,1
39,4,279,553,264,465,1,1,1
39,5,653,552,213,418,1,1,1
40,1,280,311,134,354,1,1,1
40,2,478,414,127,365,1,1,1
40,3,29,430,235,420,1,1,1
40,4,291,552,241,465,1,1,1
40,5,656,555,213,418,1,1,1
41,1,279,310,134,354,1,1,1
41,2,478,413,127,365,1,1,1
41,3,21,422,235,420,1,1,1
41,4,296,554,241,465,1,1,1
41,5,658,553,213,418,1,1,1
42,1,280,311,134,354,1,1,1
42,2,477,410,127,365,1,1,1
42,3,24,425,235,420,1,1,1
42,4,290,541,241,483,1,1,1
42,5,658,551,213,418,1,1,1
43,1,279,312,134,354,1,1,1
43,2,477,413,127,365,1,1,1
43,3,28,423,235,420,1,1,1
43,4,314,538,216,485,1,1,1
43,5,660,553,213,418,1,1,1
44,1,278,313,134,354,1,1,1
44,2,475,412,127,365,1,1,1
44,3,27,420,235,420,1,1,1
44,4,318,541,210,485,1,1,1
44,5,681,554,194,418,1,1,1
45,1,278,315,134,354,1,1,1
45,2,476,412,127,365,1,1,1
45,3,25,426,235,420,1,1,1
45,4,329,544,205,485,1,1,1
45,5,680,547,194,418,1,1,1
46,1,279,318,134,354,1,1,1
46,2,475,413,127,368,1,1,1
46,3,21,419,235,420,1,1,1
46,4,343,547,186,485,1,1,1
46,5,687,546,197,418,1,1,1
47,1,281,320,134,354,1,1,1
47,2,477,412,127,365,1,1,1
47,3,24,427,235,412,1,1,1
47,4,342,540,186,485,1,1,1
47,5,694,549,197,418,1,1,1
48,1,282,321,134,354,1,1,1
48,2,478,410,127,365,1,1,1
48,3,25,428,235,412,1,1,1
48,4,357,544,172,485,1,1,1
48,5,697,548,197,418,1,1,1
49,1,282,323,134,354,1,1,1
49,2,478,407,127,365,1,1,1
49,3,21,423,235,412,1,1,1
49,4,362,546,168,485,1,1,1
49,5,701,555,197,418,1,1,1
50,1,281,323,134,354,1,1,1
50,2,473,406,133,365,1,1,1
50,3,25,424,235,412,1,1,1
50,4,368,554,168,485,1,1,1
50,5,706,554,197,418,1,1,1
51,1,286,332,128,337,1,1,1
51,2,470,405,138,365,1,1,1
51,3,25,426,235,412,1,1,1
51,4,378,555,168,485,1,1,1
51,5,705,553,197,418,1,1,1
52,1,285,331,128,337,1,1,1
52,2,472,407,138,365,1,1,1
52,3,22,434,235,412,1,1,1
52,4,380,557,189,490,1,1,1
52,5,713,552,199,435,1,1,1
53,1,285,332,128,337,1,1,1
53,2,474,403,138,365,1,1,1
53,3,26,422,231,413,1,1,1
53,4,388,556,199,491,1,1,1
53,5,715,552,199,435,1,1,1
54,1,285,331,128,337,1,1,1
54,2,476,401,138,365,1,1,1
54,3,26,429,231,413,1,1,1
54,4,398,557,199,491,1,1,1
54,5,712,553,199,435,1,1,1
55,1,285,332,128,337,1,1,1
55,2,479,407,131,348,1,1,1
55,3,25,418,231,413,1,1,1
55,4,400,559,215,490,1,1,1
55,5,722,559,200,435,1,1,1
56,1,285,332,128,337,1,1,1
56,2,465,403,148,348,1,1,1
56,3,22,426,231,413,1,1,1
56,4,405,561,215,490,1,1,1
56,5,720,559,200,435,1,1,1
57,1,287,330,128,337,1,1,1
57,2,458,409,148,348,1,1,1
57,3,25,422,231,413,1,1,1
57,4,413,564,215,490,1,1,1
57,5,728,564,200,435,1,1,1
58,1,286,329,128,337,1,1,1
58,2,460,410,148,348,1,1,1
58,3,25,423,231,413,1,1,1
58,4,418,565,215,490,1,1,1
58,5,733,565,200,435,1,1,1
59,1,287,330,128,337,1,1,1
59,2,461,414,148,348,1,1,1
59,3,27,424,231,413,1,1,1
59,4,421,564,215,490,1,1,1
59,5,735,565,200,435,1,1,1
60,1,287,330,128,337,1,1,1
60,2,461,409,148,348,1,1,1
60,3,26,418,231,413,1,1,1
60,4,426,569,215,490,1,1,1
60,5,741,571,200,435,1,1,1
61,1,290,336,131,331,1,1,1
61,2,462,408,148,348,1,1,1
61,3,27,422,231,413,1,1,1
61,4,438,563,196,497,1,1,1
61,5,750,569,200,435,1,1,1
62,1,286,333,131,331,1,1,1
62,2,462,409,148,348,1,1,1
62,3,28,417,226,424,1,1,1
62,4,446,567,186,497,1,1,1
62,5,747,565,200,435,1,1,1
63,1,286,331,131,331,1,1,1
63,2,464,409,148,348,1,1,1
63,3,29,419,226,424,1,1,1
63,4,458,563,186,497,1,1,1
63,5,751,559,205,448,1,1,1
64,1,287,332,131,331,1,1,1
64,2,463,414,148,348,1,1,1
64,3,32,413,226,424,1,1,1
64,4,461,564,186,497,1,1,1
64,5,757,558,205,448,1,1,1
65,1,286,332,131,331,1,1,1
65,2,465,416,148,348,1,1,1
65,3,26,422,226,424,1,1,1
65,4,465,562,186,497,1,1,1
65,5,760,562,205,448,1,1,1
66,1,286,331,131,331,1,1,1
66,2,462,409,155,365,1,1,1
66,3,30,419,226,424,1,1,1
66,4,474,563,186,497,1,1,1
66,5,770,567,205,448,1,1,1
67,1,286,332,131,331,1,1,1
67,2,459,411,131,365,1,1,1
67,3,29,422,226,424,1,1,1
67,4,477,565,186,497,1,1,1
67,5,760,564,205,448,1,1,1
68,1,288,330,131,331,1,1,1
68,2,459,411,131,365,1,1,1
68,3,25,422,230,424,1,1,1
68,4,487,567,186,497,1,1,1
68,5,766,560,205,448,1,1,1
69,1,286,330,131,331,1,1,1
69,2,459,411,131,339,1,1,1
69,3,24,418,230,424,1,1,1
69,4,496,566,186,497,1,1,1
69,5,783,563,185,448,1,1,1
70,1,288,339,150,329,1,1,1
70,2,452,419,131,326,1,1,1
70,3,27,422,230,424,1,1,1
70,4,508,563,191,497,1,1,1
70,5,786,563,178,448,1,1,1
71,1,291,338,127,329,1,1,1
71,2,456,414,120,340,1,1,1
71,3,25,417,230,424,1,1,1
71,4,517,560,211,497,1,1,1
71,5,790,559,178,448,1,1,1
72,1,289,333,127,329,1,1,1
72,2,437,417,140,340,1,1,1
72,3,31,423,230,424,1,1,1
72,4,516,569,232,497,1,1,1
72,5,802,562,190,448,1,1,1
73,1,289,333,127,329,1,1,1
73,2,432,411,140,340,1,1,1
73,3,24,417,230,424,1,1,1
73,4,524,568,249,497,1,1,1
73,5,801,566,207,448,1,1,1
74,1,289,333,127,329,1,1,1
74,2,432,416,165,340,1,1,1
74,3,29,422,230,424,1,1,1
74,4,538,567,249,497,1,1,1
74,5,811,570,207,448,1,1,1
75,1,290,335,127,329,1,1,1
75,2,429,418,166,340,1,1,1
75,3,30,421,230,424,1,1,1
75,4,545,568,249,497,1,1,1
75,5,816,571,215,448,1,1,1
76,1,293,339,126,329,1,1,1
76,2,428,421,166,340,1,1,1
76,3,29,423,230,424,1,1,1
76,4,546,573,249,497,1,1,1
76,5,825,565,215,448,1,1,1
77,1,291,336,126,329,1,1,1
77,2,425,421,166,340,1,1,1
77,3,27,416,230,424,1,1,1
77,4,555,574,249,497,1,1,1
77,5,838,574,208,436,1,1,1
78,1,290,330,130,337,1,1,1
78,2,426,423,166,340,1,1,1
78,3,30,425,230,424,1,1,1
78,4,563,570,249,497,1,1,1
78,5,833,571,208,436,1,1,1
79,1,288,330,130,337,1,1,1
79,2,423,424,166,340,1,1,1
79,3,29,420,230,424,1,1,1
79,4,573,574,225,497,1,1,1
79,5,847,571,188,436,1,1,1
80,1,288,328,130,337,1,1,1
80,2,422,425,166,340,1,1,1
80,3,30,422,230,424,1,1,1
80,4,583,575,218,497,1,1,1
80,5,849,568,188,436,1,1,1
81,1,287,328,130,337,1,1,1
81,2,419,425,166,340,1,1,1
81,3,32,419,230,424,1,1,1
81,4,586,578,218,497,1,1,1
81,5,856,570,188,436,1,1,1
82,1,286,329,130,337,1,1,1
82,2,416,425,166,340,1,1,1
82,3,31,416,230,424,1,1,1
82,4,592,570,218,497,1,1,1
82,5,854,568,188,436,1,1,1
83,1,287,329,130,337,1,1,1
83,2,412,428,178,340,1,1,1
83,3,29,419,230,424,1,1,1
83,4,593,574,218,497,1,1,1
83,5,859,569,188,436,1,1,1
84,1,288,329,147,337,1,1,1
84,2,407,411,180,351,1,1,1
84,3,29,414,230,424,1,1,1
84,4,620,569,190,497,1,1,1
84,5,869,565,188,436,1,1,1
85,1,283,329,158,337,1,1,1
85,2,402,421,180,351,1,1,1
85,3,22,422,244,414,1,1,1
85,4,631,572,173,497,1,1,1
85,5,872,563,188,436,1,1,1
86,1,279,331,158,337,1,1,1
86,2,401,410,180,363,1,1,1
86,3,32,419,228,415,1,1,1
86,4,640,579,173,497,1,1,1
86,5,880,570,188,436,1,1,1
87,1,278,333,158,337,1,1,1
87,2,397,413,180,374,1,1,1
87,3,34,421,228,415,1,1,1
87,4,645,575,173,497,1,1,1
87,5,900,572,188,436,1,1,1
88,1,279,332,158,337,1,1,1
88,2,394,423,180,374,1,1,1
88,3,35,425,228,415,1,1,1
88,5,904,577,188,436,1,1,1
88,4,656,574,177,506,1,1,1
89,1,279,332,158,337,1,1,1
89,2,392,427,180,351,1,1,1
89,3,31,418,228,415,1,1,1
89,4,658,582,173,497,1,1,1
89,5,904,566,199,451,1,1,1
90,1,280,333,167,337,1,1,1
90,2,389,428,180,356,1,1,1
90,4,664,583,176,499,1,1,1
90,3,29,419,229,414,1,1,1
90,5,916,574,188,453,1,1,1
91,1,283,341,171,321,1,1,1
91,2,385,430,180,374,1,1,1
91,4,677,582,175,498,1,1,1
91,5,918,565,200,472,1,1,1
91,3,32,420,234,411,1,1,1
92,1,283,341,170,321,1,1,1
92,2,384,422,180,382,1,1,1
92,5,923,563,200,472,1,1,1
92,3,32,418,234,411,1,1,1
92,4,676,581,201,499,1,1,1
93,1,291,347,169,316,1,1,1
93,2,389,431,142,374,1,1,1
93,4,693,579,189,498,1,1,1
93,5,930,566,208,472,1,1,1
93,3,33,420,234,411,1,1,1
94,1,293,354,169,316,1,1,1
94,2,388,423,142,389,1,1,1
94,4,700,586,189,498,1,1,1
94,5,933,575,208,472,1,1,1
94,3,37,418,234,411,1,1,1
95,1,300,348,171,316,1,1,1
95,2,386,434,142,389,1,1,1
95,4,704,584,189,498,1,1,1
95,5,941,580,208,472,1,1,1
95,3,34,419,234,411,1,1,1
96,1,312,347,171,316,1,1,1
96,2,383,430,142,389,1,1,1
96,4,707,583,189,498,1,1,1
96,5,941,575,227,466,1,1,1
96,3,36,423,234,411,1,1,1
97,1,316,351,176,329,1,1,1
97,2,379,439,146,389,1,1,1
97,4,713,584,189,498,1,1,1
97,5,945,576,227,466,1,1,1
97,3,37,417,234,411,1,1,1
98,1,316,339,176,329,1,1,1
98,2,380,432,146,394,1,1,1
98,4,723,582,174,498,1,1,1
98,5,952,576,227,466,1,1,1
98,3,40,416,234,411,1,1,1
99,1,322,342,176,329,1,1,1
99,2,373,436,150,398,1,1,1
99,4,729,582,174,498,1,1,1
99,5,956,579,227,466,1,1,1
99,3,38,417,234,411,1,1,1
100,1,319,344,176,329,1,1,1
100,2,370,441,150,398,1,1,1
100,4,736,582,174,498,1,1,1
100,5,962,582,238,466,1,1,1
100,3,41,415,234,411,1,1,1
101,1,319,341,162,329,1,1,1
101,2,337,444,177,398,1,1,1
101,4,740,606,166,474,1,1,1
101,5,962,583,238,466,1,1,1
101,3,41,416,234,411,1,1,1
102,1,320,334,162,329,1,1,1
102,2,325,432,194,405,1,1,1
102,4,748,603,166,474,1,1,1
102,5,967,584,238,466,1,1,1
102,3,43,421,234,411,1,1,1
103,1,327,342,144,330,1,1,1
103,2,309,438,202,402,1,1,1
103,4,751,606,166,474,1,1,1
103,5,971,580,238,466,1,1,1
103,3,47,420,234,411,1,1,1
104,1,331,335,144,330,1,1,1
104,2,303,435,202,402,1,1,1
104,4,756,606,166,474,1,1,1
104,5,960,590,238,466,1,1,1
104,3,41,422,234,411,1,1,1
105,1,327,337,144,330,1,1,1
105,2,292,444,202,402,1,1,1
105,4,760,605,166,474,1,1,1
105,5,981,585,215,466,1,1,1
105,3,45,418,234,411,1,1,1
106,1,334,341,144,330,1,1,1
106,2,287,445,202,402,1,1,1
106,4,768,603,173,474,1,1,1
106,5,988,591,193,466,1,1,1
106,3,46,418,217,414,1,1,1
107,1,331,338,144,330,1,1,1
107,2,281,440,202,402,1,1,1
107,4,771,606,180,474,1,1,1
107,5,993,585,193,466,1,1,1
107,3,48,410,217,414,1,1,1
108,1,332,338,144,330,1,1,1
108,2,266,435,202,402,1,1,1
108,4,767,606,180,474,1,1,1
108,5,986,584,193,466,1,1,1
108,3,50,419,206,414,1,1,1
109,1,324,345,165,335,1,1,1
109,2,261,441,202,402,1,1,1
109,4,769,606,180,474,1,1,1
109,5,997,597,165,448,1,1,1
109,3,47,415,206,414,1,1,1
110,1,310,340,184,335,1,1,1
110,2,258,447,202,402,1,1,1
110,4,781,608,180,474,1,1,1
110,5,1001,601,152,455,1,1,1
110,3,52,419,206,414,1,1,1
111,1,300,342,184,335,1,1,1
111,2,256,445,202,402,1,1,1
111,4,783,606,205,474,1,1,1
111,5,1000,604,182,455,1,1,1
111,3,52,413,206,414,1,1,1
112,1,341,344,164,334,1,1,1
112,2,255,446,202,402,1,1,1
112,4,791,603,205,474,1,1,1
112,5,1012,595,195,455,1,1,1
112,3,59,414,186,416,1,1,1
113,1,344,343,164,334,1,1,1
113,2,249,448,202,402,1,1,1
113,4,777,606,205,474,1,1,1
113,5,1016,613,207,432,1,1,1
113,3,60,412,186,416,1,1,1
114,1,351,344,164,334,1,1,1
114,2,253,447,202,402,1,1,1
114,4,801,606,205,474,1,1,1
114,5,1022,604,212,442,1,1,1
114,3,59,415,186,416,1,1,1
115,1,339,342,172,341,1,1,1
115,2,254,447,202,402,1,1,1
115,4,788,606,205,474,1,1,1
115,5,1023,600,212,442,1,1,1
115,3,63,410,180,421,1,1,1
116,1,348,342,172,341,1,1,1
116,2,261,447,202,402,1,1,1
116,4,802,619,205,474,1,1,1
116,5,1026,609,212,442,1,1,1
116,3,56,405,180,421,1,1,1
117,1,354,333,159,355,1,1,1
117,2,266,446,189,403,1,1,1
117,4,798,605,205,474,1,1,1
117,5,1019,633,212,442,1,1,1
117,3,56,410,180,421,1,1,1
118,1,356,335,159,355,1,1,1
118,2,265,449,189,403,1,1,1
118,3,62,419,167,415,1,1,1
118,5,1022,603,218,455,1,1,1
118,4,800,612,216,468,1,1,1
119,1,354,338,159,355,1,1,1
119,2,258,453,189,403,1,1,1
119,3,63,422,167,415,1,1,1
119,5,1026,624,218,455,1,1,1
119,4,807,612,216,468,1,1,1
120,1,353,340,159,355,1,1,1
120,2,255,454,189,403,1,1,1
120,3,64,412,166,420,1,1,1
120,4,810,615,194,465,1,1,1
120,5,1028,613,207,451,1,1,1
121,1,353,343,159,355,1,1,1
121,2,251,447,189,403,1,1,1
121,3,67,411,166,420,1,1,1
121,4,816,618,194,465,1,1,1
121,5,1028,608,207,451,1,1,1
122,1,366,341,149,355,1,1,1
122,2,240,452,198,403,1,1,1
122,3,67,412,166,420,1,1,1
122,4,826,617,194,465,1,1,1
122,5,1034,612,207,451,1,1,1
123,1,364,341,148,355,1,1,1
123,2,241,450,198,403,1,1,1
123,3,69,413,166,420,1,1,1
123,4,841,621,194,465,1,1,1
123,5,1049,607,207,451,1,1,1
124,1,360,343,148,355,1,1,1
124,2,231,453,206,403,1,1,1
124,3,71,416,166,420,1,1,1
124,4,847,615,194,465,1,1,1
124,5,1054,607,207,451,1,1,1
125,1,361,344,148,355,1,1,1
125,2,227,455,206,403,1,1,1
125,3,77,421,150,414,1,1,1
125,4,865,622,165,465,1,1,1
125,5,1067,612,200,451,1,1,1
126,1,363,344,148,355,1,1,1
126,2,227,451,206,403,1,1,1
126,3,81,422,150,414,1,1,1
126,4,877,628,165,465,1,1,1
126,5,1068,609,211,459,1,1,1
127,1,376,345,141,354,1,1,1
127,2,226,455,206,403,1,1,1
127,3,85,422,154,410,1,1,1
127,4,887,615,156,465,1,1,1
127,5,1073,608,220,471,1,1,1
128,1,381,344,141,354,1,1,1
128,2,225,450,206,403,1,1,1
128,3,92,423,154,410,1,1,1
128,4,890,615,156,465,1,1,1
128,5,1079,614,230,471,1,1,1
129,1,389,346,141,354,1,1,1
129,2,220,456,206,403,1,1,1
129,3,89,422,165,411,1,1,1
129,4,899,624,155,488,1,1,1
129,5,1078,612,241,495,1,1,1
130,1,387,343,141,354,1,1,1
130,2,222,457,206,403,1,1,1
130,3,94,420,175,411,1,1,1
130,4,901,625,155,488,1,1,1
130,5,1087,617,241,495,1,1,1
131,1,392,344,141,354,1,1,1
131,2,218,460,210,403,1,1,1
131,3,98,420,191,411,1,1,1
131,4,910,626,155,488,1,1,1
131,5,1092,616,251,495,1,1,1
132,1,394,346,141,354,1,1,1
132,2,217,458,210,403,1,1,1
132,3,105,416,203,411,1,1,1
132,4,917,627,155,488,1,1,1
132,5,1099,622,255,495,1,1,1
133,1,397,346,153,354,1,1,1
133,2,209,459,219,403,1,1,1
133,3,109,420,213,411,1,1,1
133,4,924,638,155,488,1,1,1
133,5,1107,624,255,495,1,1,1
134,1,402,346,165,354,1,1,1
134,2,206,460,226,403,1,1,1
134,3,117,422,226,411,1,1,1
134,4,931,642,155,488,1,1,1
134,5,1115,628,255,495,1,1,1
135,1,409,352,165,354,1,1,1
135,2,202,463,226,403,1,1,1
135,3,122,416,235,417,1,1,1
135,4,938,643,155,488,1,1,1
135,5,1125,629,255,495,1,1,1
136,1,412,351,172,354,1,1,1
136,2,213,465,226,403,1,1,1
136,3,130,421,240,412,1,1,1
136,4,946,644,156,465,1,1,1
136,5,1139,631,244,495,1,1,1
137,1,417,351,172,354,1,1,1
137,2,212,458,226,403,1,1,1
137,3,138,421,228,411,1,1,1
137,4,947,649,162,431,1,1,1
137,5,1147,635,241,443,1,1,1
138,1,419,353,172,354,1,1,1
138,2,213,464,229,403,1,1,1
138,3,143,418,232,411,1,1,1
138,4,947,648,162,431,1,1,1
138,5,1147,637,245,443,1,1,1
139,1,418,354,172,354,1,1,1
139,2,215,466,229,403,1,1,1
139,3,152,423,232,411,1,1,1
139,4,953,651,168,431,1,1,1
139,5,1154,637,239,443,1,1,1
140,1,422,354,172,354,1,1,1
140,2,221,471,229,403,1,1,1
140,3,154,416,232,411,1,1,1
140,4,963,651,168,431,1,1,1
140,5,1163,637,231,443,1,1,1
141,1,440,356,150,354,1,1,1
141,2,222,467,229,403,1,1,1
141,3,156,411,214,421,1,1,1
141,4,954,652,181,431,1,1,1
141,5,1176,636,216,443,1,1,1
142,1,423,356,172,354,1,1,1
142,2,233,469,229,403,1,1,1
142,3,159,409,214,421,1,1,1
142,4,961,650,181,431,1,1,1
142,5,1195,638,200,443,1,1,1
143,1,427,356,159,354,1,1,1
143,2,239,461,205,412,1,1,1
143,3,162,409,214,421,1,1,1
143,4,970,649,181,431,1,1,1
143,5,1216,638,178,443,1,1,1
144,1,431,356,172,354,1,1,1
144,2,245,465,205,412,1,1,1
144,3,172,405,203,421,1,1,1
144,4,984,652,173,431,1,1,1
144,5,1233,637,168,443,1,1,1
145,1,436,358,153,354,1,1,1
145,2,246,469,205,412,1,1,1
145,3,182,405,192,421,1,1,1
145,4,998,663,173,431,1,1,1
145,5,1253,639,159,443,1,1,1
146,1,438,360,172,354,1,1,1
146,2,251,470,205,412,1,1,1
146,3,197,399,175,421,1,1,1
146,4,1006,656,173,431,1,1,1
146,5,1264,638,159,443,1,1,1
147,1,441,359,172,354,1,1,1
147,2,253,471,205,412,1,1,1
147,3,205,397,175,421,1,1,1
147,4,1026,647,160,431,1,1,1
147,5,1266,635,165,443,1,1,1
148,1,445,360,172,354,1,1,1
148,2,278,468,165,412,1,1,1
148,3,208,395,163,421,1,1,1
148,4,1031,649,173,431,1,1,1
148,5,1265,638,181,443,1,1,1
149,1,464,359,159,354,1,1,1
149,2,281,475,167,412,1,1,1
149,3,217,397,163,421,1,1,1
149,4,1041,649,173,431,1,1,1
149,5,1262,648,216,432,1,1,1
150,1,476,359,159,360,1,1,1
150,2,281,468,167,429,1,1,1
150,3,221,403,163,421,1,1,1
150,4,1050,652,173,431,1,1,1
150,5,1264,648,239,432,1,1,1
151,1,475,365,159,360,1,1,1
151,2,284,476,167,429,1,1,1
151,3,222,397,163,421,1,1,1
151,4,1053,677,182,431,1,1,1
151,5,1263,650,252,432,1,1,1
152,1,476,363,165,370,1,1,1
152,2,291,474,167,441,1,1,1
152,3,227,396,157,421,1,1,1
152,4,1055,677,182,431,1,1,1
152,5,1266,649,252,432,1,1,1
153,1,480,367,165,370,1,1,1
153,2,290,478,167,447,1,1,1
153,3,239,403,157,421,1,1,1
153,4,1068,685,182,431,1,1,1
153,5,1269,653,252,432,1,1,1
154,1,484,365,165,384,1,1,1
154,2,298,483,167,447,1,1,1
154,3,240,408,180,402,1,1,1
154,4,1070,686,182,431,1,1,1
154,5,1268,651,252,432,1,1,1
155,1,488,365,165,384,1,1,1
155,2,301,484,167,447,1,1,1
155,3,245,411,190,405,1,1,1
155,4,1088,688,182,431,1,1,1
155,5,1276,650,252,432,1,1,1
156,1,493,367,165,384,1,1,1
156,2,303,484,169,451,1,1,1
156,3,252,415,190,405,1,1,1
156,4,1092,690,182,431,1,1,1
156,5,1287,648,245,432,1,1,1
157,1,492,365,165,384,1,1,1
157,2,300,489,174,451,1,1,1
157,3,258,418,190,405,1,1,1
157,4,1097,690,182,431,1,1,1
157,5,1298,647,245,432,1,1,1
158,1,497,371,165,384,1,1,1
158,2,303,490,174,451,1,1,1
158,3,265,419,190,405,1,1,1
158,4,1122,690,182,431,1,1,1
158,5,1319,648,236,432,1,1,1
159,1,501,371,165,384,1,1,1
159,2,305,494,174,451,1,1,1
159,3,272,419,182,405,1,1,1
159,4,1128,692,182,431,1,1,1
159,5,1336,647,230,432,1,1,1
160,1,508,373,165,384,1,1,1
160,2,305,501,174,451,1,1,1
160,3,277,419,182,405,1,1,1
160,4,1144,693,182,431,1,1,1
160,5,1357,648,220,432,1,1,1
161,1,503,372,165,384,1,1,1
161,2,303,502,174,451,1,1,1
161,3,282,420,182,405,1,1,1
161,4,1155,700,194,410,1,1,1
161,5,1376,647,212,432,1,1,1
162,1,513,376,165,384,1,1,1
162,2,304,508,174,451,1,1,1
162,3,293,421,161,403,1,1,1
162,4,1168,702,189,410,1,1,1
162,5,1400,647,196,432,1,1,1
163,1,517,376,165,384,1,1,1
163,2,307,510,174,451,1,1,1
163,3,296,411,161,414,1,1,1
163,4,1181,701,189,410,1,1,1
163,5,1422,649,190,432,1,1,1
164,1,514,373,165,384,1,1,1
164,2,304,510,174,451,1,1,1
164,3,298,414,161,414,1,1,1
164,4,1193,702,189,410,1,1,1
164,5,1423,647,198,432,1,1,1
165,1,519,368,165,384,1,1,1
165,2,303,498,174,465,1,1,1
165,3,309,411,149,413,1,1,1
165,4,1207,704,189,410,1,1,1
165,5,1429,649,198,432,1,1,1
166,1,525,376,157,386,1,1,1
166,2,307,503,174,465,1,1,1
166,3,323,408,151,413,1,1,1
166,4,1218,705,193,410,1,1,1
166,5,1424,654,218,427,1,1,1
167,1,529,376,157,386,1,1,1
167,2,305,504,174,465,1,1,1
167,3,327,403,152,402,1,1,1
167,4,1228,711,193,410,1,1,1
167,5,1426,658,229,426,1,1,1
168,1,537,373,157,386,1,1,1
168,2,311,501,174,465,1,1,1
168,3,335,410,152,402,1,1,1
168,4,1240,712,193,410,1,1,1
168,5,1428,660,240,423,1,1,1
169,1,543,373,157,386,1,1,1
169,2,308,502,174,465,1,1,1
169,3,338,411,175,387,1,1,1
169,4,1247,712,193,410,1,1,1
169,5,1424,659,253,423,1,1,1
170,1,548,377,157,386,1,1,1
170,2,311,507,186,456,1,1,1
170,3,344,410,190,385,1,1,1
170,4,1258,714,200,410,1,1,1
170,5,1425,662,268,422,1,1,1
171,1,557,371,157,386,1,1,1
171,2,315,505,186,456,1,1,1
171,3,351,411,207,395,1,1,1
171,4,1266,716,207,410,1,1,1
171,5,1427,658,268,422,1,1,1
172,1,567,371,165,386,1,1,1
172,2,317,509,186,456,1,1,1
172,3,353,415,220,402,1,1,1
172,4,1272,717,214,410,1,1,1
172,5,1438,659,268,422,1,1,1
173,1,572,380,178,386,1,1,1
173,2,318,513,201,456,1,1,1
173,3,355,412,229,406,1,1,1
173,4,1282,720,220,410,1,1,1
173,5,1447,658,277,422,1,1,1
174,1,570,382,189,386,1,1,1
174,2,318,519,214,456,1,1,1
174,3,360,415,227,408,1,1,1
174,4,1293,737,226,410,1,1,1
174,5,1461,670,277,422,1,1,1
175,1,583,382,183,386,1,1,1
175,2,315,516,234,450,1,1,1
175,3,377,414,209,409,1,1,1
175,4,1305,740,231,410,1,1,1
175,5,1488,670,263,422,1,1,1
176,1,580,383,183,386,1,1,1
176,2,324,523,234,450,1,1,1
176,3,383,413,206,409,1,1,1
176,4,1317,743,231,410,1,1,1
176,5,1508,673,258,422,1,1,1
177,1,592,380,171,386,1,1,1
177,2,330,527,234,450,1,1,1
177,3,397,412,207,410,1,1,1
177,4,1331,754,231,410,1,1,1
177,5,1524,669,258,422,1,1,1
178,1,590,387,171,386,1,1,1
178,2,337,536,234,450,1,1,1
178,3,385,420,212,399,1,1,1
178,4,1345,749,243,430,1,1,1
178,5,1555,669,239,422,1,1,1
179,1,595,385,171,386,1,1,1
179,2,340,536,234,458,1,1,1
179,3,409,414,182,398,1,1,1
179,4,1363,750,238,430,1,1,1
179,5,1584,672,214,422,1,1,1
180,1,600,382,171,386,1,1,1
180,2,347,540,234,458,1,1,1
180,3,392,412,195,401,1,1,1
180,4,1384,750,238,430,1,1,1
180,5,1607,677,214,422,1,1,1
181,1,596,387,171,386,1,1,1
181,2,352,531,225,478,1,1,1
181,3,392,410,195,401,1,1,1
181,4,1402,748,238,430,1,1,1
181,5,1615,672,214,422,1,1,1
182,1,603,388,171,386,1,1,1
182,2,354,530,225,478,1,1,1
182,3,394,410,195,401,1,1,1
182,4,1412,750,238,430,1,1,1
182,5,1626,666,214,422,1,1,1
183,1,607,385,171,386,1,1,1
183,2,361,539,225,478,1,1,1
183,3,394,414,195,401,1,1,1
183,4,1428,755,238,430,1,1,1
183,5,1633,675,214,422,1,1,1
184,1,615,394,163,368,1,1,1
184,2,362,539,225,478,1,1,1
184,3,394,411,195,401,1,1,1
184,4,1446,756,238,430,1,1,1
184,5,1617,668,245,422,1,1,1
185,1,622,389,163,378,1,1,1
185,2,373,538,202,478,1,1,1
185,3,446,420,153,415,1,1,1
185,4,1462,758,238,430,1,1,1
185,5,1630,670,245,422,1,1,1
186,1,625,387,164,386,1,1,1
186,2,377,540,202,478,1,1,1
186,3,449,418,160,426,1,1,1
186,4,1475,757,238,430,1,1,1
186,5,1644,685,245,422,1,1,1
187,1,639,392,164,386,1,1,1
187,2,377,537,202,478,1,1,1
187,3,431,420,186,429,1,1,1
187,4,1491,766,243,422,1,1,1
187,5,1649,692,245,422,1,1,1
188,1,654,401,164,386,1,1,1
188,2,379,537,202,478,1,1,1
188,3,445,431,186,429,1,1,1
188,4,1499,767,243,422,1,1,1
188,5,1660,693,245,422,1,1,1
189,1,650,393,170,400,1,1,1
189,2,389,541,186,478,1,1,1
189,3,451,428,186,429,1,1,1
189,4,1508,762,255,443,1,1,1
189,5,1663,690,245,422,1,1,1
190,1,661,393,170,400,1,1,1
190,2,393,536,186,478,1,1,1
190,3,456,433,186,429,1,1,1
190,4,1526,766,255,443,1,1,1
190,5,1680,692,245,422,1,1,1
191,1,670,399,170,400,1,1,1
191,2,395,545,183,486,1,1,1
191,3,448,433,195,431,1,1,1
191,4,1534,774,255,443,1,1,1
191,5,1678,684,245,422,1,1,1
192,1,682,401,163,401,1,1,1
192,2,394,545,202,506,1,1,1
192,3,477,433,173,431,1,1,1
192,4,1550,776,255,443,1,1,1
192,5,1698,685,245,422,1,1,1
193,1,687,400,160,401,1,1,1
193,2,391,552,207,515,1,1,1
193,3,479,442,173,431,1,1,1
193,4,1564,776,255,443,1,1,1
193,5,1714,687,245,422,1,1,1
194,1,692,402,160,401,1,1,1
194,2,389,550,217,527,1,1,1
194,3,479,441,173,431,1,1,1
194,4,1571,777,255,443,1,1,1
194,5,1730,681,245,422,1,1,1
195,1,691,394,163,405,1,1,1
195,2,393,555,224,527,1,1,1
195,3,480,442,173,431,1,1,1
195,4,1581,778,255,443,1,1,1
195,5,1735,683,245,422,1,1,1
196,1,695,394,163,405,1,1,1
196,2,401,558,224,527,1,1,1
196,3,482,444,173,431,1,1,1
196,4,1598,778,255,443,1,1,1
196,5,1744,686,245,422,1,1,1
197,1,701,400,163,405,1,1,1
197,2,402,561,224,527,1,1,1
197,3,478,435,173,431,1,1,1
197,4,1625,777,255,443,1,1,1
197,5,1759,695,233,402,1,1,1
198,1,698,400,163,405,1,1,1
198,2,408,561,224,527,1,1,1
198,3,485,432,175,440,1,1,1
198,4,1633,776,255,443,1,1,1
198,5,1772,691,233,402,1,1,1
199,1,703,401,163,405,1,1,1
199,2,411,569,224,527,1,1,1
199,3,496,436,163,434,1,1,1
199,4,1666,775,241,305,1,1,1
199,5,1815,755,105,325,1,1,1
200,1,710,405,163,405,1,1,1
200,2,408,571,229,527,1,1,1
200,3,515,438,155,435,1,1,1
200,4,1687,775,232,305,1,1,1
200,5,1815,760,116,325,1,1,1
201,1,714,403,163,405,1,1,1
201,2,408,573,229,527,1,1,1
201,3,519,438,155,435,1,1,1
201,4,1696,776,232,305,1,1,1
201,5,1819,760,116,325,1,1,1
202,1,720,405,163,405,1,1,1
202,2,407,575,229,527,1,1,1
202,3,524,435,155,435,1,1,1
202,4,1713,778,232,305,1,1,1
202,5,1855,764,116,325,1,1,1
203,1,731,404,163,405,1,1,1
203,2,407,579,229,527,1,1,1
203,3,529,439,169,430,1,1,1
203,4,1724,780,232,305,1,1,1
204,1,749,410,150,405,1,1,1
204,2,412,579,216,527,1,1,1
204,3,535,438,179,430,1,1,1
204,4,1736,792,232,295,1,1,1
205,1,755,401,150,405,1,1,1
205,2,417,579,200,527,1,1,1
205,3,537,441,201,431,1,1,1
205,4,1752,795,232,295,1,1,1
206,1,764,398,150,405,1,1,1
206,2,418,582,200,527,1,1,1
206,3,547,439,211,438,1,1,1
206,4,1759,796,232,295,1,1,1
207,1,769,400,150,405,1,1,1
207,2,425,584,185,527,1,1,1
207,3,554,440,211,438,1,1,1
207,4,1771,800,232,295,1,1,1
208,1,775,403,150,405,1,1,1
208,2,429,584,173,513,1,1,1
208,3,559,448,211,438,1,1,1
208,4,1779,805,232,295,1,1,1
209,1,779,404,150,405,1,1,1
209,2,434,585,173,513,1,1,1
209,3,556,448,211,438,1,1,1
210,1,790,404,158,405,1,1,1
210,2,442,586,173,513,1,1,1
210,3,560,452,211,438,1,1,1
211,1,791,398,176,405,1,1,1
211,2,445,580,173,513,1,1,1
211,3,583,444,191,448,1,1,1
212,1,803,402,176,405,1,1,1
212,2,450,580,173,513,1,1,1
212,3,587,442,191,448,1,1,1
213,1,798,409,189,405,1,1,1
213,2,448,580,173,513,1,1,1
213,3,585,444,191,448,1,1,1
214,1,801,412,189,405,1,1,1
214,2,448,576,173,513,1,1,1
214,3,603,442,173,448,1,1,1
215,1,802,419,189,405,1,1,1
215,2,446,580,173,513,1,1,1
215,3,616,445,160,448,1,1,1
216,1,808,420,189,393,1,1,1
216,2,443,579,173,513,1,1,1
216,3,621,443,160,448,1,1,1
217,1,804,419,189,393,1,1,1
217,2,442,578,173,513,1,1,1
217,3,627,442,169,448,1,1,1
218,1,813,419,189,393,1,1,1
218,2,443,576,173,513,1,1,1
218,3,636,452,169,448,1,1,1
219,1,819,419,189,393,1,1,1
219,2,439,572,173,513,1,1,1
219,3,632,455,181,462,1,1,1
220,1,829,419,189,393,1,1,1
220,2,442,579,173,513,1,1,1
220,3,645,451,179,476,1,1,1
221,1,837,421,189,393,1,1,1
221,2,444,578,173,513,1,1,1
221,3,651,457,184,484,1,1,1
222,1,846,425,181,393,1,1,1
222,2,444,570,153,513,1,1,1
222,3,655,457,185,492,1,1,1
223,1,856,423,181,393,1,1,1
223,2,443,566,153,513,1,1,1
223,3,660,464,190,485,1,1,1
224,1,878,425,158,393,1,1,1
224,2,443,565,153,513,1,1,1
224,3,666,466,189,484,1,1,1
225,1,886,421,158,407,1,1,1
225,2,434,564,153,513,1,1,1
225,3,675,470,186,484,1,1,1
226,1,891,425,158,407,1,1,1
226,2,433,568,153,513,1,1,1
226,3,678,475,183,477,1,1,1
227,1,902,425,158,420,1,1,1
227,2,433,567,160,517,1,1,1
227,3,688,480,172,476,1,1,1
228,1,906,427,158,420,1,1,1
228,2,432,570,160,517,1,1,1
228,3,694,483,168,476,1,1,1
229,1,916,427,159,425,1,1,1
229,2,423,558,167,519,1,1,1
229,3,701,478,159,480,1,1,1
230,1,920,428,159,425,1,1,1
230,2,423,560,167,519,1,1,1
230,3,707,481,152,480,1,1,1
231,1,919,428,172,425,1,1,1
231,2,419,560,184,519,1,1,1
231,3,716,486,138,474,1,1,1
232,1,921,431,176,425,1,1,1
232,2,416,555,193,512,1,1,1
232,3,718,484,143,475,1,1,1
233,1,922,433,176,425,1,1,1
233,2,416,552,193,512,1,1,1
233,3,724,490,146,469,1,1,1
234,1,926,436,176,425,1,1,1
234,2,414,546,202,512,1,1,1
234,3,731,489,146,469,1,1,1
235,1,929,440,176,425,1,1,1
235,2,404,548,214,494,1,1,1
235,3,737,488,146,469,1,1,1
236,1,933,438,188,425,1,1,1
236,2,411,544,214,494,1,1,1
236,3,744,490,146,469,1,1,1
237,1,938,442,188,425,1,1,1
237,2,400,539,224,494,1,1,1
237,3,751,496,154,470,1,1,1
238,1,945,436,188,425,1,1,1
238,2,403,538,224,494,1,1,1
238,3,755,496,168,481,1,1,1
239,1,952,442,188,425,1,1,1
239,2,405,530,224,494,1,1,1
239,3,761,498,183,489,1,1,1
240,1,959,441,188,425,1,1,1
240,2,402,540,224,494,1,1,1
240,3,768,498,190,492,1,1,1
241,1,979,443,175,425,1,1,1
241,2,400,534,224,494,1,1,1
241,3,775,499,189,495,1,1,1
242,1,993,444,166,425,1,1,1
242,2,402,534,212,494,1,1,1
242,3,782,503,179,499,1,1,1
243,1,1005,434,166,425,1,1,1
243,2,403,536,212,494,1,1,1
243,3,783,507,179,499,1,1,1
244,1,1015,439,166,425,1,1,1
244,2,400,528,212,494,1,1,1
244,3,789,506,177,500,1,1,1
245,1,1023,440,166,425,1,1,1
245,2,409,530,195,494,1,1,1
245,3,789,506,177,504,1,1,1
246,1,1030,441,166,425,1,1,1
246,2,414,528,195,494,1,1,1
246,3,792,505,177,504,1,1,1
247,1,1027,441,176,425,1,1,1
247,2,413,524,195,494,1,1,1
247,3,800,512,167,496,1,1,1
248,1,1036,438,176,425,1,1,1
248,2,415,518,195,494,1,1,1
248,3,806,508,160,497,1,1,1
249,1,1031,431,188,425,1,1,1
249,2,415,515,195,494,1,1,1
249,3,819,511,160,497,1,1,1
250,1,1042,440,188,425,1,1,1
250,2,417,519,195,494,1,1,1
250,3,830,514,168,497,1,1,1
251,1,1044,440,198,425,1,1,1
251,2,419,507,195,494,1,1,1
251,3,838,515,174,497,1,1,1
252,1,1045,441,198,425,1,1,1
252,2,420,500,195,494,1,1,1
252,3,844,514,184,513,1,1,1
253,1,1047,449,198,425,1,1,1
253,2,419,497,195,494,1,1,1
253,3,849,514,190,519,1,1,1
254,1,1049,448,198,425,1,1,1
254,2,420,490,195,494,1,1,1
254,3,853,512,196,539,1,1,1
255,1,1051,447,217,425,1,1,1
255,2,421,484,195,494,1,1,1
255,3,861,519,197,549,1,1,1
256,1,1054,450,217,425,1,1,1
256,2,422,481,195,494,1,1,1
256,3,864,521,203,555,1,1,1
257,1,1060,450,217,425,1,1,1
257,2,421,479,195,494,1,1,1
257,3,871,522,202,554,1,1,1
258,1,1072,450,217,425,1,1,1
258,2,421,492,190,443,1,1,1
258,3,876,529,204,554,1,1,1
259,1,1081,449,217,425,1,1,1
259,2,424,486,190,443,1,1,1
259,3,878,527,206,557,1,1,1
260,1,1086,446,217,425,1,1,1
260,2,423,485,190,443,1,1,1
260,3,889,536,198,547,1,1,1
261,1,1105,451,217,425,1,1,1
261,2,422,489,190,443,1,1,1
261,3,888,537,198,547,1,1,1
262,1,1115,455,217,425,1,1,1
262,2,420,487,186,443,1,1,1
262,3,893,533,190,546,1,1,1
263,1,1127,453,217,425,1,1,1
263,2,423,491,186,443,1,1,1
263,3,897,547,185,543,1,1,1
264,1,1129,453,209,444,1,1,1
264,2,410,483,186,443,1,1,1
264,3,902,547,175,541,1,1,1
265,1,1139,454,209,453,1,1,1
265,2,409,492,186,443,1,1,1
265,3,907,547,163,541,1,1,1
266,1,1166,452,185,462,1,1,1
266,2,405,485,186,443,1,1,1
266,3,911,547,152,541,1,1,1
267,1,1165,447,190,482,1,1,1
267,2,403,483,186,443,1,1,1
267,3,912,547,162,533,1,1,1
268,1,1168,448,190,482,1,1,1
268,2,408,466,186,443,1,1,1
268,3,923,548,162,533,1,1,1
269,1,1171,450,190,482,1,1,1
269,2,405,462,186,443,1,1,1
269,3,926,549,162,533,1,1,1
270,1,1176,452,190,482,1,1,1
270,2,402,462,186,443,1,1,1
270,3,930,549,162,533,1,1,1
271,1,1181,451,190,482,1,1,1
271,2,399,457,186,443,1,1,1
271,3,940,552,162,533,1,1,1
272,1,1176,451,201,482,1,1,1
272,2,398,467,177,431,1,1,1
272,3,942,555,189,533,1,1,1
273,1,1186,454,219,482,1,1,1
273,2,394,456,177,431,1,1,1
273,3,942,552,214,533,1,1,1
274,1,1180,457,231,482,1,1,1
274,2,388,450,182,431,1,1,1
274,3,948,555,225,533,1,1,1
275,1,1186,462,231,482,1,1,1
275,2,382,443,182,431,1,1,1
275,3,953,559,227,533,1,1,1
276,1,1193,459,231,482,1,1,1
276,2,375,437,182,431,1,1,1
276,3,958,558,222,533,1,1,1
277,1,1200,457,231,482,1,1,1
277,2,368,434,182,431,1,1,1
277,3,956,563,222,533,1,1,1
278,1,1212,476,220,459,1,1,1
278,2,366,433,182,431,1,1,1
278,3,960,559,222,533,1,1,1
279,1,1225,480,220,459,1,1,1
279,2,362,431,182,431,1,1,1
279,3,957,560,222,533,1,1,1
280,1,1237,476,220,459,1,1,1
280,2,366,429,182,431,1,1,1
280,3,956,559,222,533,1,1,1
281,1,1243,477,220,459,1,1,1
281,2,364,427,182,431,1,1,1
281,3,960,559,222,533,1,1,1
282,1,1247,476,220,459,1,1,1
282,2,362,422,182,431,1,1,1
282,3,965,554,236,533,1,1,1
283,1,1254,477,220,459,1,1,1
283,2,359,421,182,431,1,1,1
283,3,974,559,245,533,1,1,1
284,1,1259,482,220,459,1,1,1
284,2,361,429,182,431,1,1,1
284,3,981,555,257,533,1,1,1
285,1,1266,485,220,459,1,1,1
285,2,349,427,182,431,1,1,1
285,3,989,559,263,533,1,1,1
286,1,1293,481,220,459,1,1,1
286,2,353,423,182,431,1,1,1
286,3,1005,556,268,533,1,1,1
287,1,1299,481,220,459,1,1,1
287,2,346,421,182,431,1,1,1
287,3,1015,563,268,533,1,1,1
288,1,1301,484,220,459,1,1,1
288,2,347,432,182,431,1,1,1
288,3,1025,561,268,533,1,1,1
289,1,1303,484,220,459,1,1,1
289,2,348,434,180,420,1,1,1
289,3,1028,564,268,533,1,1,1
290,1,1306,482,229,459,1,1,1
290,2,354,425,165,420,1,1,1
290,3,1038,566,268,533,1,1,1
291,1,1306,482,235,459,1,1,1
291,2,348,416,165,420,1,1,1
291,3,1040,568,268,533,1,1,1
292,1,1307,490,235,459,1,1,1
292,2,348,414,165,420,1,1,1
292,3,1045,575,268,533,1,1,1
293,1,1309,489,248,459,1,1,1
293,2,346,414,165,420,1,1,1
293,3,1048,579,268,533,1,1,1
294,1,1305,488,260,459,1,1,1
294,2,346,410,161,420,1,1,1
294,3,1044,576,268,533,1,1,1
295,1,1319,489,260,459,1,1,1
295,2,337,410,161,420,1,1,1
295,3,1048,579,268,533,1,1,1
296,1,1317,490,260,459,1,1,1
296,2,343,420,161,388,1,1,1
296,3,1056,584,252,533,1,1,1
297,1,1324,487,260,459,1,1,1
297,2,340,415,161,388,1,1,1
297,3,1067,589,238,533,1,1,1
298,1,1324,492,260,459,1,1,1
298,2,338,414,161,388,1,1,1
298,3,1063,589,238,533,1,1,1
299,1,1329,487,260,459,1,1,1
299,2,333,414,161,388,1,1,1
299,3,1063,590,230,533,1,1,1
300,1,1329,487,260,470,1,1,1
300,2,329,413,161,388,1,1,1
300,3,1067,593,222,533,1,1,1
301,1,1338,487,260,478,1,1,1
301,2,325,408,161,388,1,1,1
301,3,1067,593,203,533,1,1,1
302,1,1346,492,260,488,1,1,1
302,2,315,412,161,388,1,1,1
302,3,1063,592,203,533,1,1,1
303,1,1394,496,225,502,1,1,1
303,2,311,409,161,388,1,1,1
303,3,1064,596,203,533,1,1,1
304,1,1406,497,216,506,1,1,1
304,2,300,407,161,388,1,1,1
304,3,1060,596,203,533,1,1,1
305,1,1405,494,216,526,1,1,1
305,2,293,406,161,388,1,1,1
305,3,1057,598,203,533,1,1,1
306,1,1404,502,216,526,1,1,1
306,2,288,404,161,388,1,1,1
306,3,1052,602,211,533,1,1,1
307,1,1396,514,216,526,1,1,1
307,2,278,396,161,388,1,1,1
307,3,1048,609,217,533,1,1,1
308,1,1396,514,216,526,1,1,1
308,2,280,394,161,388,1,1,1
308,3,1051,606,208,533,1,1,1
309,1,1395,515,216,526,1,1,1
309,2,275,394,161,388,1,1,1
309,3,1047,607,208,533,1,1,1
310,1,1384,515,227,542,1,1,1
310,2,271,389,161,388,1,1,1
310,3,1045,609,213,533,1,1,1
311,1,1374,518,227,542,1,1,1
311,2,267,386,161,388,1,1,1
311,3,1047,614,213,533,1,1,1
312,1,1373,522,227,542,1,1,1
312,2,258,397,161,359,1,1,1
312,3,1047,618,219,533,1,1,1
313,1,1363,524,227,542,1,1,1
313,2,258,397,161,359,1,1,1
313,3,1045,614,219,533,1,1,1
314,1,1361,524,227,542,1,1,1
314,2,254,393,161,359,1,1,1
314,3,1044,615,232,533,1,1,1
315,1,1362,526,227,542,1,1,1
315,2,256,391,165,365,1,1,1
315,3,1042,614,232,533,1,1,1
316,1,1358,528,227,542,1,1,1
316,2,257,392,165,365,1,1,1
316,3,1036,614,243,533,1,1,1
317,1,1356,532,227,542,1,1,1
317,2,251,391,177,365,1,1,1
317,3,1032,620,243,533,1,1,1
318,1,1367,528,208,542,1,1,1
318,2,249,390,177,365,1,1,1
318,3,1025,619,252,533,1,1,1
319,1,1356,533,208,542,1,1,1
319,2,246,388,177,365,1,1,1
319,3,1025,617,252,533,1,1,1
320,1,1351,530,208,542,1,1,1
320,2,244,385,177,365,1,1,1
320,3,1006,617,264,533,1,1,1
321,1,1347,532,208,542,1,1,1
321,2,238,388,177,365,1,1,1
321,3,998,616,264,533,1,1,1
322,1,1336,528,208,542,1,1,1
322,2,238,387,177,365,1,1,1
322,3,988,616,264,533,1,1,1
323,1,1327,538,208,542,1,1,1
323,2,228,389,177,365,1,1,1
323,3,975,624,264,533,1,1,1
324,1,1314,536,208,542,1,1,1
324,2,212,382,188,365,1,1,1
324,3,963,623,264,533,1,1,1
325,1,1305,546,208,542,1,1,1
325,2,206,379,188,365,1,1,1
325,3,950,625,264,533,1,1,1
326,1,1296,538,208,542,1,1,1
326,2,196,375,188,365,1,1,1
326,3,935,631,264,533,1,1,1
327,1,1290,542,208,542,1,1,1
327,2,195,373,188,365,1,1,1
327,3,921,633,264,533,1,1,1
328,1,1279,549,208,542,1,1,1
328,2,193,364,188,365,1,1,1
328,3,911,636,264,533,1,1,1
329,1,1275,553,208,542,1,1,1
329,2,216,357,128,361,1,1,1
329,3,899,639,264,533,1,1,1
330,1,1266,555,208,542,1,1,1
330,2,214,361,128,361,1,1,1
330,3,890,641,264,533,1,1,1
331,1,1265,557,208,542,1,1,1
331,2,215,373,128,346,1,1,1
331,3,888,643,264,533,1,1,1
332,1,1246,558,234,542,1,1,1
332,2,215,371,128,346,1,1,1
332,3,883,645,264,533,1,1,1
333,1,1240,584,240,542,1,1,1
333,2,217,372,128,346,1,1,1
333,3,868,647,264,533,1,1,1
334,1,1228,577,252,542,1,1,1
334,2,220,381,122,330,1,1,1
334,3,859,650,264,533,1,1,1
335,1,1229,586,252,542,1,1,1
335,2,233,382,137,330,1,1,1
335,3,849,650,264,533,1,1,1
336,1,1227,588,252,542,1,1,1
336,2,233,383,156,322,1,1,1
336,3,848,651,264,533,1,1,1
337,1,1222,591,255,542,1,1,1
337,2,220,383,183,322,1,1,1
337,3,844,653,264,533,1,1,1
338,1,1221,593,255,542,1,1,1
338,2,226,381,183,322,1,1,1
338,3,838,654,264,533,1,1,1
339,1,1224,602,243,522,1,1,1
339,2,215,381,201,322,1,1,1
339,3,833,656,264,533,1,1,1
340,1,1219,601,247,522,1,1,1
340,2,213,380,201,322,1,1,1
340,3,827,658,264,533,1,1,1
341,1,1215,604,247,522,1,1,1
341,2,210,377,201,322,1,1,1
341,3,821,660,264,533,1,1,1
342,1,1209,607,247,522,1,1,1
342,2,209,375,201,322,1,1,1
342,3,815,663,264,533,1,1,1
343,1,1203,612,247,522,1,1,1
343,2,217,374,187,322,1,1,1
343,3,801,653,277,560,1,1,1
344,1,1194,615,247,522,1,1,1
344,2,229,370,166,322,1,1,1
344,3,796,657,277,560,1,1,1
345,1,1182,610,247,522,1,1,1
345,2,239,368,153,322,1,1,1
345,3,825,660,188,560,1,1,1
346,1,1174,624,247,522,1,1,1
346,2,243,361,138,322,1,1,1
346,3,824,662,188,560,1,1,1
347,1,1165,630,247,522,1,1,1
347,2,264,361,118,322,1,1,1
347,3,824,666,188,560,1,1,1
348,2,271,371,117,304,1,1,1
348,1,1156,643,251,437,1,1,1
348,3,823,669,188,560,1,1,1
349,2,282,365,109,304,1,1,1
349,1,1150,649,254,431,1,1,1
349,3,824,670,188,560,1,1,1
350,2,288,364,109,304,1,1,1
350,1,1138,648,254,431,1,1,1
350,3,831,685,179,533,1,1,1
351,2,292,357,133,308,1,1,1
351,1,1139,657,254,431,1,1,1
351,3,833,685,179,533,1,1,1
352,2,290,357,158,307,1,1,1
352,1,1126,649,254,431,1,1,1
352,3,835,683,179,533,1,1,1
353,2,295,356,168,307,1,1,1
353,1,1122,654,254,431,1,1,1
353,3,832,672,188,560,1,1,1
354,2,281,349,194,321,1,1,1
354,1,1116,648,254,431,1,1,1
354,3,833,674,188,560,1,1,1
355,2,285,346,194,321,1,1,1
355,1,1121,649,254,431,1,1,1
355,3,836,674,188,560,1,1,1
356,2,287,349,194,321,1,1,1
356,1,1111,648,254,431,1,1,1
356,3,840,675,188,560,1,1,1
357,2,290,366,192,295,1,1,1
357,1,1111,695,253,385,1,1,1
357,3,843,675,207,560,1,1,1
358,2,295,363,192,295,1,1,1
358,1,1107,694,253,385,1,1,1
358,3,847,675,218,560,1,1,1
359,2,306,357,177,296,1,1,1
359,1,1104,694,253,385,1,1,1
359,3,849,676,232,560,1,1,1
360,2,311,355,177,296,1,1,1
360,1,1103,694,253,385,1,1,1
360,3,854,676,237,560,1,1,1
361,2,321,355,177,296,1,1,1
361,1,1112,696,236,385,1,1,1
361,3,857,676,245,560,1,1,1
362,2,347,358,140,296,1,1,1
362,1,1108,705,236,385,1,1,1
362,3,863,678,243,560,1,1,1
363,2,353,348,140,303,1,1,1
363,1,1107,694,236,385,1,1,1
363,3,866,680,254,560,1,1,1
364,2,366,345,120,303,1,1,1
364,1,1111,715,236,385,1,1,1
364,3,864,671,259,588,1,1,1
365,2,384,346,101,303,1,1,1
365,1,1106,717,236,385,1,1,1
365,3,870,675,257,588,1,1,1
366,2,391,348,101,303,1,1,1
366,1,1116,729,217,385,1,1,1
366,3,876,680,260,588,1,1,1
367,2,394,347,126,303,1,1,1
367,1,1122,731,217,385,1,1,1
367,3,882,684,250,588,1,1,1
368,2,403,348,140,303,1,1,1
368,1,1127,737,217,385,1,1,1
368,3,880,678,253,402,1,1,1
369,2,406,343,160,303,1,1,1
369,1,1137,759,217,385,1,1,1
369,3,906,683,219,402,1,1,1
370,2,408,349,169,303,1,1,1
370,1,1146,753,217,385,1,1,1
370,3,913,678,204,402,1,1,1
371,2,410,344,169,303,1,1,1
371,1,1147,757,224,385,1,1,1
371,3,925,677,189,402,1,1,1
372,2,414,351,169,303,1,1,1
372,1,1157,759,224,385,1,1,1
372,3,938,678,189,402,1,1,1
373,2,418,343,169,303,1,1,1
373,1,1161,762,238,385,1,1,1
373,3,941,678,189,402,1,1,1
374,2,419,339,177,318,1,1,1
374,1,1169,771,238,385,1,1,1
374,3,948,677,189,402,1,1,1
375,2,430,329,177,318,1,1,1
375,1,1173,774,238,385,1,1,1
375,3,956,677,189,402,1,1,1
376,2,442,324,148,318,1,1,1
376,1,1176,780,254,385,1,1,1
376,3,965,678,189,402,1,1,1
377,2,453,324,148,318,1,1,1
377,1,1185,782,254,385,1,1,1
377,3,975,678,189,402,1,1,1
378,2,477,322,113,318,1,1,1
378,1,1187,788,265,385,1,1,1
378,3,984,678,189,402,1,1,1
379,2,490,324,113,318,1,1,1
379,1,1197,798,271,385,1,1,1
379,3,997,697,180,383,1,1,1
380,2,493,322,113,318,1,1,1
380,1,1203,803,279,385,1,1,1
380,3,1008,697,180,383,1,1,1
381,2,505,322,113,318,1,1,1
381,1,1212,806,279,385,1,1,1
381,3,1008,697,202,383,1,1,1
382,2,515,323,113,318,1,1,1
382,1,1218,819,279,385,1,1,1
382,3,1015,699,202,383,1,1,1
383,2,527,325,121,292,1,1,1
383,1,1222,825,279,385,1,1,1
383,3,1030,696,202,383,1,1,1
384,2,525,331,144,292,1,1,1
384,1,1228,840,279,385,1,1,1
384,3,1044,697,202,383,1,1,1
385,2,538,333,152,292,1,1,1
385,1,1233,845,279,385,1,1,1
385,3,1056,696,202,383,1,1,1
386,2,540,324,163,292,1,1,1
386,1,1242,854,279,385,1,1,1
386,3,1069,697,202,383,1,1,1
387,2,538,330,175,292,1,1,1
387,1,1249,862,279,385,1,1,1
387,3,1081,697,202,383,1,1,1
388,2,546,336,175,279,1,1,1
388,1,1255,869,279,385,1,1,1
388,3,1092,684,202,383,1,1,1
389,2,544,333,175,279,1,1,1
389,1,1268,881,279,385,1,1,1
389,3,1106,681,202,403,1,1,1
390,2,543,332,180,279,1,1,1
390,1,1274,886,279,385,1,1,1
390,3,1119,672,202,414,1,1,1
391,2,552,328,180,279,1,1,1
391,1,1283,892,279,385,1,1,1
391,3,1131,677,202,414,1,1,1
392,2,556,331,180,279,1,1,1
392,1,1294,899,279,385,1,1,1
392,3,1141,672,202,414,1,1,1
393,2,569,324,180,279,1,1,1
393,1,1302,904,279,385,1,1,1
393,3,1151,662,202,414,1,1,1
394,2,586,317,141,279,1,1,1
394,1,1312,912,279,385,1,1,1
394,3,1162,665,202,420,1,1,1
395,2,600,317,141,279,1,1,1
395,1,1330,920,279,385,1,1,1
395,3,1177,659,202,420,1,1,1
396,2,611,317,141,279,1,1,1
396,1,1338,926,279,385,1,1,1
396,3,1183,659,202,420,1,1,1
397,2,615,309,141,279,1,1,1
397,1,1358,929,279,385,1,1,1
397,3,1196,661,202,420,1,1,1
398,2,618,307,141,279,1,1,1
398,1,1368,931,279,385,1,1,1
398,3,1207,660,207,420,1,1,1
399,2,622,302,141,279,1,1,1
399,1,1396,933,279,385,1,1,1
399,3,1223,654,207,420,1,1,1
400,2,625,298,141,279,1,1,1
400,1,1394,934,298,385,1,1,1
400,3,1230,648,210,436,1,1,1
401,2,639,292,120,279,1,1,1
401,1,1407,930,302,385,1,1,1
401,3,1241,643,210,436,1,1,1
402,2,648,287,120,279,1,1,1
402,1,1438,937,283,367,1,1,1
402,3,1247,645,217,436,1,1,1
403,2,656,281,120,279,1,1,1
403,1,1465,940,272,349,1,1,1
403,3,1258,635,217,436,1,1,1
404,2,663,273,120,279,1,1,1
404,1,1485,935,268,349,1,1,1
404,3,1260,637,217,441,1,1,1
405,2,660,263,126,281,1,1,1
405,1,1486,950,288,130,1,1,1
405,3,1251,631,236,447,1,1,1
406,2,671,260,126,281,1,1,1
406,1,1509,950,288,132,1,1,1
406,3,1257,625,256,456,1,1,1
407,2,674,253,126,281,1,1,1
407,1,1537,947,288,132,1,1,1
407,3,1268,632,263,456,1,1,1
408,2,679,244,126,281,1,1,1
408,1,1547,940,291,142,1,1,1
408,3,1271,607,283,479,1,1,1
409,2,682,234,126,281,1,1,1
409,1,1566,941,291,142,1,1,1
409,3,1266,600,309,484,1,1,1
410,2,682,224,126,281,1,1,1
410,1,1589,935,288,149,1,1,1
410,3,1261,598,324,508,1,1,1
411,2,689,215,126,281,1,1,1
411,1,1598,927,298,152,1,1,1
411,3,1266,589,324,508,1,1,1
412,2,697,205,113,281,1,1,1
412,1,1616,924,298,159,1,1,1
412,3,1291,581,316,533,1,1,1
413,2,696,192,113,281,1,1,1
413,1,1629,921,298,162,1,1,1
413,3,1323,573,297,533,1,1,1
414,2,697,181,113,281,1,1,1
414,1,1644,918,298,162,1,1,1
414,3,1339,568,286,533,1,1,1
415,2,700,170,113,281,1,1,1
415,1,1663,916,298,162,1,1,1
415,3,1372,553,265,533,1,1,1
416,2,702,164,113,281,1,1,1
416,1,1679,914,298,166,1,1,1
416,3,1385,546,268,538,1,1,1
417,2,705,157,125,281,1,1,1
417,1,1693,913,298,166,1,1,1
417,3,1396,541,268,545,1,1,1
418,2,708,160,125,281,1,1,1
418,1,1706,910,313,174,1,1,1
418,3,1396,532,268,545,1,1,1
419,2,708,160,125,281,1,1,1
419,1,1722,908,313,174,1,1,1
419,3,1394,537,278,545,1,1,1
420,2,718,160,125,281,1,1,1
420,3,1386,541,301,545,1,1,1
421,2,714,159,125,281,1,1,1
421,3,1387,538,321,545,1,1,1
422,2,717,161,120,264,1,1,1
422,3,1452,543,270,545,1,1,1
423,2,718,162,125,281,1,1,1
423,3,1473,539,258,545,1,1,1
424,2,720,160,125,281,1,1,1
424,3,1463,540,288,545,1,1,1
425,2,724,161,125,281,1,1,1
425,3,1500,537,258,545,1,1,1
426,2,739,163,100,263,1,1,1
426,3,1527,529,238,554,1,1,1
427,2,741,162,95,254,1,1,1
427,3,1414,526,384,554,1,1,1
428,2,743,165,95,252,1,1,1
428,3,1441,526,384,554,1,1,1
429,2,743,156,101,243,1,1,1
429,3,1449,525,384,554,1,1,1
430,2,748,155,90,242,1,1,1
430,3,1454,526,384,554,1,1,1
431,2,748,152,91,250,1,1,1
431,3,1485,525,360,554,1,1,1
432,2,746,152,95,247,1,1,1
432,3,1516,525,336,554,1,1,1
433,2,744,152,94,244,1,1,1
433,3,1525,525,336,554,1,1,1
434,2,749,150,89,245,1,1,1
434,3,1532,525,336,554,1,1,1
435,2,745,147,91,251,1,1,1
435,3,1541,526,336,554,1,1,1
436,2,744,153,97,243,1,1,1
436,3,1551,526,336,554,1,1,1
437,2,746,152,93,244,1,1,1
437,3,1562,526,336,554,1,1,1
438,2,746,158,94,239,1,1,1
438,3,1573,525,336,554,1,1,1
439,2,745,149,93,248,1,1,1
439,3,1584,525,336,554,1,1,1
440,2,733,158,119,235,1,1,1
440,3,1598,534,336,554,1,1,1
441,2,733,156,119,238,1,1,1
441,3,1612,539,336,554,1,1,1
442,2,730,154,119,237,1,1,1
442,3,1631,542,336,554,1,1,1
443,2,726,154,119,236,1,1,1
443,3,1649,537,336,554,1,1,1
444,2,725,153,112,237,1,1,1
444,3,1646,540,358,554,1,1,1
445,2,720,148,112,235,1,1,1
445,3,1654,541,358,554,1,1,1
446,2,717,151,112,230,1,1,1
446,3,1667,545,358,554,1,1,1
447,2,713,145,112,231,1,1,1
447,3,1677,548,358,554,1,1,1
448,2,710,140,112,237,1,1,1
448,3,1695,502,337,607,1,1,1
449,2,706,140,112,236,1,1,1
449,3,1727,502,329,607,1,1,1
450,2,703,139,112,236,1,1,1
450,3,1749,519,312,578,1,1,1
451,2,701,137,99,237,1,1,1
451,3,1766,516,309,578,1,1,1
452,2,696,137,98,238,1,1,1
452,3,1756,517,328,578,1,1,1
453,2,695,137,97,241,1,1,1
453,3,1784,519,308,578,1,1,1
454,2,693,139,97,237,1,1,1
454,3,1734,517,368,578,1,1,1
455,2,692,140,100,236,1,1,1
455,3,1767,535,339,550,1,1,1
456,2,687,137,102,237,1,1,1
457,2,684,134,107,238,1,1,1
458,2,681,132,107,239,1,1,1
459,2,680,128,112,246,1,1,1
460,2,677,128,112,233,1,1,1
461,2,673,126,115,233,1,1,1
462,2,670,122,118,235,1,1,1
463,2,666,119,120,233,1,1,1
464,2,664,116,119,231,1,1,1
465,2,663,112,118,229,1,1,1
466,2,660,109,114,224,1,1,1
467,2,656,102,115,226,1,1,1
468,2,654,95,107,225,1,1,1
469,2,650,87,104,225,1,1,1
470,2,649,80,98,224,1,1,1
471,2,646,74,91,221,1,1,1
472,2,643,67,89,224,1,1,1
473,2,641,51,91,236,1,1,1
474,2,639,44,82,235,1,1,1
475,2,635,42,88,233,1,1,1
476,2,634,39,89,236,1,1,1
477,2,632,41,89,231,1,1,1
478,2,628,42,94,233,1,1,1
479,2,626,39,94,233,1,1,1
480,2,623,38,94,236,1,1,1
481,2,620,37,94,243,1,1,1
482,2,625,39,87,236,1,1,1
483,2,623,34,86,237,1,1,1
484,2,621,31,81,238,1,1,1
485,2,619,26,80,239,1,1,1
486,2,617,22,81,236,1,1,1
487,2,615,18,85,233,1,1,1
488,2,615,9,81,235,1,1,1
489,2,612,6,85,236,1,1,1
490,2,611,3,80,237,1,1,1
491,2,601,-1,94,243,1,1,1
492,2,596,-1,94,243,1,1,1
493,2,600,4,95,231,1,1,1
494,2,592,-1,101,243,1,1,1
495,2,590,-2,102,243,1,1,1
496,2,593,-8,94,243,1,1,1
497,2,590,-1,94,243,1,1,1
498,2,585,-3,94,243,1,1,1
499,2,582,-1,90,231,1,1,1
500,2,576,-1,90,231,1,1,1
501,2,567,-1,90,231,1,1,1
502,2,568,1,90,231,1,1,1
503,2,566,-3,82,233,1,1,1
504,2,552,-2,94,243,1,1,1
505,2,550,0,94,243,1,1,1
506,2,551,-4,94,243,1,1,1
507,2,548,0,94,243,1,1,1
508,2,552,0,94,243,1,1,1
509,2,544,-1,94,243,1,1,1
510,2,543,5,94,243,1,1,1
511,2,535,1,94,243,1,1,1
512,2,537,1,90,231,1,1,1
513,2,528,8,94,243,1,1,1
514,2,522,7,94,243,1,1,1
515,2,528,18,93,215,1,1,1
516,2,521,18,93,215,1,1,1
517,2,517,15,93,215,1,1,1
518,2,509,10,98,226,1,1,1
519,2,504,7,98,226,1,1,1
520,2,500,5,98,226,1,1,1
521,2,497,7,98,226,1,1,1
522,2,500,13,93,215,1,1,1
523,2,499,14,93,215,1,1,1
524,2,493,12,98,226,1,1,1
525,2,490,12,98,226,1,1,1
526,2,485,12,98,226,1,1,1
527,2,488,16,93,215,1,1,1
528,2,486,18,93,215,1,1,1
529,2,484,19,93,215,1,1,1
530,2,480,20,93,215,1,1,1
531,2,478,20,93,215,1,1,1
532,2,474,21,93,215,1,1,1
533,2,470,24,93,215,1,1,1
534,2,466,25,93,215,1,1,1
535,2,469,14,107,215,1,1,1
536,2,468,8,107,215,1,1,1
537,2,460,9,113,229,1,1,1
538,2,457,11,113,223,1,1,1
539,2,453,14,113,221,1,1,1
540,2,450,13,101,223,1,1,1
541,2,447,10,100,227,1,1,1
542,2,442,12,96,224,1,1,1
543,2,442,10,91,227,1,1,1
544,2,437,8,94,229,1,1,1
545,2,436,9,88,227,1,1,1
546,2,435,11,95,232,1,1,1
547,2,428,7,98,233,1,1,1
548,2,430,9,96,233,1,1,1
549,2,433,12,97,232,1,1,1
550,2,430,14,111,232,1,1,1
551,2,435,15,96,241,1,1,1
552,2,426,24,121,220,1,1,1
553,2,435,18,111,226,1,1,1
554,2,434,21,114,228,1,1,1
555,2,437,20,112,231,1,1,1
556,2,440,22,111,227,1,1,1
557,2,444,20,102,230,1,1,1
558,2,443,19,106,234,1,1,1
559,2,441,20,106,233,1,1,1
560,2,436,20,106,233,1,1,1
561,2,437,19,106,233,1,1,1
562,2,438,19,106,233,1,1,1
563,2,452,19,106,233,1,1,1
564,2,451,20,121,234,1,1,1
565,2,452,24,130,233,1,1,1
566,2,453,22,139,237,1,1,1
567,2,452,25,145,238,1,1,1
568,2,458,24,145,238,1,1,1
569,2,463,30,145,238,1,1,1
570,2,462,32,145,238,1,1,1
571,2,465,32,139,242,1,1,1
572,2,473,30,131,244,1,1,1
573,2,474,29,131,244,1,1,1
574,2,481,34,131,244,1,1,1
575,2,483,28,131,244,1,1,1
576,2,488,30,131,244,1,1,1
577,2,488,24,131,253,1,1,1
578,2,491,20,112,254,1,1,1
579,2,488,23,112,254,1,1,1
580,2,492,27,112,254,1,1,1
581,2,492,28,112,254,1,1,1
582,2,490,29,117,267,1,1,1
583,2,489,33,117,267,1,1,1
584,2,490,33,117,267,1,1,1
585,2,489,33,117,267,1,1,1
586,2,489,34,117,267,1,1,1
587,2,488,33,117,267,1,1,1
588,2,487,33,117,267,1,1,1
589,2,485,35,117,267,1,1,1
590,2,483,38,117,267,1,1,1
591,2,481,39,117,267,1,1,1
592,2,480,40,117,267,1,1,1
593,2,475,36,137,280,1,1,1
594,2,470,40,137,280,1,1,1
595,2,468,44,137,280,1,1,1
596,2,466,49,137,280,1,1,1
597,2,464,54,137,280,1,1,1
598,2,462,59,137,288,1,1,1
599,2,460,65,137,293,1,1,1
600,2,460,72,137,295,1,1,1
601,2,456,81,137,293,1,1,1
602,2,455,87,137,294,1,1,1
603,2,454,90,137,291,1,1,1
604,2,451,90,137,296,1,1,1
605,2,451,110,140,283,1,1,1
606,2,444,109,140,283,1,1,1
607,2,442,106,140,283,1,1,1
608,2,439,106,140,283,1,1,1
609,2,436,108,140,283,1,1,1
610,2,434,106,140,283,1,1,1
611,2,427,100,147,297,1,1,1
612,2,424,101,147,297,1,1,1
613,2,420,102,147,297,1,1,1
614,2,418,111,140,283,1,1,1
615,2,415,112,140,283,1,1,1
616,2,410,117,140,283,1,1,1
617,2,405,118,140,283,1,1,1
618,2,402,120,140,283,1,1,1
619,2,397,120,140,283,1,1,1
620,2,398,122,150,294,1,1,1
621,2,382,124,163,295,1,1,1
622,2,384,127,163,295,1,1,1
623,2,378,127,163,295,1,1,1
624,2,372,130,163,295,1,1,1
625,2,367,132,163,295,1,1,1
626,2,363,132,163,295,1,1,1
627,2,358,130,163,295,1,1,1
628,2,354,131,163,295,1,1,1
629,2,348,132,163,295,1,1,1
630,2,344,130,163,295,1,1,1
631,2,339,132,163,295,1,1,1
632,2,333,133,163,309,1,1,1
633,2,317,138,163,314,1,1,1
634,2,314,138,139,315,1,1,1
635,2,307,145,139,315,1,1,1
636,2,299,143,139,315,1,1,1
637,2,294,149,139,315,1,1,1
638,2,293,146,139,321,1,1,1
639,2,280,152,139,321,1,1,1
640,2,277,151,139,321,1,1,1
641,2,266,153,139,321,1,1,1
642,2,261,151,139,321,1,1,1
643,2,252,147,139,321,1,1,1
644,2,241,153,139,321,1,1,1
645,2,230,151,139,321,1,1,1
646,2,219,155,139,321,1,1,1
647,2,208,160,139,321,1,1,1
648,2,196,159,139,334,1,1,1
649,2,187,160,139,344,1,1,1
650,2,180,159,139,349,1,1,1
651,2,170,169,139,349,1,1,1
652,2,158,167,139,349,1,1,1
653,2,142,178,139,349,1,1,1
654,2,129,182,139,349,1,1,1
655,2,117,180,139,349,1,1,1
656,2,106,186,139,349,1,1,1
657,2,91,185,139,349,1,1,1
658,2,80,183,143,354,1,1,1
659,2,61,182,152,361,1,1,1
660,2,47,178,152,361,1,1,1
661,2,35,176,152,361,1,1,1
662,2,21,175,152,361,1,1,1
663,2,1,178,164,368,1,1,1
664,2,-10,175,169,371,1,1,1
665,2,-18,180,169,371,1,1,1
666,2,-22,181,169,371,1,1,1
667,2,-30,186,169,371,1,1,1
668,2,-39,189,169,371,1,1,1
669,2,-46,192,169,371,1,1,1
670,2,-54,195,171,381,1,1,1
671,2,-58,197,174,385,1,1,1
672,2,-59,199,175,391,1,1,1
673,2,-61,200,171,390,1,1,1
674,2,-63,201,167,387,1,1,1
675,2,-64,202,163,382,1,1,1
676,2,-65,203,156,383,1,1,1
677,2,-66,204,156,383,1,1,1
678,2,-68,203,156,383,1,1,1
679,2,-69,205,156,383,1,1,1
680,2,-69,206,157,396,1,1,1
681,2,-70,208,159,401,1,1,1
682,2,-71,213,157,408,1,1,1
683,2,0,283,86,340,1,1,1
684,2,0,293,86,340,1,1,1
685,2,0,298,86,340,1,1,1
686,2,1,261,86,382,1,1,1
687,2,0,266,86,382,1,1,1
688,2,1,269,86,382,1,1,1
689,2,0,272,86,382,1,1,1
690,2,0,263,90,401,1,1,1
691,2,0,263,90,401,1,1,1
692,2,0,266,90,401,1,1,1
693,2,0,268,90,401,1,1,1
694,2,1,269,90,401,1,1,1
695,2,1,270,99,401,1,1,1
696,2,1,279,110,401,1,1,1
697,2,0,288,125,401,1,1,1
698,2,1,297,135,401,1,1,1
699,2,1,299,150,401,1,1,1
700,2,0,302,159,369,1,1,1
701,2,0,291,171,391,1,1,1
702,2,-6,290,171,391,1,1,1
703,2,-14,289,182,395,1,1,1
704,2,-11,292,182,395,1,1,1
705,2,-8,300,182,395,1,1,1
706,2,-6,299,182,395,1,1,1
707,2,-4,294,182,395,1,1,1
708,2,-6,301,182,395,1,1,1
709,2,-9,294,188,395,1,1,1
710,2,-9,298,188,395,1,1,1
711,2,-9,296,188,395,1,1,1
712,2,0,298,188,408,1,1,1
713,2,-7,296,189,425,1,1,1
714,2,-3,301,193,434,1,1,1
715,2,2,297,201,448,1,1,1
716,2,3,306,210,452,1,1,1
717,2,7,319,215,435,1,1,1
718,2,12,319,221,436,1,1,1
719,2,15,322,225,439,1,1,1
720,2,17,322,233,445,1,1,1
721,2,17,330,233,445,1,1,1
722,2,25,334,230,441,1,1,1
723,2,25,326,230,441,1,1,1
724,2,32,329,230,441,1,1,1
725,2,38,335,230,441,1,1,1
726,2,42,329,230,441,1,1,1
727,2,48,329,230,441,1,1,1
728,2,52,334,230,441,1,1,1
729,2,56,334,238,441,1,1,1
730,2,62,330,260,447,1,1,1
731,2,62,331,277,454,1,1,1
732,2,62,332,299,458,1,1,1
733,2,88,331,287,461,1,1,1
734,2,96,340,287,461,1,1,1
735,2,104,345,287,461,1,1,1
736,2,110,354,287,461,1,1,1
737,2,127,359,273,461,1,1,1
738,2,136,353,262,461,1,1,1
739,2,152,351,243,461,1,1,1
740,2,160,358,235,461,1,1,1
741,2,169,357,235,461,1,1,1
742,2,172,357,235,461,1,1,1
743,2,168,363,235,461,1,1,1
744,2,181,367,235,461,1,1,1
745,2,189,369,235,482,1,1,1
746,2,198,370,235,495,1,1,1
747,2,201,363,242,520,1,1,1
748,2,213,367,247,524,1,1,1
749,2,219,375,252,525,1,1,1
750,2,222,371,259,527,1,1,1
751,2,234,397,251,514,1,1,1
752,2,244,395,251,514,1,1,1
753,2,251,403,251,514,1,1,1
754,2,257,410,251,514,1,1,1
755,2,264,408,251,514,1,1,1
756,2,270,411,245,503,1,1,1
757,2,280,409,232,503,1,1,1
758,2,286,409,227,503,1,1,1
759,2,293,403,225,515,1,1,1
760,2,305,404,216,515,1,1,1
761,2,310,401,216,515,1,1,1
762,2,316,402,229,515,1,1,1
763,2,317,398,262,515,1,1,1
764,2,313,398,297,515,1,1,1
765,2,305,394,330,515,1,1,1
766,2,358,410,302,515,1,1,1
767,2,358,429,305,491,1,1,1
768,2,364,425,299,492,1,1,1
769,2,356,427,299,492,1,1,1
770,2,357,427,299,492,1,1,1
771,2,355,427,299,492,1,1,1
772,2,363,425,273,494,1,1,1
773,2,375,421,255,496,1,1,1
774,2,382,431,255,496,1,1,1
775,2,398,419,212,516,1,1,1
776,2,397,421,200,530,1,1,1
777,2,390,428,200,530,1,1,1
778,2,393,423,205,551,1,1,1
779,2,391,428,222,553,1,1,1
780,2,388,430,237,566,1,1,1
781,2,394,440,245,544,1,1,1
782,2,391,446,268,538,1,1,1
783,2,399,454,268,538,1,1,1
784,2,393,445,280,540,1,1,1
785,2,396,452,280,540,1,1,1
786,2,396,464,280,540,1,1,1
787,2,399,470,280,540,1,1,1
788,2,406,469,280,540,1,1,1
789,2,420,468,258,541,1,1,1
790,2,430,461,250,541,1,1,1
791,2,443,459,231,541,1,1,1
792,2,451,463,231,541,1,1,1
793,2,461,463,219,541,1,1,1
794,2,473,468,219,541,1,1,1
795,2,480,467,225,541,1,1,1
796,2,496,472,245,541,1,1,1
797,2,512,475,271,541,1,1,1
798,2,523,484,294,526,1,1,1
799,2,533,486,307,523,1,1,1
800,2,533,490,320,523,1,1,1
801,2,538,496,327,523,1,1,1
802,2,540,499,327,512,1,1,1
803,2,539,499,327,512,1,1,1
804,2,548,496,327,512,1,1,1
805,2,562,496,301,508,1,1,1
806,2,576,497,301,508,1,1,1
807,2,599,501,301,508,1,1,1
808,2,622,498,229,517,1,1,1
809,2,645,492,201,539,1,1,1
810,2,664,492,201,555,1,1,1
811,2,674,487,187,573,1,1,1
812,2,681,489,199,587,1,1,1
813,2,685,492,220,583,1,1,1
814,2,687,512,231,571,1,1,1
815,2,686,517,252,571,1,1,1
816,2,679,520,276,571,1,1,1
817,2,682,527,288,571,1,1,1
818,2,684,539,286,571,1,1,1
819,2,678,537,293,571,1,1,1
820,2,679,547,293,571,1,1,1
821,2,685,546,285,571,1,1,1
822,2,695,547,267,571,1,1,1
823,2,712,533,239,571,1,1,1
824,2,721,539,228,600,1,1,1
825,2,736,544,198,600,1,1,1
826,2,736,544,198,600,1,1,1
827,2,738,546,198,600,1,1,1
828,2,739,547,198,600,1,1,1
829,2,745,546,219,600,1,1,1
830,2,745,546,250,600,1,1,1
831,2,736,565,295,515,1,1,1
832,2,725,565,326,515,1,1,1
833,2,721,572,340,515,1,1,1
834,2,707,577,346,515,1,1,1
835,2,705,577,318,515,1,1,1
836,2,700,578,326,515,1,1,1
837,2,688,575,315,515,1,1,1
838,2,697,573,289,515,1,1,1
839,2,697,567,272,515,1,1,1
840,2,712,577,254,515,1,1,1
841,2,723,575,234,515,1,1,1
842,2,730,573,226,515,1,1,1
843,2,738,576,226,515,1,1,1
844,2,742,564,219,515,1,1,1
845,2,739,578,223,515,1,1,1
846,2,728,589,242,515,1,1,1
847,2,715,592,258,515,1,1,1
848,2,698,603,281,515,1,1,1
849,2,677,610,300,515,1,1,1
850,2,657,617,320,515,1,1,1
851,2,640,618,329,515,1,1,1
852,2,626,632,335,515,1,1,1
853,2,614,636,335,515,1,1,1
854,2,603,642,329,515,1,1,1
855,2,598,647,313,515,1,1,1
856,2,592,647,298,515,1,1,1
857,2,588,655,279,515,1,1,1
858,2,576,655,263,515,1,1,1
859,2,565,654,249,515,1,1,1
860,2,552,656,238,515,1,1,1
861,2,535,657,246,515,1,1,1
862,2,513,658,260,515,1,1,1
863,2,498,661,265,515,1,1,1
864,2,478,669,273,515,1,1,1
865,2,467,671,273,515,1,1,1
866,2,457,675,273,515,1,1,1
867,2,444,679,273,515,1,1,1
868,2,428,684,273,515,1,1,1
869,2,416,686,273,515,1,1,1
870,2,403,690,273,515,1,1,1
871,2,390,691,273,515,1,1,1
872,2,362,693,273,515,1,1,1
873,2,359,690,273,515,1,1,1
874,2,346,695,273,515,1,1,1
875,2,333,692,273,515,1,1,1
876,2,322,694,273,515,1,1,1
877,2,320,696,273,515,1,1,1
878,2,310,691,291,515,1,1,1
879,2,305,695,308,515,1,1,1
880,2,282,707,343,373,1,1,1
881,2,291,712,348,368,1,1,1
882,2,300,716,348,368,1,1,1
883,2,299,724,368,368,1,1,1
884,2,294,716,384,368,1,1,1
885,2,291,746,397,368,1,1,1
886,2,300,742,397,368,1,1,1
887,2,307,763,397,368,1,1,1
888,2,316,762,397,368,1,1,1
889,2,324,780,397,368,1,1,1
890,2,334,789,397,368,1,1,1
891,2,349,790,355,368,1,1,1
892,2,362,790,333,368,1,1,1
893,2,380,794,316,368,1,1,1
894,2,382,791,316,368,1,1,1
895,2,406,795,291,368,1,1,1
896,2,421,792,291,368,1,1,1
897,2,445,792,254,368,1,1,1
898,2,461,814,254,368,1,1,1
899,2,478,819,254,368,1,1,1
900,2,503,821,226,368,1,1,1
