1502,0,304,27,19,54,1,1,1
1503,0,303,27,20,54,1,1,1
1504,0,303,27,19,54,1,1,1
1505,0,302,27,19,54,1,1,1
1506,0,302,27,18,54,1,1,1
1507,0,301,27,19,54,1,1,1
1508,0,301,27,18,54,1,1,1
1509,0,300,27,18,54,1,1,1
1510,0,299,27,19,54,1,1,1
1511,0,299,27,18,54,1,1,1
1512,0,298,27,18,54,1,1,1
1513,0,298,27,17,54,1,1,1
1514,0,297,27,18,54,1,1,1
1515,0,297,27,17,54,1,1,1
1516,0,296,27,17,54,1,1,1
1517,0,296,27,16,54,1,1,1
1518,0,295,27,17,54,1,1,1
1519,0,294,27,17,54,1,1,1
1520,0,294,27,16,54,1,1,1
1521,0,293,27,17,54,1,1,1
1522,0,293,27,16,54,1,1,1
1523,0,292,27,16,54,1,1,1
1524,0,292,27,15,54,1,1,1
1525,0,291,27,16,54,1,1,1
1526,0,291,27,15,54,1,1,1
1527,0,290,27,15,54,1,1,1
1528,0,290,27,15,54,1,1,1
1529,0,289,27,15,54,1,1,1
1530,0,288,27,15,54,1,1,1
1531,0,287,27,16,54,1,1,1
1532,0,286,27,16,55,1,1,1
1533,0,286,27,16,55,1,1,1
1534,0,285,28,16,54,1,1,1
1535,0,284,28,17,54,1,1,1
1536,0,283,28,17,55,1,1,1
1537,0,282,28,18,55,1,1,1
1538,0,282,28,17,55,1,1,1
1539,0,281,28,18,55,1,1,1
1540,0,280,29,18,55,1,1,1
1541,0,279,29,19,55,1,1,1
1542,0,279,29,18,55,1,1,1
1543,0,278,29,19,55,1,1,1
1544,0,277,29,19,56,1,1,1
1545,0,276,29,20,56,1,1,1
1546,0,275,30,20,55,1,1,1
1547,0,275,30,20,55,1,1,1
1548,0,274,30,20,56,1,1,1
1549,0,273,30,21,56,1,1,1
1550,0,272,30,21,56,1,1,1
1551,0,272,31,21,56,1,1,1
1552,0,271,31,21,56,1,1,1
1553,0,270,31,21,56,1,1,1
1554,0,270,31,21,56,1,1,1
1555,0,269,31,21,56,1,1,1
1556,0,268,31,21,57,1,1,1
1557,0,268,31,21,57,1,1,1
1558,0,267,31,21,57,1,1,1
1559,0,266,31,21,57,1,1,1
1560,0,266,31,21,58,1,1,1
1561,0,265,31,21,58,1,1,1
1562,0,264,31,21,58,1,1,1
1563,0,264,31,21,58,1,1,1
1564,0,263,31,21,59,1,1,1
1565,0,262,31,21,59,1,1,1
1566,0,262,31,21,59,1,1,1
1567,0,261,31,21,59,1,1,1
1568,0,260,31,21,60,1,1,1
1569,0,260,31,21,60,1,1,1
1570,0,259,31,21,60,1,1,1
1571,0,258,31,21,60,1,1,1
1572,0,258,31,21,61,1,1,1
1573,0,257,31,21,61,1,1,1
1574,0,256,31,21,61,1,1,1
1575,0,256,31,21,61,1,1,1
1576,0,255,31,21,62,1,1,1
1577,0,254,31,21,62,1,1,1
1578,0,254,31,21,62,1,1,1
1579,0,253,31,21,62,1,1,1
1580,0,252,31,21,63,1,1,1
1581,0,252,31,21,63,1,1,1
1582,0,251,31,21,63,1,1,1
1583,0,250,31,21,63,1,1,1
1584,0,250,32,21,63,1,1,1
1585,0,249,32,21,63,1,1,1
1586,0,249,32,20,63,1,1,1
1587,0,248,32,21,63,1,1,1
1588,0,248,32,20,64,1,1,1
1589,0,247,32,21,64,1,1,1
1590,0,247,33,20,63,1,1,1
1591,0,246,33,20,63,1,1,1
1592,0,246,33,20,64,1,1,1
1593,0,245,33,20,64,1,1,1
1594,0,245,33,20,64,1,1,1
1595,0,244,33,20,64,1,1,1
1596,0,244,34,20,64,1,1,1
1597,0,243,34,20,64,1,1,1
1598,0,242,34,20,65,1,1,1
1599,0,241,34,20,65,1,1,1
1600,0,240,34,21,66,1,1,1
1601,0,239,34,21,66,1,1,1
1602,0,238,34,21,67,1,1,1
1603,0,237,34,21,67,1,1,1
1604,0,236,34,22,68,1,1,1
1605,0,236,34,21,68,1,1,1
1606,0,235,34,21,69,1,1,1
1607,0,234,34,22,69,1,1,1
1608,0,233,34,22,70,1,1,1
1609,0,232,34,22,70,1,1,1
1610,0,231,35,22,70,1,1,1
1611,0,230,35,23,70,1,1,1
1612,0,229,35,23,71,1,1,1
1613,0,228,35,23,71,1,1,1
1614,0,228,35,22,72,1,1,1
1615,0,227,35,23,72,1,1,1
1616,0,226,35,23,73,1,1,1
1617,0,225,35,23,73,1,1,1
1618,0,224,35,24,74,1,1,1
1619,0,223,35,24,74,1,1,1
1620,0,222,35,24,75,1,1,1
1621,0,221,35,24,75,1,1,1
1622,0,220,35,25,76,1,1,1
1623,0,220,36,24,75,1,1,1
1624,0,219,36,24,76,1,1,1
1625,0,218,36,24,76,1,1,1
1626,0,217,36,25,77,1,1,1
1627,0,216,36,25,77,1,1,1
1628,0,215,36,25,78,1,1,1
1629,0,214,36,26,78,1,1,1
1630,0,213,36,26,79,1,1,1
1631,0,212,36,26,79,1,1,1
1632,0,212,36,25,80,1,1,1
1633,0,211,36,26,80,1,1,1
1634,0,210,36,26,81,1,1,1
1635,0,209,36,26,81,1,1,1
1636,0,208,37,27,81,1,1,1
1637,0,207,37,27,82,1,1,1
1638,0,206,37,27,82,1,1,1
1639,0,205,37,27,83,1,1,1
1640,0,204,37,28,83,1,1,1
1641,0,204,37,27,84,1,1,1
1642,0,203,37,27,84,1,1,1
1643,0,202,37,27,85,1,1,1
1644,0,201,37,28,85,1,1,1
1645,0,200,37,28,86,1,1,1
1646,0,199,37,28,86,1,1,1
1647,0,198,37,29,87,1,1,1
1648,0,197,37,29,87,1,1,1
1649,0,196,37,29,88,1,1,1
1650,0,196,38,28,87,1,1,1
1651,0,195,38,29,88,1,1,1
1652,0,194,38,29,88,1,1,1
1653,0,193,38,29,89,1,1,1
1654,0,192,38,29,89,1,1,1
1655,0,191,38,30,90,1,1,1
1656,0,190,38,30,90,1,1,1
1657,0,189,38,30,91,1,1,1
1658,0,188,38,31,91,1,1,1
1659,0,188,38,30,92,1,1,1
1660,0,187,38,30,92,1,1,1
1661,0,186,38,30,93,1,1,1
1662,0,185,38,31,93,1,1,1
1663,0,184,39,31,93,1,1,1
1664,0,183,39,31,93,1,1,1
1665,0,182,39,31,94,1,1,1
1666,0,181,39,32,94,1,1,1
1667,0,180,39,32,95,1,1,1
1668,0,180,39,31,95,1,1,1
1669,0,179,39,32,96,1,1,1
1670,0,178,39,32,96,1,1,1
1671,0,177,39,32,97,1,1,1
1672,0,176,39,32,97,1,1,1
1673,0,175,39,33,98,1,1,1
1674,0,174,39,33,98,1,1,1
1675,0,173,39,33,99,1,1,1
1676,0,173,40,33,99,1,1,1
1677,0,172,40,32,99,1,1,1
1678,0,171,41,32,99,1,1,1
1679,0,170,42,32,98,1,1,1
1680,0,169,42,32,99,1,1,1
1681,0,168,43,32,98,1,1,1
1682,0,167,44,32,98,1,1,1
1683,0,166,44,31,98,1,1,1
1684,0,165,45,31,98,1,1,1
1685,0,164,46,31,97,1,1,1
1686,0,163,46,31,98,1,1,1
1687,0,162,47,31,97,1,1,1
1688,0,161,48,31,97,1,1,1
1689,0,159,48,32,97,1,1,1
1690,0,158,48,32,98,1,1,1
1691,0,157,48,32,99,1,1,1
1692,0,156,48,32,100,1,1,1
1693,0,154,48,34,100,1,1,1
1694,0,153,48,34,101,1,1,1
1695,0,152,48,34,102,1,1,1
1696,0,151,48,34,103,1,1,1
1697,0,149,48,36,103,1,1,1
1698,0,148,48,36,104,1,1,1
1699,0,147,48,36,105,1,1,1
1700,0,146,48,36,106,1,1,1
1701,0,145,48,36,107,1,1,1
1702,0,143,48,38,107,1,1,1
1703,0,142,48,38,108,1,1,1
1704,0,141,48,38,109,1,1,1
1705,0,140,48,38,110,1,1,1
1706,0,138,49,40,109,1,1,1
1707,0,137,49,40,110,1,1,1
1708,0,136,49,40,111,1,1,1
1709,0,135,49,40,112,1,1,1
1710,0,133,49,42,112,1,1,1
1711,0,132,49,42,113,1,1,1
1712,0,131,49,42,114,1,1,1
1713,0,130,49,42,115,1,1,1
1714,0,129,49,42,116,1,1,1
1715,0,127,49,44,116,1,1,1
1716,0,126,49,44,117,1,1,1
1717,0,125,49,44,118,1,1,1
1718,0,124,49,44,119,1,1,1
1719,0,122,49,46,119,1,1,1
1720,0,121,49,46,120,1,1,1
1721,0,120,49,46,121,1,1,1
1722,0,119,49,46,122,1,1,1
1723,0,118,50,47,122,1,1,1
1724,0,116,50,47,123,1,1,1
1725,0,114,50,47,124,1,1,1
1726,0,112,51,47,124,1,1,1
1727,0,110,51,47,125,1,1,1
1728,0,109,51,46,126,1,1,1
1729,0,107,52,46,126,1,1,1
1730,0,105,52,47,128,1,1,1
1731,0,103,52,47,129,1,1,1
1732,0,101,53,47,129,1,1,1
1733,0,100,53,46,130,1,1,1
1734,0,98,53,46,131,1,1,1
1735,0,96,54,46,131,1,1,1
1736,0,94,54,46,132,1,1,1
1737,0,93,55,46,133,1,1,1
1738,0,91,55,46,134,1,1,1
1739,0,89,55,46,135,1,1,1
1740,0,87,56,46,135,1,1,1
1741,0,85,56,46,136,1,1,1
1742,0,84,56,45,137,1,1,1
1743,0,82,57,45,137,1,1,1
1744,0,80,57,46,139,1,1,1
1745,0,78,57,46,140,1,1,1
1746,0,76,58,46,140,1,1,1
1747,0,75,58,45,141,1,1,1
1748,0,73,58,45,142,1,1,1
1749,0,71,59,45,142,1,1,1
1750,0,69,59,45,143,1,1,1
1751,0,68,60,45,144,1,1,1
1752,0,66,60,45,145,1,1,1
1753,0,64,60,45,146,1,1,1
1754,0,62,61,45,146,1,1,1
1755,0,60,61,45,147,1,1,1
1756,0,59,61,44,148,1,1,1
1757,0,57,62,44,148,1,1,1
1758,0,55,62,45,150,1,1,1
1759,0,53,62,45,151,1,1,1
1760,0,51,63,45,151,1,1,1
1761,0,50,63,44,152,1,1,1
1762,0,48,63,44,153,1,1,1
1763,0,46,64,44,153,1,1,1
1764,0,44,64,44,154,1,1,1
1765,0,43,65,44,155,1,1,1
1766,0,40,65,45,157,1,1,1
1767,0,37,66,47,158,1,1,1
1768,0,34,66,49,161,1,1,1
1769,0,31,67,50,162,1,1,1
1770,0,28,68,52,164,1,1,1
1771,0,25,68,54,166,1,1,1
1772,0,22,69,56,168,1,1,1
1773,0,20,69,56,170,1,1,1
1774,0,17,70,58,172,1,1,1
1775,0,14,71,60,173,1,1,1
1776,0,11,71,62,176,1,1,1
1777,0,8,72,63,177,1,1,1
1778,0,5,72,65,180,1,1,1
1779,0,2,73,67,181,1,1,1
1502,1,329,26,17,42,1,1,1
1503,1,328,26,18,42,1,1,1
1504,1,327,26,18,42,1,1,1
1505,1,327,26,17,42,1,1,1
1506,1,326,26,17,42,1,1,1
1507,1,325,26,17,42,1,1,1
1508,1,324,26,18,42,1,1,1
1509,1,324,26,17,42,1,1,1
1510,1,323,26,17,42,1,1,1
1511,1,322,26,17,42,1,1,1
1512,1,321,26,18,42,1,1,1
1513,1,321,26,17,42,1,1,1
1514,1,320,26,17,42,1,1,1
1515,1,319,26,17,42,1,1,1
1516,1,318,26,18,42,1,1,1
1517,1,318,26,17,42,1,1,1
1518,1,317,26,17,42,1,1,1
1519,1,316,26,17,42,1,1,1
1520,1,316,26,17,42,1,1,1
1521,1,315,26,17,41,1,1,1
1522,1,314,26,17,41,1,1,1
1523,1,313,26,17,41,1,1,1
1524,1,312,26,17,41,1,1,1
1525,1,311,26,17,40,1,1,1
1526,1,310,26,17,40,1,1,1
1527,1,309,26,17,40,1,1,1
1528,1,308,26,18,40,1,1,1
1529,1,307,26,18,40,1,1,1
1530,1,307,26,18,40,1,1,1
1531,1,307,26,17,40,1,1,1
1532,1,306,26,18,40,1,1,1
1533,1,306,26,17,40,1,1,1
1534,1,306,26,17,40,1,1,1
1535,1,305,26,17,40,1,1,1
1536,1,304,26,17,40,1,1,1
1537,1,303,26,17,40,1,1,1
1538,1,302,26,17,40,1,1,1
1539,1,302,26,17,40,1,1,1
1540,1,301,26,17,40,1,1,1
1541,1,300,26,17,40,1,1,1
1542,1,299,26,17,40,1,1,1
1543,1,299,26,17,41,1,1,1
1544,1,298,26,17,41,1,1,1
1545,1,297,26,17,41,1,1,1
1546,1,296,26,17,41,1,1,1
1547,1,296,26,17,41,1,1,1
1548,1,295,26,17,41,1,1,1
1549,1,294,26,17,41,1,1,1
1550,1,293,26,17,41,1,1,1
1551,1,293,26,17,42,1,1,1
1552,1,292,26,17,41,1,1,1
1553,1,291,26,17,41,1,1,1
1554,1,291,26,16,41,1,1,1
1555,1,290,26,17,41,1,1,1
1556,1,289,26,17,41,1,1,1
1557,1,289,26,16,41,1,1,1
1558,1,288,26,17,41,1,1,1
1559,1,287,26,17,41,1,1,1
1560,1,287,26,16,41,1,1,1
1561,1,286,26,17,41,1,1,1
1562,1,286,26,16,41,1,1,1
1563,1,285,26,16,40,1,1,1
1564,1,284,26,17,40,1,1,1
1565,1,284,26,16,40,1,1,1
1566,1,283,26,16,40,1,1,1
1567,1,282,26,17,40,1,1,1
1568,1,282,26,16,40,1,1,1
1569,1,281,26,16,40,1,1,1
1570,1,281,26,15,40,1,1,1
1571,1,280,26,16,40,1,1,1
1572,1,279,26,16,40,1,1,1
1573,1,279,26,15,40,1,1,1
1574,1,278,26,16,40,1,1,1
1575,1,277,26,16,39,1,1,1
1576,1,277,26,15,39,1,1,1
1577,1,276,26,16,39,1,1,1
1578,1,276,26,15,39,1,1,1
1579,1,275,26,15,39,1,1,1
1580,1,274,26,16,39,1,1,1
1581,1,274,26,15,39,1,1,1
1582,1,273,26,15,39,1,1,1
1583,1,272,26,16,39,1,1,1
1584,1,272,26,15,39,1,1,1
1585,1,271,26,15,39,1,1,1
1586,1,271,27,15,38,1,1,1
1587,1,269,27,16,38,1,1,1
1588,1,268,27,17,39,1,1,1
1589,1,267,27,17,40,1,1,1
1590,1,266,27,18,41,1,1,1
1591,1,265,27,18,42,1,1,1
1592,1,263,27,20,42,1,1,1
1593,1,262,27,20,43,1,1,1
1594,1,261,27,21,44,1,1,1
1595,1,260,27,21,45,1,1,1
1596,1,259,28,22,45,1,1,1
1597,1,260,28,20,42,1,1,1
1598,1,261,28,18,40,1,1,1
1599,1,263,28,15,38,1,1,1
1600,1,262,28,15,37,1,1,1
1601,1,261,28,15,37,1,1,1
1602,1,261,28,15,37,1,1,1
1603,1,260,28,15,37,1,1,1
1604,1,260,28,14,37,1,1,1
1605,1,259,28,15,37,1,1,1
1606,1,258,28,15,37,1,1,1
1607,1,258,28,15,37,1,1,1
1608,1,257,28,15,37,1,1,1
1609,1,257,28,14,37,1,1,1
1610,1,256,28,15,37,1,1,1
1611,1,255,28,15,37,1,1,1
1612,1,255,28,15,37,1,1,1
1613,1,254,28,15,37,1,1,1
1614,1,254,28,14,37,1,1,1
1615,1,253,28,15,37,1,1,1
1616,1,252,28,15,37,1,1,1
1617,1,252,28,15,37,1,1,1
1618,1,251,28,15,37,1,1,1
1619,1,251,28,14,37,1,1,1
1620,1,250,28,15,37,1,1,1
1621,1,249,28,15,37,1,1,1
1622,1,249,28,15,37,1,1,1
1623,1,248,28,15,37,1,1,1
1624,1,248,28,14,37,1,1,1
1625,1,247,28,15,37,1,1,1
1626,1,246,28,15,37,1,1,1
1627,1,246,28,14,37,1,1,1
1628,1,245,28,15,37,1,1,1
1629,1,245,28,14,37,1,1,1
1630,1,244,28,15,37,1,1,1
1631,1,243,28,15,37,1,1,1
1632,1,243,28,14,37,1,1,1
1633,1,242,28,15,37,1,1,1
1634,1,242,29,14,35,1,1,1
1635,1,241,29,15,35,1,1,1
1636,1,241,29,14,35,1,1,1
1637,1,240,29,14,35,1,1,1
1638,1,239,29,15,35,1,1,1
1639,1,239,29,14,35,1,1,1
1640,1,238,29,15,35,1,1,1
1641,1,238,29,14,35,1,1,1
1642,1,237,29,14,35,1,1,1
1643,1,236,29,15,35,1,1,1
1644,1,236,29,14,35,1,1,1
1645,1,235,29,15,35,1,1,1
1646,1,235,29,14,35,1,1,1
1647,1,234,29,14,35,1,1,1
1648,1,233,29,15,35,1,1,1
1649,1,233,29,14,35,1,1,1
1650,1,232,29,14,35,1,1,1
1651,1,232,29,14,35,1,1,1
1652,1,231,29,14,35,1,1,1
1653,1,230,29,15,35,1,1,1
1654,1,230,29,14,35,1,1,1
1655,1,229,29,14,35,1,1,1
1656,1,229,29,14,35,1,1,1
1657,1,228,29,14,35,1,1,1
1658,1,227,29,15,35,1,1,1
1659,1,227,29,14,35,1,1,1
1660,1,226,29,14,35,1,1,1
1661,1,226,29,14,35,1,1,1
1662,1,225,29,14,35,1,1,1
1663,1,224,29,15,35,1,1,1
1664,1,224,29,14,35,1,1,1
1665,1,223,29,14,35,1,1,1
1666,1,223,29,14,35,1,1,1
1667,1,222,29,14,35,1,1,1
1896,1,221,31,15,37,1,1,1
1897,1,221,31,15,37,1,1,1
1898,1,221,31,15,37,1,1,1
1899,1,221,31,15,37,1,1,1
1900,1,221,31,15,37,1,1,1
1901,1,221,31,15,37,1,1,1
1902,1,221,31,16,37,1,1,1
1903,1,221,31,16,38,1,1,1
1904,1,221,31,16,38,1,1,1
1905,1,221,31,16,38,1,1,1
1906,1,221,31,16,38,1,1,1
1907,1,222,31,16,38,1,1,1
1908,1,222,31,16,38,1,1,1
1909,1,222,31,16,38,1,1,1
1910,1,222,31,16,39,1,1,1
1911,1,222,31,16,39,1,1,1
1912,1,222,31,16,39,1,1,1
1913,1,222,31,17,39,1,1,1
1914,1,222,31,17,39,1,1,1
1915,1,222,31,17,39,1,1,1
1916,1,222,31,17,40,1,1,1
1917,1,222,31,17,40,1,1,1
1918,1,223,31,17,40,1,1,1
1919,1,223,31,17,40,1,1,1
1920,1,223,31,17,40,1,1,1
1921,1,223,31,17,40,1,1,1
1922,1,223,31,17,40,1,1,1
1923,1,223,31,17,41,1,1,1
1924,1,223,31,18,41,1,1,1
1925,1,223,31,18,41,1,1,1
1926,1,223,31,18,41,1,1,1
1927,1,223,31,18,41,1,1,1
1928,1,223,31,18,41,1,1,1
1929,1,224,32,18,41,1,1,1
1930,1,223,32,18,41,1,1,1
1931,1,223,32,18,41,1,1,1
1932,1,223,32,18,41,1,1,1
1933,1,223,32,18,41,1,1,1
1934,1,222,32,18,41,1,1,1
1935,1,222,32,18,41,1,1,1
1936,1,222,32,18,41,1,1,1
1937,1,222,32,18,41,1,1,1
1938,1,221,32,18,41,1,1,1
1939,1,221,32,18,41,1,1,1
1940,1,221,32,18,41,1,1,1
1941,1,221,32,18,41,1,1,1
1942,1,220,32,18,41,1,1,1
1943,1,220,32,18,41,1,1,1
1944,1,220,32,18,41,1,1,1
1945,1,220,32,18,41,1,1,1
1946,1,219,32,18,41,1,1,1
1947,1,219,32,18,41,1,1,1
1948,1,219,32,18,41,1,1,1
1949,1,219,32,18,41,1,1,1
1950,1,218,32,18,41,1,1,1
1951,1,218,32,18,41,1,1,1
1952,1,218,32,18,41,1,1,1
1953,1,218,32,18,41,1,1,1
1954,1,217,32,18,41,1,1,1
1955,1,217,33,18,41,1,1,1
1956,1,217,33,18,41,1,1,1
1957,1,217,33,18,41,1,1,1
1958,1,216,33,18,41,1,1,1
1959,1,216,33,18,41,1,1,1
1960,1,216,33,18,41,1,1,1
1961,1,216,33,18,41,1,1,1
1962,1,215,33,18,41,1,1,1
1963,1,215,33,18,41,1,1,1
1964,1,215,33,18,41,1,1,1
1965,1,215,33,18,41,1,1,1
1966,1,214,33,18,41,1,1,1
1967,1,214,33,18,41,1,1,1
1968,1,214,33,18,41,1,1,1
1969,1,214,33,18,41,1,1,1
1970,1,213,33,18,41,1,1,1
1971,1,213,33,18,41,1,1,1
1972,1,213,33,18,41,1,1,1
1973,1,213,33,18,41,1,1,1
1974,1,212,33,18,41,1,1,1
1975,1,212,33,18,41,1,1,1
1976,1,212,33,18,41,1,1,1
1977,1,212,33,18,41,1,1,1
1978,1,211,33,18,41,1,1,1
1979,1,211,33,18,41,1,1,1
1980,1,211,33,18,41,1,1,1
1981,1,211,34,18,41,1,1,1
1982,1,210,34,18,41,1,1,1
1983,1,210,34,18,41,1,1,1
1984,1,209,34,18,41,1,1,1
1985,1,209,34,18,41,1,1,1
1986,1,208,34,18,41,1,1,1
1987,1,208,34,18,41,1,1,1
1988,1,208,34,18,41,1,1,1
1989,1,207,34,18,42,1,1,1
1990,1,207,34,18,42,1,1,1
1991,1,206,34,18,42,1,1,1
1992,1,206,34,18,42,1,1,1
1993,1,206,34,18,42,1,1,1
1994,1,205,34,18,42,1,1,1
1995,1,205,34,18,42,1,1,1
1996,1,204,34,18,43,1,1,1
1997,1,204,34,18,43,1,1,1
1998,1,204,34,18,43,1,1,1
1999,1,203,34,18,43,1,1,1
2000,1,203,34,18,43,1,1,1
2001,1,202,34,18,43,1,1,1
2002,1,202,34,18,43,1,1,1
2003,1,202,34,18,44,1,1,1
2004,1,201,34,18,44,1,1,1
2005,1,201,34,18,44,1,1,1
2006,1,200,34,18,44,1,1,1
2007,1,200,34,18,44,1,1,1
2008,1,199,34,18,44,1,1,1
2009,1,199,34,18,44,1,1,1
2010,1,199,34,18,44,1,1,1
2011,1,198,34,18,45,1,1,1
2012,1,198,34,18,45,1,1,1
2013,1,197,34,18,45,1,1,1
2014,1,197,34,18,45,1,1,1
2015,1,197,34,18,45,1,1,1
2016,1,196,34,18,45,1,1,1
2017,1,196,34,18,45,1,1,1
2018,1,195,34,18,46,1,1,1
2019,1,195,34,18,46,1,1,1
2020,1,195,34,18,46,1,1,1
2021,1,194,34,18,46,1,1,1
2022,1,194,34,18,46,1,1,1
2023,1,193,34,18,46,1,1,1
2024,1,193,34,18,46,1,1,1
2025,1,193,34,18,47,1,1,1
2026,1,192,34,18,47,1,1,1
2027,1,192,34,18,47,1,1,1
2028,1,191,34,18,47,1,1,1
2029,1,191,34,18,47,1,1,1
2030,1,190,34,18,47,1,1,1
2031,1,190,34,18,47,1,1,1
2032,1,190,34,18,47,1,1,1
2033,1,189,34,18,48,1,1,1
2034,1,189,34,18,48,1,1,1
2035,1,188,34,18,48,1,1,1
2036,1,188,34,18,48,1,1,1
2037,1,188,34,18,48,1,1,1
2038,1,187,34,18,48,1,1,1
2039,1,187,34,18,48,1,1,1
2040,1,186,34,18,49,1,1,1
2041,1,186,34,18,49,1,1,1
2042,1,186,34,18,49,1,1,1
2043,1,185,34,18,49,1,1,1
2044,1,185,34,18,49,1,1,1
2045,1,184,34,18,49,1,1,1
2046,1,184,34,18,49,1,1,1
2047,1,184,34,18,50,1,1,1
2048,1,183,34,18,50,1,1,1
2049,1,183,34,18,50,1,1,1
2050,1,182,34,18,50,1,1,1
2051,1,182,34,18,50,1,1,1
2052,1,181,34,18,50,1,1,1
2053,1,181,34,18,50,1,1,1
2054,1,181,34,18,50,1,1,1
2055,1,180,34,18,51,1,1,1
2056,1,180,34,18,51,1,1,1
2057,1,179,34,18,51,1,1,1
2058,1,179,34,18,51,1,1,1
2059,1,179,34,18,51,1,1,1
2060,1,178,34,18,51,1,1,1
2061,1,178,34,18,51,1,1,1
2062,1,177,34,18,52,1,1,1
2063,1,177,34,18,52,1,1,1
2064,1,177,34,18,52,1,1,1
2065,1,176,34,18,52,1,1,1
2066,1,176,34,18,52,1,1,1
2067,1,175,34,18,52,1,1,1
2068,1,175,34,18,52,1,1,1
2069,1,175,34,18,53,1,1,1
2070,1,174,34,18,53,1,1,1
2071,1,173,34,18,53,1,1,1
2072,1,173,34,18,53,1,1,1
2073,1,172,34,18,53,1,1,1
2074,1,172,34,18,53,1,1,1
2075,1,171,34,18,54,1,1,1
2076,1,171,34,18,54,1,1,1
2077,1,170,34,18,54,1,1,1
2078,1,169,35,19,53,1,1,1
2079,1,169,35,18,53,1,1,1
2080,1,168,35,19,54,1,1,1
2081,1,168,35,18,54,1,1,1
2082,1,167,35,19,54,1,1,1
2083,1,167,35,18,54,1,1,1
2084,1,166,35,19,54,1,1,1
2085,1,165,35,19,54,1,1,1
2086,1,165,35,19,55,1,1,1
2087,1,164,36,19,54,1,1,1
2088,1,164,36,19,54,1,1,1
2089,1,163,36,19,54,1,1,1
2090,1,163,36,19,54,1,1,1
2091,1,162,36,19,55,1,1,1
2092,1,162,36,19,55,1,1,1
2093,1,161,36,19,55,1,1,1
2094,1,160,36,19,55,1,1,1
2095,1,160,36,19,55,1,1,1
2096,1,159,37,19,54,1,1,1
2097,1,159,37,19,55,1,1,1
2098,1,158,37,19,55,1,1,1
2099,1,158,37,19,55,1,1,1
2100,1,157,37,19,55,1,1,1
2101,1,156,37,20,55,1,1,1
2102,1,156,37,19,56,1,1,1
2103,1,155,37,20,56,1,1,1
2104,1,155,37,19,56,1,1,1
2105,1,154,38,20,55,1,1,1
2106,1,154,38,19,55,1,1,1
2107,1,153,38,20,55,1,1,1
2108,1,153,38,19,56,1,1,1
2109,1,152,38,20,56,1,1,1
2110,1,151,38,20,56,1,1,1
2111,1,151,38,20,56,1,1,1
2112,1,150,38,20,56,1,1,1
2113,1,150,38,20,57,1,1,1
2114,1,149,39,20,56,1,1,1
2115,1,149,39,20,56,1,1,1
2116,1,148,39,20,56,1,1,1
2117,1,147,39,20,56,1,1,1
2118,1,147,39,20,56,1,1,1
2119,1,146,39,20,57,1,1,1
2120,1,146,39,20,57,1,1,1
2121,1,145,39,20,57,1,1,1
2122,1,145,39,20,57,1,1,1
2123,1,144,40,20,56,1,1,1
2124,1,144,40,20,57,1,1,1
2125,1,143,40,20,57,1,1,1
2126,1,142,40,21,57,1,1,1
2127,1,142,40,20,57,1,1,1
2128,1,141,40,21,57,1,1,1
2129,1,141,40,20,57,1,1,1
2130,1,140,40,21,58,1,1,1
2131,1,140,40,20,58,1,1,1
2132,1,139,41,21,57,1,1,1
2133,1,138,41,21,57,1,1,1
2134,1,138,41,21,57,1,1,1
2135,1,137,41,21,58,1,1,1
2136,1,137,41,21,58,1,1,1
2137,1,136,41,21,58,1,1,1
2138,1,136,41,21,58,1,1,1
2139,1,135,41,21,58,1,1,1
2140,1,135,42,21,58,1,1,1
2141,1,134,42,21,58,1,1,1
2142,1,133,42,21,58,1,1,1
2143,1,132,42,21,58,1,1,1
2144,1,131,42,21,59,1,1,1
2145,1,130,42,21,59,1,1,1
2146,1,129,42,22,59,1,1,1
2147,1,128,42,22,59,1,1,1
2148,1,127,42,22,60,1,1,1
2149,1,126,42,22,60,1,1,1
2150,1,125,42,22,60,1,1,1
2151,1,124,43,22,59,1,1,1
2152,1,123,43,23,60,1,1,1
2153,1,123,43,22,60,1,1,1
2154,1,122,43,22,60,1,1,1
2155,1,121,43,22,61,1,1,1
2156,1,120,43,22,61,1,1,1
2157,1,119,43,22,61,1,1,1
2158,1,118,43,23,61,1,1,1
2159,1,117,43,23,62,1,1,1
2160,1,116,43,23,62,1,1,1
2161,1,115,43,23,62,1,1,1
2162,1,114,44,23,61,1,1,1
2163,1,113,44,23,62,1,1,1
2164,1,112,44,24,62,1,1,1
2165,1,112,44,23,62,1,1,1
2166,1,111,44,23,62,1,1,1
2167,1,110,44,23,63,1,1,1
2168,1,109,44,23,63,1,1,1
2169,1,108,44,24,63,1,1,1
2170,1,107,44,24,64,1,1,1
2171,1,106,44,24,64,1,1,1
2172,1,105,44,24,64,1,1,1
2173,1,104,45,24,63,1,1,1
2174,1,103,45,24,64,1,1,1
2175,1,102,45,25,64,1,1,1
2176,1,101,45,25,64,1,1,1
2177,1,100,45,25,64,1,1,1
2178,1,100,45,24,65,1,1,1
2179,1,99,45,24,65,1,1,1
2180,1,98,45,24,65,1,1,1
2181,1,97,45,25,65,1,1,1
2182,1,96,45,25,66,1,1,1
2183,1,95,46,25,65,1,1,1
2184,1,94,46,25,65,1,1,1
2185,1,93,46,25,66,1,1,1
2186,1,92,46,25,66,1,1,1
2187,1,91,46,26,66,1,1,1
2188,1,90,46,26,66,1,1,1
2189,1,89,46,26,67,1,1,1
2190,1,89,46,25,67,1,1,1
2191,1,88,46,25,67,1,1,1
2192,1,87,46,26,67,1,1,1
2193,1,86,46,26,68,1,1,1
2194,1,85,47,26,67,1,1,1
2195,1,84,47,26,67,1,1,1
2196,1,83,47,26,67,1,1,1
2197,1,82,47,26,68,1,1,1
2198,1,81,47,27,68,1,1,1
2199,1,80,47,27,68,1,1,1
2200,1,79,47,27,69,1,1,1
2201,1,78,47,27,69,1,1,1
2202,1,77,47,27,69,1,1,1
2203,1,77,47,26,69,1,1,1
2204,1,76,47,27,70,1,1,1
2205,1,75,48,27,69,1,1,1
2206,1,74,48,27,69,1,1,1
2207,1,73,48,27,69,1,1,1
2208,1,72,48,27,70,1,1,1
2209,1,71,48,27,70,1,1,1
2210,1,70,48,28,70,1,1,1
2211,1,69,48,28,70,1,1,1
2212,1,68,48,28,71,1,1,1
2213,1,67,48,28,71,1,1,1
2214,1,66,48,28,71,1,1,1
2215,1,66,49,28,71,1,1,1
2216,1,64,49,28,71,1,1,1
2217,1,63,49,28,71,1,1,1
2218,1,61,49,28,72,1,1,1
2219,1,60,49,28,72,1,1,1
2220,1,58,50,28,72,1,1,1
2221,1,57,50,28,72,1,1,1
2222,1,55,50,28,73,1,1,1
2223,1,54,50,28,73,1,1,1
2224,1,53,50,28,74,1,1,1
2225,1,51,51,28,73,1,1,1
2226,1,50,51,28,74,1,1,1
2227,1,48,51,28,74,1,1,1
2228,1,47,51,28,75,1,1,1
2229,1,45,52,28,74,1,1,1
2230,1,44,52,28,75,1,1,1
2231,1,43,52,28,75,1,1,1
2232,1,41,52,28,76,1,1,1
2233,1,40,52,28,76,1,1,1
2234,1,38,53,28,76,1,1,1
2235,1,37,53,28,76,1,1,1
2236,1,35,53,28,77,1,1,1
2237,1,34,53,28,77,1,1,1
2238,1,33,54,28,77,1,1,1
2239,1,31,54,28,77,1,1,1
2240,1,30,54,28,77,1,1,1
2241,1,28,54,28,78,1,1,1
2242,1,27,54,28,78,1,1,1
2243,1,25,55,28,78,1,1,1
2244,1,24,55,28,78,1,1,1
2245,1,22,55,28,79,1,1,1
2246,1,21,55,28,79,1,1,1
2247,1,20,55,28,80,1,1,1
2248,1,18,56,28,79,1,1,1
2249,1,17,56,28,80,1,1,1
2250,1,15,56,28,80,1,1,1
2251,1,14,56,28,81,1,1,1
2252,1,12,57,28,80,1,1,1
2253,1,11,57,28,81,1,1,1
2254,1,10,57,28,81,1,1,1
2255,1,8,57,28,82,1,1,1
2256,1,7,57,28,82,1,1,1
2257,1,5,58,28,82,1,1,1
2258,1,4,58,28,82,1,1,1
2259,1,2,58,28,83,1,1,1
2260,1,1,58,28,83,1,1,1
2499,1,227,30,12,41,1,1,1
1519,2,0,68,28,92,1,1,1
1520,2,0,67,29,92,1,1,1
1521,2,1,67,29,91,1,1,1
1522,2,2,66,29,91,1,1,1
1523,2,2,66,30,90,1,1,1
1524,2,3,65,31,90,1,1,1
1525,2,4,65,31,89,1,1,1
1526,2,4,64,32,89,1,1,1
1527,2,5,64,32,88,1,1,1
1528,2,6,64,33,88,1,1,1
1529,2,7,63,33,88,1,1,1
1530,2,8,63,33,88,1,1,1
1531,2,9,63,33,87,1,1,1
1532,2,11,63,32,87,1,1,1
1533,2,12,63,32,87,1,1,1
1534,2,13,63,33,86,1,1,1
1535,2,14,62,33,87,1,1,1
1536,2,16,62,32,86,1,1,1
1537,2,17,62,32,86,1,1,1
1538,2,18,62,32,86,1,1,1
1539,2,19,62,32,85,1,1,1
1540,2,21,62,32,85,1,1,1
1541,2,22,61,32,86,1,1,1
1542,2,23,61,32,85,1,1,1
1543,2,24,61,32,85,1,1,1
1544,2,26,61,31,84,1,1,1
1545,2,27,61,32,84,1,1,1
1546,2,28,61,32,84,1,1,1
1547,2,29,60,32,84,1,1,1
1548,2,31,60,31,84,1,1,1
1549,2,32,60,31,83,1,1,1
1550,2,33,60,31,83,1,1,1
1551,2,34,60,32,83,1,1,1
1552,2,36,60,31,82,1,1,1
1553,2,37,59,31,83,1,1,1
1554,2,38,59,31,83,1,1,1
1555,2,39,59,31,82,1,1,1
1556,2,41,59,30,82,1,1,1
1557,2,42,59,31,81,1,1,1
1558,2,43,59,31,81,1,1,1
1559,2,44,58,31,82,1,1,1
1560,2,46,58,30,81,1,1,1
1561,2,47,58,30,81,1,1,1
1562,2,48,58,31,81,1,1,1
1563,2,49,58,31,80,1,1,1
1564,2,51,58,30,80,1,1,1
1565,2,52,58,30,79,1,1,1
1566,2,53,57,30,80,1,1,1
1567,2,54,57,30,80,1,1,1
1568,2,56,57,30,79,1,1,1
1569,2,57,57,30,79,1,1,1
1570,2,58,57,30,78,1,1,1
1571,2,59,57,30,78,1,1,1
1572,2,61,56,29,79,1,1,1
1573,2,62,56,29,78,1,1,1
1574,2,63,56,30,78,1,1,1
1575,2,64,56,30,78,1,1,1
1576,2,66,56,29,77,1,1,1
1577,2,67,56,29,77,1,1,1
1578,2,68,55,29,77,1,1,1
1579,2,69,55,30,77,1,1,1
1580,2,71,55,29,77,1,1,1
1581,2,72,55,29,76,1,1,1
1582,2,73,55,29,76,1,1,1
1583,2,74,55,29,75,1,1,1
1584,2,76,54,28,76,1,1,1
1585,2,77,54,29,76,1,1,1
1586,2,78,54,29,75,1,1,1
1587,2,79,54,29,75,1,1,1
1588,2,81,54,28,75,1,1,1
1589,2,82,54,28,74,1,1,1
1590,2,83,53,28,75,1,1,1
1591,2,84,53,29,74,1,1,1
1592,2,86,53,28,74,1,1,1
1593,2,87,53,28,74,1,1,1
1594,2,88,53,28,73,1,1,1
1595,2,89,53,28,73,1,1,1
1596,2,91,53,28,73,1,1,1
1597,2,91,52,28,73,1,1,1
1598,2,92,52,28,73,1,1,1
1599,2,93,52,28,73,1,1,1
1600,2,94,52,27,72,1,1,1
1601,2,94,52,28,72,1,1,1
1602,2,95,52,28,72,1,1,1
1603,2,96,52,27,72,1,1,1
1604,2,97,52,27,71,1,1,1
1605,2,97,51,28,72,1,1,1
1606,2,98,51,27,72,1,1,1
1607,2,99,51,27,71,1,1,1
1608,2,100,51,27,71,1,1,1
1609,2,101,51,27,71,1,1,1
1610,2,101,51,27,71,1,1,1
1611,2,102,51,27,70,1,1,1
1612,2,103,51,27,70,1,1,1
1613,2,104,50,26,71,1,1,1
1614,2,104,50,27,71,1,1,1
1615,2,105,50,27,70,1,1,1
1616,2,106,50,26,70,1,1,1
1617,2,107,50,26,70,1,1,1
1618,2,108,50,26,69,1,1,1
1619,2,108,50,27,69,1,1,1
1620,2,109,50,26,69,1,1,1
1621,2,110,50,26,69,1,1,1
1622,2,111,49,26,69,1,1,1
1623,2,111,49,26,69,1,1,1
1624,2,112,49,26,69,1,1,1
1625,2,113,49,26,68,1,1,1
1626,2,114,49,25,68,1,1,1
1627,2,115,49,25,68,1,1,1
1628,2,115,49,26,68,1,1,1
1629,2,116,49,26,67,1,1,1
1630,2,117,48,25,68,1,1,1
1631,2,118,48,25,68,1,1,1
1632,2,118,48,26,68,1,1,1
1633,2,119,48,25,67,1,1,1
1634,2,120,48,25,67,1,1,1
1635,2,121,48,25,67,1,1,1
1636,2,122,48,24,66,1,1,1
1637,2,122,48,25,66,1,1,1
1638,2,123,48,25,66,1,1,1
1639,2,124,47,24,67,1,1,1
1640,2,125,47,24,66,1,1,1
1641,2,125,47,25,66,1,1,1
1642,2,126,47,25,66,1,1,1
1643,2,127,47,24,66,1,1,1
1644,2,128,47,24,65,1,1,1
1645,2,129,47,24,65,1,1,1
1646,2,129,47,24,65,1,1,1
1647,2,130,46,24,65,1,1,1
1648,2,131,46,24,65,1,1,1
1649,2,132,46,23,65,1,1,1
1650,2,132,46,24,65,1,1,1
1651,2,133,46,24,64,1,1,1
1652,2,134,46,24,64,1,1,1
1653,2,135,46,23,64,1,1,1
1654,2,136,46,23,63,1,1,1
1655,2,136,46,24,63,1,1,1
1656,2,137,45,23,64,1,1,1
1657,2,138,45,23,64,1,1,1
1658,2,139,45,23,63,1,1,1
1659,2,139,45,23,63,1,1,1
1660,2,140,45,23,63,1,1,1
1661,2,141,45,23,63,1,1,1
1662,2,142,45,23,62,1,1,1
1663,2,143,45,22,62,1,1,1
1664,2,143,44,23,63,1,1,1
1665,2,144,44,23,62,1,1,1
1666,2,145,44,22,62,1,1,1
1667,2,146,44,22,62,1,1,1
1668,2,146,44,23,62,1,1,1
1669,2,147,44,22,61,1,1,1
1670,2,148,44,22,61,1,1,1
1671,2,149,44,22,61,1,1,1
1672,2,150,44,22,61,1,1,1
1673,2,150,43,22,61,1,1,1
1674,2,150,43,23,61,1,1,1
1675,2,151,43,23,61,1,1,1
1676,2,151,43,23,61,1,1,1
1677,2,151,42,24,62,1,1,1
1678,2,152,42,24,62,1,1,1
1679,2,152,42,24,62,1,1,1
1680,2,153,42,24,62,1,1,1
1681,2,153,41,25,63,1,1,1
1682,2,153,41,25,63,1,1,1
1683,2,154,41,25,63,1,1,1
1684,2,154,41,26,63,1,1,1
1685,2,154,40,26,64,1,1,1
1686,2,155,40,26,64,1,1,1
1687,2,155,40,27,64,1,1,1
1688,2,156,40,27,64,1,1,1
1689,2,156,40,27,63,1,1,1
1690,2,157,40,26,63,1,1,1
1691,2,157,40,26,63,1,1,1
1692,2,158,40,26,62,1,1,1
1693,2,158,40,26,62,1,1,1
1694,2,159,40,25,62,1,1,1
1695,2,160,40,25,62,1,1,1
1696,2,160,40,25,61,1,1,1
1697,2,161,40,24,61,1,1,1
1698,2,161,40,24,61,1,1,1
1699,2,162,40,24,60,1,1,1
1700,2,162,40,24,60,1,1,1
1701,2,163,40,23,60,1,1,1
1702,2,164,40,23,60,1,1,1
1703,2,164,40,23,59,1,1,1
1704,2,165,40,22,59,1,1,1
1705,2,165,40,22,59,1,1,1
1706,2,166,40,22,58,1,1,1
1707,2,166,40,22,58,1,1,1
1708,2,167,40,21,58,1,1,1
1709,2,168,40,21,58,1,1,1
1710,2,168,40,22,58,1,1,1
1711,2,169,40,22,58,1,1,1
1712,2,170,40,22,58,1,1,1
1713,2,170,40,23,58,1,1,1
1714,2,171,40,23,58,1,1,1
1715,2,172,41,23,57,1,1,1
1716,2,172,40,23,57,1,1,1
1717,2,173,40,22,57,1,1,1
1718,2,173,40,23,57,1,1,1
1719,2,174,40,22,57,1,1,1
1720,2,174,40,22,56,1,1,1
1721,2,175,40,22,56,1,1,1
1722,2,175,40,22,56,1,1,1
1723,2,176,40,21,56,1,1,1
1724,2,176,40,22,55,1,1,1
1725,2,177,40,21,55,1,1,1
1726,2,177,39,21,56,1,1,1
1727,2,178,39,21,56,1,1,1
1728,2,178,39,21,55,1,1,1
1729,2,179,39,20,55,1,1,1
1730,2,179,39,21,55,1,1,1
1731,2,180,39,20,55,1,1,1
1732,2,180,39,20,54,1,1,1
1733,2,181,39,20,54,1,1,1
1734,2,181,39,20,54,1,1,1
1735,2,182,39,20,54,1,1,1
1736,2,182,38,20,54,1,1,1
1737,2,183,38,20,54,1,1,1
1738,2,183,38,20,54,1,1,1
1739,2,184,38,20,54,1,1,1
1740,2,184,38,21,54,1,1,1
1741,2,185,38,20,54,1,1,1
1742,2,185,38,21,54,1,1,1
1743,2,186,38,20,54,1,1,1
1744,2,186,38,21,54,1,1,1
1745,2,187,38,21,54,1,1,1
1746,2,187,38,21,53,1,1,1
1747,2,188,38,21,53,1,1,1
1748,2,188,38,21,53,1,1,1
1749,2,189,38,21,53,1,1,1
1750,2,189,38,22,53,1,1,1
1751,2,190,37,21,54,1,1,1
1752,2,190,37,22,54,1,1,1
1753,2,191,37,21,54,1,1,1
1754,2,191,37,22,54,1,1,1
1755,2,192,37,22,54,1,1,1
1756,2,192,37,22,53,1,1,1
1757,2,193,37,22,53,1,1,1
1758,2,193,37,22,53,1,1,1
1759,2,194,37,22,53,1,1,1
1760,2,194,37,23,53,1,1,1
1761,2,195,37,22,53,1,1,1
1762,2,195,37,23,53,1,1,1
1763,2,196,37,22,53,1,1,1
1764,2,196,37,23,53,1,1,1
1765,2,197,37,23,53,1,1,1
1766,2,197,37,23,52,1,1,1
1767,2,197,37,23,52,1,1,1
1768,2,198,37,22,52,1,1,1
1769,2,198,37,22,52,1,1,1
1770,2,198,37,23,52,1,1,1
1771,2,199,37,22,52,1,1,1
1772,2,199,37,22,51,1,1,1
1773,2,199,37,22,51,1,1,1
1774,2,200,37,22,51,1,1,1
1775,2,200,37,22,51,1,1,1
1776,2,200,37,22,51,1,1,1
1777,2,201,37,21,51,1,1,1
1778,2,201,37,22,50,1,1,1
1779,2,201,37,22,50,1,1,1
1780,2,202,37,21,50,1,1,1
1781,2,202,37,21,50,1,1,1
1782,2,203,37,21,50,1,1,1
1783,2,203,37,21,50,1,1,1
1784,2,203,37,21,50,1,1,1
1785,2,204,37,20,49,1,1,1
1786,2,204,37,21,49,1,1,1
1787,2,204,37,21,49,1,1,1
1788,2,205,37,20,49,1,1,1
1789,2,205,37,20,49,1,1,1
1790,2,205,37,21,49,1,1,1
1791,2,206,37,20,48,1,1,1
1792,2,206,37,20,48,1,1,1
1793,2,206,37,20,48,1,1,1
1794,2,207,37,20,48,1,1,1
1795,2,207,37,20,48,1,1,1
1796,2,208,37,19,48,1,1,1
1797,2,208,37,19,48,1,1,1
1798,2,208,37,20,47,1,1,1
1799,2,209,37,19,47,1,1,1
1800,2,209,37,19,47,1,1,1
1801,2,209,37,19,47,1,1,1
1802,2,210,37,19,47,1,1,1
1803,2,210,37,19,47,1,1,1
1804,2,210,37,19,46,1,1,1
1805,2,211,37,18,46,1,1,1
1806,2,211,37,19,46,1,1,1
1807,2,211,37,19,46,1,1,1
1808,2,212,37,18,46,1,1,1
1809,2,212,37,18,46,1,1,1
1810,2,213,37,18,46,1,1,1
1811,2,213,36,18,46,1,1,1
1812,2,213,36,18,46,1,1,1
1813,2,214,36,17,46,1,1,1
1814,2,214,36,18,46,1,1,1
1815,2,214,36,18,46,1,1,1
1816,2,215,36,17,46,1,1,1
1817,2,215,36,18,46,1,1,1
1818,2,215,36,18,46,1,1,1
1819,2,216,36,17,45,1,1,1
1820,2,216,36,18,45,1,1,1
1821,2,216,36,18,45,1,1,1
1822,2,217,36,17,45,1,1,1
1823,2,217,36,17,45,1,1,1
1824,2,217,36,18,45,1,1,1
1825,2,218,36,17,45,1,1,1
1826,2,218,36,17,45,1,1,1
1827,2,218,36,18,44,1,1,1
1828,2,219,36,17,44,1,1,1
1829,2,219,36,17,44,1,1,1
1830,2,219,36,18,44,1,1,1
1831,2,220,36,17,44,1,1,1
1832,2,220,36,17,44,1,1,1
1833,2,220,36,17,44,1,1,1
1834,2,221,36,17,44,1,1,1
1835,2,221,36,17,43,1,1,1
1836,2,221,36,17,43,1,1,1
1837,2,222,36,17,43,1,1,1
1838,2,222,36,17,43,1,1,1
1839,2,222,36,17,43,1,1,1
1840,2,223,36,17,43,1,1,1
1841,2,223,36,17,43,1,1,1
1842,2,223,36,17,43,1,1,1
1843,2,224,36,17,43,1,1,1
1844,2,224,35,17,43,1,1,1
1845,2,225,35,16,43,1,1,1
1846,2,225,34,16,44,1,1,1
1847,2,226,34,15,44,1,1,1
1848,2,226,33,16,45,1,1,1
1849,2,227,33,15,45,1,1,1
1850,2,227,32,15,46,1,1,1
1851,2,228,32,14,46,1,1,1
1852,2,229,32,14,46,1,1,1
1853,2,229,32,14,45,1,1,1
1854,2,229,32,14,45,1,1,1
1855,2,229,32,15,45,1,1,1
1856,2,229,33,15,43,1,1,1
1857,2,229,33,16,43,1,1,1
1858,2,229,33,16,43,1,1,1
1859,2,230,34,16,42,1,1,1
1860,2,230,33,16,42,1,1,1
1861,2,230,33,16,42,1,1,1
1862,2,230,33,16,42,1,1,1
1863,2,231,33,16,42,1,1,1
1864,2,231,33,16,42,1,1,1
1865,2,231,33,16,42,1,1,1
1866,2,231,33,16,42,1,1,1
1867,2,232,33,16,42,1,1,1
1868,2,232,33,16,42,1,1,1
1869,2,232,33,16,42,1,1,1
1870,2,232,33,16,42,1,1,1
1871,2,233,33,16,42,1,1,1
1872,2,233,33,16,41,1,1,1
1873,2,233,33,16,41,1,1,1
1874,2,233,33,16,41,1,1,1
1875,2,234,33,16,41,1,1,1
1876,2,234,33,16,41,1,1,1
1877,2,234,33,16,41,1,1,1
1878,2,235,33,15,41,1,1,1
1879,2,235,33,16,41,1,1,1
1880,2,235,33,16,41,1,1,1
1881,2,235,33,16,41,1,1,1
1882,2,236,33,15,41,1,1,1
1883,2,236,33,16,41,1,1,1
1884,2,236,33,16,41,1,1,1
1885,2,236,33,16,40,1,1,1
1886,2,237,33,15,40,1,1,1
1887,2,237,33,16,40,1,1,1
1888,2,237,33,16,40,1,1,1
1889,2,237,33,16,40,1,1,1
1890,2,238,33,15,40,1,1,1
1891,2,238,33,16,40,1,1,1
1892,2,238,33,16,40,1,1,1
1893,2,239,33,15,40,1,1,1
1894,2,239,33,15,40,1,1,1
1895,2,239,33,16,40,1,1,1
1896,2,239,33,16,40,1,1,1
1897,2,240,33,15,40,1,1,1
1898,2,240,33,15,39,1,1,1
1899,2,240,33,16,39,1,1,1
1900,2,240,33,16,39,1,1,1
1901,2,241,33,15,39,1,1,1
1902,2,241,33,15,39,1,1,1
1903,2,241,33,16,39,1,1,1
1904,2,241,33,16,39,1,1,1
1905,2,242,33,15,39,1,1,1
1906,2,242,33,15,39,1,1,1
1907,2,242,33,16,39,1,1,1
1908,2,243,33,15,39,1,1,1
1909,2,243,33,15,39,1,1,1
1910,2,243,33,15,39,1,1,1
1911,2,243,33,16,38,1,1,1
1912,2,244,33,15,38,1,1,1
1913,2,244,33,15,38,1,1,1
1914,2,244,33,15,38,1,1,1
1915,2,244,33,16,38,1,1,1
1916,2,245,33,15,38,1,1,1
1917,2,245,33,15,38,1,1,1
1918,2,245,33,15,38,1,1,1
1919,2,245,33,16,38,1,1,1
1920,2,246,33,15,38,1,1,1
1921,2,246,33,15,38,1,1,1
1922,2,246,33,15,38,1,1,1
1923,2,247,33,15,38,1,1,1
1924,2,247,32,15,39,1,1,1
1925,2,247,32,15,39,1,1,1
1926,2,247,32,15,39,1,1,1
1927,2,248,31,15,40,1,1,1
1928,2,248,31,15,40,1,1,1
1929,2,248,31,15,40,1,1,1
1930,2,249,31,15,41,1,1,1
1931,2,249,30,15,41,1,1,1
1932,2,249,30,15,41,1,1,1
1933,2,249,30,15,41,1,1,1
1934,2,249,30,15,41,1,1,1
1935,2,249,30,15,41,1,1,1
1936,2,250,30,14,41,1,1,1
1937,2,250,30,15,41,1,1,1
1938,2,250,30,15,41,1,1,1
1939,2,250,30,15,41,1,1,1
1940,2,250,30,15,40,1,1,1
1941,2,250,30,15,40,1,1,1
1942,2,251,30,14,40,1,1,1
1943,2,251,30,14,40,1,1,1
1944,2,251,30,15,40,1,1,1
1945,2,251,30,15,40,1,1,1
1946,2,251,30,15,40,1,1,1
1947,2,251,30,15,40,1,1,1
1948,2,252,30,14,40,1,1,1
1949,2,252,30,14,39,1,1,1
1950,2,252,30,15,39,1,1,1
1951,2,252,30,15,39,1,1,1
1952,2,252,30,15,39,1,1,1
1953,2,253,30,14,39,1,1,1
1954,2,253,30,14,39,1,1,1
1955,2,253,30,14,39,1,1,1
1956,2,253,30,14,39,1,1,1
1957,2,253,30,15,39,1,1,1
1958,2,253,30,15,38,1,1,1
1959,2,254,30,14,38,1,1,1
1960,2,254,30,14,38,1,1,1
1961,2,254,30,14,38,1,1,1
1962,2,254,30,14,38,1,1,1
1963,2,254,30,15,38,1,1,1
1964,2,254,30,15,38,1,1,1
1965,2,255,30,14,38,1,1,1
1966,2,255,30,14,38,1,1,1
1967,2,255,30,14,37,1,1,1
1968,2,255,30,14,37,1,1,1
1969,2,255,30,14,37,1,1,1
1970,2,255,30,15,37,1,1,1
1971,2,256,30,14,37,1,1,1
1972,2,256,30,14,37,1,1,1
1973,2,256,30,14,37,1,1,1
1974,2,256,30,14,37,1,1,1
1975,2,256,30,14,37,1,1,1
1976,2,257,30,14,37,1,1,1
1977,2,256,29,14,38,1,1,1
1978,2,256,29,14,38,1,1,1
1979,2,255,29,15,38,1,1,1
1980,2,255,29,15,38,1,1,1
1981,2,255,29,15,39,1,1,1
1982,2,254,29,15,39,1,1,1
1983,2,254,29,15,39,1,1,1
1984,2,254,29,15,39,1,1,1
1985,2,253,29,15,39,1,1,1
1986,2,253,29,15,39,1,1,1
1987,2,253,29,15,39,1,1,1
1988,2,252,29,15,39,1,1,1
1989,2,252,29,15,39,1,1,1
1990,2,252,30,15,38,1,1,1
1991,2,252,30,14,38,1,1,1
1992,2,251,30,15,38,1,1,1
1993,2,251,30,15,38,1,1,1
1994,2,251,30,14,38,1,1,1
1995,2,250,30,15,38,1,1,1
1996,2,250,30,15,38,1,1,1
1997,2,250,30,14,38,1,1,1
1998,2,249,30,15,38,1,1,1
1999,2,249,31,15,37,1,1,1
2000,2,249,31,14,37,1,1,1
2001,2,249,31,14,37,1,1,1
2002,2,248,31,15,37,1,1,1
2003,2,248,31,14,37,1,1,1
2004,2,248,31,14,37,1,1,1
2005,2,247,31,15,37,1,1,1
2006,2,247,31,14,37,1,1,1
2007,2,247,31,14,37,1,1,1
2008,2,247,32,14,37,1,1,1
2009,2,246,32,14,36,1,1,1
2010,2,246,32,14,36,1,1,1
2011,2,246,32,14,36,1,1,1
2012,2,245,32,14,36,1,1,1
2013,2,245,32,14,36,1,1,1
2014,2,245,32,14,36,1,1,1
2015,2,244,32,14,36,1,1,1
2016,2,244,32,14,36,1,1,1
2017,2,244,32,14,36,1,1,1
2018,2,243,32,14,36,1,1,1
2019,2,243,32,14,36,1,1,1
2020,2,243,32,14,36,1,1,1
2021,2,242,32,14,36,1,1,1
2022,2,242,32,14,36,1,1,1
2023,2,242,32,14,36,1,1,1
2024,2,241,32,15,36,1,1,1
2025,2,241,32,14,36,1,1,1
2026,2,241,32,14,36,1,1,1
2027,2,240,32,15,36,1,1,1
2028,2,240,32,14,36,1,1,1
2029,2,240,32,14,36,1,1,1
2030,2,239,32,15,36,1,1,1
2031,2,239,32,14,36,1,1,1
2032,2,239,32,14,36,1,1,1
2033,2,238,32,15,36,1,1,1
2034,2,238,32,14,36,1,1,1
2035,2,238,32,14,36,1,1,1
2036,2,237,32,15,36,1,1,1
2037,2,237,32,15,36,1,1,1
2038,2,237,32,14,36,1,1,1
2039,2,236,32,15,36,1,1,1
2040,2,236,32,15,36,1,1,1
2041,2,236,32,14,36,1,1,1
2042,2,235,32,15,36,1,1,1
2043,2,235,32,15,36,1,1,1
2044,2,235,32,14,36,1,1,1
2045,2,234,32,15,36,1,1,1
2046,2,234,32,15,36,1,1,1
2047,2,234,32,14,36,1,1,1
2048,2,233,32,15,36,1,1,1
2049,2,233,32,15,36,1,1,1
2050,2,233,32,14,36,1,1,1
2051,2,232,32,15,36,1,1,1
2052,2,232,32,15,36,1,1,1
2053,2,232,32,15,36,1,1,1
2054,2,231,32,15,36,1,1,1
2055,2,231,32,15,36,1,1,1
2056,2,231,32,15,36,1,1,1
2057,2,230,32,15,36,1,1,1
2058,2,230,32,15,36,1,1,1
2059,2,230,32,15,36,1,1,1
2060,2,229,32,15,36,1,1,1
2061,2,229,32,15,36,1,1,1
2062,2,229,32,15,36,1,1,1
2063,2,228,32,15,36,1,1,1
2064,2,228,32,15,36,1,1,1
2065,2,228,32,15,36,1,1,1
2066,2,228,32,15,36,1,1,1
2067,2,228,30,15,39,1,1,1
2068,2,228,28,15,42,1,1,1
2069,2,229,26,14,45,1,1,1
2070,2,228,26,14,44,1,1,1
2071,2,228,27,14,43,1,1,1
2072,2,228,28,14,41,1,1,1
2073,2,228,29,14,40,1,1,1
2074,2,227,29,15,40,1,1,1
2075,2,227,30,15,38,1,1,1
2076,2,227,31,15,37,1,1,1
2077,2,227,32,15,36,1,1,1
2078,2,227,31,15,37,1,1,1
2079,2,227,31,15,37,1,1,1
2080,2,227,31,15,37,1,1,1
2081,2,227,31,15,37,1,1,1
2082,2,227,31,15,37,1,1,1
2083,2,227,31,15,37,1,1,1
2084,2,227,31,15,37,1,1,1
2085,2,227,31,15,37,1,1,1
2086,2,227,31,15,37,1,1,1
2087,2,227,31,15,37,1,1,1
2088,2,227,31,15,37,1,1,1
2089,2,227,31,15,37,1,1,1
2090,2,227,31,15,37,1,1,1
2091,2,227,31,15,37,1,1,1
2092,2,227,31,15,37,1,1,1
2093,2,227,31,15,37,1,1,1
2094,2,227,31,15,37,1,1,1
2095,2,227,31,15,37,1,1,1
2096,2,227,31,15,37,1,1,1
2097,2,227,31,15,37,1,1,1
2098,2,227,31,15,37,1,1,1
2099,2,227,31,15,37,1,1,1
2100,2,227,31,15,37,1,1,1
2101,2,227,31,15,37,1,1,1
2102,2,227,31,15,37,1,1,1
2103,2,227,31,15,37,1,1,1
2104,2,227,31,15,37,1,1,1
2105,2,227,31,15,37,1,1,1
2106,2,227,31,15,37,1,1,1
2107,2,227,31,15,37,1,1,1
2108,2,227,31,15,37,1,1,1
2109,2,227,31,15,37,1,1,1
2110,2,227,31,15,37,1,1,1
2111,2,227,31,15,37,1,1,1
2112,2,227,31,15,37,1,1,1
2113,2,227,31,15,37,1,1,1
2114,2,227,31,15,37,1,1,1
2115,2,227,31,15,37,1,1,1
2116,2,227,31,15,37,1,1,1
2117,2,227,31,15,37,1,1,1
2118,2,227,31,15,37,1,1,1
2119,2,227,31,15,37,1,1,1
2120,2,227,31,15,37,1,1,1
2121,2,227,31,15,37,1,1,1
2122,2,227,31,15,37,1,1,1
2123,2,227,31,15,37,1,1,1
2124,2,227,31,15,37,1,1,1
2125,2,227,31,15,37,1,1,1
2126,2,227,31,15,37,1,1,1
2127,2,227,31,15,37,1,1,1
2128,2,227,31,15,37,1,1,1
2129,2,227,31,15,37,1,1,1
2130,2,227,31,15,37,1,1,1
2131,2,227,31,15,37,1,1,1
2132,2,227,31,15,37,1,1,1
2133,2,227,31,15,37,1,1,1
2134,2,227,31,15,37,1,1,1
2135,2,227,31,15,37,1,1,1
2136,2,227,31,15,37,1,1,1
2137,2,227,31,15,37,1,1,1
2138,2,227,31,15,37,1,1,1
2139,2,227,31,15,37,1,1,1
2140,2,227,31,15,37,1,1,1
2141,2,227,31,15,37,1,1,1
2142,2,227,31,15,37,1,1,1
2143,2,227,31,15,37,1,1,1
2144,2,227,31,15,37,1,1,1
2145,2,227,31,15,37,1,1,1
2146,2,227,31,15,37,1,1,1
2147,2,227,31,15,37,1,1,1
2148,2,227,31,15,37,1,1,1
2149,2,227,31,15,37,1,1,1
2150,2,227,31,15,37,1,1,1
2151,2,227,31,15,37,1,1,1
2152,2,227,31,15,37,1,1,1
2153,2,227,31,15,37,1,1,1
2154,2,227,31,15,37,1,1,1
2155,2,227,31,15,37,1,1,1
2156,2,227,31,15,37,1,1,1
2157,2,227,31,15,37,1,1,1
2158,2,227,31,15,37,1,1,1
2159,2,227,31,15,37,1,1,1
2160,2,227,31,15,37,1,1,1
2161,2,227,31,15,37,1,1,1
2162,2,227,31,15,37,1,1,1
2163,2,227,31,15,37,1,1,1
2164,2,227,31,15,37,1,1,1
2165,2,227,31,15,37,1,1,1
2166,2,227,31,15,37,1,1,1
2167,2,227,31,15,37,1,1,1
2168,2,227,31,15,37,1,1,1
2169,2,227,31,15,37,1,1,1
2170,2,227,31,15,37,1,1,1
2171,2,227,31,15,37,1,1,1
2172,2,227,31,15,37,1,1,1
2173,2,227,31,15,37,1,1,1
2174,2,227,31,15,37,1,1,1
2175,2,227,31,15,37,1,1,1
2176,2,227,31,15,37,1,1,1
2177,2,227,31,15,37,1,1,1
2178,2,227,31,15,37,1,1,1
2179,2,227,31,15,37,1,1,1
2180,2,227,31,15,37,1,1,1
2181,2,227,31,15,37,1,1,1
2182,2,227,31,15,37,1,1,1
2183,2,227,31,15,37,1,1,1
2184,2,227,31,15,37,1,1,1
2185,2,227,31,15,37,1,1,1
2186,2,227,31,15,37,1,1,1
2187,2,227,31,15,37,1,1,1
2188,2,227,31,15,37,1,1,1
2189,2,227,31,15,37,1,1,1
2190,2,227,31,15,37,1,1,1
2191,2,227,31,15,37,1,1,1
2192,2,227,31,15,37,1,1,1
2193,2,227,31,15,37,1,1,1
2194,2,227,31,15,37,1,1,1
2195,2,227,31,15,37,1,1,1
2196,2,227,31,15,37,1,1,1
2197,2,227,31,15,37,1,1,1
2198,2,227,31,15,37,1,1,1
2199,2,227,31,15,37,1,1,1
2200,2,227,31,15,37,1,1,1
2201,2,227,31,15,37,1,1,1
2202,2,227,31,15,37,1,1,1
2203,2,227,31,15,37,1,1,1
2204,2,227,31,15,37,1,1,1
2205,2,227,31,15,37,1,1,1
2206,2,227,31,15,37,1,1,1
2207,2,227,31,15,37,1,1,1
2208,2,227,31,15,37,1,1,1
2209,2,227,31,15,37,1,1,1
2210,2,227,31,15,37,1,1,1
2211,2,227,31,15,37,1,1,1
2212,2,227,31,15,37,1,1,1
2213,2,227,31,15,37,1,1,1
2214,2,227,31,15,37,1,1,1
2215,2,227,31,15,37,1,1,1
2216,2,227,31,15,37,1,1,1
2217,2,227,31,15,37,1,1,1
2218,2,227,31,15,37,1,1,1
2219,2,227,31,15,37,1,1,1
2220,2,227,31,15,37,1,1,1
2221,2,227,31,15,37,1,1,1
2222,2,227,31,15,37,1,1,1
2223,2,227,31,15,37,1,1,1
2224,2,227,31,15,37,1,1,1
2225,2,227,31,15,37,1,1,1
2226,2,227,31,15,37,1,1,1
2227,2,227,31,15,37,1,1,1
2228,2,227,31,15,37,1,1,1
2229,2,227,31,15,37,1,1,1
2230,2,227,31,15,37,1,1,1
2231,2,227,31,15,37,1,1,1
2232,2,227,31,15,37,1,1,1
2233,2,227,31,15,37,1,1,1
2234,2,227,31,15,37,1,1,1
2235,2,227,31,15,37,1,1,1
2236,2,227,31,15,37,1,1,1
2237,2,227,31,15,37,1,1,1
2238,2,227,31,15,37,1,1,1
2239,2,227,31,15,37,1,1,1
2240,2,227,31,15,37,1,1,1
2241,2,227,31,15,37,1,1,1
2242,2,227,31,15,37,1,1,1
2243,2,227,31,15,37,1,1,1
2244,2,227,31,15,37,1,1,1
2245,2,227,31,15,37,1,1,1
2246,2,227,31,15,37,1,1,1
2247,2,227,31,15,37,1,1,1
2248,2,227,31,15,37,1,1,1
2249,2,227,31,15,37,1,1,1
2250,2,227,31,15,37,1,1,1
2251,2,227,31,15,37,1,1,1
2252,2,227,31,15,37,1,1,1
2253,2,227,31,15,37,1,1,1
2254,2,227,31,15,37,1,1,1
2255,2,227,31,15,37,1,1,1
2256,2,227,31,15,37,1,1,1
2257,2,227,31,15,37,1,1,1
2258,2,227,31,15,37,1,1,1
2259,2,227,31,15,37,1,1,1
2260,2,227,31,15,37,1,1,1
2261,2,227,31,15,37,1,1,1
2262,2,227,31,15,37,1,1,1
2263,2,227,31,15,37,1,1,1
2264,2,227,31,15,37,1,1,1
2265,2,227,31,15,37,1,1,1
2266,2,227,31,15,37,1,1,1
2267,2,227,31,15,37,1,1,1
2268,2,227,31,15,37,1,1,1
2269,2,227,31,15,37,1,1,1
2270,2,227,31,15,37,1,1,1
2271,2,227,31,15,37,1,1,1
2272,2,227,31,15,37,1,1,1
2273,2,227,31,15,37,1,1,1
2274,2,227,31,15,37,1,1,1
2275,2,227,31,15,37,1,1,1
2276,2,227,31,15,37,1,1,1
2277,2,227,31,15,37,1,1,1
2278,2,227,31,15,37,1,1,1
2279,2,227,31,15,37,1,1,1
2280,2,227,31,15,37,1,1,1
2281,2,227,31,15,37,1,1,1
2282,2,227,31,15,37,1,1,1
2283,2,227,31,15,37,1,1,1
2284,2,227,31,15,37,1,1,1
2285,2,227,31,15,37,1,1,1
2286,2,227,31,15,37,1,1,1
2287,2,227,31,15,37,1,1,1
2288,2,227,31,15,37,1,1,1
2289,2,227,31,15,37,1,1,1
2290,2,227,31,15,37,1,1,1
2291,2,227,31,15,37,1,1,1
2292,2,227,31,15,37,1,1,1
2293,2,227,31,15,37,1,1,1
2294,2,227,31,15,37,1,1,1
2295,2,227,31,15,37,1,1,1
2296,2,227,31,15,37,1,1,1
2297,2,227,31,15,37,1,1,1
2298,2,227,31,15,37,1,1,1
2299,2,227,31,15,37,1,1,1
2300,2,227,31,15,37,1,1,1
2301,2,227,31,15,37,1,1,1
2302,2,227,31,15,37,1,1,1
2303,2,227,31,15,37,1,1,1
2304,2,227,31,15,37,1,1,1
2305,2,227,31,15,37,1,1,1
2306,2,227,31,15,37,1,1,1
2307,2,227,31,15,37,1,1,1
2308,2,227,31,15,37,1,1,1
2309,2,227,31,15,37,1,1,1
2310,2,227,31,15,37,1,1,1
2311,2,227,31,15,37,1,1,1
2312,2,227,31,15,37,1,1,1
2313,2,227,31,15,37,1,1,1
2314,2,227,31,15,37,1,1,1
2315,2,227,31,15,37,1,1,1
2316,2,227,31,15,37,1,1,1
2317,2,227,31,15,37,1,1,1
2318,2,227,31,15,37,1,1,1
1502,3,39,70,70,202,1,1,1
1503,3,42,69,69,202,1,1,1
1504,3,44,69,69,201,1,1,1
1505,3,47,68,69,201,1,1,1
1506,3,49,68,69,200,1,1,1
1507,3,52,67,68,200,1,1,1
1508,3,55,67,67,199,1,1,1
1509,3,57,66,68,199,1,1,1
1510,3,60,65,67,199,1,1,1
1511,3,63,65,66,198,1,1,1
1512,3,65,64,66,198,1,1,1
1513,3,68,64,65,197,1,1,1
1514,3,70,63,66,197,1,1,1
1515,3,73,63,65,196,1,1,1
1516,3,76,62,64,196,1,1,1
1517,3,78,61,64,196,1,1,1
1518,3,81,61,64,195,1,1,1
1519,3,84,60,63,195,1,1,1
1520,3,86,60,63,194,1,1,1
1521,3,89,59,62,194,1,1,1
1522,3,92,59,62,194,1,1,1
1523,3,94,57,60,192,1,1,1
1524,3,96,56,58,190,1,1,1
1525,3,99,55,56,188,1,1,1
1526,3,101,53,54,186,1,1,1
1527,3,103,52,52,184,1,1,1
1528,3,106,51,50,182,1,1,1
1529,3,108,51,53,181,1,1,1
1530,3,110,52,56,180,1,1,1
1531,3,113,53,58,178,1,1,1
1532,3,115,54,61,177,1,1,1
1533,3,117,55,64,175,1,1,1
1534,3,120,56,66,174,1,1,1
1535,3,121,55,66,173,1,1,1
1536,3,123,55,65,172,1,1,1
1537,3,124,55,65,171,1,1,1
1538,3,126,54,64,171,1,1,1
1539,3,127,54,64,170,1,1,1
1540,3,129,54,63,169,1,1,1
1541,3,130,53,63,168,1,1,1
1542,3,132,53,62,167,1,1,1
1543,3,133,53,62,166,1,1,1
1544,3,135,53,61,165,1,1,1
1545,3,136,52,61,165,1,1,1
1546,3,138,52,60,164,1,1,1
1547,3,139,52,60,162,1,1,1
1548,3,141,51,59,162,1,1,1
1549,3,142,51,59,161,1,1,1
1550,3,144,51,58,160,1,1,1
1551,3,145,50,58,160,1,1,1
1552,3,147,50,57,159,1,1,1
1553,3,148,50,57,157,1,1,1
1554,3,150,50,56,156,1,1,1
1555,3,151,49,56,156,1,1,1
1556,3,153,49,55,155,1,1,1
1557,3,154,49,55,154,1,1,1
1558,3,156,48,54,154,1,1,1
1559,3,157,48,55,153,1,1,1
1560,3,159,48,54,151,1,1,1
1561,3,160,47,54,151,1,1,1
1562,3,162,47,53,150,1,1,1
1563,3,163,47,53,149,1,1,1
1564,3,165,47,52,148,1,1,1
1565,3,166,46,52,148,1,1,1
1566,3,168,46,51,146,1,1,1
1567,3,169,46,51,145,1,1,1
1568,3,171,45,50,145,1,1,1
1569,3,172,45,50,144,1,1,1
1570,3,174,45,49,143,1,1,1
1571,3,175,44,49,143,1,1,1
1572,3,177,44,48,141,1,1,1
1573,3,178,44,48,140,1,1,1
1574,3,180,44,47,139,1,1,1
1575,3,181,43,47,139,1,1,1
1576,3,183,43,46,138,1,1,1
1577,3,184,43,46,137,1,1,1
1578,3,186,42,45,136,1,1,1
1579,3,187,42,45,135,1,1,1
1580,3,189,42,44,134,1,1,1
1581,3,190,41,44,134,1,1,1
1582,3,192,41,43,133,1,1,1
1583,3,193,41,43,132,1,1,1
1584,3,195,41,43,131,1,1,1
1585,3,196,40,42,131,1,1,1
1586,3,197,40,42,131,1,1,1
1587,3,198,39,42,132,1,1,1
1588,3,199,39,42,132,1,1,1
1589,3,200,38,42,133,1,1,1
1590,3,201,38,42,133,1,1,1
1591,3,202,37,42,134,1,1,1
1592,3,203,37,42,134,1,1,1
1593,3,204,36,42,135,1,1,1
1594,3,205,36,42,135,1,1,1
1595,3,206,35,42,136,1,1,1
1596,3,207,35,42,136,1,1,1
1597,3,207,35,42,135,1,1,1
1598,3,208,35,42,134,1,1,1
1599,3,209,35,42,133,1,1,1
1600,3,210,35,42,133,1,1,1
1601,3,211,35,41,132,1,1,1
1602,3,212,35,41,131,1,1,1
1603,3,213,35,41,130,1,1,1
1604,3,214,35,41,130,1,1,1
1605,3,215,35,41,129,1,1,1
1606,3,216,35,40,128,1,1,1
1607,3,217,35,40,127,1,1,1
1608,3,218,35,40,127,1,1,1
1609,3,219,35,40,126,1,1,1
1610,3,220,35,40,125,1,1,1
1611,3,221,35,39,124,1,1,1
1612,3,222,35,39,124,1,1,1
1613,3,222,35,40,123,1,1,1
1614,3,223,35,40,122,1,1,1
1615,3,224,35,40,122,1,1,1
1616,3,225,35,39,121,1,1,1
1617,3,226,35,39,120,1,1,1
1618,3,227,35,39,119,1,1,1
1619,3,228,35,39,119,1,1,1
1620,3,229,35,39,118,1,1,1
1621,3,230,35,38,117,1,1,1
1622,3,231,35,38,116,1,1,1
1623,3,232,35,38,116,1,1,1
1624,3,233,35,38,115,1,1,1
1625,3,234,35,38,114,1,1,1
1626,3,235,35,37,113,1,1,1
1627,3,236,35,37,113,1,1,1
1628,3,237,35,37,112,1,1,1
1629,3,237,35,38,111,1,1,1
1630,3,238,35,38,111,1,1,1
1631,3,239,35,37,110,1,1,1
1632,3,240,35,37,109,1,1,1
1633,3,241,35,37,108,1,1,1
1634,3,242,35,37,108,1,1,1
1635,3,243,35,37,107,1,1,1
1636,3,244,35,36,106,1,1,1
1637,3,245,35,36,105,1,1,1
1638,3,246,35,36,105,1,1,1
1639,3,247,35,36,104,1,1,1
1640,3,248,35,36,103,1,1,1
1641,3,249,35,35,102,1,1,1
1642,3,250,35,35,102,1,1,1
1643,3,251,35,35,101,1,1,1
1644,3,252,35,35,100,1,1,1
1645,3,253,36,35,99,1,1,1
1646,3,253,35,35,99,1,1,1
1647,3,254,35,35,99,1,1,1
1648,3,254,35,35,99,1,1,1
1649,3,255,35,35,99,1,1,1
1650,3,255,35,35,99,1,1,1
1651,3,256,35,35,98,1,1,1
1652,3,256,35,35,98,1,1,1
1653,3,257,35,35,98,1,1,1
1654,3,257,35,35,98,1,1,1
1655,3,258,35,35,98,1,1,1
1656,3,258,35,35,97,1,1,1
1657,3,259,35,35,97,1,1,1
1658,3,259,35,35,97,1,1,1
1659,3,260,35,35,97,1,1,1
1660,3,260,35,35,97,1,1,1
1661,3,261,35,35,97,1,1,1
1662,3,261,35,35,96,1,1,1
1663,3,262,35,35,96,1,1,1
1664,3,262,35,35,96,1,1,1
1665,3,263,35,35,96,1,1,1
1666,3,263,35,35,96,1,1,1
1667,3,264,34,35,96,1,1,1
1668,3,264,34,35,96,1,1,1
1669,3,265,34,35,96,1,1,1
1670,3,265,34,35,96,1,1,1
1671,3,266,34,35,96,1,1,1
1672,3,266,34,35,95,1,1,1
1673,3,267,34,35,95,1,1,1
1674,3,267,34,35,95,1,1,1
1675,3,268,34,35,95,1,1,1
1676,3,268,34,35,95,1,1,1
1677,3,269,34,35,95,1,1,1
1678,3,269,34,35,94,1,1,1
1679,3,270,34,35,94,1,1,1
1680,3,270,34,35,94,1,1,1
1681,3,271,34,35,94,1,1,1
1682,3,271,34,35,94,1,1,1
1683,3,272,34,35,93,1,1,1
1684,3,272,34,35,93,1,1,1
1685,3,273,34,35,93,1,1,1
1686,3,273,34,35,93,1,1,1
1687,3,274,34,35,93,1,1,1
1688,3,275,34,35,93,1,1,1
1689,3,275,33,35,93,1,1,1
1690,3,275,33,35,93,1,1,1
1691,3,276,33,34,93,1,1,1
1692,3,276,33,35,92,1,1,1
1693,3,276,33,35,92,1,1,1
1694,3,277,33,34,92,1,1,1
1695,3,277,33,34,92,1,1,1
1696,3,278,33,34,91,1,1,1
1697,3,278,33,34,91,1,1,1
1698,3,278,33,34,91,1,1,1
1699,3,279,33,34,91,1,1,1
1700,3,279,33,34,90,1,1,1
1701,3,280,33,33,90,1,1,1
1702,3,280,33,33,90,1,1,1
1703,3,280,33,34,90,1,1,1
1704,3,281,32,33,90,1,1,1
1705,3,281,32,33,90,1,1,1
1706,3,282,32,32,90,1,1,1
1707,3,282,32,33,90,1,1,1
1708,3,282,32,33,89,1,1,1
1709,3,283,32,32,89,1,1,1
1710,3,283,32,33,89,1,1,1
1711,3,283,32,33,89,1,1,1
1712,3,284,32,32,88,1,1,1
1713,3,284,32,32,88,1,1,1
1714,3,285,32,32,88,1,1,1
1715,3,285,32,32,87,1,1,1
1716,3,285,32,32,87,1,1,1
1717,3,286,32,31,87,1,1,1
1718,3,286,32,32,87,1,1,1
1719,3,287,31,31,87,1,1,1
1720,3,287,31,31,87,1,1,1
1721,3,287,31,32,87,1,1,1
1722,3,288,31,31,87,1,1,1
1723,3,288,31,31,86,1,1,1
1724,3,289,31,30,86,1,1,1
1725,3,289,31,31,86,1,1,1
1726,3,289,31,31,86,1,1,1
1727,3,290,31,30,85,1,1,1
1728,3,290,31,30,85,1,1,1
1729,3,290,31,31,85,1,1,1
1730,3,291,31,30,85,1,1,1
1731,3,291,31,30,84,1,1,1
1732,3,292,31,30,84,1,1,1
1733,3,292,31,30,84,1,1,1
1734,3,292,31,30,84,1,1,1
1735,3,293,30,29,84,1,1,1
1736,3,293,30,30,84,1,1,1
1737,3,294,30,29,84,1,1,1
1738,3,294,30,29,84,1,1,1
1739,3,294,30,29,83,1,1,1
1740,3,295,30,29,83,1,1,1
1741,3,295,30,29,83,1,1,1
1742,3,296,30,28,82,1,1,1
1743,3,296,30,29,82,1,1,1
1744,3,296,30,29,82,1,1,1
1745,3,297,30,28,82,1,1,1
1746,3,297,30,28,81,1,1,1
1747,3,297,30,29,81,1,1,1
1748,3,298,30,28,81,1,1,1
1749,3,298,30,28,81,1,1,1
1750,3,299,29,27,81,1,1,1
1751,3,299,29,28,81,1,1,1
1752,3,299,29,28,81,1,1,1
1753,3,300,29,27,81,1,1,1
1754,3,300,29,28,80,1,1,1
1755,3,301,29,27,80,1,1,1
1756,3,301,29,27,80,1,1,1
1757,3,301,29,27,80,1,1,1
1758,3,302,29,27,79,1,1,1
1759,3,302,29,27,79,1,1,1
1760,3,303,29,26,79,1,1,1
1761,3,303,29,26,79,1,1,1
1762,3,303,29,27,78,1,1,1
1763,3,304,29,26,78,1,1,1
1764,3,304,29,26,78,1,1,1
1765,3,305,29,26,78,1,1,1
1766,3,305,28,26,78,1,1,1
1767,3,305,28,26,78,1,1,1
1768,3,305,28,26,78,1,1,1
1769,3,305,28,26,78,1,1,1
1770,3,305,28,26,77,1,1,1
1771,3,305,28,26,77,1,1,1
1772,3,305,28,26,77,1,1,1
1773,3,305,28,26,77,1,1,1
1774,3,305,28,26,77,1,1,1
1775,3,305,28,26,76,1,1,1
1776,3,306,28,25,76,1,1,1
1777,3,306,28,25,76,1,1,1
1778,3,306,28,25,76,1,1,1
1779,3,306,28,25,75,1,1,1
1780,3,306,28,25,75,1,1,1
1781,3,306,28,25,75,1,1,1
1782,3,306,28,25,75,1,1,1
1783,3,306,28,26,75,1,1,1
1784,3,306,28,26,74,1,1,1
1785,3,306,28,26,74,1,1,1
1786,3,306,28,26,74,1,1,1
1787,3,307,28,25,74,1,1,1
1788,3,307,28,25,73,1,1,1
1789,3,307,28,25,73,1,1,1
1790,3,307,28,25,73,1,1,1
1791,3,307,28,25,73,1,1,1
1792,3,307,28,25,73,1,1,1
1793,3,307,28,25,72,1,1,1
1794,3,307,28,25,72,1,1,1
1795,3,307,28,25,72,1,1,1
1796,3,307,28,25,72,1,1,1
1797,3,307,28,25,72,1,1,1
1798,3,308,28,24,71,1,1,1
1799,3,308,28,24,71,1,1,1
1800,3,308,28,25,71,1,1,1
1801,3,308,28,25,71,1,1,1
1802,3,308,28,25,70,1,1,1
1803,3,308,28,25,70,1,1,1
1804,3,308,28,25,70,1,1,1
1805,3,308,28,25,70,1,1,1
1806,3,308,28,25,70,1,1,1
1807,3,308,28,25,69,1,1,1
1808,3,308,28,25,69,1,1,1
1809,3,309,28,24,69,1,1,1
1810,3,309,28,24,69,1,1,1
1811,3,309,28,24,68,1,1,1
1812,3,309,28,24,68,1,1,1
1813,3,309,28,24,68,1,1,1
1814,3,309,28,24,68,1,1,1
1815,3,309,28,24,68,1,1,1
1816,3,309,28,24,67,1,1,1
1817,3,309,28,24,67,1,1,1
1818,3,309,28,25,67,1,1,1
1819,3,309,28,25,67,1,1,1
1820,3,310,28,24,66,1,1,1
1821,3,310,28,24,66,1,1,1
1822,3,310,28,24,66,1,1,1
1823,3,310,28,24,66,1,1,1
1824,3,310,28,24,66,1,1,1
1825,3,310,28,24,65,1,1,1
1826,3,310,28,24,65,1,1,1
1827,3,310,28,24,65,1,1,1
1828,3,310,28,24,65,1,1,1
1829,3,310,28,24,65,1,1,1
1830,3,310,28,24,64,1,1,1
1831,3,311,28,23,64,1,1,1
1832,3,311,28,23,64,1,1,1
1833,3,311,28,23,64,1,1,1
1834,3,311,28,23,63,1,1,1
1835,3,311,28,24,63,1,1,1
1836,3,311,28,24,63,1,1,1
1837,3,311,28,24,63,1,1,1
1838,3,311,28,24,63,1,1,1
1839,3,311,28,24,62,1,1,1
1840,3,311,28,24,62,1,1,1
1841,3,311,28,24,62,1,1,1
1842,3,312,28,23,62,1,1,1
1843,3,312,28,23,61,1,1,1
1844,3,312,28,23,61,1,1,1
1845,3,312,28,23,61,1,1,1
1846,3,312,28,23,61,1,1,1
1847,3,312,28,23,61,1,1,1
1848,3,312,28,23,60,1,1,1
1849,3,312,28,23,60,1,1,1
1850,3,312,28,23,60,1,1,1
1851,3,312,28,23,60,1,1,1
1852,3,313,28,23,60,1,1,1
1853,3,313,27,22,60,1,1,1
1854,3,313,27,22,60,1,1,1
1855,3,313,27,22,60,1,1,1
1856,3,313,27,22,60,1,1,1
1857,3,313,27,22,60,1,1,1
1858,3,313,27,22,60,1,1,1
1859,3,313,27,22,60,1,1,1
1860,3,313,27,22,60,1,1,1
1861,3,313,27,22,60,1,1,1
1862,3,313,27,22,59,1,1,1
1863,3,313,27,22,59,1,1,1
1864,3,313,27,22,59,1,1,1
1865,3,313,27,22,59,1,1,1
1866,3,313,27,22,59,1,1,1
1867,3,313,27,22,59,1,1,1
1868,3,313,27,22,59,1,1,1
1869,3,313,27,22,59,1,1,1
1870,3,313,27,22,59,1,1,1
1871,3,313,27,22,58,1,1,1
1872,3,313,27,22,58,1,1,1
1873,3,313,27,22,58,1,1,1
1874,3,313,27,22,58,1,1,1
1875,3,313,27,22,58,1,1,1
1876,3,313,27,22,58,1,1,1
1877,3,313,27,22,58,1,1,1
1878,3,313,27,22,58,1,1,1
1879,3,313,27,22,58,1,1,1
1880,3,313,27,22,57,1,1,1
1881,3,313,27,22,57,1,1,1
1882,3,313,27,22,57,1,1,1
1883,3,313,27,22,57,1,1,1
1884,3,313,27,21,57,1,1,1
1885,3,313,27,21,57,1,1,1
1886,3,313,27,21,57,1,1,1
1887,3,313,27,21,57,1,1,1
1888,3,313,27,21,57,1,1,1
1889,3,313,27,21,56,1,1,1
1890,3,313,27,21,56,1,1,1
1891,3,313,27,21,56,1,1,1
1892,3,313,27,21,56,1,1,1
1893,3,313,27,21,56,1,1,1
1894,3,313,27,21,56,1,1,1
1895,3,313,26,21,57,1,1,1
1896,3,313,26,21,57,1,1,1
1897,3,313,26,21,57,1,1,1
1898,3,313,26,21,56,1,1,1
1899,3,313,26,21,56,1,1,1
1900,3,313,26,21,56,1,1,1
1901,3,313,26,21,56,1,1,1
1902,3,313,26,21,56,1,1,1
1903,3,313,26,21,56,1,1,1
1904,3,313,26,21,56,1,1,1
1905,3,313,26,21,56,1,1,1
1906,3,313,26,21,56,1,1,1
1907,3,313,26,21,55,1,1,1
1908,3,313,26,21,55,1,1,1
1909,3,313,26,21,55,1,1,1
1910,3,313,26,21,55,1,1,1
1911,3,313,26,21,55,1,1,1
1912,3,313,26,21,55,1,1,1
1913,3,313,26,21,55,1,1,1
1914,3,313,26,21,55,1,1,1
1915,3,313,26,21,55,1,1,1
1916,3,313,26,20,54,1,1,1
1917,3,313,26,20,54,1,1,1
1918,3,313,26,20,54,1,1,1
1919,3,313,26,20,54,1,1,1
1920,3,313,26,20,54,1,1,1
1921,3,313,26,20,54,1,1,1
1922,3,313,26,20,54,1,1,1
1923,3,313,26,20,54,1,1,1
1924,3,313,26,20,54,1,1,1
1925,3,313,26,20,53,1,1,1
1926,3,313,26,20,53,1,1,1
1927,3,313,26,20,53,1,1,1
1928,3,313,26,20,53,1,1,1
1929,3,313,26,20,53,1,1,1
1930,3,313,26,20,53,1,1,1
1931,3,313,26,20,53,1,1,1
1932,3,313,26,20,53,1,1,1
1933,3,313,26,20,53,1,1,1
1934,3,313,26,20,52,1,1,1
1935,3,313,26,20,52,1,1,1
1936,3,313,26,20,52,1,1,1
1937,3,313,25,20,53,1,1,1
1938,3,313,25,20,53,1,1,1
1939,3,313,25,20,53,1,1,1
1940,3,313,25,20,53,1,1,1
1941,3,313,25,20,53,1,1,1
1942,3,313,25,20,53,1,1,1
1943,3,313,25,20,52,1,1,1
1944,3,313,25,20,52,1,1,1
1945,3,313,25,20,52,1,1,1
1946,3,313,25,20,52,1,1,1
1947,3,313,25,19,52,1,1,1
1948,3,313,25,19,52,1,1,1
1949,3,313,25,19,52,1,1,1
1950,3,313,25,19,52,1,1,1
1951,3,313,25,19,52,1,1,1
1952,3,313,25,19,51,1,1,1
1953,3,313,25,19,51,1,1,1
1954,3,313,25,19,51,1,1,1
1955,3,313,25,19,51,1,1,1
1956,3,313,25,19,51,1,1,1
1957,3,313,25,19,51,1,1,1
1958,3,313,25,19,51,1,1,1
1959,3,313,25,19,51,1,1,1
1960,3,313,25,19,51,1,1,1
1961,3,313,25,19,50,1,1,1
1962,3,313,25,19,50,1,1,1
1963,3,313,25,19,50,1,1,1
1964,3,313,25,19,50,1,1,1
1965,3,313,25,19,50,1,1,1
1966,3,313,25,19,50,1,1,1
1967,3,313,25,19,50,1,1,1
1968,3,313,25,19,50,1,1,1
1969,3,313,25,19,50,1,1,1
1970,3,313,25,19,49,1,1,1
1971,3,313,25,19,49,1,1,1
1972,3,313,25,19,49,1,1,1
1973,3,313,25,19,49,1,1,1
1974,3,313,25,19,49,1,1,1
1975,3,313,25,19,49,1,1,1
1976,3,313,25,19,49,1,1,1
1977,3,313,25,19,49,1,1,1
1978,3,313,25,19,49,1,1,1
1979,3,313,23,19,51,1,1,1
1980,3,313,21,19,53,1,1,1
1981,3,313,20,19,54,1,1,1
1982,3,312,21,19,52,1,1,1
1983,3,312,22,19,51,1,1,1
1984,3,312,24,19,49,1,1,1
1985,3,311,24,19,48,1,1,1
1986,3,311,24,19,48,1,1,1
1987,3,311,24,18,48,1,1,1
1988,3,310,24,19,48,1,1,1
1989,3,310,24,19,48,1,1,1
1990,3,310,24,18,47,1,1,1
1991,3,310,24,18,47,1,1,1
1992,3,309,24,19,47,1,1,1
1993,3,309,24,18,47,1,1,1
1994,3,309,24,18,47,1,1,1
1995,3,309,25,18,46,1,1,1
1996,3,308,24,18,46,1,1,1
1997,3,308,24,18,46,1,1,1
1998,3,308,24,18,46,1,1,1
1999,3,307,24,18,46,1,1,1
2000,3,307,24,18,46,1,1,1
2001,3,307,24,18,46,1,1,1
2002,3,307,24,18,46,1,1,1
2003,3,306,24,18,46,1,1,1
2004,3,306,24,18,46,1,1,1
2005,3,306,24,18,46,1,1,1
2006,3,305,24,18,46,1,1,1
2007,3,305,24,18,46,1,1,1
2008,3,305,24,18,46,1,1,1
2009,3,305,24,18,46,1,1,1
2010,3,304,24,18,46,1,1,1
2011,3,304,24,18,46,1,1,1
2012,3,304,24,18,46,1,1,1
2013,3,303,24,18,46,1,1,1
2014,3,303,24,18,46,1,1,1
2015,3,303,24,18,46,1,1,1
2016,3,303,24,18,46,1,1,1
2017,3,302,24,18,45,1,1,1
2018,3,302,24,18,45,1,1,1
2019,3,301,24,18,45,1,1,1
2020,3,301,24,18,45,1,1,1
2021,3,300,24,18,45,1,1,1
2022,3,300,24,18,45,1,1,1
2023,3,299,24,18,45,1,1,1
2024,3,299,24,18,45,1,1,1
2025,3,298,24,19,45,1,1,1
2026,3,298,24,18,45,1,1,1
2027,3,298,24,18,45,1,1,1
2028,3,297,24,18,45,1,1,1
2029,3,297,24,18,45,1,1,1
2030,3,296,24,18,45,1,1,1
2031,3,296,24,18,45,1,1,1
2032,3,295,24,19,45,1,1,1
2033,3,295,24,18,45,1,1,1
2034,3,294,24,19,45,1,1,1
2035,3,294,24,18,45,1,1,1
2036,3,293,24,19,45,1,1,1
2037,3,293,24,18,45,1,1,1
2038,3,293,24,18,45,1,1,1
2039,3,292,24,19,45,1,1,1
2040,3,292,24,18,45,1,1,1
2041,3,291,24,19,45,1,1,1
2042,3,291,24,18,45,1,1,1
2043,3,290,24,19,44,1,1,1
2044,3,290,24,18,44,1,1,1
2045,3,289,24,19,44,1,1,1
2046,3,289,24,18,44,1,1,1
2047,3,288,24,19,44,1,1,1
2048,3,288,24,19,44,1,1,1
2049,3,288,24,18,44,1,1,1
2050,3,287,24,19,44,1,1,1
2051,3,287,24,18,44,1,1,1
2052,3,286,24,19,44,1,1,1
2053,3,286,24,18,44,1,1,1
2054,3,285,24,19,44,1,1,1
2055,3,285,24,19,44,1,1,1
2056,3,284,24,19,44,1,1,1
2057,3,284,24,19,44,1,1,1
2058,3,283,24,19,44,1,1,1
2059,3,283,24,19,44,1,1,1
2060,3,283,24,18,44,1,1,1
2061,3,282,24,19,44,1,1,1
2062,3,282,24,19,44,1,1,1
2063,3,281,24,19,44,1,1,1
2064,3,281,24,19,44,1,1,1
2065,3,280,24,19,44,1,1,1
2066,3,280,24,19,44,1,1,1
2067,3,279,24,19,44,1,1,1
2068,3,279,24,19,44,1,1,1
2069,3,279,25,19,43,1,1,1
2070,3,278,25,19,42,1,1,1
2071,3,278,25,19,42,1,1,1
2072,3,278,25,19,42,1,1,1
2073,3,277,25,19,42,1,1,1
2074,3,277,25,19,42,1,1,1
2075,3,277,25,19,42,1,1,1
2076,3,277,25,18,42,1,1,1
2077,3,276,25,19,42,1,1,1
2078,3,276,25,19,42,1,1,1
2079,3,276,25,18,42,1,1,1
2080,3,276,25,18,42,1,1,1
2081,3,275,25,19,42,1,1,1
2082,3,275,25,19,42,1,1,1
2083,3,275,25,18,42,1,1,1
2084,3,275,25,18,42,1,1,1
2085,3,274,25,19,42,1,1,1
2086,3,274,25,18,42,1,1,1
2087,3,274,25,18,42,1,1,1
2088,3,274,25,18,42,1,1,1
2089,3,273,25,18,42,1,1,1
2090,3,273,25,18,42,1,1,1
2091,3,273,26,18,41,1,1,1
2092,3,273,26,18,41,1,1,1
2093,3,272,26,18,41,1,1,1
2094,3,272,26,18,41,1,1,1
2095,3,272,26,18,41,1,1,1
2096,3,272,26,17,41,1,1,1
2097,3,271,26,18,41,1,1,1
2098,3,271,26,18,41,1,1,1
2099,3,271,26,17,41,1,1,1
2100,3,271,26,17,41,1,1,1
2101,3,270,26,18,41,1,1,1
2102,3,270,26,18,41,1,1,1
2103,3,270,26,17,41,1,1,1
2104,3,270,26,17,41,1,1,1
2105,3,269,26,18,41,1,1,1
2106,3,269,26,17,41,1,1,1
2107,3,269,26,17,41,1,1,1
2108,3,269,26,17,41,1,1,1
2109,3,268,26,17,41,1,1,1
2110,3,268,26,17,41,1,1,1
2111,3,268,26,17,41,1,1,1
2112,3,268,27,17,40,1,1,1
2113,3,268,27,17,40,1,1,1
2114,3,268,27,17,40,1,1,1
2115,3,268,27,17,40,1,1,1
2116,3,268,27,17,40,1,1,1
2117,3,268,27,17,40,1,1,1
2118,3,268,27,17,40,1,1,1
2119,3,268,27,17,40,1,1,1
2120,3,268,27,17,40,1,1,1
2121,3,268,27,17,40,1,1,1
2122,3,268,27,17,40,1,1,1
2123,3,268,27,17,40,1,1,1
2124,3,268,27,17,40,1,1,1
2125,3,268,27,17,40,1,1,1
2126,3,268,27,17,40,1,1,1
2127,3,268,27,17,40,1,1,1
2128,3,268,27,17,40,1,1,1
2129,3,268,27,17,40,1,1,1
2130,3,268,27,17,40,1,1,1
2131,3,268,27,17,40,1,1,1
2132,3,268,27,17,40,1,1,1
2133,3,268,27,17,40,1,1,1
2134,3,268,27,17,40,1,1,1
2135,3,268,27,17,40,1,1,1
2136,3,268,27,17,40,1,1,1
2137,3,268,27,17,40,1,1,1
2138,3,268,27,17,40,1,1,1
2139,3,268,27,17,40,1,1,1
2140,3,268,27,17,40,1,1,1
2141,3,268,27,17,40,1,1,1
2142,3,268,27,17,40,1,1,1
2143,3,268,27,17,40,1,1,1
2144,3,269,27,17,40,1,1,1
2145,3,269,27,17,40,1,1,1
2146,3,269,27,17,40,1,1,1
2147,3,269,27,17,40,1,1,1
2148,3,269,27,17,40,1,1,1
2149,3,269,27,17,40,1,1,1
2150,3,269,27,17,40,1,1,1
2151,3,269,27,17,40,1,1,1
2152,3,269,27,17,40,1,1,1
2153,3,269,27,17,40,1,1,1
2154,3,269,27,17,40,1,1,1
2155,3,269,27,17,40,1,1,1
2156,3,269,27,17,40,1,1,1
2157,3,269,27,17,40,1,1,1
2158,3,269,27,17,40,1,1,1
2159,3,269,27,17,40,1,1,1
2160,3,269,27,17,40,1,1,1
2161,3,269,27,17,40,1,1,1
2162,3,269,27,17,40,1,1,1
2163,3,269,27,17,40,1,1,1
2164,3,269,27,17,40,1,1,1
2165,3,269,27,17,40,1,1,1
2166,3,269,27,17,40,1,1,1
2167,3,269,27,17,40,1,1,1
2168,3,269,27,17,40,1,1,1
2169,3,269,27,17,40,1,1,1
2170,3,269,27,17,40,1,1,1
2171,3,269,27,17,40,1,1,1
2172,3,269,27,17,40,1,1,1
2173,3,269,27,17,40,1,1,1
2174,3,269,27,17,40,1,1,1
2175,3,269,27,17,40,1,1,1
2176,3,270,27,17,40,1,1,1
2177,3,270,27,17,40,1,1,1
2178,3,270,27,17,40,1,1,1
2179,3,270,27,17,40,1,1,1
2180,3,270,27,17,40,1,1,1
2181,3,270,27,17,40,1,1,1
2182,3,270,27,17,40,1,1,1
2183,3,270,27,17,40,1,1,1
2184,3,270,27,17,40,1,1,1
2185,3,270,27,17,40,1,1,1
2186,3,270,27,17,40,1,1,1
2187,3,270,27,17,40,1,1,1
2188,3,270,27,17,40,1,1,1
2189,3,270,27,17,40,1,1,1
2190,3,270,27,17,40,1,1,1
2191,3,270,27,17,40,1,1,1
2192,3,270,27,17,40,1,1,1
2193,3,270,27,17,40,1,1,1
2194,3,270,27,17,40,1,1,1
2195,3,270,27,17,40,1,1,1
2196,3,270,27,17,40,1,1,1
2197,3,270,27,17,40,1,1,1
2198,3,270,27,17,40,1,1,1
2199,3,270,27,17,40,1,1,1
2200,3,270,27,17,40,1,1,1
2201,3,270,27,17,40,1,1,1
2202,3,270,27,17,40,1,1,1
2203,3,270,27,17,40,1,1,1
2204,3,270,27,17,40,1,1,1
2205,3,270,27,17,40,1,1,1
2206,3,270,27,17,40,1,1,1
2207,3,271,27,17,40,1,1,1
2208,3,271,27,17,40,1,1,1
2209,3,271,27,17,40,1,1,1
2210,3,271,27,17,40,1,1,1
2211,3,271,27,17,40,1,1,1
2212,3,271,27,17,40,1,1,1
2213,3,271,27,17,40,1,1,1
2214,3,271,27,17,40,1,1,1
2215,3,271,27,17,40,1,1,1
2216,3,271,27,17,40,1,1,1
2217,3,271,27,17,40,1,1,1
2218,3,271,27,17,40,1,1,1
2219,3,271,27,17,40,1,1,1
2220,3,271,27,17,40,1,1,1
2221,3,271,27,17,40,1,1,1
2222,3,271,27,17,40,1,1,1
2223,3,271,27,17,40,1,1,1
2224,3,271,27,17,40,1,1,1
2225,3,271,27,17,40,1,1,1
2226,3,271,27,17,40,1,1,1
2227,3,271,27,17,40,1,1,1
2228,3,271,27,17,40,1,1,1
2229,3,271,27,17,40,1,1,1
2230,3,271,27,17,40,1,1,1
2231,3,271,27,17,40,1,1,1
2232,3,271,27,17,40,1,1,1
2233,3,271,27,17,40,1,1,1
2234,3,271,27,17,40,1,1,1
2235,3,271,27,17,40,1,1,1
2236,3,271,27,17,40,1,1,1
2237,3,271,27,17,40,1,1,1
2238,3,271,27,17,40,1,1,1
2239,3,272,27,17,40,1,1,1
2240,3,272,27,17,40,1,1,1
2241,3,272,27,17,40,1,1,1
2242,3,272,27,17,40,1,1,1
2243,3,272,27,17,40,1,1,1
2244,3,272,27,17,40,1,1,1
2245,3,272,27,17,40,1,1,1
2246,3,272,27,17,40,1,1,1
2247,3,272,27,17,40,1,1,1
2248,3,272,27,17,40,1,1,1
2249,3,272,27,17,40,1,1,1
2250,3,272,27,17,40,1,1,1
2251,3,272,27,17,40,1,1,1
2252,3,272,27,17,40,1,1,1
2253,3,272,27,17,40,1,1,1
2254,3,272,27,17,40,1,1,1
2255,3,272,27,17,40,1,1,1
2256,3,272,27,17,40,1,1,1
2257,3,272,27,17,40,1,1,1
2258,3,272,27,17,40,1,1,1
2259,3,272,27,17,40,1,1,1
2260,3,272,27,17,40,1,1,1
2261,3,272,27,17,40,1,1,1
2262,3,272,27,17,40,1,1,1
2263,3,272,27,17,40,1,1,1
2264,3,272,27,17,40,1,1,1
2265,3,272,27,17,40,1,1,1
2266,3,272,27,17,40,1,1,1
2267,3,272,27,17,40,1,1,1
2268,3,272,27,17,40,1,1,1
2269,3,272,27,17,40,1,1,1
2270,3,273,27,17,40,1,1,1
2271,3,272,27,17,40,1,1,1
2272,3,272,27,17,40,1,1,1
2273,3,272,27,17,40,1,1,1
2274,3,272,27,17,40,1,1,1
2275,3,272,27,17,40,1,1,1
2276,3,272,27,17,40,1,1,1
2277,3,272,27,17,40,1,1,1
2278,3,272,27,17,40,1,1,1
2279,3,272,27,17,40,1,1,1
2280,3,272,27,17,40,1,1,1
2281,3,272,27,17,40,1,1,1
2282,3,272,27,17,40,1,1,1
2283,3,272,27,17,40,1,1,1
2284,3,272,27,17,40,1,1,1
2285,3,272,27,17,40,1,1,1
2286,3,272,27,17,40,1,1,1
2287,3,272,27,16,40,1,1,1
2288,3,272,27,16,40,1,1,1
2289,3,272,27,16,40,1,1,1
2290,3,272,27,16,40,1,1,1
2291,3,272,27,16,40,1,1,1
2292,3,272,27,16,40,1,1,1
2293,3,272,27,16,40,1,1,1
2294,3,272,27,16,40,1,1,1
2295,3,271,27,17,40,1,1,1
2296,3,271,27,17,40,1,1,1
2297,3,271,27,17,40,1,1,1
2298,3,271,27,17,40,1,1,1
2299,3,271,27,17,40,1,1,1
2300,3,271,27,17,40,1,1,1
2301,3,271,27,17,40,1,1,1
2302,3,271,27,17,40,1,1,1
2303,3,271,27,16,40,1,1,1
2304,3,271,27,16,40,1,1,1
2305,3,271,27,16,40,1,1,1
2306,3,271,27,16,40,1,1,1
2307,3,271,27,16,40,1,1,1
2308,3,271,27,16,40,1,1,1
2309,3,271,27,16,40,1,1,1
2310,3,271,27,16,40,1,1,1
2311,3,271,27,16,40,1,1,1
2312,3,271,27,16,40,1,1,1
2313,3,271,27,16,40,1,1,1
2314,3,271,27,16,40,1,1,1
2315,3,271,27,16,40,1,1,1
2316,3,271,27,16,40,1,1,1
2317,3,271,27,16,40,1,1,1
2318,3,271,27,16,40,1,1,1
2319,3,271,27,16,40,1,1,1
2320,3,270,27,16,40,1,1,1
2321,3,270,27,16,40,1,1,1
2322,3,270,27,16,40,1,1,1
2323,3,270,27,16,40,1,1,1
2324,3,270,27,16,40,1,1,1
2325,3,270,27,16,40,1,1,1
2326,3,270,27,16,40,1,1,1
2327,3,269,27,17,40,1,1,1
2328,3,269,27,16,40,1,1,1
2329,3,269,27,16,40,1,1,1
2330,3,269,27,16,40,1,1,1
2331,3,269,27,16,40,1,1,1
2332,3,269,27,16,40,1,1,1
2333,3,269,27,16,40,1,1,1
2334,3,269,27,16,40,1,1,1
2335,3,268,27,17,40,1,1,1
2336,3,268,27,16,40,1,1,1
2337,3,268,27,16,40,1,1,1
2338,3,268,27,16,40,1,1,1
2339,3,268,27,16,40,1,1,1
2340,3,268,27,16,40,1,1,1
2341,3,268,27,16,40,1,1,1
2342,3,268,27,16,40,1,1,1
2343,3,267,27,17,40,1,1,1
2344,3,267,27,16,40,1,1,1
2345,3,267,27,16,40,1,1,1
2346,3,267,27,16,40,1,1,1
2347,3,267,27,16,40,1,1,1
2348,3,267,27,16,40,1,1,1
2349,3,267,27,16,40,1,1,1
2350,3,267,27,16,40,1,1,1
2351,3,266,27,17,40,1,1,1
2352,3,266,27,16,40,1,1,1
2353,3,266,27,16,40,1,1,1
2354,3,266,27,16,40,1,1,1
2355,3,266,27,16,40,1,1,1
2356,3,266,27,16,40,1,1,1
2357,3,266,27,16,40,1,1,1
2358,3,266,27,16,40,1,1,1
2359,3,265,27,17,40,1,1,1
2360,3,265,27,16,40,1,1,1
2361,3,265,27,16,40,1,1,1
2362,3,265,27,16,40,1,1,1
2363,3,265,27,16,40,1,1,1
2364,3,265,27,16,40,1,1,1
2365,3,265,27,16,40,1,1,1
2366,3,264,27,17,40,1,1,1
2367,3,264,27,17,40,1,1,1
2368,3,264,27,17,40,1,1,1
2369,3,264,27,16,40,1,1,1
2370,3,264,27,16,40,1,1,1
2371,3,264,27,16,40,1,1,1
2372,3,264,27,16,40,1,1,1
2373,3,264,27,16,40,1,1,1
2374,3,263,27,17,40,1,1,1
2375,3,263,27,17,40,1,1,1
2376,3,263,27,17,40,1,1,1
2377,3,263,27,16,40,1,1,1
2378,3,263,27,16,40,1,1,1
2379,3,263,27,16,40,1,1,1
2380,3,263,27,16,40,1,1,1
2381,3,263,27,16,40,1,1,1
2382,3,262,27,17,40,1,1,1
2383,3,262,27,17,40,1,1,1
2384,3,262,27,17,40,1,1,1
2385,3,262,27,16,40,1,1,1
2386,3,262,27,16,40,1,1,1
2387,3,262,27,16,40,1,1,1
2388,3,262,27,16,40,1,1,1
2389,3,262,27,16,40,1,1,1
2390,3,261,27,17,40,1,1,1
2391,3,261,27,17,40,1,1,1
2392,3,261,27,17,40,1,1,1
2393,3,261,27,16,40,1,1,1
2394,3,261,27,16,40,1,1,1
2395,3,261,27,16,40,1,1,1
2396,3,261,27,16,40,1,1,1
2397,3,261,27,16,40,1,1,1
2398,3,260,27,17,40,1,1,1
2399,3,260,27,17,40,1,1,1
2400,3,260,27,17,40,1,1,1
2401,3,260,27,16,40,1,1,1
2402,3,260,27,16,40,1,1,1
2403,3,260,27,16,40,1,1,1
2404,3,260,27,16,40,1,1,1
2405,3,260,27,16,40,1,1,1
2406,3,259,27,17,40,1,1,1
2407,3,259,27,17,40,1,1,1
2408,3,259,27,17,40,1,1,1
2409,3,259,27,17,40,1,1,1
2410,3,259,27,16,40,1,1,1
2411,3,259,27,16,40,1,1,1
2412,3,259,27,16,40,1,1,1
2413,3,258,27,17,40,1,1,1
2414,3,258,27,17,40,1,1,1
2415,3,258,27,17,40,1,1,1
2416,3,258,27,17,40,1,1,1
2417,3,258,27,17,40,1,1,1
2418,3,258,27,16,40,1,1,1
2419,3,258,27,16,40,1,1,1
2420,3,258,27,16,40,1,1,1
2421,3,257,27,17,40,1,1,1
2422,3,257,27,17,40,1,1,1
2423,3,257,27,17,40,1,1,1
2424,3,257,27,17,40,1,1,1
2425,3,257,27,17,40,1,1,1
2426,3,257,27,16,40,1,1,1
2427,3,257,27,16,40,1,1,1
2428,3,257,27,16,40,1,1,1
2429,3,256,27,17,40,1,1,1
2430,3,256,27,17,40,1,1,1
2431,3,256,27,17,40,1,1,1
2432,3,256,27,17,40,1,1,1
2433,3,256,27,17,40,1,1,1
2434,3,256,27,16,40,1,1,1
2435,3,256,27,16,40,1,1,1
2436,3,256,27,16,40,1,1,1
2437,3,255,27,17,40,1,1,1
2438,3,255,27,17,40,1,1,1
2439,3,255,27,17,40,1,1,1
2440,3,255,27,17,40,1,1,1
2441,3,255,27,17,40,1,1,1
2442,3,255,27,16,40,1,1,1
2443,3,255,27,16,40,1,1,1
2444,3,255,27,16,40,1,1,1
2445,3,254,27,17,40,1,1,1
2446,3,254,27,17,40,1,1,1
2447,3,254,27,17,40,1,1,1
2448,3,254,27,17,40,1,1,1
2449,3,254,27,17,40,1,1,1
2450,3,254,27,16,40,1,1,1
2451,3,254,27,16,40,1,1,1
2452,3,254,27,16,40,1,1,1
2453,3,253,27,17,40,1,1,1
2454,3,253,27,17,40,1,1,1
2455,3,253,27,17,40,1,1,1
2456,3,253,27,17,40,1,1,1
2457,3,253,27,17,40,1,1,1
2458,3,253,27,17,40,1,1,1
2459,3,253,27,16,40,1,1,1
2460,3,252,27,17,40,1,1,1
2461,3,252,27,17,40,1,1,1
2462,3,252,27,17,40,1,1,1
2463,3,252,27,17,40,1,1,1
2464,3,252,27,17,40,1,1,1
2465,3,252,27,17,40,1,1,1
2466,3,252,27,17,40,1,1,1
2467,3,252,27,16,40,1,1,1
2468,3,251,27,17,40,1,1,1
2469,3,251,27,17,40,1,1,1
2470,3,251,27,17,40,1,1,1
2471,3,251,27,17,40,1,1,1
2472,3,251,27,17,40,1,1,1
2473,3,251,27,17,40,1,1,1
2474,3,251,27,17,40,1,1,1
2475,3,251,27,16,40,1,1,1
2476,3,250,27,17,40,1,1,1
2477,3,250,27,17,40,1,1,1
2478,3,250,27,17,40,1,1,1
2479,3,250,27,17,40,1,1,1
2480,3,250,27,17,40,1,1,1
2481,3,250,27,17,40,1,1,1
2482,3,250,27,17,40,1,1,1
2483,3,250,27,16,40,1,1,1
2484,3,249,27,17,40,1,1,1
2485,3,249,27,17,40,1,1,1
2486,3,249,27,17,40,1,1,1
2487,3,249,27,17,40,1,1,1
2488,3,249,27,17,40,1,1,1
2489,3,249,27,17,40,1,1,1
2490,3,249,27,17,40,1,1,1
2491,3,249,27,16,40,1,1,1
2492,3,248,27,17,40,1,1,1
2493,3,248,27,17,40,1,1,1
2494,3,248,27,17,40,1,1,1
2495,3,248,27,17,40,1,1,1
2496,3,248,27,17,40,1,1,1
2497,3,248,27,17,40,1,1,1
2498,3,248,27,17,40,1,1,1
2499,3,248,27,17,40,1,1,1
2008,4,0,65,32,86,1,1,1
2009,4,1,64,32,86,1,1,1
2010,4,3,64,32,85,1,1,1
2011,4,5,64,31,85,1,1,1
2012,4,6,63,32,85,1,1,1
2013,4,8,63,31,85,1,1,1
2014,4,10,63,31,84,1,1,1
2015,4,12,63,31,84,1,1,1
2016,4,13,62,31,84,1,1,1
2017,4,15,62,31,83,1,1,1
2018,4,17,62,30,83,1,1,1
2019,4,18,62,31,82,1,1,1
2020,4,20,61,30,83,1,1,1
2021,4,22,61,30,82,1,1,1
2022,4,24,61,30,82,1,1,1
2023,4,25,61,30,81,1,1,1
2024,4,27,60,30,82,1,1,1
2025,4,29,60,29,81,1,1,1
2026,4,30,60,30,80,1,1,1
2027,4,32,60,29,80,1,1,1
2028,4,34,59,29,80,1,1,1
2029,4,36,59,29,80,1,1,1
2030,4,37,59,29,79,1,1,1
2031,4,39,58,29,80,1,1,1
2032,4,41,58,28,79,1,1,1
2033,4,43,58,28,79,1,1,1
2034,4,44,58,28,78,1,1,1
2035,4,46,57,28,78,1,1,1
2036,4,48,57,28,78,1,1,1
2037,4,49,57,28,77,1,1,1
2038,4,51,57,28,77,1,1,1
2039,4,53,56,27,77,1,1,1
2040,4,55,56,27,77,1,1,1
2041,4,56,56,27,76,1,1,1
2042,4,58,56,27,76,1,1,1
2043,4,60,55,27,76,1,1,1
2044,4,61,55,27,75,1,1,1
2045,4,63,55,27,75,1,1,1
2046,4,65,55,26,74,1,1,1
2047,4,67,54,26,75,1,1,1
2048,4,68,54,26,74,1,1,1
2049,4,70,54,26,74,1,1,1
2050,4,72,53,26,74,1,1,1
2051,4,74,53,25,74,1,1,1
2052,4,75,53,26,73,1,1,1
2053,4,77,53,25,72,1,1,1
2054,4,79,52,25,73,1,1,1
2055,4,80,52,25,72,1,1,1
2056,4,82,52,25,72,1,1,1
2057,4,84,52,25,71,1,1,1
2058,4,86,51,24,72,1,1,1
2059,4,87,51,25,71,1,1,1
2060,4,89,51,24,71,1,1,1
2061,4,91,51,24,70,1,1,1
2062,4,92,50,24,70,1,1,1
2063,4,94,50,24,70,1,1,1
2064,4,96,50,24,69,1,1,1
2065,4,98,50,23,69,1,1,1
2066,4,99,49,24,69,1,1,1
2067,4,101,49,23,69,1,1,1
2068,4,103,49,23,68,1,1,1
2069,4,105,49,23,68,1,1,1
2070,4,105,48,23,68,1,1,1
2071,4,106,48,23,68,1,1,1
2072,4,107,48,23,68,1,1,1
2073,4,108,48,23,67,1,1,1
2074,4,109,48,23,67,1,1,1
2075,4,110,48,23,67,1,1,1
2076,4,111,48,23,66,1,1,1
2077,4,112,47,23,67,1,1,1
2078,4,113,47,23,67,1,1,1
2079,4,114,47,23,66,1,1,1
2080,4,115,47,23,66,1,1,1
2081,4,116,47,23,66,1,1,1
2082,4,117,47,23,65,1,1,1
2083,4,118,47,23,65,1,1,1
2084,4,119,47,23,65,1,1,1
2085,4,120,46,23,65,1,1,1
2086,4,121,46,23,65,1,1,1
2087,4,122,46,23,65,1,1,1
2088,4,123,46,23,64,1,1,1
2089,4,124,46,23,64,1,1,1
2090,4,125,46,23,64,1,1,1
2091,4,126,46,23,64,1,1,1
2092,4,127,45,23,64,1,1,1
2093,4,128,45,23,64,1,1,1
2094,4,129,45,23,64,1,1,1
2095,4,130,45,23,63,1,1,1
2096,4,131,45,23,63,1,1,1
2097,4,132,45,23,63,1,1,1
2098,4,133,45,23,62,1,1,1
2099,4,134,45,23,62,1,1,1
2100,4,134,44,23,63,1,1,1
2101,4,135,44,23,62,1,1,1
2102,4,136,44,23,62,1,1,1
2103,4,137,44,23,62,1,1,1
2104,4,138,44,23,61,1,1,1
2105,4,139,44,23,61,1,1,1
2106,4,140,44,23,61,1,1,1
2107,4,141,43,23,61,1,1,1
2108,4,142,43,23,61,1,1,1
2109,4,143,43,23,61,1,1,1
2110,4,144,43,23,61,1,1,1
2111,4,145,43,23,60,1,1,1
2112,4,146,43,23,60,1,1,1
2113,4,147,43,23,60,1,1,1
2114,4,148,43,23,59,1,1,1
2115,4,149,42,23,60,1,1,1
2116,4,150,42,23,60,1,1,1
2117,4,151,42,23,59,1,1,1
2118,4,152,42,23,59,1,1,1
2119,4,153,42,23,59,1,1,1
2120,4,154,42,23,58,1,1,1
2121,4,155,42,23,58,1,1,1
2122,4,156,41,23,59,1,1,1
2123,4,157,41,23,58,1,1,1
2124,4,158,41,23,58,1,1,1
2125,4,159,41,23,58,1,1,1
2126,4,160,41,23,57,1,1,1
2127,4,161,41,23,57,1,1,1
2128,4,162,41,23,57,1,1,1
2129,4,163,41,23,57,1,1,1
2130,4,163,40,23,57,1,1,1
2131,4,164,40,23,57,1,1,1
2132,4,164,40,23,57,1,1,1
2133,4,165,40,23,57,1,1,1
2134,4,165,40,23,56,1,1,1
2135,4,166,40,23,56,1,1,1
2136,4,167,40,22,56,1,1,1
2137,4,167,40,23,56,1,1,1
2138,4,168,40,22,55,1,1,1
2139,4,168,40,23,55,1,1,1
2140,4,169,40,22,55,1,1,1
2141,4,170,40,22,55,1,1,1
2142,4,170,40,22,55,1,1,1
2143,4,171,40,22,54,1,1,1
2144,4,171,40,22,54,1,1,1
2145,4,172,40,22,54,1,1,1
2146,4,173,40,21,54,1,1,1
2147,4,173,40,22,53,1,1,1
2148,4,174,40,21,53,1,1,1
2149,4,174,40,22,53,1,1,1
2150,4,175,39,22,54,1,1,1
2151,4,175,39,22,53,1,1,1
2152,4,176,39,22,53,1,1,1
2153,4,177,39,21,53,1,1,1
2154,4,177,39,22,53,1,1,1
2155,4,178,39,21,53,1,1,1
2156,4,178,39,22,52,1,1,1
2157,4,179,39,21,52,1,1,1
2158,4,180,39,21,52,1,1,1
2159,4,180,39,21,52,1,1,1
2160,4,181,39,21,51,1,1,1
2161,4,181,39,21,51,1,1,1
2162,4,182,39,21,51,1,1,1
2163,4,183,39,20,51,1,1,1
2164,4,183,39,21,50,1,1,1
2165,4,184,39,20,50,1,1,1
2166,4,184,39,21,50,1,1,1
2167,4,185,39,20,50,1,1,1
2168,4,186,39,20,50,1,1,1
2169,4,186,39,20,49,1,1,1
2170,4,187,38,20,50,1,1,1
2171,4,187,38,21,50,1,1,1
2172,4,188,38,20,50,1,1,1
2173,4,188,38,21,49,1,1,1
2174,4,189,38,20,49,1,1,1
2175,4,190,38,20,49,1,1,1
2176,4,190,38,20,49,1,1,1
2177,4,191,38,20,48,1,1,1
2178,4,191,38,20,48,1,1,1
2179,4,192,38,20,48,1,1,1
2180,4,193,38,19,48,1,1,1
2181,4,193,38,20,48,1,1,1
2182,4,194,38,19,47,1,1,1
2183,4,194,38,20,47,1,1,1
2184,4,195,38,19,47,1,1,1
2185,4,196,38,19,47,1,1,1
2186,4,196,38,19,46,1,1,1
2187,4,197,38,19,46,1,1,1
2188,4,197,38,19,46,1,1,1
2189,4,198,38,19,46,1,1,1
2190,4,199,38,19,46,1,1,1
2191,4,199,37,19,46,1,1,1
2192,4,199,37,19,46,1,1,1
2193,4,200,37,19,46,1,1,1
2194,4,200,37,19,46,1,1,1
2195,4,201,37,18,46,1,1,1
2196,4,201,37,19,45,1,1,1
2197,4,201,37,19,45,1,1,1
2198,4,202,37,18,45,1,1,1
2199,4,202,37,19,45,1,1,1
2200,4,203,37,18,45,1,1,1
2201,4,203,37,19,45,1,1,1
2202,4,203,37,19,44,1,1,1
2203,4,204,37,18,44,1,1,1
2204,4,204,37,19,44,1,1,1
2205,4,205,36,18,45,1,1,1
2206,4,205,36,18,45,1,1,1
2207,4,205,36,19,45,1,1,1
2208,4,206,36,18,44,1,1,1
2209,4,206,36,19,44,1,1,1
2210,4,207,36,18,44,1,1,1
2211,4,207,36,18,44,1,1,1
2212,4,207,36,19,44,1,1,1
2213,4,208,36,18,44,1,1,1
2214,4,208,36,18,43,1,1,1
2215,4,209,36,18,43,1,1,1
2216,4,209,36,18,43,1,1,1
2217,4,209,36,19,43,1,1,1
2218,4,210,36,18,43,1,1,1
2219,4,210,36,18,43,1,1,1
2220,4,211,35,18,43,1,1,1
2221,4,211,35,18,43,1,1,1
2222,4,212,35,17,43,1,1,1
2223,4,212,35,18,43,1,1,1
2224,4,212,35,18,43,1,1,1
2225,4,213,35,18,43,1,1,1
2226,4,213,35,18,42,1,1,1
2227,4,214,35,17,42,1,1,1
2228,4,214,35,18,42,1,1,1
2229,4,214,35,18,42,1,1,1
2230,4,215,35,17,42,1,1,1
2231,4,215,35,18,42,1,1,1
2232,4,216,35,17,41,1,1,1
2233,4,216,35,18,41,1,1,1
2234,4,216,35,18,41,1,1,1
2235,4,217,34,17,42,1,1,1
2236,4,217,34,18,42,1,1,1
2237,4,218,34,17,42,1,1,1
2238,4,218,34,17,41,1,1,1
2239,4,218,34,18,41,1,1,1
2240,4,219,34,17,41,1,1,1
2241,4,219,34,18,41,1,1,1
2242,4,220,34,17,41,1,1,1
2243,4,220,34,17,41,1,1,1
2244,4,220,34,18,40,1,1,1
2245,4,221,34,17,40,1,1,1
2246,4,221,34,17,40,1,1,1
2247,4,222,34,17,40,1,1,1
2248,4,222,34,17,40,1,1,1
2249,4,223,34,17,40,1,1,1
2250,4,223,33,17,40,1,1,1
2251,4,223,33,17,40,1,1,1
2252,4,224,33,17,40,1,1,1
2253,4,224,33,17,40,1,1,1
2254,4,225,33,16,40,1,1,1
2255,4,225,33,17,40,1,1,1
2256,4,226,33,16,39,1,1,1
2257,4,226,33,16,39,1,1,1
2258,4,227,33,16,39,1,1,1
2259,4,227,33,16,39,1,1,1
2260,4,227,33,17,39,1,1,1
2261,4,228,33,16,39,1,1,1
2262,4,228,33,16,39,1,1,1
2263,4,229,33,16,38,1,1,1
2264,4,229,33,16,38,1,1,1
2265,4,230,33,15,38,1,1,1
2266,4,230,33,16,38,1,1,1
2267,4,231,33,15,38,1,1,1
2268,4,231,33,16,38,1,1,1
2269,4,231,33,16,38,1,1,1
2270,4,232,33,15,37,1,1,1
2271,4,232,33,16,37,1,1,1
2272,4,233,33,15,37,1,1,1
2273,4,233,33,15,37,1,1,1
2274,4,234,33,15,37,1,1,1
2275,4,234,33,15,37,1,1,1
2276,4,235,33,15,37,1,1,1
2277,4,235,33,15,36,1,1,1
2278,4,235,33,15,36,1,1,1
2279,4,235,33,15,36,1,1,1
2280,4,235,33,15,36,1,1,1
2281,4,235,33,15,36,1,1,1
2282,4,235,33,15,36,1,1,1
2283,4,235,33,15,36,1,1,1
2284,4,235,33,15,36,1,1,1
2285,4,235,33,15,36,1,1,1
2286,4,235,33,15,36,1,1,1
2287,4,235,33,15,35,1,1,1
2288,4,235,33,15,35,1,1,1
2289,4,235,33,15,35,1,1,1
2290,4,235,33,15,35,1,1,1
2291,4,236,33,15,35,1,1,1
2292,4,236,33,15,35,1,1,1
2293,4,236,33,15,35,1,1,1
2294,4,236,33,15,35,1,1,1
2295,4,236,33,15,35,1,1,1
2296,4,236,33,15,35,1,1,1
2297,4,236,33,15,35,1,1,1
2298,4,236,33,15,34,1,1,1
2299,4,236,33,15,34,1,1,1
2300,4,236,33,15,34,1,1,1
2301,4,236,33,15,34,1,1,1
2302,4,236,33,15,34,1,1,1
2303,4,236,33,15,34,1,1,1
2304,4,236,33,15,34,1,1,1
2305,4,237,33,15,34,1,1,1
2306,4,237,33,15,34,1,1,1
2307,4,237,33,15,34,1,1,1
2308,4,237,33,15,34,1,1,1
2309,4,237,33,15,33,1,1,1
2310,4,237,33,15,33,1,1,1
2311,4,237,33,15,33,1,1,1
2312,4,237,33,15,33,1,1,1
2313,4,237,33,15,33,1,1,1
2314,4,237,33,15,33,1,1,1
2315,4,237,33,15,33,1,1,1
2316,4,237,33,15,33,1,1,1
2317,4,237,33,15,33,1,1,1
2318,4,237,33,15,33,1,1,1
2005,5,0,99,95,155,1,1,1
2006,5,17,94,94,156,1,1,1
2007,5,35,90,92,156,1,1,1
2008,5,53,86,90,156,1,1,1
2009,5,64,84,87,152,1,1,1
2010,5,76,82,84,149,1,1,1
2011,5,88,80,81,146,1,1,1
2012,5,99,78,79,142,1,1,1
2013,5,111,76,76,139,1,1,1
2014,5,123,74,73,136,1,1,1
2015,5,135,72,70,133,1,1,1
2016,5,146,70,67,129,1,1,1
2017,5,158,68,64,126,1,1,1
2018,5,170,66,61,123,1,1,1
2019,5,181,64,59,119,1,1,1
2020,5,193,62,56,116,1,1,1
2021,5,205,60,53,113,1,1,1
2022,5,217,58,50,110,1,1,1
2023,5,221,57,48,108,1,1,1
2024,5,225,56,47,106,1,1,1
2025,5,229,55,46,104,1,1,1
2026,5,233,54,45,103,1,1,1
2027,5,237,53,44,101,1,1,1
2028,5,241,52,43,99,1,1,1
2029,5,245,51,42,97,1,1,1
2030,5,249,51,41,95,1,1,1
2031,5,253,50,40,93,1,1,1
2032,5,257,49,39,91,1,1,1
2033,5,261,48,38,89,1,1,1
2034,5,265,47,37,88,1,1,1
2035,5,269,46,36,86,1,1,1
2036,5,273,45,35,84,1,1,1
2037,5,277,45,34,82,1,1,1
2038,5,278,44,33,81,1,1,1
2039,5,279,44,33,80,1,1,1
2040,5,280,44,33,78,1,1,1
2041,5,282,43,32,78,1,1,1
2042,5,283,43,32,77,1,1,1
2043,5,284,43,32,75,1,1,1
2044,5,285,43,32,74,1,1,1
2045,5,287,42,31,74,1,1,1
2046,5,288,42,31,72,1,1,1
2047,5,289,42,31,71,1,1,1
2048,5,290,41,31,71,1,1,1
2049,5,292,41,30,69,1,1,1
2050,5,293,41,30,68,1,1,1
2051,5,294,41,30,67,1,1,1
2052,5,295,40,30,66,1,1,1
2053,5,297,40,29,65,1,1,1
2054,5,298,40,28,64,1,1,1
2055,5,299,39,28,63,1,1,1
2056,5,300,39,28,62,1,1,1
2057,5,302,39,27,61,1,1,1
2058,5,303,39,27,59,1,1,1
2059,5,304,38,27,59,1,1,1
2060,5,305,38,27,58,1,1,1
2061,5,307,38,26,56,1,1,1
2062,5,308,37,26,56,1,1,1
2063,5,309,37,26,55,1,1,1
2064,5,310,37,26,53,1,1,1
2065,5,312,37,25,52,1,1,1
2066,5,313,36,25,52,1,1,1
2067,5,314,36,25,50,1,1,1
2068,5,315,36,25,49,1,1,1
2069,5,317,36,24,48,1,1,1
2070,5,318,35,23,48,1,1,1
2071,5,319,35,23,47,1,1,1
2072,5,321,35,22,46,1,1,1
2073,5,322,35,22,45,1,1,1
2074,5,323,34,21,45,1,1,1
2075,5,325,34,20,44,1,1,1
2076,5,326,34,20,43,1,1,1
2077,5,327,34,20,42,1,1,1
2078,5,329,34,19,42,1,1,1
2079,5,330,33,18,42,1,1,1
2080,5,331,33,18,42,1,1,1
2081,5,332,33,18,42,1,1,1
2082,5,333,33,18,42,1,1,1
2083,5,334,32,18,42,1,1,1
2084,5,335,32,18,42,1,1,1
2085,5,336,32,17,42,1,1,1
2086,5,337,32,17,42,1,1,1
2087,5,338,31,17,42,1,1,1
2088,5,339,31,17,42,1,1,1
2089,5,340,31,17,42,1,1,1
2090,5,341,31,17,42,1,1,1