1002,1,1510,572,128,498,1,1,1
1003,1,1510,572,141,499,1,1,1
1004,1,1510,572,153,500,1,1,1
1005,1,1510,572,165,501,1,1,1
1006,1,1510,571,177,502,1,1,1
1007,1,1511,572,185,502,1,1,1
1008,1,1512,572,191,503,1,1,1
1009,1,1513,573,198,503,1,1,1
1010,1,1513,573,206,504,1,1,1
1011,1,1514,573,212,504,1,1,1
1012,1,1516,573,213,507,1,1,1
1013,1,1518,572,214,510,1,1,1
1014,1,1519,571,216,513,1,1,1
1015,1,1521,570,217,516,1,1,1
1016,1,1522,569,218,518,1,1,1
1017,1,1534,568,207,519,1,1,1
1018,1,1545,566,196,521,1,1,1
1019,1,1557,564,184,523,1,1,1
1020,1,1568,563,173,523,1,1,1
1021,1,1579,561,161,524,1,1,1
1022,1,1592,561,155,525,1,1,1
1023,1,1604,561,148,525,1,1,1
1024,1,1616,561,142,525,1,1,1
1025,1,1629,561,135,525,1,1,1
1026,1,1640,561,128,524,1,1,1
1027,1,1643,561,145,524,1,1,1
1028,1,1645,561,161,524,1,1,1
1029,1,1647,561,177,523,1,1,1
1030,1,1649,561,194,522,1,1,1
1031,1,1651,560,209,521,1,1,1
1032,1,1652,562,216,521,1,1,1
1033,1,1652,562,222,520,1,1,1
1034,1,1652,563,229,519,1,1,1
1035,1,1653,564,235,517,1,1,1
1036,1,1652,564,241,516,1,1,1
1037,1,1655,563,240,519,1,1,1
1038,1,1657,562,240,522,1,1,1
1039,1,1659,561,239,524,1,1,1
1040,1,1661,560,238,526,1,1,1
1041,1,1663,558,236,529,1,1,1
1042,1,1671,558,229,529,1,1,1
1043,1,1678,557,222,529,1,1,1
1044,1,1685,556,215,529,1,1,1
1045,1,1693,555,207,529,1,1,1
1046,1,1700,553,200,529,1,1,1
1047,1,1716,553,185,531,1,1,1
1048,1,1732,552,171,533,1,1,1
1049,1,1748,551,156,535,1,1,1
1050,1,1764,550,142,537,1,1,1
1051,1,1780,548,126,539,1,1,1
1052,1,1786,548,137,542,1,1,1
1053,1,1791,547,148,546,1,1,1
1054,1,1796,546,158,549,1,1,1
1055,1,1801,546,169,552,1,1,1
1056,1,1806,544,179,555,1,1,1
1057,1,1806,544,194,555,1,1,1
1058,1,1805,543,210,555,1,1,1
1059,1,1805,542,225,554,1,1,1
1060,1,1804,542,240,553,1,1,1
1061,1,1804,540,255,553,1,1,1
1062,1,1804,541,256,554,1,1,1
1063,1,1803,541,258,555,1,1,1
1064,1,1803,541,259,555,1,1,1
1065,1,1802,541,260,556,1,1,1
1066,1,1802,540,261,557,1,1,1
1067,1,1804,539,259,559,1,1,1
1068,1,1807,537,255,560,1,1,1
1069,1,1809,535,253,562,1,1,1
1070,1,1812,533,250,563,1,1,1
1071,1,1814,530,246,565,1,1,1
1072,1,1819,529,245,566,1,1,1
1073,1,1824,528,244,565,1,1,1
1074,1,1829,527,242,565,1,1,1
1075,1,1834,526,240,565,1,1,1
1076,1,1838,524,238,565,1,1,1
1077,1,1848,525,235,565,1,1,1
1078,1,1858,526,231,565,1,1,1
1079,1,1867,527,228,565,1,1,1
1080,1,1877,528,224,564,1,1,1
1081,1,1886,528,220,563,1,1,1
1082,1,1889,529,219,563,1,1,1
1083,1,1892,528,217,563,1,1,1
1084,1,1895,528,214,563,1,1,1
1085,1,1898,528,212,562,1,1,1
1086,1,1900,527,210,561,1,1,1
1087,1,1894,527,215,562,1,1,1
1088,1,1887,526,220,562,1,1,1
1089,1,1879,526,225,562,1,1,1
1090,1,1872,525,230,562,1,1,1
1091,1,1864,524,235,561,1,1,1
1092,1,1862,525,235,562,1,1,1
1093,1,1860,524,233,562,1,1,1
1094,1,1857,524,233,562,1,1,1
1095,1,1854,524,233,562,1,1,1
1096,1,1851,523,232,562,1,1,1
1097,1,1851,523,227,563,1,1,1
1098,1,1851,523,221,562,1,1,1
1099,1,1850,523,216,562,1,1,1
1100,1,1850,522,210,562,1,1,1
1101,1,1849,522,205,561,1,1,1
1102,1,1850,522,202,558,1,1,1
1103,1,1850,522,200,555,1,1,1
1104,1,1850,522,197,553,1,1,1
1105,1,1850,522,195,550,1,1,1
1106,1,1850,522,191,546,1,1,1
1107,1,1846,522,190,546,1,1,1
1108,1,1843,522,186,546,1,1,1
1109,1,1839,522,183,545,1,1,1
1110,1,1835,522,181,545,1,1,1
1111,1,1830,521,178,544,1,1,1
1112,1,1830,522,178,545,1,1,1
1113,1,1829,522,177,545,1,1,1
1114,1,1829,523,176,545,1,1,1
1115,1,1828,523,175,545,1,1,1
1116,1,1827,523,174,545,1,1,1
1117,1,1823,523,177,545,1,1,1
1118,1,1820,523,178,545,1,1,1
1119,1,1816,524,180,544,1,1,1
1120,1,1812,524,182,543,1,1,1
1121,1,1808,523,183,543,1,1,1
1122,1,1803,524,186,543,1,1,1
1123,1,1797,524,189,542,1,1,1
1124,1,1791,524,192,542,1,1,1
1125,1,1786,524,194,542,1,1,1
1126,1,1780,524,197,541,1,1,1
1127,1,1779,524,194,540,1,1,1
1128,1,1778,523,191,540,1,1,1
1129,1,1777,523,188,539,1,1,1
1130,1,1776,523,185,537,1,1,1
1131,1,1775,522,181,536,1,1,1
1132,1,1775,523,178,536,1,1,1
1133,1,1775,523,174,536,1,1,1
1134,1,1774,524,171,535,1,1,1
1135,1,1774,524,167,535,1,1,1
1136,1,1773,524,163,534,1,1,1
1137,1,1765,524,168,534,1,1,1
1138,1,1757,524,172,534,1,1,1
1139,1,1749,523,177,534,1,1,1
1140,1,1741,523,181,533,1,1,1
1141,1,1732,522,185,532,1,1,1
1142,1,1725,523,191,530,1,1,1
1143,1,1718,524,195,528,1,1,1
1144,1,1711,525,200,525,1,1,1
1145,1,1703,526,206,523,1,1,1
1146,1,1695,526,210,520,1,1,1
1147,1,1700,526,204,521,1,1,1
1148,1,1705,526,198,522,1,1,1
1149,1,1709,525,192,523,1,1,1
1150,1,1714,525,186,524,1,1,1
1151,1,1718,524,179,524,1,1,1
1152,1,1724,525,175,524,1,1,1
1153,1,1730,525,169,525,1,1,1
1154,1,1737,526,163,524,1,1,1
1155,1,1743,526,157,524,1,1,1
1156,1,1748,526,152,523,1,1,1
1157,1,1748,526,151,524,1,1,1
1158,1,1748,526,149,523,1,1,1
1159,1,1748,525,147,524,1,1,1
1160,1,1748,525,145,523,1,1,1
1161,1,1747,524,143,522,1,1,1
1162,1,1747,524,143,523,1,1,1
1163,1,1747,524,143,523,1,1,1
1164,1,1747,523,142,523,1,1,1
1165,1,1747,522,141,524,1,1,1
1166,1,1746,521,141,523,1,1,1
1167,1,1746,521,141,524,1,1,1
1168,1,1745,521,141,523,1,1,1
1169,1,1744,521,142,523,1,1,1
1170,1,1743,520,142,524,1,1,1
1171,1,1742,519,142,523,1,1,1
1172,1,1738,519,146,525,1,1,1
1173,1,1734,518,149,528,1,1,1
1174,1,1729,518,153,529,1,1,1
1175,1,1725,517,156,531,1,1,1
1176,1,1720,516,159,532,1,1,1
1177,1,1720,516,157,533,1,1,1
1178,1,1720,516,154,532,1,1,1
1179,1,1720,516,151,532,1,1,1
1180,1,1720,516,148,532,1,1,1
1181,1,1720,515,144,532,1,1,1
1182,1,1720,515,143,533,1,1,1
1183,1,1720,514,141,533,1,1,1
1184,1,1719,513,140,534,1,1,1
1185,1,1719,512,138,535,1,1,1
1186,1,1718,511,135,535,1,1,1
1187,1,1719,511,137,537,1,1,1
1188,1,1720,511,138,537,1,1,1
1189,1,1720,511,139,537,1,1,1
1190,1,1720,511,141,538,1,1,1
1191,1,1720,511,141,537,1,1,1
1192,1,1713,511,147,537,1,1,1
1193,1,1706,511,152,537,1,1,1
1194,1,1699,512,157,535,1,1,1
1195,1,1692,512,162,534,1,1,1
1196,1,1684,511,167,533,1,1,1
1197,1,1673,512,182,534,1,1,1
1198,1,1662,512,197,535,1,1,1
1199,1,1651,512,211,536,1,1,1
1200,1,1639,512,227,537,1,1,1
1201,1,1628,512,240,536,1,1,1
1202,1,1624,513,244,537,1,1,1
1203,1,1620,514,247,536,1,1,1
1204,1,1616,515,250,535,1,1,1
1205,1,1612,516,252,535,1,1,1
1206,1,1608,516,255,534,1,1,1
1207,1,1608,516,252,538,1,1,1
1208,1,1608,516,249,541,1,1,1
1209,1,1608,516,245,544,1,1,1
1210,1,1608,516,242,546,1,1,1
1211,1,1608,516,238,548,1,1,1
1212,1,1608,516,232,551,1,1,1
1213,1,1607,516,227,552,1,1,1
1214,1,1607,515,220,554,1,1,1
1215,1,1607,515,214,555,1,1,1
1216,1,1606,514,208,557,1,1,1
1217,1,1606,514,203,558,1,1,1
1218,1,1606,514,197,559,1,1,1
1219,1,1606,514,191,560,1,1,1
1220,1,1606,514,185,561,1,1,1
1221,1,1606,514,179,561,1,1,1
1222,1,1600,514,180,567,1,1,1
1223,1,1595,514,178,573,1,1,1
1224,1,1589,514,178,579,1,1,1
1225,1,1583,514,178,584,1,1,1
1226,1,1577,514,177,589,1,1,1
1227,1,1569,514,179,591,1,1,1
1228,1,1560,514,180,593,1,1,1
1229,1,1551,514,182,594,1,1,1
1230,1,1542,514,184,595,1,1,1
1231,1,1532,514,185,595,1,1,1
1232,1,1529,516,186,598,1,1,1
1233,1,1524,517,187,601,1,1,1
1234,1,1520,518,187,604,1,1,1
1235,1,1516,519,188,608,1,1,1
1236,1,1512,520,187,610,1,1,1
1237,1,1511,521,184,611,1,1,1
1238,1,1511,521,178,613,1,1,1
1239,1,1510,522,174,614,1,1,1
1240,1,1509,522,170,615,1,1,1
1241,1,1508,522,165,616,1,1,1
1242,1,1502,522,169,618,1,1,1
1243,1,1497,522,172,618,1,1,1
1244,1,1491,521,176,620,1,1,1
1245,1,1485,521,180,621,1,1,1
1246,1,1479,520,183,622,1,1,1
1247,1,1464,521,194,621,1,1,1
1248,1,1449,521,204,619,1,1,1
1249,1,1434,522,213,617,1,1,1
1250,1,1419,522,223,616,1,1,1
1251,1,1404,522,232,614,1,1,1
1252,1,1394,524,244,615,1,1,1
1253,1,1383,525,256,616,1,1,1
1254,1,1373,526,267,617,1,1,1
1255,1,1362,527,279,617,1,1,1
1256,1,1351,527,290,618,1,1,1
1257,1,1349,527,288,623,1,1,1
1258,1,1346,527,285,626,1,1,1
1259,1,1343,527,283,629,1,1,1
1260,1,1340,526,280,634,1,1,1
1261,1,1337,525,277,637,1,1,1
1262,1,1337,525,272,640,1,1,1
1263,1,1336,524,267,643,1,1,1
1264,1,1336,523,261,645,1,1,1
1265,1,1335,522,256,648,1,1,1
1266,1,1335,520,250,651,1,1,1
1267,1,1336,521,242,651,1,1,1
1268,1,1336,520,235,652,1,1,1
1269,1,1337,520,227,651,1,1,1
1270,1,1337,520,220,651,1,1,1
1271,1,1337,520,211,650,1,1,1
1272,1,1338,519,206,657,1,1,1
1273,1,1338,519,200,663,1,1,1
1274,1,1338,518,194,670,1,1,1
1275,1,1338,517,188,676,1,1,1
1276,1,1338,516,181,682,1,1,1
1277,1,1324,516,189,685,1,1,1
1278,1,1309,515,197,688,1,1,1
1279,1,1294,514,205,690,1,1,1
1280,1,1280,513,212,693,1,1,1
1281,1,1265,512,220,695,1,1,1
1282,1,1253,512,227,699,1,1,1
1283,1,1241,511,234,702,1,1,1
1284,1,1229,511,241,705,1,1,1
1285,1,1216,511,248,707,1,1,1
1286,1,1204,510,255,710,1,1,1
1287,1,1202,508,254,714,1,1,1
1288,1,1201,505,252,719,1,1,1
1289,1,1199,503,250,724,1,1,1
1290,1,1198,500,248,729,1,1,1
1291,1,1195,497,246,732,1,1,1
1292,1,1195,495,245,735,1,1,1
1293,1,1194,491,244,738,1,1,1
1294,1,1193,488,243,740,1,1,1
1295,1,1193,485,240,742,1,1,1
1296,1,1191,481,238,744,1,1,1
1297,1,1193,480,229,747,1,1,1
1298,1,1193,478,220,749,1,1,1
1299,1,1194,476,211,751,1,1,1
1300,1,1195,473,201,754,1,1,1
1301,1,1195,471,191,755,1,1,1
1302,1,1186,471,192,755,1,1,1
1303,1,1177,470,191,755,1,1,1
1304,1,1167,470,192,755,1,1,1
1305,1,1157,470,192,754,1,1,1
1306,1,1147,469,191,754,1,1,1
1307,1,1121,469,213,755,1,1,1
1308,1,1094,470,235,754,1,1,1
1309,1,1068,470,256,755,1,1,1
1310,1,1041,470,278,755,1,1,1
1311,1,1014,470,300,754,1,1,1
1312,1,1005,471,309,753,1,1,1
1313,1,996,472,318,752,1,1,1
1314,1,987,472,327,751,1,1,1
1315,1,978,473,335,749,1,1,1
1316,1,969,473,344,747,1,1,1
1317,1,969,472,340,749,1,1,1
1318,1,970,471,334,749,1,1,1
1319,1,970,470,330,749,1,1,1
1320,1,970,468,325,751,1,1,1
1321,1,970,466,320,751,1,1,1
1322,1,970,466,298,752,1,1,1
1323,1,969,465,277,753,1,1,1
1324,1,968,465,255,753,1,1,1
1325,1,967,464,234,754,1,1,1
1326,1,966,463,211,754,1,1,1
1327,1,947,463,220,759,1,1,1
1328,1,927,462,229,763,1,1,1
1329,1,908,462,236,767,1,1,1
1330,1,888,462,245,771,1,1,1
1331,1,868,461,252,775,1,1,1
1332,1,846,462,269,770,1,1,1
1333,1,824,463,285,764,1,1,1
1334,1,801,464,301,759,1,1,1
1335,1,779,465,317,753,1,1,1
1336,1,756,465,332,747,1,1,1
1337,1,755,467,334,747,1,1,1
1338,1,753,468,335,746,1,1,1
1339,1,751,468,337,746,1,1,1
1340,1,748,469,339,745,1,1,1
1341,1,746,470,340,744,1,1,1
1342,1,746,468,338,747,1,1,1
1343,1,745,465,336,751,1,1,1
1344,1,745,463,333,754,1,1,1
1345,1,744,460,332,758,1,1,1
1346,1,743,457,329,761,1,1,1
1347,1,738,457,320,762,1,1,1
1348,1,733,456,310,763,1,1,1
1349,1,728,456,300,764,1,1,1
1350,1,723,455,290,765,1,1,1
1351,1,717,454,280,765,1,1,1
1352,1,711,453,274,766,1,1,1
1353,1,704,452,268,767,1,1,1
1354,1,697,451,262,767,1,1,1
1355,1,690,450,256,767,1,1,1
1356,1,683,448,248,767,1,1,1
1357,1,678,451,248,765,1,1,1
1358,1,673,452,246,764,1,1,1
1359,1,668,454,244,761,1,1,1
1360,1,662,456,243,759,1,1,1
1361,1,657,457,240,757,1,1,1
1362,1,654,460,239,753,1,1,1
1363,1,651,462,236,750,1,1,1
1364,1,649,464,233,747,1,1,1
1365,1,646,467,231,742,1,1,1
1366,1,642,469,228,738,1,1,1
1367,1,639,467,228,738,1,1,1
1368,1,636,465,226,737,1,1,1
1369,1,632,463,225,735,1,1,1
1370,1,628,461,224,734,1,1,1
1371,1,624,459,222,732,1,1,1
1372,1,622,460,222,726,1,1,1
1373,1,619,461,221,719,1,1,1
1374,1,616,462,221,711,1,1,1
1375,1,613,462,221,705,1,1,1
1376,1,610,463,220,697,1,1,1
1377,1,602,463,225,694,1,1,1
1378,1,593,462,230,691,1,1,1
1379,1,584,462,236,687,1,1,1
1380,1,576,462,240,683,1,1,1
1381,1,567,461,244,679,1,1,1
1382,1,558,461,249,680,1,1,1
1383,1,549,461,253,681,1,1,1
1384,1,540,461,258,681,1,1,1
1385,1,531,461,262,681,1,1,1
1386,1,522,461,265,681,1,1,1
1387,1,520,461,262,679,1,1,1
1388,1,517,460,259,678,1,1,1
1389,1,514,460,257,676,1,1,1
1390,1,511,460,254,673,1,1,1
1391,1,508,459,251,671,1,1,1
1392,1,498,457,255,670,1,1,1
1393,1,487,455,259,669,1,1,1
1394,1,476,453,264,668,1,1,1
1395,1,466,451,267,667,1,1,1
1396,1,455,448,271,665,1,1,1
1397,1,447,447,266,665,1,1,1
1398,1,439,445,260,665,1,1,1
1399,1,431,443,254,665,1,1,1
1400,1,422,441,249,665,1,1,1
1401,1,414,438,242,665,1,1,1
1402,1,408,439,243,664,1,1,1
1403,1,401,438,245,665,1,1,1
1404,1,394,438,246,664,1,1,1
1405,1,387,438,247,664,1,1,1
1406,1,380,437,247,663,1,1,1
1407,1,378,437,245,663,1,1,1
1408,1,374,437,243,662,1,1,1
1409,1,371,436,240,663,1,1,1
1410,1,368,436,238,662,1,1,1
1411,1,364,435,235,661,1,1,1
1412,1,362,435,234,661,1,1,1
1413,1,359,436,233,659,1,1,1
1414,1,356,436,231,659,1,1,1
1415,1,353,436,230,658,1,1,1
1416,1,349,436,229,656,1,1,1
1417,1,346,436,229,655,1,1,1
1418,1,343,435,228,654,1,1,1
1419,1,340,434,227,653,1,1,1
1420,1,336,434,227,651,1,1,1
1421,1,332,432,225,650,1,1,1
1422,1,330,434,227,645,1,1,1
1423,1,328,435,228,640,1,1,1
1424,1,325,436,230,635,1,1,1
1425,1,323,438,230,629,1,1,1
1426,1,320,438,231,623,1,1,1
1427,1,318,438,231,621,1,1,1
1428,1,315,438,232,617,1,1,1
1429,1,313,437,232,614,1,1,1
1430,1,310,437,232,611,1,1,1
1431,1,308,436,232,608,1,1,1
1432,1,306,438,231,606,1,1,1
1433,1,303,440,232,604,1,1,1
1434,1,301,441,231,604,1,1,1
1435,1,298,443,231,602,1,1,1
1436,1,295,444,230,600,1,1,1
1437,1,291,447,231,599,1,1,1
1438,1,286,449,231,598,1,1,1
1439,1,281,451,231,596,1,1,1
1440,1,276,453,231,595,1,1,1
1441,1,271,455,230,593,1,1,1
1442,1,267,453,234,594,1,1,1
1443,1,262,452,238,592,1,1,1
1444,1,258,450,242,592,1,1,1
1445,1,253,449,246,590,1,1,1
1446,1,248,446,248,589,1,1,1
1447,1,245,447,250,589,1,1,1
1448,1,241,448,250,586,1,1,1
1449,1,237,448,251,585,1,1,1
1450,1,233,449,252,583,1,1,1
1451,1,228,448,253,581,1,1,1
1452,1,228,449,249,582,1,1,1
1453,1,228,450,244,581,1,1,1
1454,1,228,451,239,580,1,1,1
1455,1,228,451,235,581,1,1,1
1456,1,227,451,229,580,1,1,1
1457,1,228,453,229,579,1,1,1
1458,1,229,454,227,579,1,1,1
1459,1,229,455,227,578,1,1,1
1460,1,229,456,226,578,1,1,1
1461,1,229,457,224,577,1,1,1
1462,1,232,458,223,576,1,1,1
1463,1,234,458,221,576,1,1,1
1464,1,237,459,219,575,1,1,1
1465,1,239,459,217,574,1,1,1
1466,1,241,460,215,572,1,1,1
1467,1,244,461,214,570,1,1,1
1468,1,246,462,213,567,1,1,1
1469,1,249,463,211,564,1,1,1
1470,1,251,464,210,561,1,1,1
1471,1,253,464,208,558,1,1,1
1472,1,256,464,208,557,1,1,1
1473,1,259,463,207,556,1,1,1
1474,1,262,462,206,554,1,1,1
1475,1,264,462,206,552,1,1,1
1476,1,267,461,204,550,1,1,1
1477,1,269,460,205,545,1,1,1
1478,1,270,460,207,539,1,1,1
1479,1,272,459,207,533,1,1,1
1480,1,274,458,207,528,1,1,1
1481,1,275,457,208,522,1,1,1
1482,1,277,456,206,522,1,1,1
1483,1,278,456,205,521,1,1,1
1484,1,279,455,203,521,1,1,1
1485,1,280,454,202,521,1,1,1
1486,1,281,453,200,520,1,1,1
1487,1,283,453,197,521,1,1,1
1488,1,285,452,194,522,1,1,1
1489,1,287,452,191,523,1,1,1
1490,1,288,451,189,524,1,1,1
1491,1,289,451,185,524,1,1,1
1492,1,291,451,185,524,1,1,1
1493,1,293,451,184,523,1,1,1
1494,1,295,451,183,522,1,1,1
1495,1,296,451,183,521,1,1,1
1496,1,297,451,181,520,1,1,1
1497,1,303,450,175,518,1,1,1
1498,1,309,449,168,516,1,1,1
1499,1,314,449,162,513,1,1,1
1500,1,319,448,156,510,1,1,1
1002,2,1673,628,118,296,1,1,1
1003,2,1675,628,120,296,1,1,1
1004,2,1677,628,122,296,1,1,1
1005,2,1678,628,126,296,1,1,1
1006,2,1679,628,128,295,1,1,1
1007,2,1682,628,125,299,1,1,1
1008,2,1685,628,120,301,1,1,1
1009,2,1688,627,115,304,1,1,1
1010,2,1691,627,111,306,1,1,1
1011,2,1693,626,106,308,1,1,1
1012,2,1696,626,108,308,1,1,1
1013,2,1697,625,110,309,1,1,1
1014,2,1699,624,112,309,1,1,1
1015,2,1700,623,115,310,1,1,1
1016,2,1702,622,116,310,1,1,1
1017,2,1707,622,115,311,1,1,1
1018,2,1711,622,114,311,1,1,1
1019,2,1716,621,112,312,1,1,1
1020,2,1720,621,111,312,1,1,1
1021,2,1724,620,110,312,1,1,1
1022,2,1726,620,110,313,1,1,1
1023,2,1728,620,109,313,1,1,1
1024,2,1729,620,109,313,1,1,1
1025,2,1731,620,109,313,1,1,1
1026,2,1732,620,108,312,1,1,1
1027,2,1736,621,107,313,1,1,1
1028,2,1740,621,106,315,1,1,1
1029,2,1744,621,105,317,1,1,1
1030,2,1748,622,103,318,1,1,1
1031,2,1751,621,102,319,1,1,1
1056,2,1761,602,118,330,1,1,1
1057,2,1763,600,120,331,1,1,1
1058,2,1765,599,122,331,1,1,1
1059,2,1767,597,124,332,1,1,1
1060,2,1769,596,125,332,1,1,1
1061,2,1771,593,126,332,1,1,1
1062,2,1773,592,125,338,1,1,1
1063,2,1774,591,124,343,1,1,1
1064,2,1775,589,123,349,1,1,1
1065,2,1776,587,122,354,1,1,1
1066,2,1777,585,120,359,1,1,1
1067,2,1776,586,124,359,1,1,1
1068,2,1775,586,127,360,1,1,1
1069,2,1774,586,130,360,1,1,1
1070,2,1773,586,133,361,1,1,1
1071,2,1771,585,136,361,1,1,1
1072,2,1769,586,139,361,1,1,1
1073,2,1767,586,141,362,1,1,1
1074,2,1764,586,144,362,1,1,1
1075,2,1762,586,146,363,1,1,1
1076,2,1759,585,148,363,1,1,1
1077,2,1759,585,146,366,1,1,1
1078,2,1758,584,144,368,1,1,1
1079,2,1758,584,141,370,1,1,1
1080,2,1757,583,139,373,1,1,1
1081,2,1756,582,136,375,1,1,1
1082,2,1753,581,137,376,1,1,1
1083,2,1749,580,137,377,1,1,1
1084,2,1746,578,137,378,1,1,1
1085,2,1742,577,138,379,1,1,1
1086,2,1738,575,138,379,1,1,1
1087,2,1736,575,138,382,1,1,1
1088,2,1733,575,138,383,1,1,1
1089,2,1731,575,138,385,1,1,1
1090,2,1728,574,138,387,1,1,1
1091,2,1725,574,137,388,1,1,1
1092,2,1724,574,136,390,1,1,1
1093,2,1722,574,136,390,1,1,1
1094,2,1721,574,134,391,1,1,1
1095,2,1719,574,134,391,1,1,1
1096,2,1717,574,133,391,1,1,1
1097,2,1716,574,132,393,1,1,1
1098,2,1715,574,131,394,1,1,1
1099,2,1714,574,129,394,1,1,1
1100,2,1713,574,128,395,1,1,1
1101,2,1711,574,126,395,1,1,1
1102,2,1710,573,125,397,1,1,1
1103,2,1707,572,124,399,1,1,1
1104,2,1705,571,123,400,1,1,1
1105,2,1703,570,121,401,1,1,1
1106,2,1700,569,119,402,1,1,1
1107,2,1697,569,122,403,1,1,1
1108,2,1694,569,124,403,1,1,1
1109,2,1690,568,127,405,1,1,1
1110,2,1686,568,130,405,1,1,1
1111,2,1682,567,131,405,1,1,1
1112,2,1675,568,142,405,1,1,1
1113,2,1668,568,152,405,1,1,1
1114,2,1661,568,162,405,1,1,1
1115,2,1654,568,171,405,1,1,1
1116,2,1646,568,181,404,1,1,1
1117,2,1648,569,177,405,1,1,1
1118,2,1649,569,173,406,1,1,1
1119,2,1650,570,169,405,1,1,1
1120,2,1652,570,165,406,1,1,1
1121,2,1653,570,160,405,1,1,1
1122,2,1655,572,158,408,1,1,1
1123,2,1656,573,157,410,1,1,1
1124,2,1658,574,154,413,1,1,1
1125,2,1659,575,153,415,1,1,1
1126,2,1660,575,150,417,1,1,1
1127,2,1660,575,150,422,1,1,1
1128,2,1658,573,151,427,1,1,1
1129,2,1657,572,151,430,1,1,1
1130,2,1656,571,151,434,1,1,1
1131,2,1655,569,151,438,1,1,1
1132,2,1657,568,149,440,1,1,1
1133,2,1658,566,147,441,1,1,1
1134,2,1660,564,145,443,1,1,1
1135,2,1662,563,142,444,1,1,1
1136,2,1663,561,140,444,1,1,1
1137,2,1664,562,141,445,1,1,1
1138,2,1665,563,142,444,1,1,1
1139,2,1666,564,142,443,1,1,1
1140,2,1667,564,142,444,1,1,1
1141,2,1667,565,142,442,1,1,1
1142,2,1667,565,151,444,1,1,1
1143,2,1667,564,160,446,1,1,1
1144,2,1667,564,168,447,1,1,1
1145,2,1667,564,176,447,1,1,1
1146,2,1667,563,183,448,1,1,1
1147,2,1668,563,199,449,1,1,1
1148,2,1668,563,216,448,1,1,1
1149,2,1669,563,231,448,1,1,1
1150,2,1669,563,247,448,1,1,1
1151,2,1669,563,263,446,1,1,1
1152,2,1671,564,249,447,1,1,1
1153,2,1673,565,235,448,1,1,1
1154,2,1675,566,221,448,1,1,1
1155,2,1677,567,207,448,1,1,1
1156,2,1678,567,192,448,1,1,1
1157,2,1683,568,190,450,1,1,1
1158,2,1687,568,187,451,1,1,1
1159,2,1692,569,183,451,1,1,1
1160,2,1696,569,180,452,1,1,1
1161,2,1700,569,177,453,1,1,1
1162,2,1700,568,174,454,1,1,1
1163,2,1701,566,170,455,1,1,1
1164,2,1701,565,166,456,1,1,1
1165,2,1701,563,163,457,1,1,1
1166,2,1701,561,158,457,1,1,1
1167,2,1700,561,160,458,1,1,1
1168,2,1698,560,162,458,1,1,1
1169,2,1697,560,163,458,1,1,1
1170,2,1695,559,165,458,1,1,1
1171,2,1693,558,165,457,1,1,1
1172,2,1694,556,165,460,1,1,1
1173,2,1695,553,164,463,1,1,1
1174,2,1695,550,163,465,1,1,1
1175,2,1695,548,163,467,1,1,1
1176,2,1695,544,161,469,1,1,1
1177,2,1693,547,155,467,1,1,1
1178,2,1691,550,148,463,1,1,1
1179,2,1688,552,142,461,1,1,1
1180,2,1686,555,135,458,1,1,1
1181,2,1683,556,129,455,1,1,1
1182,2,1682,556,129,456,1,1,1
1183,2,1681,555,129,457,1,1,1
1184,2,1680,554,129,458,1,1,1
1185,2,1679,554,129,458,1,1,1
1186,2,1677,552,130,458,1,1,1
1187,2,1675,553,131,459,1,1,1
1188,2,1674,553,130,459,1,1,1
1189,2,1672,553,130,459,1,1,1
1190,2,1670,553,130,460,1,1,1
1191,2,1667,552,130,460,1,1,1
1192,2,1668,554,126,458,1,1,1
1193,2,1668,555,122,456,1,1,1
1194,2,1668,555,118,454,1,1,1
1195,2,1669,556,113,452,1,1,1
1196,2,1668,557,109,449,1,1,1
1197,2,1668,557,113,447,1,1,1
1198,2,1667,557,117,444,1,1,1
1199,2,1666,558,121,440,1,1,1
1200,2,1664,558,126,438,1,1,1
1201,2,1663,557,129,435,1,1,1
1202,2,1664,556,130,436,1,1,1
1203,2,1665,554,129,437,1,1,1
1204,2,1666,552,129,438,1,1,1
1205,2,1667,551,128,438,1,1,1
1206,2,1667,548,128,438,1,1,1
1221,2,1653,567,167,393,1,1,1
1222,2,1653,567,168,394,1,1,1
1223,2,1654,567,167,394,1,1,1
1224,2,1654,567,168,394,1,1,1
1225,2,1655,567,167,394,1,1,1
1226,2,1655,567,167,393,1,1,1
1227,2,1660,568,161,394,1,1,1
1228,2,1664,569,155,393,1,1,1
1229,2,1669,570,149,392,1,1,1
1230,2,1673,571,143,392,1,1,1
1231,2,1677,571,136,391,1,1,1
1232,2,1678,574,135,389,1,1,1
1233,2,1678,576,133,387,1,1,1
1234,2,1679,579,130,384,1,1,1
1235,2,1679,581,129,382,1,1,1
1236,2,1679,583,126,379,1,1,1
1237,2,1678,584,126,380,1,1,1
1238,2,1677,584,125,382,1,1,1
1239,2,1676,585,124,382,1,1,1
1240,2,1675,585,123,383,1,1,1
1241,2,1673,585,122,383,1,1,1
1242,2,1672,586,123,381,1,1,1
1243,2,1670,587,124,377,1,1,1
1244,2,1669,587,124,375,1,1,1
1245,2,1667,587,126,373,1,1,1
1246,2,1665,587,126,369,1,1,1
1247,2,1665,588,127,368,1,1,1
1248,2,1665,589,128,365,1,1,1
1249,2,1665,589,128,363,1,1,1
1250,2,1665,589,128,362,1,1,1
1251,2,1665,589,128,359,1,1,1
1252,2,1665,591,128,359,1,1,1
1253,2,1664,593,129,359,1,1,1
1254,2,1663,595,130,358,1,1,1
1255,2,1663,596,129,358,1,1,1
1256,2,1661,597,129,357,1,1,1
1257,2,1664,599,128,355,1,1,1
1258,2,1667,599,125,353,1,1,1
1259,2,1669,600,123,351,1,1,1
1260,2,1672,600,121,349,1,1,1
1261,2,1674,601,118,346,1,1,1
1262,2,1677,600,116,347,1,1,1
1263,2,1680,599,114,347,1,1,1
1264,2,1682,599,113,347,1,1,1
1265,2,1685,598,110,347,1,1,1
1266,2,1687,596,108,347,1,1,1
1267,2,1692,597,104,346,1,1,1
1268,2,1696,597,100,344,1,1,1
1269,2,1699,598,98,342,1,1,1
1270,2,1703,598,94,340,1,1,1
1271,2,1707,598,89,338,1,1,1
1272,2,1705,598,92,338,1,1,1
1273,2,1703,598,94,338,1,1,1
1274,2,1700,597,96,338,1,1,1
1275,2,1698,597,98,338,1,1,1
1276,2,1695,596,100,337,1,1,1
1277,2,1691,597,105,336,1,1,1
1278,2,1685,597,112,336,1,1,1
1279,2,1680,596,117,336,1,1,1
1280,2,1675,596,123,335,1,1,1
1281,2,1669,595,128,334,1,1,1
1282,2,1671,596,125,334,1,1,1
1283,2,1673,597,122,333,1,1,1
1284,2,1674,597,119,332,1,1,1
1285,2,1676,598,115,331,1,1,1
1286,2,1677,597,112,330,1,1,1
1287,2,1674,597,114,330,1,1,1
1288,2,1670,596,116,329,1,1,1
1289,2,1667,594,117,330,1,1,1
1290,2,1663,593,119,329,1,1,1
1291,2,1659,591,120,328,1,1,1
1292,2,1658,591,119,327,1,1,1
1293,2,1658,590,117,326,1,1,1
1294,2,1657,589,115,325,1,1,1
1295,2,1656,589,114,323,1,1,1
1296,2,1655,587,112,322,1,1,1
1297,2,1651,587,113,323,1,1,1
1298,2,1647,587,114,322,1,1,1
1299,2,1643,587,115,322,1,1,1
1300,2,1639,586,115,323,1,1,1
1301,2,1634,585,116,322,1,1,1
1361,2,1473,579,81,287,1,1,1
1362,2,1466,580,87,287,1,1,1
1363,2,1458,580,93,286,1,1,1
1364,2,1450,581,99,284,1,1,1
1365,2,1442,581,105,283,1,1,1
1366,2,1434,581,110,281,1,1,1
1367,2,1432,582,111,283,1,1,1
1368,2,1430,582,112,285,1,1,1
1369,2,1427,582,113,287,1,1,1
1370,2,1425,582,113,289,1,1,1
1371,2,1422,581,114,291,1,1,1
1372,2,1420,581,114,292,1,1,1
1373,2,1418,580,114,293,1,1,1
1374,2,1415,579,114,293,1,1,1
1375,2,1413,578,114,294,1,1,1
1376,2,1410,577,114,293,1,1,1
1377,2,1411,578,112,293,1,1,1
1378,2,1412,579,109,292,1,1,1
1379,2,1413,580,107,291,1,1,1
1380,2,1413,581,105,290,1,1,1
1381,2,1414,581,102,289,1,1,1
1382,2,1412,581,104,291,1,1,1
1383,2,1409,580,106,292,1,1,1
1384,2,1407,579,107,294,1,1,1
1385,2,1404,578,109,295,1,1,1
1386,2,1402,577,110,295,1,1,1
1387,2,1402,578,107,295,1,1,1
1388,2,1402,578,105,295,1,1,1
1389,2,1402,578,102,294,1,1,1
1390,2,1402,578,99,294,1,1,1
1391,2,1402,577,95,293,1,1,1
1392,2,1400,577,96,294,1,1,1
1393,2,1397,577,98,294,1,1,1
1394,2,1395,576,98,295,1,1,1
1395,2,1392,576,99,295,1,1,1
1396,2,1389,575,100,295,1,1,1
1397,2,1381,575,107,296,1,1,1
1398,2,1372,574,114,296,1,1,1
1399,2,1363,573,121,296,1,1,1
1400,2,1354,572,128,296,1,1,1
1401,2,1344,571,134,295,1,1,1
1402,2,1343,571,136,297,1,1,1
1403,2,1341,570,137,299,1,1,1
1404,2,1338,569,140,301,1,1,1
1405,2,1336,569,141,302,1,1,1
1406,2,1333,567,142,304,1,1,1
1407,2,1332,568,143,303,1,1,1
1408,2,1331,567,143,302,1,1,1
1409,2,1329,567,144,300,1,1,1
1410,2,1327,566,144,300,1,1,1
1411,2,1325,565,144,297,1,1,1
1431,2,1385,559,102,312,1,1,1
1432,2,1384,560,103,312,1,1,1
1433,2,1382,562,104,311,1,1,1
1434,2,1381,563,105,311,1,1,1
1435,2,1379,564,107,311,1,1,1
1436,2,1377,565,108,310,1,1,1
1437,2,1373,565,115,314,1,1,1
1438,2,1369,564,121,319,1,1,1
1439,2,1365,564,127,323,1,1,1
1440,2,1361,564,133,326,1,1,1
1441,2,1357,563,138,330,1,1,1
1442,2,1356,564,137,331,1,1,1
1443,2,1355,564,135,332,1,1,1
1444,2,1353,564,134,332,1,1,1
1445,2,1352,565,132,332,1,1,1
1446,2,1351,565,130,332,1,1,1
1447,2,1350,565,130,335,1,1,1
1448,2,1349,565,130,338,1,1,1
1449,2,1349,565,129,340,1,1,1
1450,2,1348,565,129,343,1,1,1
1451,2,1346,565,128,344,1,1,1
1452,2,1350,566,127,345,1,1,1
1453,2,1353,567,126,344,1,1,1
1454,2,1355,567,125,345,1,1,1
1455,2,1358,568,124,344,1,1,1
1456,2,1361,568,122,343,1,1,1
1457,2,1363,569,122,346,1,1,1
1458,2,1364,569,122,348,1,1,1
1459,2,1366,569,121,350,1,1,1
1460,2,1367,569,122,352,1,1,1
1461,2,1368,568,121,354,1,1,1
1462,2,1370,568,122,355,1,1,1
1463,2,1370,568,124,355,1,1,1
1464,2,1371,568,126,355,1,1,1
1465,2,1372,567,127,356,1,1,1
1466,2,1372,566,128,356,1,1,1
1467,2,1373,566,130,357,1,1,1
1468,2,1374,565,130,358,1,1,1
1469,2,1374,564,132,359,1,1,1
1470,2,1375,563,133,360,1,1,1
1471,2,1375,561,134,360,1,1,1
1472,2,1377,562,133,362,1,1,1
1473,2,1379,562,132,364,1,1,1
1474,2,1381,562,130,365,1,1,1
1475,2,1383,562,129,367,1,1,1
1476,2,1384,562,128,368,1,1,1
1477,2,1384,563,130,369,1,1,1
1478,2,1383,563,132,370,1,1,1
1479,2,1382,563,134,371,1,1,1
1480,2,1381,563,136,373,1,1,1
1481,2,1379,563,138,373,1,1,1
1482,2,1380,562,139,376,1,1,1
1483,2,1380,561,139,379,1,1,1
1484,2,1380,560,140,382,1,1,1
1485,2,1380,558,140,385,1,1,1
1486,2,1379,557,140,387,1,1,1
1487,2,1381,556,141,389,1,1,1
1488,2,1382,555,141,391,1,1,1
1489,2,1383,553,141,393,1,1,1
1490,2,1384,552,141,395,1,1,1
1491,2,1385,551,140,395,1,1,1
1492,2,1386,551,141,395,1,1,1
1493,2,1387,550,140,394,1,1,1
1494,2,1387,550,140,393,1,1,1
1495,2,1387,549,140,393,1,1,1
1496,2,1387,548,138,391,1,1,1
1497,2,1389,549,144,395,1,1,1
1498,2,1389,549,151,398,1,1,1
1499,2,1390,549,157,400,1,1,1
1500,2,1391,549,163,403,1,1,1
1002,3,1309,617,87,306,1,1,1
1003,3,1313,616,86,307,1,1,1
1004,3,1317,616,85,307,1,1,1
1005,3,1321,615,84,308,1,1,1
1006,3,1324,614,83,308,1,1,1
1007,3,1328,614,92,308,1,1,1
1008,3,1331,614,100,308,1,1,1
1009,3,1334,614,108,308,1,1,1
1010,3,1338,614,116,308,1,1,1
1011,3,1340,614,124,308,1,1,1
1012,3,1342,614,127,309,1,1,1
1013,3,1344,614,129,310,1,1,1
1014,3,1346,614,132,311,1,1,1
1015,3,1347,614,135,312,1,1,1
1016,3,1348,614,136,312,1,1,1
1017,3,1350,615,136,312,1,1,1
1018,3,1351,615,136,312,1,1,1
1019,3,1353,616,134,312,1,1,1
1020,3,1354,616,133,312,1,1,1
1021,3,1355,616,132,312,1,1,1
1022,3,1363,615,125,313,1,1,1
1023,3,1371,613,118,315,1,1,1
1024,3,1378,611,111,316,1,1,1
1025,3,1386,610,103,317,1,1,1
1026,3,1393,608,95,318,1,1,1
1027,3,1399,608,93,319,1,1,1
1028,3,1405,608,90,320,1,1,1
1029,3,1411,608,86,320,1,1,1
1030,3,1416,607,84,322,1,1,1
1031,3,1421,607,80,321,1,1,1
1032,3,1425,608,89,321,1,1,1
1033,3,1428,608,98,320,1,1,1
1034,3,1431,609,107,319,1,1,1
1035,3,1435,609,115,318,1,1,1
1036,3,1437,609,124,316,1,1,1
1037,3,1438,609,126,319,1,1,1
1038,3,1437,610,130,320,1,1,1
1039,3,1437,610,132,321,1,1,1
1040,3,1437,610,134,323,1,1,1
1041,3,1436,609,136,324,1,1,1
1042,3,1440,609,133,325,1,1,1
1043,3,1442,608,130,325,1,1,1
1044,3,1445,607,127,326,1,1,1
1045,3,1448,606,123,326,1,1,1
1046,3,1451,604,119,326,1,1,1
1047,3,1460,603,113,327,1,1,1
1048,3,1469,602,106,327,1,1,1
1049,3,1478,600,99,327,1,1,1
1050,3,1486,599,93,327,1,1,1
1051,3,1495,597,85,326,1,1,1
1052,3,1499,597,90,327,1,1,1
1053,3,1504,596,93,328,1,1,1
1054,3,1508,595,98,328,1,1,1
1055,3,1512,595,102,328,1,1,1
1056,3,1516,593,106,328,1,1,1
1057,3,1518,593,113,328,1,1,1
1058,3,1519,593,120,327,1,1,1
1059,3,1520,593,127,326,1,1,1
1060,3,1521,592,134,326,1,1,1
1061,3,1522,591,140,324,1,1,1
1062,3,1523,592,140,324,1,1,1
1063,3,1523,593,139,323,1,1,1
1064,3,1524,593,138,323,1,1,1
1065,3,1524,593,138,323,1,1,1
1066,3,1524,593,136,322,1,1,1
1067,3,1527,592,135,324,1,1,1
1068,3,1529,591,133,325,1,1,1
1069,3,1531,589,131,327,1,1,1
1070,3,1533,587,130,329,1,1,1
1071,3,1534,585,128,330,1,1,1
1072,3,1542,586,122,328,1,1,1
1073,3,1549,586,115,326,1,1,1
1074,3,1557,586,107,324,1,1,1
1075,3,1564,586,101,322,1,1,1
1076,3,1571,585,93,320,1,1,1
1077,3,1578,585,93,323,1,1,1
1078,3,1584,585,92,324,1,1,1
1079,3,1590,585,91,325,1,1,1
1080,3,1597,585,89,327,1,1,1
1081,3,1603,584,88,328,1,1,1
1082,3,1603,585,98,328,1,1,1
1083,3,1602,585,108,327,1,1,1
1084,3,1602,586,117,325,1,1,1
1085,3,1601,586,127,325,1,1,1
1086,3,1600,586,136,323,1,1,1
1087,3,1601,586,137,325,1,1,1
1088,3,1601,586,137,325,1,1,1
1089,3,1601,585,138,327,1,1,1
1090,3,1601,585,138,328,1,1,1
1091,3,1601,584,138,328,1,1,1
1092,3,1607,584,133,329,1,1,1
1093,3,1614,583,127,330,1,1,1
1094,3,1620,582,123,331,1,1,1
1095,3,1627,581,117,331,1,1,1
1096,3,1633,580,111,331,1,1,1
1097,3,1642,580,108,332,1,1,1
1098,3,1652,580,102,332,1,1,1
1099,3,1661,579,98,333,1,1,1
1100,3,1670,579,93,333,1,1,1
1101,3,1679,577,88,333,1,1,1
1141,3,1606,583,122,342,1,1,1
1142,3,1600,584,129,343,1,1,1
1143,3,1595,584,134,343,1,1,1
1144,3,1589,584,140,343,1,1,1
1145,3,1583,584,146,343,1,1,1
1146,3,1577,583,151,342,1,1,1
1147,3,1570,583,149,344,1,1,1
1148,3,1562,583,148,344,1,1,1
1149,3,1554,582,146,346,1,1,1
1150,3,1547,582,144,346,1,1,1
1151,3,1538,581,142,346,1,1,1
1152,3,1535,580,142,348,1,1,1
1153,3,1532,578,140,350,1,1,1
1154,3,1529,576,138,352,1,1,1
1155,3,1525,574,138,354,1,1,1
1156,3,1522,571,135,355,1,1,1
1157,3,1516,571,141,356,1,1,1
1158,3,1510,570,147,357,1,1,1
1159,3,1504,569,152,357,1,1,1
1160,3,1499,568,156,358,1,1,1
1161,3,1492,567,161,358,1,1,1
1162,3,1490,566,161,359,1,1,1
1163,3,1488,564,160,360,1,1,1
1164,3,1486,563,159,360,1,1,1
1165,3,1483,562,159,361,1,1,1
1166,3,1480,560,157,361,1,1,1
1167,3,1479,560,154,362,1,1,1
1168,3,1478,560,150,362,1,1,1
1169,3,1476,560,147,362,1,1,1
1170,3,1475,560,143,363,1,1,1
1171,3,1473,559,140,362,1,1,1
1172,3,1472,560,140,363,1,1,1
1173,3,1470,560,140,364,1,1,1
1174,3,1468,559,141,366,1,1,1
1175,3,1467,559,141,367,1,1,1
1176,3,1465,559,140,367,1,1,1
1177,3,1469,559,136,367,1,1,1
1178,3,1472,558,132,367,1,1,1
1179,3,1476,558,127,366,1,1,1
1180,3,1480,557,122,366,1,1,1
1181,3,1483,556,118,364,1,1,1
1182,3,1482,557,120,364,1,1,1
1183,3,1480,558,123,363,1,1,1
1184,3,1479,558,125,363,1,1,1
1185,3,1477,558,128,363,1,1,1
1186,3,1475,558,130,362,1,1,1
1187,3,1478,559,129,363,1,1,1
1188,3,1481,559,127,365,1,1,1
1189,3,1483,560,126,365,1,1,1
1190,3,1486,560,124,367,1,1,1
1191,3,1488,560,122,367,1,1,1
1192,3,1490,562,125,367,1,1,1
1193,3,1492,563,126,366,1,1,1
1194,3,1493,565,129,365,1,1,1
1195,3,1495,566,130,365,1,1,1
1196,3,1496,567,132,363,1,1,1
1197,3,1501,568,129,363,1,1,1
1198,3,1506,568,125,363,1,1,1
1199,3,1511,568,122,363,1,1,1
1200,3,1516,568,118,363,1,1,1
1201,3,1521,567,114,363,1,1,1
1202,3,1522,568,113,364,1,1,1
1203,3,1522,568,113,364,1,1,1
1204,3,1523,567,112,366,1,1,1
1205,3,1524,567,111,367,1,1,1
1206,3,1524,567,110,367,1,1,1
1207,3,1517,568,119,367,1,1,1
1208,3,1509,568,127,367,1,1,1
1209,3,1501,569,136,366,1,1,1
1210,3,1493,569,145,366,1,1,1
1211,3,1485,569,153,365,1,1,1
1212,3,1482,569,153,366,1,1,1
1213,3,1478,569,153,367,1,1,1
1214,3,1475,568,153,368,1,1,1
1215,3,1471,568,153,368,1,1,1
1216,3,1467,567,153,369,1,1,1
1217,3,1464,567,145,370,1,1,1
1218,3,1461,567,137,371,1,1,1
1219,3,1458,566,128,372,1,1,1
1220,3,1454,566,121,372,1,1,1
1221,3,1451,565,112,373,1,1,1
1222,3,1438,566,120,372,1,1,1
1223,3,1426,566,127,370,1,1,1
1224,3,1413,567,136,368,1,1,1
1225,3,1400,567,144,367,1,1,1
1226,3,1387,567,151,365,1,1,1
1227,3,1380,569,158,364,1,1,1
1228,3,1373,570,163,363,1,1,1
1229,3,1366,571,169,362,1,1,1
1230,3,1358,572,176,361,1,1,1
1231,3,1351,573,181,359,1,1,1
1232,3,1351,573,175,361,1,1,1
1233,3,1351,573,169,363,1,1,1
1234,3,1351,572,162,366,1,1,1
1235,3,1351,572,156,367,1,1,1
1236,3,1351,571,148,369,1,1,1
1237,3,1346,571,139,371,1,1,1
1238,3,1340,571,131,371,1,1,1
1239,3,1335,571,121,372,1,1,1
1240,3,1330,571,111,373,1,1,1
1241,3,1324,571,102,373,1,1,1
1242,3,1309,572,115,374,1,1,1
1243,3,1293,573,128,374,1,1,1
1244,3,1277,574,141,373,1,1,1
1245,3,1261,575,154,373,1,1,1
1246,3,1244,575,167,373,1,1,1
1247,3,1238,578,173,371,1,1,1
1248,3,1230,580,181,368,1,1,1
1249,3,1223,582,187,366,1,1,1
1250,3,1216,584,193,363,1,1,1
1251,3,1208,585,200,361,1,1,1
1252,3,1208,584,192,362,1,1,1
1253,3,1208,582,184,363,1,1,1
1254,3,1208,581,176,363,1,1,1
1255,3,1208,579,168,364,1,1,1
1256,3,1208,577,160,364,1,1,1
1257,3,1207,576,147,367,1,1,1
1258,3,1206,575,134,368,1,1,1
1259,3,1205,574,121,370,1,1,1
1260,3,1203,573,109,372,1,1,1
1261,3,1202,571,95,373,1,1,1
1262,3,1188,572,104,374,1,1,1
1263,3,1174,572,112,374,1,1,1
1264,3,1159,572,122,375,1,1,1
1265,3,1145,572,130,376,1,1,1
1266,3,1130,572,138,376,1,1,1
1267,3,1125,573,144,376,1,1,1
1268,3,1118,573,151,377,1,1,1
1269,3,1112,574,157,376,1,1,1
1270,3,1105,575,164,376,1,1,1
1271,3,1099,575,169,376,1,1,1
1272,3,1099,574,163,377,1,1,1
1273,3,1099,572,157,379,1,1,1
1274,3,1099,571,150,380,1,1,1
1275,3,1099,569,144,383,1,1,1
1276,3,1098,568,137,383,1,1,1
1277,3,1093,567,133,385,1,1,1
1278,3,1088,566,127,386,1,1,1
1279,3,1082,565,123,387,1,1,1
1280,3,1077,564,117,389,1,1,1
1281,3,1071,563,112,389,1,1,1
1282,3,1053,563,129,390,1,1,1
1283,3,1036,563,144,390,1,1,1
1284,3,1018,563,160,390,1,1,1
1285,3,1000,563,176,390,1,1,1
1286,3,981,563,191,389,1,1,1
1287,3,979,563,194,390,1,1,1
1288,3,976,562,197,390,1,1,1
1289,3,973,562,199,390,1,1,1
1290,3,970,562,202,389,1,1,1
1291,3,967,561,204,389,1,1,1
1292,3,967,559,195,392,1,1,1
1293,3,967,557,186,393,1,1,1
1294,3,967,555,177,395,1,1,1
1295,3,967,553,169,396,1,1,1
1296,3,967,551,159,397,1,1,1
1297,3,968,550,155,400,1,1,1
1298,3,968,549,152,402,1,1,1
1299,3,969,549,148,402,1,1,1
1300,3,969,548,144,404,1,1,1
1301,3,969,546,140,406,1,1,1
1302,3,969,547,140,408,1,1,1
1303,3,969,546,139,412,1,1,1
1304,3,969,546,138,414,1,1,1
1305,3,969,546,137,416,1,1,1
1306,3,968,545,136,418,1,1,1
1307,3,967,545,138,419,1,1,1
1308,3,966,545,139,418,1,1,1
1309,3,964,544,141,419,1,1,1
1310,3,963,543,142,419,1,1,1
1311,3,961,542,142,419,1,1,1
1312,3,961,543,142,420,1,1,1
1313,3,961,544,140,420,1,1,1
1314,3,960,544,139,421,1,1,1
1315,3,960,545,137,421,1,1,1
1316,3,959,545,135,421,1,1,1
1317,3,959,544,141,423,1,1,1
1318,3,959,542,146,425,1,1,1
1319,3,958,541,152,426,1,1,1
1320,3,958,540,156,427,1,1,1
1321,3,957,538,161,428,1,1,1
1336,3,1042,539,144,400,1,1,1
1337,3,1046,541,145,397,1,1,1
1338,3,1049,543,146,393,1,1,1
1339,3,1052,544,148,391,1,1,1
1340,3,1055,546,150,387,1,1,1
1341,3,1058,547,150,384,1,1,1
1342,3,1060,549,157,383,1,1,1
1343,3,1061,551,163,380,1,1,1
1344,3,1062,552,169,379,1,1,1
1345,3,1064,554,175,377,1,1,1
1346,3,1064,555,181,375,1,1,1
1347,3,1077,555,175,373,1,1,1
1348,3,1090,555,169,371,1,1,1
1349,3,1102,555,164,369,1,1,1
1350,3,1115,554,157,367,1,1,1
1351,3,1127,554,151,364,1,1,1
1352,3,1137,554,149,365,1,1,1
1353,3,1147,555,147,364,1,1,1
1354,3,1157,555,144,364,1,1,1
1355,3,1167,555,142,363,1,1,1
1356,3,1177,555,138,363,1,1,1
1357,3,1179,557,143,361,1,1,1
1358,3,1181,559,146,359,1,1,1
1359,3,1182,561,150,357,1,1,1
1360,3,1184,563,154,355,1,1,1
1361,3,1185,565,157,353,1,1,1
1362,3,1196,567,151,348,1,1,1
1363,3,1205,568,147,344,1,1,1
1364,3,1215,569,141,340,1,1,1
1365,3,1225,570,136,335,1,1,1
1366,3,1234,571,130,330,1,1,1
1367,3,1241,571,132,329,1,1,1
1368,3,1247,571,134,328,1,1,1
1369,3,1253,570,136,327,1,1,1
1370,3,1259,570,137,326,1,1,1
1371,3,1265,569,138,324,1,1,1
1372,3,1265,571,149,322,1,1,1
1373,3,1265,573,159,320,1,1,1
1374,3,1265,574,168,319,1,1,1
1375,3,1265,576,178,316,1,1,1
1376,3,1265,577,187,314,1,1,1
1377,3,1271,578,190,312,1,1,1
1378,3,1276,578,193,311,1,1,1
1379,3,1281,579,197,308,1,1,1
1380,3,1287,579,199,306,1,1,1
1381,3,1291,579,202,304,1,1,1
1382,3,1302,578,194,305,1,1,1
1383,3,1313,576,184,307,1,1,1
1384,3,1324,575,175,307,1,1,1
1385,3,1334,573,166,309,1,1,1
1386,3,1344,571,157,310,1,1,1
1387,3,1346,572,155,309,1,1,1
1388,3,1347,573,153,308,1,1,1
1389,3,1347,574,153,306,1,1,1
1390,3,1348,575,151,305,1,1,1
1391,3,1348,575,148,304,1,1,1
1392,3,1348,573,148,306,1,1,1
1393,3,1347,571,146,307,1,1,1
1394,3,1347,569,144,308,1,1,1
1395,3,1346,567,142,309,1,1,1
1396,3,1344,565,140,310,1,1,1
1397,3,1343,565,142,311,1,1,1
1398,3,1342,565,143,311,1,1,1
1399,3,1340,565,144,311,1,1,1
1400,3,1338,565,146,311,1,1,1
1401,3,1336,565,146,310,1,1,1
1402,3,1335,565,147,310,1,1,1
1403,3,1334,565,146,309,1,1,1
1404,3,1332,565,146,309,1,1,1
1405,3,1331,565,144,308,1,1,1
1406,3,1329,565,144,307,1,1,1
1407,3,1327,564,145,308,1,1,1
1408,3,1325,564,146,307,1,1,1
1409,3,1323,563,147,307,1,1,1
1410,3,1322,563,146,306,1,1,1
1411,3,1319,561,147,306,1,1,1
1412,3,1319,561,145,306,1,1,1
1413,3,1319,561,142,305,1,1,1
1414,3,1318,560,141,305,1,1,1
1415,3,1318,559,138,306,1,1,1
1416,3,1317,558,135,304,1,1,1
1417,3,1315,559,125,305,1,1,1
1418,3,1313,559,114,304,1,1,1
1419,3,1311,560,103,303,1,1,1
1420,3,1309,560,92,303,1,1,1
1421,3,1307,560,80,303,1,1,1
1011,4,893,577,163,361,1,1,1
1012,4,893,578,163,361,1,1,1
1013,4,893,578,163,362,1,1,1
1014,4,893,578,162,362,1,1,1
1015,4,892,578,162,362,1,1,1
1016,4,891,577,161,363,1,1,1
1017,4,898,577,155,363,1,1,1
1018,4,903,577,151,363,1,1,1
1019,4,909,576,145,364,1,1,1
1020,4,915,576,140,363,1,1,1
1021,4,920,575,134,363,1,1,1
1022,4,931,575,125,364,1,1,1
1023,4,941,575,116,365,1,1,1
1024,4,951,574,107,366,1,1,1
1025,4,961,574,97,366,1,1,1
1026,4,971,573,87,367,1,1,1
1027,4,974,573,95,367,1,1,1
1028,4,977,573,101,367,1,1,1
1029,4,980,573,108,367,1,1,1
1030,4,983,573,115,366,1,1,1
1031,4,985,573,121,365,1,1,1
1032,4,986,574,126,365,1,1,1
1033,4,987,576,130,363,1,1,1
1034,4,988,577,134,362,1,1,1
1035,4,990,578,137,362,1,1,1
1036,4,990,579,141,360,1,1,1
1037,4,990,578,143,362,1,1,1
1038,4,988,576,147,363,1,1,1
1039,4,987,574,149,365,1,1,1
1040,4,986,572,152,367,1,1,1
1041,4,985,570,153,368,1,1,1
1042,4,991,570,148,369,1,1,1
1043,4,996,569,143,369,1,1,1
1044,4,1001,568,138,370,1,1,1
1045,4,1007,567,132,370,1,1,1
1046,4,1012,565,126,370,1,1,1
1047,4,1023,565,119,370,1,1,1
1048,4,1034,564,112,369,1,1,1
1049,4,1044,563,105,368,1,1,1
1050,4,1055,562,98,367,1,1,1
1051,4,1065,560,90,365,1,1,1
1052,4,1068,561,99,365,1,1,1
1053,4,1070,561,108,365,1,1,1
1054,4,1072,561,117,364,1,1,1
1055,4,1074,561,125,364,1,1,1
1056,4,1075,561,134,363,1,1,1
1057,4,1076,561,139,363,1,1,1
1058,4,1077,561,143,363,1,1,1
1059,4,1078,561,147,363,1,1,1
1060,4,1079,561,151,363,1,1,1
1061,4,1079,561,155,363,1,1,1
1062,4,1080,560,154,363,1,1,1
1063,4,1080,560,154,362,1,1,1
1064,4,1080,559,153,362,1,1,1
1065,4,1080,558,153,362,1,1,1
1066,4,1079,557,153,361,1,1,1
1067,4,1087,556,146,361,1,1,1
1068,4,1093,556,140,360,1,1,1
1069,4,1100,555,134,360,1,1,1
1070,4,1107,554,127,359,1,1,1
1071,4,1114,553,120,359,1,1,1
1072,4,1123,553,113,360,1,1,1
1073,4,1131,552,107,362,1,1,1
1074,4,1140,552,100,363,1,1,1
1075,4,1149,551,92,365,1,1,1
1076,4,1157,551,85,365,1,1,1
1077,4,1159,551,94,365,1,1,1
1078,4,1160,552,104,364,1,1,1
1079,4,1162,552,113,363,1,1,1
1080,4,1163,552,122,363,1,1,1
1081,4,1164,552,130,361,1,1,1
1082,4,1164,553,134,362,1,1,1
1083,4,1164,553,136,362,1,1,1
1084,4,1163,554,139,362,1,1,1
1085,4,1162,554,142,362,1,1,1
1086,4,1161,554,144,362,1,1,1
1087,4,1162,553,143,364,1,1,1
1088,4,1162,553,143,364,1,1,1
1089,4,1163,552,141,365,1,1,1
1090,4,1163,551,141,365,1,1,1
1091,4,1163,550,139,365,1,1,1
1092,4,1170,550,134,366,1,1,1
1093,4,1177,550,129,366,1,1,1
1094,4,1183,549,124,367,1,1,1
1095,4,1189,549,120,367,1,1,1
1096,4,1195,548,114,366,1,1,1
1097,4,1203,549,110,367,1,1,1
1098,4,1210,549,106,367,1,1,1
1099,4,1218,549,101,367,1,1,1
1100,4,1226,549,96,367,1,1,1
1101,4,1233,548,91,367,1,1,1
1102,4,1235,549,101,367,1,1,1
1103,4,1237,549,110,367,1,1,1
1104,4,1239,550,119,366,1,1,1
1105,4,1242,550,127,366,1,1,1
1106,4,1243,550,136,365,1,1,1
1107,4,1244,551,138,365,1,1,1
1108,4,1244,552,140,364,1,1,1
1109,4,1244,553,141,363,1,1,1
1110,4,1244,554,143,362,1,1,1
1111,4,1243,554,145,360,1,1,1
1112,4,1245,555,144,361,1,1,1
1113,4,1246,555,143,361,1,1,1
1114,4,1248,555,141,361,1,1,1
1115,4,1249,555,139,361,1,1,1
1116,4,1250,554,138,361,1,1,1
1117,4,1257,554,132,362,1,1,1
1118,4,1264,554,126,362,1,1,1
1119,4,1270,554,122,363,1,1,1
1120,4,1277,554,116,363,1,1,1
1121,4,1283,554,110,363,1,1,1
1122,4,1292,554,105,365,1,1,1
1123,4,1301,554,100,367,1,1,1
1124,4,1309,554,96,369,1,1,1
1125,4,1318,553,91,372,1,1,1
1126,4,1326,553,86,373,1,1,1
1127,4,1326,553,91,374,1,1,1
1128,4,1326,553,95,375,1,1,1
1129,4,1326,553,99,375,1,1,1
1130,4,1326,553,103,375,1,1,1
1131,4,1326,553,106,375,1,1,1
1132,4,1331,553,106,376,1,1,1
1133,4,1336,552,106,377,1,1,1
1134,4,1340,552,106,378,1,1,1
1135,4,1344,551,107,379,1,1,1
1136,4,1348,551,106,379,1,1,1
1137,4,1349,552,114,378,1,1,1
1138,4,1349,553,122,377,1,1,1
1139,4,1349,553,131,376,1,1,1
1140,4,1349,554,139,375,1,1,1
1141,4,1348,555,146,373,1,1,1
1142,4,1350,556,152,372,1,1,1
1143,4,1351,557,158,371,1,1,1
1144,4,1351,558,165,369,1,1,1
1145,4,1352,558,170,369,1,1,1
1146,4,1353,559,175,367,1,1,1
1147,4,1361,558,174,368,1,1,1
1148,4,1369,558,173,367,1,1,1
1149,4,1378,557,170,367,1,1,1
1150,4,1386,556,169,367,1,1,1
1151,4,1393,555,167,367,1,1,1
1152,4,1405,555,163,367,1,1,1
1153,4,1417,555,158,367,1,1,1
1154,4,1428,556,154,365,1,1,1
1155,4,1439,556,150,365,1,1,1
1156,4,1450,555,145,364,1,1,1
1157,4,1452,556,148,364,1,1,1
1158,4,1454,555,149,364,1,1,1
1159,4,1456,555,150,364,1,1,1
1160,4,1458,555,151,363,1,1,1
1161,4,1459,554,152,362,1,1,1
1162,4,1461,554,152,363,1,1,1
1163,4,1463,553,152,364,1,1,1
1164,4,1464,552,152,365,1,1,1
1165,4,1466,551,151,366,1,1,1
1166,4,1467,550,150,365,1,1,1
1167,4,1467,550,148,366,1,1,1
1168,4,1467,550,145,365,1,1,1
1169,4,1467,550,143,365,1,1,1
1170,4,1467,550,140,364,1,1,1
1171,4,1467,549,137,363,1,1,1
1172,4,1466,549,138,365,1,1,1
1173,4,1466,549,138,365,1,1,1
1174,4,1465,549,139,365,1,1,1
1175,4,1464,549,140,365,1,1,1
1176,4,1463,548,140,365,1,1,1
1177,4,1463,548,141,365,1,1,1
1178,4,1463,548,140,364,1,1,1
1179,4,1463,547,140,364,1,1,1
1180,4,1463,547,139,363,1,1,1
1181,4,1463,546,138,363,1,1,1
1182,4,1464,546,136,363,1,1,1
1183,4,1465,546,134,363,1,1,1
1184,4,1466,546,132,363,1,1,1
1185,4,1467,545,130,364,1,1,1
1186,4,1467,545,128,364,1,1,1
1187,4,1468,545,128,364,1,1,1
1188,4,1469,545,127,364,1,1,1
1189,4,1469,545,127,364,1,1,1
1190,4,1469,545,127,364,1,1,1
1191,4,1469,545,126,364,1,1,1
1192,4,1472,546,122,363,1,1,1
1193,4,1474,546,118,363,1,1,1
1194,4,1475,546,115,363,1,1,1
1195,4,1477,546,111,363,1,1,1
1196,4,1479,546,106,362,1,1,1
1197,4,1482,547,106,362,1,1,1
1198,4,1485,548,105,361,1,1,1
1199,4,1488,548,105,361,1,1,1
1200,4,1491,549,104,360,1,1,1
1201,4,1494,549,102,359,1,1,1
1202,4,1495,549,105,361,1,1,1
1203,4,1497,549,106,362,1,1,1
1204,4,1498,549,108,363,1,1,1
1205,4,1499,549,110,364,1,1,1
1206,4,1500,548,112,365,1,1,1
1207,4,1503,549,111,362,1,1,1
1208,4,1506,549,110,360,1,1,1
1209,4,1509,549,108,357,1,1,1
1210,4,1511,549,108,354,1,1,1
1211,4,1514,548,106,351,1,1,1
1212,4,1513,550,108,352,1,1,1
1213,4,1511,551,111,354,1,1,1
1214,4,1509,551,114,356,1,1,1
1215,4,1508,552,116,358,1,1,1
1216,4,1506,553,118,359,1,1,1
1217,4,1504,553,120,359,1,1,1
1218,4,1503,552,121,360,1,1,1
1219,4,1501,552,123,360,1,1,1
1220,4,1500,551,124,361,1,1,1
1221,4,1497,551,126,361,1,1,1
1222,4,1500,551,135,361,1,1,1
1223,4,1502,550,143,361,1,1,1
1224,4,1504,550,151,361,1,1,1
1225,4,1506,549,159,362,1,1,1
1226,4,1508,548,167,361,1,1,1
1251,4,1593,577,118,351,1,1,1
1252,4,1593,579,120,350,1,1,1
1253,4,1593,580,120,350,1,1,1
1254,4,1593,581,121,350,1,1,1
1255,4,1592,581,122,350,1,1,1
1256,4,1591,582,122,349,1,1,1
1257,4,1595,582,121,350,1,1,1
1258,4,1598,582,120,350,1,1,1
1259,4,1601,582,119,351,1,1,1
1260,4,1604,582,118,351,1,1,1
1261,4,1607,581,116,351,1,1,1
1262,4,1608,582,118,351,1,1,1
1263,4,1609,582,119,351,1,1,1
1264,4,1610,582,120,351,1,1,1
1265,4,1611,582,121,351,1,1,1
1266,4,1611,582,122,350,1,1,1
1267,4,1611,582,121,352,1,1,1
1268,4,1612,583,118,353,1,1,1
1269,4,1612,583,116,354,1,1,1
1270,4,1612,583,114,355,1,1,1
1271,4,1611,582,111,356,1,1,1
1272,4,1611,583,112,357,1,1,1
1273,4,1610,583,112,357,1,1,1
1274,4,1608,583,113,357,1,1,1
1275,4,1607,583,113,357,1,1,1
1276,4,1606,583,113,356,1,1,1
1277,4,1606,582,113,359,1,1,1
1278,4,1605,580,114,361,1,1,1
1279,4,1605,579,114,363,1,1,1
1280,4,1605,577,114,365,1,1,1
1281,4,1604,575,114,367,1,1,1
1282,4,1603,576,117,367,1,1,1
1283,4,1602,576,120,367,1,1,1
1284,4,1600,576,123,367,1,1,1
1285,4,1599,576,126,367,1,1,1
1286,4,1597,575,128,367,1,1,1
1287,4,1599,575,128,369,1,1,1
1288,4,1600,575,127,370,1,1,1
1289,4,1602,574,125,373,1,1,1
1290,4,1603,574,124,374,1,1,1
1291,4,1604,573,122,375,1,1,1
1292,4,1604,573,124,377,1,1,1
1293,4,1603,573,127,378,1,1,1
1294,4,1603,572,128,379,1,1,1
1295,4,1602,572,131,380,1,1,1
1296,4,1602,571,132,381,1,1,1
1297,4,1602,570,133,383,1,1,1
1298,4,1602,568,133,385,1,1,1
1299,4,1602,567,133,386,1,1,1
1300,4,1602,565,133,388,1,1,1
1301,4,1602,563,132,389,1,1,1
1302,4,1602,562,134,391,1,1,1
1303,4,1603,561,134,392,1,1,1
1304,4,1603,560,136,392,1,1,1
1305,4,1604,559,136,393,1,1,1
1306,4,1604,558,137,393,1,1,1
1307,4,1601,557,143,394,1,1,1
1308,4,1599,556,146,395,1,1,1
1309,4,1596,555,151,395,1,1,1
1310,4,1593,555,156,394,1,1,1
1311,4,1590,553,160,395,1,1,1
1312,4,1588,553,164,396,1,1,1
1313,4,1586,553,167,396,1,1,1
1314,4,1583,553,171,397,1,1,1
1315,4,1581,553,174,397,1,1,1
1316,4,1578,552,177,397,1,1,1
1317,4,1576,553,178,399,1,1,1
1318,4,1573,553,178,400,1,1,1
1319,4,1570,553,179,402,1,1,1
1320,4,1567,553,179,404,1,1,1
1321,4,1564,553,179,404,1,1,1
1322,4,1559,554,181,406,1,1,1
1323,4,1554,554,183,408,1,1,1
1324,4,1549,554,184,409,1,1,1
1325,4,1543,554,187,411,1,1,1
1326,4,1538,553,188,413,1,1,1
1327,4,1537,553,187,414,1,1,1
1328,4,1537,551,184,415,1,1,1
1329,4,1536,550,182,416,1,1,1
1330,4,1535,549,181,417,1,1,1
1331,4,1534,548,178,417,1,1,1
1332,4,1538,547,172,421,1,1,1
1333,4,1541,547,167,423,1,1,1
1334,4,1545,546,160,427,1,1,1
1335,4,1548,545,155,430,1,1,1
1336,4,1551,544,148,432,1,1,1
1337,4,1536,545,162,435,1,1,1
1338,4,1520,545,177,437,1,1,1
1339,4,1504,545,191,439,1,1,1
1340,4,1488,545,205,441,1,1,1
1341,4,1472,545,219,443,1,1,1
1342,4,1473,545,218,444,1,1,1
1343,4,1474,546,216,444,1,1,1
1344,4,1475,546,214,445,1,1,1
1345,4,1476,546,212,445,1,1,1
1346,4,1476,545,210,445,1,1,1
1347,4,1481,546,206,446,1,1,1
1348,4,1486,545,201,447,1,1,1
1349,4,1491,545,195,447,1,1,1
1350,4,1495,545,191,448,1,1,1
1351,4,1500,544,185,448,1,1,1
1352,4,1503,545,183,446,1,1,1
1353,4,1507,546,180,443,1,1,1
1354,4,1510,546,177,441,1,1,1
1355,4,1513,546,174,440,1,1,1
1356,4,1516,546,171,436,1,1,1
1357,4,1516,547,171,437,1,1,1
1358,4,1516,547,171,438,1,1,1
1359,4,1515,547,172,439,1,1,1
1360,4,1515,547,171,440,1,1,1
1361,4,1514,546,171,440,1,1,1
1362,4,1516,547,170,441,1,1,1
1363,4,1518,547,169,442,1,1,1
1364,4,1520,547,167,442,1,1,1
1365,4,1522,547,165,442,1,1,1
1366,4,1524,546,163,442,1,1,1
1367,4,1525,547,164,443,1,1,1
1368,4,1526,548,164,442,1,1,1
1369,4,1527,548,164,442,1,1,1
1370,4,1528,549,165,441,1,1,1
1371,4,1528,548,165,440,1,1,1
1372,4,1540,549,155,441,1,1,1
1373,4,1551,548,145,443,1,1,1
1374,4,1563,548,135,443,1,1,1
1375,4,1574,547,125,444,1,1,1
1376,4,1585,546,114,444,1,1,1
1377,4,1582,547,118,444,1,1,1
1378,4,1578,548,121,442,1,1,1
1379,4,1575,548,124,441,1,1,1
1380,4,1571,549,127,440,1,1,1
1381,4,1567,548,130,438,1,1,1
1382,4,1567,549,130,439,1,1,1
1383,4,1567,548,129,440,1,1,1
1384,4,1566,548,128,440,1,1,1
1385,4,1566,547,127,441,1,1,1
1386,4,1565,546,126,440,1,1,1
1387,4,1550,547,139,442,1,1,1
1388,4,1535,547,151,442,1,1,1
1389,4,1520,547,163,443,1,1,1
1390,4,1505,547,175,444,1,1,1
1391,4,1489,546,187,444,1,1,1
1392,4,1487,547,186,446,1,1,1
1393,4,1483,546,186,448,1,1,1
1394,4,1480,546,185,450,1,1,1
1395,4,1477,545,184,452,1,1,1
1396,4,1473,544,183,453,1,1,1
1397,4,1469,543,185,454,1,1,1
1398,4,1465,542,186,454,1,1,1
1399,4,1461,540,186,456,1,1,1
1400,4,1457,538,187,457,1,1,1
1401,4,1453,536,187,457,1,1,1
1402,4,1453,535,178,459,1,1,1
1403,4,1452,534,169,460,1,1,1
1404,4,1452,532,159,462,1,1,1
1405,4,1452,531,149,463,1,1,1
1406,4,1451,529,139,465,1,1,1
1407,4,1443,528,142,469,1,1,1
1408,4,1435,527,145,472,1,1,1
1409,4,1426,526,148,475,1,1,1
1410,4,1418,525,150,478,1,1,1
1411,4,1409,523,153,481,1,1,1
1412,4,1397,524,159,481,1,1,1
1413,4,1384,524,165,481,1,1,1
1414,4,1372,524,170,481,1,1,1
1415,4,1360,524,175,481,1,1,1
1416,4,1347,523,180,480,1,1,1
1417,4,1346,523,177,482,1,1,1
1418,4,1344,522,173,483,1,1,1
1419,4,1342,521,170,485,1,1,1
1420,4,1341,520,166,486,1,1,1
1421,4,1339,519,162,486,1,1,1
1422,4,1337,518,153,488,1,1,1
1423,4,1335,517,144,489,1,1,1
1424,4,1333,516,135,491,1,1,1
1425,4,1331,515,125,492,1,1,1
1426,4,1329,514,115,492,1,1,1
1427,4,1316,514,123,493,1,1,1
1428,4,1304,513,130,493,1,1,1
1429,4,1291,513,137,493,1,1,1
1430,4,1278,512,144,493,1,1,1
1431,4,1265,512,151,493,1,1,1
1432,4,1251,514,165,492,1,1,1
1433,4,1237,515,178,491,1,1,1
1434,4,1224,517,191,490,1,1,1
1435,4,1210,519,205,489,1,1,1
1436,4,1195,520,218,487,1,1,1
1437,4,1195,520,221,489,1,1,1
1438,4,1193,520,224,490,1,1,1
1439,4,1192,520,226,491,1,1,1
1440,4,1191,520,228,491,1,1,1
1441,4,1189,520,230,491,1,1,1
1442,4,1190,521,221,490,1,1,1
1443,4,1190,521,211,490,1,1,1
1444,4,1190,522,201,488,1,1,1
1445,4,1190,522,191,487,1,1,1
1446,4,1189,522,181,485,1,1,1
1447,4,1188,522,172,487,1,1,1
1448,4,1186,522,163,488,1,1,1
1449,4,1184,521,153,490,1,1,1
1450,4,1182,521,144,490,1,1,1
1451,4,1179,520,134,491,1,1,1
1452,4,1163,521,148,490,1,1,1
1453,4,1146,521,162,489,1,1,1
1454,4,1129,522,176,487,1,1,1
1455,4,1112,522,190,486,1,1,1
1456,4,1095,522,204,484,1,1,1
1457,4,1090,523,205,484,1,1,1
1458,4,1086,523,206,484,1,1,1
1459,4,1081,524,207,484,1,1,1
1460,4,1077,524,207,484,1,1,1
1461,4,1072,524,208,483,1,1,1
1462,4,1071,524,208,482,1,1,1
1463,4,1070,524,208,480,1,1,1
1464,4,1069,524,208,477,1,1,1
1465,4,1068,524,207,475,1,1,1
1466,4,1067,523,207,473,1,1,1
1467,4,1067,522,198,474,1,1,1
1468,4,1068,521,188,475,1,1,1
1469,4,1068,519,179,477,1,1,1
1470,4,1069,518,169,477,1,1,1
1471,4,1069,516,159,478,1,1,1
1472,4,1069,516,154,479,1,1,1
1473,4,1068,516,149,479,1,1,1
1474,4,1068,515,143,480,1,1,1
1475,4,1067,515,138,480,1,1,1
1476,4,1067,514,131,481,1,1,1
1477,4,1061,514,132,481,1,1,1
1478,4,1055,513,131,482,1,1,1
1479,4,1049,513,131,481,1,1,1
1480,4,1043,513,131,481,1,1,1
1481,4,1036,512,130,481,1,1,1
1482,4,1034,512,134,480,1,1,1
1483,4,1031,512,137,478,1,1,1
1484,4,1028,512,141,476,1,1,1
1485,4,1025,512,144,474,1,1,1
1486,4,1022,512,146,471,1,1,1
1487,4,1019,511,148,472,1,1,1
1488,4,1015,511,149,472,1,1,1
1489,4,1011,510,150,472,1,1,1
1490,4,1008,509,150,473,1,1,1
1491,4,1004,508,151,473,1,1,1
1492,4,1002,508,151,471,1,1,1
1493,4,1000,507,152,469,1,1,1
1494,4,998,507,152,466,1,1,1
1495,4,996,507,153,463,1,1,1
1496,4,993,506,153,461,1,1,1
1497,4,989,505,158,460,1,1,1
1498,4,984,504,163,458,1,1,1
1499,4,979,504,168,456,1,1,1
1500,4,974,503,173,455,1,1,1
1002,5,826,560,161,506,1,1,1
1003,5,823,559,162,507,1,1,1
1004,5,820,558,163,508,1,1,1
1005,5,817,556,164,510,1,1,1
1006,5,814,555,165,510,1,1,1
1007,5,802,556,175,513,1,1,1
1008,5,791,556,183,516,1,1,1
1009,5,779,556,192,519,1,1,1
1010,5,767,557,201,521,1,1,1
1011,5,755,557,210,524,1,1,1
1012,5,753,558,208,529,1,1,1
1013,5,750,558,207,533,1,1,1
1014,5,748,558,205,538,1,1,1
1015,5,745,559,204,542,1,1,1
1016,5,742,559,202,546,1,1,1
1017,5,742,557,197,550,1,1,1
1018,5,740,555,193,553,1,1,1
1019,5,739,553,188,556,1,1,1
1020,5,738,551,182,558,1,1,1
1021,5,736,548,177,561,1,1,1
1022,5,729,548,179,563,1,1,1
1023,5,722,547,180,564,1,1,1
1024,5,715,545,181,566,1,1,1
1025,5,707,544,183,568,1,1,1
1026,5,700,542,183,569,1,1,1
1027,5,695,543,186,578,1,1,1
1028,5,690,542,188,587,1,1,1
1029,5,685,542,191,595,1,1,1
1030,5,680,542,193,603,1,1,1
1031,5,675,541,195,612,1,1,1
1032,5,671,541,195,618,1,1,1
1033,5,666,540,196,624,1,1,1
1034,5,662,539,196,630,1,1,1
1035,5,657,538,196,636,1,1,1
1036,5,652,537,196,641,1,1,1
1037,5,648,534,196,646,1,1,1
1038,5,642,530,197,652,1,1,1
1039,5,637,527,197,656,1,1,1
1040,5,632,523,197,661,1,1,1
1041,5,626,519,197,665,1,1,1
1042,5,620,519,200,665,1,1,1
1043,5,612,518,203,665,1,1,1
1044,5,605,517,205,665,1,1,1
1045,5,598,516,207,665,1,1,1
1046,5,590,514,209,665,1,1,1
1047,5,573,514,220,673,1,1,1
1048,5,555,514,231,679,1,1,1
1049,5,538,513,242,687,1,1,1
1050,5,520,513,253,693,1,1,1
1051,5,502,512,263,700,1,1,1
1052,5,485,514,276,704,1,1,1
1053,5,468,516,289,708,1,1,1
1054,5,451,518,301,713,1,1,1
1055,5,434,520,313,717,1,1,1
1056,5,416,522,326,720,1,1,1
1057,5,416,519,322,727,1,1,1
1058,5,416,516,316,733,1,1,1
1059,5,416,513,311,738,1,1,1
1060,5,416,509,306,745,1,1,1
1061,5,416,506,300,751,1,1,1
1062,5,404,503,292,753,1,1,1
1063,5,393,500,283,756,1,1,1
1064,5,381,496,275,759,1,1,1
1065,5,369,493,267,761,1,1,1
1066,5,357,489,259,763,1,1,1
1067,5,344,490,260,777,1,1,1
1068,5,331,490,261,792,1,1,1
1069,5,318,490,262,806,1,1,1
1070,5,305,490,262,820,1,1,1
1071,5,291,489,263,834,1,1,1
1072,5,257,490,299,841,1,1,1
1073,5,222,490,335,848,1,1,1
1074,5,188,490,370,854,1,1,1
1075,5,153,490,405,861,1,1,1
1076,5,118,489,440,867,1,1,1
1077,5,117,486,433,877,1,1,1
1078,5,115,482,425,886,1,1,1
1079,5,113,479,418,895,1,1,1
1080,5,111,475,411,904,1,1,1
1081,5,109,471,402,913,1,1,1
1082,5,96,467,385,917,1,1,1
1083,5,82,463,368,919,1,1,1
1084,5,68,459,351,922,1,1,1
1085,5,55,455,333,924,1,1,1
1086,5,41,450,316,927,1,1,1
1087,5,33,451,311,928,1,1,1
1088,5,25,451,306,929,1,1,1
1089,5,16,451,302,930,1,1,1
1090,5,8,451,297,931,1,1,1
1091,5,0,450,291,932,1,1,1
1092,5,0,450,291,934,1,1,1
1093,5,0,449,290,935,1,1,1
1094,5,0,448,290,937,1,1,1
1095,5,0,447,289,938,1,1,1
1096,5,0,445,288,939,1,1,1
1176,5,2,461,251,767,1,1,1
1177,5,2,460,252,766,1,1,1
1178,5,1,459,254,765,1,1,1
1179,5,1,458,255,764,1,1,1
1180,5,0,458,257,761,1,1,1
1181,5,0,456,258,760,1,1,1
1182,5,1,456,258,751,1,1,1
1183,5,2,456,257,741,1,1,1
1184,5,3,455,257,733,1,1,1
1185,5,5,455,255,723,1,1,1
1186,5,5,454,254,713,1,1,1
1187,5,18,455,264,708,1,1,1
1188,5,30,455,273,703,1,1,1
1189,5,42,455,283,698,1,1,1
1190,5,54,455,292,693,1,1,1
1191,5,66,454,301,688,1,1,1
1192,5,79,457,315,686,1,1,1
1193,5,92,460,328,683,1,1,1
1194,5,105,463,341,679,1,1,1
1195,5,119,466,353,676,1,1,1
1196,5,131,468,365,673,1,1,1
1197,5,136,469,371,671,1,1,1
1198,5,139,470,377,668,1,1,1
1199,5,143,471,382,665,1,1,1
1200,5,147,472,387,662,1,1,1
1201,5,151,472,391,659,1,1,1
1202,5,162,473,383,655,1,1,1
1203,5,172,473,375,650,1,1,1
1204,5,183,473,366,646,1,1,1
1205,5,193,473,358,642,1,1,1
1206,5,204,473,348,636,1,1,1
1207,5,231,474,324,633,1,1,1
1208,5,259,475,297,628,1,1,1
1209,5,286,476,272,623,1,1,1
1210,5,313,477,247,619,1,1,1
1211,5,340,477,220,614,1,1,1
1212,5,355,478,219,615,1,1,1
1213,5,369,479,218,614,1,1,1
1214,5,384,480,216,614,1,1,1
1215,5,398,481,215,614,1,1,1
1216,5,412,481,214,614,1,1,1
1217,5,413,484,231,612,1,1,1
1218,5,415,486,247,610,1,1,1
1219,5,416,488,263,608,1,1,1
1220,5,417,490,280,606,1,1,1
1221,5,418,491,295,604,1,1,1
1222,5,422,492,293,603,1,1,1
1223,5,425,492,291,601,1,1,1
1224,5,428,492,289,600,1,1,1
1225,5,431,492,287,599,1,1,1
1226,5,434,491,283,597,1,1,1
1227,5,453,492,265,593,1,1,1
1228,5,471,493,246,587,1,1,1
1229,5,490,493,226,582,1,1,1
1230,5,508,493,207,577,1,1,1
1231,5,526,493,187,571,1,1,1
1232,5,540,495,188,570,1,1,1
1233,5,553,496,189,569,1,1,1
1234,5,566,496,190,569,1,1,1
1235,5,579,497,191,568,1,1,1
1236,5,591,497,191,567,1,1,1
1237,5,595,500,210,565,1,1,1
1238,5,598,502,229,562,1,1,1
1239,5,600,504,249,560,1,1,1
1240,5,603,506,267,558,1,1,1
1241,5,606,508,285,555,1,1,1
1242,5,606,510,289,552,1,1,1
1243,5,606,512,292,550,1,1,1
1244,5,606,514,294,547,1,1,1
1245,5,606,516,297,544,1,1,1
1246,5,606,518,300,540,1,1,1
1247,5,618,517,289,542,1,1,1
1248,5,631,516,276,542,1,1,1
1249,5,643,515,264,543,1,1,1
1250,5,655,513,253,545,1,1,1
1251,5,667,512,240,544,1,1,1
1252,5,691,513,218,545,1,1,1
1253,5,714,513,196,546,1,1,1
1254,5,737,514,174,545,1,1,1
1255,5,761,514,151,546,1,1,1
1256,5,784,515,129,545,1,1,1
1257,5,789,516,149,544,1,1,1
1258,5,794,517,168,543,1,1,1
1259,5,800,519,186,540,1,1,1
1260,5,805,520,205,538,1,1,1
1261,5,809,521,224,536,1,1,1
1262,5,810,523,234,534,1,1,1
1263,5,811,524,242,533,1,1,1
1264,5,811,526,251,531,1,1,1
1265,5,812,527,259,529,1,1,1
1266,5,812,528,268,526,1,1,1
1267,5,820,529,262,526,1,1,1
1268,5,828,528,255,527,1,1,1
1269,5,836,528,249,526,1,1,1
1270,5,844,528,243,526,1,1,1
1271,5,851,527,236,525,1,1,1
1272,5,872,527,218,526,1,1,1
1273,5,893,526,199,528,1,1,1
1274,5,914,526,181,528,1,1,1
1275,5,935,525,162,529,1,1,1
1276,5,955,524,143,529,1,1,1
1277,5,965,526,154,528,1,1,1
1278,5,975,526,164,528,1,1,1
1279,5,985,527,175,527,1,1,1
1280,5,994,528,186,525,1,1,1
1281,5,1004,528,195,524,1,1,1
1282,5,1004,530,211,522,1,1,1
1283,5,1005,531,225,520,1,1,1
1284,5,1005,532,240,519,1,1,1
1285,5,1006,533,254,517,1,1,1
1286,5,1006,534,269,514,1,1,1
1287,5,1014,533,262,515,1,1,1
1288,5,1022,531,255,516,1,1,1
1289,5,1029,530,249,517,1,1,1
1290,5,1037,528,242,518,1,1,1
1291,5,1044,526,234,518,1,1,1
1292,5,1067,526,219,517,1,1,1
1293,5,1089,526,203,515,1,1,1
1294,5,1111,525,187,514,1,1,1
1295,5,1133,525,171,512,1,1,1
1296,5,1155,524,155,510,1,1,1
1311,5,1275,527,192,480,1,1,1
1312,5,1285,527,203,480,1,1,1
1313,5,1295,527,214,478,1,1,1
1314,5,1306,527,223,476,1,1,1
1315,5,1316,527,234,475,1,1,1
1316,5,1326,527,244,472,1,1,1
1317,5,1326,529,253,470,1,1,1
1318,5,1326,531,261,468,1,1,1
1319,5,1326,533,269,465,1,1,1
1320,5,1326,535,278,462,1,1,1
1321,5,1326,536,285,459,1,1,1
1322,5,1331,537,290,458,1,1,1
1323,5,1337,536,294,459,1,1,1
1324,5,1342,536,298,458,1,1,1
1325,5,1347,536,303,457,1,1,1
1326,5,1352,535,307,455,1,1,1
1327,5,1368,535,299,457,1,1,1
1328,5,1383,534,292,458,1,1,1
1329,5,1399,533,284,459,1,1,1
1330,5,1414,533,277,460,1,1,1
1331,5,1429,531,269,461,1,1,1
1332,5,1437,532,266,460,1,1,1
1333,5,1445,533,262,458,1,1,1
1334,5,1453,533,258,457,1,1,1
1335,5,1460,534,255,456,1,1,1
1336,5,1468,534,250,454,1,1,1
1337,5,1472,535,249,454,1,1,1
1338,5,1476,536,248,453,1,1,1
1339,5,1480,538,247,451,1,1,1
1340,5,1484,539,245,450,1,1,1
1341,5,1487,540,244,448,1,1,1
1342,5,1491,541,243,447,1,1,1
1343,5,1494,542,243,445,1,1,1
1344,5,1498,542,241,444,1,1,1
1345,5,1501,543,240,442,1,1,1
1346,5,1504,543,238,441,1,1,1
1347,5,1506,544,227,440,1,1,1
1348,5,1508,544,214,440,1,1,1
1349,5,1509,545,203,439,1,1,1
1350,5,1510,545,191,439,1,1,1
1351,5,1511,545,178,437,1,1,1
1352,5,1512,547,178,437,1,1,1
1353,5,1512,547,177,437,1,1,1
1354,5,1512,548,177,436,1,1,1
1355,5,1512,548,176,436,1,1,1
1356,5,1512,548,175,434,1,1,1
1357,5,1515,549,173,433,1,1,1
1358,5,1518,550,171,431,1,1,1
1359,5,1521,550,168,430,1,1,1
1360,5,1524,551,165,428,1,1,1
1361,5,1526,551,163,426,1,1,1
1362,5,1526,551,164,428,1,1,1
1363,5,1525,551,166,430,1,1,1
1364,5,1524,551,167,431,1,1,1
1365,5,1523,551,168,433,1,1,1
1366,5,1522,551,169,434,1,1,1
1367,5,1520,552,174,434,1,1,1
1368,5,1517,553,180,433,1,1,1
1369,5,1514,555,185,431,1,1,1
1370,5,1511,556,191,430,1,1,1
1371,5,1508,557,195,428,1,1,1
1372,5,1511,558,189,427,1,1,1
1373,5,1514,559,182,425,1,1,1
1374,5,1517,560,175,423,1,1,1
1375,5,1520,560,168,422,1,1,1
1376,5,1522,561,161,420,1,1,1
1377,5,1521,561,156,420,1,1,1
1378,5,1520,560,150,421,1,1,1
1379,5,1519,560,144,420,1,1,1
1380,5,1518,560,138,420,1,1,1
1381,5,1516,559,132,420,1,1,1
1382,5,1512,560,141,414,1,1,1
1383,5,1507,560,150,409,1,1,1
1384,5,1503,560,158,404,1,1,1
1385,5,1498,561,167,397,1,1,1
1386,5,1493,561,175,391,1,1,1
1387,5,1498,560,174,393,1,1,1
1388,5,1502,559,173,394,1,1,1
1389,5,1506,558,172,395,1,1,1
1390,5,1510,556,171,397,1,1,1
1391,5,1514,555,169,397,1,1,1
1392,5,1512,556,183,398,1,1,1
1393,5,1510,556,196,400,1,1,1
1394,5,1508,556,209,401,1,1,1
1395,5,1506,557,222,401,1,1,1
1396,5,1504,557,234,402,1,1,1
1397,5,1507,557,230,402,1,1,1
1398,5,1509,557,226,401,1,1,1
1399,5,1511,557,222,401,1,1,1
1400,5,1514,557,217,401,1,1,1
1401,5,1516,557,212,400,1,1,1
1402,5,1535,556,197,400,1,1,1
1403,5,1553,555,182,399,1,1,1
1404,5,1571,554,168,399,1,1,1
1405,5,1590,553,152,398,1,1,1
1406,5,1608,552,137,397,1,1,1
1407,5,1615,552,136,397,1,1,1
1408,5,1623,552,134,396,1,1,1
1409,5,1630,552,132,396,1,1,1
1410,5,1637,552,131,395,1,1,1
1411,5,1644,551,128,394,1,1,1
1412,5,1643,552,142,394,1,1,1
1413,5,1641,553,156,392,1,1,1
1414,5,1640,554,169,390,1,1,1
1415,5,1638,555,182,389,1,1,1
1416,5,1636,556,195,386,1,1,1
1417,5,1642,556,190,387,1,1,1
1418,5,1648,555,185,387,1,1,1
1419,5,1654,555,179,387,1,1,1
1420,5,1660,555,173,386,1,1,1
1421,5,1665,554,167,386,1,1,1
1422,5,1682,554,159,388,1,1,1
1423,5,1698,555,150,389,1,1,1
1424,5,1714,555,142,390,1,1,1
1425,5,1731,555,133,392,1,1,1
1426,5,1747,555,124,392,1,1,1
1427,5,1748,557,138,395,1,1,1
1428,5,1749,558,151,397,1,1,1
1429,5,1749,559,166,399,1,1,1
1430,5,1750,560,179,402,1,1,1
1431,5,1751,561,193,404,1,1,1
1432,5,1753,563,198,404,1,1,1
1433,5,1754,564,204,405,1,1,1
1434,5,1756,566,209,405,1,1,1
1435,5,1758,568,214,405,1,1,1
1436,5,1759,569,220,406,1,1,1
1437,5,1772,569,212,407,1,1,1
1438,5,1785,569,204,407,1,1,1
1439,5,1798,568,195,409,1,1,1
1440,5,1811,568,187,409,1,1,1
1441,5,1824,567,177,410,1,1,1
1442,5,1841,568,170,412,1,1,1
1443,5,1857,568,162,414,1,1,1
1444,5,1873,569,155,415,1,1,1
1445,5,1890,569,146,417,1,1,1
1446,5,1906,569,138,418,1,1,1
1447,5,1907,570,157,419,1,1,1
1448,5,1909,571,173,418,1,1,1
1449,5,1910,572,191,418,1,1,1
1450,5,1911,573,209,418,1,1,1
1451,5,1912,573,226,418,1,1,1
1452,5,1916,574,225,421,1,1,1
1453,5,1919,575,224,422,1,1,1
1454,5,1923,576,222,424,1,1,1
1455,5,1926,577,221,426,1,1,1
1456,5,1929,577,219,428,1,1,1
1457,5,1944,576,208,430,1,1,1
1458,5,1958,575,197,430,1,1,1
1459,5,1972,573,186,432,1,1,1
1460,5,1986,572,175,433,1,1,1
1461,5,2000,570,163,434,1,1,1
1462,5,2008,570,161,437,1,1,1
1463,5,2016,569,157,440,1,1,1
1464,5,2025,568,153,442,1,1,1
1465,5,2033,568,149,444,1,1,1
1466,5,2041,567,145,447,1,1,1
1467,5,2041,568,148,449,1,1,1
1468,5,2041,568,149,452,1,1,1
1469,5,2041,569,151,454,1,1,1
1470,5,2041,570,152,456,1,1,1
1471,5,2040,570,154,458,1,1,1
1472,5,2040,570,155,459,1,1,1
1473,5,2039,570,156,459,1,1,1
1474,5,2039,569,157,460,1,1,1
1475,5,2038,569,158,460,1,1,1
1476,5,2037,568,158,461,1,1,1
1477,5,2035,567,161,462,1,1,1
1478,5,2032,565,163,464,1,1,1
1479,5,2030,564,165,465,1,1,1
1480,5,2027,563,167,466,1,1,1
1481,5,2024,561,169,467,1,1,1
1482,5,2024,562,169,469,1,1,1
1483,5,2024,562,169,471,1,1,1
1484,5,2024,562,169,474,1,1,1
1485,5,2024,563,168,475,1,1,1
1486,5,2024,563,167,477,1,1,1
1487,5,2023,562,164,479,1,1,1
1488,5,2022,561,161,480,1,1,1
1489,5,2021,560,157,481,1,1,1
1490,5,2020,558,154,483,1,1,1
1491,5,2018,557,151,483,1,1,1
1492,5,2007,556,156,485,1,1,1
1493,5,1995,556,162,485,1,1,1
1494,5,1983,555,168,486,1,1,1
1495,5,1971,554,174,487,1,1,1
1496,5,1959,553,179,487,1,1,1
1497,5,1944,554,193,486,1,1,1
1498,5,1928,555,207,484,1,1,1
1499,5,1913,556,220,482,1,1,1
1500,5,1897,556,234,482,1,1,1
1002,7,2214,660,80,214,1,1,1
1003,7,2213,660,81,215,1,1,1
1004,7,2212,660,81,215,1,1,1
1005,7,2211,659,81,216,1,1,1
1006,7,2210,659,81,216,1,1,1
1007,7,2210,659,81,217,1,1,1
1008,7,2209,658,81,218,1,1,1
1009,7,2209,658,80,218,1,1,1
1010,7,2209,658,80,218,1,1,1
1011,7,2208,657,79,218,1,1,1
1012,7,2209,658,80,217,1,1,1
1013,7,2209,658,80,217,1,1,1
1014,7,2209,658,81,216,1,1,1
1015,7,2210,659,81,215,1,1,1
1016,7,2210,659,81,214,1,1,1
1017,7,2210,659,82,214,1,1,1
1018,7,2209,658,84,215,1,1,1
1019,7,2209,658,84,214,1,1,1
1020,7,2209,658,84,214,1,1,1
1021,7,2208,657,85,214,1,1,1
1022,7,2209,657,85,214,1,1,1
1023,7,2210,656,84,214,1,1,1
1024,7,2211,656,83,213,1,1,1
1025,7,2211,656,83,212,1,1,1
1026,7,2212,655,81,212,1,1,1
1027,7,2212,655,82,212,1,1,1
1028,7,2212,654,83,213,1,1,1
1029,7,2212,654,83,213,1,1,1
1030,7,2212,653,84,213,1,1,1
1031,7,2211,652,84,213,1,1,1
1032,7,2211,652,85,214,1,1,1
1033,7,2211,652,85,213,1,1,1
1034,7,2211,652,85,213,1,1,1
1035,7,2211,651,85,214,1,1,1
1036,7,2211,650,84,213,1,1,1
1037,7,2212,650,85,214,1,1,1
1038,7,2212,649,85,214,1,1,1
1039,7,2212,649,85,214,1,1,1
1040,7,2213,648,85,215,1,1,1
1041,7,2213,647,84,215,1,1,1
1042,7,2212,647,86,214,1,1,1
1043,7,2211,646,87,214,1,1,1
1044,7,2210,645,88,214,1,1,1
1045,7,2208,645,90,212,1,1,1
1046,7,2207,643,90,212,1,1,1
1047,7,2208,643,90,212,1,1,1
1048,7,2208,642,90,212,1,1,1
1049,7,2209,641,89,212,1,1,1
1050,7,2209,640,89,212,1,1,1
1051,7,2209,639,87,212,1,1,1
1052,7,2210,638,87,213,1,1,1
1053,7,2211,636,85,215,1,1,1
1054,7,2211,635,84,216,1,1,1
1055,7,2212,634,83,217,1,1,1
1056,7,2212,632,81,218,1,1,1
1057,7,2212,632,81,218,1,1,1
1058,7,2211,632,82,217,1,1,1
1059,7,2211,631,82,218,1,1,1
1060,7,2211,631,81,217,1,1,1
1061,7,2210,630,81,216,1,1,1
1062,7,2209,630,83,216,1,1,1
1063,7,2209,630,84,214,1,1,1
1064,7,2208,629,85,214,1,1,1
1065,7,2207,629,86,213,1,1,1
1066,7,2206,628,87,212,1,1,1
1067,7,2206,627,87,213,1,1,1
1068,7,2205,625,87,215,1,1,1
1069,7,2205,624,86,216,1,1,1
1070,7,2204,622,87,217,1,1,1
1071,7,2204,620,85,218,1,1,1
1072,7,2204,620,85,218,1,1,1
1073,7,2205,620,84,217,1,1,1
1074,7,2205,619,84,217,1,1,1
1075,7,2206,619,82,217,1,1,1
1076,7,2206,618,81,216,1,1,1
1077,7,2206,619,83,216,1,1,1
1078,7,2205,620,85,215,1,1,1
1079,7,2204,620,87,216,1,1,1
1080,7,2204,621,89,215,1,1,1
1081,7,2203,621,90,214,1,1,1
1082,7,2203,621,91,214,1,1,1
1083,7,2202,620,91,214,1,1,1
1084,7,2202,619,91,215,1,1,1
1085,7,2201,618,92,215,1,1,1
1086,7,2200,617,91,214,1,1,1
1087,7,2200,617,92,215,1,1,1
1088,7,2200,617,91,215,1,1,1
1089,7,2199,616,91,215,1,1,1
1090,7,2198,616,91,215,1,1,1
1091,7,2197,615,89,215,1,1,1
1092,7,2197,615,89,216,1,1,1
1093,7,2196,615,89,215,1,1,1
1094,7,2195,615,89,215,1,1,1
1095,7,2194,615,89,215,1,1,1
1096,7,2192,614,88,214,1,1,1
1097,7,2194,614,87,215,1,1,1
1098,7,2195,614,84,215,1,1,1
1099,7,2196,614,82,215,1,1,1
1100,7,2197,614,80,215,1,1,1
1101,7,2198,613,77,215,1,1,1
1102,7,2198,614,77,215,1,1,1
1103,7,2197,615,77,214,1,1,1
1104,7,2196,615,78,213,1,1,1
1105,7,2196,615,77,213,1,1,1
1106,7,2195,615,76,211,1,1,1
1107,7,2195,616,77,211,1,1,1
1108,7,2195,615,77,212,1,1,1
1109,7,2194,615,79,212,1,1,1
1110,7,2194,615,79,212,1,1,1
1111,7,2193,615,78,212,1,1,1
1112,7,2194,616,79,211,1,1,1
1113,7,2194,616,79,212,1,1,1
1114,7,2194,616,79,212,1,1,1
1115,7,2194,617,79,212,1,1,1
1116,7,2194,617,78,211,1,1,1
1117,7,2194,617,79,212,1,1,1
1118,7,2194,617,79,212,1,1,1
1119,7,2193,617,80,212,1,1,1
1120,7,2193,617,80,212,1,1,1
1121,7,2192,617,80,211,1,1,1
1122,7,2192,618,81,211,1,1,1
1123,7,2192,618,80,211,1,1,1
1124,7,2191,618,81,211,1,1,1
1125,7,2191,618,80,211,1,1,1
1126,7,2190,618,80,210,1,1,1
1127,7,2190,618,81,211,1,1,1
1128,7,2190,618,81,212,1,1,1
1129,7,2190,617,81,213,1,1,1
1130,7,2190,617,81,213,1,1,1
1131,7,2189,616,81,214,1,1,1
1132,7,2189,616,83,215,1,1,1
1133,7,2188,616,84,215,1,1,1
1134,7,2187,616,86,215,1,1,1
1135,7,2187,616,86,215,1,1,1
1136,7,2185,616,87,214,1,1,1
1137,7,2186,616,87,215,1,1,1
1138,7,2187,616,86,215,1,1,1
1139,7,2187,616,86,216,1,1,1
1140,7,2187,616,86,216,1,1,1
1141,7,2187,616,85,216,1,1,1
1142,7,2187,617,86,216,1,1,1
1143,7,2187,617,86,216,1,1,1
1144,7,2187,618,85,216,1,1,1
1145,7,2186,618,86,216,1,1,1
1146,7,2185,618,85,216,1,1,1
1147,7,2186,618,85,217,1,1,1
1148,7,2186,618,85,217,1,1,1
1149,7,2186,618,85,217,1,1,1
1150,7,2186,618,85,217,1,1,1
1151,7,2185,618,85,216,1,1,1
1152,7,2187,619,84,215,1,1,1
1153,7,2188,620,83,214,1,1,1
1154,7,2189,621,83,213,1,1,1
1155,7,2190,621,82,212,1,1,1
1156,7,2190,622,80,211,1,1,1
1157,7,2190,622,81,211,1,1,1
1158,7,2190,621,81,212,1,1,1
1159,7,2190,621,81,212,1,1,1
1160,7,2189,620,82,213,1,1,1
1161,7,2188,619,82,213,1,1,1
1162,7,2189,619,82,213,1,1,1
1163,7,2189,619,82,213,1,1,1
1164,7,2189,618,82,213,1,1,1
1165,7,2189,618,82,212,1,1,1
1166,7,2188,617,81,211,1,1,1
1167,7,2189,617,82,212,1,1,1
1168,7,2189,617,82,212,1,1,1
1169,7,2189,617,82,212,1,1,1
1170,7,2190,616,81,213,1,1,1
1171,7,2189,616,81,212,1,1,1
1172,7,2190,616,82,213,1,1,1
1173,7,2190,615,83,214,1,1,1
1174,7,2190,615,84,214,1,1,1
1175,7,2190,615,85,214,1,1,1
1176,7,2189,614,85,214,1,1,1
1177,7,2189,614,86,214,1,1,1
1178,7,2189,614,85,214,1,1,1
1179,7,2189,614,84,213,1,1,1
1180,7,2188,614,84,213,1,1,1
1181,7,2187,613,83,212,1,1,1
1182,7,2188,613,83,212,1,1,1
1183,7,2187,612,84,213,1,1,1
1184,7,2187,611,84,213,1,1,1
1185,7,2187,610,85,213,1,1,1
1186,7,2186,609,84,213,1,1,1
1187,7,2188,609,84,213,1,1,1
1188,7,2188,609,85,213,1,1,1
1189,7,2189,609,85,213,1,1,1
1190,7,2190,609,85,212,1,1,1
1191,7,2190,609,84,211,1,1,1
1192,7,2192,610,86,212,1,1,1
1193,7,2194,611,87,211,1,1,1
1194,7,2196,612,87,211,1,1,1
1195,7,2198,612,88,212,1,1,1
1196,7,2200,612,88,211,1,1,1
1197,7,2203,613,90,212,1,1,1
1198,7,2205,612,92,213,1,1,1
1199,7,2208,612,93,213,1,1,1
1200,7,2210,612,95,213,1,1,1
1201,7,2212,611,96,213,1,1,1
1202,7,2213,611,99,215,1,1,1
1203,7,2214,611,100,215,1,1,1
1204,7,2215,611,101,215,1,1,1
1205,7,2216,610,102,216,1,1,1
1206,7,2216,610,104,216,1,1,1
1207,7,2217,611,103,216,1,1,1
1208,7,2218,611,102,217,1,1,1
1209,7,2219,611,101,218,1,1,1
1210,7,2220,612,100,218,1,1,1
1211,7,2220,612,100,218,1,1,1
1212,7,2220,613,100,218,1,1,1
1213,7,2220,615,100,216,1,1,1
1214,7,2219,616,100,215,1,1,1
1215,7,2219,617,100,214,1,1,1
1216,7,2218,618,100,212,1,1,1
1217,7,2217,618,99,213,1,1,1
1218,7,2216,618,98,214,1,1,1
1219,7,2215,617,97,216,1,1,1
1220,7,2213,617,97,217,1,1,1
1221,7,2212,616,95,218,1,1,1
1222,7,2211,617,95,217,1,1,1
1223,7,2211,617,93,217,1,1,1
1224,7,2210,618,92,215,1,1,1
1225,7,2209,618,91,215,1,1,1
1226,7,2208,618,89,214,1,1,1
1227,7,2207,619,89,214,1,1,1
1228,7,2207,619,88,214,1,1,1
1229,7,2206,620,87,214,1,1,1
1230,7,2205,620,86,214,1,1,1
1231,7,2204,620,85,214,1,1,1
1232,7,2203,622,87,214,1,1,1
1233,7,2202,624,88,213,1,1,1
1234,7,2202,625,88,213,1,1,1
1235,7,2201,627,89,213,1,1,1
1236,7,2200,628,89,212,1,1,1
1237,7,2199,630,90,212,1,1,1
1238,7,2198,631,90,213,1,1,1
1239,7,2196,632,91,214,1,1,1
1240,7,2195,633,92,214,1,1,1
1241,7,2193,634,91,214,1,1,1
1242,7,2194,636,92,213,1,1,1
1243,7,2194,636,93,214,1,1,1
1244,7,2194,637,93,213,1,1,1
1245,7,2194,638,93,213,1,1,1
1246,7,2193,638,93,212,1,1,1
1247,7,2194,639,94,212,1,1,1
1248,7,2194,639,94,212,1,1,1
1249,7,2194,639,94,212,1,1,1
1250,7,2194,639,94,212,1,1,1
1251,7,2193,638,93,212,1,1,1
1252,7,2194,639,94,213,1,1,1
1253,7,2194,640,94,213,1,1,1
1254,7,2194,641,94,213,1,1,1
1255,7,2195,642,93,213,1,1,1
1256,7,2194,642,92,213,1,1,1
1257,7,2196,642,92,214,1,1,1
1258,7,2197,642,91,213,1,1,1
1259,7,2197,642,91,213,1,1,1
1260,7,2198,641,90,214,1,1,1
1261,7,2199,641,88,213,1,1,1
1262,7,2199,641,89,214,1,1,1
1263,7,2199,641,89,213,1,1,1
1264,7,2198,641,90,213,1,1,1
1265,7,2198,641,91,213,1,1,1
1266,7,2197,641,90,212,1,1,1
1267,7,2199,641,90,213,1,1,1
1268,7,2199,642,91,213,1,1,1
1269,7,2200,642,91,213,1,1,1
1270,7,2201,642,90,213,1,1,1
1271,7,2201,642,89,213,1,1,1
1272,7,2202,642,90,214,1,1,1
1273,7,2202,643,89,213,1,1,1
1274,7,2202,643,89,213,1,1,1
1275,7,2202,643,89,213,1,1,1
1276,7,2202,643,88,212,1,1,1
1277,7,2202,642,90,214,1,1,1
1278,7,2203,641,90,214,1,1,1
1279,7,2203,641,91,214,1,1,1
1280,7,2204,640,91,215,1,1,1
1281,7,2204,638,91,216,1,1,1
1282,7,2203,639,93,216,1,1,1
1283,7,2202,639,94,215,1,1,1
1284,7,2202,639,94,215,1,1,1
1285,7,2201,639,95,214,1,1,1
1286,7,2200,638,95,214,1,1,1
1287,7,2200,638,95,215,1,1,1
1288,7,2201,638,92,214,1,1,1
1289,7,2201,638,91,214,1,1,1
1290,7,2202,637,89,214,1,1,1
1291,7,2202,636,87,214,1,1,1
1292,7,2203,636,88,214,1,1,1
1293,7,2204,634,88,215,1,1,1
1294,7,2206,633,87,216,1,1,1
1295,7,2207,632,88,216,1,1,1
1296,7,2208,630,87,216,1,1,1
1297,7,2208,631,88,216,1,1,1
1298,7,2207,631,90,216,1,1,1
1299,7,2207,631,90,216,1,1,1
1300,7,2207,631,91,216,1,1,1
1301,7,2206,630,91,216,1,1,1
1302,7,2207,631,90,215,1,1,1
1303,7,2207,631,90,214,1,1,1
1304,7,2208,631,88,213,1,1,1
1305,7,2209,631,87,212,1,1,1
1306,7,2209,630,85,211,1,1,1
1307,7,2209,630,86,212,1,1,1
1308,7,2209,629,86,213,1,1,1
1309,7,2209,629,86,212,1,1,1
1310,7,2208,628,87,213,1,1,1
1311,7,2208,627,86,213,1,1,1
1312,7,2208,627,87,213,1,1,1
1313,7,2208,627,87,213,1,1,1
1314,7,2208,627,87,213,1,1,1
1315,7,2208,627,87,213,1,1,1
1316,7,2207,627,87,212,1,1,1
1317,7,2207,627,88,212,1,1,1
1318,7,2207,627,87,212,1,1,1
1319,7,2207,626,87,212,1,1,1
1320,7,2207,626,87,212,1,1,1
1321,7,2207,626,86,211,1,1,1
1322,7,2207,626,87,212,1,1,1
1323,7,2207,626,87,212,1,1,1
1324,7,2207,626,87,213,1,1,1
1325,7,2206,626,88,213,1,1,1
1326,7,2206,626,87,213,1,1,1
1327,7,2206,626,88,213,1,1,1
1328,7,2206,625,87,214,1,1,1
1329,7,2206,625,87,214,1,1,1
1330,7,2206,624,87,215,1,1,1
1331,7,2205,623,87,215,1,1,1
1332,7,2206,624,87,215,1,1,1
1333,7,2206,624,87,215,1,1,1
1334,7,2206,624,87,214,1,1,1
1335,7,2206,625,87,213,1,1,1
1336,7,2205,624,86,213,1,1,1
1337,7,2206,625,86,214,1,1,1
1338,7,2205,626,87,213,1,1,1
1339,7,2205,626,87,214,1,1,1
1340,7,2205,627,87,214,1,1,1
1341,7,2204,627,87,213,1,1,1
1342,7,2204,628,88,214,1,1,1
1343,7,2204,628,87,214,1,1,1
1344,7,2203,629,88,214,1,1,1
1345,7,2203,629,88,214,1,1,1
1346,7,2202,629,88,214,1,1,1
1347,7,2203,629,87,214,1,1,1
1348,7,2203,629,87,214,1,1,1
1349,7,2203,629,87,214,1,1,1
1350,7,2203,629,87,214,1,1,1
1351,7,2203,629,86,213,1,1,1
1352,7,2203,629,87,214,1,1,1
1353,7,2202,629,88,214,1,1,1
1354,7,2201,629,89,214,1,1,1
1355,7,2201,629,89,214,1,1,1
1356,7,2200,628,89,214,1,1,1
1357,7,2201,629,88,214,1,1,1
1358,7,2202,629,87,214,1,1,1
1359,7,2202,629,87,214,1,1,1
1360,7,2203,629,85,214,1,1,1
1361,7,2204,628,83,214,1,1,1
1362,7,2204,629,84,214,1,1,1
1363,7,2203,629,85,214,1,1,1
1364,7,2203,630,85,213,1,1,1
1365,7,2202,630,86,213,1,1,1
1366,7,2202,630,85,212,1,1,1
1367,7,2201,631,86,212,1,1,1
1368,7,2200,631,87,212,1,1,1
1369,7,2200,631,87,212,1,1,1
1370,7,2199,631,87,212,1,1,1
1371,7,2197,630,87,212,1,1,1
1372,7,2198,630,88,213,1,1,1
1373,7,2198,630,89,214,1,1,1
1374,7,2198,629,89,215,1,1,1
1375,7,2198,629,89,215,1,1,1
1376,7,2197,628,89,216,1,1,1
1377,7,2198,629,90,216,1,1,1
1378,7,2199,629,89,216,1,1,1
1379,7,2199,630,89,215,1,1,1
1380,7,2200,630,88,215,1,1,1
1381,7,2200,630,87,214,1,1,1
1382,7,2199,631,89,214,1,1,1
1383,7,2198,631,90,214,1,1,1
1384,7,2198,631,90,214,1,1,1
1385,7,2197,631,91,214,1,1,1
1386,7,2195,630,91,214,1,1,1
1387,7,2196,630,91,214,1,1,1
1388,7,2195,629,90,215,1,1,1
1389,7,2195,628,89,216,1,1,1
1390,7,2194,627,89,216,1,1,1
1391,7,2193,626,87,216,1,1,1
1392,7,2191,628,90,214,1,1,1
1393,7,2188,629,92,211,1,1,1
1394,7,2185,630,94,209,1,1,1
1395,7,2182,631,96,207,1,1,1
1396,7,2179,632,97,204,1,1,1
1397,7,2178,631,95,205,1,1,1
1398,7,2176,629,93,207,1,1,1
1399,7,2173,627,92,209,1,1,1
1400,7,2171,624,90,211,1,1,1
1401,7,2169,622,87,212,1,1,1
1402,7,2168,623,87,212,1,1,1
1403,7,2166,623,86,211,1,1,1
1404,7,2164,623,86,211,1,1,1
1405,7,2163,624,84,210,1,1,1
1406,7,2160,623,84,209,1,1,1
1407,7,2159,623,84,210,1,1,1
1408,7,2157,623,84,210,1,1,1
1409,7,2156,623,83,209,1,1,1
1410,7,2154,622,83,210,1,1,1
1411,7,2152,621,82,209,1,1,1
1412,7,2151,621,82,209,1,1,1
1413,7,2149,620,82,209,1,1,1
1414,7,2148,619,82,209,1,1,1
1415,7,2146,618,82,209,1,1,1
1416,7,2144,617,81,208,1,1,1
1417,7,2143,618,82,208,1,1,1
1418,7,2141,618,82,208,1,1,1
1419,7,2139,618,82,208,1,1,1
1420,7,2137,618,82,208,1,1,1
1421,7,2135,618,81,208,1,1,1
1422,7,2135,619,81,208,1,1,1
1423,7,2134,620,81,207,1,1,1
1424,7,2133,620,82,207,1,1,1
1425,7,2132,621,82,206,1,1,1
1426,7,2130,621,82,205,1,1,1
1427,7,2130,621,82,206,1,1,1
1428,7,2130,621,81,205,1,1,1
1429,7,2130,621,80,205,1,1,1
1430,7,2130,620,80,206,1,1,1
1431,7,2130,620,79,206,1,1,1
1432,7,2130,621,79,206,1,1,1
1433,7,2130,622,79,206,1,1,1
1434,7,2130,623,80,206,1,1,1
1435,7,2130,624,80,206,1,1,1
1436,7,2130,624,79,206,1,1,1
1437,7,2131,624,79,207,1,1,1
1438,7,2131,624,78,207,1,1,1
1439,7,2132,624,77,208,1,1,1
1440,7,2132,624,77,208,1,1,1
1441,7,2132,624,75,208,1,1,1
1442,7,2133,625,76,208,1,1,1
1443,7,2133,625,76,208,1,1,1
1444,7,2133,626,76,208,1,1,1
1445,7,2133,626,77,208,1,1,1
1446,7,2132,626,77,208,1,1,1
1447,7,2133,626,79,208,1,1,1
1448,7,2134,626,79,208,1,1,1
1449,7,2135,625,80,208,1,1,1
1450,7,2136,625,81,208,1,1,1
1451,7,2136,624,81,208,1,1,1
1452,7,2138,626,80,208,1,1,1
1453,7,2139,627,80,207,1,1,1
1454,7,2139,628,80,207,1,1,1
1455,7,2140,629,79,207,1,1,1
1456,7,2141,629,77,207,1,1,1
1457,7,2141,629,78,208,1,1,1
1458,7,2141,629,79,208,1,1,1
1459,7,2140,629,80,208,1,1,1
1460,7,2140,628,81,210,1,1,1
1461,7,2139,627,81,209,1,1,1
1462,7,2139,628,82,209,1,1,1
1463,7,2138,628,82,209,1,1,1
1464,7,2138,629,82,208,1,1,1
1465,7,2137,629,82,208,1,1,1
1466,7,2136,629,82,207,1,1,1
1467,7,2136,629,83,207,1,1,1
1468,7,2135,628,83,208,1,1,1
1469,7,2135,628,83,208,1,1,1
1470,7,2134,627,84,209,1,1,1
1471,7,2133,626,83,209,1,1,1
1481,7,2112,622,100,212,1,1,1
1482,7,2116,622,96,212,1,1,1
1483,7,2119,622,92,212,1,1,1
1484,7,2122,621,89,212,1,1,1
1485,7,2125,621,86,212,1,1,1
1486,7,2128,620,81,212,1,1,1
1487,7,2128,620,81,212,1,1,1
1488,7,2127,620,81,211,1,1,1
1489,7,2126,619,81,211,1,1,1
1490,7,2125,619,80,210,1,1,1
1491,7,2124,618,79,210,1,1,1
1492,7,2123,618,81,211,1,1,1
1493,7,2121,618,84,211,1,1,1
1494,7,2120,617,85,213,1,1,1
1495,7,2118,617,88,213,1,1,1
1496,7,2116,616,89,214,1,1,1
1497,7,2117,616,89,214,1,1,1
1498,7,2118,615,87,214,1,1,1
1499,7,2119,614,86,214,1,1,1
1500,7,2120,613,84,214,1,1,1
1002,10,741,612,63,195,1,1,1
1003,10,740,611,63,196,1,1,1
1004,10,739,611,62,195,1,1,1
1005,10,738,611,62,194,1,1,1
1006,10,736,610,61,193,1,1,1
1007,10,736,609,62,195,1,1,1
1008,10,736,609,62,196,1,1,1
1009,10,736,608,62,197,1,1,1
1010,10,735,607,63,199,1,1,1
1011,10,734,606,63,200,1,1,1
1012,10,735,607,63,199,1,1,1
1013,10,735,608,64,198,1,1,1
1014,10,735,609,64,197,1,1,1
1015,10,735,609,65,197,1,1,1
1016,10,734,610,65,195,1,1,1
1051,10,746,590,70,202,1,1,1
1052,10,746,590,71,201,1,1,1
1053,10,747,590,70,199,1,1,1
1054,10,747,590,70,197,1,1,1
1055,10,747,590,69,195,1,1,1
1056,10,746,589,69,193,1,1,1
1057,10,747,589,69,196,1,1,1
1058,10,748,587,68,199,1,1,1
1059,10,748,586,68,201,1,1,1
1060,10,749,585,67,204,1,1,1
1061,10,748,583,67,206,1,1,1
1062,10,749,583,67,206,1,1,1
1063,10,749,583,67,205,1,1,1
1064,10,749,582,66,205,1,1,1
1065,10,749,582,66,205,1,1,1
1066,10,748,581,65,204,1,1,1
1067,10,748,582,65,203,1,1,1
1068,10,747,582,66,203,1,1,1
1069,10,747,582,65,202,1,1,1
1070,10,746,582,65,202,1,1,1
1071,10,744,581,65,202,1,1,1
1072,10,744,581,67,202,1,1,1
1073,10,744,580,67,203,1,1,1
1074,10,744,579,67,203,1,1,1
1075,10,743,578,69,204,1,1,1
1076,10,742,577,69,204,1,1,1
1077,10,743,578,70,203,1,1,1
1078,10,743,579,70,202,1,1,1
1079,10,743,579,71,201,1,1,1
1080,10,743,580,71,200,1,1,1
1081,10,743,580,71,198,1,1,1
1082,10,743,580,71,199,1,1,1
1083,10,742,579,71,200,1,1,1
1084,10,741,578,71,201,1,1,1
1085,10,740,578,72,200,1,1,1
1086,10,739,577,71,200,1,1,1
1087,10,739,577,72,201,1,1,1
1088,10,739,577,71,201,1,1,1
1089,10,738,577,72,201,1,1,1
1090,10,738,576,72,201,1,1,1
1091,10,737,576,72,201,1,1,1
1092,10,737,576,72,201,1,1,1
1093,10,737,576,71,201,1,1,1
1094,10,736,576,71,201,1,1,1
1095,10,736,576,70,201,1,1,1
1096,10,735,576,69,200,1,1,1
1097,10,735,576,70,201,1,1,1
1098,10,735,576,70,200,1,1,1
1099,10,735,576,70,200,1,1,1
1100,10,734,575,71,201,1,1,1
1101,10,733,575,70,200,1,1,1
1102,10,734,575,70,200,1,1,1
1103,10,735,576,69,199,1,1,1
1104,10,735,576,68,199,1,1,1
1105,10,735,576,68,199,1,1,1
1106,10,735,576,66,199,1,1,1
1107,10,735,576,67,199,1,1,1
1108,10,735,576,66,199,1,1,1
1109,10,735,576,66,199,1,1,1
1110,10,734,577,66,198,1,1,1
1111,10,733,576,66,198,1,1,1
1112,10,734,577,66,198,1,1,1
1113,10,735,576,65,200,1,1,1
1114,10,735,576,65,200,1,1,1
1115,10,735,576,64,200,1,1,1
1116,10,735,576,63,200,1,1,1
1117,10,735,576,64,200,1,1,1
1118,10,735,576,65,200,1,1,1
1119,10,734,576,66,200,1,1,1
1120,10,734,575,66,201,1,1,1
1121,10,733,575,66,200,1,1,1
1122,10,733,575,67,201,1,1,1
1123,10,733,575,66,201,1,1,1
1124,10,732,576,67,200,1,1,1
1125,10,732,576,67,200,1,1,1
1126,10,731,575,66,200,1,1,1
1127,10,732,575,68,201,1,1,1
1128,10,732,574,70,203,1,1,1
1129,10,732,573,71,204,1,1,1
1130,10,732,572,73,205,1,1,1
1131,10,732,571,73,206,1,1,1
1132,10,733,571,72,207,1,1,1
1133,10,733,571,71,207,1,1,1
1134,10,734,571,68,207,1,1,1
1135,10,734,571,67,207,1,1,1
1136,10,734,571,65,206,1,1,1
1137,10,734,572,66,206,1,1,1
1138,10,734,572,67,206,1,1,1
1139,10,733,573,68,205,1,1,1
1140,10,733,573,69,205,1,1,1
1141,10,732,573,69,204,1,1,1
1142,10,732,573,70,204,1,1,1
1143,10,732,573,69,204,1,1,1
1144,10,731,572,70,204,1,1,1
1145,10,731,572,69,204,1,1,1
1146,10,730,571,69,204,1,1,1
1147,10,729,571,71,204,1,1,1
1148,10,727,571,74,204,1,1,1
1149,10,726,571,75,203,1,1,1
1150,10,724,571,78,203,1,1,1
1151,10,722,571,79,202,1,1,1
1152,10,724,572,78,201,1,1,1
1153,10,726,572,75,200,1,1,1
1154,10,728,572,73,200,1,1,1
1155,10,730,572,70,199,1,1,1
1156,10,732,572,67,198,1,1,1
1157,10,732,572,68,198,1,1,1
1158,10,732,571,68,198,1,1,1
1159,10,733,571,67,198,1,1,1
1160,10,733,570,68,198,1,1,1
1161,10,733,569,67,197,1,1,1
1162,10,733,569,67,199,1,1,1
1163,10,732,569,67,198,1,1,1
1164,10,732,569,67,198,1,1,1
1165,10,732,568,66,199,1,1,1
1166,10,731,567,66,199,1,1,1
1167,10,732,568,66,199,1,1,1
1168,10,732,567,66,200,1,1,1
1169,10,732,567,66,200,1,1,1
1170,10,732,567,67,199,1,1,1
1171,10,732,566,66,199,1,1,1
1172,10,732,566,67,199,1,1,1
1173,10,732,566,66,199,1,1,1
1174,10,732,565,66,199,1,1,1
1175,10,731,565,67,198,1,1,1
1176,10,731,564,66,198,1,1,1
1177,10,731,563,66,199,1,1,1
1178,10,732,562,65,199,1,1,1
1179,10,732,561,65,199,1,1,1
1180,10,732,560,64,199,1,1,1
1181,10,732,558,64,200,1,1,1
1182,10,732,558,64,201,1,1,1
1183,10,731,558,65,201,1,1,1
1184,10,731,557,65,203,1,1,1
1185,10,731,557,65,203,1,1,1
1186,10,730,556,66,203,1,1,1
1187,10,731,557,66,203,1,1,1
1188,10,732,557,66,203,1,1,1
1189,10,732,558,66,202,1,1,1
1190,10,733,558,66,202,1,1,1
1191,10,733,558,66,201,1,1,1
1192,10,735,559,66,202,1,1,1
1193,10,736,559,67,202,1,1,1
1194,10,737,559,67,202,1,1,1
1195,10,738,559,67,202,1,1,1
1196,10,738,559,67,201,1,1,1
1197,10,741,560,68,201,1,1,1
1198,10,743,560,68,200,1,1,1
1199,10,745,559,69,201,1,1,1
1200,10,747,559,69,201,1,1,1
1201,10,749,559,69,200,1,1,1
1202,10,750,560,69,200,1,1,1
1203,10,752,560,68,201,1,1,1
1204,10,753,560,68,202,1,1,1
1205,10,754,561,68,201,1,1,1
1206,10,755,561,67,202,1,1,1
1207,10,756,562,67,202,1,1,1
1208,10,757,562,67,202,1,1,1
1209,10,758,562,67,202,1,1,1
1210,10,758,563,68,202,1,1,1
1211,10,759,563,67,202,1,1,1
1212,10,759,564,67,202,1,1,1
1213,10,758,564,67,202,1,1,1
1214,10,758,564,66,203,1,1,1
1215,10,758,565,65,202,1,1,1
1216,10,757,565,65,202,1,1,1
1217,10,756,566,66,202,1,1,1
1218,10,755,566,67,203,1,1,1
1219,10,753,567,68,203,1,1,1
1220,10,752,567,69,204,1,1,1
1221,10,751,567,69,204,1,1,1
1222,10,749,567,70,204,1,1,1
1223,10,748,567,70,204,1,1,1
1224,10,746,567,71,204,1,1,1
1225,10,744,567,72,204,1,1,1
1226,10,742,567,71,204,1,1,1
1227,10,742,567,71,204,1,1,1
1228,10,742,567,70,203,1,1,1
1229,10,742,567,69,202,1,1,1
1230,10,741,567,68,201,1,1,1
1231,10,740,567,67,200,1,1,1
1232,10,741,568,66,200,1,1,1
1233,10,741,568,65,201,1,1,1
1234,10,741,569,63,201,1,1,1
1235,10,741,569,62,202,1,1,1
1236,10,740,569,61,202,1,1,1
1237,10,740,570,62,203,1,1,1
1238,10,740,571,62,203,1,1,1
1239,10,740,572,62,203,1,1,1
1240,10,739,573,63,203,1,1,1
1241,10,738,573,63,204,1,1,1
1256,10,739,580,60,198,1,1,1
1257,10,740,580,61,198,1,1,1
1258,10,740,580,61,198,1,1,1
1259,10,740,580,62,198,1,1,1
1260,10,740,580,62,197,1,1,1
1261,10,740,579,61,196,1,1,1
1262,10,741,580,63,197,1,1,1
1263,10,740,580,66,197,1,1,1
1264,10,740,580,68,196,1,1,1
1265,10,740,579,70,197,1,1,1
1266,10,740,579,72,196,1,1,1
1267,10,742,579,72,197,1,1,1
1268,10,744,580,71,197,1,1,1
1269,10,745,580,72,197,1,1,1
1270,10,747,580,71,197,1,1,1
1271,10,748,579,70,197,1,1,1
1272,10,750,580,69,197,1,1,1
1273,10,751,579,68,198,1,1,1
1274,10,752,579,67,198,1,1,1
1275,10,753,579,67,198,1,1,1
1276,10,754,578,64,198,1,1,1
1277,10,755,578,68,199,1,1,1
1278,10,755,577,71,200,1,1,1
1279,10,755,577,74,200,1,1,1
1280,10,755,576,77,202,1,1,1
1281,10,755,575,79,202,1,1,1
1282,10,755,575,80,203,1,1,1
1283,10,755,575,81,203,1,1,1
1284,10,755,574,81,204,1,1,1
1285,10,755,574,81,204,1,1,1
1286,10,755,573,81,204,1,1,1
1287,10,755,573,81,204,1,1,1
1288,10,755,573,80,203,1,1,1
1289,10,755,573,79,202,1,1,1
1290,10,755,573,78,201,1,1,1
1291,10,755,573,77,200,1,1,1
1292,10,755,573,78,200,1,1,1
1293,10,755,572,79,201,1,1,1
1294,10,755,571,80,201,1,1,1
1295,10,755,570,81,202,1,1,1
1296,10,755,569,81,202,1,1,1
1297,10,756,569,81,202,1,1,1
1298,10,757,568,80,202,1,1,1
1299,10,758,567,79,202,1,1,1
1300,10,758,566,79,202,1,1,1
1301,10,759,565,77,202,1,1,1
1302,10,761,566,76,201,1,1,1
1303,10,763,566,74,200,1,1,1
1304,10,764,566,73,199,1,1,1
1305,10,766,566,71,198,1,1,1
1306,10,767,566,69,196,1,1,1
1307,10,767,566,70,197,1,1,1
1308,10,767,565,70,197,1,1,1
1309,10,766,565,72,197,1,1,1
1310,10,766,564,72,197,1,1,1
1311,10,765,563,72,197,1,1,1
1312,10,765,563,74,198,1,1,1
1313,10,765,563,74,198,1,1,1
1314,10,765,564,75,196,1,1,1
1315,10,765,564,75,196,1,1,1
1316,10,764,563,75,196,1,1,1
1317,10,765,563,76,197,1,1,1
1318,10,766,563,76,197,1,1,1
1319,10,766,562,77,198,1,1,1
1320,10,766,562,77,198,1,1,1
1321,10,766,561,77,198,1,1,1
1322,10,768,561,76,199,1,1,1
1323,10,770,561,74,199,1,1,1
1324,10,771,561,73,198,1,1,1
1325,10,772,561,73,198,1,1,1
1326,10,773,561,70,196,1,1,1
1327,10,776,561,69,197,1,1,1
1328,10,778,561,68,197,1,1,1
1329,10,780,560,66,199,1,1,1
1330,10,782,560,64,199,1,1,1
1331,10,783,559,63,199,1,1,1
1332,10,783,560,64,199,1,1,1
1333,10,783,560,64,199,1,1,1
1334,10,783,560,64,199,1,1,1
1335,10,783,560,64,199,1,1,1
1336,10,783,560,63,199,1,1,1
1337,10,783,561,64,199,1,1,1
1338,10,783,561,64,200,1,1,1
1339,10,783,562,64,200,1,1,1
1340,10,783,562,64,200,1,1,1
1341,10,782,562,64,200,1,1,1
1381,10,781,563,48,200,1,1,1
1382,10,779,563,52,201,1,1,1
1383,10,777,563,54,201,1,1,1
1384,10,774,563,58,201,1,1,1
1385,10,772,563,60,202,1,1,1
1386,10,769,563,63,202,1,1,1
1387,10,769,562,63,202,1,1,1
1388,10,769,562,63,202,1,1,1
1389,10,768,561,63,202,1,1,1
1390,10,768,560,63,202,1,1,1
1391,10,767,559,63,202,1,1,1
1392,10,766,559,63,202,1,1,1
1393,10,764,558,64,202,1,1,1
1394,10,762,558,65,202,1,1,1
1395,10,761,558,65,202,1,1,1
1396,10,759,557,65,202,1,1,1
1397,10,756,556,66,203,1,1,1
1398,10,753,555,66,203,1,1,1
1399,10,751,553,65,205,1,1,1
1400,10,748,552,65,206,1,1,1
1401,10,744,551,65,206,1,1,1
1402,10,743,551,66,205,1,1,1
1403,10,742,551,65,203,1,1,1
1404,10,741,551,64,202,1,1,1
1405,10,739,551,65,201,1,1,1
1406,10,737,550,64,200,1,1,1
1407,10,736,549,64,201,1,1,1
1408,10,734,548,65,201,1,1,1
1409,10,732,547,65,201,1,1,1
1410,10,730,546,65,201,1,1,1
1411,10,727,545,65,201,1,1,1
1412,10,727,545,65,201,1,1,1
1413,10,725,545,65,201,1,1,1
1414,10,724,544,64,201,1,1,1
1415,10,723,544,64,201,1,1,1
1416,10,721,543,63,201,1,1,1
1417,10,720,543,63,202,1,1,1
1418,10,718,542,64,203,1,1,1
1419,10,717,542,64,202,1,1,1
1420,10,716,541,64,203,1,1,1
1421,10,714,540,63,204,1,1,1
1422,10,714,541,64,204,1,1,1
1423,10,713,542,64,203,1,1,1
1424,10,713,542,64,203,1,1,1
1425,10,712,543,64,203,1,1,1
1426,10,711,543,63,202,1,1,1
1427,10,711,543,64,203,1,1,1
1428,10,710,543,65,204,1,1,1
1429,10,710,543,65,204,1,1,1
1430,10,709,542,66,206,1,1,1
1431,10,708,542,67,206,1,1,1
1432,10,708,542,68,206,1,1,1
1433,10,708,542,68,206,1,1,1
1434,10,708,543,69,206,1,1,1
1435,10,708,543,69,206,1,1,1
1436,10,708,542,69,206,1,1,1
1437,10,709,544,68,206,1,1,1
1438,10,710,546,67,205,1,1,1
1439,10,711,548,65,203,1,1,1
1440,10,711,549,65,203,1,1,1
1441,10,712,551,63,202,1,1,1
1442,10,712,551,65,203,1,1,1
1443,10,712,552,66,204,1,1,1
1444,10,712,552,67,205,1,1,1
1445,10,712,553,68,205,1,1,1
1446,10,712,553,69,206,1,1,1
1447,10,713,554,68,206,1,1,1
1448,10,713,555,67,206,1,1,1
1449,10,713,556,66,206,1,1,1
1450,10,714,556,64,206,1,1,1
1451,10,714,557,63,206,1,1,1
1452,10,716,558,63,205,1,1,1
1453,10,718,558,63,204,1,1,1
1454,10,719,559,63,202,1,1,1
1455,10,721,559,63,201,1,1,1
1456,10,722,559,62,200,1,1,1
1457,10,722,560,64,200,1,1,1
1458,10,722,559,63,200,1,1,1
1459,10,722,559,63,200,1,1,1
1460,10,722,559,63,200,1,1,1
1461,10,721,559,63,200,1,1,1
1462,10,721,559,64,200,1,1,1
1463,10,721,558,63,201,1,1,1
1464,10,721,558,63,202,1,1,1
1465,10,721,558,62,202,1,1,1
1466,10,721,557,61,202,1,1,1
1467,10,721,558,61,202,1,1,1
1468,10,721,558,62,201,1,1,1
1469,10,720,558,63,201,1,1,1
1470,10,720,558,63,201,1,1,1
1471,10,720,557,62,200,1,1,1
1472,10,720,557,62,201,1,1,1
1473,10,719,557,63,201,1,1,1
1474,10,719,556,63,202,1,1,1
1475,10,718,556,63,202,1,1,1
1476,10,717,555,63,202,1,1,1
1477,10,717,554,63,203,1,1,1
1478,10,715,554,64,203,1,1,1
1479,10,714,553,64,203,1,1,1
1480,10,713,552,64,204,1,1,1
1481,10,712,551,63,204,1,1,1
1482,10,711,550,64,205,1,1,1
1483,10,710,549,65,206,1,1,1
1484,10,709,549,65,206,1,1,1
1485,10,707,548,67,207,1,1,1
1486,10,706,546,67,208,1,1,1
1487,10,707,547,66,207,1,1,1
1488,10,707,546,66,207,1,1,1
1489,10,707,546,66,207,1,1,1
1490,10,708,545,65,207,1,1,1
1491,10,708,544,65,206,1,1,1
1492,10,708,544,65,206,1,1,1
1493,10,707,544,66,205,1,1,1
1494,10,707,544,65,205,1,1,1
1495,10,707,543,65,205,1,1,1
1496,10,706,542,65,204,1,1,1
1497,10,705,542,67,205,1,1,1
1498,10,704,541,69,206,1,1,1
1499,10,702,540,72,207,1,1,1
1500,10,701,540,74,207,1,1,1