1,17.00,1028.00,157.00,77.00,279,1,1,1
1,148.00,1180.00,126.00,67.00,221,1,1,1
1,354.00,1880.00,200.00,148.00,323,1,1,1
1,560.00,1860.00,184.00,134.00,297,1,1,1
1,573.00,1681.00,376.00,273.00,608,1,1,1
2,17.00,1026.00,156.00,77.00,279,1,1,1
2,148.00,1178.00,126.00,67.00,220,1,1,1
2,244.00,1896.00,465.00,377.00,731,1,1,1
2,354.00,1880.00,200.00,148.00,323,1,1,1
2,560.00,1860.00,184.00,134.00,297,1,1,1
2,573.00,1683.00,379.00,275.00,611,1,1,1
3,17.00,1026.00,156.00,77.00,279,1,1,1
3,148.00,1191.00,126.00,67.00,220,1,1,1
3,244.00,1533.00,484.00,334.00,770,1,1,1
3,354.00,1884.00,201.00,149.00,323,1,1,1
3,560.00,1859.00,184.00,134.00,296,1,1,1
3,573.00,1676.00,377.00,273.00,609,1,1,1
4,17.00,1026.00,156.00,77.00,279,1,1,1
4,148.00,1191.00,126.00,67.00,220,1,1,1
4,244.00,1202.00,458.00,262.00,744,1,1,1
4,354.00,1884.00,201.00,149.00,323,1,1,1
4,560.00,1859.00,184.00,134.00,296,1,1,1
4,573.00,1676.00,377.00,273.00,609,1,1,1
5,17.00,1026.00,156.00,77.00,279,1,1,1
5,148.00,1189.00,126.00,67.00,220,1,1,1
5,244.00,924.00,469.00,222.00,767,1,1,1
5,354.00,1884.00,201.00,149.00,323,1,1,1
5,560.00,1859.00,184.00,134.00,296,1,1,1
5,573.00,1683.00,379.00,275.00,611,1,1,1
6,17.00,1024.00,156.00,77.00,278,1,1,1
6,148.00,1189.00,126.00,67.00,220,1,1,1
6,244.00,526.00,478.00,232.00,790,1,1,1
6,354.00,1884.00,201.00,149.00,323,1,1,1
6,560.00,1859.00,184.00,134.00,296,1,1,1
6,573.00,1683.00,379.00,275.00,611,1,1,1
7,17.00,1028.00,157.00,77.00,279,1,1,1
7,148.00,1189.00,126.00,67.00,220,1,1,1
7,244.00,182.00,484.00,276.00,808,1,1,1
7,354.00,1884.00,201.00,149.00,323,1,1,1
7,560.00,1859.00,184.00,134.00,296,1,1,1
7,573.00,1655.00,372.00,267.00,602,1,1,1
8,17.00,1028.00,157.00,77.00,279,1,1,1
8,148.00,1191.00,126.00,67.00,220,1,1,1
8,244.00,-222.00,487.00,337.00,824,1,1,1
8,354.00,1884.00,201.00,149.00,323,1,1,1
8,560.00,1867.00,184.00,134.00,298,1,1,1
8,573.00,1589.00,371.00,258.00,603,1,1,1
9,17.00,1028.00,157.00,77.00,279,1,1,1
9,67.00,1762.00,426.00,324.00,679,1,1,1
9,148.00,1191.00,126.00,67.00,220,1,1,1
9,354.00,1884.00,201.00,149.00,323,1,1,1
9,560.00,1870.00,185.00,135.00,298,1,1,1
9,573.00,1517.00,373.00,251.00,609,1,1,1
10,17.00,1026.00,156.00,77.00,279,1,1,1
10,67.00,1621.00,429.00,307.00,688,1,1,1
10,148.00,1191.00,126.00,67.00,220,1,1,1
10,354.00,1884.00,201.00,149.00,323,1,1,1
10,560.00,1870.00,185.00,135.00,298,1,1,1
10,573.00,1445.00,368.00,237.00,603,1,1,1
11,17.00,1026.00,156.00,77.00,279,1,1,1
11,65.00,1904.00,238.00,181.00,385,1,1,1
11,67.00,1385.00,437.00,277.00,706,1,1,1
11,148.00,1189.00,126.00,67.00,220,1,1,1
11,354.00,1888.00,201.00,150.00,325,1,1,1
11,560.00,1870.00,185.00,135.00,298,1,1,1
11,573.00,1228.00,374.00,215.00,618,1,1,1
12,17.00,1028.00,157.00,77.00,279,1,1,1
12,65.00,1880.00,235.00,176.00,380,1,1,1
12,67.00,1149.00,446.00,247.00,727,1,1,1
12,148.00,1174.00,127.00,67.00,224,1,1,1
12,354.00,1894.00,201.00,149.00,323,1,1,1
12,560.00,1870.00,185.00,135.00,298,1,1,1
12,573.00,1121.00,389.00,210.00,646,1,1,1
13,17.00,1007.00,157.00,76.00,280,1,1,1
13,64.00,1882.00,222.00,166.00,360,1,1,1
13,65.00,1839.00,228.00,169.00,370,1,1,1
13,67.00,917.00,453.00,214.00,745,1,1,1
13,148.00,1172.00,127.00,67.00,223,1,1,1
13,354.00,1894.00,201.00,149.00,323,1,1,1
13,560.00,1870.00,185.00,135.00,298,1,1,1
13,573.00,958.00,405.00,195.00,672,1,1,1
14,17.00,1001.00,156.00,75.00,279,1,1,1
14,64.00,1834.00,211.00,154.00,342,1,1,1
14,65.00,1777.00,217.00,156.00,354,1,1,1
14,67.00,640.00,478.00,219.00,787,1,1,1
14,148.00,1172.00,127.00,67.00,223,1,1,1
14,354.00,1899.00,200.00,149.00,323,1,1,1
14,560.00,1870.00,185.00,135.00,298,1,1,1
14,573.00,717.00,408.00,184.00,685,1,1,1
15,17.00,999.00,156.00,75.00,278,1,1,1
15,64.00,1775.00,198.00,141.00,324,1,1,1
15,65.00,1712.00,200.00,139.00,329,1,1,1
15,67.00,333.00,507.00,269.00,837,1,1,1
15,148.00,1172.00,127.00,67.00,223,1,1,1
15,354.00,1903.00,201.00,150.00,323,1,1,1
15,560.00,1859.00,184.00,134.00,296,1,1,1
15,573.00,349.00,403.00,217.00,688,1,1,1
16,17.00,1001.00,156.00,75.00,279,1,1,1
16,64.00,1774.00,189.00,134.00,307,1,1,1
16,65.00,1661.00,188.00,128.00,311,1,1,1
16,67.00,51.00,498.00,299.00,832,1,1,1
16,68.00,1888.00,224.00,168.00,362,1,1,1
16,148.00,1172.00,127.00,67.00,223,1,1,1
16,354.00,1903.00,201.00,150.00,323,1,1,1
16,560.00,1859.00,184.00,134.00,296,1,1,1
16,573.00,83.00,416.00,251.00,713,1,1,1
17,17.00,1001.00,156.00,75.00,279,1,1,1
17,64.00,1743.00,178.00,124.00,292,1,1,1
17,65.00,1600.00,176.00,116.00,293,1,1,1
17,68.00,1794.00,215.00,155.00,350,1,1,1
17,148.00,1172.00,127.00,67.00,223,1,1,1
17,354.00,1909.00,200.00,150.00,321,1,1,1
17,560.00,1859.00,184.00,134.00,296,1,1,1
17,573.00,-242.00,420.00,298.00,728,1,1,1
18,17.00,1003.00,157.00,76.00,278,1,1,1
18,64.00,1761.00,174.00,121.00,283,1,1,1
18,65.00,1628.00,170.00,113.00,281,1,1,1
18,68.00,1707.00,207.00,144.00,340,1,1,1
18,148.00,1167.00,126.00,67.00,223,1,1,1
18,354.00,1899.00,199.00,148.00,320,1,1,1
18,560.00,1859.00,184.00,134.00,296,1,1,1
19,17.00,1001.00,156.00,75.00,279,1,1,1
19,64.00,1758.00,167.00,116.00,271,1,1,1
19,65.00,1639.00,163.00,108.00,268,1,1,1
19,68.00,1629.00,197.00,133.00,326,1,1,1
19,148.00,1167.00,126.00,67.00,223,1,1,1
19,354.00,1899.00,199.00,148.00,320,1,1,1
19,560.00,1867.00,184.00,134.00,298,1,1,1
20,17.00,1001.00,156.00,75.00,279,1,1,1
20,64.00,1799.00,160.00,112.00,259,1,1,1
20,65.00,1694.00,158.00,106.00,259,1,1,1
20,68.00,1546.00,189.00,122.00,316,1,1,1
20,148.00,1169.00,127.00,67.00,222,1,1,1
20,354.00,1885.00,200.00,149.00,322,1,1,1
20,560.00,1867.00,184.00,134.00,298,1,1,1
21,17.00,1001.00,156.00,75.00,279,1,1,1
21,64.00,1818.00,156.00,110.00,252,1,1,1
21,65.00,1728.00,153.00,104.00,248,1,1,1
21,68.00,1489.00,182.00,114.00,305,1,1,1
21,148.00,1169.00,127.00,67.00,222,1,1,1
21,354.00,1881.00,199.00,148.00,322,1,1,1
21,560.00,1867.00,184.00,134.00,298,1,1,1
22,17.00,1001.00,156.00,75.00,279,1,1,1
22,64.00,1855.00,152.00,109.00,244,1,1,1
22,65.00,1776.00,148.00,102.00,238,1,1,1
22,68.00,1404.00,174.00,105.00,295,1,1,1
22,148.00,1169.00,127.00,67.00,222,1,1,1
22,354.00,1881.00,199.00,148.00,322,1,1,1
22,560.00,1867.00,184.00,134.00,298,1,1,1
23,17.00,1001.00,156.00,75.00,279,1,1,1
23,64.00,1864.00,151.00,108.00,240,1,1,1
23,65.00,1800.00,144.00,100.00,231,1,1,1
23,68.00,1341.00,167.00,97.00,285,1,1,1
23,148.00,1172.00,127.00,67.00,223,1,1,1
23,354.00,1881.00,199.00,148.00,322,1,1,1
23,560.00,1867.00,184.00,134.00,298,1,1,1
24,17.00,1001.00,156.00,75.00,279,1,1,1
24,65.00,1819.00,141.00,98.00,225,1,1,1
24,68.00,1267.00,161.00,91.00,278,1,1,1
24,148.00,1174.00,127.00,67.00,224,1,1,1
24,354.00,1881.00,199.00,148.00,322,1,1,1
24,560.00,1867.00,184.00,134.00,298,1,1,1
25,17.00,1001.00,156.00,75.00,279,1,1,1
25,65.00,1873.00,138.00,97.00,219,1,1,1
25,68.00,1186.00,156.00,84.00,272,1,1,1
25,148.00,1174.00,127.00,67.00,224,1,1,1
25,354.00,1881.00,199.00,148.00,322,1,1,1
25,560.00,1863.00,184.00,134.00,297,1,1,1
26,17.00,1001.00,156.00,75.00,279,1,1,1
26,68.00,1129.00,150.00,78.00,264,1,1,1
26,148.00,1174.00,127.00,67.00,224,1,1,1
26,354.00,1881.00,199.00,148.00,322,1,1,1
26,560.00,1859.00,184.00,134.00,296,1,1,1
27,17.00,1001.00,156.00,75.00,279,1,1,1
27,68.00,1093.00,146.00,75.00,258,1,1,1
27,148.00,1174.00,127.00,67.00,224,1,1,1
27,354.00,1885.00,200.00,149.00,322,1,1,1
27,560.00,1863.00,184.00,134.00,297,1,1,1
28,17.00,1001.00,156.00,75.00,279,1,1,1
28,68.00,1048.00,142.00,70.00,254,1,1,1
28,148.00,1189.00,127.00,67.00,222,1,1,1
28,354.00,1881.00,199.00,148.00,322,1,1,1
28,560.00,1859.00,184.00,134.00,296,1,1,1
29,17.00,1006.00,156.00,76.00,279,1,1,1
29,68.00,1003.00,140.00,68.00,251,1,1,1
29,148.00,1189.00,127.00,67.00,222,1,1,1
29,354.00,1877.00,199.00,147.00,321,1,1,1
29,560.00,1863.00,184.00,134.00,297,1,1,1
30,17.00,1006.00,156.00,76.00,279,1,1,1
30,68.00,948.00,138.00,65.00,250,1,1,1
30,148.00,1195.00,126.00,68.00,220,1,1,1
30,354.00,1877.00,199.00,147.00,321,1,1,1
30,560.00,1863.00,184.00,134.00,297,1,1,1
31,17.00,1006.00,156.00,76.00,279,1,1,1
31,68.00,910.00,136.00,62.00,249,1,1,1
31,148.00,1195.00,126.00,68.00,220,1,1,1
31,354.00,1877.00,199.00,147.00,321,1,1,1
31,560.00,1863.00,184.00,134.00,297,1,1,1
32,17.00,1006.00,156.00,76.00,279,1,1,1
32,68.00,874.00,135.00,60.00,247,1,1,1
32,148.00,1195.00,126.00,68.00,220,1,1,1
32,354.00,1877.00,199.00,147.00,321,1,1,1
32,560.00,1867.00,184.00,134.00,298,1,1,1
33,17.00,1006.00,156.00,76.00,279,1,1,1
33,68.00,858.00,134.00,60.00,245,1,1,1
33,148.00,1195.00,126.00,68.00,220,1,1,1
33,354.00,1887.00,199.00,147.00,321,1,1,1
33,560.00,1867.00,184.00,134.00,298,1,1,1
34,17.00,1006.00,156.00,76.00,279,1,1,1
34,68.00,849.00,132.00,59.00,243,1,1,1
34,148.00,1195.00,126.00,68.00,220,1,1,1
34,354.00,1887.00,199.00,147.00,321,1,1,1
34,560.00,1867.00,184.00,134.00,298,1,1,1
35,17.00,1006.00,156.00,76.00,279,1,1,1
35,68.00,848.00,132.00,59.00,243,1,1,1
35,148.00,1195.00,126.00,68.00,220,1,1,1
35,354.00,1887.00,199.00,147.00,321,1,1,1
35,560.00,1863.00,184.00,134.00,297,1,1,1
36,17.00,1006.00,156.00,76.00,279,1,1,1
36,148.00,1193.00,126.00,68.00,220,1,1,1
36,354.00,1883.00,199.00,147.00,320,1,1,1
36,560.00,1859.00,184.00,134.00,296,1,1,1
37,17.00,1006.00,156.00,76.00,279,1,1,1
37,148.00,1193.00,126.00,68.00,220,1,1,1
37,354.00,1856.00,200.00,147.00,325,1,1,1
37,560.00,1859.00,184.00,134.00,296,1,1,1
38,17.00,1006.00,156.00,76.00,279,1,1,1
38,148.00,1193.00,126.00,68.00,220,1,1,1
38,354.00,1818.00,202.00,146.00,327,1,1,1
38,560.00,1863.00,184.00,134.00,297,1,1,1
39,17.00,1006.00,156.00,76.00,279,1,1,1
39,76.00,1860.00,147.00,105.00,234,1,1,1
39,148.00,1193.00,126.00,68.00,220,1,1,1
39,354.00,1818.00,202.00,146.00,327,1,1,1
39,560.00,1859.00,184.00,134.00,296,1,1,1
40,17.00,1004.00,156.00,76.00,278,1,1,1
40,76.00,1757.00,142.00,97.00,229,1,1,1
40,148.00,1195.00,126.00,68.00,220,1,1,1
40,354.00,1843.00,202.00,148.00,327,1,1,1
40,560.00,1870.00,185.00,135.00,298,1,1,1
41,17.00,1006.00,156.00,76.00,279,1,1,1
41,76.00,1654.00,136.00,89.00,223,1,1,1
41,148.00,1195.00,126.00,68.00,220,1,1,1
41,354.00,1878.00,204.00,150.00,328,1,1,1
41,560.00,1870.00,185.00,135.00,298,1,1,1
42,17.00,1006.00,156.00,76.00,279,1,1,1
42,76.00,1573.00,132.00,84.00,219,1,1,1
42,148.00,1195.00,126.00,68.00,220,1,1,1
42,354.00,1878.00,204.00,150.00,328,1,1,1
42,560.00,1870.00,185.00,135.00,298,1,1,1
43,17.00,1006.00,156.00,76.00,279,1,1,1
43,76.00,1462.00,128.00,77.00,215,1,1,1
43,148.00,1195.00,126.00,68.00,220,1,1,1
43,354.00,1890.00,198.00,147.00,319,1,1,1
43,560.00,1870.00,185.00,135.00,298,1,1,1
44,17.00,1006.00,156.00,76.00,279,1,1,1
44,76.00,1399.00,124.00,74.00,211,1,1,1
44,148.00,1195.00,126.00,68.00,220,1,1,1
44,354.00,1886.00,198.00,147.00,318,1,1,1
44,560.00,1870.00,185.00,135.00,298,1,1,1
45,17.00,1004.00,156.00,76.00,278,1,1,1
45,76.00,1318.00,121.00,69.00,209,1,1,1
45,148.00,1195.00,126.00,68.00,220,1,1,1
45,354.00,1900.00,200.00,149.00,321,1,1,1
45,560.00,1867.00,184.00,134.00,298,1,1,1
46,17.00,1004.00,156.00,76.00,278,1,1,1
46,148.00,1214.00,127.00,68.00,221,1,1,1
46,354.00,1900.00,200.00,149.00,321,1,1,1
46,560.00,1863.00,184.00,134.00,297,1,1,1
47,17.00,1001.00,155.00,74.00,278,1,1,1
47,148.00,1214.00,127.00,68.00,221,1,1,1
47,354.00,1900.00,200.00,149.00,321,1,1,1
47,560.00,1859.00,184.00,134.00,296,1,1,1
48,17.00,1006.00,156.00,76.00,279,1,1,1
48,148.00,1192.00,126.00,68.00,222,1,1,1
48,354.00,1900.00,200.00,149.00,321,1,1,1
48,560.00,1867.00,184.00,134.00,298,1,1,1
49,17.00,1006.00,156.00,76.00,279,1,1,1
49,148.00,1194.00,126.00,68.00,222,1,1,1
49,354.00,1900.00,200.00,149.00,321,1,1,1
49,560.00,1867.00,184.00,134.00,298,1,1,1
50,17.00,1006.00,156.00,76.00,279,1,1,1
50,148.00,1148.00,127.00,67.00,225,1,1,1
50,354.00,1900.00,200.00,149.00,321,1,1,1
50,560.00,1867.00,184.00,134.00,298,1,1,1
51,17.00,1006.00,156.00,76.00,279,1,1,1
51,148.00,1102.00,126.00,64.00,223,1,1,1
51,354.00,1900.00,200.00,149.00,321,1,1,1
51,560.00,1867.00,184.00,134.00,298,1,1,1
52,17.00,1006.00,156.00,76.00,279,1,1,1
52,354.00,1900.00,200.00,149.00,321,1,1,1
52,560.00,1867.00,184.00,134.00,298,1,1,1
53,17.00,1006.00,156.00,76.00,279,1,1,1
53,354.00,1900.00,200.00,149.00,321,1,1,1
53,560.00,1867.00,184.00,134.00,298,1,1,1
54,17.00,1008.00,157.00,76.00,279,1,1,1
54,354.00,1873.00,201.00,149.00,326,1,1,1
54,560.00,1867.00,184.00,134.00,298,1,1,1
55,17.00,984.00,157.00,74.00,281,1,1,1
55,354.00,1846.00,203.00,149.00,330,1,1,1
55,560.00,1864.00,183.00,134.00,296,1,1,1
56,17.00,946.00,157.00,73.00,281,1,1,1
56,354.00,1829.00,205.00,149.00,332,1,1,1
56,560.00,1864.00,183.00,134.00,296,1,1,1
57,17.00,917.00,154.00,70.00,276,1,1,1
57,354.00,1793.00,202.00,145.00,328,1,1,1
57,560.00,1864.00,183.00,134.00,296,1,1,1
58,17.00,872.00,151.00,68.00,273,1,1,1
58,354.00,1774.00,200.00,143.00,326,1,1,1
58,560.00,1864.00,183.00,134.00,296,1,1,1
59,17.00,838.00,148.00,66.00,270,1,1,1
59,354.00,1817.00,199.00,144.00,324,1,1,1
59,560.00,1864.00,183.00,134.00,296,1,1,1
60,17.00,798.00,145.00,66.00,266,1,1,1
60,354.00,1825.00,200.00,145.00,325,1,1,1
60,560.00,1864.00,183.00,134.00,296,1,1,1
61,17.00,765.00,142.00,66.00,263,1,1,1
61,354.00,1825.00,200.00,145.00,325,1,1,1
61,560.00,1871.00,184.00,135.00,297,1,1,1
62,17.00,702.00,140.00,67.00,260,1,1,1
62,354.00,1825.00,200.00,145.00,325,1,1,1
62,560.00,1871.00,184.00,135.00,297,1,1,1
63,17.00,702.00,138.00,66.00,258,1,1,1
63,354.00,1830.00,200.00,146.00,324,1,1,1
63,560.00,1871.00,184.00,135.00,297,1,1,1
64,354.00,1834.00,202.00,147.00,327,1,1,1
64,560.00,1871.00,184.00,135.00,297,1,1,1
65,354.00,1834.00,202.00,147.00,327,1,1,1
65,560.00,1871.00,184.00,135.00,297,1,1,1
66,354.00,1834.00,202.00,147.00,327,1,1,1
66,560.00,1871.00,184.00,135.00,297,1,1,1
67,354.00,1803.00,204.00,147.00,332,1,1,1
67,560.00,1871.00,184.00,135.00,297,1,1,1
68,354.00,1793.00,202.00,145.00,328,1,1,1
68,560.00,1871.00,184.00,135.00,297,1,1,1
69,354.00,1793.00,202.00,145.00,328,1,1,1
69,560.00,1871.00,184.00,135.00,297,1,1,1
70,354.00,1793.00,202.00,145.00,328,1,1,1
70,560.00,1871.00,184.00,135.00,297,1,1,1
71,354.00,1793.00,202.00,145.00,328,1,1,1
71,560.00,1868.00,184.00,134.00,296,1,1,1
72,354.00,1793.00,202.00,145.00,328,1,1,1
72,560.00,1868.00,184.00,134.00,296,1,1,1
73,354.00,1785.00,201.00,144.00,327,1,1,1
73,560.00,1864.00,183.00,134.00,296,1,1,1
74,354.00,1785.00,201.00,144.00,327,1,1,1
74,560.00,1849.00,182.00,132.00,293,1,1,1
75,354.00,1785.00,201.00,144.00,327,1,1,1
75,560.00,1849.00,182.00,132.00,293,1,1,1
76,354.00,1778.00,200.00,143.00,327,1,1,1
76,560.00,1849.00,182.00,132.00,293,1,1,1
77,82.00,1812.00,290.00,217.00,469,1,1,1
77,354.00,1782.00,201.00,144.00,327,1,1,1
77,560.00,1839.00,180.00,130.00,292,1,1,1
78,82.00,1708.00,291.00,209.00,476,1,1,1
78,354.00,1839.00,202.00,148.00,326,1,1,1
78,560.00,1833.00,180.00,129.00,292,1,1,1
78,618.00,1793.00,382.00,291.00,612,1,1,1
79,82.00,1588.00,296.00,202.00,487,1,1,1
79,83.00,1770.00,335.00,249.00,541,1,1,1
79,354.00,1857.00,201.00,148.00,325,1,1,1
79,560.00,1840.00,181.00,130.00,293,1,1,1
79,618.00,1617.00,383.00,271.00,620,1,1,1
80,82.00,1467.00,295.00,190.00,491,1,1,1
80,83.00,1618.00,341.00,238.00,557,1,1,1
80,354.00,1841.00,199.00,145.00,323,1,1,1
80,560.00,1873.00,183.00,134.00,296,1,1,1
80,618.00,1469.00,388.00,255.00,632,1,1,1
81,82.00,1335.00,295.00,177.00,493,1,1,1
81,83.00,1457.00,338.00,218.00,556,1,1,1
81,354.00,1865.00,198.00,146.00,318,1,1,1
81,560.00,1874.00,184.00,134.00,296,1,1,1
81,618.00,1285.00,386.00,230.00,636,1,1,1
82,82.00,1203.00,292.00,162.00,494,1,1,1
82,83.00,1305.00,341.00,203.00,566,1,1,1
82,354.00,1865.00,198.00,146.00,318,1,1,1
82,560.00,1874.00,184.00,134.00,296,1,1,1
82,618.00,1082.00,382.00,200.00,635,1,1,1
83,82.00,1070.00,298.00,152.00,507,1,1,1
83,83.00,1146.00,339.00,184.00,567,1,1,1
83,354.00,1865.00,198.00,146.00,318,1,1,1
83,560.00,1874.00,184.00,134.00,296,1,1,1
83,618.00,918.00,378.00,176.00,634,1,1,1
84,82.00,903.00,301.00,137.00,516,1,1,1
84,83.00,1002.00,342.00,169.00,578,1,1,1
84,84.00,1897.00,126.00,88.00,196,1,1,1
84,354.00,1865.00,198.00,146.00,318,1,1,1
84,560.00,1870.00,183.00,134.00,296,1,1,1
84,618.00,729.00,379.00,169.00,642,1,1,1
85,82.00,800.00,303.00,136.00,523,1,1,1
85,83.00,854.00,344.00,155.00,584,1,1,1
85,84.00,1841.00,125.00,87.00,198,1,1,1
85,354.00,1865.00,198.00,146.00,318,1,1,1
85,560.00,1870.00,183.00,134.00,296,1,1,1
85,618.00,462.00,372.00,191.00,639,1,1,1
86,82.00,657.00,305.00,143.00,531,1,1,1
86,83.00,702.00,351.00,160.00,601,1,1,1
86,84.00,1802.00,126.00,85.00,199,1,1,1
86,354.00,1865.00,198.00,146.00,318,1,1,1
86,560.00,1870.00,183.00,134.00,296,1,1,1
86,618.00,273.00,386.00,216.00,665,1,1,1
87,82.00,533.00,306.00,154.00,535,1,1,1
87,83.00,552.00,366.00,180.00,628,1,1,1
87,84.00,1749.00,125.00,84.00,202,1,1,1
87,354.00,1865.00,198.00,146.00,318,1,1,1
87,560.00,1870.00,183.00,134.00,296,1,1,1
87,618.00,40.00,400.00,247.00,691,1,1,1
88,82.00,401.00,308.00,165.00,542,1,1,1
88,83.00,259.00,370.00,209.00,640,1,1,1
88,84.00,1706.00,127.00,84.00,205,1,1,1
88,354.00,1865.00,198.00,146.00,318,1,1,1
88,560.00,1870.00,183.00,134.00,296,1,1,1
88,618.00,-171.00,423.00,288.00,732,1,1,1
89,82.00,200.00,313.00,185.00,556,1,1,1
89,83.00,23.00,379.00,237.00,661,1,1,1
89,84.00,1642.00,129.00,84.00,211,1,1,1
89,354.00,1865.00,198.00,146.00,318,1,1,1
89,560.00,1870.00,183.00,134.00,296,1,1,1
90,82.00,8.00,318.00,204.00,571,1,1,1
90,83.00,-190.00,393.00,273.00,688,1,1,1
90,84.00,1595.00,131.00,84.00,215,1,1,1
90,354.00,1865.00,198.00,146.00,318,1,1,1
90,560.00,1870.00,183.00,134.00,296,1,1,1
91,82.00,-189.00,321.00,228.00,579,1,1,1
91,84.00,1533.00,132.00,83.00,220,1,1,1
91,354.00,1861.00,197.00,145.00,318,1,1,1
91,560.00,1870.00,183.00,134.00,296,1,1,1
92,84.00,1457.00,134.00,82.00,226,1,1,1
92,354.00,1861.00,197.00,145.00,318,1,1,1
92,560.00,1870.00,183.00,134.00,296,1,1,1
93,84.00,1385.00,136.00,79.00,230,1,1,1
93,354.00,1861.00,197.00,145.00,318,1,1,1
93,560.00,1870.00,183.00,134.00,296,1,1,1
94,84.00,1300.00,137.00,77.00,235,1,1,1
94,354.00,1877.00,200.00,149.00,324,1,1,1
94,560.00,1875.00,186.00,136.00,299,1,1,1
94,1017.00,869.00,130.00,58.00,238,1,1,1
95,84.00,1234.00,140.00,77.00,244,1,1,1
95,354.00,1877.00,200.00,149.00,324,1,1,1
95,560.00,1870.00,185.00,135.00,298,1,1,1
95,1017.00,868.00,130.00,58.00,239,1,1,1
96,84.00,1171.00,142.00,76.00,248,1,1,1
96,354.00,1868.00,200.00,148.00,324,1,1,1
96,560.00,1870.00,185.00,135.00,298,1,1,1
96,1017.00,866.00,130.00,59.00,240,1,1,1
97,84.00,1144.00,143.00,75.00,252,1,1,1
97,354.00,1868.00,200.00,148.00,324,1,1,1
97,560.00,1870.00,185.00,135.00,298,1,1,1
97,1017.00,866.00,130.00,59.00,240,1,1,1
98,84.00,1152.00,145.00,76.00,253,1,1,1
98,354.00,1876.00,201.00,149.00,325,1,1,1
98,560.00,1875.00,184.00,135.00,298,1,1,1
98,1017.00,866.00,130.00,59.00,240,1,1,1
99,84.00,1164.00,146.00,78.00,256,1,1,1
99,354.00,1876.00,201.00,149.00,325,1,1,1
99,560.00,1868.00,184.00,134.00,296,1,1,1
99,1017.00,866.00,130.00,59.00,240,1,1,1
100,84.00,1190.00,145.00,78.00,253,1,1,1
100,354.00,1873.00,200.00,148.00,323,1,1,1
100,560.00,1871.00,184.00,135.00,297,1,1,1
100,1017.00,866.00,130.00,59.00,240,1,1,1
101,84.00,1204.00,143.00,77.00,250,1,1,1
101,354.00,1861.00,199.00,146.00,320,1,1,1
101,560.00,1871.00,184.00,135.00,297,1,1,1
101,1017.00,866.00,131.00,59.00,240,1,1,1
101,1020.00,1822.00,380.00,293.00,609,1,1,1
102,84.00,1223.00,141.00,77.00,245,1,1,1
102,354.00,1861.00,199.00,146.00,320,1,1,1
102,560.00,1868.00,184.00,134.00,296,1,1,1
102,1017.00,866.00,131.00,59.00,240,1,1,1
102,1020.00,1590.00,373.00,259.00,607,1,1,1
103,84.00,1228.00,139.00,77.00,242,1,1,1
103,354.00,1861.00,199.00,146.00,320,1,1,1
103,560.00,1868.00,184.00,134.00,296,1,1,1
103,1017.00,866.00,131.00,59.00,240,1,1,1
103,1020.00,1338.00,379.00,232.00,624,1,1,1
104,84.00,1235.00,140.00,77.00,242,1,1,1
104,354.00,1861.00,197.00,145.00,318,1,1,1
104,560.00,1880.00,185.00,136.00,299,1,1,1
104,1020.00,1104.00,373.00,197.00,620,1,1,1
105,84.00,1219.00,140.00,77.00,244,1,1,1
105,354.00,1859.00,197.00,144.00,319,1,1,1
105,560.00,1880.00,184.00,135.00,297,1,1,1
105,1020.00,809.00,376.00,169.00,634,1,1,1
106,84.00,1229.00,139.00,76.00,241,1,1,1
106,354.00,1853.00,198.00,145.00,319,1,1,1
106,560.00,1870.00,182.00,133.00,294,1,1,1
106,1020.00,540.00,379.00,187.00,648,1,1,1
107,84.00,1250.00,138.00,76.00,240,1,1,1
107,354.00,1875.00,201.00,148.00,324,1,1,1
107,560.00,1879.00,185.00,136.00,298,1,1,1
107,1020.00,205.00,390.00,225.00,672,1,1,1
108,84.00,1298.00,136.00,77.00,235,1,1,1
108,354.00,1908.00,206.00,155.00,332,1,1,1
108,560.00,1881.00,183.00,135.00,296,1,1,1
108,1020.00,-126.00,409.00,272.00,709,1,1,1
109,84.00,1340.00,134.00,77.00,228,1,1,1
109,354.00,1905.00,206.00,155.00,333,1,1,1
109,560.00,1890.00,185.00,136.00,297,1,1,1
110,84.00,1396.00,132.00,78.00,224,1,1,1
110,354.00,1905.00,206.00,155.00,333,1,1,1
110,560.00,1870.00,183.00,134.00,296,1,1,1
111,84.00,1455.00,130.00,79.00,219,1,1,1
111,354.00,1855.00,200.00,146.00,323,1,1,1
111,560.00,1880.00,184.00,135.00,297,1,1,1
112,84.00,1506.00,128.00,79.00,215,1,1,1
112,354.00,1827.00,196.00,142.00,319,1,1,1
112,560.00,1863.00,184.00,134.00,297,1,1,1
113,84.00,1570.00,126.00,80.00,208,1,1,1
113,354.00,1844.00,197.00,144.00,320,1,1,1
113,560.00,1884.00,186.00,137.00,299,1,1,1
114,84.00,1617.00,124.00,80.00,203,1,1,1
114,354.00,1872.00,198.00,146.00,319,1,1,1
114,560.00,1871.00,184.00,135.00,297,1,1,1
114,1121.00,1825.00,117.00,80.00,185,1,1,1
114,1169.00,1882.00,123.00,86.00,193,1,1,1
115,84.00,1663.00,122.00,79.00,199,1,1,1
115,354.00,1881.00,199.00,148.00,322,1,1,1
115,560.00,1873.00,185.00,135.00,297,1,1,1
115,1107.00,462.00,144.00,80.00,274,1,1,1
115,1121.00,1804.00,118.00,80.00,188,1,1,1
115,1169.00,1859.00,125.00,87.00,197,1,1,1
116,84.00,1677.00,119.00,78.00,192,1,1,1
116,354.00,1898.00,201.00,150.00,325,1,1,1
116,1107.00,461.00,145.00,81.00,276,1,1,1
116,1121.00,1777.00,121.00,81.00,193,1,1,1
116,1169.00,1828.00,128.00,87.00,202,1,1,1
117,84.00,1697.00,115.00,75.00,186,1,1,1
117,92.00,1910.00,154.00,112.00,245,1,1,1
117,354.00,1877.00,200.00,149.00,324,1,1,1
117,560.00,1895.00,185.00,136.00,296,1,1,1
117,1107.00,473.00,146.00,80.00,278,1,1,1
117,1121.00,1754.00,124.00,83.00,198,1,1,1
117,1169.00,1796.00,129.00,88.00,206,1,1,1
118,84.00,1704.00,114.00,74.00,182,1,1,1
118,92.00,1829.00,154.00,109.00,247,1,1,1
118,95.00,1832.00,145.00,103.00,233,1,1,1
118,354.00,1891.00,200.00,148.00,321,1,1,1
118,560.00,1870.00,183.00,134.00,296,1,1,1
118,593.00,1854.00,233.00,174.00,377,1,1,1
118,1107.00,526.00,147.00,79.00,279,1,1,1
118,1121.00,1717.00,125.00,83.00,202,1,1,1
118,1169.00,1763.00,130.00,88.00,209,1,1,1
119,92.00,1746.00,154.00,106.00,251,1,1,1
119,95.00,1731.00,144.00,98.00,235,1,1,1
119,354.00,1891.00,200.00,148.00,321,1,1,1
119,560.00,1875.00,184.00,135.00,298,1,1,1
119,593.00,1760.00,225.00,161.00,366,1,1,1
119,1107.00,519.00,148.00,80.00,280,1,1,1
119,1121.00,1678.00,126.00,83.00,204,1,1,1
119,1169.00,1715.00,132.00,88.00,213,1,1,1
120,92.00,1673.00,155.00,104.00,255,1,1,1
120,95.00,1649.00,145.00,95.00,237,1,1,1
120,354.00,1881.00,199.00,148.00,322,1,1,1
120,560.00,1868.00,184.00,134.00,296,1,1,1
120,593.00,1679.00,212.00,147.00,349,1,1,1
120,1019.00,1911.00,222.00,169.00,358,1,1,1
120,1107.00,541.00,149.00,79.00,282,1,1,1
120,1121.00,1625.00,127.00,81.00,207,1,1,1
120,1169.00,1672.00,133.00,88.00,216,1,1,1
120,1201.00,860.00,131.00,59.00,239,1,1,1
121,92.00,1576.00,156.00,101.00,259,1,1,1
121,95.00,1555.00,146.00,92.00,242,1,1,1
121,354.00,1892.00,200.00,149.00,323,1,1,1
121,560.00,1880.00,184.00,135.00,297,1,1,1
121,593.00,1627.00,206.00,139.00,341,1,1,1
121,1019.00,1845.00,213.00,157.00,347,1,1,1
121,1107.00,526.00,149.00,79.00,280,1,1,1
121,1121.00,1572.00,128.00,81.00,211,1,1,1
121,1169.00,1614.00,135.00,87.00,221,1,1,1
121,1174.00,1808.00,425.00,330.00,676,1,1,1
121,1175.00,1848.00,370.00,288.00,594,1,1,1
122,92.00,1488.00,156.00,97.00,262,1,1,1
122,95.00,1491.00,147.00,91.00,246,1,1,1
122,354.00,1881.00,199.00,148.00,322,1,1,1
122,560.00,1884.00,185.00,135.00,297,1,1,1
122,593.00,1563.00,198.00,130.00,330,1,1,1
122,1019.00,1797.00,208.00,151.00,340,1,1,1
122,1107.00,549.00,149.00,78.00,281,1,1,1
122,1121.00,1525.00,128.00,79.00,213,1,1,1
122,1169.00,1561.00,135.00,86.00,225,1,1,1
122,1174.00,1686.00,436.00,321.00,696,1,1,1
122,1175.00,1633.00,375.00,266.00,608,1,1,1
123,92.00,1398.00,158.00,95.00,267,1,1,1
123,95.00,1390.00,148.00,88.00,251,1,1,1
123,354.00,1882.00,197.00,146.00,318,1,1,1
123,560.00,1878.00,184.00,135.00,297,1,1,1
123,593.00,1506.00,190.00,121.00,319,1,1,1
123,1019.00,1734.00,203.00,142.00,332,1,1,1
123,1107.00,537.00,149.00,79.00,282,1,1,1
123,1121.00,1483.00,130.00,80.00,218,1,1,1
123,1169.00,1517.00,136.00,85.00,227,1,1,1
123,1174.00,1521.00,450.00,307.00,721,1,1,1
123,1175.00,1488.00,385.00,255.00,627,1,1,1
124,92.00,1297.00,157.00,89.00,270,1,1,1
124,95.00,1311.00,148.00,85.00,255,1,1,1
124,354.00,1885.00,200.00,149.00,322,1,1,1
124,560.00,1874.00,184.00,134.00,296,1,1,1
124,593.00,1459.00,181.00,112.00,306,1,1,1
124,1019.00,1694.00,194.00,134.00,318,1,1,1
124,1039.00,1822.00,495.00,393.00,776,1,1,1
124,1107.00,546.00,148.00,79.00,280,1,1,1
124,1121.00,1438.00,130.00,78.00,220,1,1,1
124,1169.00,1459.00,137.00,84.00,232,1,1,1
124,1174.00,1297.00,465.00,283.00,750,1,1,1
124,1175.00,1360.00,392.00,244.00,641,1,1,1
125,92.00,1213.00,158.00,86.00,275,1,1,1
125,95.00,1210.00,148.00,81.00,258,1,1,1
125,354.00,1885.00,200.00,149.00,322,1,1,1
125,560.00,1874.00,184.00,134.00,296,1,1,1
125,593.00,1424.00,172.00,105.00,292,1,1,1
125,1019.00,1664.00,188.00,128.00,311,1,1,1
125,1039.00,1589.00,434.00,305.00,698,1,1,1
125,1107.00,546.00,148.00,79.00,280,1,1,1
125,1121.00,1383.00,131.00,77.00,223,1,1,1
125,1169.00,1397.00,138.00,82.00,234,1,1,1
125,1174.00,1070.00,472.00,249.00,766,1,1,1
125,1175.00,1154.00,398.00,219.00,657,1,1,1
126,92.00,1105.00,161.00,82.00,283,1,1,1
126,95.00,1124.00,149.00,77.00,262,1,1,1
126,354.00,1885.00,200.00,149.00,322,1,1,1
126,560.00,1870.00,183.00,134.00,296,1,1,1
126,593.00,1386.00,167.00,100.00,284,1,1,1
126,1019.00,1625.00,182.00,121.00,301,1,1,1
126,1039.00,1266.00,534.00,323.00,849,1,1,1
126,1048.00,1593.00,698.00,518.00,1056,1,1,1
126,1107.00,546.00,148.00,79.00,280,1,1,1
126,1121.00,1339.00,132.00,76.00,227,1,1,1
126,1169.00,1343.00,138.00,80.00,238,1,1,1
126,1174.00,853.00,472.00,216.00,774,1,1,1
126,1175.00,937.00,399.00,189.00,666,1,1,1
127,92.00,1016.00,164.00,79.00,290,1,1,1
127,95.00,1008.00,151.00,73.00,269,1,1,1
127,354.00,1885.00,200.00,149.00,322,1,1,1
127,560.00,1886.00,186.00,137.00,298,1,1,1
127,593.00,1345.00,162.00,94.00,276,1,1,1
127,1019.00,1588.00,179.00,117.00,297,1,1,1
127,1107.00,546.00,148.00,79.00,280,1,1,1
127,1121.00,1287.00,134.00,75.00,230,1,1,1
127,1169.00,1296.00,140.00,79.00,241,1,1,1
127,1174.00,574.00,492.00,233.00,810,1,1,1
127,1175.00,782.00,417.00,189.00,696,1,1,1
128,92.00,904.00,164.00,74.00,296,1,1,1
128,95.00,897.00,153.00,69.00,278,1,1,1
128,354.00,1885.00,200.00,149.00,322,1,1,1
128,560.00,1889.00,186.00,136.00,298,1,1,1
128,593.00,1329.00,157.00,91.00,269,1,1,1
128,1019.00,1567.00,173.00,112.00,287,1,1,1
128,1107.00,546.00,148.00,79.00,280,1,1,1
128,1169.00,1241.00,142.00,78.00,247,1,1,1
128,1174.00,308.00,513.00,274.00,847,1,1,1
128,1175.00,571.00,431.00,207.00,723,1,1,1
129,92.00,769.00,168.00,77.00,306,1,1,1
129,95.00,811.00,156.00,70.00,285,1,1,1
129,354.00,1885.00,200.00,149.00,322,1,1,1
129,560.00,1878.00,183.00,134.00,295,1,1,1
129,593.00,1322.00,151.00,87.00,258,1,1,1
129,1019.00,1566.00,172.00,111.00,286,1,1,1
129,1035.00,1902.00,127.00,90.00,199,1,1,1
129,1107.00,546.00,148.00,79.00,280,1,1,1
129,1121.00,1162.00,137.00,72.00,240,1,1,1
129,1169.00,1198.00,143.00,78.00,251,1,1,1
129,1175.00,257.00,444.00,247.00,750,1,1,1
130,92.00,641.00,170.00,84.00,313,1,1,1
130,95.00,674.00,160.00,78.00,295,1,1,1
130,354.00,1885.00,200.00,149.00,322,1,1,1
130,593.00,1323.00,150.00,86.00,257,1,1,1
130,1019.00,1537.00,169.00,107.00,281,1,1,1
130,1035.00,1856.00,123.00,84.00,192,1,1,1
130,1107.00,546.00,148.00,79.00,280,1,1,1
130,1121.00,1120.00,140.00,72.00,246,1,1,1
130,1169.00,1140.00,145.00,76.00,256,1,1,1
130,1175.00,17.00,480.00,293.00,806,1,1,1
131,92.00,524.00,173.00,91.00,323,1,1,1
131,95.00,545.00,161.00,85.00,301,1,1,1
131,354.00,1885.00,200.00,149.00,322,1,1,1
131,560.00,1869.00,184.00,135.00,297,1,1,1
131,593.00,1296.00,146.00,83.00,253,1,1,1
131,1019.00,1537.00,169.00,107.00,281,1,1,1
131,1035.00,1805.00,119.00,80.00,187,1,1,1
131,1107.00,549.00,149.00,78.00,281,1,1,1
131,1121.00,1070.00,142.00,71.00,252,1,1,1
131,1169.00,1083.00,147.00,74.00,260,1,1,1
131,1178.00,1889.00,131.00,92.00,206,1,1,1
132,92.00,379.00,175.00,100.00,330,1,1,1
132,95.00,441.00,162.00,90.00,307,1,1,1
132,354.00,1885.00,200.00,149.00,322,1,1,1
132,560.00,1870.00,183.00,134.00,296,1,1,1
132,593.00,1279.00,138.00,77.00,238,1,1,1
132,1019.00,1513.00,164.00,104.00,276,1,1,1
132,1035.00,1786.00,116.00,77.00,183,1,1,1
132,1107.00,549.00,149.00,78.00,281,1,1,1
132,1121.00,997.00,144.00,69.00,259,1,1,1
132,1169.00,1017.00,151.00,73.00,269,1,1,1
132,1178.00,1838.00,126.00,87.00,199,1,1,1
133,92.00,216.00,176.00,109.00,338,1,1,1
133,95.00,289.00,164.00,99.00,315,1,1,1
133,354.00,1885.00,200.00,149.00,322,1,1,1
133,560.00,1875.00,182.00,133.00,293,1,1,1
133,593.00,1275.00,137.00,77.00,238,1,1,1
133,1019.00,1520.00,167.00,105.00,279,1,1,1
133,1021.00,1886.00,254.00,193.00,411,1,1,1
133,1107.00,549.00,149.00,78.00,281,1,1,1
133,1169.00,951.00,155.00,72.00,278,1,1,1
133,1178.00,1800.00,122.00,83.00,194,1,1,1