1002,1,1642,279,203,466,1,1,1
1002,2,1375,373,116,254,1,1,1
1002,3,694,511,223,479,1,1,1
1002,4,956,452,120,271,1,1,1
1002,5,1440,349,169,321,1,1,1
1002,7,930,477,81,165,1,1,1
1003,1,1643,278,203,467,1,1,1
1003,2,1370,373,111,253,1,1,1
1003,3,692,512,224,484,1,1,1
1003,4,956,452,120,269,1,1,1
1003,5,1444,349,166,320,1,1,1
1003,7,930,477,81,165,1,1,1
1004,1,1645,277,202,468,1,1,1
1004,2,1366,373,105,253,1,1,1
1004,3,690,513,225,488,1,1,1
1004,4,956,452,119,268,1,1,1
1004,5,1447,348,164,320,1,1,1
1004,7,931,477,80,165,1,1,1
1005,1,1647,276,201,469,1,1,1
1005,2,1362,373,99,252,1,1,1
1005,3,687,514,227,492,1,1,1
1005,4,956,451,119,267,1,1,1
1005,5,1451,348,162,320,1,1,1
1005,7,931,477,80,164,1,1,1
1006,1,1648,275,200,470,1,1,1
1006,2,1357,373,93,251,1,1,1
1006,3,685,514,227,496,1,1,1
1006,4,955,450,118,265,1,1,1
1006,5,1454,347,159,319,1,1,1
1006,7,931,476,78,164,1,1,1
1006,9,1615,330,60,179,1,1,1
1007,1,1651,274,194,470,1,1,1
1007,2,1353,374,96,253,1,1,1
1007,3,680,515,227,498,1,1,1
1007,4,955,450,118,266,1,1,1
1007,5,1458,345,156,320,1,1,1
1007,7,931,476,79,165,1,1,1
1007,9,1614,331,61,179,1,1,1
1008,1,1653,273,189,469,1,1,1
1008,2,1349,375,97,255,1,1,1
1008,3,675,515,226,500,1,1,1
1008,4,955,450,117,266,1,1,1
1008,5,1461,343,152,320,1,1,1
1008,7,931,475,79,167,1,1,1
1008,9,1613,330,62,180,1,1,1
1009,1,1655,272,184,469,1,1,1
1009,2,1344,376,99,256,1,1,1
1009,3,670,516,224,500,1,1,1
1009,4,956,450,114,266,1,1,1
1009,5,1464,341,149,320,1,1,1
1009,7,931,475,79,167,1,1,1
1009,9,1611,330,63,180,1,1,1
1010,1,1657,272,179,467,1,1,1
1010,2,1339,376,101,258,1,1,1
1010,3,666,516,222,502,1,1,1
1010,4,956,450,113,266,1,1,1
1010,5,1467,339,145,320,1,1,1
1010,7,930,474,80,168,1,1,1
1010,9,1610,329,63,180,1,1,1
1011,1,1659,270,173,466,1,1,1
1011,2,1334,377,101,259,1,1,1
1011,3,660,516,221,503,1,1,1
1011,4,955,449,112,265,1,1,1
1011,5,1470,336,141,320,1,1,1
1011,7,930,473,79,168,1,1,1
1011,9,1608,328,63,180,1,1,1
1012,1,1662,269,170,466,1,1,1
1012,2,1330,378,105,260,1,1,1
1012,3,654,516,217,504,1,1,1
1012,4,955,449,113,267,1,1,1
1012,5,1474,335,137,319,1,1,1
1012,7,929,474,79,168,1,1,1
1012,9,1607,329,63,180,1,1,1
1013,1,1665,267,166,466,1,1,1
1013,2,1325,378,109,262,1,1,1
1013,3,647,517,212,504,1,1,1
1013,4,955,448,113,268,1,1,1
1013,5,1477,333,134,319,1,1,1
1013,7,928,474,78,167,1,1,1
1013,9,1606,329,63,180,1,1,1
1014,1,1667,265,163,465,1,1,1
1014,2,1321,379,112,263,1,1,1
1014,3,641,517,207,505,1,1,1
1014,4,954,447,114,269,1,1,1
1014,5,1481,332,129,317,1,1,1
1014,7,927,474,78,167,1,1,1
1014,9,1604,328,63,181,1,1,1
1015,1,1669,263,159,465,1,1,1
1015,2,1316,379,116,264,1,1,1
1015,3,634,517,203,505,1,1,1
1015,4,954,446,114,270,1,1,1
1015,5,1484,330,125,316,1,1,1
1015,7,925,474,78,166,1,1,1
1015,9,1603,328,63,182,1,1,1
1016,1,1671,261,155,464,1,1,1
1016,2,1311,379,119,264,1,1,1
1016,3,627,516,198,506,1,1,1
1016,4,953,445,114,270,1,1,1
1016,5,1487,328,121,315,1,1,1
1016,7,924,474,77,165,1,1,1
1016,9,1601,328,62,181,1,1,1
1017,1,1675,260,154,462,1,1,1
1017,2,1308,380,117,265,1,1,1
1017,3,623,517,203,513,1,1,1
1017,4,954,445,114,270,1,1,1
1017,5,1492,327,121,316,1,1,1
1017,7,926,474,75,166,1,1,1
1017,9,1601,328,63,181,1,1,1
1018,1,1678,258,153,461,1,1,1
1018,2,1305,381,115,264,1,1,1
1018,3,619,517,208,520,1,1,1
1018,4,955,445,113,270,1,1,1
1018,5,1496,326,121,317,1,1,1
1018,7,927,474,74,167,1,1,1
1018,9,1600,327,64,182,1,1,1
1019,1,1681,257,151,459,1,1,1
1019,2,1301,381,114,264,1,1,1
1019,3,615,517,213,527,1,1,1
1019,4,956,444,112,270,1,1,1
1019,5,1500,326,121,316,1,1,1
1019,7,928,474,72,168,1,1,1
1019,9,1600,327,63,181,1,1,1
1020,1,1683,255,151,458,1,1,1
1020,2,1298,381,112,264,1,1,1
1020,3,611,517,217,534,1,1,1
1020,4,957,444,111,270,1,1,1
1020,5,1505,325,121,316,1,1,1
1020,7,929,474,71,169,1,1,1
1020,9,1599,326,64,182,1,1,1
1021,1,1686,253,149,456,1,1,1
1021,2,1294,381,110,263,1,1,1
1021,3,606,516,222,541,1,1,1
1021,4,957,442,110,270,1,1,1
1021,5,1508,323,121,316,1,1,1
1021,7,930,473,68,170,1,1,1
1021,9,1598,326,64,181,1,1,1
1022,1,1687,253,149,454,1,1,1
1022,2,1290,381,106,265,1,1,1
1022,3,602,519,227,544,1,1,1
1022,4,958,443,110,270,1,1,1
1022,5,1513,323,126,318,1,1,1
1022,7,930,474,68,170,1,1,1
1022,9,1597,326,65,181,1,1,1
1023,1,1687,252,150,452,1,1,1
1023,2,1287,381,100,265,1,1,1
1023,3,597,521,232,546,1,1,1
1023,4,957,443,110,271,1,1,1
1023,5,1517,322,131,319,1,1,1
1023,7,929,473,68,171,1,1,1
1023,9,1596,326,64,181,1,1,1
1024,1,1687,251,151,450,1,1,1
1024,2,1283,381,95,265,1,1,1
1024,3,593,524,235,548,1,1,1
1024,4,957,443,109,271,1,1,1
1024,5,1522,322,136,319,1,1,1
1024,7,928,473,68,171,1,1,1
1024,9,1594,326,65,181,1,1,1
1025,1,1688,251,151,447,1,1,1
1025,2,1279,380,90,266,1,1,1
1025,3,588,526,240,551,1,1,1
1025,4,957,443,108,271,1,1,1
1025,5,1526,321,141,320,1,1,1
1025,7,927,473,68,171,1,1,1
1025,9,1593,326,65,181,1,1,1
1026,1,1687,250,151,445,1,1,1
1026,2,1275,379,85,265,1,1,1
1026,3,583,528,244,553,1,1,1
1026,4,956,443,107,270,1,1,1
1026,5,1530,320,145,321,1,1,1
1026,7,925,473,67,170,1,1,1
1026,9,1591,325,65,181,1,1,1
1027,1,1687,251,151,445,1,1,1
1027,2,1269,383,90,265,1,1,1
1027,3,577,532,250,556,1,1,1
1027,4,955,444,107,271,1,1,1
1027,5,1532,320,144,321,1,1,1
1027,7,924,474,68,171,1,1,1
1027,9,1590,327,64,180,1,1,1
1028,1,1686,253,150,443,1,1,1
1028,2,1263,386,94,264,1,1,1
1028,3,570,535,256,560,1,1,1
1028,4,954,445,106,271,1,1,1
1028,5,1534,320,142,320,1,1,1
1028,7,922,475,67,172,1,1,1
1028,9,1589,329,63,179,1,1,1
1029,1,1686,254,148,443,1,1,1
1029,2,1257,389,98,263,1,1,1
1029,3,563,538,261,563,1,1,1
1029,4,953,446,104,271,1,1,1
1029,5,1535,320,141,319,1,1,1
1029,7,921,476,66,173,1,1,1
1029,9,1588,331,61,178,1,1,1
1030,1,1685,256,147,441,1,1,1
1030,2,1251,392,102,262,1,1,1
1030,3,557,542,266,565,1,1,1
1030,4,952,446,103,272,1,1,1
1030,5,1537,321,139,318,1,1,1
1030,7,919,477,66,173,1,1,1
1030,9,1587,333,60,176,1,1,1
1031,1,1684,257,146,440,1,1,1
1031,2,1245,395,105,260,1,1,1
1031,3,550,545,271,568,1,1,1
1031,4,950,447,101,271,1,1,1
1031,5,1538,320,136,317,1,1,1
1031,7,917,478,65,173,1,1,1
1031,9,1585,334,59,175,1,1,1
1032,1,1681,258,145,439,1,1,1
1032,2,1239,397,109,262,1,1,1
1032,3,544,546,273,569,1,1,1
1032,4,949,448,102,270,1,1,1
1032,5,1540,319,133,316,1,1,1
1032,7,915,479,66,174,1,1,1
1033,1,1678,258,144,438,1,1,1
1033,2,1232,399,114,263,1,1,1
1033,3,538,547,275,569,1,1,1
1033,4,947,449,102,269,1,1,1
1033,5,1542,318,128,315,1,1,1
1033,7,913,479,65,174,1,1,1
1034,1,1675,258,143,438,1,1,1
1034,2,1226,400,117,265,1,1,1
1034,3,533,547,276,570,1,1,1
1034,4,944,449,102,269,1,1,1
1034,5,1543,317,125,313,1,1,1
1034,7,911,479,65,175,1,1,1
1035,1,1672,259,142,436,1,1,1
1035,2,1219,402,122,266,1,1,1
1035,3,527,548,277,570,1,1,1
1035,4,942,450,102,267,1,1,1
1035,5,1545,315,120,313,1,1,1
1035,7,908,480,65,174,1,1,1
1036,1,1669,259,141,435,1,1,1
1036,2,1213,404,125,267,1,1,1
1036,3,521,549,279,570,1,1,1
1036,4,940,451,102,266,1,1,1
1036,5,1546,314,117,311,1,1,1
1036,7,906,480,65,175,1,1,1
1037,1,1664,259,142,434,1,1,1
1037,2,1204,404,127,266,1,1,1
1037,3,518,548,283,572,1,1,1
1037,4,936,449,105,268,1,1,1
1037,5,1547,312,118,310,1,1,1
1037,7,901,480,66,174,1,1,1
1038,1,1659,258,143,434,1,1,1
1038,2,1195,403,129,267,1,1,1
1038,3,516,547,286,573,1,1,1
1038,4,932,448,107,269,1,1,1
1038,5,1549,309,117,311,1,1,1
1038,7,896,479,66,174,1,1,1
1039,1,1653,258,145,432,1,1,1
1039,2,1186,403,130,266,1,1,1
1039,3,513,547,291,574,1,1,1
1039,4,928,446,110,271,1,1,1
1039,5,1550,307,118,310,1,1,1
1039,7,891,479,67,172,1,1,1
1040,1,1648,258,146,431,1,1,1
1040,2,1176,402,133,266,1,1,1
1040,3,511,546,294,576,1,1,1
1040,4,924,444,112,272,1,1,1
1040,5,1552,304,118,311,1,1,1
1040,7,887,478,66,172,1,1,1
1041,1,1642,257,146,430,1,1,1
1041,2,1167,402,134,265,1,1,1
1041,3,508,544,297,577,1,1,1
1041,4,920,442,114,273,1,1,1
1041,5,1553,302,118,310,1,1,1
1041,7,881,477,67,171,1,1,1
1042,1,1637,257,149,427,1,1,1
1042,2,1161,401,131,266,1,1,1
1042,3,510,543,305,578,1,1,1
1042,4,918,442,114,272,1,1,1
1042,5,1552,300,129,311,1,1,1
1042,7,878,476,67,174,1,1,1
1043,1,1631,257,150,424,1,1,1
1043,2,1155,400,128,266,1,1,1
1043,3,512,540,313,579,1,1,1
1043,4,916,442,113,270,1,1,1
1043,5,1551,297,139,312,1,1,1
1043,7,875,475,66,175,1,1,1
1044,1,1625,257,152,421,1,1,1
1044,2,1149,398,124,268,1,1,1
1044,3,513,538,321,580,1,1,1
1044,4,913,441,113,269,1,1,1
1044,5,1550,295,150,312,1,1,1
1044,7,871,474,66,177,1,1,1
1045,1,1619,256,154,418,1,1,1
1045,2,1143,397,121,268,1,1,1
1045,3,515,536,328,580,1,1,1
1045,4,911,440,113,268,1,1,1
1045,5,1549,292,160,314,1,1,1
1045,7,868,472,65,179,1,1,1
1046,1,1612,256,156,414,1,1,1
1046,2,1137,395,116,268,1,1,1
1046,3,516,533,335,581,1,1,1
1046,4,908,439,112,266,1,1,1
1046,5,1547,289,170,314,1,1,1
1046,7,864,470,64,181,1,1,1
1047,1,1606,255,157,412,1,1,1
1047,2,1130,395,115,268,1,1,1
1047,3,518,531,333,582,1,1,1
1047,4,904,438,113,267,1,1,1
1047,7,861,470,64,180,1,1,1
1048,1,1600,253,158,411,1,1,1
1048,2,1123,393,112,269,1,1,1
1048,3,520,529,330,583,1,1,1
1048,4,900,436,114,269,1,1,1
1048,7,857,468,64,180,1,1,1
1049,1,1594,251,159,410,1,1,1
1049,2,1116,392,109,269,1,1,1
1049,3,522,527,326,584,1,1,1
1049,4,896,435,115,269,1,1,1
1049,7,853,467,64,179,1,1,1
1050,1,1588,250,159,408,1,1,1
1050,2,1109,391,107,269,1,1,1
1050,3,523,525,324,585,1,1,1
1050,4,892,433,116,270,1,1,1
1050,7,850,466,62,178,1,1,1
1051,1,1581,247,160,406,1,1,1
1051,2,1102,389,104,268,1,1,1
1051,3,525,522,320,585,1,1,1
1051,4,887,431,116,270,1,1,1
1051,7,845,464,62,177,1,1,1
1051,9,1510,308,64,183,1,1,1
1052,1,1574,250,160,403,1,1,1
1052,2,1098,390,104,269,1,1,1
1052,3,530,521,312,588,1,1,1
1052,4,884,431,116,272,1,1,1
1052,7,840,464,65,178,1,1,1
1052,9,1507,308,63,184,1,1,1
1053,1,1567,251,159,401,1,1,1
1053,2,1094,390,104,270,1,1,1
1053,3,535,519,303,590,1,1,1
1053,4,881,430,116,274,1,1,1
1053,7,835,464,67,178,1,1,1
1053,9,1503,308,63,185,1,1,1
1054,1,1560,253,158,397,1,1,1
1054,2,1090,391,104,270,1,1,1
1054,3,540,517,295,593,1,1,1
1054,4,877,430,116,275,1,1,1
1054,7,830,463,68,179,1,1,1
1054,9,1499,308,62,185,1,1,1
1055,1,1553,255,157,394,1,1,1
1055,2,1085,391,105,271,1,1,1
1055,3,545,515,286,595,1,1,1
1055,4,874,430,115,275,1,1,1
1055,7,824,463,71,179,1,1,1
1055,9,1495,308,62,185,1,1,1
1056,1,1545,256,156,391,1,1,1
1056,2,1081,391,104,270,1,1,1
1056,3,550,512,277,597,1,1,1
1056,4,870,429,114,277,1,1,1
1056,7,818,462,72,179,1,1,1
1056,9,1491,308,60,185,1,1,1
1057,1,1542,258,150,391,1,1,1
1057,2,1079,393,104,272,1,1,1
1057,3,551,511,274,594,1,1,1
1057,4,869,430,114,276,1,1,1
1057,7,818,464,71,178,1,1,1
1057,9,1490,310,60,184,1,1,1
1058,1,1539,259,144,391,1,1,1
1058,2,1076,394,104,273,1,1,1
1058,3,553,510,269,590,1,1,1
1058,4,866,430,115,275,1,1,1
1058,7,816,465,70,178,1,1,1
1058,9,1488,311,60,183,1,1,1
1059,1,1536,261,137,390,1,1,1
1059,2,1073,395,104,274,1,1,1
1059,3,554,509,266,586,1,1,1
1059,4,864,431,115,274,1,1,1
1059,7,815,467,68,176,1,1,1
1059,9,1486,313,60,181,1,1,1
1060,1,1533,262,131,390,1,1,1
1060,2,1071,396,103,275,1,1,1
1060,3,555,508,262,582,1,1,1
1060,4,862,431,115,274,1,1,1
1060,7,814,468,65,176,1,1,1
1060,9,1484,314,60,180,1,1,1
1061,1,1529,263,125,388,1,1,1
1061,2,1068,397,102,276,1,1,1
1061,3,556,506,258,579,1,1,1
1061,4,859,431,115,272,1,1,1
1061,7,812,469,63,175,1,1,1
1061,9,1481,315,59,179,1,1,1
1062,1,1525,267,128,387,1,1,1
1062,2,1067,398,101,276,1,1,1
1062,3,559,506,255,572,1,1,1
1062,4,860,433,118,272,1,1,1
1062,7,811,469,64,176,1,1,1
1062,9,1481,315,61,181,1,1,1
1063,1,1521,270,131,385,1,1,1
1063,2,1065,399,100,276,1,1,1
1063,3,562,506,251,564,1,1,1
1063,4,860,434,122,271,1,1,1
1063,7,810,469,64,176,1,1,1
1063,9,1481,314,62,183,1,1,1
1064,1,1517,273,134,382,1,1,1
1064,2,1064,400,99,276,1,1,1
1064,3,565,506,247,556,1,1,1
1064,4,861,435,124,270,1,1,1
1064,7,809,469,63,177,1,1,1
1064,9,1481,313,63,185,1,1,1
1065,1,1512,276,138,380,1,1,1
1065,2,1063,401,97,276,1,1,1
1065,3,568,506,243,549,1,1,1
1065,4,861,436,127,270,1,1,1
1065,7,807,469,64,177,1,1,1
1065,9,1480,313,64,186,1,1,1
1066,1,1508,279,140,377,1,1,1
1066,2,1061,402,95,275,1,1,1
1066,3,571,506,238,540,1,1,1
1066,4,861,436,130,269,1,1,1
1066,5,1591,275,136,316,1,1,1
1066,7,806,469,63,177,1,1,1
1066,9,1479,312,65,187,1,1,1
1067,1,1505,282,143,377,1,1,1
1067,2,1060,403,97,278,1,1,1
1067,3,578,507,254,541,1,1,1
1067,4,862,438,135,270,1,1,1
1067,5,1596,276,141,317,1,1,1
1067,7,806,471,65,178,1,1,1
1068,1,1502,284,145,377,1,1,1
1068,2,1058,404,99,280,1,1,1
1068,3,584,509,269,540,1,1,1
1068,4,864,439,138,270,1,1,1
1068,5,1600,277,146,316,1,1,1
1068,7,806,473,66,177,1,1,1
1069,1,1500,287,147,376,1,1,1
1069,2,1056,404,101,283,1,1,1
1069,3,591,510,284,539,1,1,1
1069,4,865,440,143,271,1,1,1
1069,5,1604,278,150,316,1,1,1
1069,7,806,474,67,178,1,1,1
1070,1,1497,289,149,376,1,1,1
1070,2,1055,405,102,286,1,1,1
1070,3,598,511,299,539,1,1,1
1070,4,866,442,147,271,1,1,1
1070,5,1608,279,155,316,1,1,1
1070,7,806,476,68,177,1,1,1
1071,1,1493,291,151,375,1,1,1
1071,2,1053,406,104,287,1,1,1
1071,3,604,512,314,538,1,1,1
1071,4,867,442,151,271,1,1,1
1071,5,1612,279,159,316,1,1,1
1071,7,806,477,69,177,1,1,1
1072,1,1489,293,149,374,1,1,1
1072,2,1053,408,105,288,1,1,1
1072,3,612,513,316,541,1,1,1
1072,4,869,444,149,272,1,1,1
1072,5,1617,280,156,317,1,1,1
1072,7,807,480,69,177,1,1,1
1073,1,1485,293,146,374,1,1,1
1073,2,1053,409,106,289,1,1,1
1073,3,620,515,318,543,1,1,1
1073,4,871,444,146,274,1,1,1
1073,5,1621,280,153,318,1,1,1
1073,7,807,482,70,176,1,1,1
1074,1,1480,294,144,373,1,1,1
1074,2,1053,411,107,289,1,1,1
1074,3,629,516,319,545,1,1,1
1074,4,873,445,143,274,1,1,1
1074,5,1626,280,149,318,1,1,1
1074,7,807,484,71,176,1,1,1
1075,1,1476,295,141,372,1,1,1
1075,2,1053,413,107,289,1,1,1
1075,3,637,517,321,547,1,1,1
1075,4,876,446,139,275,1,1,1
1075,5,1630,280,146,319,1,1,1
1075,7,808,486,71,176,1,1,1
1076,1,1471,295,138,371,1,1,1
1076,2,1053,414,108,289,1,1,1
1076,3,644,518,322,548,1,1,1
1076,4,877,446,136,275,1,1,1
1076,5,1634,279,142,320,1,1,1
1076,7,808,487,71,175,1,1,1
1077,1,1469,297,134,372,1,1,1
1077,2,1053,416,110,290,1,1,1
1077,3,656,516,313,545,1,1,1
1077,4,880,447,135,275,1,1,1
1077,5,1640,280,138,320,1,1,1
1077,7,810,488,70,175,1,1,1
1078,1,1467,298,129,373,1,1,1
1078,2,1054,418,111,289,1,1,1
1078,3,667,513,304,541,1,1,1
1078,4,883,446,133,276,1,1,1
1078,5,1646,280,132,319,1,1,1
1078,7,811,489,69,174,1,1,1
1079,1,1464,298,125,374,1,1,1
1079,2,1054,420,113,289,1,1,1
1079,3,678,510,295,538,1,1,1
1079,4,886,446,131,275,1,1,1
1079,5,1652,280,127,319,1,1,1
1079,7,813,489,68,174,1,1,1
1080,1,1462,299,120,375,1,1,1
1080,2,1055,422,114,289,1,1,1
1080,3,689,507,287,534,1,1,1
1080,4,889,445,129,276,1,1,1
1080,5,1658,280,121,318,1,1,1
1080,7,815,489,66,174,1,1,1
1081,1,1459,300,116,375,1,1,1
1081,2,1055,424,116,287,1,1,1
1081,3,700,504,277,530,1,1,1
1081,4,891,444,126,275,1,1,1
1081,5,1663,279,116,318,1,1,1
1081,7,816,489,65,173,1,1,1
1082,1,1454,302,122,375,1,1,1
1082,2,1056,424,116,289,1,1,1
1082,3,709,502,271,524,1,1,1
1082,4,894,446,126,276,1,1,1
1082,5,1668,278,121,320,1,1,1
1082,7,815,491,68,174,1,1,1
1083,1,1449,305,128,373,1,1,1
1083,2,1056,424,116,289,1,1,1
1083,3,717,500,265,517,1,1,1
1083,4,896,447,126,277,1,1,1
1083,5,1673,277,125,321,1,1,1
1083,7,814,491,70,176,1,1,1
1084,1,1444,307,134,372,1,1,1
1084,2,1056,423,117,290,1,1,1
1084,3,726,498,259,510,1,1,1
1084,4,898,449,126,278,1,1,1
1084,5,1678,276,129,322,1,1,1
1084,7,813,492,72,177,1,1,1
1085,1,1440,310,139,370,1,1,1
1085,2,1057,423,116,291,1,1,1
1085,3,734,496,253,503,1,1,1
1085,4,900,450,127,279,1,1,1
1085,5,1683,275,133,323,1,1,1
1085,7,811,493,76,178,1,1,1
1086,1,1434,312,144,369,1,1,1
1086,2,1057,422,116,291,1,1,1
1086,3,742,493,246,495,1,1,1
1086,4,902,451,126,279,1,1,1
1086,5,1687,273,136,324,1,1,1
1086,7,810,493,77,179,1,1,1
1087,1,1431,315,149,368,1,1,1
1087,2,1058,424,119,292,1,1,1
1087,3,750,494,240,496,1,1,1
1087,4,904,452,125,280,1,1,1
1087,5,1692,274,140,323,1,1,1
1088,1,1427,318,154,366,1,1,1
1088,2,1060,425,120,292,1,1,1
1088,3,756,494,235,496,1,1,1
1088,4,905,453,124,281,1,1,1
1088,5,1696,274,143,322,1,1,1
1089,1,1423,322,159,364,1,1,1
1089,2,1061,426,123,292,1,1,1
1089,3,763,493,229,497,1,1,1
1089,4,907,454,122,282,1,1,1
1089,5,1701,275,145,321,1,1,1
1090,1,1419,325,164,362,1,1,1
1090,2,1062,427,125,293,1,1,1
1090,3,770,493,222,496,1,1,1
1090,4,909,454,120,284,1,1,1
1090,5,1705,276,148,319,1,1,1
1091,1,1415,327,168,360,1,1,1
1091,2,1063,428,127,292,1,1,1
1091,3,776,492,216,496,1,1,1
1091,4,910,455,118,284,1,1,1
1091,5,1709,276,151,318,1,1,1
1091,9,1494,342,58,176,1,1,1
1092,1,1413,328,168,361,1,1,1
1092,2,1065,428,133,293,1,1,1
1092,3,782,494,212,495,1,1,1
1092,4,912,457,118,285,1,1,1
1092,5,1714,276,148,320,1,1,1
1092,9,1495,343,59,176,1,1,1
1093,1,1410,328,169,361,1,1,1
1093,2,1067,428,138,293,1,1,1
1093,3,787,495,207,493,1,1,1
1093,4,913,458,118,286,1,1,1
1093,5,1719,277,145,321,1,1,1
1093,9,1496,343,58,176,1,1,1
1094,1,1407,328,169,361,1,1,1
1094,2,1069,428,143,293,1,1,1
1094,3,792,496,203,492,1,1,1
1094,4,914,460,118,286,1,1,1
1094,5,1723,277,142,323,1,1,1
1094,9,1497,344,58,175,1,1,1
1095,1,1405,328,169,362,1,1,1
1095,2,1071,428,148,293,1,1,1
1095,3,797,497,199,490,1,1,1
1095,4,915,461,118,287,1,1,1
1095,5,1728,278,139,324,1,1,1
1095,9,1497,344,59,175,1,1,1
1096,1,1401,328,169,361,1,1,1
1096,2,1073,427,152,293,1,1,1
1096,3,801,498,195,488,1,1,1
1096,4,916,462,117,287,1,1,1
1096,5,1733,277,135,325,1,1,1
1096,9,1498,344,58,175,1,1,1
1097,1,1398,330,165,361,1,1,1
1097,2,1076,428,155,293,1,1,1
1097,3,805,497,193,485,1,1,1
1097,4,916,462,119,288,1,1,1
1097,5,1738,276,132,329,1,1,1
1097,9,1499,345,59,175,1,1,1
1098,1,1394,332,161,359,1,1,1
1098,2,1080,429,155,293,1,1,1
1098,3,809,496,190,481,1,1,1
1098,4,915,462,122,288,1,1,1
1098,5,1742,275,129,331,1,1,1
1098,9,1499,345,61,175,1,1,1
1099,1,1390,333,156,359,1,1,1
1099,2,1083,430,157,292,1,1,1
1099,3,813,494,187,477,1,1,1
1099,4,914,462,124,289,1,1,1
1099,5,1747,273,126,333,1,1,1
1099,9,1500,346,61,175,1,1,1
1100,1,1386,335,152,357,1,1,1
1100,2,1086,431,159,291,1,1,1
1100,3,817,493,185,473,1,1,1
1100,4,913,461,126,290,1,1,1
1100,5,1751,271,123,336,1,1,1
1100,9,1501,347,61,175,1,1,1
1101,1,1381,336,147,356,1,1,1
1101,2,1088,431,161,290,1,1,1
1101,3,820,491,181,469,1,1,1
1101,4,912,461,127,290,1,1,1
1101,5,1755,269,119,338,1,1,1
1101,9,1501,347,62,175,1,1,1
1102,1,1379,337,141,356,1,1,1
1102,2,1093,431,158,292,1,1,1
1102,3,824,490,186,465,1,1,1
1102,4,914,460,129,292,1,1,1
1102,5,1758,269,122,339,1,1,1
1102,9,1502,347,62,175,1,1,1
1103,1,1375,338,135,355,1,1,1
1103,2,1096,429,156,295,1,1,1
1103,3,826,489,191,459,1,1,1
1103,4,915,459,132,293,1,1,1
1103,5,1760,268,125,340,1,1,1
1103,9,1502,346,63,176,1,1,1
1104,1,1372,339,128,355,1,1,1
1104,2,1100,428,154,297,1,1,1
1104,3,829,487,196,455,1,1,1
1104,4,916,458,134,294,1,1,1
1104,5,1762,268,128,340,1,1,1
1104,9,1503,345,63,177,1,1,1
1105,1,1369,340,122,354,1,1,1
1105,2,1103,426,152,299,1,1,1
1105,3,832,486,200,449,1,1,1
1105,4,918,457,135,295,1,1,1
1105,5,1764,267,131,341,1,1,1
1105,9,1503,345,63,178,1,1,1
1106,1,1365,340,115,353,1,1,1
1106,2,1107,425,148,301,1,1,1
1106,3,834,484,204,444,1,1,1
1106,4,919,455,136,296,1,1,1
1106,5,1766,266,133,341,1,1,1
1106,9,1503,344,63,178,1,1,1
1107,1,1363,341,118,353,1,1,1
1107,2,1109,424,147,301,1,1,1
1107,3,838,484,211,445,1,1,1
1107,4,919,457,139,296,1,1,1
1107,5,1768,266,141,342,1,1,1
1107,9,1504,344,62,178,1,1,1
1108,1,1360,341,121,353,1,1,1
1108,2,1110,422,146,303,1,1,1
1108,3,842,483,218,446,1,1,1
1108,4,920,457,141,297,1,1,1
1108,5,1770,265,149,343,1,1,1
1108,9,1505,345,61,177,1,1,1
1109,1,1357,341,125,353,1,1,1
1109,2,1112,421,144,303,1,1,1
1109,3,845,483,225,446,1,1,1
1109,4,920,458,143,296,1,1,1
1109,5,1772,264,156,344,1,1,1
1109,9,1505,345,61,177,1,1,1
1110,1,1355,341,127,353,1,1,1
1110,2,1114,419,142,304,1,1,1
1110,3,849,482,231,447,1,1,1
1110,4,920,459,146,296,1,1,1
1110,5,1773,263,165,345,1,1,1
1110,9,1506,345,60,177,1,1,1
1111,1,1352,341,130,352,1,1,1
1111,2,1115,418,140,304,1,1,1
1111,3,852,481,237,447,1,1,1
1111,4,920,459,147,295,1,1,1
1111,5,1775,262,171,344,1,1,1
1111,9,1506,345,59,176,1,1,1
1112,1,1349,343,133,351,1,1,1
1112,2,1118,417,138,308,1,1,1
1112,3,858,482,235,447,1,1,1
1112,5,1778,262,172,346,1,1,1
1112,9,1506,346,60,176,1,1,1
1113,1,1346,345,136,350,1,1,1
1113,2,1120,416,137,311,1,1,1
1113,3,862,482,234,446,1,1,1
1113,5,1781,261,173,348,1,1,1
1113,9,1506,345,61,178,1,1,1
1114,1,1342,347,140,349,1,1,1
1114,2,1123,415,134,314,1,1,1
1114,3,867,482,231,445,1,1,1
1114,5,1784,261,173,349,1,1,1
1114,9,1506,345,61,178,1,1,1
1115,1,1339,348,143,348,1,1,1
1115,2,1125,414,133,318,1,1,1
1115,3,872,482,229,444,1,1,1
1115,5,1788,260,172,351,1,1,1
1115,9,1506,345,62,179,1,1,1
1116,1,1335,350,146,346,1,1,1
1116,2,1127,413,130,320,1,1,1
1116,3,876,482,226,443,1,1,1
1116,5,1790,259,172,352,1,1,1
1116,7,838,496,81,172,1,1,1
1116,9,1505,345,62,179,1,1,1
1117,1,1332,350,150,348,1,1,1
1117,2,1130,413,131,320,1,1,1
1117,3,881,480,223,441,1,1,1
1117,5,1795,258,169,354,1,1,1
1117,7,838,497,81,171,1,1,1
1117,9,1506,345,63,179,1,1,1
1118,1,1329,350,153,349,1,1,1
1118,2,1133,413,130,318,1,1,1
1118,3,885,478,220,439,1,1,1
1118,5,1800,256,164,358,1,1,1
1118,7,838,497,80,170,1,1,1
1118,9,1507,345,62,179,1,1,1
1119,1,1325,351,157,350,1,1,1
1119,2,1136,413,129,316,1,1,1
1119,3,889,475,217,438,1,1,1
1119,5,1804,254,161,361,1,1,1
1119,7,838,497,79,169,1,1,1
1119,9,1507,344,62,179,1,1,1
1120,1,1321,351,161,351,1,1,1
1120,2,1139,414,129,314,1,1,1
1120,3,893,473,214,436,1,1,1
1120,5,1809,253,156,363,1,1,1
1120,7,839,497,78,168,1,1,1
1120,9,1508,344,62,179,1,1,1
1121,1,1317,351,163,352,1,1,1
1121,2,1141,413,128,312,1,1,1
1121,3,896,470,210,433,1,1,1
1121,5,1813,251,152,365,1,1,1
1121,7,838,496,77,167,1,1,1
1121,9,1508,343,61,179,1,1,1
1122,1,1315,351,165,352,1,1,1
1122,2,1144,413,130,314,1,1,1
1122,3,899,469,209,427,1,1,1
1122,5,1817,248,149,368,1,1,1
1122,7,839,497,78,167,1,1,1
1122,9,1508,343,62,179,1,1,1
1123,1,1313,351,165,352,1,1,1
1123,2,1147,413,131,315,1,1,1
1123,3,900,467,208,422,1,1,1
1123,5,1821,246,146,370,1,1,1
1123,7,838,496,81,167,1,1,1
1123,9,1508,342,62,180,1,1,1
1124,1,1311,350,165,353,1,1,1
1124,2,1149,412,133,317,1,1,1
1124,3,902,466,206,415,1,1,1
1124,5,1824,243,143,373,1,1,1
1124,7,838,496,82,167,1,1,1
1124,9,1508,342,63,179,1,1,1
1125,1,1309,350,166,353,1,1,1
1125,2,1152,412,135,318,1,1,1
1125,3,903,464,206,409,1,1,1
1125,5,1827,241,140,375,1,1,1
1125,7,838,496,84,166,1,1,1
1125,9,1508,341,63,180,1,1,1
1126,1,1306,350,166,352,1,1,1
1126,2,1154,411,136,319,1,1,1
1126,3,905,462,204,402,1,1,1
1126,5,1830,238,136,377,1,1,1
1126,7,838,495,85,165,1,1,1
1126,9,1508,340,63,179,1,1,1
1127,1,1295,350,174,352,1,1,1
1127,2,1156,411,135,320,1,1,1
1127,3,905,463,204,401,1,1,1
1127,5,1833,237,135,379,1,1,1
1127,7,839,495,86,166,1,1,1
1127,9,1509,340,63,180,1,1,1
1128,1,1283,350,182,351,1,1,1
1128,2,1157,410,135,321,1,1,1
1128,3,905,464,205,400,1,1,1
1128,5,1835,237,134,380,1,1,1
1128,7,839,495,87,166,1,1,1
1128,9,1509,340,63,180,1,1,1
1129,1,1271,351,190,349,1,1,1
1129,2,1159,408,133,322,1,1,1
1129,3,905,465,205,398,1,1,1
1129,5,1837,236,133,381,1,1,1
1129,7,840,494,87,166,1,1,1
1129,9,1509,339,63,180,1,1,1
1130,1,1260,351,197,349,1,1,1
1130,2,1160,407,132,323,1,1,1
1130,3,905,466,205,396,1,1,1
1130,5,1840,235,130,383,1,1,1
1130,7,840,493,89,167,1,1,1
1130,9,1509,339,63,180,1,1,1
1131,1,1247,351,205,347,1,1,1
1131,2,1161,406,131,323,1,1,1
1131,3,905,466,205,394,1,1,1
1131,5,1841,234,129,384,1,1,1
1131,7,840,492,89,166,1,1,1
1131,9,1509,338,62,180,1,1,1
1132,1,1250,351,199,349,1,1,1
1132,2,1163,405,132,325,1,1,1
1132,3,903,467,207,391,1,1,1
1132,5,1843,234,131,386,1,1,1
1132,7,841,492,91,167,1,1,1
1132,9,1509,338,63,180,1,1,1
1133,1,1252,351,192,349,1,1,1
1133,2,1165,404,132,325,1,1,1
1133,3,901,468,209,387,1,1,1
1133,5,1845,233,131,389,1,1,1
1133,7,842,491,91,168,1,1,1
1133,9,1509,338,63,180,1,1,1
1134,1,1254,351,186,350,1,1,1
1134,2,1167,403,132,325,1,1,1
1134,3,899,468,211,384,1,1,1
1134,5,1847,232,132,391,1,1,1
1134,7,842,490,92,168,1,1,1
1134,9,1509,337,63,180,1,1,1
1135,1,1256,351,180,350,1,1,1
1135,2,1169,401,132,327,1,1,1
1135,3,897,469,212,380,1,1,1
1135,5,1848,232,134,393,1,1,1
1135,7,843,490,93,168,1,1,1
1135,9,1509,337,63,179,1,1,1
1136,1,1257,350,174,350,1,1,1
1136,2,1171,400,131,326,1,1,1
1136,3,894,469,214,376,1,1,1
1136,5,1850,230,134,395,1,1,1
1136,7,843,488,93,168,1,1,1
1136,9,1509,336,62,179,1,1,1
1137,1,1255,352,176,351,1,1,1
1137,2,1173,400,139,327,1,1,1
1137,3,892,469,210,377,1,1,1
1137,5,1851,232,135,396,1,1,1
1137,7,846,489,89,169,1,1,1
1137,9,1509,336,64,180,1,1,1
1138,1,1252,352,179,352,1,1,1
1138,2,1175,399,146,328,1,1,1
1138,3,890,468,205,378,1,1,1
1138,5,1853,233,135,397,1,1,1
1138,7,849,489,85,169,1,1,1
1138,9,1510,337,64,179,1,1,1
1139,1,1249,353,181,351,1,1,1
1139,2,1177,399,153,328,1,1,1
1139,3,888,468,199,378,1,1,1
1139,5,1854,234,136,398,1,1,1
1139,7,852,489,80,169,1,1,1
1139,9,1510,337,65,179,1,1,1
1140,1,1246,354,184,351,1,1,1
1140,2,1179,398,160,329,1,1,1
1140,3,886,467,194,379,1,1,1
1140,5,1855,235,137,399,1,1,1
1140,7,855,489,76,169,1,1,1
1140,9,1510,337,66,179,1,1,1
1141,1,1243,354,185,352,1,1,1
1141,2,1181,397,166,329,1,1,1
1141,3,883,466,189,379,1,1,1
1141,4,941,443,137,352,1,1,1
1141,5,1856,235,137,400,1,1,1
1141,7,858,489,70,168,1,1,1
1141,9,1510,337,66,179,1,1,1
1142,1,1245,354,184,351,1,1,1
1142,2,1183,398,170,328,1,1,1
1142,3,882,468,183,377,1,1,1
1142,4,940,442,143,350,1,1,1
1142,5,1856,235,138,402,1,1,1
1142,9,1510,337,67,179,1,1,1
1143,1,1246,353,183,352,1,1,1
1143,2,1185,397,172,328,1,1,1
1143,3,881,470,175,375,1,1,1
1143,4,938,440,148,348,1,1,1
1143,5,1856,235,138,404,1,1,1
1143,9,1510,337,66,178,1,1,1
1144,1,1248,353,181,351,1,1,1
1144,2,1188,397,174,328,1,1,1
1144,3,880,472,168,373,1,1,1
1144,4,937,437,152,348,1,1,1
1144,5,1856,234,138,406,1,1,1
1144,9,1510,336,66,178,1,1,1
1145,1,1249,352,180,351,1,1,1
1145,2,1190,396,176,328,1,1,1
1145,3,878,473,162,371,1,1,1
1145,4,935,435,157,346,1,1,1
1145,5,1856,234,138,408,1,1,1
1145,9,1510,336,65,177,1,1,1
1146,1,1250,352,179,350,1,1,1
1146,2,1191,395,179,327,1,1,1
1146,3,877,475,154,368,1,1,1
1146,4,933,433,162,343,1,1,1
1146,5,1856,233,137,410,1,1,1
1146,9,1510,335,64,177,1,1,1
1147,1,1253,354,176,349,1,1,1
1147,2,1195,395,176,328,1,1,1
1147,3,878,474,155,370,1,1,1
1147,4,934,434,164,343,1,1,1
1147,5,1857,232,138,412,1,1,1
1147,9,1510,336,65,177,1,1,1
1148,1,1257,355,172,349,1,1,1
1148,2,1198,395,174,329,1,1,1
1148,3,880,473,154,371,1,1,1
1148,4,934,435,166,343,1,1,1
1148,5,1857,232,139,412,1,1,1
1148,9,1509,336,67,178,1,1,1
1149,1,1260,357,169,348,1,1,1
1149,2,1202,395,170,329,1,1,1
1149,3,881,471,154,373,1,1,1
1149,4,935,436,167,342,1,1,1
1149,5,1857,231,141,413,1,1,1
1149,9,1508,337,68,178,1,1,1
1150,1,1263,359,166,346,1,1,1
1150,2,1205,394,168,331,1,1,1
1150,3,882,470,154,374,1,1,1
1150,4,935,437,169,342,1,1,1
1150,5,1858,230,141,414,1,1,1
1150,9,1507,337,70,179,1,1,1
1151,1,1266,360,162,345,1,1,1
1151,2,1208,393,164,331,1,1,1
1151,3,883,468,154,375,1,1,1
1151,4,935,437,170,341,1,1,1
1151,5,1858,229,141,414,1,1,1
1151,7,858,481,62,177,1,1,1
1151,9,1506,337,70,179,1,1,1
1152,1,1268,358,162,347,1,1,1
1152,2,1210,393,161,332,1,1,1
1152,3,884,469,153,374,1,1,1
1152,4,936,437,172,342,1,1,1
1152,5,1858,230,148,414,1,1,1
1152,7,860,482,62,176,1,1,1
1152,9,1508,338,69,179,1,1,1
1153,1,1268,355,163,350,1,1,1
1153,2,1212,391,158,335,1,1,1
1153,3,884,470,152,371,1,1,1
1153,4,936,437,173,342,1,1,1
1153,5,1858,232,154,413,1,1,1
1153,7,861,482,63,175,1,1,1
1153,9,1510,338,67,179,1,1,1
1154,1,1269,352,163,352,1,1,1
1154,2,1213,390,155,336,1,1,1
1154,3,885,470,150,370,1,1,1
1154,4,937,436,173,343,1,1,1
1154,5,1858,233,160,412,1,1,1
1154,7,862,482,64,175,1,1,1
1154,9,1511,339,66,178,1,1,1
1155,1,1270,349,162,354,1,1,1
1155,2,1215,389,151,338,1,1,1
1155,3,885,470,149,369,1,1,1
1155,4,937,436,174,343,1,1,1
1155,5,1858,234,165,411,1,1,1
1155,7,863,483,65,174,1,1,1
1155,9,1513,339,64,178,1,1,1
1156,1,1270,345,162,356,1,1,1
1156,2,1216,387,147,339,1,1,1
1156,3,885,470,147,366,1,1,1
1156,4,937,435,175,343,1,1,1
1156,5,1858,235,170,410,1,1,1
1156,7,864,483,64,172,1,1,1
1156,9,1514,339,62,177,1,1,1
1157,1,1275,346,157,355,1,1,1
1157,2,1219,389,147,338,1,1,1
1157,3,886,470,148,364,1,1,1
1157,4,937,435,174,344,1,1,1
1157,5,1859,235,167,414,1,1,1
1157,7,865,484,66,172,1,1,1
1157,9,1513,339,64,177,1,1,1
1158,1,1278,346,154,354,1,1,1
1158,2,1221,391,147,337,1,1,1
1158,3,887,468,147,363,1,1,1
1158,4,937,435,173,343,1,1,1
1158,5,1860,234,163,418,1,1,1
1158,7,865,484,68,172,1,1,1
1158,9,1512,338,64,177,1,1,1
1159,1,1282,346,149,354,1,1,1
1159,2,1223,392,147,336,1,1,1
1159,3,888,467,147,360,1,1,1
1159,4,936,435,173,343,1,1,1
1159,5,1861,233,158,422,1,1,1
1159,7,865,485,69,171,1,1,1
1159,9,1511,337,65,177,1,1,1
1160,1,1286,346,144,353,1,1,1
1160,2,1225,394,146,335,1,1,1
1160,3,889,466,146,358,1,1,1
1160,4,936,435,172,342,1,1,1
1160,5,1862,232,154,426,1,1,1
1160,7,865,485,71,171,1,1,1
1160,9,1510,336,65,177,1,1,1
1161,1,1289,345,139,352,1,1,1
1161,2,1227,395,145,333,1,1,1
1161,3,889,464,145,356,1,1,1
1161,4,935,435,170,341,1,1,1
1161,5,1862,231,150,429,1,1,1
1161,7,864,485,72,170,1,1,1
1161,9,1508,335,66,177,1,1,1
1162,1,1290,346,139,353,1,1,1
1162,2,1230,394,142,339,1,1,1
1162,3,889,464,145,356,1,1,1
1162,4,938,436,168,341,1,1,1
1162,5,1864,231,148,432,1,1,1
1162,9,1509,336,65,177,1,1,1
1163,1,1291,347,138,352,1,1,1
1163,2,1232,392,139,344,1,1,1
1163,3,889,463,144,355,1,1,1
1163,4,940,436,165,341,1,1,1
1163,5,1865,231,147,435,1,1,1
1163,9,1509,336,64,178,1,1,1
1164,1,1291,348,138,352,1,1,1
1164,2,1235,391,135,348,1,1,1
1164,3,888,462,143,355,1,1,1
1164,4,943,436,162,342,1,1,1
1164,5,1867,231,144,438,1,1,1
1164,9,1510,336,62,178,1,1,1
1165,1,1292,348,136,352,1,1,1
1165,2,1237,389,133,353,1,1,1
1165,3,888,461,142,355,1,1,1
1165,4,945,436,160,342,1,1,1
1165,5,1868,231,143,441,1,1,1
1165,9,1510,336,62,179,1,1,1
1166,1,1292,348,135,352,1,1,1
1166,2,1239,387,129,358,1,1,1
1166,3,887,460,140,354,1,1,1
1166,4,947,436,156,341,1,1,1
1166,5,1869,231,140,443,1,1,1
1166,9,1510,336,60,179,1,1,1
1167,1,1292,349,136,352,1,1,1
1167,2,1241,388,129,358,1,1,1
1167,3,886,462,142,352,1,1,1
1167,4,947,436,157,342,1,1,1
1167,5,1871,230,141,445,1,1,1
1167,9,1510,336,61,179,1,1,1
1168,1,1291,349,137,352,1,1,1
1168,2,1242,388,130,358,1,1,1
1168,3,885,464,143,350,1,1,1
1168,4,946,435,159,343,1,1,1
1168,5,1872,228,141,447,1,1,1
1168,9,1509,336,62,179,1,1,1
1169,1,1290,349,137,351,1,1,1
1169,2,1242,388,132,358,1,1,1
1169,3,884,466,144,348,1,1,1
1169,4,945,434,160,343,1,1,1
1169,5,1872,227,143,448,1,1,1
1169,9,1508,336,63,179,1,1,1
1170,1,1290,349,137,351,1,1,1
1170,2,1243,388,132,357,1,1,1
1170,3,883,468,145,345,1,1,1
1170,4,944,433,161,344,1,1,1
1170,5,1873,226,143,449,1,1,1
1170,9,1507,336,63,178,1,1,1
1171,1,1288,349,137,350,1,1,1
1171,2,1244,387,132,357,1,1,1
1171,3,882,470,145,342,1,1,1
1171,4,943,432,162,344,1,1,1
1171,5,1874,224,143,450,1,1,1
1171,9,1506,336,63,177,1,1,1
1172,2,1245,387,133,359,1,1,1
1172,3,881,470,146,342,1,1,1
1172,4,944,432,160,344,1,1,1
1172,5,1874,223,143,452,1,1,1
1172,9,1507,336,63,177,1,1,1
1173,2,1245,386,134,360,1,1,1
1173,3,879,470,148,341,1,1,1
1173,4,944,432,159,344,1,1,1
1173,5,1874,223,142,451,1,1,1
1173,9,1507,335,63,178,1,1,1
1174,2,1246,384,135,363,1,1,1
1174,3,878,470,148,340,1,1,1
1174,4,945,432,157,344,1,1,1
1174,5,1874,222,141,452,1,1,1
1174,9,1508,334,62,179,1,1,1
1175,2,1246,383,136,364,1,1,1
1175,3,876,470,150,339,1,1,1
1175,4,945,432,155,343,1,1,1
1175,5,1874,221,140,452,1,1,1
1175,9,1508,334,61,178,1,1,1
1176,2,1246,382,136,365,1,1,1
1176,3,875,470,150,338,1,1,1
1176,4,945,432,153,342,1,1,1
1176,5,1873,220,139,452,1,1,1
1176,9,1508,333,60,178,1,1,1
1177,2,1247,380,139,367,1,1,1
1177,3,873,470,151,337,1,1,1
1177,4,947,431,151,343,1,1,1
1177,5,1872,221,140,454,1,1,1
1177,9,1508,333,61,178,1,1,1
1178,2,1247,379,143,368,1,1,1
1178,3,872,469,152,336,1,1,1
1178,4,949,430,147,344,1,1,1
1178,5,1870,221,141,457,1,1,1
1178,9,1508,332,61,178,1,1,1
1179,2,1247,377,146,369,1,1,1
1179,3,870,469,153,335,1,1,1
1179,4,951,429,144,344,1,1,1
1179,5,1867,222,143,459,1,1,1
1179,9,1508,331,61,179,1,1,1
1180,2,1247,375,149,371,1,1,1
1180,3,868,468,154,335,1,1,1
1180,4,953,428,141,344,1,1,1
1180,5,1865,222,143,462,1,1,1
1180,9,1507,330,62,179,1,1,1
1181,2,1247,373,151,371,1,1,1
1181,3,866,467,154,333,1,1,1
1181,4,954,427,138,344,1,1,1
1181,5,1863,222,144,464,1,1,1
1181,9,1507,329,61,178,1,1,1
1182,2,1249,373,158,372,1,1,1
1182,3,865,467,153,333,1,1,1
1182,4,955,427,138,342,1,1,1
1182,5,1860,224,145,465,1,1,1
1182,9,1507,329,62,179,1,1,1
1183,2,1250,372,165,372,1,1,1
1183,3,864,466,151,333,1,1,1
1183,4,956,427,136,340,1,1,1
1183,5,1857,226,146,465,1,1,1
1183,9,1506,329,63,178,1,1,1
1184,2,1252,371,171,373,1,1,1
1184,3,863,465,148,333,1,1,1
1184,4,957,427,135,338,1,1,1
1184,5,1855,228,146,465,1,1,1
1184,9,1506,329,63,177,1,1,1
1185,2,1253,370,178,373,1,1,1
1185,3,862,464,146,333,1,1,1
1185,4,958,426,134,337,1,1,1
1185,5,1852,230,147,465,1,1,1
1185,9,1506,328,63,178,1,1,1
1186,2,1254,368,185,373,1,1,1
1186,3,860,463,143,332,1,1,1
1186,4,958,426,133,335,1,1,1
1186,5,1848,231,147,465,1,1,1
1186,9,1505,328,63,177,1,1,1
1187,2,1255,369,187,375,1,1,1
1187,3,860,463,144,332,1,1,1
1187,4,959,425,132,335,1,1,1
1187,5,1843,231,154,469,1,1,1
1187,9,1505,328,64,177,1,1,1
1188,2,1257,369,188,377,1,1,1
1188,3,860,462,145,333,1,1,1
1188,4,959,425,132,335,1,1,1
1188,5,1837,231,161,471,1,1,1
1188,9,1505,327,64,178,1,1,1
1189,2,1258,369,190,378,1,1,1
1189,3,860,462,145,332,1,1,1
1189,4,959,424,132,335,1,1,1
1189,5,1831,231,167,474,1,1,1
1189,9,1504,326,65,179,1,1,1
1190,2,1259,370,192,379,1,1,1
1190,3,859,461,146,333,1,1,1
1190,4,959,423,132,335,1,1,1
1190,5,1826,232,172,476,1,1,1
1190,9,1504,326,66,179,1,1,1
1191,2,1260,369,193,380,1,1,1
1191,3,859,460,146,332,1,1,1
1191,4,959,422,131,334,1,1,1
1191,5,1819,231,178,478,1,1,1
1191,9,1503,325,65,180,1,1,1
1192,2,1263,368,190,383,1,1,1
1192,3,862,461,141,332,1,1,1
1192,4,960,423,131,333,1,1,1
1192,5,1816,232,180,478,1,1,1
1192,9,1504,325,66,180,1,1,1
1193,2,1266,366,187,387,1,1,1
1193,3,864,461,138,331,1,1,1
1193,4,960,424,132,332,1,1,1
1193,5,1812,232,181,478,1,1,1
1193,9,1505,324,65,181,1,1,1
1194,2,1268,364,184,390,1,1,1
1194,3,866,461,134,331,1,1,1
1194,4,961,425,131,331,1,1,1
1194,5,1808,232,182,477,1,1,1
1194,9,1505,324,65,181,1,1,1
1195,2,1271,362,181,394,1,1,1
1195,3,869,462,129,329,1,1,1
1195,4,961,425,132,330,1,1,1
1195,5,1805,232,182,477,1,1,1
1195,9,1506,323,65,181,1,1,1
1196,1,1264,348,119,341,1,1,1
1196,2,1273,360,178,397,1,1,1
1196,3,871,462,125,329,1,1,1
1196,4,962,426,131,329,1,1,1
1196,5,1801,232,183,476,1,1,1
1196,9,1506,323,65,181,1,1,1
1197,1,1263,348,120,340,1,1,1
1197,2,1276,358,175,399,1,1,1
1197,3,874,461,125,328,1,1,1
1197,4,963,425,134,328,1,1,1
1197,5,1799,232,173,478,1,1,1
1197,9,1506,323,65,181,1,1,1
1198,1,1262,347,121,341,1,1,1
1198,2,1279,356,173,400,1,1,1
1198,3,876,459,127,328,1,1,1
1198,4,965,424,135,326,1,1,1
1198,5,1796,231,164,481,1,1,1
1198,9,1506,322,65,182,1,1,1
1199,1,1262,347,122,340,1,1,1
1199,2,1282,353,170,403,1,1,1
1199,3,879,458,127,327,1,1,1
1199,4,966,423,138,325,1,1,1
1199,5,1794,231,155,483,1,1,1
1199,9,1506,322,65,182,1,1,1
1200,1,1261,347,123,340,1,1,1
1200,2,1285,351,167,405,1,1,1
1200,3,881,457,128,327,1,1,1
1200,4,968,422,140,324,1,1,1
1200,5,1792,230,145,486,1,1,1
1200,9,1507,322,64,182,1,1,1
1201,1,1260,346,123,339,1,1,1
1201,2,1287,348,164,406,1,1,1
1201,3,884,455,128,326,1,1,1
1201,4,969,420,142,322,1,1,1
1201,5,1789,229,135,487,1,1,1
1201,7,861,472,68,167,1,1,1
1201,9,1506,321,63,181,1,1,1
1202,1,1258,347,126,337,1,1,1
1202,2,1291,348,162,410,1,1,1
1202,3,887,454,125,323,1,1,1
1202,4,971,420,145,323,1,1,1
1202,5,1782,231,143,488,1,1,1
1202,7,861,472,68,168,1,1,1
1202,9,1507,321,64,182,1,1,1
1203,1,1256,347,128,336,1,1,1
1203,2,1294,347,159,414,1,1,1
1203,3,889,452,123,320,1,1,1
1203,4,972,419,149,323,1,1,1
1203,5,1775,233,151,486,1,1,1
1203,7,860,472,69,168,1,1,1
1203,9,1506,321,65,182,1,1,1
1204,1,1254,347,129,334,1,1,1
1204,2,1297,346,157,418,1,1,1
1204,3,892,450,120,318,1,1,1
1204,4,974,418,152,324,1,1,1
1204,5,1768,234,158,486,1,1,1
1204,7,860,472,68,168,1,1,1
1204,9,1506,321,65,182,1,1,1
1205,1,1252,348,131,331,1,1,1
1205,2,1300,345,154,421,1,1,1
1205,3,894,449,118,314,1,1,1
1205,4,975,418,155,323,1,1,1
1205,5,1760,236,167,485,1,1,1
1205,7,859,471,69,169,1,1,1
1205,9,1506,320,65,182,1,1,1
1206,1,1250,348,133,329,1,1,1
1206,2,1303,344,152,425,1,1,1
1206,3,897,447,115,311,1,1,1
1206,4,977,417,158,324,1,1,1
1206,5,1753,237,174,485,1,1,1
1206,7,859,471,68,169,1,1,1
1206,9,1506,320,65,182,1,1,1
1207,1,1247,349,136,328,1,1,1
1207,2,1305,344,150,425,1,1,1
1207,3,900,447,113,312,1,1,1
1207,4,979,416,158,325,1,1,1
1207,5,1747,237,180,483,1,1,1
1207,7,858,471,69,169,1,1,1
1207,9,1506,319,66,183,1,1,1
1208,1,1244,350,139,326,1,1,1
1208,2,1307,345,148,424,1,1,1
1208,3,902,448,112,311,1,1,1
1208,4,981,416,157,326,1,1,1
1208,5,1741,238,186,481,1,1,1
1208,7,858,470,69,170,1,1,1
1208,9,1507,319,65,183,1,1,1
1209,1,1241,351,142,325,1,1,1
1209,2,1308,345,147,424,1,1,1
1209,3,905,448,110,312,1,1,1
1209,4,984,415,156,327,1,1,1
1209,5,1735,238,192,479,1,1,1
1209,7,857,470,70,170,1,1,1
1209,9,1507,318,66,184,1,1,1
1210,1,1238,352,145,323,1,1,1
1210,2,1310,346,145,424,1,1,1
1210,3,908,448,108,312,1,1,1
1210,4,986,415,156,328,1,1,1
1210,5,1730,239,198,477,1,1,1
1210,7,856,470,72,170,1,1,1
1210,9,1508,318,65,183,1,1,1
1211,1,1235,352,147,322,1,1,1
1211,2,1311,346,143,423,1,1,1
1211,3,910,448,106,311,1,1,1
1211,4,988,414,155,328,1,1,1
1211,5,1723,239,203,475,1,1,1
1211,7,855,469,72,169,1,1,1
1211,9,1507,317,65,184,1,1,1
1212,1,1233,353,148,322,1,1,1
1212,2,1313,346,143,426,1,1,1
1212,3,913,450,106,309,1,1,1
1212,4,991,413,153,330,1,1,1
1212,5,1723,239,204,476,1,1,1
1212,7,856,470,72,169,1,1,1
1212,9,1508,317,65,184,1,1,1
1213,1,1230,352,150,323,1,1,1
1213,2,1313,347,143,427,1,1,1
1213,3,915,451,106,307,1,1,1
1213,4,994,412,150,331,1,1,1
1213,5,1723,239,203,476,1,1,1
1213,7,856,470,72,169,1,1,1
1213,9,1508,318,65,183,1,1,1
1214,1,1227,352,151,324,1,1,1
1214,2,1314,347,143,429,1,1,1
1214,3,917,452,106,305,1,1,1
1214,4,997,411,147,331,1,1,1
1214,5,1722,239,203,477,1,1,1
1214,7,856,470,72,169,1,1,1
1214,9,1508,318,64,183,1,1,1
1215,1,1224,352,153,324,1,1,1
1215,2,1315,348,142,431,1,1,1
1215,3,919,453,106,303,1,1,1
1215,4,1000,410,144,332,1,1,1
1215,5,1722,239,203,477,1,1,1
1215,7,856,470,72,169,1,1,1
1215,9,1508,318,64,182,1,1,1
1216,1,1221,352,153,323,1,1,1
1216,2,1315,347,142,433,1,1,1
1216,3,920,453,106,300,1,1,1
1216,4,1002,409,142,332,1,1,1
1216,5,1721,238,202,477,1,1,1
1216,7,856,470,71,169,1,1,1
1216,9,1507,318,63,181,1,1,1
1217,1,1219,352,152,324,1,1,1
1217,2,1317,348,144,434,1,1,1
1217,3,923,453,104,299,1,1,1
1217,4,1005,408,139,332,1,1,1
1217,5,1716,241,201,476,1,1,1
1217,7,856,470,72,169,1,1,1
1217,9,1508,318,63,182,1,1,1
1218,1,1217,353,149,323,1,1,1
1218,2,1318,348,146,436,1,1,1
1218,3,925,451,102,299,1,1,1
1218,4,1007,407,137,332,1,1,1
1218,5,1711,243,199,474,1,1,1
1218,7,856,470,72,169,1,1,1
1218,9,1508,318,64,182,1,1,1
1219,1,1214,353,147,324,1,1,1
1219,2,1319,348,149,437,1,1,1
1219,3,927,450,100,298,1,1,1
1219,4,1009,407,134,331,1,1,1
1219,5,1706,246,198,471,1,1,1
1219,7,855,470,73,169,1,1,1
1219,9,1508,318,64,182,1,1,1
1220,1,1212,353,145,324,1,1,1
1220,2,1320,349,151,438,1,1,1
1220,3,929,449,98,297,1,1,1
1220,4,1012,406,131,331,1,1,1
1220,5,1701,248,196,469,1,1,1
1220,7,855,470,74,169,1,1,1
1220,9,1508,318,64,182,1,1,1
1221,1,1209,353,142,323,1,1,1
1221,2,1320,348,153,439,1,1,1
1221,3,931,447,95,295,1,1,1
1221,4,1014,404,128,330,1,1,1
1221,5,1695,250,194,466,1,1,1
1221,7,854,470,74,169,1,1,1
1221,9,1508,318,64,181,1,1,1
1222,1,1207,355,142,322,1,1,1
1222,2,1322,349,159,440,1,1,1
1222,3,933,447,97,294,1,1,1
1222,4,1017,405,126,331,1,1,1
1222,5,1691,251,185,466,1,1,1
1222,7,855,471,74,168,1,1,1
1222,9,1508,319,65,182,1,1,1
1223,1,1206,356,140,322,1,1,1
1223,2,1323,349,164,440,1,1,1
1223,3,935,445,99,294,1,1,1
1223,4,1019,405,126,331,1,1,1
1223,5,1685,252,176,465,1,1,1
1223,7,855,471,73,168,1,1,1
1223,9,1508,319,65,182,1,1,1
1224,1,1204,357,139,321,1,1,1
1224,2,1324,349,169,440,1,1,1
1224,3,937,444,101,293,1,1,1
1224,4,1022,405,124,331,1,1,1
1224,5,1680,252,166,466,1,1,1
1224,7,855,472,73,167,1,1,1
1224,9,1508,320,65,182,1,1,1
1225,1,1203,358,137,320,1,1,1
1225,2,1325,349,174,441,1,1,1
1225,3,939,443,103,291,1,1,1
1225,4,1024,405,123,331,1,1,1
1225,5,1675,253,157,465,1,1,1
1225,7,855,473,73,166,1,1,1
1225,9,1508,321,65,181,1,1,1
1226,1,1200,358,135,320,1,1,1
1226,2,1326,349,178,440,1,1,1
1226,3,941,441,104,290,1,1,1
1226,4,1026,405,122,331,1,1,1
1226,5,1669,253,147,465,1,1,1
1226,7,855,473,72,166,1,1,1
1226,9,1508,321,65,181,1,1,1
1227,1,1200,359,133,320,1,1,1
1227,2,1329,349,187,441,1,1,1
1227,3,945,441,112,291,1,1,1
1227,4,1028,406,126,330,1,1,1
1227,5,1665,255,149,464,1,1,1
1227,7,855,473,73,167,1,1,1
1227,9,1508,321,65,182,1,1,1
1228,1,1199,359,130,320,1,1,1
1228,2,1331,349,195,442,1,1,1
1228,3,948,442,120,290,1,1,1
1228,4,1030,407,129,329,1,1,1
1228,5,1661,257,151,462,1,1,1
1228,7,855,473,73,167,1,1,1
1228,9,1508,321,65,182,1,1,1
1229,1,1199,360,126,319,1,1,1
1229,2,1333,348,204,444,1,1,1
1229,3,951,442,128,290,1,1,1
1229,4,1032,408,133,328,1,1,1
1229,5,1656,259,153,460,1,1,1
1229,7,856,473,72,167,1,1,1
1229,9,1508,322,65,182,1,1,1
1230,1,1198,360,123,320,1,1,1
1230,2,1335,348,212,444,1,1,1
1230,3,954,442,136,290,1,1,1
1230,4,1033,408,137,327,1,1,1
1230,5,1651,261,155,459,1,1,1
1230,7,856,473,72,167,1,1,1
1230,9,1508,322,65,182,1,1,1
1231,1,1197,360,120,319,1,1,1
1231,2,1337,347,220,444,1,1,1
1231,3,957,442,143,289,1,1,1
1231,4,1034,409,140,325,1,1,1
1231,5,1646,262,155,457,1,1,1
1231,7,855,473,71,166,1,1,1
1231,9,1507,322,65,182,1,1,1
1232,1,1197,362,119,318,1,1,1
1232,2,1341,347,221,448,1,1,1
1232,3,962,442,141,289,1,1,1
1232,4,1036,408,139,327,1,1,1
1232,5,1642,264,160,457,1,1,1
1232,7,856,474,71,166,1,1,1
1232,9,1507,322,65,183,1,1,1
1233,1,1197,363,117,317,1,1,1
1233,2,1343,347,223,450,1,1,1
1233,3,965,442,141,288,1,1,1
1233,4,1038,407,137,328,1,1,1
1233,5,1637,267,165,454,1,1,1
1233,7,855,474,72,166,1,1,1
1233,9,1507,322,64,183,1,1,1
1234,1,1197,364,115,316,1,1,1
1234,2,1346,347,224,453,1,1,1
1234,3,969,442,139,287,1,1,1
1234,4,1040,406,135,329,1,1,1
1234,5,1632,269,170,452,1,1,1
1234,7,855,474,72,166,1,1,1
1234,9,1506,322,65,183,1,1,1
1235,1,1197,365,113,315,1,1,1
1235,2,1349,347,225,455,1,1,1
1235,3,973,442,137,286,1,1,1
1235,4,1041,405,134,330,1,1,1
1235,5,1627,271,174,451,1,1,1
1235,7,854,474,73,166,1,1,1
1235,9,1506,322,64,183,1,1,1
1236,1,1197,366,110,314,1,1,1
1236,2,1352,346,226,457,1,1,1
1236,3,976,442,135,284,1,1,1
1236,4,1042,404,131,331,1,1,1
1236,5,1621,272,179,449,1,1,1
1236,7,853,474,72,166,1,1,1
1236,9,1505,322,63,182,1,1,1
1237,1,1198,366,109,315,1,1,1
1237,2,1355,345,223,460,1,1,1
1237,3,980,440,134,284,1,1,1
1237,4,1045,403,129,332,1,1,1
1237,5,1617,275,183,448,1,1,1
1237,7,854,474,72,166,1,1,1
1237,9,1505,323,64,182,1,1,1
1238,1,1198,366,107,315,1,1,1
1238,2,1358,343,220,463,1,1,1
1238,3,984,438,131,283,1,1,1
1238,4,1047,402,127,333,1,1,1
1238,5,1613,276,186,447,1,1,1
1238,7,853,474,72,166,1,1,1
1238,9,1505,323,64,182,1,1,1
1239,1,1198,366,105,316,1,1,1
1239,2,1361,342,216,465,1,1,1
1239,3,987,435,129,284,1,1,1
1239,4,1049,402,124,333,1,1,1
1239,5,1609,278,189,446,1,1,1
1239,7,853,473,72,167,1,1,1
1239,9,1505,323,64,181,1,1,1
1240,1,1198,365,104,318,1,1,1
1240,2,1364,340,213,469,1,1,1
1240,3,991,433,126,283,1,1,1
1240,4,1051,401,122,334,1,1,1
1240,5,1604,280,193,444,1,1,1
1240,7,853,473,71,167,1,1,1
1240,9,1504,323,64,181,1,1,1
1241,1,1198,365,101,318,1,1,1
1241,2,1366,338,209,470,1,1,1
1241,3,994,430,123,283,1,1,1
1241,4,1052,400,119,334,1,1,1
1241,5,1600,281,195,443,1,1,1
1241,7,852,472,70,168,1,1,1
1241,9,1504,323,63,180,1,1,1
1242,1,1199,365,101,316,1,1,1
1242,2,1370,338,206,472,1,1,1
1242,3,996,430,122,282,1,1,1
1242,4,1056,400,128,334,1,1,1
1242,5,1596,283,193,441,1,1,1
1242,7,853,472,71,168,1,1,1
1242,9,1505,324,64,180,1,1,1
1243,1,1199,364,102,314,1,1,1
1243,2,1374,337,203,474,1,1,1
1243,3,998,430,121,280,1,1,1
1243,4,1058,399,137,335,1,1,1
1243,5,1593,284,190,440,1,1,1
1243,7,854,473,70,167,1,1,1
1243,9,1505,323,65,182,1,1,1
1244,1,1199,363,102,312,1,1,1
1244,2,1378,336,199,476,1,1,1
1244,3,1000,429,119,279,1,1,1
1244,4,1061,399,146,335,1,1,1
1244,5,1589,286,187,437,1,1,1
1244,7,854,473,70,167,1,1,1
1244,9,1506,323,64,182,1,1,1
1245,1,1200,362,101,311,1,1,1
1245,2,1381,334,196,479,1,1,1
1245,3,1002,429,118,276,1,1,1
1245,4,1064,399,154,335,1,1,1
1245,5,1585,287,185,435,1,1,1
1245,7,855,473,70,167,1,1,1
1245,9,1506,323,65,182,1,1,1
1246,1,1200,361,101,308,1,1,1
1246,2,1385,333,191,480,1,1,1
1246,3,1003,428,116,275,1,1,1
1246,4,1066,398,163,335,1,1,1
1246,5,1581,288,181,433,1,1,1
1246,7,855,473,70,166,1,1,1
1246,9,1506,323,65,181,1,1,1
1247,1,1200,362,102,307,1,1,1
1247,2,1387,333,190,487,1,1,1
1247,3,1005,427,114,276,1,1,1
1247,4,1070,397,167,335,1,1,1
1247,5,1579,288,170,433,1,1,1
1247,7,855,473,70,167,1,1,1
1247,9,1507,323,64,182,1,1,1
1248,1,1200,362,102,305,1,1,1
1248,2,1389,333,188,493,1,1,1
1248,3,1007,426,112,276,1,1,1
1248,4,1073,396,172,335,1,1,1
1248,5,1576,287,158,434,1,1,1
1248,7,855,472,71,167,1,1,1
1248,9,1507,323,63,181,1,1,1
1249,1,1200,362,102,304,1,1,1
1249,2,1391,332,186,501,1,1,1
1249,3,1009,425,109,276,1,1,1
1249,4,1076,395,176,335,1,1,1
1249,5,1574,287,146,433,1,1,1
1249,7,855,472,71,167,1,1,1
1249,9,1508,323,61,181,1,1,1
1250,1,1200,362,103,302,1,1,1
1250,2,1393,332,185,507,1,1,1
1250,3,1011,423,106,278,1,1,1
1250,4,1079,394,180,335,1,1,1
1250,5,1571,287,134,433,1,1,1
1250,7,854,471,72,167,1,1,1
1250,9,1508,324,60,179,1,1,1
1251,1,1200,362,102,300,1,1,1
1251,2,1394,331,183,513,1,1,1
1251,3,1012,422,104,277,1,1,1
1251,4,1081,393,184,334,1,1,1
1251,5,1568,286,122,433,1,1,1
1251,7,854,470,72,166,1,1,1
1251,9,1508,323,58,179,1,1,1
1252,1,1199,362,104,300,1,1,1
1252,2,1396,333,181,513,1,1,1
1252,3,1014,422,103,277,1,1,1
1252,4,1085,392,184,337,1,1,1
1252,5,1565,286,123,432,1,1,1
1252,7,855,470,71,167,1,1,1
1253,1,1199,362,104,300,1,1,1
1253,2,1398,335,179,512,1,1,1
1253,3,1016,422,102,276,1,1,1
1253,4,1089,391,182,338,1,1,1
1253,5,1561,287,124,429,1,1,1
1253,7,855,470,70,166,1,1,1
1254,1,1198,362,105,300,1,1,1
1254,2,1399,336,177,511,1,1,1
1254,3,1018,422,100,275,1,1,1
1254,4,1092,390,181,340,1,1,1
1254,5,1558,287,124,427,1,1,1
1254,7,856,469,69,167,1,1,1
1255,1,1198,361,105,300,1,1,1
1255,2,1401,338,175,510,1,1,1
1255,3,1020,422,99,275,1,1,1
1255,4,1095,389,179,342,1,1,1
1255,5,1555,287,124,426,1,1,1
1255,7,856,469,68,166,1,1,1
1256,1,1197,361,105,300,1,1,1
1256,2,1402,338,172,509,1,1,1
1256,3,1022,422,97,273,1,1,1
1256,4,1098,387,177,344,1,1,1
1256,5,1551,287,125,423,1,1,1
1256,7,856,468,66,166,1,1,1
1257,1,1196,363,107,299,1,1,1
1257,2,1404,339,173,515,1,1,1
1257,3,1023,423,97,271,1,1,1
1257,4,1103,387,173,345,1,1,1
1257,5,1548,289,128,422,1,1,1
1257,7,857,468,67,168,1,1,1
1258,1,1194,365,109,297,1,1,1
1258,2,1406,340,172,520,1,1,1
1258,3,1024,423,96,270,1,1,1
1258,4,1107,386,168,345,1,1,1
1258,5,1544,291,132,420,1,1,1
1258,7,856,469,69,167,1,1,1
1259,1,1192,367,111,296,1,1,1
1259,2,1408,341,172,524,1,1,1
1259,3,1025,424,95,268,1,1,1
1259,4,1112,385,163,346,1,1,1
1259,5,1540,293,136,418,1,1,1
1259,7,856,469,69,168,1,1,1
1260,1,1191,369,112,294,1,1,1
1260,2,1409,341,173,530,1,1,1
1260,3,1026,424,95,266,1,1,1
1260,4,1116,384,158,347,1,1,1
1260,5,1536,295,139,416,1,1,1
1260,7,856,469,70,169,1,1,1
1261,1,1188,370,113,293,1,1,1
1261,2,1411,341,172,534,1,1,1
1261,3,1026,425,94,263,1,1,1
1261,4,1120,383,152,347,1,1,1
1261,5,1531,297,143,413,1,1,1
1261,7,855,469,70,169,1,1,1
1262,1,1189,371,114,292,1,1,1
1262,2,1411,341,180,536,1,1,1
1262,3,1028,424,94,265,1,1,1
1262,4,1123,384,152,348,1,1,1
1262,5,1526,299,150,412,1,1,1
1262,7,856,470,71,169,1,1,1
1263,1,1190,372,114,291,1,1,1
1263,2,1411,341,188,537,1,1,1
1263,3,1030,424,92,266,1,1,1
1263,4,1126,384,150,349,1,1,1
1263,5,1520,301,156,411,1,1,1
1263,7,856,471,71,169,1,1,1
1264,1,1190,372,114,290,1,1,1
1264,2,1412,340,194,538,1,1,1
1264,3,1031,423,92,267,1,1,1
1264,4,1128,384,149,350,1,1,1
1264,5,1514,303,163,409,1,1,1
1264,7,857,471,70,169,1,1,1
1265,1,1190,373,115,289,1,1,1
1265,2,1412,339,202,540,1,1,1
1265,3,1033,423,91,267,1,1,1
1265,4,1131,384,147,351,1,1,1
1265,5,1509,305,169,408,1,1,1
1265,7,857,472,71,168,1,1,1
1266,1,1190,373,114,287,1,1,1
1266,2,1412,338,209,540,1,1,1
1266,3,1034,422,90,268,1,1,1
1266,4,1133,384,145,351,1,1,1
1266,5,1502,307,175,405,1,1,1
1266,7,857,472,70,168,1,1,1
1267,1,1190,374,115,286,1,1,1
1267,2,1412,340,216,540,1,1,1
1267,3,1036,422,90,269,1,1,1
1267,4,1136,384,143,353,1,1,1
1267,7,858,473,70,168,1,1,1
1268,1,1189,374,116,286,1,1,1
1268,2,1413,341,221,539,1,1,1
1268,3,1037,423,90,268,1,1,1
1268,4,1138,383,141,354,1,1,1
1268,7,858,473,69,169,1,1,1
1269,1,1188,374,116,285,1,1,1
1269,2,1413,342,228,538,1,1,1
1269,3,1039,423,89,268,1,1,1
1269,4,1141,382,138,356,1,1,1
1269,7,858,473,69,169,1,1,1
1270,1,1187,375,117,283,1,1,1
1270,2,1413,344,235,536,1,1,1
1270,3,1040,423,89,268,1,1,1
1270,4,1143,382,136,357,1,1,1
1270,7,858,474,69,169,1,1,1
1271,1,1186,375,116,282,1,1,1
1271,2,1413,344,240,535,1,1,1
1271,3,1041,422,88,268,1,1,1
1271,4,1145,381,133,358,1,1,1
1271,7,858,474,68,169,1,1,1
1272,2,1415,346,247,537,1,1,1
1272,3,1043,422,92,269,1,1,1
1272,4,1149,381,135,358,1,1,1
1272,7,859,474,69,169,1,1,1
1273,2,1417,346,252,540,1,1,1
1273,3,1044,422,96,269,1,1,1
1273,4,1151,381,139,356,1,1,1
1273,7,860,474,68,169,1,1,1
1274,2,1419,347,258,541,1,1,1
1274,3,1045,421,100,269,1,1,1
1274,4,1154,381,141,355,1,1,1
1274,7,860,474,69,169,1,1,1
1275,2,1420,348,264,543,1,1,1
1275,3,1047,420,103,270,1,1,1
1275,4,1157,380,143,355,1,1,1
1275,7,861,474,69,169,1,1,1
1276,2,1421,348,269,544,1,1,1
1276,3,1047,419,107,269,1,1,1
1276,4,1159,380,145,354,1,1,1
1276,7,861,473,68,168,1,1,1
1277,2,1424,347,263,554,1,1,1
1277,3,1050,419,108,270,1,1,1
1277,4,1161,378,146,356,1,1,1
1277,7,862,473,68,169,1,1,1
1278,2,1427,344,256,564,1,1,1
1278,3,1053,419,107,269,1,1,1
1278,4,1163,377,146,357,1,1,1
1278,7,862,473,69,168,1,1,1
1279,2,1429,342,249,573,1,1,1
1279,3,1056,419,107,268,1,1,1
1279,4,1165,375,146,359,1,1,1
1279,7,862,472,69,168,1,1,1
1280,2,1432,339,242,583,1,1,1
1280,3,1058,418,107,268,1,1,1
1280,4,1167,373,145,361,1,1,1
1280,7,862,471,69,168,1,1,1
1281,2,1434,336,234,591,1,1,1
1281,3,1060,417,107,266,1,1,1
1281,4,1169,371,145,363,1,1,1
1281,7,862,470,69,167,1,1,1
1282,2,1437,332,232,596,1,1,1
1282,3,1064,416,105,268,1,1,1
1282,4,1170,370,145,364,1,1,1
1282,7,862,470,70,167,1,1,1
1283,2,1440,327,229,600,1,1,1
1283,3,1066,414,104,269,1,1,1
1283,4,1172,369,144,364,1,1,1
1283,7,863,469,70,168,1,1,1
1284,2,1443,322,226,604,1,1,1
1284,3,1069,412,102,270,1,1,1
1284,4,1173,368,143,364,1,1,1
1284,7,863,468,70,168,1,1,1
1285,2,1446,317,223,609,1,1,1
1285,3,1072,410,100,272,1,1,1
1285,4,1175,367,142,364,1,1,1
1285,7,864,467,70,168,1,1,1
1286,2,1448,311,220,613,1,1,1
1286,3,1075,408,97,272,1,1,1
1286,4,1176,365,141,364,1,1,1
1286,7,864,466,70,167,1,1,1
1287,2,1453,312,216,612,1,1,1
1287,3,1078,407,97,273,1,1,1
1287,4,1177,364,143,365,1,1,1
1287,7,865,466,70,169,1,1,1
1288,2,1457,312,213,611,1,1,1
1288,3,1082,407,95,272,1,1,1
1288,4,1179,363,143,366,1,1,1
1288,7,865,466,71,169,1,1,1
1289,2,1461,312,209,611,1,1,1
1289,3,1085,406,94,273,1,1,1
1289,4,1180,362,145,367,1,1,1
1289,7,866,466,70,169,1,1,1
1290,2,1465,312,206,610,1,1,1
1290,3,1089,405,93,273,1,1,1
1290,4,1181,361,146,367,1,1,1
1290,7,866,465,71,170,1,1,1
1291,2,1469,312,202,609,1,1,1
1291,3,1092,404,92,273,1,1,1
1291,4,1182,360,147,368,1,1,1
1291,5,1433,312,121,379,1,1,1
1291,7,867,465,70,170,1,1,1
1292,2,1464,311,207,611,1,1,1
1292,3,1096,403,101,274,1,1,1
1292,4,1183,360,155,368,1,1,1
1292,7,868,465,69,170,1,1,1
1293,2,1460,310,211,613,1,1,1
1293,3,1100,402,110,275,1,1,1
1293,4,1185,359,162,368,1,1,1
1293,7,869,465,68,170,1,1,1
1294,2,1455,309,216,614,1,1,1
1294,3,1104,402,119,274,1,1,1
1294,4,1186,359,170,368,1,1,1
1294,7,870,465,67,170,1,1,1
1295,2,1451,307,220,617,1,1,1
1295,3,1108,401,127,275,1,1,1
1295,4,1188,358,176,368,1,1,1
1295,7,871,464,66,171,1,1,1
1296,2,1446,306,225,618,1,1,1
1296,3,1112,400,135,275,1,1,1
1296,4,1189,358,183,367,1,1,1
1296,7,871,464,66,170,1,1,1
1297,2,1440,309,233,618,1,1,1
1297,3,1118,399,134,277,1,1,1
1297,4,1191,357,185,369,1,1,1
1297,7,872,464,66,170,1,1,1
1298,2,1434,312,240,617,1,1,1
1298,3,1123,397,133,278,1,1,1
1298,4,1193,357,185,369,1,1,1
1298,7,872,463,67,170,1,1,1
1299,2,1428,315,247,615,1,1,1
1299,3,1129,396,130,279,1,1,1
1299,4,1195,356,185,370,1,1,1
1299,7,873,463,67,169,1,1,1
1300,2,1421,318,255,614,1,1,1
1300,3,1134,394,129,280,1,1,1
1300,4,1197,356,185,371,1,1,1
1300,7,873,462,68,169,1,1,1
1301,2,1415,320,261,613,1,1,1
1301,3,1139,392,127,281,1,1,1
1301,4,1199,355,185,371,1,1,1
1301,7,873,461,68,167,1,1,1
1301,9,1522,311,60,183,1,1,1
1302,2,1410,321,266,613,1,1,1
1302,3,1144,390,124,281,1,1,1
1302,4,1202,354,184,374,1,1,1
1302,7,874,461,68,168,1,1,1
1302,9,1523,311,61,183,1,1,1
1303,2,1404,322,272,612,1,1,1
1303,3,1149,387,120,281,1,1,1
1303,4,1205,353,182,375,1,1,1
1303,7,876,461,67,168,1,1,1
1303,9,1523,311,62,183,1,1,1
1304,2,1398,322,277,612,1,1,1
1304,3,1154,385,115,280,1,1,1
1304,4,1208,352,180,377,1,1,1
1304,7,877,460,66,169,1,1,1
1304,9,1523,310,63,184,1,1,1
1305,2,1393,323,282,612,1,1,1
1305,3,1159,382,111,281,1,1,1
1305,4,1211,351,178,379,1,1,1
1305,7,878,460,65,169,1,1,1
1305,9,1524,309,63,184,1,1,1
1306,2,1387,323,287,611,1,1,1
1306,3,1164,379,106,280,1,1,1
1306,4,1214,350,175,380,1,1,1
1306,7,879,459,64,169,1,1,1
1306,9,1524,308,63,183,1,1,1
1307,2,1382,325,278,612,1,1,1
1307,3,1168,379,104,279,1,1,1
1307,4,1217,349,173,382,1,1,1
1307,7,879,460,66,169,1,1,1
1307,9,1525,310,64,183,1,1,1
1308,2,1376,327,270,613,1,1,1
1308,3,1172,378,102,278,1,1,1
1308,4,1219,348,172,384,1,1,1
1308,7,879,460,66,169,1,1,1
1308,9,1525,310,65,183,1,1,1
1309,2,1371,329,261,614,1,1,1
1309,3,1176,378,99,277,1,1,1
1309,4,1222,347,170,385,1,1,1
1309,7,879,460,67,170,1,1,1
1309,9,1526,311,64,183,1,1,1
1310,2,1366,331,252,615,1,1,1
1310,3,1180,377,96,276,1,1,1
1310,4,1224,345,169,388,1,1,1
1310,7,878,460,69,170,1,1,1
1310,9,1527,312,64,182,1,1,1
1311,2,1360,333,243,615,1,1,1
1311,3,1183,376,93,275,1,1,1
1311,4,1226,344,167,388,1,1,1
1311,7,878,460,70,169,1,1,1
1311,9,1527,312,64,181,1,1,1
1312,2,1355,336,237,617,1,1,1
1312,3,1189,377,101,274,1,1,1
1312,4,1229,345,165,388,1,1,1
1312,7,879,461,69,169,1,1,1
1312,9,1529,313,63,182,1,1,1
1313,2,1350,340,230,617,1,1,1
1313,3,1194,378,108,273,1,1,1
1313,4,1232,345,162,389,1,1,1
1313,7,880,462,69,169,1,1,1
1313,9,1530,313,63,182,1,1,1
1314,2,1344,343,224,618,1,1,1
1314,3,1199,379,116,272,1,1,1
1314,4,1234,346,160,388,1,1,1
1314,7,881,463,68,168,1,1,1
1314,9,1531,314,62,182,1,1,1
1315,2,1339,347,217,618,1,1,1
1315,3,1203,379,124,271,1,1,1
1315,4,1237,346,157,388,1,1,1
1315,7,881,464,68,168,1,1,1
1315,9,1532,314,62,182,1,1,1
1316,2,1333,350,210,619,1,1,1
1316,3,1208,379,130,270,1,1,1
1316,4,1239,346,154,388,1,1,1
1316,7,882,464,66,167,1,1,1
1316,9,1533,314,60,182,1,1,1
1317,2,1323,353,221,614,1,1,1
1317,4,1240,347,161,392,1,1,1
1317,7,882,465,67,167,1,1,1
1317,9,1533,315,61,182,1,1,1
1318,2,1313,355,231,610,1,1,1
1318,4,1240,347,169,396,1,1,1
1318,7,882,465,67,167,1,1,1
1318,9,1532,316,61,181,1,1,1
1319,2,1302,358,243,605,1,1,1
1319,4,1241,347,175,400,1,1,1
1319,7,882,465,68,167,1,1,1
1319,9,1532,317,61,181,1,1,1
1320,2,1292,361,253,599,1,1,1
1320,4,1241,348,182,403,1,1,1
1320,7,882,465,68,167,1,1,1
1320,9,1531,317,61,181,1,1,1
1321,1,1182,375,128,252,1,1,1
1321,2,1281,363,263,595,1,1,1
1321,4,1241,347,188,407,1,1,1
1321,5,1398,320,123,381,1,1,1
1321,7,882,465,67,166,1,1,1
1321,9,1530,318,61,180,1,1,1
1322,1,1180,377,126,253,1,1,1
1322,2,1277,366,267,593,1,1,1
1322,5,1398,322,124,381,1,1,1
1322,7,883,466,67,166,1,1,1
1322,9,1531,319,62,181,1,1,1
1323,1,1178,377,123,254,1,1,1
1323,2,1273,369,269,591,1,1,1
1323,5,1398,322,124,381,1,1,1
1323,7,883,466,67,167,1,1,1
1323,9,1532,320,61,180,1,1,1
1324,1,1176,378,120,253,1,1,1
1324,2,1268,372,273,589,1,1,1
1324,5,1397,323,125,380,1,1,1
1324,7,884,466,66,167,1,1,1
1324,9,1533,321,61,180,1,1,1
1325,1,1174,379,117,253,1,1,1
1325,2,1264,376,275,586,1,1,1
1325,5,1397,324,126,379,1,1,1
1325,7,884,466,66,167,1,1,1
1325,9,1534,322,61,180,1,1,1
1326,1,1171,379,114,253,1,1,1
1326,2,1259,378,278,584,1,1,1
1326,5,1396,325,126,378,1,1,1
1326,7,884,466,65,166,1,1,1
1326,9,1534,322,61,180,1,1,1
1327,1,1169,380,112,254,1,1,1
1327,2,1250,379,279,585,1,1,1
1327,5,1395,326,127,378,1,1,1
1327,7,884,467,66,166,1,1,1
1327,9,1534,323,61,181,1,1,1
1328,1,1166,381,110,253,1,1,1
1328,2,1241,379,279,586,1,1,1
1328,5,1395,327,126,377,1,1,1
1328,7,883,467,66,166,1,1,1
1328,9,1533,324,62,180,1,1,1
1329,1,1164,382,108,252,1,1,1
1329,2,1231,379,280,587,1,1,1
1329,5,1394,328,126,376,1,1,1
1329,7,882,467,67,166,1,1,1
1329,9,1533,324,61,181,1,1,1
1330,1,1161,383,106,252,1,1,1
1330,2,1222,379,280,588,1,1,1
1330,5,1393,329,126,375,1,1,1
1330,7,882,467,66,166,1,1,1
1330,9,1532,325,61,180,1,1,1
1331,1,1158,383,103,251,1,1,1
1331,2,1212,379,280,587,1,1,1
1331,5,1391,329,126,375,1,1,1
1331,7,880,466,66,166,1,1,1
1331,9,1531,325,61,180,1,1,1
1332,2,1204,380,272,587,1,1,1
1332,5,1390,330,128,375,1,1,1
1332,7,880,467,67,167,1,1,1
1332,9,1531,325,61,180,1,1,1
1333,2,1197,381,262,586,1,1,1
1333,5,1388,330,130,375,1,1,1
1333,7,879,467,68,167,1,1,1
1333,9,1531,325,60,180,1,1,1
1334,2,1189,381,253,586,1,1,1
1334,5,1387,331,130,375,1,1,1
1334,7,878,467,69,167,1,1,1
1334,9,1530,324,61,181,1,1,1
1335,2,1181,382,244,585,1,1,1
1335,5,1385,331,132,375,1,1,1
1335,7,877,467,69,167,1,1,1
1335,9,1530,324,60,181,1,1,1
1336,2,1173,382,234,584,1,1,1
1336,5,1383,331,133,375,1,1,1
1336,7,876,466,69,168,1,1,1
1336,9,1529,323,60,181,1,1,1
1337,2,1169,384,231,582,1,1,1
1337,5,1382,331,135,375,1,1,1
1337,7,876,466,70,168,1,1,1
1337,9,1529,323,62,181,1,1,1
1338,2,1164,386,227,579,1,1,1
1338,5,1381,330,136,376,1,1,1
1338,7,876,464,70,169,1,1,1
1338,9,1530,323,62,180,1,1,1
1339,2,1159,388,224,577,1,1,1
1339,5,1380,330,136,376,1,1,1
1339,7,876,463,70,169,1,1,1
1339,9,1530,322,63,180,1,1,1
1340,2,1154,390,220,574,1,1,1
1340,5,1379,329,137,377,1,1,1
1340,7,876,462,71,169,1,1,1
1340,9,1530,321,65,180,1,1,1
1341,2,1148,391,216,571,1,1,1
1341,4,1224,355,161,420,1,1,1
1341,5,1377,328,138,377,1,1,1
1341,7,875,461,71,169,1,1,1
1341,9,1530,320,65,179,1,1,1
1342,2,1146,392,220,570,1,1,1
1342,4,1224,354,163,421,1,1,1
1342,5,1378,328,139,378,1,1,1
1342,7,876,460,72,169,1,1,1
1342,9,1531,320,65,180,1,1,1
1343,2,1143,393,223,568,1,1,1
1343,4,1224,353,165,421,1,1,1
1343,5,1379,327,138,379,1,1,1
1343,7,876,460,73,168,1,1,1
1343,9,1531,319,66,180,1,1,1
1344,2,1140,393,227,567,1,1,1
1344,4,1224,353,167,420,1,1,1
1344,5,1380,326,138,380,1,1,1
1344,7,876,459,73,168,1,1,1
1344,9,1532,318,65,181,1,1,1
1345,2,1138,393,229,565,1,1,1
1345,4,1224,352,168,420,1,1,1
1345,5,1381,325,137,381,1,1,1
1345,7,876,458,74,168,1,1,1
1345,9,1532,317,66,181,1,1,1
1346,2,1134,393,232,563,1,1,1
1346,4,1224,351,169,420,1,1,1
1346,5,1381,324,136,381,1,1,1
1346,7,875,457,75,167,1,1,1
1346,9,1532,316,65,181,1,1,1
1347,2,1132,394,229,562,1,1,1
1347,4,1224,350,170,423,1,1,1
1347,5,1381,324,137,382,1,1,1
1347,7,876,457,76,167,1,1,1
1347,9,1533,316,66,181,1,1,1
1348,2,1130,394,225,560,1,1,1
1348,4,1224,349,170,427,1,1,1
1348,5,1381,324,137,382,1,1,1
1348,7,876,457,77,167,1,1,1
1348,9,1534,316,66,180,1,1,1
1349,2,1127,394,222,558,1,1,1
1349,4,1223,347,171,431,1,1,1
1349,5,1380,323,138,383,1,1,1
1349,7,877,457,76,167,1,1,1
1349,9,1535,315,65,181,1,1,1
1350,2,1125,394,218,557,1,1,1
1350,4,1223,346,171,434,1,1,1
1350,5,1380,323,138,383,1,1,1
1350,7,877,457,77,167,1,1,1
1350,9,1536,315,65,180,1,1,1
1351,2,1122,393,214,555,1,1,1
1351,3,1302,346,100,287,1,1,1
1351,4,1222,344,171,436,1,1,1
1351,5,1379,322,138,383,1,1,1
1351,7,877,457,77,167,1,1,1
1351,9,1536,314,65,179,1,1,1
1352,2,1119,392,206,550,1,1,1
1352,3,1304,347,99,287,1,1,1
1352,4,1224,344,171,436,1,1,1
1352,5,1378,322,142,385,1,1,1
1352,7,879,456,77,167,1,1,1
1352,9,1538,313,65,181,1,1,1
1353,2,1115,390,199,546,1,1,1
1353,3,1306,347,98,287,1,1,1
1353,4,1227,344,169,434,1,1,1
1353,5,1377,322,145,386,1,1,1
1353,7,880,455,76,167,1,1,1
1353,9,1539,313,65,182,1,1,1
1354,2,1111,388,191,541,1,1,1
1354,3,1308,347,96,286,1,1,1
1354,4,1229,344,169,433,1,1,1
1354,5,1376,321,147,388,1,1,1
1354,7,881,453,75,168,1,1,1
1354,9,1540,312,64,183,1,1,1
1355,2,1108,386,183,537,1,1,1
1355,3,1310,347,95,286,1,1,1
1355,4,1231,343,168,432,1,1,1
1355,5,1375,321,150,388,1,1,1
1355,7,882,452,75,168,1,1,1
1355,9,1542,311,63,185,1,1,1
1356,2,1104,383,175,532,1,1,1
1356,3,1312,346,93,285,1,1,1
1356,4,1232,342,167,430,1,1,1
1356,5,1373,320,153,389,1,1,1
1356,7,883,451,73,167,1,1,1
1356,9,1542,310,63,185,1,1,1
1357,2,1102,384,176,531,1,1,1
1357,3,1312,347,95,286,1,1,1
1357,4,1234,342,166,432,1,1,1
1357,5,1374,320,150,389,1,1,1
1357,7,884,451,73,167,1,1,1
1357,9,1542,310,64,185,1,1,1
1358,2,1100,385,176,528,1,1,1
1358,3,1312,347,97,287,1,1,1
1358,4,1235,342,166,432,1,1,1
1358,5,1374,320,148,389,1,1,1
1358,7,884,452,72,166,1,1,1
1358,9,1541,310,65,184,1,1,1
1359,2,1098,386,177,525,1,1,1
1359,3,1312,347,98,288,1,1,1
1359,4,1236,342,165,433,1,1,1
1359,5,1375,320,145,388,1,1,1
1359,7,885,452,71,166,1,1,1
1359,9,1540,310,66,183,1,1,1
1360,2,1096,387,177,523,1,1,1
1360,3,1312,347,99,289,1,1,1
1360,4,1238,341,164,434,1,1,1
1360,5,1375,320,143,387,1,1,1
1360,7,885,453,71,165,1,1,1
1360,9,1540,310,66,183,1,1,1
1361,2,1093,387,177,520,1,1,1
1361,3,1312,346,100,289,1,1,1
1361,4,1238,340,163,434,1,1,1
1361,5,1375,320,140,385,1,1,1
1361,7,885,453,69,165,1,1,1
1361,9,1538,310,67,181,1,1,1
1362,2,1091,390,181,519,1,1,1
1362,4,1240,341,162,434,1,1,1
1362,5,1373,321,137,386,1,1,1
1362,7,886,452,70,167,1,1,1
1362,9,1540,310,66,182,1,1,1
1363,2,1089,392,183,517,1,1,1
1363,4,1242,342,159,432,1,1,1
1363,5,1371,322,132,386,1,1,1
1363,7,887,452,69,167,1,1,1
1363,9,1540,311,66,181,1,1,1
1364,2,1086,394,187,516,1,1,1
1364,4,1243,342,158,432,1,1,1
1364,5,1369,322,128,387,1,1,1
1364,7,888,451,69,168,1,1,1
1364,9,1541,311,66,182,1,1,1
1365,2,1083,396,190,515,1,1,1
1365,4,1244,343,156,430,1,1,1
1365,5,1366,323,124,387,1,1,1
1365,7,888,451,70,168,1,1,1
1365,9,1542,311,65,182,1,1,1
1366,2,1080,398,193,512,1,1,1
1366,4,1245,343,154,429,1,1,1
1366,5,1363,323,119,387,1,1,1
1366,7,888,450,69,169,1,1,1
1366,9,1543,311,63,181,1,1,1
1367,2,1076,399,197,508,1,1,1
1367,4,1248,342,152,430,1,1,1
1367,5,1362,324,121,386,1,1,1
1367,7,889,450,70,169,1,1,1
1367,9,1544,311,63,181,1,1,1
1368,2,1071,400,202,504,1,1,1
1368,4,1250,341,150,430,1,1,1
1368,5,1360,324,123,386,1,1,1
1368,7,890,450,69,168,1,1,1
1368,9,1545,310,62,182,1,1,1
1369,2,1066,401,207,499,1,1,1
1369,4,1253,340,148,431,1,1,1
1369,5,1357,324,126,385,1,1,1
1369,7,890,450,69,168,1,1,1
1369,9,1546,309,62,182,1,1,1
1370,2,1061,401,211,495,1,1,1
1370,4,1255,339,146,431,1,1,1
1370,5,1355,324,128,384,1,1,1
1370,7,890,450,69,167,1,1,1
1370,9,1547,309,61,181,1,1,1
1371,2,1056,402,215,490,1,1,1
1371,4,1257,337,143,432,1,1,1
1371,5,1353,323,130,383,1,1,1
1371,7,890,450,68,166,1,1,1
1371,9,1547,308,60,181,1,1,1
1372,2,1051,401,218,488,1,1,1
1372,4,1258,337,144,433,1,1,1
1372,5,1349,324,135,383,1,1,1
1372,7,889,450,70,166,1,1,1
1372,9,1548,308,60,182,1,1,1
1373,2,1047,400,219,485,1,1,1
1373,4,1258,336,145,434,1,1,1
1373,5,1345,324,139,382,1,1,1
1373,7,887,450,73,166,1,1,1
1373,9,1547,308,61,182,1,1,1
1374,2,1042,399,221,481,1,1,1
1374,4,1259,336,145,434,1,1,1
1374,5,1340,324,145,381,1,1,1
1374,7,885,450,75,166,1,1,1
1374,9,1547,307,61,183,1,1,1
1375,2,1037,398,223,478,1,1,1
1375,4,1259,335,146,436,1,1,1
1375,5,1336,324,150,381,1,1,1
1375,7,883,450,77,166,1,1,1
1375,9,1546,307,62,183,1,1,1
1376,2,1031,397,225,475,1,1,1
1376,4,1259,334,145,436,1,1,1
1376,5,1331,323,154,380,1,1,1
1376,7,880,450,79,165,1,1,1
1376,9,1545,306,62,183,1,1,1
1377,2,1029,398,221,474,1,1,1
1377,4,1259,335,148,434,1,1,1
1377,5,1332,324,152,381,1,1,1
1377,7,880,450,79,165,1,1,1
1377,9,1546,307,62,183,1,1,1
1378,2,1027,398,216,474,1,1,1
1378,4,1259,336,149,432,1,1,1
1378,5,1331,325,152,380,1,1,1
1378,7,879,450,80,165,1,1,1
1378,9,1546,307,62,183,1,1,1
1379,2,1024,398,212,474,1,1,1
1379,4,1258,336,151,430,1,1,1
1379,5,1331,325,150,380,1,1,1
1379,7,879,449,80,166,1,1,1
1379,9,1545,307,63,183,1,1,1
1380,2,1022,398,207,475,1,1,1
1380,4,1258,336,152,429,1,1,1
1380,5,1330,326,149,380,1,1,1
1380,7,878,449,81,166,1,1,1
1380,9,1545,307,62,183,1,1,1
1381,2,1019,398,203,473,1,1,1
1381,4,1257,336,153,426,1,1,1
1381,5,1329,326,147,379,1,1,1
1381,7,877,448,80,166,1,1,1
1381,9,1545,307,61,183,1,1,1
1382,2,1018,400,198,473,1,1,1
1382,4,1257,336,153,426,1,1,1
1382,5,1327,327,149,379,1,1,1
1382,7,877,449,81,167,1,1,1
1382,9,1545,307,61,183,1,1,1
1383,2,1016,402,194,471,1,1,1
1383,4,1257,335,153,427,1,1,1
1383,5,1325,327,150,379,1,1,1
1383,7,877,449,81,167,1,1,1
1383,9,1544,308,61,182,1,1,1
1384,2,1015,404,189,469,1,1,1
1384,4,1256,334,153,427,1,1,1
1384,5,1322,327,151,379,1,1,1
1384,7,877,449,80,167,1,1,1
1384,9,1543,308,61,182,1,1,1
1385,2,1014,405,184,468,1,1,1
1385,4,1256,333,153,427,1,1,1
1385,5,1319,327,153,379,1,1,1
1385,7,877,449,80,167,1,1,1
1385,9,1542,308,61,182,1,1,1
1386,2,1012,406,179,466,1,1,1
1386,4,1255,331,152,427,1,1,1
1386,5,1316,327,154,377,1,1,1
1386,7,876,448,80,168,1,1,1
1386,9,1541,308,59,181,1,1,1
1387,2,1012,407,178,466,1,1,1
1387,4,1254,332,154,428,1,1,1
1387,5,1317,327,154,379,1,1,1
1387,7,877,449,80,168,1,1,1
1387,9,1541,308,61,182,1,1,1
1388,2,1011,407,178,465,1,1,1
1388,4,1253,332,154,429,1,1,1
1388,5,1317,327,153,380,1,1,1
1388,7,877,449,80,168,1,1,1
1388,9,1541,307,61,184,1,1,1
1389,2,1010,407,177,464,1,1,1
1389,4,1252,331,155,431,1,1,1
1389,5,1317,327,153,381,1,1,1
1389,7,877,449,80,168,1,1,1
1389,9,1540,307,62,184,1,1,1
1390,2,1009,407,177,464,1,1,1
1390,4,1251,331,155,431,1,1,1
1390,5,1317,326,153,382,1,1,1
1390,7,877,450,80,167,1,1,1
1390,9,1540,306,62,185,1,1,1
1391,2,1008,407,176,463,1,1,1
1391,4,1250,331,156,432,1,1,1
1391,5,1317,326,153,383,1,1,1
1391,7,877,450,80,167,1,1,1
1391,9,1539,306,63,185,1,1,1
1392,2,1007,406,173,462,1,1,1
1392,4,1250,331,155,432,1,1,1
1392,5,1317,326,152,382,1,1,1
1392,7,877,450,79,167,1,1,1
1392,9,1539,306,63,185,1,1,1
1393,2,1006,405,170,460,1,1,1
1393,4,1249,332,156,431,1,1,1
1393,5,1316,327,153,380,1,1,1
1393,7,877,451,79,167,1,1,1
1393,9,1538,306,63,184,1,1,1
1394,2,1006,404,165,459,1,1,1
1394,4,1249,332,155,430,1,1,1
1394,5,1316,327,152,379,1,1,1
1394,7,877,451,78,167,1,1,1
1394,9,1538,306,63,184,1,1,1
1395,2,1005,403,162,457,1,1,1
1395,4,1248,333,156,429,1,1,1
1395,5,1315,328,153,377,1,1,1
1395,7,877,452,78,167,1,1,1
1395,9,1537,306,63,183,1,1,1
1396,2,1004,402,159,456,1,1,1
1396,4,1248,333,155,429,1,1,1
1396,5,1315,328,152,376,1,1,1
1396,7,877,452,77,167,1,1,1
1396,9,1537,306,63,183,1,1,1
1397,2,1004,402,158,452,1,1,1
1397,4,1247,333,155,429,1,1,1
1397,5,1314,328,153,376,1,1,1
1397,7,876,452,77,167,1,1,1
1397,9,1536,306,63,183,1,1,1
1398,2,1003,402,158,448,1,1,1
1398,4,1247,333,154,429,1,1,1
1398,5,1313,328,154,377,1,1,1
1398,7,876,453,77,166,1,1,1
1398,9,1536,306,63,183,1,1,1
1399,2,1003,402,156,444,1,1,1
1399,4,1246,334,154,428,1,1,1
1399,5,1312,328,154,377,1,1,1
1399,7,875,453,77,166,1,1,1
1399,9,1535,306,63,183,1,1,1
1400,2,1002,403,156,439,1,1,1
1400,4,1245,334,153,428,1,1,1
1400,5,1312,328,154,378,1,1,1
1400,7,875,453,77,166,1,1,1
1400,9,1535,306,62,183,1,1,1
1401,2,1001,402,155,435,1,1,1
1401,4,1244,333,152,427,1,1,1
1401,5,1310,327,155,378,1,1,1
1401,7,874,453,76,165,1,1,1
1401,9,1533,306,62,182,1,1,1
1402,2,1002,403,154,435,1,1,1
1402,4,1244,334,152,428,1,1,1
1402,5,1310,328,155,379,1,1,1
1402,7,873,453,78,166,1,1,1
1402,9,1534,306,62,183,1,1,1
1403,2,1001,404,154,434,1,1,1
1403,4,1243,334,152,428,1,1,1
1403,5,1309,328,155,379,1,1,1
1403,7,873,453,77,167,1,1,1
1403,9,1533,306,63,184,1,1,1
1404,2,1001,404,152,434,1,1,1
1404,4,1242,333,152,429,1,1,1
1404,5,1308,328,155,379,1,1,1
1404,7,872,453,78,167,1,1,1
1404,9,1533,306,63,185,1,1,1
1405,2,1001,405,151,432,1,1,1
1405,4,1242,333,150,430,1,1,1
1405,5,1308,329,154,379,1,1,1
1405,7,872,453,77,168,1,1,1
1405,9,1532,306,63,185,1,1,1
1406,1,980,401,85,257,1,1,1
1406,2,1001,405,150,432,1,1,1
1406,4,1241,333,150,430,1,1,1
1406,5,1307,329,154,379,1,1,1
1406,7,871,453,78,168,1,1,1
1406,9,1532,306,63,186,1,1,1
1407,1,977,402,89,257,1,1,1
1407,2,1001,406,149,429,1,1,1
1407,4,1241,333,150,430,1,1,1
1407,5,1307,329,154,379,1,1,1
1407,7,870,453,78,168,1,1,1
1407,9,1531,306,63,186,1,1,1
1408,1,975,403,92,258,1,1,1
1408,2,1001,408,149,426,1,1,1
1408,4,1241,334,150,429,1,1,1
1408,5,1307,330,153,378,1,1,1
1408,7,869,454,79,167,1,1,1
1408,9,1531,306,62,186,1,1,1
1409,1,972,404,96,258,1,1,1
1409,2,1001,409,148,423,1,1,1
1409,4,1241,334,151,429,1,1,1
1409,5,1307,330,153,379,1,1,1
1409,7,868,454,79,167,1,1,1
1409,9,1530,307,63,184,1,1,1
1410,1,970,404,99,259,1,1,1
1410,2,1001,410,148,420,1,1,1
1410,4,1240,334,152,429,1,1,1
1410,5,1306,330,153,379,1,1,1
1410,7,867,454,79,167,1,1,1
1410,9,1529,307,63,184,1,1,1
1411,1,966,405,103,258,1,1,1
1411,2,1000,411,147,416,1,1,1
1411,4,1240,334,151,427,1,1,1
1411,5,1306,330,152,378,1,1,1
1411,7,866,454,79,166,1,1,1
1411,9,1528,307,62,183,1,1,1
1412,1,965,406,103,259,1,1,1
1412,2,1001,411,149,415,1,1,1
1412,4,1239,335,152,428,1,1,1
1412,5,1305,331,154,379,1,1,1
1412,7,866,455,80,166,1,1,1
1412,9,1528,308,63,183,1,1,1
1413,1,964,407,102,258,1,1,1
1413,2,1001,411,150,412,1,1,1
1413,4,1238,335,153,428,1,1,1
1413,5,1304,331,154,379,1,1,1
1413,7,865,456,80,166,1,1,1
1413,9,1528,308,63,183,1,1,1
1414,1,962,407,101,258,1,1,1
1414,2,1000,411,153,409,1,1,1
1414,4,1237,335,153,428,1,1,1
1414,5,1303,331,155,380,1,1,1
1414,7,865,456,80,166,1,1,1
1414,9,1527,309,64,182,1,1,1
1415,1,960,408,101,257,1,1,1
1415,2,1000,411,154,406,1,1,1
1415,4,1236,336,154,427,1,1,1
1415,5,1302,332,155,380,1,1,1
1415,7,864,457,81,166,1,1,1
1415,9,1527,309,64,183,1,1,1
1416,1,958,408,100,257,1,1,1
1416,2,1000,410,155,403,1,1,1
1416,4,1234,335,154,427,1,1,1
1416,5,1301,331,155,380,1,1,1
1416,7,863,457,81,165,1,1,1
1416,9,1526,309,64,182,1,1,1
1417,1,957,409,101,257,1,1,1
1417,2,1000,410,161,401,1,1,1
1417,4,1235,336,154,428,1,1,1
1417,5,1302,332,155,380,1,1,1
1417,7,864,458,81,166,1,1,1
1417,9,1526,310,65,182,1,1,1
1418,1,955,410,103,257,1,1,1
1418,2,1001,410,164,399,1,1,1
1418,4,1236,336,153,428,1,1,1
1418,5,1302,332,156,380,1,1,1
1418,7,863,459,83,165,1,1,1
1418,9,1527,310,64,182,1,1,1
1419,1,954,411,104,257,1,1,1
1419,2,1001,410,169,396,1,1,1
1419,4,1237,337,152,428,1,1,1
1419,5,1302,333,156,379,1,1,1
1419,7,863,459,83,165,1,1,1
1419,9,1527,310,64,182,1,1,1
1420,1,953,412,105,257,1,1,1
1420,2,1002,410,173,393,1,1,1
1420,4,1238,337,152,428,1,1,1
1420,5,1303,333,156,379,1,1,1
1420,7,863,460,83,165,1,1,1
1420,9,1527,310,64,182,1,1,1
1421,1,951,412,106,257,1,1,1
1421,2,1002,409,177,390,1,1,1
1421,3,1191,380,153,330,1,1,1
1421,4,1238,337,151,428,1,1,1
1421,5,1303,333,156,378,1,1,1
1421,7,862,460,83,164,1,1,1
1421,9,1527,310,63,182,1,1,1
1422,1,950,414,108,258,1,1,1
1422,2,1004,410,182,391,1,1,1
1422,3,1188,381,149,329,1,1,1
1422,4,1239,338,151,428,1,1,1
1422,5,1303,334,157,377,1,1,1
1422,7,863,461,83,164,1,1,1
1422,9,1527,311,64,182,1,1,1
1423,1,949,415,109,259,1,1,1
1423,2,1007,410,186,391,1,1,1
1423,3,1184,381,144,329,1,1,1
1423,4,1239,339,152,427,1,1,1
1423,5,1304,334,156,378,1,1,1
1423,7,863,461,83,165,1,1,1
1423,9,1527,311,63,182,1,1,1
1424,1,948,416,110,260,1,1,1
1424,2,1009,410,190,392,1,1,1
1424,3,1180,382,140,328,1,1,1
1424,4,1239,339,153,427,1,1,1
1424,5,1304,334,156,378,1,1,1
1424,7,864,461,82,165,1,1,1
1424,9,1527,312,63,181,1,1,1
1425,1,947,417,111,261,1,1,1
1425,2,1012,411,194,391,1,1,1
1425,3,1176,382,136,328,1,1,1
1425,4,1240,340,153,426,1,1,1
1425,5,1304,335,156,377,1,1,1
1425,7,864,461,83,165,1,1,1
1425,9,1527,312,63,181,1,1,1
1426,1,945,417,112,262,1,1,1
1426,2,1014,410,198,391,1,1,1
1426,3,1171,382,131,327,1,1,1
1426,4,1240,340,153,425,1,1,1
1426,5,1304,335,155,376,1,1,1
1426,7,864,460,82,165,1,1,1
1426,9,1526,312,63,180,1,1,1
1427,1,945,418,113,263,1,1,1
1427,2,1018,411,196,391,1,1,1
1427,3,1167,384,133,328,1,1,1
1427,4,1240,341,153,425,1,1,1
1427,5,1305,335,155,378,1,1,1
1427,7,864,461,83,166,1,1,1
1427,9,1527,313,63,181,1,1,1
1428,1,944,418,113,263,1,1,1
1428,2,1022,412,193,390,1,1,1
1428,3,1162,385,135,328,1,1,1
1428,4,1241,341,152,425,1,1,1
1428,5,1305,336,156,377,1,1,1
1428,7,865,462,82,165,1,1,1
1428,9,1528,313,62,181,1,1,1
1429,1,944,418,113,264,1,1,1
1429,2,1026,412,190,389,1,1,1
1429,3,1157,386,137,329,1,1,1
1429,4,1241,342,152,424,1,1,1
1429,5,1306,336,155,378,1,1,1
1429,7,865,462,82,165,1,1,1
1429,9,1528,314,63,180,1,1,1
1430,1,943,418,114,265,1,1,1
1430,2,1030,412,187,389,1,1,1
1430,3,1152,387,138,330,1,1,1
1430,4,1241,342,152,425,1,1,1
1430,5,1306,337,155,378,1,1,1
1430,7,865,462,83,166,1,1,1
1430,9,1529,314,62,180,1,1,1
1431,1,942,418,113,265,1,1,1
1431,2,1034,412,184,387,1,1,1
1431,3,1146,387,140,330,1,1,1
1431,4,1241,342,150,424,1,1,1
1431,5,1306,337,154,378,1,1,1
1431,7,865,462,82,165,1,1,1
1431,9,1529,314,61,180,1,1,1
1432,1,942,419,113,265,1,1,1
1432,2,1039,411,181,388,1,1,1
1432,3,1142,391,146,330,1,1,1
1432,4,1242,343,151,424,1,1,1
1432,5,1307,338,155,378,1,1,1
1432,7,865,463,84,165,1,1,1
1432,9,1530,315,61,180,1,1,1
1433,1,941,419,112,265,1,1,1
1433,2,1043,410,178,387,1,1,1
1433,3,1137,393,151,331,1,1,1
1433,4,1242,343,151,425,1,1,1
1433,5,1307,338,155,377,1,1,1
1433,7,866,463,85,165,1,1,1
1433,9,1530,315,62,181,1,1,1
1434,1,940,420,112,265,1,1,1
1434,2,1048,408,174,386,1,1,1
1434,3,1132,396,157,330,1,1,1
1434,4,1242,344,151,424,1,1,1
1434,5,1306,338,156,377,1,1,1
1434,7,866,463,86,165,1,1,1
1434,9,1530,315,62,182,1,1,1
1435,1,939,420,111,265,1,1,1
1435,2,1053,406,171,386,1,1,1
1435,3,1127,399,163,330,1,1,1
1435,4,1242,344,152,424,1,1,1
1435,5,1306,339,156,376,1,1,1
1435,7,866,463,88,164,1,1,1
1435,9,1530,316,62,181,1,1,1
1436,1,937,420,110,265,1,1,1
1436,2,1057,404,167,385,1,1,1
1436,3,1121,401,168,330,1,1,1
1436,4,1242,344,151,424,1,1,1
1436,5,1306,339,156,375,1,1,1
1436,7,866,463,88,163,1,1,1
1436,9,1530,315,62,181,1,1,1
1437,1,937,421,107,265,1,1,1
1437,2,1061,404,164,383,1,1,1
1437,4,1243,345,152,424,1,1,1
1437,5,1307,340,156,375,1,1,1
1437,7,868,464,89,163,1,1,1
1437,9,1531,316,62,182,1,1,1
1438,1,936,422,104,264,1,1,1
1438,2,1065,403,160,381,1,1,1
1438,4,1244,344,152,425,1,1,1
1438,5,1307,340,156,375,1,1,1
1438,7,868,464,90,163,1,1,1
1438,9,1532,316,62,182,1,1,1
1439,1,935,422,101,264,1,1,1
1439,2,1068,403,157,378,1,1,1
1439,4,1244,344,154,425,1,1,1
1439,5,1308,341,155,375,1,1,1
1439,7,869,464,91,164,1,1,1
1439,9,1534,316,60,182,1,1,1
1440,1,934,423,98,263,1,1,1
1440,2,1072,402,153,376,1,1,1
1440,4,1245,344,154,425,1,1,1
1440,5,1309,341,155,375,1,1,1
1440,7,870,464,91,164,1,1,1
1440,9,1535,317,60,181,1,1,1
1441,1,933,423,94,262,1,1,1
1441,2,1075,401,150,373,1,1,1
1441,4,1245,344,154,425,1,1,1
1441,5,1309,341,154,375,1,1,1
1441,7,870,463,91,163,1,1,1
1441,9,1535,316,59,180,1,1,1
1442,1,932,424,96,264,1,1,1
1442,2,1077,401,148,372,1,1,1
1442,4,1246,344,154,425,1,1,1
1442,5,1309,341,155,376,1,1,1
1442,7,872,464,91,164,1,1,1
1442,9,1536,317,60,181,1,1,1
1443,1,930,425,98,266,1,1,1
1443,2,1079,401,147,371,1,1,1
1443,4,1248,345,152,424,1,1,1
1443,5,1309,341,155,376,1,1,1
1443,7,874,464,89,164,1,1,1
1443,9,1536,318,60,181,1,1,1
1444,1,928,426,100,267,1,1,1
1444,2,1081,400,145,370,1,1,1
1444,4,1249,345,152,424,1,1,1
1444,5,1308,340,156,377,1,1,1
1444,7,876,465,87,164,1,1,1
1444,9,1536,318,61,181,1,1,1
1445,1,927,427,101,268,1,1,1
1445,2,1083,400,144,368,1,1,1
1445,4,1250,345,151,424,1,1,1
1445,5,1308,340,156,378,1,1,1
1445,7,878,465,85,164,1,1,1
1445,9,1536,319,61,181,1,1,1
1446,1,925,427,102,269,1,1,1
1446,2,1084,400,142,366,1,1,1
1446,4,1251,345,150,423,1,1,1
1446,5,1307,339,157,378,1,1,1
1446,7,879,465,83,163,1,1,1
1446,9,1535,319,61,180,1,1,1
1447,1,924,429,104,269,1,1,1
1447,2,1085,401,142,366,1,1,1
1447,4,1252,346,150,423,1,1,1
1447,5,1309,340,156,379,1,1,1
1447,7,881,466,83,164,1,1,1
1447,9,1536,319,62,181,1,1,1
1448,1,922,430,107,269,1,1,1
1448,2,1085,401,142,366,1,1,1
1448,4,1252,346,151,424,1,1,1
1448,5,1311,341,155,378,1,1,1
1448,7,883,466,83,164,1,1,1
1448,9,1537,320,62,181,1,1,1
1449,1,921,431,108,270,1,1,1
1449,2,1085,402,142,366,1,1,1
1449,4,1252,346,151,424,1,1,1
1449,5,1313,341,153,379,1,1,1
1449,7,885,466,82,164,1,1,1
1449,9,1537,320,62,181,1,1,1
1450,1,919,431,110,271,1,1,1
1450,2,1085,403,142,365,1,1,1
1450,4,1252,347,152,424,1,1,1
1450,5,1315,342,152,379,1,1,1
1450,7,887,466,82,165,1,1,1
1450,9,1538,321,62,180,1,1,1
1451,1,917,432,112,270,1,1,1
1451,2,1085,403,141,364,1,1,1
1451,4,1252,347,151,424,1,1,1
1451,5,1316,342,150,378,1,1,1
1451,7,888,466,82,164,1,1,1
1451,9,1537,321,62,180,1,1,1
1452,1,914,433,116,273,1,1,1
1452,2,1087,404,140,362,1,1,1
1452,4,1253,348,152,424,1,1,1
1452,5,1317,343,151,378,1,1,1
1452,9,1538,322,62,180,1,1,1
1453,1,910,434,119,274,1,1,1
1453,2,1089,405,139,359,1,1,1
1453,4,1253,348,152,425,1,1,1
1453,5,1318,344,150,377,1,1,1
1453,9,1539,322,61,180,1,1,1
1454,1,906,435,123,276,1,1,1
1454,2,1090,406,139,356,1,1,1
1454,4,1253,349,152,425,1,1,1
1454,5,1318,344,150,376,1,1,1
1454,9,1539,323,61,179,1,1,1
1455,1,902,436,127,278,1,1,1
1455,2,1092,406,137,354,1,1,1
1455,4,1254,349,151,425,1,1,1
1455,5,1319,345,149,375,1,1,1
1455,9,1539,324,61,178,1,1,1
1456,1,897,437,131,279,1,1,1
1456,2,1093,406,136,351,1,1,1
1456,4,1253,350,150,425,1,1,1
1456,5,1319,345,148,374,1,1,1
1456,9,1539,324,60,178,1,1,1
1457,1,896,438,132,279,1,1,1
1457,2,1093,406,139,352,1,1,1
1457,4,1254,350,151,425,1,1,1
1457,5,1321,345,150,376,1,1,1
1457,9,1540,324,60,179,1,1,1
1458,1,895,438,133,279,1,1,1
1458,2,1093,406,141,352,1,1,1
1458,4,1254,350,152,424,1,1,1
1458,5,1321,345,152,376,1,1,1
1458,9,1540,324,61,179,1,1,1
1459,1,893,439,134,278,1,1,1
1459,2,1092,406,144,352,1,1,1
1459,4,1253,350,153,424,1,1,1
1459,5,1322,345,154,377,1,1,1
1459,9,1541,324,60,179,1,1,1
1460,1,892,439,134,278,1,1,1
1460,2,1092,406,146,352,1,1,1
1460,4,1253,350,154,423,1,1,1
1460,5,1323,345,156,378,1,1,1
1460,9,1541,324,61,180,1,1,1
1461,1,890,439,134,277,1,1,1
1461,2,1091,405,148,353,1,1,1
1461,3,1033,434,164,337,1,1,1
1461,4,1253,350,154,422,1,1,1
1461,5,1323,344,157,379,1,1,1
1461,9,1541,323,60,180,1,1,1
1462,1,888,440,133,277,1,1,1
1462,2,1094,405,150,354,1,1,1
1462,3,1032,436,162,337,1,1,1
1462,4,1253,351,154,422,1,1,1
1462,5,1326,345,158,379,1,1,1
1462,9,1542,325,60,179,1,1,1
1463,1,885,441,132,276,1,1,1
1463,2,1096,406,152,353,1,1,1
1463,3,1030,438,161,336,1,1,1
1463,4,1253,351,154,422,1,1,1
1463,5,1327,345,160,379,1,1,1
1463,9,1542,325,60,180,1,1,1
1464,1,882,442,131,275,1,1,1
1464,2,1099,406,152,353,1,1,1
1464,3,1028,439,160,336,1,1,1
1464,4,1253,352,154,422,1,1,1
1464,5,1329,345,161,378,1,1,1
1464,9,1542,326,61,179,1,1,1
1465,1,879,443,130,274,1,1,1
1465,2,1101,406,154,353,1,1,1
1465,3,1027,441,157,335,1,1,1
1465,4,1254,353,153,421,1,1,1
1465,5,1331,345,162,378,1,1,1
1465,9,1542,326,61,179,1,1,1
1466,1,875,444,128,273,1,1,1
1466,2,1103,406,154,352,1,1,1
1466,3,1025,442,155,334,1,1,1
1466,4,1253,353,153,420,1,1,1
1466,5,1332,345,163,377,1,1,1
1466,9,1541,326,61,178,1,1,1
1467,1,873,445,126,273,1,1,1
1467,2,1105,407,154,352,1,1,1
1467,3,1023,442,150,335,1,1,1
1467,4,1254,354,153,421,1,1,1
1467,5,1335,345,162,378,1,1,1
1467,9,1542,327,61,179,1,1,1
1468,1,870,446,124,272,1,1,1
1468,2,1107,408,152,351,1,1,1
1468,3,1020,442,146,334,1,1,1
1468,4,1254,354,152,421,1,1,1
1468,5,1337,345,160,378,1,1,1
1468,9,1542,327,61,179,1,1,1
1469,1,867,447,121,271,1,1,1
1469,2,1109,409,150,350,1,1,1
1469,3,1018,442,141,334,1,1,1
1469,4,1253,354,153,422,1,1,1
1469,5,1339,345,159,378,1,1,1
1469,9,1542,327,61,179,1,1,1
1470,1,864,448,119,270,1,1,1
1470,2,1111,410,149,349,1,1,1
1470,3,1016,441,135,335,1,1,1
1470,4,1253,354,152,422,1,1,1
1470,5,1341,344,158,379,1,1,1
1470,9,1542,327,61,179,1,1,1
1471,1,860,449,116,268,1,1,1
1471,2,1112,410,147,347,1,1,1
1471,3,1013,440,130,335,1,1,1
1471,4,1253,354,151,422,1,1,1
1471,5,1343,344,155,379,1,1,1
1471,7,913,465,64,162,1,1,1
1471,9,1542,327,60,179,1,1,1
1472,1,859,449,116,270,1,1,1
1472,2,1118,410,142,348,1,1,1
1472,3,1010,441,132,337,1,1,1
1472,4,1253,355,152,422,1,1,1
1472,5,1344,344,155,379,1,1,1
1472,7,914,466,64,164,1,1,1
1472,9,1542,327,61,180,1,1,1
1473,1,857,449,116,271,1,1,1
1473,2,1124,409,137,348,1,1,1
1473,3,1007,442,133,338,1,1,1
1473,4,1253,355,153,422,1,1,1
1473,5,1345,344,154,378,1,1,1
1473,7,914,466,64,165,1,1,1
1473,9,1542,327,61,179,1,1,1
1474,1,855,449,115,272,1,1,1
1474,2,1129,408,132,348,1,1,1
1474,3,1004,442,135,340,1,1,1
1474,4,1253,355,153,422,1,1,1
1474,5,1346,344,153,377,1,1,1
1474,7,914,466,64,166,1,1,1
1474,9,1542,327,61,179,1,1,1
1475,1,853,449,115,273,1,1,1
1475,2,1135,408,126,347,1,1,1
1475,3,1001,443,136,341,1,1,1
1475,4,1253,356,153,421,1,1,1
1475,5,1347,343,152,377,1,1,1
1475,7,915,466,64,168,1,1,1
1475,9,1542,327,61,179,1,1,1
1476,1,850,449,114,273,1,1,1
1476,2,1140,406,121,347,1,1,1
1476,3,998,443,136,343,1,1,1
1476,4,1253,356,153,421,1,1,1
1476,5,1348,343,150,376,1,1,1
1476,7,915,465,63,168,1,1,1
1476,9,1541,327,61,178,1,1,1
1477,1,849,450,117,274,1,1,1
1477,2,1142,405,119,347,1,1,1
1477,3,993,445,142,344,1,1,1
1477,4,1253,355,154,422,1,1,1
1477,5,1350,343,149,376,1,1,1
1477,7,915,465,64,169,1,1,1
1477,9,1542,327,61,179,1,1,1
1478,1,847,451,119,274,1,1,1
1478,2,1143,403,118,347,1,1,1
1478,3,988,446,148,346,1,1,1
1478,4,1254,355,153,422,1,1,1
1478,5,1351,342,148,377,1,1,1
1478,7,916,465,62,169,1,1,1
1478,9,1542,327,61,179,1,1,1
1479,1,844,452,123,273,1,1,1
1479,2,1145,402,116,345,1,1,1
1479,3,982,447,154,347,1,1,1
1479,4,1254,354,153,423,1,1,1
1479,5,1352,342,147,377,1,1,1
1479,7,916,465,62,168,1,1,1
1479,9,1542,327,61,179,1,1,1
1480,1,842,453,125,273,1,1,1
1480,2,1146,400,115,345,1,1,1
1480,3,977,449,160,348,1,1,1
1480,4,1254,354,153,423,1,1,1
1480,5,1353,341,146,377,1,1,1
1480,7,916,464,62,169,1,1,1
1480,9,1542,327,60,179,1,1,1
1481,1,840,453,127,273,1,1,1
1481,2,1147,398,112,343,1,1,1
1481,3,971,450,165,349,1,1,1
1481,4,1254,353,152,423,1,1,1
1481,5,1353,340,145,377,1,1,1
1481,7,916,463,61,168,1,1,1
1481,9,1541,326,60,179,1,1,1
1482,1,838,454,129,276,1,1,1
1482,2,1147,399,117,341,1,1,1
1482,3,962,453,174,351,1,1,1
1482,4,1255,353,151,422,1,1,1
1482,5,1356,342,147,376,1,1,1
1482,9,1541,327,61,179,1,1,1
1483,1,836,454,130,278,1,1,1
1483,2,1147,399,121,338,1,1,1
1483,3,953,455,182,353,1,1,1
1483,4,1256,353,150,421,1,1,1
1483,5,1359,342,147,375,1,1,1
1483,9,1541,327,61,179,1,1,1
1484,1,834,455,131,279,1,1,1
1484,2,1147,400,124,335,1,1,1
1484,3,944,458,189,354,1,1,1
1484,4,1256,353,150,420,1,1,1
1484,5,1361,343,148,374,1,1,1
1484,9,1541,328,60,178,1,1,1
1485,1,832,455,132,282,1,1,1
1485,2,1146,400,129,332,1,1,1
1485,3,936,461,196,356,1,1,1
1485,4,1257,353,148,418,1,1,1
1485,5,1363,344,150,372,1,1,1
1485,9,1540,328,61,179,1,1,1
1486,1,830,455,133,284,1,1,1
1486,2,1145,400,132,329,1,1,1
1486,3,926,463,204,357,1,1,1
1486,4,1257,353,147,416,1,1,1
1486,5,1365,344,150,371,1,1,1
1486,9,1540,328,60,178,1,1,1
1487,1,827,454,136,286,1,1,1
1487,2,1145,400,135,329,1,1,1
1487,3,921,462,205,359,1,1,1
1487,4,1258,352,147,418,1,1,1
1487,5,1370,343,151,373,1,1,1
1487,9,1539,328,62,179,1,1,1
1488,1,825,453,137,287,1,1,1
1488,2,1143,400,138,328,1,1,1
1488,3,914,461,207,360,1,1,1
1488,4,1258,351,148,419,1,1,1
1488,5,1374,342,152,374,1,1,1
1488,9,1538,327,63,180,1,1,1
1489,1,822,452,140,289,1,1,1
1489,2,1142,399,141,328,1,1,1
1489,3,908,460,208,361,1,1,1
1489,4,1258,350,148,419,1,1,1
1489,5,1379,340,152,376,1,1,1
1489,9,1537,326,65,180,1,1,1
1490,1,819,451,142,290,1,1,1
1490,2,1141,399,143,327,1,1,1
1490,3,902,459,209,362,1,1,1
1490,4,1258,349,148,420,1,1,1
1490,5,1383,339,154,378,1,1,1
1490,9,1536,326,66,180,1,1,1
1491,1,816,450,143,291,1,1,1
1491,2,1139,397,145,327,1,1,1
1491,3,895,458,210,362,1,1,1
1491,4,1258,347,147,420,1,1,1
1491,5,1387,337,154,379,1,1,1
1491,9,1535,325,66,181,1,1,1
1492,1,815,450,141,291,1,1,1
1492,2,1140,399,141,324,1,1,1
1492,3,892,458,205,363,1,1,1
1492,4,1257,348,148,420,1,1,1
1492,5,1390,336,153,380,1,1,1
1492,9,1536,324,66,182,1,1,1
1493,1,813,450,139,290,1,1,1
1493,2,1141,400,135,322,1,1,1
1493,3,888,458,200,364,1,1,1
1493,4,1257,348,148,419,1,1,1
1493,5,1393,335,150,381,1,1,1
1493,9,1536,323,65,183,1,1,1
1494,1,810,450,138,289,1,1,1
1494,2,1142,402,130,318,1,1,1
1494,3,885,458,194,364,1,1,1
1494,4,1256,348,148,418,1,1,1
1494,5,1396,334,148,381,1,1,1
1494,9,1537,321,64,185,1,1,1
1495,1,808,450,136,288,1,1,1
1495,2,1143,403,124,315,1,1,1
1495,3,881,458,189,365,1,1,1
1495,4,1255,348,148,417,1,1,1
1495,5,1399,333,146,382,1,1,1
1495,9,1537,320,63,186,1,1,1
1496,1,806,450,133,287,1,1,1
1496,2,1143,404,118,312,1,1,1
1496,3,877,458,183,364,1,1,1
1496,4,1254,347,147,416,1,1,1
1496,5,1402,331,143,383,1,1,1
1496,9,1537,318,62,187,1,1,1
1497,1,804,451,131,287,1,1,1
1497,2,1143,404,119,310,1,1,1
1497,3,875,458,179,367,1,1,1
1497,4,1254,349,146,415,1,1,1
1497,5,1405,330,141,383,1,1,1
1497,9,1538,320,63,185,1,1,1
1498,1,801,452,130,286,1,1,1
1498,2,1143,404,119,308,1,1,1
1498,3,874,457,174,369,1,1,1
1498,4,1254,350,145,413,1,1,1
1498,5,1407,330,139,382,1,1,1
1498,9,1538,320,64,185,1,1,1
1499,1,799,453,128,285,1,1,1
1499,2,1143,404,118,305,1,1,1
1499,3,872,457,170,371,1,1,1
1499,4,1254,350,143,412,1,1,1
1499,5,1410,329,136,382,1,1,1
1499,9,1538,321,65,183,1,1,1
1500,1,796,453,127,285,1,1,1
1500,2,1142,404,119,303,1,1,1
1500,3,870,457,165,373,1,1,1
1500,4,1254,351,141,410,1,1,1
1500,5,1412,328,134,382,1,1,1
1500,9,1538,322,65,181,1,1,1