1002,1,994,492,216,738,1,1,1
1003,1,998,492,233,735,1,1,1
1004,1,1002,492,251,732,1,1,1
1005,1,1006,491,268,731,1,1,1
1006,1,1010,491,285,727,1,1,1
1007,1,1010,492,293,728,1,1,1
1008,1,1010,492,299,729,1,1,1
1009,1,1009,492,307,729,1,1,1
1010,1,1009,492,314,730,1,1,1
1011,1,1008,491,321,730,1,1,1
1012,1,1011,490,319,734,1,1,1
1013,1,1014,489,316,736,1,1,1
1014,1,1017,487,313,739,1,1,1
1015,1,1019,486,311,742,1,1,1
1016,1,1022,484,308,744,1,1,1
1017,1,1033,484,298,744,1,1,1
1018,1,1044,483,287,744,1,1,1
1019,1,1056,482,275,744,1,1,1
1020,1,1067,482,264,743,1,1,1
1021,1,1078,481,253,743,1,1,1
1022,1,1101,481,236,743,1,1,1
1023,1,1123,481,219,744,1,1,1
1024,1,1146,481,202,744,1,1,1
1025,1,1168,481,185,744,1,1,1
1026,1,1190,481,168,744,1,1,1
1027,1,1194,482,178,744,1,1,1
1028,1,1198,482,188,743,1,1,1
1029,1,1202,482,198,743,1,1,1
1030,1,1206,482,208,743,1,1,1
1031,1,1209,482,217,742,1,1,1
1032,1,1210,483,226,741,1,1,1
1033,1,1211,483,233,741,1,1,1
1034,1,1211,484,241,740,1,1,1
1035,1,1212,484,249,740,1,1,1
1036,1,1212,484,256,739,1,1,1
1037,1,1213,485,259,738,1,1,1
1038,1,1214,486,260,737,1,1,1
1039,1,1214,486,263,737,1,1,1
1040,1,1215,487,265,736,1,1,1
1041,1,1215,487,267,735,1,1,1
1042,1,1218,487,264,734,1,1,1
1043,1,1221,486,261,734,1,1,1
1044,1,1224,486,258,734,1,1,1
1045,1,1228,485,254,734,1,1,1
1046,1,1230,484,251,732,1,1,1
1047,1,1244,485,240,728,1,1,1
1048,1,1257,485,229,723,1,1,1
1049,1,1270,485,218,718,1,1,1
1050,1,1283,485,207,714,1,1,1
1051,1,1295,484,195,709,1,1,1
1052,1,1306,486,192,703,1,1,1
1053,1,1317,487,187,697,1,1,1
1054,1,1327,488,183,691,1,1,1
1055,1,1338,489,178,685,1,1,1
1056,1,1348,490,174,678,1,1,1
1057,1,1350,491,182,677,1,1,1
1058,1,1351,492,191,674,1,1,1
1059,1,1353,493,198,671,1,1,1
1060,1,1355,494,206,669,1,1,1
1061,1,1356,495,214,666,1,1,1
1062,1,1360,497,211,664,1,1,1
1063,1,1365,498,207,663,1,1,1
1064,1,1369,500,204,660,1,1,1
1065,1,1373,502,200,658,1,1,1
1066,1,1377,503,197,655,1,1,1
1067,1,1382,504,198,652,1,1,1
1068,1,1387,504,198,649,1,1,1
1069,1,1392,505,199,645,1,1,1
1070,1,1398,505,198,641,1,1,1
1071,1,1402,505,199,637,1,1,1
1072,1,1406,505,199,631,1,1,1
1073,1,1409,504,199,624,1,1,1
1074,1,1412,503,200,618,1,1,1
1075,1,1415,503,200,611,1,1,1
1076,1,1418,502,200,604,1,1,1
1077,1,1420,502,198,604,1,1,1
1078,1,1421,503,197,603,1,1,1
1079,1,1422,503,195,603,1,1,1
1080,1,1423,504,194,602,1,1,1
1081,1,1424,504,191,602,1,1,1
1082,1,1425,505,191,602,1,1,1
1083,1,1426,507,190,600,1,1,1
1084,1,1427,508,188,599,1,1,1
1085,1,1428,509,187,599,1,1,1
1086,1,1428,510,185,597,1,1,1
1087,1,1427,511,187,595,1,1,1
1088,1,1425,513,188,590,1,1,1
1089,1,1424,514,189,587,1,1,1
1090,1,1422,515,191,583,1,1,1
1091,1,1420,516,191,579,1,1,1
1092,1,1419,514,190,577,1,1,1
1093,1,1417,512,188,575,1,1,1
1094,1,1416,510,185,572,1,1,1
1095,1,1414,508,184,570,1,1,1
1096,1,1412,506,181,567,1,1,1
1097,1,1413,508,180,560,1,1,1
1098,1,1413,510,178,552,1,1,1
1099,1,1413,512,177,544,1,1,1
1100,1,1414,514,175,537,1,1,1
1101,1,1414,516,173,528,1,1,1
1102,1,1413,516,173,528,1,1,1
1103,1,1412,516,172,526,1,1,1
1104,1,1411,515,172,526,1,1,1
1105,1,1409,515,172,525,1,1,1
1106,1,1408,514,171,524,1,1,1
1107,1,1408,514,173,525,1,1,1
1108,1,1407,514,175,526,1,1,1
1109,1,1407,514,176,526,1,1,1
1110,1,1407,514,177,526,1,1,1
1111,1,1406,514,179,526,1,1,1
1112,1,1407,515,178,526,1,1,1
1113,1,1408,515,176,526,1,1,1
1114,1,1409,516,174,525,1,1,1
1115,1,1409,516,173,525,1,1,1
1116,1,1410,516,171,524,1,1,1
1117,1,1411,517,171,522,1,1,1
1118,1,1412,517,170,520,1,1,1
1119,1,1413,518,170,517,1,1,1
1120,1,1413,518,170,515,1,1,1
1121,1,1414,518,169,512,1,1,1
1122,1,1415,519,168,509,1,1,1
1123,1,1415,519,167,507,1,1,1
1124,1,1416,519,165,505,1,1,1
1125,1,1416,519,164,503,1,1,1
1126,1,1416,519,162,500,1,1,1
1127,1,1416,520,160,497,1,1,1
1128,1,1415,520,157,494,1,1,1
1129,1,1414,520,155,492,1,1,1
1130,1,1413,520,152,489,1,1,1
1131,1,1411,520,149,485,1,1,1
1132,1,1411,521,148,486,1,1,1
1133,1,1410,521,147,486,1,1,1
1134,1,1409,521,145,486,1,1,1
1135,1,1408,521,143,487,1,1,1
1136,1,1407,521,141,486,1,1,1
1137,1,1408,522,139,488,1,1,1
1138,1,1408,522,138,489,1,1,1
1139,1,1408,523,136,490,1,1,1
1140,1,1409,523,133,492,1,1,1
1141,1,1408,523,131,493,1,1,1
1142,1,1409,524,132,493,1,1,1
1143,1,1408,524,133,494,1,1,1
1144,1,1408,525,133,493,1,1,1
1145,1,1408,526,134,493,1,1,1
1146,1,1407,526,134,493,1,1,1
1147,1,1408,526,133,494,1,1,1
1148,1,1409,527,130,493,1,1,1
1149,1,1410,527,128,493,1,1,1
1150,1,1411,527,126,493,1,1,1
1151,1,1411,527,123,493,1,1,1
1152,1,1407,528,127,493,1,1,1
1153,1,1403,528,130,493,1,1,1
1154,1,1399,529,133,492,1,1,1
1155,1,1395,529,136,492,1,1,1
1156,1,1390,529,139,491,1,1,1
1171,1,1410,533,118,490,1,1,1
1172,1,1405,534,126,490,1,1,1
1173,1,1399,534,133,490,1,1,1
1174,1,1393,534,140,491,1,1,1
1175,1,1387,535,148,490,1,1,1
1176,1,1380,534,155,490,1,1,1
1177,1,1386,536,153,489,1,1,1
1178,1,1392,536,150,489,1,1,1
1179,1,1398,537,146,488,1,1,1
1180,1,1404,538,143,487,1,1,1
1181,1,1409,538,140,486,1,1,1
1182,1,1409,539,147,485,1,1,1
1183,1,1409,539,152,484,1,1,1
1184,1,1408,539,159,483,1,1,1
1185,1,1407,539,165,483,1,1,1
1186,1,1406,538,170,481,1,1,1
1187,1,1408,539,176,478,1,1,1
1188,1,1408,539,183,475,1,1,1
1189,1,1409,539,188,471,1,1,1
1190,1,1410,539,194,468,1,1,1
1191,1,1410,539,200,463,1,1,1
1192,1,1414,539,197,464,1,1,1
1193,1,1418,539,194,464,1,1,1
1194,1,1423,539,190,464,1,1,1
1195,1,1427,539,187,464,1,1,1
1196,1,1430,538,184,463,1,1,1
1197,1,1435,539,178,463,1,1,1
1198,1,1439,540,172,462,1,1,1
1199,1,1443,540,167,461,1,1,1
1200,1,1447,540,161,461,1,1,1
1201,1,1451,540,155,459,1,1,1
1202,1,1453,541,153,459,1,1,1
1203,1,1455,541,150,459,1,1,1
1204,1,1457,541,148,459,1,1,1
1205,1,1459,541,145,459,1,1,1
1206,1,1461,540,142,459,1,1,1
1207,1,1463,542,142,457,1,1,1
1208,1,1465,542,142,456,1,1,1
1209,1,1467,543,141,453,1,1,1
1210,1,1469,544,140,451,1,1,1
1211,1,1471,544,138,448,1,1,1
1212,1,1474,544,136,448,1,1,1
1213,1,1476,544,134,446,1,1,1
1214,1,1479,544,131,444,1,1,1
1215,1,1481,543,129,443,1,1,1
1216,1,1483,542,126,440,1,1,1
1217,1,1485,543,126,439,1,1,1
1218,1,1486,544,125,436,1,1,1
1219,1,1487,544,124,435,1,1,1
1220,1,1489,544,123,433,1,1,1
1221,1,1489,544,122,430,1,1,1
1222,1,1493,546,124,429,1,1,1
1223,1,1496,547,125,428,1,1,1
1224,1,1499,549,127,426,1,1,1
1225,1,1502,550,128,425,1,1,1
1226,1,1505,551,129,423,1,1,1
1227,1,1507,552,136,422,1,1,1
1228,1,1509,553,143,421,1,1,1
1229,1,1511,554,150,420,1,1,1
1230,1,1513,555,156,418,1,1,1
1231,1,1515,555,162,416,1,1,1
1232,1,1516,557,163,416,1,1,1
1233,1,1516,557,165,416,1,1,1
1234,1,1516,558,166,415,1,1,1
1235,1,1517,559,167,413,1,1,1
1236,1,1517,559,168,412,1,1,1
1237,1,1518,559,167,413,1,1,1
1238,1,1520,559,165,412,1,1,1
1239,1,1521,558,164,412,1,1,1
1240,1,1523,558,162,412,1,1,1
1241,1,1523,557,160,411,1,1,1
1242,1,1532,557,157,411,1,1,1
1243,1,1539,557,155,411,1,1,1
1244,1,1547,557,152,410,1,1,1
1245,1,1554,557,150,410,1,1,1
1246,1,1561,556,146,409,1,1,1
1247,1,1571,557,141,408,1,1,1
1248,1,1580,557,135,407,1,1,1
1249,1,1589,558,129,405,1,1,1
1250,1,1597,558,124,404,1,1,1
1251,1,1606,558,118,402,1,1,1
1252,1,1612,559,116,402,1,1,1
1253,1,1617,559,114,402,1,1,1
1254,1,1622,560,113,401,1,1,1
1255,1,1628,560,110,401,1,1,1
1256,1,1633,560,108,400,1,1,1
1257,1,1634,561,111,399,1,1,1
1258,1,1635,561,114,399,1,1,1
1259,1,1636,561,117,398,1,1,1
1260,1,1637,561,120,398,1,1,1
1261,1,1638,560,122,397,1,1,1
1262,1,1641,561,123,397,1,1,1
1263,1,1643,560,125,397,1,1,1
1264,1,1646,560,126,396,1,1,1
1265,1,1648,560,127,395,1,1,1
1266,1,1650,559,128,394,1,1,1
1267,1,1656,559,127,394,1,1,1
1268,1,1662,559,125,393,1,1,1
1269,1,1668,559,123,392,1,1,1
1270,1,1674,559,121,390,1,1,1
1271,1,1680,558,118,389,1,1,1
1272,1,1688,558,117,389,1,1,1
1273,1,1696,558,115,389,1,1,1
1274,1,1704,558,113,388,1,1,1
1275,1,1712,557,111,389,1,1,1
1276,1,1720,557,108,387,1,1,1
1277,1,1721,558,117,386,1,1,1
1278,1,1722,559,125,384,1,1,1
1279,1,1723,560,134,382,1,1,1
1280,1,1724,560,142,382,1,1,1
1281,1,1724,561,151,379,1,1,1
1282,1,1724,561,155,379,1,1,1
1283,1,1724,561,159,378,1,1,1
1284,1,1724,561,163,377,1,1,1
1285,1,1724,561,166,377,1,1,1
1286,1,1724,561,169,375,1,1,1
1287,1,1727,562,166,375,1,1,1
1288,1,1729,562,164,376,1,1,1
1289,1,1732,562,161,376,1,1,1
1290,1,1734,563,158,375,1,1,1
1291,1,1736,563,155,375,1,1,1
1292,1,1741,563,155,374,1,1,1
1293,1,1746,563,155,373,1,1,1
1294,1,1750,563,155,371,1,1,1
1295,1,1755,563,155,369,1,1,1
1296,1,1759,563,155,367,1,1,1
1297,1,1767,564,151,367,1,1,1
1298,1,1775,565,146,367,1,1,1
1299,1,1783,565,142,367,1,1,1
1300,1,1791,566,137,367,1,1,1
1301,1,1798,566,133,366,1,1,1
1302,1,1801,567,132,366,1,1,1
1303,1,1804,568,130,365,1,1,1
1304,1,1806,568,129,365,1,1,1
1305,1,1809,568,127,365,1,1,1
1306,1,1811,568,126,363,1,1,1
1307,1,1813,569,124,363,1,1,1
1308,1,1814,569,123,363,1,1,1
1309,1,1815,570,122,362,1,1,1
1310,1,1817,570,120,362,1,1,1
1311,1,1817,570,119,361,1,1,1
1312,1,1818,571,118,361,1,1,1
1313,1,1817,571,118,362,1,1,1
1314,1,1817,572,117,361,1,1,1
1315,1,1817,572,116,361,1,1,1
1316,1,1816,572,115,360,1,1,1
1317,1,1816,573,115,360,1,1,1
1318,1,1815,573,115,359,1,1,1
1319,1,1814,572,115,360,1,1,1
1320,1,1813,572,115,360,1,1,1
1321,1,1812,571,114,359,1,1,1
1322,1,1812,572,115,357,1,1,1
1323,1,1811,572,115,355,1,1,1
1324,1,1810,572,116,353,1,1,1
1325,1,1809,572,117,351,1,1,1
1326,1,1807,572,117,348,1,1,1
1327,1,1808,572,117,348,1,1,1
1328,1,1808,572,117,347,1,1,1
1329,1,1808,573,117,345,1,1,1
1330,1,1808,573,117,344,1,1,1
1331,1,1807,572,117,343,1,1,1
1332,1,1809,573,116,344,1,1,1
1333,1,1810,574,115,343,1,1,1
1334,1,1812,575,113,343,1,1,1
1335,1,1813,575,113,344,1,1,1
1336,1,1814,575,111,343,1,1,1
1337,1,1816,577,110,342,1,1,1
1338,1,1818,578,109,341,1,1,1
1339,1,1820,579,107,340,1,1,1
1340,1,1822,581,106,338,1,1,1
1341,1,1823,581,104,337,1,1,1
1342,1,1822,582,106,337,1,1,1
1343,1,1821,583,107,336,1,1,1
1344,1,1819,583,109,336,1,1,1
1345,1,1817,584,110,335,1,1,1
1346,1,1815,584,111,334,1,1,1
1347,1,1816,584,112,334,1,1,1
1348,1,1817,585,111,333,1,1,1
1349,1,1817,585,111,333,1,1,1
1350,1,1818,585,110,333,1,1,1
1351,1,1818,585,110,332,1,1,1
1352,1,1819,586,110,330,1,1,1
1353,1,1820,587,109,326,1,1,1
1354,1,1821,587,109,324,1,1,1
1355,1,1822,587,108,322,1,1,1
1356,1,1822,587,108,318,1,1,1
1357,1,1819,588,110,319,1,1,1
1358,1,1816,588,112,320,1,1,1
1359,1,1813,588,114,321,1,1,1
1360,1,1809,588,117,321,1,1,1
1361,1,1806,587,118,322,1,1,1
1362,1,1803,588,120,323,1,1,1
1363,1,1800,588,121,323,1,1,1
1364,1,1796,588,124,323,1,1,1
1365,1,1793,588,125,324,1,1,1
1366,1,1789,587,126,324,1,1,1
1367,1,1787,588,125,323,1,1,1
1368,1,1785,588,123,322,1,1,1
1369,1,1782,588,123,321,1,1,1
1370,1,1780,588,121,320,1,1,1
1371,1,1777,588,119,318,1,1,1
1372,1,1777,588,116,317,1,1,1
1373,1,1778,587,111,316,1,1,1
1374,1,1778,586,107,315,1,1,1
1375,1,1778,586,104,313,1,1,1
1376,1,1778,585,99,312,1,1,1
1377,1,1777,585,97,311,1,1,1
1378,1,1775,584,95,311,1,1,1
1379,1,1774,584,91,309,1,1,1
1380,1,1772,584,89,307,1,1,1
1381,1,1770,583,87,306,1,1,1
1382,1,1769,583,84,307,1,1,1
1383,1,1768,583,81,306,1,1,1
1384,1,1768,583,76,306,1,1,1
1385,1,1767,583,73,306,1,1,1
1386,1,1766,583,69,305,1,1,1
1387,1,1754,583,79,305,1,1,1
1388,1,1743,582,87,306,1,1,1
1389,1,1731,582,96,306,1,1,1
1390,1,1720,581,104,307,1,1,1
1391,1,1708,580,113,306,1,1,1
1392,1,1702,581,119,306,1,1,1
1393,1,1697,582,123,304,1,1,1
1394,1,1691,582,128,304,1,1,1
1395,1,1686,582,133,303,1,1,1
1396,1,1680,582,137,301,1,1,1
1397,1,1679,582,138,301,1,1,1
1398,1,1679,581,137,301,1,1,1
1399,1,1678,580,137,301,1,1,1
1400,1,1677,579,137,301,1,1,1
1401,1,1676,578,137,300,1,1,1
1402,1,1676,578,130,298,1,1,1
1403,1,1675,578,123,297,1,1,1
1404,1,1675,578,115,295,1,1,1
1405,1,1674,577,108,294,1,1,1
1406,1,1674,577,100,292,1,1,1
1407,1,1672,577,98,293,1,1,1
1408,1,1670,577,95,293,1,1,1
1409,1,1668,577,93,294,1,1,1
1410,1,1666,577,90,295,1,1,1
1411,1,1663,577,87,294,1,1,1
1412,1,1654,577,95,294,1,1,1
1413,1,1644,578,102,293,1,1,1
1414,1,1634,578,109,292,1,1,1
1415,1,1624,578,116,291,1,1,1
1416,1,1613,577,123,290,1,1,1
1417,1,1610,578,124,291,1,1,1
1418,1,1606,577,125,292,1,1,1
1419,1,1602,577,125,291,1,1,1
1420,1,1599,577,125,291,1,1,1
1421,1,1594,576,125,291,1,1,1
1422,1,1594,576,126,291,1,1,1
1423,1,1593,575,126,291,1,1,1
1424,1,1592,574,127,292,1,1,1
1425,1,1592,574,126,291,1,1,1
1426,1,1590,573,126,290,1,1,1
1427,1,1590,572,127,291,1,1,1
1428,1,1590,571,126,291,1,1,1
1429,1,1589,570,126,292,1,1,1
1430,1,1589,569,125,292,1,1,1
1431,1,1588,568,125,291,1,1,1
1432,1,1589,568,122,292,1,1,1
1433,1,1590,567,118,292,1,1,1
1434,1,1591,566,114,293,1,1,1
1435,1,1592,565,111,293,1,1,1
1436,1,1592,563,107,293,1,1,1
1437,1,1593,564,99,293,1,1,1
1438,1,1593,563,91,294,1,1,1
1439,1,1593,563,83,294,1,1,1
1440,1,1594,562,74,294,1,1,1
1441,1,1593,562,66,293,1,1,1
1442,1,1586,562,73,293,1,1,1
1443,1,1578,562,80,293,1,1,1
1444,1,1570,562,87,293,1,1,1
1445,1,1562,562,94,293,1,1,1
1446,1,1554,561,101,292,1,1,1
1447,1,1547,561,108,293,1,1,1
1448,1,1539,560,115,295,1,1,1
1449,1,1531,559,123,296,1,1,1
1450,1,1524,558,130,297,1,1,1
1451,1,1516,557,136,297,1,1,1
1452,1,1517,558,136,297,1,1,1
1453,1,1517,559,136,296,1,1,1
1454,1,1518,560,135,295,1,1,1
1455,1,1518,560,135,295,1,1,1
1456,1,1518,561,134,293,1,1,1
1457,1,1519,561,133,295,1,1,1
1458,1,1520,560,131,296,1,1,1
1459,1,1521,560,130,296,1,1,1
1460,1,1522,560,128,297,1,1,1
1461,1,1522,559,126,297,1,1,1
1462,1,1522,559,120,297,1,1,1
1463,1,1522,559,112,295,1,1,1
1464,1,1521,559,106,293,1,1,1
1465,1,1521,559,99,292,1,1,1
1466,1,1520,559,91,289,1,1,1
1467,1,1516,559,92,290,1,1,1
1468,1,1511,559,92,291,1,1,1
1469,1,1507,559,92,291,1,1,1
1470,1,1502,559,92,292,1,1,1
1471,1,1497,559,91,291,1,1,1
1472,1,1490,560,98,291,1,1,1
1473,1,1481,561,105,290,1,1,1
1474,1,1473,562,111,289,1,1,1
1475,1,1464,563,117,287,1,1,1
1476,1,1456,563,123,286,1,1,1
1477,1,1454,564,124,287,1,1,1
1478,1,1452,564,124,287,1,1,1
1479,1,1450,565,124,286,1,1,1
1480,1,1448,565,125,286,1,1,1
1481,1,1446,565,125,286,1,1,1
1482,1,1445,565,126,287,1,1,1
1483,1,1445,565,125,286,1,1,1
1484,1,1444,566,126,285,1,1,1
1485,1,1444,566,125,285,1,1,1
1486,1,1442,566,125,284,1,1,1
1487,1,1443,565,124,286,1,1,1
1488,1,1444,564,122,286,1,1,1
1489,1,1444,563,121,287,1,1,1
1490,1,1444,563,120,287,1,1,1
1491,1,1444,561,117,287,1,1,1
1002,2,1805,591,118,381,1,1,1
1003,2,1799,591,120,379,1,1,1
1004,2,1794,591,120,377,1,1,1
1005,2,1789,591,121,375,1,1,1
1006,2,1783,590,122,373,1,1,1
1007,2,1769,591,132,372,1,1,1
1008,2,1755,592,141,371,1,1,1
1009,2,1741,592,150,371,1,1,1
1010,2,1726,593,160,369,1,1,1
1011,2,1712,593,168,368,1,1,1
1012,2,1715,593,163,368,1,1,1
1013,2,1717,593,159,367,1,1,1
1014,2,1720,592,154,366,1,1,1
1015,2,1723,592,148,365,1,1,1
1016,2,1725,591,143,364,1,1,1
1031,2,1646,589,132,352,1,1,1
1032,2,1643,590,134,351,1,1,1
1033,2,1639,589,137,351,1,1,1
1034,2,1636,589,138,350,1,1,1
1035,2,1632,589,140,350,1,1,1
1036,2,1628,588,141,348,1,1,1
1037,2,1628,588,137,348,1,1,1
1038,2,1627,586,133,349,1,1,1
1039,2,1627,585,128,349,1,1,1
1040,2,1626,584,125,348,1,1,1
1041,2,1625,582,120,348,1,1,1
1042,2,1622,582,118,348,1,1,1
1043,2,1617,581,116,347,1,1,1
1044,2,1613,581,114,346,1,1,1
1045,2,1609,580,111,346,1,1,1
1046,2,1604,580,109,344,1,1,1
1047,2,1597,580,114,343,1,1,1
1048,2,1590,579,117,342,1,1,1
1049,2,1582,579,122,340,1,1,1
1050,2,1575,579,125,338,1,1,1
1051,2,1567,578,129,337,1,1,1
1052,2,1565,578,131,337,1,1,1
1053,2,1562,578,132,337,1,1,1
1054,2,1560,578,133,337,1,1,1
1055,2,1558,578,133,336,1,1,1
1056,2,1555,578,134,335,1,1,1
1057,2,1554,578,134,336,1,1,1
1058,2,1554,578,132,336,1,1,1
1059,2,1553,578,131,337,1,1,1
1060,2,1552,577,129,338,1,1,1
1061,2,1551,576,128,338,1,1,1
1062,2,1551,575,122,340,1,1,1
1063,2,1551,574,116,341,1,1,1
1064,2,1551,573,109,342,1,1,1
1065,2,1551,571,103,344,1,1,1
1066,2,1550,569,97,344,1,1,1
1067,2,1541,570,104,345,1,1,1
1068,2,1531,570,111,345,1,1,1
1069,2,1521,571,118,344,1,1,1
1070,2,1511,571,126,344,1,1,1
1071,2,1500,571,133,344,1,1,1
1126,2,1347,560,123,405,1,1,1
1127,2,1346,560,125,407,1,1,1
1128,2,1345,558,126,409,1,1,1
1129,2,1344,557,127,411,1,1,1
1130,2,1343,556,129,412,1,1,1
1131,2,1341,554,129,413,1,1,1
1132,2,1339,554,128,415,1,1,1
1133,2,1336,554,127,415,1,1,1
1134,2,1334,553,125,416,1,1,1
1135,2,1331,553,123,416,1,1,1
1136,2,1328,552,121,416,1,1,1
1137,2,1327,553,120,420,1,1,1
1138,2,1325,553,120,424,1,1,1
1139,2,1324,554,118,428,1,1,1
1140,2,1322,554,117,432,1,1,1
1141,2,1320,554,115,435,1,1,1
1142,2,1319,555,118,436,1,1,1
1143,2,1316,556,122,435,1,1,1
1144,2,1314,557,125,435,1,1,1
1145,2,1312,557,127,436,1,1,1
1146,2,1309,557,130,435,1,1,1
1147,2,1308,558,130,438,1,1,1
1148,2,1305,558,131,440,1,1,1
1149,2,1303,558,131,442,1,1,1
1150,2,1301,558,131,444,1,1,1
1151,2,1298,558,131,445,1,1,1
1152,2,1297,558,131,447,1,1,1
1153,2,1295,558,131,447,1,1,1
1154,2,1294,558,131,448,1,1,1
1155,2,1292,558,131,448,1,1,1
1156,2,1290,557,131,449,1,1,1
1157,2,1287,558,133,449,1,1,1
1158,2,1284,558,135,449,1,1,1
1159,2,1280,558,137,449,1,1,1
1160,2,1277,557,139,450,1,1,1
1161,2,1273,557,141,450,1,1,1
1162,2,1258,558,153,451,1,1,1
1163,2,1242,560,166,450,1,1,1
1164,2,1226,561,178,449,1,1,1
1165,2,1211,562,190,449,1,1,1
1166,2,1195,563,202,448,1,1,1
1226,2,868,533,150,561,1,1,1
1227,2,849,534,162,568,1,1,1
1228,2,830,534,174,574,1,1,1
1229,2,810,535,186,580,1,1,1
1230,2,791,535,198,587,1,1,1
1231,2,771,535,210,593,1,1,1
1232,2,761,536,219,595,1,1,1
1233,2,751,536,227,598,1,1,1
1234,2,741,536,236,601,1,1,1
1235,2,732,536,243,603,1,1,1
1236,2,721,536,251,606,1,1,1
1237,2,721,534,245,609,1,1,1
1238,2,721,532,238,611,1,1,1
1239,2,721,531,231,613,1,1,1
1240,2,720,529,225,615,1,1,1
1241,2,719,526,218,618,1,1,1
1242,2,714,526,209,619,1,1,1
1243,2,709,525,198,620,1,1,1
1244,2,704,523,188,621,1,1,1
1245,2,698,522,178,622,1,1,1
1246,2,692,521,167,622,1,1,1
1247,2,670,521,184,622,1,1,1
1248,2,647,521,200,621,1,1,1
1249,2,624,521,216,621,1,1,1
1250,2,601,521,232,620,1,1,1
1251,2,577,521,247,619,1,1,1
1252,2,561,522,264,619,1,1,1
1253,2,544,522,281,620,1,1,1
1254,2,528,522,297,621,1,1,1
1255,2,511,522,314,621,1,1,1
1256,2,494,522,330,622,1,1,1
1257,2,493,521,329,624,1,1,1
1258,2,492,520,328,626,1,1,1
1259,2,491,519,327,628,1,1,1
1260,2,490,518,326,630,1,1,1
1261,2,488,517,324,631,1,1,1
1262,2,490,515,306,634,1,1,1
1263,2,492,513,287,635,1,1,1
1264,2,493,511,269,637,1,1,1
1265,2,495,509,250,638,1,1,1
1266,2,496,507,232,639,1,1,1
1267,2,486,507,225,648,1,1,1
1268,2,476,506,217,656,1,1,1
1269,2,466,506,209,664,1,1,1
1270,2,456,505,201,673,1,1,1
1271,2,445,504,192,681,1,1,1
1272,2,409,505,230,678,1,1,1
1273,2,373,504,266,677,1,1,1
1274,2,336,504,303,674,1,1,1
1275,2,300,504,339,672,1,1,1
1276,2,263,504,375,669,1,1,1
1277,2,264,502,374,673,1,1,1
1278,2,265,499,373,677,1,1,1
1279,2,266,497,372,680,1,1,1
1280,2,267,494,370,684,1,1,1
1281,2,267,491,369,687,1,1,1
1282,2,268,489,356,691,1,1,1
1283,2,268,486,343,694,1,1,1
1284,2,269,483,329,698,1,1,1
1285,2,269,480,315,701,1,1,1
1286,2,269,477,302,704,1,1,1
1287,2,264,477,293,705,1,1,1
1288,2,258,476,284,706,1,1,1
1289,2,252,475,275,708,1,1,1
1290,2,247,474,266,709,1,1,1
1291,2,240,473,257,710,1,1,1
1292,2,238,475,260,708,1,1,1
1293,2,235,477,264,706,1,1,1
1294,2,232,478,267,704,1,1,1
1295,2,229,480,271,702,1,1,1
1296,2,226,481,273,700,1,1,1
1297,2,229,483,272,699,1,1,1
1298,2,231,483,271,699,1,1,1
1299,2,233,484,270,699,1,1,1
1300,2,235,485,269,698,1,1,1
1301,2,237,486,267,697,1,1,1
1302,2,241,486,266,694,1,1,1
1303,2,245,486,264,691,1,1,1
1304,2,249,485,263,688,1,1,1
1305,2,253,485,261,685,1,1,1
1306,2,256,484,259,681,1,1,1
1307,2,261,485,257,672,1,1,1
1308,2,265,486,254,661,1,1,1
1309,2,268,487,252,650,1,1,1
1310,2,272,487,249,641,1,1,1
1311,2,276,488,246,629,1,1,1
1312,2,280,487,242,631,1,1,1
1313,2,284,487,238,630,1,1,1
1314,2,288,486,234,631,1,1,1
1315,2,292,485,230,632,1,1,1
1316,2,296,484,225,632,1,1,1
1317,2,300,487,222,630,1,1,1
1318,2,303,489,219,628,1,1,1
1319,2,307,491,216,626,1,1,1
1320,2,310,493,213,624,1,1,1
1321,2,313,494,210,621,1,1,1
1322,2,317,495,209,618,1,1,1
1323,2,321,494,206,615,1,1,1
1324,2,325,494,204,610,1,1,1
1325,2,328,494,202,606,1,1,1
1326,2,332,493,200,602,1,1,1
1327,2,336,492,198,600,1,1,1
1328,2,341,492,196,595,1,1,1
1329,2,345,491,194,591,1,1,1
1330,2,350,490,192,587,1,1,1
1331,2,354,488,189,583,1,1,1
1332,2,359,489,189,580,1,1,1
1333,2,363,489,188,577,1,1,1
1334,2,368,489,187,573,1,1,1
1335,2,372,489,186,570,1,1,1
1336,2,376,488,184,566,1,1,1
1337,2,383,490,197,565,1,1,1
1338,2,390,492,208,563,1,1,1
1339,2,397,494,219,561,1,1,1
1340,2,404,496,231,559,1,1,1
1341,2,410,497,242,556,1,1,1
1342,2,412,500,249,553,1,1,1
1343,2,413,502,256,550,1,1,1
1344,2,414,504,263,547,1,1,1
1345,2,416,506,269,543,1,1,1
1346,2,416,508,276,539,1,1,1
1347,2,423,509,270,536,1,1,1
1348,2,430,509,263,533,1,1,1
1349,2,436,510,258,529,1,1,1
1350,2,443,510,251,526,1,1,1
1351,2,448,510,244,522,1,1,1
1352,2,468,510,227,519,1,1,1
1353,2,487,509,209,517,1,1,1
1354,2,507,509,191,514,1,1,1
1355,2,526,509,173,511,1,1,1
1356,2,544,508,155,508,1,1,1
1357,2,554,510,154,506,1,1,1
1358,2,564,511,152,505,1,1,1
1359,2,573,513,151,503,1,1,1
1360,2,582,515,151,501,1,1,1
1361,2,591,516,148,500,1,1,1
1362,2,593,518,162,498,1,1,1
1363,2,593,520,176,496,1,1,1
1364,2,594,521,188,495,1,1,1
1365,2,595,523,201,493,1,1,1
1366,2,595,524,214,491,1,1,1
1367,2,599,525,214,491,1,1,1
1368,2,602,525,213,491,1,1,1
1369,2,605,526,213,490,1,1,1
1370,2,608,526,212,490,1,1,1
1371,2,611,526,211,490,1,1,1
1372,2,627,525,199,487,1,1,1
1373,2,642,525,187,483,1,1,1
1374,2,658,524,174,480,1,1,1
1375,2,673,523,162,477,1,1,1
1376,2,688,522,149,473,1,1,1
1377,2,698,522,148,473,1,1,1
1378,2,707,523,147,470,1,1,1
1379,2,717,523,144,468,1,1,1
1380,2,726,523,143,467,1,1,1
1381,2,735,522,141,465,1,1,1
1382,2,739,525,156,463,1,1,1
1383,2,742,527,171,461,1,1,1
1384,2,746,529,185,458,1,1,1
1385,2,750,531,200,456,1,1,1
1386,2,753,533,214,453,1,1,1
1387,2,755,534,214,451,1,1,1
1388,2,756,536,215,447,1,1,1
1389,2,758,537,214,444,1,1,1
1390,2,759,538,214,441,1,1,1
1391,2,760,539,214,437,1,1,1
1392,2,772,540,203,435,1,1,1
1393,2,783,540,192,433,1,1,1
1394,2,794,540,180,431,1,1,1
1395,2,805,540,169,429,1,1,1
1396,2,815,539,158,427,1,1,1
1397,2,831,540,150,427,1,1,1
1398,2,846,541,141,426,1,1,1
1399,2,861,541,132,426,1,1,1
1400,2,876,542,124,426,1,1,1
1401,2,890,542,115,425,1,1,1
1402,2,891,543,130,425,1,1,1
1403,2,892,543,144,424,1,1,1
1404,2,893,543,158,424,1,1,1
1405,2,893,544,173,422,1,1,1
1406,2,894,544,187,422,1,1,1
1407,2,895,545,191,421,1,1,1
1408,2,896,546,195,420,1,1,1
1409,2,897,547,198,419,1,1,1
1410,2,898,548,202,418,1,1,1
1411,2,898,549,206,416,1,1,1
1412,2,911,549,195,415,1,1,1
1413,2,923,548,183,414,1,1,1
1414,2,935,548,172,412,1,1,1
1415,2,948,547,160,411,1,1,1
1416,2,959,546,148,409,1,1,1
1417,2,973,546,138,410,1,1,1
1418,2,987,545,127,412,1,1,1
1419,2,1000,545,117,412,1,1,1
1420,2,1014,545,106,413,1,1,1
1421,2,1027,544,95,414,1,1,1
1446,2,1168,544,155,404,1,1,1
1447,2,1168,545,152,405,1,1,1
1448,2,1167,545,149,406,1,1,1
1449,2,1167,545,145,407,1,1,1
1450,2,1166,545,142,407,1,1,1
1451,2,1165,544,138,408,1,1,1
1452,2,1169,546,140,406,1,1,1
1453,2,1173,547,140,404,1,1,1
1454,2,1178,549,140,400,1,1,1
1455,2,1182,550,140,398,1,1,1
1456,2,1185,551,140,395,1,1,1
1457,2,1192,550,137,398,1,1,1
1458,2,1198,549,134,400,1,1,1
1459,2,1204,549,131,400,1,1,1
1460,2,1210,548,128,402,1,1,1
1461,2,1216,546,124,404,1,1,1
1462,2,1218,547,132,404,1,1,1
1463,2,1220,547,140,404,1,1,1
1464,2,1222,547,147,404,1,1,1
1465,2,1224,547,154,404,1,1,1
1466,2,1226,546,161,404,1,1,1
1002,3,555,558,183,377,1,1,1
1003,3,552,558,187,377,1,1,1
1004,3,550,558,189,377,1,1,1
1005,3,547,557,193,377,1,1,1
1006,3,544,557,195,376,1,1,1
1007,3,545,556,190,378,1,1,1
1008,3,545,554,184,379,1,1,1
1009,3,546,553,177,380,1,1,1
1010,3,546,551,171,382,1,1,1
1011,3,546,549,164,383,1,1,1
1012,3,546,548,153,384,1,1,1
1013,3,545,546,141,386,1,1,1
1014,3,544,544,129,388,1,1,1
1015,3,543,542,117,390,1,1,1
1016,3,542,540,105,391,1,1,1
1017,3,528,540,113,391,1,1,1
1018,3,513,540,122,390,1,1,1
1019,3,499,540,130,388,1,1,1
1020,3,484,539,139,388,1,1,1
1021,3,470,539,147,387,1,1,1
1022,3,459,539,158,387,1,1,1
1023,3,448,539,169,387,1,1,1
1024,3,437,538,180,388,1,1,1
1025,3,426,538,191,388,1,1,1
1026,3,414,538,203,387,1,1,1
1027,3,413,537,204,389,1,1,1
1028,3,412,535,204,392,1,1,1
1029,3,411,534,205,393,1,1,1
1030,3,409,532,206,395,1,1,1
1031,3,408,530,206,396,1,1,1
1032,3,409,530,198,397,1,1,1
1033,3,409,529,191,398,1,1,1
1034,3,410,528,183,399,1,1,1
1035,3,411,527,175,399,1,1,1
1036,3,411,525,168,400,1,1,1
1037,3,411,526,165,400,1,1,1
1038,3,411,525,161,400,1,1,1
1039,3,410,525,158,400,1,1,1
1040,3,410,525,154,400,1,1,1
1041,3,409,524,150,400,1,1,1
1042,3,409,524,154,401,1,1,1
1043,3,408,523,157,402,1,1,1
1044,3,407,523,161,402,1,1,1
1045,3,407,522,163,404,1,1,1
1046,3,405,521,167,404,1,1,1
1047,3,408,522,167,404,1,1,1
1048,3,410,522,167,404,1,1,1
1049,3,413,522,166,404,1,1,1
1050,3,415,523,166,403,1,1,1
1051,3,417,523,166,402,1,1,1
1052,3,417,523,169,403,1,1,1
1053,3,418,522,171,404,1,1,1
1054,3,418,522,174,405,1,1,1
1055,3,418,521,177,406,1,1,1
1056,3,418,521,178,406,1,1,1
1057,3,424,520,177,407,1,1,1
1058,3,428,520,175,407,1,1,1
1059,3,433,519,173,409,1,1,1
1060,3,438,519,171,409,1,1,1
1061,3,442,518,168,409,1,1,1
1062,3,450,519,163,411,1,1,1
1063,3,457,519,158,413,1,1,1
1064,3,463,519,153,415,1,1,1
1065,3,470,520,148,415,1,1,1
1066,3,476,520,142,417,1,1,1
1067,3,479,521,143,416,1,1,1
1068,3,482,523,142,414,1,1,1
1069,3,484,524,143,413,1,1,1
1070,3,487,525,142,413,1,1,1
1071,3,489,526,142,410,1,1,1
1072,3,492,528,145,413,1,1,1
1073,3,494,529,149,415,1,1,1
1074,3,497,530,152,417,1,1,1
1075,3,499,531,156,419,1,1,1
1076,3,502,532,159,420,1,1,1
1077,3,507,532,157,421,1,1,1
1078,3,511,532,155,422,1,1,1
1079,3,516,531,153,423,1,1,1
1080,3,520,531,151,424,1,1,1
1081,3,524,530,148,424,1,1,1
1082,3,532,531,146,424,1,1,1
1083,3,539,531,144,424,1,1,1
1084,3,547,532,141,423,1,1,1
1085,3,554,532,139,423,1,1,1
1086,3,561,532,136,422,1,1,1
1087,3,571,533,146,423,1,1,1
1088,3,580,533,156,423,1,1,1
1089,3,589,533,167,423,1,1,1
1090,3,599,533,176,424,1,1,1
1091,3,608,532,185,424,1,1,1
1092,3,610,534,193,423,1,1,1
1093,3,612,536,201,420,1,1,1
1094,3,614,538,208,418,1,1,1
1095,3,616,539,215,417,1,1,1
1096,3,618,540,222,414,1,1,1
1097,3,626,540,216,416,1,1,1
1098,3,634,539,208,417,1,1,1
1099,3,642,538,201,418,1,1,1
1100,3,649,538,195,419,1,1,1
1101,3,657,536,187,420,1,1,1
1102,3,675,537,171,420,1,1,1
1103,3,692,538,155,419,1,1,1
1104,3,710,538,137,419,1,1,1
1105,3,727,538,121,419,1,1,1
1106,3,744,538,104,418,1,1,1
1107,3,749,539,121,417,1,1,1
1108,3,754,540,137,414,1,1,1
1109,3,758,540,153,412,1,1,1
1110,3,763,540,169,411,1,1,1
1111,3,767,540,185,408,1,1,1
1112,3,769,542,191,407,1,1,1
1113,3,770,542,196,408,1,1,1
1114,3,771,543,202,407,1,1,1
1115,3,772,544,207,407,1,1,1
1116,3,773,544,212,406,1,1,1
1117,3,784,544,203,407,1,1,1
1118,3,795,543,192,407,1,1,1
1119,3,805,542,183,408,1,1,1
1120,3,816,542,173,407,1,1,1
1121,3,826,540,163,408,1,1,1
1122,3,843,540,154,409,1,1,1
1123,3,860,538,144,410,1,1,1
1124,3,877,537,134,411,1,1,1
1125,3,893,536,125,412,1,1,1
1126,3,909,534,114,412,1,1,1
1127,3,912,537,125,410,1,1,1
1128,3,914,539,135,408,1,1,1
1129,3,916,541,145,406,1,1,1
1130,3,918,543,155,404,1,1,1
1131,3,920,544,165,402,1,1,1
1132,3,924,545,170,401,1,1,1
1133,3,929,546,173,399,1,1,1
1134,3,933,546,178,398,1,1,1
1135,3,937,546,182,397,1,1,1
1136,3,941,546,186,395,1,1,1
1137,3,954,546,181,393,1,1,1
1138,3,967,545,175,391,1,1,1
1139,3,979,544,171,389,1,1,1
1140,3,992,543,165,387,1,1,1
1141,3,1004,542,159,384,1,1,1
1142,3,1008,545,167,381,1,1,1
1143,3,1012,547,173,378,1,1,1
1144,3,1015,549,181,376,1,1,1
1145,3,1019,551,187,373,1,1,1
1146,3,1021,552,194,370,1,1,1
1147,3,1023,554,197,369,1,1,1
1148,3,1023,555,200,367,1,1,1
1149,3,1024,556,203,365,1,1,1
1150,3,1025,557,205,364,1,1,1
1151,3,1025,558,208,361,1,1,1
1152,3,1030,558,207,361,1,1,1
1153,3,1035,558,205,359,1,1,1
1154,3,1039,558,204,358,1,1,1
1155,3,1044,558,201,357,1,1,1
1156,3,1048,557,200,356,1,1,1
1157,3,1058,557,196,357,1,1,1
1158,3,1068,556,191,358,1,1,1
1159,3,1078,556,187,358,1,1,1
1160,3,1088,555,182,359,1,1,1
1161,3,1097,554,177,360,1,1,1
1162,3,1104,556,173,359,1,1,1
1163,3,1111,558,167,358,1,1,1
1164,3,1117,559,162,358,1,1,1
1165,3,1124,561,156,357,1,1,1
1166,3,1130,562,151,356,1,1,1
1167,3,1130,563,152,356,1,1,1
1168,3,1130,564,153,354,1,1,1
1169,3,1130,565,154,353,1,1,1
1170,3,1130,566,154,352,1,1,1
1171,3,1129,566,155,351,1,1,1
1191,3,1201,569,138,326,1,1,1
1192,3,1201,571,142,325,1,1,1
1193,3,1201,572,146,324,1,1,1
1194,3,1202,573,148,323,1,1,1
1195,3,1202,574,152,321,1,1,1
1196,3,1201,575,155,320,1,1,1
1197,3,1209,574,149,320,1,1,1
1198,3,1217,573,141,319,1,1,1
1199,3,1224,572,134,319,1,1,1
1200,3,1231,571,128,318,1,1,1
1201,3,1238,569,120,318,1,1,1
1231,3,1418,584,125,320,1,1,1
1232,3,1420,587,128,319,1,1,1
1233,3,1421,588,132,319,1,1,1
1234,3,1422,590,135,318,1,1,1
1235,3,1422,592,140,318,1,1,1
1236,3,1423,593,142,317,1,1,1
1237,3,1431,593,136,318,1,1,1
1238,3,1438,592,131,319,1,1,1
1239,3,1445,591,125,320,1,1,1
1240,3,1452,590,120,321,1,1,1
1241,3,1459,588,114,322,1,1,1
1242,3,1470,588,109,323,1,1,1
1243,3,1482,588,102,323,1,1,1
1244,3,1493,588,96,323,1,1,1
1245,3,1504,588,91,323,1,1,1
1246,3,1515,587,84,323,1,1,1
1247,3,1517,588,91,323,1,1,1
1248,3,1518,588,98,322,1,1,1
1249,3,1519,589,106,320,1,1,1
1250,3,1520,589,113,320,1,1,1
1251,3,1521,589,119,318,1,1,1
1252,3,1523,590,120,318,1,1,1
1253,3,1525,589,121,319,1,1,1
1254,3,1527,589,121,318,1,1,1
1255,3,1529,589,121,318,1,1,1
1256,3,1530,588,122,317,1,1,1
1257,3,1536,588,118,318,1,1,1
1258,3,1542,586,115,320,1,1,1
1259,3,1549,585,110,321,1,1,1
1260,3,1555,584,106,321,1,1,1
1261,3,1560,582,102,322,1,1,1
1262,3,1566,582,101,322,1,1,1
1263,3,1571,583,100,320,1,1,1
1264,3,1576,583,100,320,1,1,1
1265,3,1580,583,100,319,1,1,1
1266,3,1585,582,99,318,1,1,1
1267,3,1584,583,103,319,1,1,1
1268,3,1582,583,108,319,1,1,1
1269,3,1581,583,112,320,1,1,1
1270,3,1579,583,117,321,1,1,1
1271,3,1577,583,121,321,1,1,1
1272,3,1576,583,123,323,1,1,1
1273,3,1574,583,126,324,1,1,1
1274,3,1573,582,128,326,1,1,1
1275,3,1571,582,130,327,1,1,1
1276,3,1569,581,132,328,1,1,1
1277,3,1570,582,133,328,1,1,1
1278,3,1571,583,133,326,1,1,1
1279,3,1572,584,132,325,1,1,1
1280,3,1573,585,132,324,1,1,1
1281,3,1573,585,132,322,1,1,1
1282,3,1576,585,130,323,1,1,1
1283,3,1579,584,126,324,1,1,1
1284,3,1582,583,123,325,1,1,1
1285,3,1585,582,119,326,1,1,1
1286,3,1587,581,116,326,1,1,1
1287,3,1591,582,114,327,1,1,1
1288,3,1594,582,113,329,1,1,1
1289,3,1598,582,110,330,1,1,1
1290,3,1601,582,108,331,1,1,1
1291,3,1604,581,106,332,1,1,1
1292,3,1605,581,112,335,1,1,1
1293,3,1607,581,116,336,1,1,1
1294,3,1608,580,122,338,1,1,1
1295,3,1609,580,127,339,1,1,1
1296,3,1610,579,132,340,1,1,1
1297,3,1612,580,132,342,1,1,1
1298,3,1613,580,133,344,1,1,1
1299,3,1615,581,133,345,1,1,1
1300,3,1616,581,133,347,1,1,1
1301,3,1617,581,133,348,1,1,1
1302,3,1623,580,132,350,1,1,1
1303,3,1629,579,131,352,1,1,1
1304,3,1634,578,130,353,1,1,1
1305,3,1640,576,128,355,1,1,1
1306,3,1645,575,127,356,1,1,1
1307,3,1649,575,127,358,1,1,1
1308,3,1653,575,126,360,1,1,1
1309,3,1656,574,127,363,1,1,1
1310,3,1660,574,126,365,1,1,1
1311,3,1663,573,126,366,1,1,1
1312,3,1664,575,127,367,1,1,1
1313,3,1665,576,127,368,1,1,1
1314,3,1666,576,127,370,1,1,1
1315,3,1667,577,128,371,1,1,1
1316,3,1667,578,128,371,1,1,1
1317,3,1669,578,128,374,1,1,1
1318,3,1671,579,127,375,1,1,1
1319,3,1672,579,127,377,1,1,1
1320,3,1674,579,126,379,1,1,1
1321,3,1675,579,126,381,1,1,1
1322,3,1676,579,126,382,1,1,1
1323,3,1677,578,125,383,1,1,1
1324,3,1678,578,125,383,1,1,1
1325,3,1679,577,124,384,1,1,1
1326,3,1680,576,123,384,1,1,1
1327,3,1682,577,126,384,1,1,1
1328,3,1683,577,130,385,1,1,1
1329,3,1685,577,132,385,1,1,1
1330,3,1686,577,136,385,1,1,1
1331,3,1688,576,138,386,1,1,1
1332,3,1691,577,139,388,1,1,1
1333,3,1693,578,141,388,1,1,1
1334,3,1696,579,142,389,1,1,1
1335,3,1698,579,144,391,1,1,1
1336,3,1700,580,144,391,1,1,1
1337,3,1700,581,145,393,1,1,1
1338,3,1700,581,144,396,1,1,1
1339,3,1699,581,145,398,1,1,1
1340,3,1699,582,145,399,1,1,1
1341,3,1698,582,144,401,1,1,1
1342,3,1701,583,146,401,1,1,1
1343,3,1703,583,147,402,1,1,1
1344,3,1706,583,147,403,1,1,1
1345,3,1708,583,149,403,1,1,1
1346,3,1710,583,149,403,1,1,1
1347,3,1710,584,153,403,1,1,1
1348,3,1710,584,156,403,1,1,1
1349,3,1709,585,160,401,1,1,1
1350,3,1709,585,163,401,1,1,1
1351,3,1708,585,167,400,1,1,1
1352,3,1707,586,167,401,1,1,1
1353,3,1705,586,167,401,1,1,1
1354,3,1703,586,168,402,1,1,1
1355,3,1702,586,167,403,1,1,1
1356,3,1700,585,167,404,1,1,1
1357,3,1700,585,162,406,1,1,1
1358,3,1700,585,157,406,1,1,1
1359,3,1700,584,151,408,1,1,1
1360,3,1700,584,146,409,1,1,1
1361,3,1700,583,140,410,1,1,1
1362,3,1698,584,140,411,1,1,1
1363,3,1697,585,139,411,1,1,1
1364,3,1695,586,138,410,1,1,1
1365,3,1693,587,138,410,1,1,1
1366,3,1691,587,136,410,1,1,1
1367,3,1693,587,129,413,1,1,1
1368,3,1694,586,122,415,1,1,1
1369,3,1695,585,114,418,1,1,1
1370,3,1696,584,107,421,1,1,1
1371,3,1696,583,100,422,1,1,1
1372,3,1689,584,105,423,1,1,1
1373,3,1681,584,111,423,1,1,1
1374,3,1674,584,116,423,1,1,1
1375,3,1666,584,121,424,1,1,1
1376,3,1658,584,126,423,1,1,1
1377,3,1656,585,126,424,1,1,1
1378,3,1655,585,123,425,1,1,1
1379,3,1653,585,122,426,1,1,1
1380,3,1651,586,120,426,1,1,1
1381,3,1648,585,119,426,1,1,1
1382,3,1647,584,117,429,1,1,1
1383,3,1646,583,115,430,1,1,1
1384,3,1645,581,113,432,1,1,1
1385,3,1643,579,112,434,1,1,1
1386,3,1641,577,109,435,1,1,1
1387,3,1633,577,112,435,1,1,1
1388,3,1625,576,114,436,1,1,1
1389,3,1616,576,117,436,1,1,1
1390,3,1608,575,120,436,1,1,1
1391,3,1598,574,122,436,1,1,1
1392,3,1583,575,137,436,1,1,1
1393,3,1568,576,150,435,1,1,1
1394,3,1552,577,164,434,1,1,1
1395,3,1536,578,178,433,1,1,1
1396,3,1520,578,191,432,1,1,1
1397,3,1519,578,192,432,1,1,1
1398,3,1517,578,192,432,1,1,1
1399,3,1515,578,192,431,1,1,1
1400,3,1513,578,192,431,1,1,1
1401,3,1511,577,191,430,1,1,1
1402,3,1511,576,180,429,1,1,1
1403,3,1511,576,168,426,1,1,1
1404,3,1511,575,155,423,1,1,1
1405,3,1510,574,144,421,1,1,1
1406,3,1510,573,132,419,1,1,1
1407,3,1498,573,130,417,1,1,1
1408,3,1487,572,128,417,1,1,1
1409,3,1475,572,126,415,1,1,1
1410,3,1463,572,125,413,1,1,1
1411,3,1451,571,122,412,1,1,1
1412,3,1433,572,140,411,1,1,1
1413,3,1414,572,157,411,1,1,1
1414,3,1395,572,174,410,1,1,1
1415,3,1376,573,192,409,1,1,1
1416,3,1356,573,209,408,1,1,1
1417,3,1354,572,208,407,1,1,1
1418,3,1352,572,206,405,1,1,1
1419,3,1350,571,204,404,1,1,1
1420,3,1348,570,201,403,1,1,1
1421,3,1345,569,200,402,1,1,1
1422,3,1346,567,184,403,1,1,1
1423,3,1346,564,168,404,1,1,1
1424,3,1346,562,152,405,1,1,1
1425,3,1347,559,135,406,1,1,1
1426,3,1346,556,119,407,1,1,1
1427,3,1343,556,117,407,1,1,1
1428,3,1339,556,115,407,1,1,1
1429,3,1335,556,114,406,1,1,1
1430,3,1330,556,113,406,1,1,1
1431,3,1326,555,110,405,1,1,1
1471,3,1179,561,112,365,1,1,1
1472,3,1177,562,111,365,1,1,1
1473,3,1174,562,110,365,1,1,1
1474,3,1171,563,110,364,1,1,1
1475,3,1169,563,108,365,1,1,1
1476,3,1165,563,107,364,1,1,1
1477,3,1157,567,115,362,1,1,1
1478,3,1149,569,122,361,1,1,1
1479,3,1140,572,129,358,1,1,1
1480,3,1132,575,136,356,1,1,1
1481,3,1123,578,143,354,1,1,1
1496,3,1075,556,81,364,1,1,1
1497,3,1062,557,98,362,1,1,1
1498,3,1049,557,115,360,1,1,1
1499,3,1036,558,132,358,1,1,1
1500,3,1023,559,149,355,1,1,1
1002,4,1405,588,104,289,1,1,1
1003,4,1412,587,97,290,1,1,1
1004,4,1419,587,90,289,1,1,1
1005,4,1426,586,83,289,1,1,1
1006,4,1432,585,77,289,1,1,1
1007,4,1436,585,78,290,1,1,1
1008,4,1439,585,79,289,1,1,1
1009,4,1443,585,79,289,1,1,1
1010,4,1446,585,81,289,1,1,1
1011,4,1449,584,81,289,1,1,1
1012,4,1451,585,83,289,1,1,1
1013,4,1453,585,83,289,1,1,1
1014,4,1454,585,85,289,1,1,1
1015,4,1456,585,85,289,1,1,1
1016,4,1457,584,86,289,1,1,1
1017,4,1457,584,87,290,1,1,1
1018,4,1457,583,87,290,1,1,1
1019,4,1457,582,86,290,1,1,1
1020,4,1456,581,87,291,1,1,1
1021,4,1456,580,87,291,1,1,1
1022,4,1457,580,88,291,1,1,1
1023,4,1458,579,88,292,1,1,1
1024,4,1458,579,90,292,1,1,1
1025,4,1459,579,91,292,1,1,1
1026,4,1459,578,91,292,1,1,1
1027,4,1461,578,92,293,1,1,1
1028,4,1463,578,91,293,1,1,1
1029,4,1464,577,92,293,1,1,1
1030,4,1466,577,91,293,1,1,1
1031,4,1467,576,91,293,1,1,1
1032,4,1469,576,91,294,1,1,1
1033,4,1471,576,90,294,1,1,1
1034,4,1473,576,89,294,1,1,1
1035,4,1474,576,88,294,1,1,1
1036,4,1476,575,87,294,1,1,1
1037,4,1477,575,87,294,1,1,1
1038,4,1477,575,88,294,1,1,1
1039,4,1478,575,88,294,1,1,1
1040,4,1478,574,88,295,1,1,1
1041,4,1478,574,88,294,1,1,1
1042,4,1479,574,89,294,1,1,1
1043,4,1478,573,91,295,1,1,1
1044,4,1478,573,92,295,1,1,1
1045,4,1478,572,93,296,1,1,1
1046,4,1477,571,94,296,1,1,1
1047,4,1478,571,94,297,1,1,1
1048,4,1478,571,94,297,1,1,1
1049,4,1479,571,94,297,1,1,1
1050,4,1479,570,94,297,1,1,1
1051,4,1479,570,93,296,1,1,1
1052,4,1482,570,91,295,1,1,1
1053,4,1484,569,89,295,1,1,1
1054,4,1487,569,85,293,1,1,1
1055,4,1489,569,83,291,1,1,1
1056,4,1491,568,80,290,1,1,1
1111,4,1346,557,106,338,1,1,1
1112,4,1344,558,107,339,1,1,1
1113,4,1341,559,109,339,1,1,1
1114,4,1338,560,110,340,1,1,1
1115,4,1336,560,111,341,1,1,1
1116,4,1332,561,112,340,1,1,1
1117,4,1332,560,110,342,1,1,1
1118,4,1331,559,109,342,1,1,1
1119,4,1330,558,108,343,1,1,1
1120,4,1329,556,106,344,1,1,1
1121,4,1328,555,104,344,1,1,1
1122,4,1323,554,106,346,1,1,1
1123,4,1317,553,109,347,1,1,1
1124,4,1311,552,111,348,1,1,1
1125,4,1305,551,114,349,1,1,1
1126,4,1298,550,116,349,1,1,1
1127,4,1289,551,121,349,1,1,1
1128,4,1279,551,125,350,1,1,1
1129,4,1269,551,129,350,1,1,1
1130,4,1260,552,133,350,1,1,1
1131,4,1249,552,137,350,1,1,1
1132,4,1247,553,138,351,1,1,1
1133,4,1245,553,138,352,1,1,1
1134,4,1243,554,138,353,1,1,1
1135,4,1241,555,138,353,1,1,1
1136,4,1238,555,138,354,1,1,1
1137,4,1239,555,136,355,1,1,1
1138,4,1239,554,133,357,1,1,1
1139,4,1239,553,131,358,1,1,1
1140,4,1239,552,129,360,1,1,1
1141,4,1239,551,125,361,1,1,1
1142,4,1239,551,123,362,1,1,1
1143,4,1238,551,121,362,1,1,1
1144,4,1238,550,117,364,1,1,1
1145,4,1237,550,115,364,1,1,1
1146,4,1236,549,112,365,1,1,1
1147,4,1236,550,111,366,1,1,1
1148,4,1236,550,110,366,1,1,1
1149,4,1236,550,109,367,1,1,1
1150,4,1236,550,107,368,1,1,1
1151,4,1235,549,106,368,1,1,1
1152,4,1235,550,106,369,1,1,1
1153,4,1235,550,105,369,1,1,1
1154,4,1234,550,105,369,1,1,1
1155,4,1233,550,105,370,1,1,1
1156,4,1232,549,105,370,1,1,1
1157,4,1232,550,106,370,1,1,1
1158,4,1232,550,107,369,1,1,1
1159,4,1232,551,108,368,1,1,1
1160,4,1231,551,110,368,1,1,1
1161,4,1231,551,110,366,1,1,1
1186,4,1253,554,117,364,1,1,1
1187,4,1258,555,117,364,1,1,1
1188,4,1262,556,117,363,1,1,1
1189,4,1266,556,116,362,1,1,1
1190,4,1270,557,116,361,1,1,1
1191,4,1273,557,115,360,1,1,1
1192,4,1274,558,119,359,1,1,1
1193,4,1275,560,121,357,1,1,1
1194,4,1275,561,124,356,1,1,1
1195,4,1276,562,126,355,1,1,1
1196,4,1275,562,129,353,1,1,1
1197,4,1283,562,125,355,1,1,1
1198,4,1290,561,120,356,1,1,1
1199,4,1298,559,114,357,1,1,1
1200,4,1305,558,109,358,1,1,1
1201,4,1312,557,104,359,1,1,1
1202,4,1313,558,106,359,1,1,1
1203,4,1315,558,106,359,1,1,1
1204,4,1316,558,108,360,1,1,1
1205,4,1317,559,109,359,1,1,1
1206,4,1318,559,110,359,1,1,1
1207,4,1314,559,118,360,1,1,1
1208,4,1310,558,125,362,1,1,1
1209,4,1306,558,132,363,1,1,1
1210,4,1302,558,140,364,1,1,1
1211,4,1297,557,146,365,1,1,1
1212,4,1304,558,143,364,1,1,1
1213,4,1311,559,138,363,1,1,1
1214,4,1318,560,133,361,1,1,1
1215,4,1324,560,129,361,1,1,1
1216,4,1330,561,124,359,1,1,1
1217,4,1330,561,126,360,1,1,1
1218,4,1329,560,129,361,1,1,1
1219,4,1328,560,131,362,1,1,1
1220,4,1327,560,133,362,1,1,1
1221,4,1326,559,134,363,1,1,1
1222,4,1325,561,135,363,1,1,1
1223,4,1324,562,135,364,1,1,1
1224,4,1322,563,136,365,1,1,1
1225,4,1321,565,136,365,1,1,1
1226,4,1319,566,136,366,1,1,1
1227,4,1320,567,136,368,1,1,1
1228,4,1321,568,134,370,1,1,1
1229,4,1321,568,133,373,1,1,1
1230,4,1322,569,131,375,1,1,1
1231,4,1322,569,130,377,1,1,1
1232,4,1322,568,127,379,1,1,1
1233,4,1323,566,122,381,1,1,1
1234,4,1323,565,118,382,1,1,1
1235,4,1323,563,115,384,1,1,1
1236,4,1323,561,110,385,1,1,1
1237,4,1322,561,113,386,1,1,1
1238,4,1321,561,114,386,1,1,1
1239,4,1320,560,116,387,1,1,1
1240,4,1318,560,118,387,1,1,1
1241,4,1316,559,119,387,1,1,1
1242,4,1316,559,121,391,1,1,1
1243,4,1315,558,122,395,1,1,1
1244,4,1314,557,123,399,1,1,1
1245,4,1312,557,125,402,1,1,1
1246,4,1311,556,125,405,1,1,1
1247,4,1311,557,124,405,1,1,1
1248,4,1310,557,124,405,1,1,1
1249,4,1310,558,123,405,1,1,1
1250,4,1310,558,121,405,1,1,1
1251,4,1309,558,120,404,1,1,1
1252,4,1309,557,122,408,1,1,1
1253,4,1310,556,122,410,1,1,1
1254,4,1310,554,122,414,1,1,1
1255,4,1310,553,123,417,1,1,1
1256,4,1310,551,123,420,1,1,1
1257,4,1310,551,125,420,1,1,1
1258,4,1311,550,125,421,1,1,1
1259,4,1311,549,126,421,1,1,1
1260,4,1311,548,127,422,1,1,1
1261,4,1311,547,127,421,1,1,1
1262,4,1310,547,130,422,1,1,1
1263,4,1308,546,132,423,1,1,1
1264,4,1307,546,134,422,1,1,1
1265,4,1305,545,137,423,1,1,1
1266,4,1303,544,138,422,1,1,1
1267,4,1305,544,137,424,1,1,1
1268,4,1307,544,136,424,1,1,1
1269,4,1309,543,134,426,1,1,1
1270,4,1310,543,133,426,1,1,1
1271,4,1311,542,131,427,1,1,1
1296,4,1259,528,126,475,1,1,1
1297,4,1251,529,132,475,1,1,1
1298,4,1242,529,138,474,1,1,1
1299,4,1234,530,143,473,1,1,1
1300,4,1226,530,149,473,1,1,1
1301,4,1217,530,154,471,1,1,1
1302,4,1216,530,151,474,1,1,1
1303,4,1214,531,149,475,1,1,1
1304,4,1212,531,146,477,1,1,1
1305,4,1210,531,144,479,1,1,1
1306,4,1208,531,140,481,1,1,1
1307,4,1206,530,142,482,1,1,1
1308,4,1204,529,143,483,1,1,1
1309,4,1202,528,143,484,1,1,1
1310,4,1200,526,144,486,1,1,1
1311,4,1197,525,145,486,1,1,1
1312,4,1194,525,144,487,1,1,1
1313,4,1190,525,144,487,1,1,1
1314,4,1186,524,143,489,1,1,1
1315,4,1182,524,143,489,1,1,1
1316,4,1178,523,141,489,1,1,1
1317,4,1168,524,149,490,1,1,1
1318,4,1158,524,157,491,1,1,1
1319,4,1148,525,164,490,1,1,1
1320,4,1138,525,171,491,1,1,1
1321,4,1128,525,178,491,1,1,1
1322,4,1118,525,184,491,1,1,1
1323,4,1109,525,189,491,1,1,1
1324,4,1099,524,195,492,1,1,1
1325,4,1090,524,199,492,1,1,1
1326,4,1079,524,205,491,1,1,1
1327,4,1079,524,202,491,1,1,1
1328,4,1078,524,198,491,1,1,1
1329,4,1077,524,195,491,1,1,1
1330,4,1076,524,191,491,1,1,1
1331,4,1074,523,188,491,1,1,1
1332,4,1074,524,188,492,1,1,1
1333,4,1074,523,187,493,1,1,1
1334,4,1074,523,186,494,1,1,1
1335,4,1074,522,185,495,1,1,1
1336,4,1073,521,184,496,1,1,1
1337,4,1073,521,179,496,1,1,1
1338,4,1073,521,172,496,1,1,1
1339,4,1072,520,166,496,1,1,1
1340,4,1071,520,161,496,1,1,1
1341,4,1070,519,154,495,1,1,1
1342,4,1068,519,149,498,1,1,1
1343,4,1064,519,146,500,1,1,1
1344,4,1061,518,141,502,1,1,1
1345,4,1058,518,137,504,1,1,1
1346,4,1055,517,132,506,1,1,1
1347,4,1050,518,139,507,1,1,1
1348,4,1044,519,146,508,1,1,1
1349,4,1038,519,153,509,1,1,1
1350,4,1032,520,161,509,1,1,1
1351,4,1026,520,167,510,1,1,1
1352,4,1025,521,168,510,1,1,1
1353,4,1023,521,168,510,1,1,1
1354,4,1022,522,168,509,1,1,1
1355,4,1020,522,169,509,1,1,1
1356,4,1018,522,169,508,1,1,1
1357,4,1018,522,168,508,1,1,1
1358,4,1017,522,167,508,1,1,1
1359,4,1016,521,166,508,1,1,1
1360,4,1015,521,165,508,1,1,1
1361,4,1014,520,163,508,1,1,1
1362,4,1017,521,163,508,1,1,1
1363,4,1019,522,163,508,1,1,1
1364,4,1022,523,162,508,1,1,1
1365,4,1024,524,162,508,1,1,1
1366,4,1026,524,161,508,1,1,1
1367,4,1027,524,161,508,1,1,1
1368,4,1027,524,161,508,1,1,1
1369,4,1027,524,161,508,1,1,1
1370,4,1028,523,160,508,1,1,1
1371,4,1027,522,160,508,1,1,1
1372,4,1029,523,162,508,1,1,1
1373,4,1030,523,163,507,1,1,1
1374,4,1030,524,166,506,1,1,1
1375,4,1031,524,167,506,1,1,1
1376,4,1032,523,168,505,1,1,1
1377,4,1035,524,173,505,1,1,1
1378,4,1038,523,176,505,1,1,1
1379,4,1041,523,180,505,1,1,1
1380,4,1044,523,183,504,1,1,1
1381,4,1046,522,187,504,1,1,1
1382,4,1049,522,192,505,1,1,1
1383,4,1052,522,196,505,1,1,1
1384,4,1054,522,202,505,1,1,1
1385,4,1057,522,206,504,1,1,1
1386,4,1059,521,210,504,1,1,1
1387,4,1059,521,212,505,1,1,1
1388,4,1059,521,213,505,1,1,1
1389,4,1058,521,215,505,1,1,1
1390,4,1058,520,216,505,1,1,1
1391,4,1057,519,217,505,1,1,1
1392,4,1058,520,215,505,1,1,1
1393,4,1058,520,213,505,1,1,1
1394,4,1058,520,211,506,1,1,1
1395,4,1059,520,208,506,1,1,1
1396,4,1058,520,205,505,1,1,1
1397,4,1058,520,207,506,1,1,1
1398,4,1058,520,207,506,1,1,1
1399,4,1057,520,208,506,1,1,1
1400,4,1056,521,209,506,1,1,1
1401,4,1055,520,209,506,1,1,1
1402,4,1055,520,210,507,1,1,1
1403,4,1055,520,210,507,1,1,1
1404,4,1055,520,211,507,1,1,1
1405,4,1054,520,212,507,1,1,1
1406,4,1054,520,212,507,1,1,1
1407,4,1054,520,214,507,1,1,1
1408,4,1053,520,217,507,1,1,1
1409,4,1053,520,219,508,1,1,1
1410,4,1052,520,221,508,1,1,1
1411,4,1051,520,223,507,1,1,1
1412,4,1051,520,225,507,1,1,1
1413,4,1051,520,225,507,1,1,1
1414,4,1050,519,226,508,1,1,1
1415,4,1050,519,227,507,1,1,1
1416,4,1049,518,227,507,1,1,1
1417,4,1049,519,232,506,1,1,1
1418,4,1050,518,234,507,1,1,1
1419,4,1050,518,237,506,1,1,1
1420,4,1050,518,240,506,1,1,1
1421,4,1049,518,244,504,1,1,1
1422,4,1049,517,248,505,1,1,1
1423,4,1049,516,251,505,1,1,1
1424,4,1049,515,253,505,1,1,1
1425,4,1048,514,257,505,1,1,1
1426,4,1048,513,260,504,1,1,1
1427,4,1048,513,259,505,1,1,1
1428,4,1049,513,256,505,1,1,1
1429,4,1049,513,254,504,1,1,1
1430,4,1049,513,253,504,1,1,1
1431,4,1049,512,250,504,1,1,1
1432,4,1050,512,252,504,1,1,1
1433,4,1050,512,254,504,1,1,1
1434,4,1051,512,255,503,1,1,1
1435,4,1051,511,257,504,1,1,1
1436,4,1051,510,257,503,1,1,1
1437,4,1052,511,258,504,1,1,1
1438,4,1051,511,259,504,1,1,1
1439,4,1051,511,260,504,1,1,1
1440,4,1051,511,260,504,1,1,1
1441,4,1050,510,261,504,1,1,1
1442,4,1051,510,261,504,1,1,1
1443,4,1052,510,260,504,1,1,1
1444,4,1053,509,260,505,1,1,1
1445,4,1053,509,260,505,1,1,1
1446,4,1054,508,259,504,1,1,1
1447,4,1055,508,260,504,1,1,1
1448,4,1055,508,262,503,1,1,1
1449,4,1056,508,263,502,1,1,1
1450,4,1057,508,264,501,1,1,1
1451,4,1057,508,265,500,1,1,1
1452,4,1057,508,264,502,1,1,1
1453,4,1057,507,263,505,1,1,1
1454,4,1057,507,262,507,1,1,1
1455,4,1057,507,261,509,1,1,1
1456,4,1057,506,259,512,1,1,1
1457,4,1057,507,256,511,1,1,1
1458,4,1056,507,255,511,1,1,1
1459,4,1056,507,252,511,1,1,1
1460,4,1056,508,249,510,1,1,1
1461,4,1055,508,246,510,1,1,1
1462,4,1056,508,241,510,1,1,1
1463,4,1058,508,233,510,1,1,1
1464,4,1059,508,227,510,1,1,1
1465,4,1060,508,221,510,1,1,1
1466,4,1061,508,214,510,1,1,1
1467,4,1060,508,202,510,1,1,1
1468,4,1060,508,188,510,1,1,1
1469,4,1059,508,175,510,1,1,1
1470,4,1058,508,162,510,1,1,1
1471,4,1057,508,148,510,1,1,1
1472,4,1059,510,146,509,1,1,1
1473,4,1060,511,144,508,1,1,1
1474,4,1062,513,141,507,1,1,1
1475,4,1064,515,138,505,1,1,1
1476,4,1065,516,136,504,1,1,1
1477,4,1065,517,138,504,1,1,1
1478,4,1065,517,139,504,1,1,1
1479,4,1065,517,140,504,1,1,1
1480,4,1065,517,141,505,1,1,1
1481,4,1065,517,141,504,1,1,1
1482,4,1065,518,144,504,1,1,1
1483,4,1065,519,145,503,1,1,1
1484,4,1065,519,146,504,1,1,1
1485,4,1065,520,148,503,1,1,1
1486,4,1064,520,149,502,1,1,1
1487,4,1068,520,149,503,1,1,1
1488,4,1071,520,148,503,1,1,1
1489,4,1074,521,148,502,1,1,1
1490,4,1076,521,148,502,1,1,1
1491,4,1079,520,147,502,1,1,1
1492,4,1084,520,144,503,1,1,1
1493,4,1089,520,141,502,1,1,1
1494,4,1095,520,137,502,1,1,1
1495,4,1100,519,134,503,1,1,1
1496,4,1104,519,131,502,1,1,1
1497,4,1104,520,141,501,1,1,1
1498,4,1104,521,149,499,1,1,1
1499,4,1104,522,157,498,1,1,1
1500,4,1104,523,165,496,1,1,1
1002,5,1538,569,176,474,1,1,1
1003,5,1538,568,180,478,1,1,1
1004,5,1539,567,183,482,1,1,1
1005,5,1539,566,187,486,1,1,1
1006,5,1539,565,190,489,1,1,1
1007,5,1547,565,186,490,1,1,1
1008,5,1554,566,182,489,1,1,1
1009,5,1561,566,178,489,1,1,1
1010,5,1569,566,173,490,1,1,1
1011,5,1575,566,169,489,1,1,1
1012,5,1589,566,162,491,1,1,1
1013,5,1603,566,154,491,1,1,1
1014,5,1616,565,147,493,1,1,1
1015,5,1630,565,139,494,1,1,1
1016,5,1643,564,130,494,1,1,1
1017,5,1646,564,146,496,1,1,1
1018,5,1649,564,160,497,1,1,1
1019,5,1652,564,174,498,1,1,1
1020,5,1654,563,190,500,1,1,1
1021,5,1657,563,204,501,1,1,1
1022,5,1658,563,213,505,1,1,1
1023,5,1659,564,222,509,1,1,1
1024,5,1661,564,230,513,1,1,1
1025,5,1662,565,239,516,1,1,1
1026,5,1662,564,248,520,1,1,1
1027,5,1666,564,246,523,1,1,1
1028,5,1669,562,243,527,1,1,1
1029,5,1672,561,241,530,1,1,1
1030,5,1675,559,238,534,1,1,1
1031,5,1678,557,235,537,1,1,1
1032,5,1692,556,227,539,1,1,1
1033,5,1706,555,219,540,1,1,1
1034,5,1720,553,211,542,1,1,1
1035,5,1734,552,202,543,1,1,1
1036,5,1747,550,194,544,1,1,1
1037,5,1759,550,189,550,1,1,1
1038,5,1770,550,184,555,1,1,1
1039,5,1781,550,178,561,1,1,1
1040,5,1792,550,173,566,1,1,1
1041,5,1803,549,167,571,1,1,1
1042,5,1808,550,168,574,1,1,1
1043,5,1812,551,169,577,1,1,1
1044,5,1816,552,170,579,1,1,1
1045,5,1820,553,171,581,1,1,1
1046,5,1824,554,171,583,1,1,1
1047,5,1826,554,175,589,1,1,1
1048,5,1826,554,180,594,1,1,1
1049,5,1827,554,184,599,1,1,1
1050,5,1828,555,188,603,1,1,1
1051,5,1828,554,191,608,1,1,1
1052,5,1837,553,188,610,1,1,1
1053,5,1846,551,184,611,1,1,1
1054,5,1855,549,180,613,1,1,1
1055,5,1863,547,177,615,1,1,1
1056,5,1871,545,172,615,1,1,1
1057,5,1875,545,175,616,1,1,1
1058,5,1879,544,176,616,1,1,1
1059,5,1882,543,178,617,1,1,1
1060,5,1885,542,179,618,1,1,1
1061,5,1888,541,180,618,1,1,1
1062,5,1892,543,193,625,1,1,1
1063,5,1896,544,205,633,1,1,1
1064,5,1899,545,218,641,1,1,1
1065,5,1903,547,230,648,1,1,1
1066,5,1906,547,242,656,1,1,1
1067,5,1910,549,239,663,1,1,1
1068,5,1914,550,236,669,1,1,1
1069,5,1917,552,233,675,1,1,1
1070,5,1920,553,231,682,1,1,1
1071,5,1923,554,227,688,1,1,1
1072,5,1931,552,229,690,1,1,1
1073,5,1937,550,231,692,1,1,1
1074,5,1944,549,233,692,1,1,1
1075,5,1950,547,235,694,1,1,1
1076,5,1957,544,236,695,1,1,1
1077,5,1960,544,240,698,1,1,1
1078,5,1964,543,242,701,1,1,1
1079,5,1967,542,245,704,1,1,1
1080,5,1970,542,248,705,1,1,1
1081,5,1973,540,251,708,1,1,1
1082,5,1976,540,251,713,1,1,1
1083,5,1979,540,251,717,1,1,1
1084,5,1982,540,251,721,1,1,1
1085,5,1985,539,251,726,1,1,1
1086,5,1987,538,251,730,1,1,1
1087,5,1980,539,260,735,1,1,1
1088,5,1973,539,268,739,1,1,1
1089,5,1966,539,276,744,1,1,1
1090,5,1958,539,286,748,1,1,1
1091,5,1951,538,293,753,1,1,1
1092,5,1950,538,291,762,1,1,1
1093,5,1949,538,289,771,1,1,1
1094,5,1947,538,287,780,1,1,1
1095,5,1946,537,284,789,1,1,1
1096,5,1944,536,281,797,1,1,1
1097,5,1941,534,282,801,1,1,1
1098,5,1938,532,282,804,1,1,1
1099,5,1934,529,283,807,1,1,1
1100,5,1930,527,283,809,1,1,1
1101,5,1926,524,283,812,1,1,1
1102,5,1924,523,284,822,1,1,1
1103,5,1922,521,283,832,1,1,1
1104,5,1919,520,284,841,1,1,1
1105,5,1917,518,283,851,1,1,1
1106,5,1914,516,283,861,1,1,1
1107,5,1909,516,284,866,1,1,1
1108,5,1904,515,285,872,1,1,1
1109,5,1900,514,284,877,1,1,1
1110,5,1895,513,285,883,1,1,1
1111,5,1889,512,285,887,1,1,1
1112,5,1875,512,294,891,1,1,1
1113,5,1860,511,303,896,1,1,1
1114,5,1846,511,311,899,1,1,1
1115,5,1831,511,320,902,1,1,1
1116,5,1816,510,328,906,1,1,1
1117,5,1813,508,325,914,1,1,1
1118,5,1811,506,320,921,1,1,1
1119,5,1808,504,316,928,1,1,1
1120,5,1805,502,312,936,1,1,1
1121,5,1802,500,308,942,1,1,1
1122,5,1801,497,303,946,1,1,1
1123,5,1799,494,300,949,1,1,1
1124,5,1798,491,295,952,1,1,1
1125,5,1796,488,291,955,1,1,1
1126,5,1794,485,286,957,1,1,1
1127,5,1777,484,296,959,1,1,1
1128,5,1760,483,305,960,1,1,1
1129,5,1742,482,315,961,1,1,1
1130,5,1725,481,323,961,1,1,1
1131,5,1707,480,332,961,1,1,1
1132,5,1672,482,357,961,1,1,1
1133,5,1638,483,379,960,1,1,1
1134,5,1603,485,403,959,1,1,1
1135,5,1568,486,426,958,1,1,1
1136,5,1532,487,449,956,1,1,1
1137,5,1523,489,449,956,1,1,1
1138,5,1513,490,448,956,1,1,1
1139,5,1503,492,447,955,1,1,1
1140,5,1493,493,446,955,1,1,1
1141,5,1483,493,444,954,1,1,1
1142,5,1482,492,439,957,1,1,1
1143,5,1482,490,433,960,1,1,1
1144,5,1481,487,427,964,1,1,1
1145,5,1480,485,422,967,1,1,1
1146,5,1479,483,416,969,1,1,1
1147,5,1479,482,389,977,1,1,1
1148,5,1479,481,361,985,1,1,1
1149,5,1479,479,333,994,1,1,1
1150,5,1479,478,305,1002,1,1,1
1151,5,1479,476,276,1009,1,1,1
1152,5,1449,477,294,1014,1,1,1
1153,5,1418,478,312,1018,1,1,1
1154,5,1388,478,329,1022,1,1,1
1155,5,1357,478,346,1027,1,1,1
1156,5,1326,478,363,1031,1,1,1
1157,5,1297,480,383,1022,1,1,1
1158,5,1267,482,403,1012,1,1,1
1159,5,1238,484,423,1002,1,1,1
1160,5,1208,485,443,993,1,1,1
1161,5,1178,486,462,983,1,1,1
1162,5,1176,485,462,987,1,1,1
1163,5,1173,483,463,990,1,1,1
1164,5,1171,481,462,993,1,1,1
1165,5,1168,479,462,997,1,1,1
1166,5,1165,477,462,1000,1,1,1
1167,5,1165,475,438,1002,1,1,1
1168,5,1164,472,414,1006,1,1,1
1169,5,1163,470,390,1008,1,1,1
1170,5,1162,468,366,1010,1,1,1
1171,5,1160,465,342,1013,1,1,1
1172,5,1161,465,323,1014,1,1,1
1173,5,1161,464,304,1015,1,1,1
1174,5,1161,463,284,1017,1,1,1
1175,5,1161,462,265,1018,1,1,1
1176,5,1161,461,245,1019,1,1,1
1177,5,1131,463,264,1017,1,1,1
1178,5,1101,464,283,1016,1,1,1
1179,5,1070,466,302,1014,1,1,1
1180,5,1040,468,320,1011,1,1,1
1181,5,1009,469,338,1009,1,1,1
1182,5,1004,471,340,1007,1,1,1
1183,5,998,473,342,1004,1,1,1
1184,5,992,474,343,1002,1,1,1
1185,5,986,476,345,999,1,1,1
1186,5,980,477,345,995,1,1,1
1187,5,979,477,337,993,1,1,1
1188,5,978,477,327,990,1,1,1
1189,5,976,476,319,988,1,1,1
1190,5,975,476,309,984,1,1,1
1191,5,973,475,300,981,1,1,1
1192,5,967,474,294,974,1,1,1
1193,5,961,473,286,966,1,1,1
1194,5,955,471,279,960,1,1,1
1195,5,949,470,272,952,1,1,1
1196,5,942,469,265,944,1,1,1
1197,5,929,470,278,936,1,1,1
1198,5,916,471,290,928,1,1,1
1199,5,902,472,303,920,1,1,1
1200,5,889,473,314,912,1,1,1
1201,5,875,473,326,904,1,1,1
1202,5,882,474,319,904,1,1,1
1203,5,889,474,311,904,1,1,1
1204,5,895,475,303,904,1,1,1
1205,5,902,475,295,904,1,1,1
1206,5,908,475,287,904,1,1,1
1207,5,908,477,287,900,1,1,1
1208,5,908,478,285,897,1,1,1
1209,5,908,479,284,893,1,1,1
1210,5,908,480,283,890,1,1,1
1211,5,908,481,281,885,1,1,1
1212,5,909,482,280,880,1,1,1
1213,5,911,482,277,875,1,1,1
1214,5,912,482,275,869,1,1,1
1215,5,913,482,274,864,1,1,1
1216,5,914,481,271,859,1,1,1
1217,5,918,482,267,849,1,1,1
1218,5,922,483,262,839,1,1,1
1219,5,925,484,258,829,1,1,1
1220,5,929,485,253,818,1,1,1
1221,5,932,485,248,808,1,1,1
1222,5,933,486,249,803,1,1,1
1223,5,934,486,249,798,1,1,1
1224,5,935,487,249,793,1,1,1
1225,5,936,487,249,788,1,1,1
1226,5,936,487,249,783,1,1,1
1227,5,941,490,253,781,1,1,1
1228,5,945,492,257,779,1,1,1
1229,5,949,494,261,778,1,1,1
1230,5,953,496,265,776,1,1,1
1231,5,957,498,267,774,1,1,1
1232,5,963,501,266,772,1,1,1
1233,5,969,503,264,771,1,1,1
1234,5,974,506,263,768,1,1,1
1235,5,980,508,261,766,1,1,1
1236,5,985,510,259,763,1,1,1
1237,5,991,511,254,758,1,1,1
1238,5,996,512,250,752,1,1,1
1239,5,1002,513,245,746,1,1,1
1240,5,1007,513,240,740,1,1,1
1241,5,1012,514,235,733,1,1,1
1242,5,1017,514,238,725,1,1,1
1243,5,1021,514,240,716,1,1,1
1244,5,1025,514,243,708,1,1,1
1245,5,1030,514,245,699,1,1,1
1246,5,1033,514,247,690,1,1,1
1247,5,1049,514,237,686,1,1,1
1248,5,1064,514,225,682,1,1,1
1249,5,1079,514,214,677,1,1,1
1250,5,1094,514,203,673,1,1,1
1251,5,1109,513,191,669,1,1,1
1252,5,1115,514,190,668,1,1,1
1253,5,1121,514,188,667,1,1,1
1254,5,1127,515,186,665,1,1,1
1255,5,1133,515,184,664,1,1,1
1256,5,1139,515,181,662,1,1,1
1257,5,1144,515,181,662,1,1,1
1258,5,1149,515,181,662,1,1,1
1259,5,1154,515,180,661,1,1,1
1260,5,1159,515,179,661,1,1,1
1261,5,1163,514,178,660,1,1,1
1262,5,1166,515,180,658,1,1,1
1263,5,1169,516,180,656,1,1,1
1264,5,1171,516,182,654,1,1,1
1265,5,1174,517,182,651,1,1,1
1266,5,1176,517,183,648,1,1,1
1267,5,1182,517,184,646,1,1,1
1268,5,1188,517,184,642,1,1,1
1269,5,1194,516,184,640,1,1,1
1270,5,1200,516,184,637,1,1,1
1271,5,1205,515,184,634,1,1,1
1272,5,1210,515,183,628,1,1,1
1273,5,1214,514,182,623,1,1,1
1274,5,1218,513,181,618,1,1,1
1275,5,1222,513,179,612,1,1,1
1276,5,1226,512,177,606,1,1,1
1277,5,1229,512,184,605,1,1,1
1278,5,1231,512,191,604,1,1,1
1279,5,1234,512,197,603,1,1,1
1280,5,1236,512,204,601,1,1,1
1281,5,1238,512,210,600,1,1,1
1282,5,1243,514,208,597,1,1,1
1283,5,1247,516,205,595,1,1,1
1284,5,1251,517,203,593,1,1,1
1285,5,1255,519,201,590,1,1,1
1286,5,1259,520,197,587,1,1,1
1287,5,1263,522,196,586,1,1,1
1288,5,1267,523,193,584,1,1,1
1289,5,1271,524,191,583,1,1,1
1290,5,1276,525,188,582,1,1,1
1291,5,1279,526,185,579,1,1,1
1292,5,1283,526,187,575,1,1,1
1293,5,1287,526,188,570,1,1,1
1294,5,1291,525,189,565,1,1,1
1295,5,1294,525,191,560,1,1,1
1296,5,1297,524,191,555,1,1,1
1297,5,1302,524,191,551,1,1,1
1298,5,1307,524,189,547,1,1,1
1299,5,1311,523,188,544,1,1,1
1300,5,1316,523,186,540,1,1,1
1301,5,1320,522,184,535,1,1,1
1302,5,1324,523,182,535,1,1,1
1303,5,1327,522,179,536,1,1,1
1304,5,1330,522,177,536,1,1,1
1305,5,1333,522,175,536,1,1,1
1306,5,1336,521,172,535,1,1,1
1307,5,1337,522,173,535,1,1,1
1308,5,1338,522,172,535,1,1,1
1309,5,1339,522,172,535,1,1,1
1310,5,1340,522,171,535,1,1,1
1311,5,1340,521,171,535,1,1,1
1312,5,1340,521,172,536,1,1,1
1313,5,1340,521,171,537,1,1,1
1314,5,1340,521,171,537,1,1,1
1315,5,1340,520,171,538,1,1,1
1316,5,1339,520,171,538,1,1,1
1317,5,1339,521,171,538,1,1,1
1318,5,1339,523,170,537,1,1,1
1319,5,1339,524,170,536,1,1,1
1320,5,1339,525,169,536,1,1,1
1321,5,1338,526,168,535,1,1,1
1322,5,1338,526,169,535,1,1,1
1323,5,1338,526,169,535,1,1,1
1324,5,1337,526,170,535,1,1,1
1325,5,1337,526,170,535,1,1,1
1326,5,1336,525,170,534,1,1,1
1327,5,1337,526,170,535,1,1,1
1328,5,1337,526,169,535,1,1,1
1329,5,1337,526,168,535,1,1,1
1330,5,1337,526,168,535,1,1,1
1331,5,1337,525,166,534,1,1,1
1332,5,1337,526,166,535,1,1,1
1333,5,1336,527,167,535,1,1,1
1334,5,1336,527,166,536,1,1,1
1335,5,1336,527,166,537,1,1,1
1336,5,1335,527,166,536,1,1,1
1337,5,1333,529,167,535,1,1,1
1338,5,1332,530,167,535,1,1,1
1339,5,1330,532,168,533,1,1,1
1340,5,1329,533,167,532,1,1,1
1341,5,1326,534,168,530,1,1,1
1342,5,1319,535,174,531,1,1,1
1343,5,1311,535,180,531,1,1,1
1344,5,1304,535,185,531,1,1,1
1345,5,1296,535,191,531,1,1,1
1346,5,1288,534,196,531,1,1,1
1347,5,1286,535,195,532,1,1,1
1348,5,1284,535,194,532,1,1,1
1349,5,1282,536,192,532,1,1,1
1350,5,1280,536,191,533,1,1,1
1351,5,1277,536,189,532,1,1,1
1352,5,1278,536,185,532,1,1,1
1353,5,1278,536,180,531,1,1,1
1354,5,1278,536,176,530,1,1,1
1355,5,1278,535,171,529,1,1,1
1356,5,1277,534,167,528,1,1,1
1357,5,1277,534,164,527,1,1,1
1358,5,1276,534,162,525,1,1,1
1359,5,1275,533,159,524,1,1,1
1360,5,1274,533,156,522,1,1,1
1361,5,1273,532,153,520,1,1,1
1362,5,1273,533,151,520,1,1,1
1363,5,1272,533,150,521,1,1,1
1364,5,1271,534,148,520,1,1,1
1365,5,1270,534,147,521,1,1,1
1366,5,1269,534,144,520,1,1,1
1367,5,1269,534,142,521,1,1,1
1368,5,1268,534,141,520,1,1,1
1369,5,1267,534,139,520,1,1,1
1370,5,1266,533,137,520,1,1,1
1371,5,1265,532,134,519,1,1,1
1372,5,1265,533,133,519,1,1,1
1373,5,1264,532,131,520,1,1,1
1374,5,1263,532,130,520,1,1,1
1375,5,1262,532,128,520,1,1,1
1376,5,1261,531,126,519,1,1,1
1377,5,1262,532,125,519,1,1,1
1378,5,1262,532,125,517,1,1,1
1379,5,1263,531,124,517,1,1,1
1380,5,1263,531,123,516,1,1,1
1381,5,1263,531,122,514,1,1,1
1382,5,1263,531,123,515,1,1,1
1383,5,1262,531,123,515,1,1,1
1384,5,1262,531,123,515,1,1,1
1385,5,1261,531,124,515,1,1,1
1386,5,1260,531,124,514,1,1,1
1387,5,1260,531,124,515,1,1,1
1388,5,1260,531,124,515,1,1,1
1389,5,1260,531,124,515,1,1,1
1390,5,1260,531,123,514,1,1,1
1391,5,1259,531,123,514,1,1,1
1392,5,1260,531,123,514,1,1,1
1393,5,1260,531,123,514,1,1,1
1394,5,1261,531,121,514,1,1,1
1395,5,1261,531,121,514,1,1,1
1396,5,1261,531,120,513,1,1,1
1397,5,1261,531,120,514,1,1,1
1398,5,1261,531,120,514,1,1,1
1399,5,1260,531,120,514,1,1,1
1400,5,1260,531,120,514,1,1,1
1401,5,1259,530,119,514,1,1,1
1402,5,1259,531,120,514,1,1,1
1403,5,1258,531,120,514,1,1,1
1404,5,1258,531,119,514,1,1,1
1405,5,1257,531,120,514,1,1,1
1406,5,1256,531,120,514,1,1,1
1407,5,1255,531,121,514,1,1,1
1408,5,1255,531,121,515,1,1,1
1409,5,1254,531,122,515,1,1,1
1410,5,1253,531,122,515,1,1,1
1411,5,1252,530,122,515,1,1,1
1412,5,1252,531,122,515,1,1,1
1413,5,1251,531,123,515,1,1,1
1414,5,1251,531,122,515,1,1,1
1415,5,1250,531,122,515,1,1,1
1416,5,1249,530,121,514,1,1,1
1417,5,1249,530,122,515,1,1,1
1418,5,1249,530,122,515,1,1,1
1419,5,1248,529,123,515,1,1,1
1420,5,1248,528,123,516,1,1,1
1421,5,1247,527,123,515,1,1,1
1422,5,1247,527,123,515,1,1,1
1423,5,1247,526,123,515,1,1,1
1424,5,1246,526,123,514,1,1,1
1425,5,1246,525,122,514,1,1,1
1426,5,1245,524,121,513,1,1,1
1427,5,1246,524,121,513,1,1,1
1428,5,1246,524,121,513,1,1,1
1429,5,1247,524,120,512,1,1,1
1430,5,1247,524,120,512,1,1,1
1431,5,1247,524,118,511,1,1,1
1432,5,1247,523,120,512,1,1,1
1433,5,1247,523,120,512,1,1,1
1434,5,1246,522,121,513,1,1,1
1435,5,1246,521,121,513,1,1,1
1436,5,1245,520,121,513,1,1,1
1437,5,1247,521,120,513,1,1,1
1438,5,1248,521,119,512,1,1,1
1439,5,1249,521,118,512,1,1,1
1440,5,1250,521,117,512,1,1,1
1441,5,1250,521,115,511,1,1,1
1442,5,1251,520,117,513,1,1,1
1443,5,1252,520,117,513,1,1,1
1444,5,1253,519,118,514,1,1,1
1445,5,1253,519,119,514,1,1,1
1446,5,1254,518,119,514,1,1,1
1447,5,1255,518,120,514,1,1,1
1448,5,1256,518,120,514,1,1,1
1449,5,1257,518,120,513,1,1,1
1450,5,1258,518,120,513,1,1,1
1451,5,1259,518,120,512,1,1,1
1452,5,1256,518,125,513,1,1,1
1453,5,1253,518,129,513,1,1,1
1454,5,1251,518,132,514,1,1,1
1455,5,1248,518,136,514,1,1,1
1456,5,1244,518,140,514,1,1,1
1457,5,1247,519,139,514,1,1,1
1458,5,1249,520,138,514,1,1,1
1459,5,1251,521,136,514,1,1,1
1460,5,1253,522,134,514,1,1,1
1461,5,1255,522,132,514,1,1,1
1462,5,1253,522,136,516,1,1,1
1463,5,1251,522,138,516,1,1,1
1464,5,1249,521,141,518,1,1,1
1465,5,1247,521,144,519,1,1,1
1466,5,1244,520,146,520,1,1,1
1467,5,1247,522,148,521,1,1,1
1468,5,1248,524,150,521,1,1,1
1469,5,1250,527,150,520,1,1,1
1470,5,1251,529,152,520,1,1,1
1471,5,1253,530,153,520,1,1,1
1472,5,1253,530,156,521,1,1,1
1473,5,1252,529,160,522,1,1,1
1474,5,1252,527,162,524,1,1,1
1475,5,1251,526,166,525,1,1,1
1476,5,1250,525,169,525,1,1,1
1477,5,1252,526,168,525,1,1,1
1478,5,1253,526,168,525,1,1,1
1479,5,1254,527,167,525,1,1,1
1480,5,1256,527,166,525,1,1,1
1481,5,1256,527,165,525,1,1,1
1482,5,1259,528,176,524,1,1,1
1483,5,1262,528,185,525,1,1,1
1484,5,1265,529,194,524,1,1,1
1485,5,1268,529,203,524,1,1,1
1486,5,1270,529,212,523,1,1,1
1487,5,1274,530,213,526,1,1,1
1488,5,1277,530,215,529,1,1,1
1489,5,1281,530,215,532,1,1,1
1490,5,1284,530,217,534,1,1,1
1491,5,1287,530,217,537,1,1,1
1492,5,1288,531,218,536,1,1,1
1493,5,1289,532,217,535,1,1,1
1494,5,1289,533,218,534,1,1,1
1495,5,1290,534,217,533,1,1,1
1496,5,1290,535,216,531,1,1,1
1497,5,1298,536,213,531,1,1,1
1498,5,1305,536,210,530,1,1,1
1499,5,1312,536,207,530,1,1,1
1500,5,1319,536,204,530,1,1,1
1021,7,1822,630,60,192,1,1,1
1022,7,1820,629,63,192,1,1,1
1023,7,1819,628,66,192,1,1,1
1024,7,1817,627,69,192,1,1,1
1025,7,1816,627,71,191,1,1,1
1026,7,1814,625,74,190,1,1,1
1051,7,1808,622,89,186,1,1,1
1052,7,1809,622,90,187,1,1,1
1053,7,1809,622,91,187,1,1,1
1054,7,1809,621,92,187,1,1,1
1055,7,1809,620,94,188,1,1,1
1056,7,1809,619,94,187,1,1,1
1057,7,1809,619,94,188,1,1,1
1058,7,1809,619,94,188,1,1,1
1059,7,1808,618,95,189,1,1,1
1060,7,1808,618,95,188,1,1,1
1061,7,1807,617,95,188,1,1,1
1062,7,1807,617,95,189,1,1,1
1063,7,1807,617,95,189,1,1,1
1064,7,1807,618,95,188,1,1,1
1065,7,1808,618,94,188,1,1,1
1066,7,1807,617,94,187,1,1,1
1067,7,1807,618,95,188,1,1,1
1068,7,1807,618,95,188,1,1,1
1069,7,1807,618,95,188,1,1,1
1070,7,1807,618,95,188,1,1,1
1071,7,1806,617,95,187,1,1,1
1072,7,1806,617,96,189,1,1,1
1073,7,1806,616,95,190,1,1,1
1074,7,1805,615,96,191,1,1,1
1075,7,1805,613,95,193,1,1,1
1076,7,1804,612,95,193,1,1,1
1077,7,1806,613,94,193,1,1,1
1078,7,1807,615,93,191,1,1,1
1079,7,1809,616,91,190,1,1,1
1080,7,1811,617,89,189,1,1,1
1081,7,1812,618,87,187,1,1,1
1082,7,1816,618,85,188,1,1,1
1083,7,1820,618,82,188,1,1,1
1084,7,1823,617,79,189,1,1,1
1085,7,1827,617,76,189,1,1,1
1086,7,1830,616,73,189,1,1,1
1087,7,1831,616,73,189,1,1,1
1088,7,1831,616,73,188,1,1,1
1089,7,1832,615,72,187,1,1,1
1090,7,1832,615,72,186,1,1,1
1091,7,1832,614,71,185,1,1,1
1092,7,1833,614,71,187,1,1,1
1093,7,1834,613,70,189,1,1,1
1094,7,1835,613,69,189,1,1,1
1095,7,1836,613,68,190,1,1,1
1096,7,1836,612,67,191,1,1,1
1097,7,1837,612,67,193,1,1,1
1098,7,1838,611,67,195,1,1,1
1099,7,1838,611,67,196,1,1,1
1100,7,1838,611,68,196,1,1,1
1101,7,1838,610,67,197,1,1,1
1102,7,1839,611,68,196,1,1,1
1103,7,1839,611,68,196,1,1,1
1104,7,1839,611,68,195,1,1,1
1105,7,1839,612,69,193,1,1,1
1106,7,1838,612,69,191,1,1,1
1107,7,1839,612,69,192,1,1,1
1108,7,1840,611,68,193,1,1,1
1109,7,1840,611,68,193,1,1,1
1110,7,1840,611,68,193,1,1,1
1111,7,1840,610,67,193,1,1,1
1112,7,1842,610,66,193,1,1,1
1113,7,1842,609,66,193,1,1,1
1114,7,1843,609,65,193,1,1,1
1115,7,1844,609,64,192,1,1,1
1116,7,1844,608,63,191,1,1,1
1117,7,1846,609,63,191,1,1,1
1118,7,1847,609,63,190,1,1,1
1119,7,1849,609,62,190,1,1,1
1120,7,1850,610,61,188,1,1,1
1121,7,1851,610,61,187,1,1,1
1141,7,1876,617,49,192,1,1,1
1142,7,1873,618,54,192,1,1,1
1143,7,1871,618,58,192,1,1,1
1144,7,1868,619,62,192,1,1,1
1145,7,1865,620,67,192,1,1,1
1146,7,1861,620,71,191,1,1,1
1147,7,1862,621,72,192,1,1,1
1148,7,1862,622,73,191,1,1,1
1149,7,1862,623,74,191,1,1,1
1150,7,1863,624,75,191,1,1,1
1151,7,1862,624,75,190,1,1,1
1152,7,1863,625,75,190,1,1,1
1153,7,1863,625,75,191,1,1,1
1154,7,1863,626,75,190,1,1,1
1155,7,1863,626,75,190,1,1,1
1156,7,1863,626,74,190,1,1,1
1157,7,1864,627,75,190,1,1,1
1158,7,1865,627,75,190,1,1,1
1159,7,1865,628,76,189,1,1,1
1160,7,1866,628,76,189,1,1,1
1161,7,1866,628,76,188,1,1,1
1162,7,1866,629,77,189,1,1,1
1163,7,1865,630,79,189,1,1,1
1164,7,1864,631,80,189,1,1,1
1165,7,1864,632,81,189,1,1,1
1166,7,1863,632,82,189,1,1,1
1167,7,1863,633,83,189,1,1,1
1168,7,1863,633,83,190,1,1,1
1169,7,1863,634,84,189,1,1,1
1170,7,1863,634,84,189,1,1,1
1171,7,1862,634,84,188,1,1,1
1172,7,1863,634,85,189,1,1,1
1173,7,1863,634,86,189,1,1,1
1174,7,1864,633,85,190,1,1,1
1175,7,1864,633,86,190,1,1,1
1176,7,1864,632,85,190,1,1,1
1177,7,1865,632,85,190,1,1,1
1178,7,1865,632,85,190,1,1,1
1179,7,1865,632,85,190,1,1,1
1180,7,1865,632,85,190,1,1,1
1181,7,1865,632,84,189,1,1,1
1182,7,1867,632,83,189,1,1,1
1183,7,1869,632,81,189,1,1,1
1184,7,1871,631,79,190,1,1,1
1185,7,1873,631,77,189,1,1,1
1186,7,1875,630,75,189,1,1,1
1187,7,1874,631,75,189,1,1,1
1188,7,1874,631,74,189,1,1,1
1189,7,1873,631,74,189,1,1,1
1190,7,1873,630,74,190,1,1,1
1191,7,1871,630,73,189,1,1,1
1192,7,1871,630,74,190,1,1,1
1193,7,1870,630,75,190,1,1,1
1194,7,1869,629,75,191,1,1,1
1195,7,1868,629,76,191,1,1,1
1196,7,1866,628,76,190,1,1,1
1197,7,1866,629,77,190,1,1,1
1198,7,1866,629,77,190,1,1,1
1199,7,1866,629,77,190,1,1,1
1200,7,1866,629,77,190,1,1,1
1201,7,1865,628,77,189,1,1,1
1202,7,1865,628,77,190,1,1,1
1203,7,1865,628,76,189,1,1,1
1204,7,1865,627,75,189,1,1,1
1205,7,1865,627,75,188,1,1,1
1206,7,1865,626,73,187,1,1,1
1207,7,1864,626,75,189,1,1,1
1208,7,1864,625,75,190,1,1,1
1209,7,1863,624,76,192,1,1,1
1210,7,1862,623,77,193,1,1,1
1211,7,1861,622,77,193,1,1,1
1212,7,1862,622,75,195,1,1,1
1213,7,1862,622,74,195,1,1,1
1214,7,1862,622,72,196,1,1,1
1215,7,1863,622,69,196,1,1,1
1216,7,1863,622,67,195,1,1,1
1217,7,1863,623,69,195,1,1,1
1218,7,1863,623,70,194,1,1,1
1219,7,1863,624,71,192,1,1,1
1220,7,1863,624,73,191,1,1,1
1221,7,1863,624,73,189,1,1,1
1222,7,1864,625,72,190,1,1,1
1223,7,1865,626,71,190,1,1,1
1224,7,1866,627,69,190,1,1,1
1225,7,1866,628,69,190,1,1,1
1226,7,1867,629,67,189,1,1,1
1227,7,1867,630,67,190,1,1,1
1228,7,1866,630,68,190,1,1,1
1229,7,1865,630,69,190,1,1,1
1230,7,1865,630,69,190,1,1,1
1231,7,1863,630,69,190,1,1,1
1232,7,1864,631,70,190,1,1,1
1233,7,1865,631,69,190,1,1,1
1234,7,1865,632,69,190,1,1,1
1235,7,1866,632,68,190,1,1,1
1236,7,1866,632,68,189,1,1,1
1237,7,1867,632,67,190,1,1,1
1238,7,1867,632,67,190,1,1,1
1239,7,1867,632,67,190,1,1,1
1240,7,1868,631,66,191,1,1,1
1241,7,1868,630,65,190,1,1,1
1242,7,1869,631,65,190,1,1,1
1243,7,1869,630,66,191,1,1,1
1244,7,1870,630,65,191,1,1,1
1245,7,1870,630,66,191,1,1,1
1246,7,1871,629,65,190,1,1,1
1247,7,1872,630,65,190,1,1,1
1248,7,1873,629,65,191,1,1,1
1249,7,1873,629,66,190,1,1,1
1250,7,1874,629,66,190,1,1,1
1251,7,1875,628,66,190,1,1,1
1252,7,1876,628,67,191,1,1,1
1253,7,1878,628,66,190,1,1,1
1254,7,1879,628,66,190,1,1,1
1255,7,1880,628,67,190,1,1,1
1256,7,1881,627,66,190,1,1,1
1257,7,1882,628,68,190,1,1,1
1258,7,1883,627,68,191,1,1,1
1259,7,1884,627,69,191,1,1,1
1260,7,1885,627,69,191,1,1,1
1261,7,1885,626,70,190,1,1,1
1262,7,1887,627,70,190,1,1,1
1263,7,1889,626,69,191,1,1,1
1264,7,1890,626,69,190,1,1,1
1265,7,1892,626,68,190,1,1,1
1266,7,1893,625,67,189,1,1,1
1267,7,1895,625,68,190,1,1,1
1268,7,1896,625,68,190,1,1,1
1269,7,1897,624,68,191,1,1,1
1270,7,1898,624,68,191,1,1,1
1271,7,1898,623,68,190,1,1,1
1272,7,1898,622,71,192,1,1,1
1273,7,1898,621,74,193,1,1,1
1274,7,1898,620,77,194,1,1,1
1275,7,1898,619,79,195,1,1,1
1276,7,1897,618,81,195,1,1,1
1277,7,1900,618,81,196,1,1,1
1278,7,1901,617,82,196,1,1,1
1279,7,1903,616,81,197,1,1,1
1280,7,1904,615,82,198,1,1,1
1281,7,1906,614,81,197,1,1,1
1282,7,1907,614,79,198,1,1,1
1283,7,1908,614,76,197,1,1,1
1284,7,1909,614,74,197,1,1,1
1285,7,1909,614,72,197,1,1,1
1286,7,1910,614,69,195,1,1,1
1287,7,1910,615,70,196,1,1,1
1288,7,1910,616,71,196,1,1,1
1289,7,1910,617,72,196,1,1,1
1290,7,1910,618,73,195,1,1,1
1291,7,1910,618,73,195,1,1,1
1292,7,1911,618,73,195,1,1,1
1293,7,1911,618,73,195,1,1,1
1294,7,1911,618,74,194,1,1,1
1295,7,1912,618,73,193,1,1,1
1296,7,1912,618,73,191,1,1,1
1297,7,1913,618,73,192,1,1,1
1298,7,1913,618,74,192,1,1,1
1299,7,1914,617,73,193,1,1,1
1300,7,1915,617,72,194,1,1,1
1301,7,1915,616,72,193,1,1,1
1302,7,1915,617,72,193,1,1,1
1303,7,1915,617,72,193,1,1,1
1304,7,1915,617,71,193,1,1,1
1305,7,1915,617,71,193,1,1,1
1306,7,1914,617,70,191,1,1,1
1307,7,1915,618,70,192,1,1,1
1308,7,1914,618,71,192,1,1,1
1309,7,1914,618,71,193,1,1,1
1310,7,1914,618,71,193,1,1,1
1311,7,1914,617,70,194,1,1,1
1312,7,1914,618,70,194,1,1,1
1313,7,1914,619,70,193,1,1,1
1314,7,1913,619,71,193,1,1,1
1315,7,1913,619,71,193,1,1,1
1316,7,1912,619,70,191,1,1,1
1317,7,1913,620,70,192,1,1,1
1318,7,1913,621,70,192,1,1,1
1319,7,1913,621,70,192,1,1,1
1320,7,1913,621,70,193,1,1,1
1321,7,1912,621,70,192,1,1,1
1322,7,1912,622,71,193,1,1,1
1323,7,1912,622,70,193,1,1,1
1324,7,1912,622,69,194,1,1,1
1325,7,1912,622,68,194,1,1,1
1326,7,1911,622,67,193,1,1,1
1327,7,1912,623,67,193,1,1,1
1328,7,1911,623,68,193,1,1,1
1329,7,1911,623,68,194,1,1,1
1330,7,1910,624,68,193,1,1,1
1331,7,1910,623,67,192,1,1,1
1332,7,1910,624,68,193,1,1,1
1333,7,1909,624,69,193,1,1,1
1334,7,1909,624,69,194,1,1,1
1335,7,1909,624,69,194,1,1,1
1336,7,1908,624,69,193,1,1,1
1337,7,1908,625,69,194,1,1,1
1338,7,1908,625,68,194,1,1,1
1339,7,1908,625,67,195,1,1,1
1340,7,1908,625,66,195,1,1,1
1341,7,1908,625,65,195,1,1,1
1342,7,1907,626,66,195,1,1,1
1343,7,1906,626,67,195,1,1,1
1344,7,1906,627,66,194,1,1,1
1345,7,1905,627,67,194,1,1,1
1346,7,1903,627,67,193,1,1,1
1347,7,1903,628,68,194,1,1,1
1348,7,1903,629,67,193,1,1,1
1349,7,1903,629,66,194,1,1,1
1350,7,1902,630,66,194,1,1,1
1351,7,1902,630,65,193,1,1,1
1352,7,1902,631,66,194,1,1,1
1353,7,1901,631,67,194,1,1,1
1354,7,1901,631,68,195,1,1,1
1355,7,1900,631,69,195,1,1,1
1356,7,1900,630,69,195,1,1,1
1357,7,1900,631,70,196,1,1,1
1358,7,1901,631,69,196,1,1,1
1359,7,1901,631,70,196,1,1,1
1360,7,1902,631,69,196,1,1,1
1361,7,1902,630,69,195,1,1,1
1362,7,1901,631,70,196,1,1,1
1363,7,1900,631,71,196,1,1,1
1364,7,1900,631,71,197,1,1,1
1365,7,1899,631,72,197,1,1,1
1366,7,1897,630,73,197,1,1,1
1367,7,1899,631,72,197,1,1,1
1368,7,1899,631,71,197,1,1,1
1369,7,1900,631,70,197,1,1,1
1370,7,1901,631,68,197,1,1,1
1371,7,1901,631,67,196,1,1,1
1372,7,1902,631,67,197,1,1,1
1373,7,1902,632,67,195,1,1,1
1374,7,1902,632,67,195,1,1,1
1375,7,1902,632,67,195,1,1,1
1376,7,1901,632,67,193,1,1,1
1377,7,1902,632,67,194,1,1,1
1378,7,1901,632,68,194,1,1,1
1379,7,1901,632,68,194,1,1,1
1380,7,1900,631,69,194,1,1,1
1381,7,1900,630,68,194,1,1,1
1382,7,1900,631,68,194,1,1,1
1383,7,1901,630,67,195,1,1,1
1384,7,1901,630,66,194,1,1,1
1385,7,1902,629,65,195,1,1,1
1386,7,1901,628,64,194,1,1,1
1387,7,1903,629,63,194,1,1,1
1388,7,1903,629,63,194,1,1,1
1389,7,1904,629,62,194,1,1,1
1390,7,1905,630,61,193,1,1,1
1391,7,1905,629,60,192,1,1,1
1392,7,1905,630,60,192,1,1,1
1393,7,1904,629,60,193,1,1,1
1394,7,1904,629,59,193,1,1,1
1395,7,1903,629,59,193,1,1,1
1396,7,1902,628,58,192,1,1,1
1397,7,1902,628,59,193,1,1,1
1398,7,1901,627,60,194,1,1,1
1399,7,1901,627,59,194,1,1,1
1400,7,1900,626,60,195,1,1,1
1401,7,1899,625,60,195,1,1,1
1402,7,1898,626,61,194,1,1,1
1403,7,1898,626,60,194,1,1,1
1404,7,1897,626,60,194,1,1,1
1405,7,1896,626,60,193,1,1,1
1406,7,1895,626,60,193,1,1,1
1407,7,1895,626,59,193,1,1,1
1408,7,1894,626,60,194,1,1,1
1409,7,1894,626,59,194,1,1,1
1410,7,1893,626,59,195,1,1,1
1411,7,1892,625,58,195,1,1,1
1412,7,1892,626,58,195,1,1,1
1413,7,1891,626,59,195,1,1,1
1414,7,1890,626,59,195,1,1,1
1415,7,1889,626,59,195,1,1,1
1416,7,1888,625,58,195,1,1,1
1417,7,1888,625,58,196,1,1,1
1418,7,1887,625,59,195,1,1,1
1419,7,1887,625,58,195,1,1,1
1420,7,1886,625,59,194,1,1,1
1421,7,1885,624,58,193,1,1,1
1422,7,1885,624,59,194,1,1,1
1423,7,1885,624,58,193,1,1,1
1424,7,1885,623,58,193,1,1,1
1425,7,1884,622,58,193,1,1,1
1426,7,1884,621,57,192,1,1,1
1427,7,1884,621,58,193,1,1,1
1428,7,1885,621,57,192,1,1,1
1429,7,1885,620,57,193,1,1,1
1430,7,1886,620,57,193,1,1,1
1431,7,1886,619,56,193,1,1,1
1432,7,1886,618,57,194,1,1,1
1433,7,1886,617,57,194,1,1,1
1434,7,1887,616,55,195,1,1,1
1435,7,1887,615,55,195,1,1,1
1436,7,1886,614,55,195,1,1,1
1437,7,1888,614,56,196,1,1,1
1438,7,1888,614,58,196,1,1,1
1439,7,1889,614,58,196,1,1,1
1440,7,1890,614,59,196,1,1,1
1441,7,1890,613,60,196,1,1,1
1442,7,1892,614,60,196,1,1,1
1443,7,1894,614,59,196,1,1,1
1444,7,1895,614,60,196,1,1,1
1445,7,1897,614,59,196,1,1,1
1446,7,1898,614,59,195,1,1,1
1447,7,1896,613,64,197,1,1,1
1448,7,1895,612,67,198,1,1,1
1449,7,1893,612,71,198,1,1,1
1450,7,1891,611,74,199,1,1,1
1451,7,1889,610,77,200,1,1,1
1452,7,1893,610,76,200,1,1,1
1453,7,1896,610,75,199,1,1,1
1454,7,1898,610,75,199,1,1,1
1455,7,1901,610,75,199,1,1,1
1456,7,1904,610,73,197,1,1,1
1457,7,1904,611,76,198,1,1,1
1458,7,1904,611,78,198,1,1,1
1459,7,1904,611,81,198,1,1,1
1460,7,1904,612,83,198,1,1,1
1461,7,1904,612,85,197,1,1,1
1462,7,1905,612,86,198,1,1,1
1463,7,1906,612,87,198,1,1,1
1464,7,1907,612,88,198,1,1,1
1465,7,1907,612,89,198,1,1,1
1466,7,1908,612,89,197,1,1,1
1467,7,1908,612,92,198,1,1,1
1468,7,1907,612,94,197,1,1,1
1469,7,1907,612,96,197,1,1,1
1470,7,1907,612,97,197,1,1,1
1471,7,1906,612,100,195,1,1,1
1472,7,1907,613,98,196,1,1,1
1473,7,1908,614,97,196,1,1,1
1474,7,1908,615,96,196,1,1,1
1475,7,1909,616,95,196,1,1,1
1476,7,1909,616,93,196,1,1,1
1477,7,1909,617,94,196,1,1,1
1478,7,1909,617,94,196,1,1,1
1479,7,1909,617,94,196,1,1,1
1480,7,1909,617,94,196,1,1,1
1481,7,1908,617,94,195,1,1,1
1482,7,1908,617,95,196,1,1,1
1483,7,1908,617,95,196,1,1,1
1484,7,1908,617,94,196,1,1,1
1485,7,1908,617,94,195,1,1,1
1486,7,1907,616,94,195,1,1,1
1487,7,1908,616,94,196,1,1,1
1488,7,1908,616,95,196,1,1,1
1489,7,1908,615,95,197,1,1,1
1490,7,1907,615,96,197,1,1,1
1491,7,1907,614,95,197,1,1,1
1492,7,1908,614,95,198,1,1,1
1493,7,1909,614,94,197,1,1,1
1494,7,1909,614,94,197,1,1,1
1495,7,1910,614,93,197,1,1,1
1496,7,1910,613,92,196,1,1,1
1497,7,1910,613,93,197,1,1,1
1498,7,1910,612,94,197,1,1,1
1499,7,1910,610,95,199,1,1,1
1500,7,1910,609,95,200,1,1,1
1002,10,415,572,80,229,1,1,1
1003,10,414,572,81,229,1,1,1
1004,10,414,571,81,230,1,1,1
1005,10,413,571,83,229,1,1,1
1006,10,412,570,82,229,1,1,1
1007,10,414,569,81,230,1,1,1
1008,10,414,569,81,230,1,1,1
1009,10,415,568,80,230,1,1,1
1010,10,416,567,79,231,1,1,1
1011,10,416,566,77,230,1,1,1
1012,10,417,566,78,231,1,1,1
1013,10,418,565,78,232,1,1,1
1014,10,418,564,79,233,1,1,1
1015,10,418,563,80,234,1,1,1
1016,10,418,562,79,233,1,1,1
1017,10,419,562,79,233,1,1,1
1018,10,419,562,78,232,1,1,1
1019,10,419,562,77,230,1,1,1
1020,10,419,561,77,230,1,1,1
1021,10,419,561,76,228,1,1,1
1022,10,419,560,76,229,1,1,1
1023,10,419,560,77,229,1,1,1
1024,10,419,559,77,230,1,1,1
1025,10,419,558,78,232,1,1,1
1026,10,419,557,77,231,1,1,1
1027,10,420,557,75,232,1,1,1
1028,10,420,556,74,232,1,1,1
1029,10,420,556,73,232,1,1,1
1030,10,420,555,71,232,1,1,1
1031,10,420,554,69,231,1,1,1
1061,10,426,547,76,227,1,1,1
1062,10,426,547,76,228,1,1,1
1063,10,426,547,75,228,1,1,1
1064,10,425,547,75,228,1,1,1
1065,10,425,547,73,228,1,1,1
1066,10,424,547,72,228,1,1,1
1067,10,425,547,74,229,1,1,1
1068,10,425,547,75,229,1,1,1
1069,10,425,547,77,229,1,1,1
1070,10,425,547,78,229,1,1,1
1071,10,425,547,78,228,1,1,1
1072,10,425,547,79,229,1,1,1
1073,10,424,546,80,231,1,1,1
1074,10,424,546,80,231,1,1,1
1075,10,423,545,81,232,1,1,1
1076,10,422,544,81,232,1,1,1
1077,10,423,546,81,232,1,1,1
1078,10,423,547,82,231,1,1,1
1079,10,424,547,81,232,1,1,1
1080,10,424,548,82,231,1,1,1
1081,10,424,548,81,230,1,1,1
1082,10,425,549,81,231,1,1,1
1083,10,425,549,81,231,1,1,1
1084,10,426,549,80,232,1,1,1
1085,10,426,549,80,232,1,1,1
1086,10,426,548,79,232,1,1,1
1087,10,427,549,79,233,1,1,1
1088,10,427,550,78,233,1,1,1
1089,10,428,550,77,234,1,1,1
1090,10,428,551,76,234,1,1,1
1091,10,428,551,75,234,1,1,1
1092,10,428,551,77,234,1,1,1
1093,10,428,551,79,234,1,1,1
1094,10,427,551,81,233,1,1,1
1095,10,427,551,82,233,1,1,1
1096,10,426,551,83,232,1,1,1
1097,10,427,551,84,233,1,1,1
1098,10,428,552,83,232,1,1,1
1099,10,429,552,82,233,1,1,1
1100,10,430,553,82,232,1,1,1
1101,10,430,553,81,232,1,1,1
1102,10,431,553,80,233,1,1,1
1103,10,431,554,80,232,1,1,1
1104,10,432,554,78,232,1,1,1
1105,10,432,555,77,231,1,1,1
1106,10,432,555,75,230,1,1,1
1107,10,433,555,76,230,1,1,1
1108,10,433,555,76,230,1,1,1
1109,10,434,555,75,229,1,1,1
1110,10,434,555,76,229,1,1,1
1111,10,434,555,75,228,1,1,1
1112,10,435,555,76,228,1,1,1
1113,10,435,554,76,228,1,1,1
1114,10,435,554,77,228,1,1,1
1115,10,434,553,79,228,1,1,1
1116,10,434,552,78,227,1,1,1
1117,10,435,552,78,229,1,1,1
1118,10,435,551,79,231,1,1,1
1119,10,436,550,78,232,1,1,1
1120,10,436,550,78,233,1,1,1
1121,10,436,548,77,234,1,1,1
1122,10,437,549,78,234,1,1,1
1123,10,437,549,78,233,1,1,1
1124,10,437,550,79,232,1,1,1
1125,10,438,550,78,231,1,1,1
1126,10,437,550,78,229,1,1,1
1127,10,438,550,79,230,1,1,1
1128,10,439,551,78,229,1,1,1
1129,10,439,551,79,229,1,1,1
1130,10,439,551,79,228,1,1,1
1131,10,439,551,78,228,1,1,1
1132,10,440,550,79,229,1,1,1
1133,10,441,550,78,229,1,1,1
1134,10,441,549,79,230,1,1,1
1135,10,442,549,78,230,1,1,1
1136,10,442,548,78,230,1,1,1
1137,10,443,548,78,231,1,1,1
1138,10,443,549,78,230,1,1,1
1139,10,443,549,77,230,1,1,1
1140,10,443,549,77,231,1,1,1
1141,10,443,549,77,229,1,1,1
1142,10,444,550,77,230,1,1,1
1143,10,444,550,78,229,1,1,1
1144,10,445,551,77,228,1,1,1
1145,10,446,551,77,228,1,1,1
1146,10,446,551,76,228,1,1,1
1147,10,447,552,77,227,1,1,1
1148,10,447,552,77,227,1,1,1
1149,10,448,553,77,227,1,1,1
1150,10,448,553,77,227,1,1,1
1151,10,448,553,77,226,1,1,1
1152,10,448,553,78,227,1,1,1
1153,10,449,553,77,227,1,1,1
1154,10,449,553,77,227,1,1,1
1155,10,449,553,77,227,1,1,1
1156,10,449,552,77,227,1,1,1
1157,10,449,553,77,227,1,1,1
1158,10,450,553,76,226,1,1,1
1159,10,450,554,77,225,1,1,1
1160,10,450,554,77,225,1,1,1
1161,10,450,554,76,224,1,1,1
1162,10,451,555,76,225,1,1,1
1163,10,451,555,77,225,1,1,1
1164,10,452,555,77,226,1,1,1
1165,10,452,555,77,226,1,1,1
1166,10,452,555,77,226,1,1,1
1167,10,452,555,78,226,1,1,1
1168,10,452,555,78,226,1,1,1
1169,10,452,555,78,226,1,1,1
1170,10,452,554,78,227,1,1,1
1171,10,451,554,78,226,1,1,1
1172,10,452,554,78,226,1,1,1
1173,10,452,555,78,225,1,1,1
1174,10,452,555,78,224,1,1,1
1175,10,452,556,78,223,1,1,1
1176,10,452,555,77,222,1,1,1
1177,10,452,555,78,224,1,1,1
1178,10,451,555,78,225,1,1,1
1179,10,451,554,78,227,1,1,1
1180,10,450,553,79,228,1,1,1
1181,10,450,552,78,229,1,1,1
1182,10,450,552,78,230,1,1,1
1183,10,450,552,78,229,1,1,1
1184,10,449,552,78,229,1,1,1
1185,10,449,551,78,229,1,1,1
1186,10,448,551,77,228,1,1,1
1187,10,448,551,78,229,1,1,1
1188,10,448,551,78,229,1,1,1
1189,10,448,551,77,228,1,1,1
1190,10,447,551,78,228,1,1,1
1191,10,446,551,78,228,1,1,1
1192,10,447,551,78,228,1,1,1
1193,10,446,551,79,228,1,1,1
1194,10,446,550,80,229,1,1,1
1195,10,446,550,80,229,1,1,1
1196,10,445,550,80,229,1,1,1
1197,10,446,549,80,231,1,1,1
1198,10,445,549,80,231,1,1,1
1199,10,445,548,80,233,1,1,1
1200,10,445,548,80,233,1,1,1
1201,10,444,546,79,234,1,1,1
1202,10,445,548,81,234,1,1,1
1203,10,445,549,82,233,1,1,1
1204,10,445,549,83,233,1,1,1
1205,10,445,550,84,232,1,1,1
1206,10,444,551,85,230,1,1,1
1207,10,445,551,85,231,1,1,1
1208,10,446,550,84,232,1,1,1
1209,10,446,550,83,232,1,1,1
1210,10,447,549,82,233,1,1,1
1211,10,446,548,81,232,1,1,1
1212,10,447,549,81,233,1,1,1
1213,10,447,550,81,233,1,1,1
1214,10,447,550,80,234,1,1,1
1215,10,447,551,80,234,1,1,1
1216,10,446,551,79,234,1,1,1
1217,10,447,552,80,234,1,1,1
1218,10,446,553,81,234,1,1,1
1219,10,446,555,81,232,1,1,1
1220,10,445,556,82,231,1,1,1
1221,10,444,557,81,230,1,1,1
1222,10,446,558,80,230,1,1,1
1223,10,446,559,80,229,1,1,1
1224,10,447,560,79,228,1,1,1
1225,10,448,561,78,227,1,1,1
1226,10,448,562,76,226,1,1,1
1227,10,448,563,78,226,1,1,1
1228,10,448,563,78,227,1,1,1
1229,10,448,563,78,228,1,1,1
1230,10,448,564,79,228,1,1,1
1231,10,447,564,79,228,1,1,1
1232,10,448,565,79,228,1,1,1
1233,10,448,565,79,228,1,1,1
1234,10,449,566,78,227,1,1,1
1235,10,449,566,78,227,1,1,1
1236,10,449,566,77,226,1,1,1
1237,10,449,566,77,227,1,1,1
1238,10,449,566,77,227,1,1,1
1239,10,449,565,77,228,1,1,1
1240,10,449,565,77,228,1,1,1
1241,10,449,564,76,228,1,1,1
1242,10,450,565,76,228,1,1,1
1243,10,450,564,78,228,1,1,1
1244,10,451,564,78,228,1,1,1
1245,10,452,564,78,228,1,1,1
1246,10,452,563,78,228,1,1,1
1247,10,453,563,79,228,1,1,1
1248,10,454,563,78,227,1,1,1
1249,10,455,562,78,227,1,1,1
1250,10,456,562,77,226,1,1,1
1251,10,457,561,76,225,1,1,1
1252,10,458,561,77,226,1,1,1
1253,10,459,560,77,227,1,1,1
1254,10,460,559,77,228,1,1,1
1255,10,461,559,77,227,1,1,1
1256,10,462,557,77,228,1,1,1
1257,10,463,557,78,229,1,1,1
1258,10,464,557,78,228,1,1,1
1259,10,465,557,78,228,1,1,1
1260,10,466,556,78,228,1,1,1
1261,10,467,555,78,227,1,1,1
1262,10,469,556,77,227,1,1,1
1263,10,470,556,77,226,1,1,1
1264,10,472,556,75,226,1,1,1
1265,10,474,556,74,225,1,1,1
1266,10,475,555,73,224,1,1,1
1281,10,483,546,83,230,1,1,1
1282,10,485,548,84,229,1,1,1
1283,10,487,549,83,228,1,1,1
1284,10,489,551,82,225,1,1,1
1285,10,490,552,82,224,1,1,1
1286,10,491,553,81,222,1,1,1
1287,10,492,553,81,223,1,1,1
1288,10,493,554,80,222,1,1,1
1289,10,493,554,79,223,1,1,1
1290,10,493,555,79,222,1,1,1
1291,10,493,555,77,222,1,1,1
1292,10,494,553,77,225,1,1,1
1293,10,494,552,77,226,1,1,1
1294,10,494,550,76,229,1,1,1
1295,10,494,549,76,230,1,1,1
1296,10,493,546,75,232,1,1,1
1297,10,495,548,75,231,1,1,1
1298,10,496,549,75,229,1,1,1
1299,10,497,549,75,229,1,1,1
1300,10,498,550,75,227,1,1,1
1301,10,499,550,75,225,1,1,1
1302,10,499,550,75,226,1,1,1
1303,10,499,550,75,226,1,1,1
1304,10,499,550,75,226,1,1,1
1305,10,499,549,75,226,1,1,1
1306,10,498,548,75,226,1,1,1
1307,10,499,549,74,226,1,1,1
1308,10,499,550,74,225,1,1,1
1309,10,499,551,74,225,1,1,1
1310,10,499,552,74,224,1,1,1
1311,10,498,552,73,223,1,1,1
1312,10,498,552,75,224,1,1,1
1313,10,498,551,75,225,1,1,1
1314,10,497,551,76,224,1,1,1
1315,10,497,550,76,225,1,1,1
1316,10,496,550,76,225,1,1,1
1317,10,496,550,76,225,1,1,1
1318,10,496,550,76,225,1,1,1
1319,10,496,550,76,225,1,1,1
1320,10,496,550,76,225,1,1,1
1321,10,495,550,76,225,1,1,1
1322,10,495,550,77,225,1,1,1
1323,10,495,550,76,225,1,1,1
1324,10,494,550,77,225,1,1,1
1325,10,493,550,78,226,1,1,1
1326,10,492,549,78,226,1,1,1
1327,10,492,549,79,226,1,1,1
1328,10,492,549,78,226,1,1,1
1329,10,491,549,79,225,1,1,1
1330,10,491,549,79,224,1,1,1
1331,10,490,548,78,224,1,1,1
1351,10,487,548,77,228,1,1,1
1352,10,488,549,77,229,1,1,1
1353,10,489,549,76,229,1,1,1
1354,10,489,549,76,230,1,1,1
1355,10,489,549,76,230,1,1,1
1356,10,489,548,75,230,1,1,1
1357,10,489,549,76,230,1,1,1
1358,10,489,550,75,229,1,1,1
1359,10,489,550,75,228,1,1,1
1360,10,488,551,76,227,1,1,1
1361,10,487,551,75,226,1,1,1
1362,10,487,551,77,227,1,1,1
1363,10,487,552,77,226,1,1,1
1364,10,487,552,77,226,1,1,1
1365,10,486,553,79,225,1,1,1
1366,10,485,553,79,224,1,1,1
1367,10,486,553,79,225,1,1,1
1368,10,486,552,79,226,1,1,1
1369,10,485,552,80,226,1,1,1
1370,10,485,551,81,227,1,1,1
1371,10,485,550,80,227,1,1,1
1372,10,485,551,80,228,1,1,1
1373,10,485,552,79,227,1,1,1
1374,10,485,552,78,227,1,1,1
1375,10,485,553,78,226,1,1,1
1376,10,484,553,77,226,1,1,1
1377,10,485,554,77,226,1,1,1
1378,10,485,554,77,226,1,1,1
1379,10,485,554,76,226,1,1,1
1380,10,485,554,76,226,1,1,1
1381,10,484,554,76,225,1,1,1
1382,10,484,555,77,226,1,1,1
1383,10,484,555,77,226,1,1,1
1384,10,484,555,77,226,1,1,1
1385,10,484,555,77,227,1,1,1
1386,10,484,555,77,226,1,1,1
1387,10,484,555,77,227,1,1,1
1388,10,484,555,77,227,1,1,1
1389,10,484,555,77,227,1,1,1
1390,10,484,555,76,227,1,1,1
1391,10,484,554,75,227,1,1,1
1392,10,484,555,76,227,1,1,1
1393,10,484,556,76,226,1,1,1
1394,10,484,557,76,226,1,1,1
1395,10,484,558,76,225,1,1,1
1396,10,483,558,76,224,1,1,1
1397,10,483,558,77,225,1,1,1
1398,10,482,558,77,225,1,1,1
1399,10,482,557,77,226,1,1,1
1400,10,481,557,77,226,1,1,1
1401,10,480,556,77,226,1,1,1
1402,10,480,556,77,227,1,1,1
1403,10,479,556,77,227,1,1,1
1404,10,478,556,77,227,1,1,1
1405,10,478,555,77,227,1,1,1
1406,10,477,555,77,227,1,1,1
1407,10,476,555,78,227,1,1,1
1408,10,475,555,78,228,1,1,1
1409,10,474,555,79,228,1,1,1
1410,10,473,556,79,227,1,1,1
1411,10,472,555,79,227,1,1,1
1412,10,472,555,79,229,1,1,1
1413,10,472,555,79,229,1,1,1
1414,10,472,555,78,229,1,1,1
1415,10,471,555,79,229,1,1,1
1416,10,471,554,78,228,1,1,1
1417,10,471,554,78,229,1,1,1
1418,10,470,554,79,228,1,1,1
1419,10,470,553,78,228,1,1,1
1420,10,469,553,79,228,1,1,1
1421,10,468,552,78,227,1,1,1
1422,10,469,552,78,227,1,1,1
1423,10,469,551,78,227,1,1,1
1424,10,469,551,78,226,1,1,1
1425,10,469,550,77,226,1,1,1
1426,10,468,549,77,225,1,1,1
1427,10,469,549,77,226,1,1,1
1428,10,469,548,77,227,1,1,1
1429,10,469,548,76,227,1,1,1
1430,10,469,547,76,228,1,1,1
1431,10,469,546,75,228,1,1,1
1432,10,469,546,77,228,1,1,1
1433,10,469,546,77,228,1,1,1
1434,10,469,546,77,228,1,1,1
1435,10,469,546,78,228,1,1,1
1436,10,468,545,78,227,1,1,1
1437,10,470,546,77,227,1,1,1
1438,10,471,547,77,226,1,1,1
1439,10,472,547,76,226,1,1,1
1440,10,473,548,76,225,1,1,1
1441,10,473,548,75,224,1,1,1
1442,10,474,548,76,225,1,1,1
1443,10,475,547,75,226,1,1,1
1444,10,475,547,75,226,1,1,1
1445,10,475,546,75,227,1,1,1
1446,10,475,545,74,227,1,1,1
1447,10,476,545,77,229,1,1,1
1448,10,477,545,78,229,1,1,1
1449,10,477,544,80,231,1,1,1
1450,10,477,543,82,232,1,1,1
1451,10,477,542,83,232,1,1,1
1452,10,478,544,84,232,1,1,1
1453,10,479,545,83,231,1,1,1
1454,10,480,547,82,229,1,1,1
1455,10,481,548,82,228,1,1,1
1456,10,481,548,81,226,1,1,1
1457,10,483,549,81,227,1,1,1
1458,10,485,550,79,226,1,1,1
1459,10,487,550,77,227,1,1,1
1460,10,488,551,77,226,1,1,1
1461,10,489,551,75,226,1,1,1
1462,10,489,551,76,227,1,1,1
1463,10,489,550,76,228,1,1,1
1464,10,489,550,76,229,1,1,1
1465,10,488,549,77,230,1,1,1
1466,10,487,548,77,230,1,1,1
1467,10,488,550,77,230,1,1,1
1468,10,488,551,76,229,1,1,1
1469,10,488,551,76,229,1,1,1
1470,10,488,552,76,228,1,1,1
1471,10,487,553,75,226,1,1,1
1472,10,489,554,75,226,1,1,1
1473,10,489,555,75,225,1,1,1
1474,10,490,555,75,226,1,1,1
1475,10,491,556,75,225,1,1,1
1476,10,491,556,74,224,1,1,1
1477,10,491,558,75,224,1,1,1
1478,10,491,558,75,225,1,1,1
1479,10,490,559,75,225,1,1,1
1480,10,490,560,75,224,1,1,1
1481,10,489,560,75,224,1,1,1
1482,10,489,560,75,225,1,1,1
1483,10,488,560,76,225,1,1,1
1484,10,488,560,75,226,1,1,1
1485,10,487,560,76,226,1,1,1
1486,10,486,559,75,226,1,1,1
1487,10,487,560,75,226,1,1,1
1488,10,487,560,75,226,1,1,1
1489,10,487,560,75,226,1,1,1
1490,10,487,560,75,226,1,1,1
1491,10,487,559,75,226,1,1,1
1492,10,487,560,76,226,1,1,1
1493,10,488,560,75,226,1,1,1
1494,10,488,560,76,226,1,1,1
1495,10,489,560,76,226,1,1,1
1496,10,488,559,76,226,1,1,1
1497,10,489,560,77,226,1,1,1
1498,10,490,560,76,226,1,1,1
1499,10,491,559,76,227,1,1,1
1500,10,491,559,76,227,1,1,1