1502,0,179,59,17,45,1,1,1
1502,1,150,57,15,35,1,1,1
1502,2,226,87,36,105,1,1,1
1503,0,179,59,18,45,1,1,1
1503,1,149,57,15,35,1,1,1
1503,2,225,87,36,104,1,1,1
1504,0,179,59,18,45,1,1,1
1504,1,148,57,15,35,1,1,1
1504,2,223,86,36,104,1,1,1
1505,0,179,59,18,45,1,1,1
1505,2,222,86,36,104,1,1,1
1506,0,179,59,18,45,1,1,1
1506,2,220,86,36,103,1,1,1
1507,0,180,59,17,46,1,1,1
1507,2,219,86,36,102,1,1,1
1508,0,180,59,18,46,1,1,1
1508,2,218,85,35,102,1,1,1
1509,0,180,59,18,46,1,1,1
1509,2,216,85,36,101,1,1,1
1510,0,180,59,18,46,1,1,1
1510,2,215,85,35,101,1,1,1
1511,0,180,59,18,46,1,1,1
1511,2,213,85,36,100,1,1,1
1512,0,180,59,18,46,1,1,1
1512,2,212,84,35,100,1,1,1
1513,0,181,60,18,46,1,1,1
1513,1,139,60,16,31,1,1,1
1513,2,211,84,35,99,1,1,1
1514,0,181,60,18,46,1,1,1
1514,1,138,59,16,32,1,1,1
1514,2,209,84,35,99,1,1,1
1515,0,181,60,18,46,1,1,1
1515,1,137,59,16,32,1,1,1
1515,2,208,84,35,98,1,1,1
1516,0,181,60,18,46,1,1,1
1516,1,136,59,16,32,1,1,1
1516,2,206,83,35,98,1,1,1
1517,0,181,60,18,46,1,1,1
1517,1,135,59,17,32,1,1,1
1517,2,205,83,35,97,1,1,1
1518,0,181,60,18,46,1,1,1
1518,1,135,59,16,32,1,1,1
1518,2,204,83,34,96,1,1,1
1519,0,181,60,19,46,1,1,1
1519,1,134,59,16,32,1,1,1
1519,2,202,83,35,96,1,1,1
1520,0,182,60,18,47,1,1,1
1520,1,133,59,16,32,1,1,1
1520,2,201,82,34,96,1,1,1
1521,0,182,60,18,47,1,1,1
1521,1,132,59,17,32,1,1,1
1521,2,199,82,35,95,1,1,1
1522,0,182,60,18,47,1,1,1
1522,1,131,59,17,32,1,1,1
1522,2,198,82,34,94,1,1,1
1523,0,182,60,18,47,1,1,1
1523,1,131,59,16,32,1,1,1
1523,2,197,82,34,94,1,1,1
1524,0,182,60,19,47,1,1,1
1524,1,130,59,16,32,1,1,1
1524,2,196,82,33,93,1,1,1
1525,0,182,60,19,47,1,1,1
1525,1,129,59,17,32,1,1,1
1525,2,195,82,33,93,1,1,1
1526,0,183,60,18,48,1,1,1
1526,1,128,59,17,32,1,1,1
1526,2,194,82,33,93,1,1,1
1527,0,183,60,18,48,1,1,1
1527,1,127,59,17,32,1,1,1
1527,2,193,82,33,93,1,1,1
1528,0,183,60,18,48,1,1,1
1528,1,127,59,17,32,1,1,1
1528,2,192,82,33,93,1,1,1
1529,0,183,60,19,48,1,1,1
1529,1,126,58,17,33,1,1,1
1529,2,191,82,33,93,1,1,1
1530,0,183,60,19,48,1,1,1
1530,1,125,58,17,33,1,1,1
1530,2,190,82,33,93,1,1,1
1531,0,183,60,19,48,1,1,1
1531,1,125,58,16,33,1,1,1
1531,2,190,83,32,92,1,1,1
1532,0,183,60,19,48,1,1,1
1532,1,124,58,16,33,1,1,1
1532,2,189,82,32,92,1,1,1
1533,0,184,60,18,49,1,1,1
1533,1,123,58,16,33,1,1,1
1533,2,188,82,32,92,1,1,1
1534,0,184,60,19,49,1,1,1
1534,1,123,58,15,33,1,1,1
1534,2,187,82,32,91,1,1,1
1535,0,184,60,19,49,1,1,1
1535,1,122,58,16,33,1,1,1
1535,2,186,82,32,91,1,1,1
1536,0,184,60,19,49,1,1,1
1536,1,121,58,16,33,1,1,1
1536,2,186,82,31,90,1,1,1
1537,0,184,60,19,49,1,1,1
1537,1,121,58,15,33,1,1,1
1537,2,185,82,32,90,1,1,1
1538,0,184,60,19,49,1,1,1
1538,1,120,58,15,33,1,1,1
1538,2,184,81,32,90,1,1,1
1539,0,185,61,19,49,1,1,1
1539,1,119,58,15,33,1,1,1
1539,2,183,81,32,90,1,1,1
1540,0,185,61,19,49,1,1,1
1540,1,119,58,14,33,1,1,1
1540,2,183,81,31,90,1,1,1
1541,0,185,61,19,49,1,1,1
1541,1,118,58,14,33,1,1,1
1541,2,182,81,31,89,1,1,1
1542,0,186,61,19,49,1,1,1
1542,1,117,58,15,33,1,1,1
1542,2,181,81,31,89,1,1,1
1543,0,186,61,19,49,1,1,1
1543,1,117,58,14,33,1,1,1
1543,2,180,81,32,88,1,1,1
1544,0,186,61,19,49,1,1,1
1544,1,116,58,14,33,1,1,1
1544,2,179,80,32,89,1,1,1
1545,0,187,61,19,49,1,1,1
1545,1,115,58,14,33,1,1,1
1545,2,179,80,31,88,1,1,1
1546,0,187,61,19,49,1,1,1
1546,1,115,58,13,33,1,1,1
1546,2,178,80,31,88,1,1,1
1547,0,187,61,20,50,1,1,1
1547,1,114,58,13,33,1,1,1
1547,2,177,80,31,87,1,1,1
1548,0,188,61,19,50,1,1,1
1548,1,113,58,13,33,1,1,1
1548,2,176,80,31,87,1,1,1
1549,0,188,61,19,50,1,1,1
1549,1,113,58,13,34,1,1,1
1549,2,176,80,31,87,1,1,1
1550,0,188,61,20,50,1,1,1
1550,1,112,58,13,34,1,1,1
1550,2,175,79,31,87,1,1,1
1551,0,189,61,19,50,1,1,1
1551,1,111,58,13,34,1,1,1
1551,2,174,79,31,87,1,1,1
1552,0,189,61,20,50,1,1,1
1552,1,110,58,13,34,1,1,1
1552,2,174,79,31,86,1,1,1
1553,0,189,61,20,50,1,1,1
1553,1,110,58,13,34,1,1,1
1553,2,173,79,31,86,1,1,1
1554,0,190,61,19,51,1,1,1
1554,1,109,58,13,34,1,1,1
1554,2,173,79,31,85,1,1,1
1555,0,190,61,20,51,1,1,1
1555,1,108,58,13,34,1,1,1
1555,2,172,79,31,85,1,1,1
1556,0,190,61,20,51,1,1,1
1556,1,107,58,14,34,1,1,1
1556,2,172,78,30,85,1,1,1
1557,0,191,61,19,51,1,1,1
1557,1,107,58,13,34,1,1,1
1557,2,171,78,31,85,1,1,1
1558,0,191,61,20,51,1,1,1
1558,1,106,58,13,34,1,1,1
1558,2,171,78,30,85,1,1,1
1559,0,191,61,20,51,1,1,1
1559,1,105,58,13,34,1,1,1
1559,2,170,78,31,84,1,1,1
1560,0,192,61,20,51,1,1,1
1560,1,105,58,13,34,1,1,1
1560,2,170,78,30,84,1,1,1
1561,0,192,61,20,52,1,1,1
1561,1,104,58,13,34,1,1,1
1561,2,169,78,30,83,1,1,1
1562,0,192,61,20,52,1,1,1
1562,1,103,58,13,34,1,1,1
1562,2,169,78,30,83,1,1,1
1563,0,193,61,20,52,1,1,1
1563,1,102,58,14,34,1,1,1
1563,2,168,77,30,83,1,1,1
1564,0,193,61,20,52,1,1,1
1564,1,102,58,13,34,1,1,1
1564,2,168,77,30,83,1,1,1
1565,0,193,61,21,52,1,1,1
1565,1,101,58,13,34,1,1,1
1565,2,167,77,30,82,1,1,1
1566,0,194,61,20,52,1,1,1
1566,1,100,58,13,34,1,1,1
1566,2,167,77,29,82,1,1,1
1567,0,194,61,20,52,1,1,1
1567,1,100,58,13,34,1,1,1
1567,2,166,77,30,82,1,1,1
1568,0,194,61,21,52,1,1,1
1568,1,99,58,13,34,1,1,1
1568,2,166,77,29,81,1,1,1
1569,0,195,61,20,53,1,1,1
1569,1,98,58,13,34,1,1,1
1569,2,165,77,30,81,1,1,1
1570,0,195,61,20,53,1,1,1
1570,1,97,58,14,34,1,1,1
1570,2,165,76,29,81,1,1,1
1571,0,195,61,21,53,1,1,1
1571,1,97,58,13,34,1,1,1
1571,2,164,76,29,81,1,1,1
1572,0,196,61,20,53,1,1,1
1572,1,96,58,13,34,1,1,1
1572,2,164,76,29,80,1,1,1
1573,0,196,61,21,53,1,1,1
1573,1,95,58,14,34,1,1,1
1573,2,163,76,29,80,1,1,1
1574,0,196,61,21,53,1,1,1
1574,1,95,58,13,34,1,1,1
1574,2,163,76,29,79,1,1,1
1575,0,197,61,20,53,1,1,1
1575,1,94,58,13,34,1,1,1
1575,2,162,76,29,79,1,1,1
1576,0,197,61,21,54,1,1,1
1576,1,93,58,13,34,1,1,1
1576,2,162,76,29,79,1,1,1
1577,0,197,61,21,54,1,1,1
1577,1,92,58,14,34,1,1,1
1577,2,161,75,29,79,1,1,1
1578,0,198,61,21,54,1,1,1
1578,1,92,58,13,34,1,1,1
1578,2,160,75,29,79,1,1,1
1579,0,198,61,21,54,1,1,1
1579,1,91,58,13,34,1,1,1
1579,2,160,75,29,78,1,1,1
1580,0,198,61,21,54,1,1,1
1580,1,90,58,14,34,1,1,1
1580,2,159,75,29,78,1,1,1
1581,0,199,61,21,54,1,1,1
1581,1,90,58,13,34,1,1,1
1581,2,159,75,29,77,1,1,1
1582,0,199,61,21,54,1,1,1
1582,1,89,58,13,34,1,1,1
1582,2,158,75,29,77,1,1,1
1583,0,200,62,21,54,1,1,1
1583,1,88,58,13,34,1,1,1
1583,2,158,74,28,77,1,1,1
1584,0,200,62,21,54,1,1,1
1584,1,87,58,14,34,1,1,1
1584,2,157,74,29,77,1,1,1
1585,0,200,62,21,54,1,1,1
1585,1,87,58,13,34,1,1,1
1585,2,157,74,28,77,1,1,1
1586,0,201,62,21,54,1,1,1
1586,1,86,58,13,34,1,1,1
1586,2,156,74,29,76,1,1,1
1587,0,201,62,21,54,1,1,1
1587,1,85,58,14,34,1,1,1
1587,2,156,74,28,76,1,1,1
1588,0,202,62,21,54,1,1,1
1588,1,85,58,13,34,1,1,1
1588,2,155,74,28,75,1,1,1
1589,0,202,62,21,54,1,1,1
1589,1,84,58,13,34,1,1,1
1589,2,155,74,28,75,1,1,1
1590,0,203,62,21,55,1,1,1
1590,1,83,58,14,34,1,1,1
1590,2,154,73,28,75,1,1,1
1591,0,203,62,21,55,1,1,1
1591,1,82,58,14,34,1,1,1
1591,2,154,73,28,75,1,1,1
1592,0,204,62,21,55,1,1,1
1592,1,82,58,13,34,1,1,1
1592,2,153,73,28,74,1,1,1
1593,0,204,62,21,55,1,1,1
1593,1,81,58,13,34,1,1,1
1593,2,153,73,27,74,1,1,1
1594,0,205,62,21,55,1,1,1
1594,1,80,58,14,34,1,1,1
1594,2,152,73,28,74,1,1,1
1595,0,205,62,21,55,1,1,1
1595,1,80,58,13,34,1,1,1
1595,2,152,73,27,73,1,1,1
1596,0,206,62,21,55,1,1,1
1596,1,79,58,13,34,1,1,1
1596,2,151,73,28,73,1,1,1
1597,0,206,63,21,55,1,1,1
1597,1,78,58,14,34,1,1,1
1597,2,151,72,27,73,1,1,1
1598,0,207,63,21,55,1,1,1
1598,1,77,58,14,34,1,1,1
1598,2,150,72,27,73,1,1,1
1599,0,207,63,21,55,1,1,1
1599,1,77,58,13,34,1,1,1
1599,2,150,72,27,72,1,1,1
1600,0,208,63,21,55,1,1,1
1600,1,76,58,13,34,1,1,1
1600,2,149,72,27,72,1,1,1
1601,0,208,63,21,55,1,1,1
1601,1,75,58,14,34,1,1,1
1601,2,149,72,27,71,1,1,1
1602,0,209,63,21,55,1,1,1
1602,1,74,58,14,34,1,1,1
1602,2,148,72,27,71,1,1,1
1603,0,209,63,21,55,1,1,1
1603,1,74,58,13,34,1,1,1
1603,2,148,72,27,71,1,1,1
1603,3,334,69,25,79,1,1,1
1604,0,210,63,21,56,1,1,1
1604,1,73,58,14,34,1,1,1
1604,2,147,71,27,71,1,1,1
1604,3,333,68,25,79,1,1,1
1605,0,210,63,21,56,1,1,1
1605,1,72,58,14,34,1,1,1
1605,2,147,71,27,71,1,1,1
1605,3,332,68,25,79,1,1,1
1606,0,211,63,21,56,1,1,1
1606,1,72,58,13,34,1,1,1
1606,2,147,71,26,70,1,1,1
1606,3,332,68,25,79,1,1,1
1607,0,211,63,21,56,1,1,1
1607,1,71,58,13,34,1,1,1
1607,2,146,71,27,70,1,1,1
1607,3,331,68,25,79,1,1,1
1608,0,212,63,21,56,1,1,1
1608,1,70,58,14,34,1,1,1
1608,2,146,71,27,70,1,1,1
1608,3,330,68,25,79,1,1,1
1609,0,212,63,21,56,1,1,1
1609,1,69,58,14,34,1,1,1
1609,2,146,71,26,69,1,1,1
1609,3,330,68,25,78,1,1,1
1610,0,213,64,21,56,1,1,1
1610,1,69,58,13,34,1,1,1
1610,2,145,71,27,69,1,1,1
1610,3,329,68,25,78,1,1,1
1611,0,213,64,21,56,1,1,1
1611,1,68,58,14,34,1,1,1
1611,2,145,71,26,68,1,1,1
1611,3,328,68,25,78,1,1,1
1612,0,214,64,21,56,1,1,1
1612,1,67,58,14,34,1,1,1
1612,2,145,71,26,68,1,1,1
1612,3,328,68,25,78,1,1,1
1613,0,214,64,21,57,1,1,1
1613,1,67,58,13,34,1,1,1
1613,2,144,71,27,68,1,1,1
1613,3,327,68,25,78,1,1,1
1614,0,215,64,21,57,1,1,1
1614,1,66,58,14,34,1,1,1
1614,2,144,71,26,67,1,1,1
1614,3,327,68,24,77,1,1,1
1615,0,216,64,21,57,1,1,1
1615,1,65,58,14,34,1,1,1
1615,2,144,71,26,67,1,1,1
1615,3,326,68,25,77,1,1,1
1616,0,216,64,21,58,1,1,1
1616,1,64,58,14,34,1,1,1
1616,2,143,71,26,66,1,1,1
1616,3,325,68,25,77,1,1,1
1617,0,217,64,21,58,1,1,1
1617,1,64,58,13,34,1,1,1
1617,2,143,71,26,66,1,1,1
1617,3,325,68,24,77,1,1,1
1618,0,217,64,22,59,1,1,1
1618,1,63,58,14,34,1,1,1
1618,2,143,70,26,67,1,1,1
1618,3,324,68,25,77,1,1,1
1619,0,218,64,21,59,1,1,1
1619,1,62,58,14,34,1,1,1
1619,2,142,70,26,66,1,1,1
1619,3,323,68,25,76,1,1,1
1620,0,219,64,21,59,1,1,1
1620,1,62,58,13,34,1,1,1
1620,2,142,70,26,66,1,1,1
1620,3,323,68,24,76,1,1,1
1621,0,219,64,22,60,1,1,1
1621,1,61,58,14,34,1,1,1
1621,2,142,70,25,65,1,1,1
1621,3,322,68,25,76,1,1,1
1622,0,220,64,21,60,1,1,1
1622,1,60,58,14,34,1,1,1
1622,2,141,70,26,65,1,1,1
1622,3,322,67,24,77,1,1,1
1623,0,220,64,22,60,1,1,1
1623,1,59,58,14,34,1,1,1
1623,2,141,70,26,65,1,1,1
1623,3,321,67,25,77,1,1,1
1624,0,221,65,22,60,1,1,1
1624,1,59,58,13,34,1,1,1
1624,2,141,70,25,64,1,1,1
1624,3,320,67,25,76,1,1,1
1625,0,222,65,21,60,1,1,1
1625,1,58,58,14,34,1,1,1
1625,2,140,70,26,64,1,1,1
1625,3,320,67,24,76,1,1,1
1626,0,222,65,22,61,1,1,1
1626,1,57,58,14,34,1,1,1
1626,2,140,70,25,63,1,1,1
1626,3,319,67,25,76,1,1,1
1627,0,223,65,22,61,1,1,1
1627,1,57,58,13,34,1,1,1
1627,2,140,70,25,63,1,1,1
1627,3,318,67,25,76,1,1,1
1628,0,223,65,22,61,1,1,1
1628,1,56,58,14,34,1,1,1
1628,2,139,70,26,63,1,1,1
1628,3,318,67,24,76,1,1,1
1629,0,224,65,22,62,1,1,1
1629,1,55,58,14,34,1,1,1
1629,2,139,70,25,62,1,1,1
1629,3,317,67,25,75,1,1,1
1630,0,225,65,22,62,1,1,1
1630,1,54,58,14,34,1,1,1
1630,2,139,70,25,62,1,1,1
1630,3,316,67,25,75,1,1,1
1631,0,225,65,22,62,1,1,1
1631,1,54,58,14,34,1,1,1
1631,2,139,70,25,62,1,1,1
1631,3,316,67,24,75,1,1,1
1632,0,226,65,22,63,1,1,1
1632,1,53,58,14,34,1,1,1
1632,2,138,69,25,62,1,1,1
1632,3,315,67,25,75,1,1,1
1633,0,226,65,22,63,1,1,1
1633,1,52,58,14,34,1,1,1
1633,2,138,69,25,62,1,1,1
1633,3,315,67,24,75,1,1,1
1634,0,227,65,22,64,1,1,1
1634,1,52,58,13,34,1,1,1
1634,2,137,69,25,62,1,1,1
1634,3,314,67,24,74,1,1,1
1635,0,228,65,22,64,1,1,1
1635,1,51,58,14,34,1,1,1
1635,2,137,69,25,62,1,1,1
1635,3,313,67,25,74,1,1,1
1636,0,228,65,22,64,1,1,1
1636,1,50,58,14,34,1,1,1
1636,2,137,69,24,62,1,1,1
1636,3,313,67,24,74,1,1,1
1637,0,229,66,22,64,1,1,1
1637,1,49,58,14,34,1,1,1
1637,2,136,69,25,62,1,1,1
1637,3,312,67,24,74,1,1,1
1638,0,229,66,23,64,1,1,1
1638,1,49,58,14,34,1,1,1
1638,2,136,69,24,61,1,1,1
1638,3,311,67,25,74,1,1,1
1639,0,230,66,22,64,1,1,1
1639,1,48,58,14,34,1,1,1
1639,2,135,69,25,61,1,1,1
1639,3,311,67,24,73,1,1,1
1640,0,231,66,22,65,1,1,1
1640,1,47,58,14,34,1,1,1
1640,2,135,69,24,61,1,1,1
1640,3,310,67,25,73,1,1,1
1641,0,231,66,23,65,1,1,1
1641,1,47,58,13,34,1,1,1
1641,2,135,69,24,61,1,1,1
1641,3,310,66,24,74,1,1,1
1642,0,232,66,22,66,1,1,1
1642,1,46,58,14,34,1,1,1
1642,2,134,69,25,61,1,1,1
1642,3,309,66,24,74,1,1,1
1643,0,232,66,23,66,1,1,1
1643,1,45,58,14,34,1,1,1
1643,2,134,69,24,61,1,1,1
1643,3,308,66,25,74,1,1,1
1644,0,233,66,23,66,1,1,1
1644,1,44,58,14,34,1,1,1
1644,2,133,69,25,60,1,1,1
1644,3,308,66,24,73,1,1,1
1645,0,234,66,22,67,1,1,1
1645,1,44,58,14,34,1,1,1
1645,2,133,69,24,60,1,1,1
1645,3,307,66,24,73,1,1,1
1646,0,234,66,23,67,1,1,1
1646,1,43,58,14,34,1,1,1
1646,2,133,69,24,60,1,1,1
1646,3,306,66,25,73,1,1,1
1647,0,235,66,23,67,1,1,1
1647,1,42,58,14,34,1,1,1
1647,2,132,69,24,60,1,1,1
1647,3,306,66,24,73,1,1,1
1648,0,235,66,23,68,1,1,1
1648,2,132,69,24,60,1,1,1
1648,3,305,66,24,73,1,1,1
1649,0,236,66,23,68,1,1,1
1649,2,132,69,23,60,1,1,1
1649,3,304,66,25,72,1,1,1
1650,0,237,67,23,68,1,1,1
1650,2,131,69,24,60,1,1,1
1650,3,304,66,24,72,1,1,1
1651,0,238,67,23,68,1,1,1
1651,2,131,69,24,59,1,1,1
1651,3,303,66,24,72,1,1,1
1652,0,239,67,23,68,1,1,1
1652,2,130,68,24,60,1,1,1
1652,3,303,66,24,72,1,1,1
1653,0,240,67,23,69,1,1,1
1653,2,130,68,24,60,1,1,1
1653,3,302,66,24,72,1,1,1
1654,0,241,67,23,69,1,1,1
1654,2,130,68,23,60,1,1,1
1654,3,301,66,24,71,1,1,1
1655,0,242,67,23,69,1,1,1
1655,2,129,68,24,60,1,1,1
1655,3,301,66,24,71,1,1,1
1656,0,243,67,23,70,1,1,1
1656,2,129,68,23,60,1,1,1
1656,3,300,66,24,71,1,1,1
1657,0,244,67,24,70,1,1,1
1657,2,128,68,24,59,1,1,1
1657,3,299,66,24,71,1,1,1
1658,0,246,67,23,71,1,1,1
1658,2,128,68,23,59,1,1,1
1658,3,299,66,24,71,1,1,1
1659,0,247,67,23,71,1,1,1
1659,2,128,68,23,59,1,1,1
1659,3,298,65,24,71,1,1,1
1660,0,248,67,23,71,1,1,1
1660,2,127,68,24,59,1,1,1
1660,3,298,65,24,71,1,1,1
1661,0,249,67,23,72,1,1,1
1661,2,127,68,23,59,1,1,1
1661,3,297,65,24,71,1,1,1
1662,0,250,67,23,72,1,1,1
1662,2,127,68,23,59,1,1,1
1662,3,296,65,24,71,1,1,1
1663,0,251,67,23,73,1,1,1
1663,2,126,68,23,58,1,1,1
1663,3,296,65,24,71,1,1,1
1664,0,252,67,24,73,1,1,1
1664,2,126,68,23,58,1,1,1
1664,3,295,65,24,70,1,1,1
1665,0,253,67,24,73,1,1,1
1665,2,125,68,23,58,1,1,1
1665,3,294,65,24,70,1,1,1
1666,0,255,68,23,73,1,1,1
1666,2,125,68,23,58,1,1,1
1666,3,294,65,24,70,1,1,1
1667,0,256,68,23,73,1,1,1
1667,2,125,68,22,58,1,1,1
1667,3,293,65,24,70,1,1,1
1668,0,257,68,23,74,1,1,1
1668,2,124,68,23,58,1,1,1
1668,3,293,65,23,70,1,1,1
1669,0,258,68,23,74,1,1,1
1669,2,124,68,23,58,1,1,1
1669,3,292,65,24,69,1,1,1
1670,0,259,68,23,74,1,1,1
1670,2,123,68,23,57,1,1,1
1670,3,291,65,24,69,1,1,1
1671,0,260,68,24,75,1,1,1
1671,2,123,68,23,57,1,1,1
1671,3,291,65,23,69,1,1,1
1672,0,261,68,24,75,1,1,1
1672,2,123,68,22,57,1,1,1
1672,3,290,65,24,69,1,1,1
1673,0,262,68,24,76,1,1,1
1673,2,122,67,23,58,1,1,1
1673,3,289,65,24,69,1,1,1
1674,0,264,68,23,76,1,1,1
1674,2,122,67,22,58,1,1,1
1674,3,289,65,23,68,1,1,1
1675,0,265,68,23,76,1,1,1
1675,2,122,67,22,58,1,1,1
1675,3,288,65,24,68,1,1,1
1676,0,266,68,23,77,1,1,1
1676,2,121,67,22,57,1,1,1
1676,3,287,65,24,68,1,1,1
1677,0,267,68,23,77,1,1,1
1677,2,121,67,22,57,1,1,1
1677,3,287,65,24,68,1,1,1
1678,0,268,68,24,78,1,1,1
1678,2,120,67,23,57,1,1,1
1678,3,286,64,24,69,1,1,1
1679,0,269,68,24,78,1,1,1
1679,2,120,67,22,57,1,1,1
1679,3,286,64,23,68,1,1,1
1680,0,270,68,24,78,1,1,1
1680,2,120,67,22,57,1,1,1
1680,3,285,64,24,68,1,1,1
1681,0,271,68,24,79,1,1,1
1681,2,119,67,22,57,1,1,1
1681,3,284,64,24,68,1,1,1
1682,0,273,69,23,78,1,1,1
1682,2,119,67,22,57,1,1,1
1682,3,284,64,23,68,1,1,1
1683,0,274,69,23,79,1,1,1
1683,2,118,67,22,56,1,1,1
1683,3,283,64,24,68,1,1,1
1684,0,275,69,23,79,1,1,1
1684,2,118,67,22,56,1,1,1
1684,3,282,64,24,67,1,1,1
1685,0,276,69,24,79,1,1,1
1685,2,118,67,21,56,1,1,1
1685,3,282,64,23,67,1,1,1
1686,0,277,69,24,80,1,1,1
1686,2,117,67,22,56,1,1,1
1686,3,281,64,24,67,1,1,1
1687,0,278,69,24,80,1,1,1
1687,2,117,67,22,56,1,1,1
1687,3,281,64,23,67,1,1,1
1688,0,279,69,24,81,1,1,1
1688,2,117,67,21,56,1,1,1
1688,3,280,64,23,67,1,1,1
1689,0,280,69,24,81,1,1,1
1689,2,116,67,22,55,1,1,1
1689,3,279,64,24,66,1,1,1
1690,0,282,69,23,81,1,1,1
1690,2,116,67,21,55,1,1,1
1690,3,279,64,23,66,1,1,1
1691,0,283,69,23,82,1,1,1
1691,2,115,67,22,55,1,1,1
1691,3,278,64,23,66,1,1,1
1692,0,284,69,24,82,1,1,1
1692,2,115,67,21,55,1,1,1
1692,3,277,64,24,66,1,1,1
1693,0,285,69,24,83,1,1,1
1693,2,115,67,21,55,1,1,1
1693,3,277,64,23,66,1,1,1
1694,0,286,69,24,83,1,1,1
1694,2,114,66,21,56,1,1,1
1694,3,276,64,23,65,1,1,1
1695,0,287,69,24,83,1,1,1
1695,2,114,66,21,55,1,1,1
1695,3,275,64,24,65,1,1,1
1696,0,288,69,24,84,1,1,1
1696,2,113,66,22,55,1,1,1
1696,3,275,63,23,66,1,1,1
1697,0,289,69,24,84,1,1,1
1697,2,113,66,21,55,1,1,1
1697,3,274,63,24,66,1,1,1
1698,0,291,70,24,84,1,1,1
1698,2,113,66,21,55,1,1,1
1698,3,274,63,23,66,1,1,1
1699,0,292,70,24,84,1,1,1
1699,2,112,66,21,55,1,1,1
1699,3,273,63,23,65,1,1,1
1700,0,293,70,24,84,1,1,1
1700,2,112,66,21,55,1,1,1
1700,3,272,63,24,65,1,1,1
1701,0,295,70,24,85,1,1,1
1701,2,112,66,20,55,1,1,1
1701,3,272,63,23,65,1,1,1
1702,0,296,70,24,85,1,1,1
1702,2,111,66,21,54,1,1,1
1702,3,271,63,23,65,1,1,1
1703,0,298,70,24,86,1,1,1
1703,2,111,66,20,54,1,1,1
1703,3,270,63,24,65,1,1,1
1704,0,299,70,24,86,1,1,1
1704,2,110,66,21,54,1,1,1
1704,3,270,63,23,64,1,1,1
1705,0,301,70,24,86,1,1,1
1705,2,110,66,21,54,1,1,1
1705,3,269,63,23,64,1,1,1
1706,0,302,70,24,87,1,1,1
1706,2,110,66,20,54,1,1,1
1706,3,269,63,23,64,1,1,1
1707,0,303,70,25,87,1,1,1
1707,2,109,66,21,54,1,1,1
1707,3,268,63,23,64,1,1,1
1708,0,305,71,24,87,1,1,1
1708,2,109,66,20,53,1,1,1
1708,3,267,63,23,64,1,1,1
1709,0,306,71,25,87,1,1,1
1709,2,108,66,21,53,1,1,1
1709,3,267,63,23,63,1,1,1
1710,0,308,71,24,87,1,1,1
1710,2,108,66,20,53,1,1,1
1710,3,266,63,23,63,1,1,1
1711,0,309,71,25,88,1,1,1
1711,2,108,66,20,53,1,1,1
1711,3,265,63,23,63,1,1,1
1712,0,311,71,24,88,1,1,1
1712,2,107,66,20,53,1,1,1
1712,3,265,63,23,63,1,1,1
1713,0,312,71,25,89,1,1,1
1713,2,107,66,20,53,1,1,1
1713,3,264,63,23,63,1,1,1
1714,0,313,71,25,89,1,1,1
1714,2,107,66,20,53,1,1,1
1714,3,264,63,23,63,1,1,1
1715,0,315,71,24,89,1,1,1
1715,2,106,65,20,53,1,1,1
1715,3,263,62,23,63,1,1,1
1716,0,316,71,25,90,1,1,1
1716,2,106,65,20,53,1,1,1
1716,3,263,62,23,63,1,1,1
1717,0,318,71,24,90,1,1,1
1717,2,106,65,20,53,1,1,1
1717,3,262,62,23,63,1,1,1
1718,0,319,72,25,90,1,1,1
1718,2,106,65,20,53,1,1,1
1718,3,262,62,23,63,1,1,1
1719,0,321,72,24,90,1,1,1
1719,2,106,65,20,53,1,1,1
1719,3,262,62,22,63,1,1,1
1720,0,322,72,25,90,1,1,1
1720,2,106,65,20,53,1,1,1
1720,3,261,62,23,63,1,1,1
1721,0,323,72,25,91,1,1,1
1721,2,106,65,19,53,1,1,1
1721,3,261,62,22,62,1,1,1
1722,0,325,72,25,91,1,1,1
1722,2,105,65,20,52,1,1,1
1722,3,260,62,23,62,1,1,1
1723,0,326,72,25,92,1,1,1
1723,2,105,65,20,52,1,1,1
1723,3,260,62,23,62,1,1,1
1724,0,328,72,25,92,1,1,1
1724,2,105,65,20,52,1,1,1
1724,3,260,62,22,62,1,1,1
1725,0,329,72,25,92,1,1,1
1725,2,105,65,20,52,1,1,1
1725,3,259,62,23,62,1,1,1
1726,0,331,72,25,93,1,1,1
1726,2,105,65,20,52,1,1,1
1726,3,259,62,22,62,1,1,1
1727,0,332,72,25,93,1,1,1
1727,2,105,65,19,52,1,1,1
1727,3,258,62,23,62,1,1,1
1728,2,105,65,19,52,1,1,1
1728,3,258,62,22,61,1,1,1
1729,2,105,65,19,52,1,1,1
1729,3,258,62,22,61,1,1,1
1730,2,104,65,20,51,1,1,1
1730,3,257,62,22,61,1,1,1
1731,2,104,65,20,51,1,1,1
1731,3,257,62,22,61,1,1,1
1732,2,104,65,20,51,1,1,1
1732,3,257,62,22,61,1,1,1
1733,2,104,65,20,51,1,1,1
1733,3,256,62,22,61,1,1,1
1734,2,104,65,19,51,1,1,1
1734,3,256,62,22,60,1,1,1
1735,2,104,65,19,51,1,1,1
1735,3,255,62,22,60,1,1,1
1736,2,104,65,19,51,1,1,1
1736,3,255,62,22,60,1,1,1
1737,2,104,65,19,51,1,1,1
1737,3,255,62,21,60,1,1,1
1738,2,103,65,20,50,1,1,1
1738,3,254,62,22,60,1,1,1
1739,2,103,65,20,50,1,1,1
1739,3,254,62,21,60,1,1,1
1740,2,103,65,19,50,1,1,1
1740,3,253,62,22,60,1,1,1
1741,2,103,65,19,50,1,1,1
1741,3,253,62,22,59,1,1,1
1742,2,103,65,19,50,1,1,1
1742,3,253,62,21,59,1,1,1
1743,2,103,65,19,50,1,1,1
1743,3,252,62,22,59,1,1,1
1744,2,103,65,19,50,1,1,1
1744,3,252,62,21,59,1,1,1
1745,2,103,65,19,50,1,1,1
1745,3,251,62,22,59,1,1,1
1746,2,102,65,19,49,1,1,1
1746,3,251,62,21,59,1,1,1
1747,2,102,65,19,49,1,1,1
1747,3,251,62,21,58,1,1,1
1748,2,102,65,19,49,1,1,1
1748,3,250,62,21,58,1,1,1
1749,2,102,65,19,49,1,1,1
1749,3,250,62,21,58,1,1,1
1750,2,102,64,19,50,1,1,1
1750,3,250,62,21,58,1,1,1
1751,2,102,64,19,50,1,1,1
1751,3,249,61,21,59,1,1,1
1752,2,102,64,19,50,1,1,1
1752,3,249,61,21,59,1,1,1
1753,2,101,64,19,49,1,1,1
1753,3,248,61,21,59,1,1,1
1754,2,101,64,19,49,1,1,1
1754,3,248,61,21,58,1,1,1
1755,2,101,64,19,49,1,1,1
1755,3,248,61,20,58,1,1,1
1756,2,101,64,19,49,1,1,1
1756,3,247,61,21,58,1,1,1
1757,2,101,64,19,49,1,1,1
1757,3,247,61,20,58,1,1,1
1758,2,101,64,19,49,1,1,1
1758,3,246,61,21,58,1,1,1
1759,2,101,64,18,49,1,1,1
1759,3,246,61,21,58,1,1,1
1760,2,101,64,18,49,1,1,1
1760,3,246,61,20,57,1,1,1
1761,2,100,64,19,48,1,1,1
1761,3,245,61,21,57,1,1,1
1762,2,100,64,19,48,1,1,1
1762,3,245,61,20,57,1,1,1
1763,2,100,64,19,48,1,1,1
1763,3,244,61,21,57,1,1,1
1764,2,100,64,19,48,1,1,1
1764,3,244,61,20,57,1,1,1
1765,2,100,64,18,48,1,1,1
1765,3,244,61,20,57,1,1,1
1766,2,100,64,18,48,1,1,1
1766,3,243,61,20,57,1,1,1
1767,2,100,64,18,48,1,1,1
1767,3,243,61,20,56,1,1,1
1768,2,100,64,18,48,1,1,1
1768,3,243,61,20,56,1,1,1
1769,2,99,64,19,47,1,1,1
1769,3,242,61,20,56,1,1,1
1770,2,99,64,19,47,1,1,1
1770,3,242,61,20,56,1,1,1
1771,2,99,64,19,47,1,1,1
1771,3,241,61,20,56,1,1,1
1772,2,99,64,18,47,1,1,1
1772,3,241,61,20,56,1,1,1
1773,2,99,64,18,47,1,1,1
1773,3,241,61,19,55,1,1,1
1774,2,99,64,18,47,1,1,1
1774,3,240,61,20,55,1,1,1
1775,2,99,64,18,47,1,1,1
1775,3,240,61,19,55,1,1,1
1776,2,99,64,18,47,1,1,1
1776,3,239,61,20,55,1,1,1
1777,2,98,64,19,46,1,1,1
1777,3,239,61,20,55,1,1,1
1778,2,98,64,18,46,1,1,1
1778,3,239,61,19,55,1,1,1
1779,2,98,64,18,46,1,1,1
1779,3,238,61,20,55,1,1,1
1780,2,98,64,18,46,1,1,1
1780,3,238,61,19,54,1,1,1
1781,2,98,64,18,46,1,1,1
1781,3,237,61,20,54,1,1,1
1782,2,98,64,18,46,1,1,1
1782,3,237,61,19,54,1,1,1
1783,2,98,64,18,46,1,1,1
1783,3,237,61,19,54,1,1,1
1784,2,98,64,18,46,1,1,1
1784,3,236,61,19,54,1,1,1
1785,2,97,63,18,46,1,1,1
1785,3,236,61,19,54,1,1,1
1786,2,97,63,18,46,1,1,1
1786,3,236,61,19,54,1,1,1
1787,2,97,63,18,46,1,1,1
1787,3,235,60,19,54,1,1,1
1788,2,97,63,18,46,1,1,1
1788,3,234,60,19,54,1,1,1
1789,2,97,63,18,46,1,1,1
1789,3,234,60,19,54,1,1,1
1790,2,97,63,18,46,1,1,1
1790,3,233,60,19,54,1,1,1
1791,2,97,63,17,46,1,1,1
1791,3,233,60,18,54,1,1,1
1792,2,96,63,18,46,1,1,1
1792,3,232,60,19,54,1,1,1
1793,2,96,63,18,46,1,1,1
1793,3,231,60,19,53,1,1,1
1794,2,96,63,18,46,1,1,1
1794,3,231,60,19,53,1,1,1
1795,2,96,63,18,46,1,1,1
1795,3,230,60,19,53,1,1,1
1796,2,96,63,18,46,1,1,1
1796,3,230,60,18,53,1,1,1
1797,2,96,63,17,45,1,1,1
1797,3,229,60,19,53,1,1,1
1798,2,96,63,17,45,1,1,1
1798,3,228,60,19,53,1,1,1
1799,2,95,63,18,45,1,1,1
1799,3,228,60,18,52,1,1,1
1800,2,95,63,18,45,1,1,1
1800,3,227,60,19,52,1,1,1
1801,2,95,63,18,45,1,1,1
1801,3,227,60,18,52,1,1,1
1802,2,95,63,18,45,1,1,1
1802,3,226,60,19,52,1,1,1
1803,2,95,63,17,45,1,1,1
1803,3,225,59,19,53,1,1,1
1804,2,95,63,17,45,1,1,1
1804,3,225,59,18,53,1,1,1
1805,2,95,63,17,45,1,1,1
1805,3,224,59,19,52,1,1,1
1806,2,94,63,18,45,1,1,1
1806,3,224,59,18,52,1,1,1
1807,2,94,63,18,45,1,1,1
1807,3,223,59,18,52,1,1,1
1808,2,94,63,18,45,1,1,1
1808,3,222,59,19,52,1,1,1
1809,2,94,63,17,44,1,1,1
1809,3,222,59,18,52,1,1,1
1810,2,94,63,17,44,1,1,1
1810,3,221,59,19,52,1,1,1
1811,2,94,63,17,44,1,1,1
1811,3,221,59,18,52,1,1,1
1812,2,94,63,17,44,1,1,1
1812,3,220,59,18,51,1,1,1
1813,2,93,63,18,44,1,1,1
1813,3,219,59,19,51,1,1,1
1814,2,93,63,18,44,1,1,1
1814,3,219,59,18,51,1,1,1
1815,2,93,63,17,44,1,1,1
1815,3,218,59,19,51,1,1,1
1816,2,93,63,17,44,1,1,1
1816,3,218,59,18,51,1,1,1
1817,2,93,63,17,44,1,1,1
1817,3,217,59,18,51,1,1,1
1818,2,93,63,17,44,1,1,1
1818,3,216,59,19,50,1,1,1
1819,2,93,63,17,44,1,1,1
1819,3,216,59,18,50,1,1,1
1820,2,92,63,18,44,1,1,1
1820,3,215,58,18,51,1,1,1
1821,2,92,63,17,43,1,1,1
1821,3,215,58,18,51,1,1,1
1822,2,92,63,17,43,1,1,1
1822,3,214,58,18,51,1,1,1
1823,2,92,63,17,43,1,1,1
1823,3,213,58,19,51,1,1,1
1824,2,92,63,17,43,1,1,1
1824,3,213,58,18,50,1,1,1
1825,2,92,63,17,43,1,1,1
1825,3,212,58,18,50,1,1,1
1826,2,92,63,17,43,1,1,1
1826,3,212,58,18,50,1,1,1
1827,2,91,62,17,44,1,1,1
1827,3,211,58,18,50,1,1,1
1828,2,91,62,17,44,1,1,1
1828,3,210,58,18,50,1,1,1
1829,2,91,62,17,44,1,1,1
1829,3,210,58,18,50,1,1,1
1830,2,91,62,17,44,1,1,1
1830,3,209,58,18,49,1,1,1
1831,2,91,62,17,44,1,1,1
1831,3,209,58,18,49,1,1,1
1832,2,91,62,17,44,1,1,1
1832,3,208,58,18,49,1,1,1
1833,2,91,62,16,43,1,1,1
1833,3,207,58,18,49,1,1,1
1834,2,90,62,17,43,1,1,1
1834,3,207,58,18,49,1,1,1
1835,2,90,62,17,43,1,1,1
1835,3,206,58,18,49,1,1,1
1836,2,90,62,17,43,1,1,1
1836,3,206,58,18,49,1,1,1
1837,2,90,62,17,43,1,1,1
1837,3,205,57,18,49,1,1,1
1838,2,90,62,17,43,1,1,1
1838,3,205,57,18,49,1,1,1
1839,2,90,62,16,43,1,1,1
1839,3,204,57,18,49,1,1,1
1840,2,90,62,16,43,1,1,1
1840,3,204,57,18,49,1,1,1
1841,2,89,62,17,43,1,1,1
1841,3,203,57,18,49,1,1,1
1842,2,89,62,17,43,1,1,1
1842,3,203,57,18,49,1,1,1
1843,2,89,62,17,43,1,1,1
1843,3,203,57,17,49,1,1,1
1844,2,89,62,17,43,1,1,1
1844,3,202,57,18,49,1,1,1
1845,2,89,62,16,42,1,1,1
1845,3,202,57,18,49,1,1,1
1846,2,89,62,16,42,1,1,1
1846,3,201,57,18,49,1,1,1
1847,2,89,62,16,42,1,1,1
1847,3,201,57,18,49,1,1,1
1848,2,88,62,17,42,1,1,1
1848,3,200,57,18,49,1,1,1
1849,2,88,62,17,42,1,1,1
1849,3,200,57,18,49,1,1,1
1850,2,88,62,17,42,1,1,1
1850,3,200,57,17,48,1,1,1
1851,2,88,62,16,42,1,1,1
1851,3,199,57,18,48,1,1,1
1852,2,88,62,16,42,1,1,1
1852,3,199,57,18,48,1,1,1
1853,2,88,62,16,42,1,1,1
1853,3,198,57,18,48,1,1,1
1854,2,88,62,16,42,1,1,1
1854,3,198,57,18,48,1,1,1
1855,2,87,62,17,42,1,1,1
1855,3,198,57,17,48,1,1,1
1856,2,87,62,17,42,1,1,1
1856,3,197,57,18,48,1,1,1
1857,2,87,62,16,41,1,1,1
1857,3,197,57,17,48,1,1,1
1858,2,87,62,16,41,1,1,1
1858,3,196,57,18,48,1,1,1
1859,2,87,62,16,41,1,1,1
1859,3,196,57,18,48,1,1,1
1860,2,87,62,16,41,1,1,1
1860,3,195,57,18,48,1,1,1
1861,2,87,62,16,41,1,1,1
1861,3,195,57,18,48,1,1,1
1862,2,86,62,17,41,1,1,1
1862,3,195,57,17,48,1,1,1
1863,2,86,62,16,41,1,1,1
1863,3,194,57,18,48,1,1,1
1864,2,86,62,16,41,1,1,1
1864,3,194,57,17,47,1,1,1
1865,2,86,62,16,41,1,1,1
1865,3,193,57,18,47,1,1,1
1866,2,86,62,16,41,1,1,1
1866,3,193,57,18,47,1,1,1
1867,2,86,62,16,41,1,1,1
1867,3,193,57,17,47,1,1,1
1868,2,86,62,16,41,1,1,1
1868,3,192,57,18,47,1,1,1
1869,2,86,62,16,41,1,1,1
1869,3,192,57,17,47,1,1,1
1870,2,85,61,16,41,1,1,1
1870,3,191,57,18,47,1,1,1
1871,2,85,61,16,41,1,1,1
1871,3,191,57,17,47,1,1,1
1872,2,85,61,16,41,1,1,1
1872,3,190,57,18,47,1,1,1
1873,2,85,61,16,41,1,1,1
1873,3,190,57,18,47,1,1,1
1874,2,85,61,16,41,1,1,1
1874,3,190,57,17,47,1,1,1
1875,2,85,61,16,41,1,1,1
1875,3,189,57,18,47,1,1,1
1876,2,85,61,16,41,1,1,1
1876,3,189,57,17,47,1,1,1
1877,2,85,61,16,41,1,1,1
1877,3,188,57,18,47,1,1,1
1878,2,85,61,16,41,1,1,1
1878,3,188,57,17,46,1,1,1
1879,2,85,61,15,41,1,1,1
1879,3,187,57,18,46,1,1,1
1880,2,85,61,15,41,1,1,1
1880,3,187,57,18,46,1,1,1
1881,2,85,61,15,41,1,1,1
1881,3,187,57,17,46,1,1,1
1882,2,85,61,15,41,1,1,1
1882,3,186,57,18,46,1,1,1
1883,2,85,61,15,41,1,1,1
1883,3,186,57,17,46,1,1,1
1884,2,84,61,16,40,1,1,1
1884,3,185,57,18,46,1,1,1
1885,2,84,61,16,40,1,1,1
1885,3,185,57,17,46,1,1,1
1886,2,84,61,16,40,1,1,1
1886,3,185,57,17,46,1,1,1
1887,2,84,61,16,40,1,1,1
1887,3,184,57,18,46,1,1,1
1888,2,84,61,16,40,1,1,1
1888,3,184,57,17,46,1,1,1
1889,2,84,61,15,40,1,1,1
1889,3,183,57,18,46,1,1,1
1890,2,84,61,15,40,1,1,1
1890,3,183,57,17,46,1,1,1
1891,2,84,61,15,40,1,1,1
1891,3,182,57,18,46,1,1,1
1892,2,84,61,15,40,1,1,1
1892,3,182,57,17,45,1,1,1
1893,2,84,61,15,40,1,1,1
1893,3,182,57,17,45,1,1,1
1894,2,84,61,15,40,1,1,1
1894,3,181,57,18,45,1,1,1
1895,2,84,61,15,40,1,1,1
1895,3,181,57,17,45,1,1,1
1896,2,84,61,15,40,1,1,1
1896,3,180,57,18,45,1,1,1
1897,2,84,61,15,40,1,1,1
1897,3,180,57,17,45,1,1,1
1898,2,84,61,15,40,1,1,1
1898,3,180,57,17,45,1,1,1
1899,2,83,61,15,39,1,1,1
1899,3,179,57,17,45,1,1,1
1900,1,42,61,14,34,1,1,1
1900,2,83,61,15,39,1,1,1
1900,3,179,57,17,45,1,1,1
1901,1,42,60,14,35,1,1,1
1901,2,83,61,15,39,1,1,1
1901,3,178,57,18,45,1,1,1
1902,1,42,60,14,35,1,1,1
1902,2,83,61,15,39,1,1,1
1902,3,178,57,17,45,1,1,1
1903,1,43,60,14,35,1,1,1
1903,2,83,61,15,39,1,1,1
1903,3,177,57,18,45,1,1,1
1904,1,43,60,14,35,1,1,1
1904,2,83,61,15,39,1,1,1
1904,3,177,57,17,45,1,1,1
1905,1,43,60,14,35,1,1,1
1905,2,83,61,15,39,1,1,1
1905,3,177,57,17,44,1,1,1
1906,1,44,60,14,35,1,1,1
1906,2,83,61,15,39,1,1,1
1906,3,176,57,17,44,1,1,1
1907,1,44,60,14,35,1,1,1
1907,2,83,61,15,39,1,1,1
1907,3,176,57,17,44,1,1,1
1908,1,44,60,14,35,1,1,1
1908,2,83,61,14,39,1,1,1
1908,3,175,57,18,44,1,1,1
1909,1,45,60,14,35,1,1,1
1909,2,83,61,14,39,1,1,1
1909,3,175,57,17,44,1,1,1
1910,1,45,60,14,35,1,1,1
1910,2,83,61,14,39,1,1,1
1910,3,174,57,18,44,1,1,1
1911,1,46,60,14,36,1,1,1
1911,2,83,61,14,39,1,1,1
1911,3,174,57,17,44,1,1,1
1912,1,46,60,14,36,1,1,1
1912,2,83,61,14,39,1,1,1
1912,3,174,57,17,44,1,1,1
1913,1,46,60,14,36,1,1,1
1913,2,82,61,15,38,1,1,1
1913,3,173,57,17,44,1,1,1
1914,1,47,60,14,36,1,1,1
1914,2,82,61,15,38,1,1,1
1914,3,173,57,17,44,1,1,1
1915,1,47,60,14,36,1,1,1
1915,2,82,61,15,38,1,1,1
1915,3,172,57,18,44,1,1,1
1916,1,47,60,14,36,1,1,1
1916,2,82,61,15,38,1,1,1
1916,3,172,57,17,44,1,1,1
1917,1,48,60,14,36,1,1,1
1917,2,82,61,15,38,1,1,1
1917,3,172,57,17,44,1,1,1
1918,1,48,60,14,36,1,1,1
1918,2,82,61,14,38,1,1,1
1918,3,171,57,17,44,1,1,1
1918,4,291,128,68,158,1,1,1
1919,1,48,60,14,36,1,1,1
1919,2,82,61,14,38,1,1,1
1919,3,171,57,17,43,1,1,1
1919,4,288,127,68,158,1,1,1
1920,1,49,60,14,36,1,1,1
1920,2,82,61,14,38,1,1,1
1920,3,170,57,17,43,1,1,1
1920,4,286,126,67,158,1,1,1
1921,1,49,60,14,36,1,1,1
1921,2,82,61,14,38,1,1,1
1921,3,170,57,17,43,1,1,1
1921,4,284,125,67,158,1,1,1
1922,1,50,60,14,37,1,1,1
1922,2,82,61,14,38,1,1,1
1922,3,169,57,18,43,1,1,1
1922,4,281,124,67,158,1,1,1
1923,1,50,60,14,37,1,1,1
1923,2,82,61,14,38,1,1,1
1923,3,169,57,17,43,1,1,1
1923,4,279,123,66,159,1,1,1
1924,1,50,60,14,37,1,1,1
1924,2,82,61,14,38,1,1,1
1924,3,169,57,17,43,1,1,1
1924,4,277,122,66,159,1,1,1
1925,1,50,60,14,37,1,1,1
1925,2,82,61,14,38,1,1,1
1925,3,168,57,17,43,1,1,1
1925,4,274,121,66,159,1,1,1
1926,1,50,60,15,37,1,1,1
1926,2,82,61,14,38,1,1,1
1926,3,168,57,17,43,1,1,1
1926,4,272,121,66,158,1,1,1
1927,1,51,60,14,37,1,1,1
1927,2,82,61,14,38,1,1,1
1927,3,167,57,17,43,1,1,1
1927,4,270,120,65,158,1,1,1
1928,1,51,60,14,37,1,1,1
1928,2,81,61,14,37,1,1,1
1928,3,167,57,17,43,1,1,1
1928,4,267,119,65,159,1,1,1
1929,1,51,60,14,37,1,1,1
1929,2,81,61,14,37,1,1,1
1929,3,167,57,16,43,1,1,1
1929,4,265,118,65,159,1,1,1
1930,1,51,60,15,37,1,1,1
1930,2,81,61,14,37,1,1,1
1930,3,166,57,17,43,1,1,1
1930,4,263,117,64,159,1,1,1
1931,1,52,60,14,37,1,1,1
1931,2,81,61,14,37,1,1,1
1931,3,166,57,17,43,1,1,1
1931,4,260,116,64,159,1,1,1
1932,1,52,60,14,37,1,1,1
1932,2,81,61,14,37,1,1,1
1932,3,165,57,17,43,1,1,1
1932,4,258,115,64,159,1,1,1
1933,1,52,60,15,38,1,1,1
1933,2,81,61,14,37,1,1,1
1933,3,165,57,17,42,1,1,1
1933,4,256,114,63,160,1,1,1
1934,1,52,60,15,38,1,1,1
1934,2,81,61,14,37,1,1,1
1934,3,164,57,17,42,1,1,1
1934,4,253,114,64,159,1,1,1
1935,1,53,60,14,38,1,1,1
1935,2,81,61,14,37,1,1,1
1935,3,164,57,17,42,1,1,1
1935,4,251,113,63,159,1,1,1
1936,1,53,60,14,38,1,1,1
1936,2,81,61,14,37,1,1,1
1936,3,164,57,16,42,1,1,1
1936,4,249,112,62,159,1,1,1
1937,1,53,60,15,38,1,1,1
1937,2,81,61,13,37,1,1,1
1937,3,163,57,17,42,1,1,1
1937,4,246,111,63,159,1,1,1
1938,1,53,60,15,38,1,1,1
1938,2,81,61,13,37,1,1,1
1938,3,163,57,17,42,1,1,1
1938,4,244,110,62,160,1,1,1
1939,1,54,60,14,38,1,1,1
1939,2,81,61,13,37,1,1,1
1939,3,162,57,17,42,1,1,1
1939,4,242,109,61,160,1,1,1
1940,1,54,60,14,38,1,1,1
1940,2,81,61,13,37,1,1,1
1940,3,162,57,17,42,1,1,1
1940,4,239,108,62,160,1,1,1
1941,1,54,60,15,38,1,1,1
1941,2,81,61,13,37,1,1,1
1941,3,162,57,16,42,1,1,1
1941,4,237,107,61,160,1,1,1
1942,1,54,60,15,38,1,1,1
1942,2,80,61,14,36,1,1,1
1942,3,161,57,17,42,1,1,1
1942,4,235,107,61,160,1,1,1
1943,1,55,60,14,38,1,1,1
1943,2,80,61,14,36,1,1,1
1943,3,161,57,16,42,1,1,1
1943,4,233,106,61,159,1,1,1
1944,1,55,60,15,39,1,1,1
1944,2,80,61,14,36,1,1,1
1944,3,160,57,17,42,1,1,1
1944,4,231,105,61,158,1,1,1
1945,1,55,60,15,39,1,1,1
1945,2,80,61,14,36,1,1,1
1945,3,160,57,17,42,1,1,1
1945,4,230,105,60,157,1,1,1
1946,1,55,60,15,39,1,1,1
1946,2,80,61,14,36,1,1,1
1946,3,159,57,17,42,1,1,1
1946,4,228,104,60,156,1,1,1
1947,1,56,60,14,39,1,1,1
1947,2,80,61,13,36,1,1,1
1947,3,159,57,17,41,1,1,1
1947,4,226,104,60,154,1,1,1
1948,1,56,60,15,39,1,1,1
1948,2,80,61,13,36,1,1,1
1948,3,159,57,16,41,1,1,1
1948,4,225,103,59,154,1,1,1
1949,1,56,60,15,39,1,1,1
1949,2,80,61,13,36,1,1,1
1949,3,158,57,17,41,1,1,1
1949,4,223,103,59,152,1,1,1
1950,1,56,60,15,39,1,1,1
1950,2,80,61,13,36,1,1,1
1950,3,158,57,16,41,1,1,1
1950,4,221,102,59,151,1,1,1
1951,1,57,60,14,39,1,1,1
1951,2,80,61,13,36,1,1,1
1951,3,157,57,17,41,1,1,1
1951,4,220,102,59,150,1,1,1
1952,1,57,60,15,39,1,1,1
1952,2,80,61,13,36,1,1,1
1952,3,157,57,17,41,1,1,1
1952,4,218,101,59,149,1,1,1
1953,1,57,60,15,39,1,1,1
1953,2,80,61,13,36,1,1,1
1953,3,156,57,17,41,1,1,1
1953,4,217,101,58,147,1,1,1
1954,1,57,60,15,39,1,1,1
1954,2,80,61,13,36,1,1,1
1954,3,156,57,17,41,1,1,1
1954,4,216,100,57,147,1,1,1
1955,1,58,60,15,40,1,1,1
1955,2,80,61,13,36,1,1,1
1955,3,156,57,16,41,1,1,1
1955,4,215,100,56,145,1,1,1
1956,1,58,60,15,40,1,1,1
1956,2,80,61,13,36,1,1,1
1956,3,155,57,17,41,1,1,1
1956,4,213,99,56,145,1,1,1
1957,1,58,60,15,40,1,1,1
1957,2,79,61,13,35,1,1,1
1957,3,155,57,16,41,1,1,1
1957,4,212,99,56,143,1,1,1
1958,1,58,60,15,40,1,1,1
1958,2,79,61,13,35,1,1,1
1958,3,154,57,17,41,1,1,1
1958,4,211,99,55,142,1,1,1
1959,1,58,60,15,40,1,1,1
1959,2,79,61,13,35,1,1,1
1959,3,154,57,17,41,1,1,1
1959,4,210,98,54,141,1,1,1
1960,1,58,60,15,40,1,1,1
1960,2,78,61,13,35,1,1,1
1960,3,154,57,16,40,1,1,1
1960,4,208,98,54,140,1,1,1
1961,1,58,60,15,40,1,1,1
1961,2,78,61,13,35,1,1,1
1961,3,153,57,17,40,1,1,1
1961,4,207,97,53,139,1,1,1
1962,1,58,60,15,40,1,1,1
1962,2,78,61,13,35,1,1,1
1962,3,153,57,16,40,1,1,1
1962,4,206,97,53,137,1,1,1
1963,1,58,60,15,40,1,1,1
1963,2,77,61,13,35,1,1,1
1963,3,152,57,17,40,1,1,1
1963,4,205,96,52,137,1,1,1
1964,1,58,60,15,40,1,1,1
1964,2,77,61,13,35,1,1,1
1964,3,152,57,16,40,1,1,1
1964,4,203,96,52,135,1,1,1
1965,1,58,60,16,40,1,1,1
1965,2,77,61,13,35,1,1,1
1965,3,151,57,17,40,1,1,1
1965,4,202,96,51,134,1,1,1
1966,1,58,60,16,40,1,1,1
1966,2,76,61,13,35,1,1,1
1966,3,151,57,17,40,1,1,1
1966,4,201,95,50,133,1,1,1
1967,1,58,60,16,41,1,1,1
1967,2,76,61,13,35,1,1,1
1967,3,151,57,16,40,1,1,1
1967,4,200,95,50,132,1,1,1
1968,1,59,60,15,41,1,1,1
1968,2,76,61,13,35,1,1,1
1968,3,150,57,17,40,1,1,1
1968,4,198,94,50,131,1,1,1
1969,1,59,60,15,41,1,1,1
1969,2,75,61,13,35,1,1,1
1969,3,150,57,16,40,1,1,1
1969,4,197,94,49,130,1,1,1
1970,1,59,60,15,41,1,1,1
1970,2,75,61,13,35,1,1,1
1970,3,149,57,17,40,1,1,1
1970,4,196,93,48,129,1,1,1
1971,1,59,60,15,41,1,1,1
1971,2,75,61,13,35,1,1,1
1971,3,149,57,16,40,1,1,1
1971,4,195,93,47,128,1,1,1
1972,1,59,60,15,41,1,1,1
1972,2,74,61,14,35,1,1,1
1972,3,149,57,16,40,1,1,1
1972,4,194,93,47,126,1,1,1
1973,1,59,60,15,41,1,1,1
1973,2,74,61,13,35,1,1,1
1973,3,148,57,17,40,1,1,1
1973,4,192,92,47,125,1,1,1
1974,1,59,60,16,41,1,1,1
1974,2,74,61,13,35,1,1,1
1974,3,148,57,16,39,1,1,1
1974,4,191,92,46,124,1,1,1
1975,1,59,60,16,41,1,1,1
1975,2,73,61,14,35,1,1,1
1975,3,147,57,17,39,1,1,1
1975,4,190,91,45,123,1,1,1
1976,1,59,60,16,41,1,1,1
1976,2,73,61,13,35,1,1,1
1976,3,147,57,16,39,1,1,1
1976,4,189,91,44,122,1,1,1
1977,1,59,60,16,41,1,1,1
1977,2,73,61,13,35,1,1,1
1977,3,146,57,17,39,1,1,1
1977,4,187,90,44,121,1,1,1
1978,1,59,60,16,42,1,1,1
1978,2,72,61,14,35,1,1,1
1978,3,146,57,16,39,1,1,1
1978,4,186,90,44,120,1,1,1
1979,1,59,60,16,42,1,1,1
1979,2,72,61,13,35,1,1,1
1979,3,146,57,16,39,1,1,1
1979,4,185,90,43,118,1,1,1
1980,1,59,60,16,42,1,1,1
1980,2,72,61,13,35,1,1,1
1980,3,145,57,17,39,1,1,1
1980,4,184,89,42,118,1,1,1
1981,1,60,60,15,42,1,1,1
1981,2,71,61,14,35,1,1,1
1981,3,145,57,16,39,1,1,1
1981,4,182,89,42,116,1,1,1
1982,1,60,60,15,42,1,1,1
1982,2,71,61,13,35,1,1,1
1982,3,144,57,17,39,1,1,1
1982,4,181,88,41,116,1,1,1
1983,1,60,60,16,42,1,1,1
1983,2,71,61,13,35,1,1,1
1983,3,144,57,16,39,1,1,1
1983,4,180,88,41,114,1,1,1
1984,1,60,60,16,42,1,1,1
1984,2,70,61,14,35,1,1,1
1984,3,143,57,17,39,1,1,1
1984,4,179,87,40,113,1,1,1
1985,1,60,60,16,42,1,1,1
1985,2,70,61,13,35,1,1,1
1985,3,143,57,16,39,1,1,1
1985,4,177,87,40,112,1,1,1
1986,1,60,60,16,42,1,1,1
1986,2,70,61,13,35,1,1,1
1986,3,143,57,16,39,1,1,1
1986,4,176,87,39,110,1,1,1
1987,1,60,60,16,42,1,1,1
1987,2,69,61,14,35,1,1,1
1987,3,142,57,17,39,1,1,1
1987,4,175,86,38,110,1,1,1
1988,1,60,60,16,42,1,1,1
1988,2,69,61,14,35,1,1,1
1988,3,142,57,16,38,1,1,1
1988,4,174,86,38,108,1,1,1
1989,1,60,60,16,42,1,1,1
1989,2,69,61,13,35,1,1,1
1989,3,141,57,17,38,1,1,1
1989,4,172,85,38,108,1,1,1
1990,1,60,60,16,43,1,1,1
1990,2,68,61,14,35,1,1,1
1990,3,141,57,16,38,1,1,1
1990,4,171,85,37,106,1,1,1
1991,1,60,60,16,43,1,1,1
1991,2,68,61,14,35,1,1,1
1991,3,141,57,16,38,1,1,1
1991,4,170,84,36,106,1,1,1
1992,1,60,60,17,43,1,1,1
1992,2,68,61,13,35,1,1,1
1992,3,140,57,16,38,1,1,1
1992,4,169,84,35,104,1,1,1
1993,1,60,60,17,43,1,1,1
1993,2,67,61,14,35,1,1,1
1993,3,140,57,16,38,1,1,1
1993,4,168,84,35,103,1,1,1
1994,1,61,60,16,43,1,1,1
1994,2,67,61,14,35,1,1,1
1994,3,139,57,17,38,1,1,1
1994,4,167,83,35,103,1,1,1
1995,1,61,60,16,43,1,1,1
1995,2,67,61,13,35,1,1,1
1995,3,139,57,16,38,1,1,1
1995,4,166,83,35,102,1,1,1
1996,1,61,60,16,43,1,1,1
1996,2,67,61,13,35,1,1,1
1996,3,138,57,17,38,1,1,1
1996,4,166,83,34,101,1,1,1
1997,1,61,60,16,43,1,1,1
1997,2,66,61,14,34,1,1,1
1997,3,138,57,16,38,1,1,1
1997,4,165,83,34,100,1,1,1
1998,1,61,60,16,43,1,1,1
1998,2,66,61,13,34,1,1,1
1998,3,138,57,16,38,1,1,1
1998,4,164,83,35,100,1,1,1
1999,1,61,60,16,43,1,1,1
1999,2,66,61,13,34,1,1,1
1999,3,137,57,16,38,1,1,1
1999,4,164,82,34,100,1,1,1
2000,1,61,60,16,43,1,1,1
2000,2,65,61,14,34,1,1,1
2000,3,137,57,16,38,1,1,1
2000,4,163,82,34,99,1,1,1
2001,1,61,61,17,43,1,1,1
2001,2,65,61,13,34,1,1,1
2001,3,136,57,17,38,1,1,1
2001,4,162,82,34,98,1,1,1
2002,1,61,61,17,43,1,1,1
2002,2,65,61,13,34,1,1,1
2002,3,136,57,16,37,1,1,1
2002,4,162,82,34,98,1,1,1
2003,1,61,61,17,43,1,1,1
2003,2,64,61,14,34,1,1,1
2003,3,136,57,16,37,1,1,1
2003,4,161,82,34,97,1,1,1
2004,1,61,61,17,43,1,1,1
2004,2,64,61,14,34,1,1,1
2004,3,135,57,16,37,1,1,1
2004,4,160,82,34,96,1,1,1
2005,1,61,61,17,43,1,1,1
2005,2,64,61,13,34,1,1,1
2005,3,135,57,16,37,1,1,1
2005,4,160,81,33,96,1,1,1
2006,1,61,61,17,43,1,1,1
2006,2,63,61,14,34,1,1,1
2006,3,134,57,16,37,1,1,1
2006,4,159,81,33,95,1,1,1
2007,1,62,61,16,43,1,1,1
2007,2,63,61,14,34,1,1,1
2007,3,134,57,16,37,1,1,1
2007,4,158,81,34,95,1,1,1
2008,1,62,61,16,43,1,1,1
2008,2,63,61,13,34,1,1,1
2008,3,133,57,17,37,1,1,1
2008,4,158,81,33,94,1,1,1
2009,1,62,61,16,43,1,1,1
2009,2,62,61,14,34,1,1,1
2009,3,133,57,16,37,1,1,1
2009,4,157,81,33,93,1,1,1
2010,1,62,61,17,43,1,1,1
2010,2,62,61,14,34,1,1,1
2010,3,133,57,16,37,1,1,1
2010,4,157,80,32,93,1,1,1
2011,1,62,61,17,43,1,1,1
2011,2,62,61,13,34,1,1,1
2011,3,132,57,16,37,1,1,1
2011,4,156,80,33,93,1,1,1
2012,1,62,61,17,44,1,1,1
2012,2,61,61,14,34,1,1,1
2012,3,132,57,16,37,1,1,1
2012,4,155,80,33,92,1,1,1
2013,1,62,61,17,44,1,1,1
2013,2,61,61,14,34,1,1,1
2013,3,131,57,16,37,1,1,1
2013,4,155,80,32,91,1,1,1
2014,1,62,61,17,44,1,1,1
2014,2,61,61,13,34,1,1,1
2014,3,131,57,16,37,1,1,1
2014,4,154,80,32,90,1,1,1
2015,1,62,61,17,44,1,1,1
2015,2,60,61,14,34,1,1,1
2015,3,131,57,16,37,1,1,1
2015,4,153,80,32,89,1,1,1
2016,1,62,61,17,44,1,1,1
2016,2,60,61,14,34,1,1,1
2016,3,130,57,16,37,1,1,1
2016,4,153,79,32,90,1,1,1
2017,1,62,61,17,44,1,1,1
2017,2,60,61,13,34,1,1,1
2017,3,130,57,16,37,1,1,1
2017,4,152,79,32,89,1,1,1
2018,1,62,61,17,44,1,1,1
2018,2,59,61,14,34,1,1,1
2018,3,129,57,16,37,1,1,1
2018,4,151,79,32,88,1,1,1
2019,1,62,61,18,44,1,1,1
2019,2,59,61,14,34,1,1,1
2019,3,129,57,16,37,1,1,1
2019,4,151,79,31,87,1,1,1
2020,1,63,61,17,44,1,1,1
2020,2,59,61,14,34,1,1,1
2020,3,128,57,16,37,1,1,1
2020,4,150,79,32,87,1,1,1
2021,1,63,61,17,44,1,1,1
2021,2,58,61,14,34,1,1,1
2021,3,128,57,16,37,1,1,1
2021,4,149,79,32,86,1,1,1
2022,1,63,61,17,44,1,1,1
2022,2,58,61,14,34,1,1,1
2022,3,127,57,16,37,1,1,1
2022,4,149,78,31,86,1,1,1
2023,1,63,61,17,44,1,1,1
2023,2,58,61,14,34,1,1,1
2023,3,127,57,16,37,1,1,1
2023,4,148,78,31,85,1,1,1
2024,1,63,61,17,45,1,1,1
2024,2,57,61,14,34,1,1,1
2024,3,126,57,16,37,1,1,1
2024,4,148,78,30,84,1,1,1
2025,1,63,61,17,45,1,1,1
2025,2,57,61,14,34,1,1,1
2025,3,126,57,16,37,1,1,1
2025,4,147,78,31,84,1,1,1
2026,1,63,61,17,45,1,1,1
2026,2,57,61,14,34,1,1,1
2026,3,125,57,16,37,1,1,1
2026,4,146,78,31,83,1,1,1
2027,1,63,61,17,45,1,1,1
2027,2,56,61,14,34,1,1,1
2027,3,125,57,16,37,1,1,1
2027,4,146,77,30,83,1,1,1
2028,1,63,61,18,45,1,1,1
2028,2,56,61,14,34,1,1,1
2028,3,124,57,16,37,1,1,1
2028,4,145,77,30,82,1,1,1
2029,1,63,61,18,45,1,1,1
2029,2,56,61,14,34,1,1,1
2029,3,124,57,16,37,1,1,1
2029,4,144,77,31,82,1,1,1
2030,1,63,61,18,45,1,1,1
2030,2,55,61,14,34,1,1,1
2030,3,123,57,16,37,1,1,1
2030,4,144,77,30,81,1,1,1
2031,1,63,61,18,45,1,1,1
2031,2,55,61,14,34,1,1,1
2031,3,123,57,16,37,1,1,1
2031,4,143,77,30,80,1,1,1
2032,1,63,61,18,45,1,1,1
2032,2,55,61,14,34,1,1,1
2032,3,122,57,16,37,1,1,1
2032,4,142,77,30,79,1,1,1
2032,5,332,76,27,56,1,1,1
2033,1,64,61,17,45,1,1,1
2033,2,54,61,14,34,1,1,1
2033,3,122,57,16,37,1,1,1
2033,4,142,76,29,79,1,1,1
2033,5,328,75,27,56,1,1,1
2034,1,64,61,17,45,1,1,1
2034,2,54,61,14,34,1,1,1
2034,3,121,57,16,37,1,1,1
2034,4,141,76,30,79,1,1,1
2034,5,325,75,26,55,1,1,1
2035,1,64,61,17,46,1,1,1
2035,2,54,61,14,34,1,1,1
2035,3,121,57,16,37,1,1,1
2035,4,140,76,30,78,1,1,1
2035,5,321,75,26,54,1,1,1
2036,1,64,61,17,46,1,1,1
2036,2,54,61,14,34,1,1,1
2036,3,121,57,16,37,1,1,1
2036,4,140,76,29,77,1,1,1
2036,5,318,74,26,54,1,1,1
2037,1,64,61,18,46,1,1,1
2037,2,53,61,14,34,1,1,1
2037,3,120,57,16,37,1,1,1
2037,4,139,76,29,76,1,1,1
2037,5,314,74,26,53,1,1,1
2038,1,64,61,18,46,1,1,1
2038,2,53,61,14,34,1,1,1
2038,3,120,57,16,37,1,1,1
2038,4,139,76,29,76,1,1,1
2038,5,311,74,25,52,1,1,1
2039,1,64,61,18,46,1,1,1
2039,2,53,61,14,34,1,1,1
2039,3,119,57,16,37,1,1,1
2039,4,138,75,29,76,1,1,1
2039,5,308,73,25,53,1,1,1
2040,1,64,61,18,46,1,1,1
2040,2,53,61,14,34,1,1,1
2040,3,119,57,16,37,1,1,1
2040,4,138,75,29,76,1,1,1
2040,5,304,73,25,52,1,1,1
2041,1,64,61,18,46,1,1,1
2041,2,52,61,15,34,1,1,1
2041,3,118,57,16,37,1,1,1
2041,4,137,75,29,75,1,1,1
2041,5,301,73,24,51,1,1,1
2042,1,64,61,18,46,1,1,1
2042,2,52,61,14,34,1,1,1
2042,3,118,57,16,37,1,1,1
2042,4,137,75,29,75,1,1,1
2042,5,297,72,25,51,1,1,1
2043,1,64,61,18,46,1,1,1
2043,2,52,61,14,34,1,1,1
2043,3,117,57,16,37,1,1,1
2043,4,137,75,28,75,1,1,1
2043,5,294,72,24,50,1,1,1
2044,1,64,61,18,46,1,1,1
2044,2,52,61,14,34,1,1,1
2044,3,117,57,16,37,1,1,1
2044,4,136,75,29,74,1,1,1
2044,5,290,72,24,49,1,1,1
2045,1,64,61,18,46,1,1,1
2045,2,52,61,14,34,1,1,1
2045,3,116,57,16,37,1,1,1
2045,4,136,75,28,74,1,1,1
2045,5,287,71,24,50,1,1,1
2046,1,65,62,18,46,1,1,1
2046,2,51,61,15,34,1,1,1
2046,3,116,57,16,37,1,1,1
2046,4,136,75,28,73,1,1,1
2046,5,284,71,23,49,1,1,1
2047,1,65,62,18,46,1,1,1
2047,2,51,61,14,34,1,1,1
2047,3,115,57,16,37,1,1,1
2047,4,135,75,28,73,1,1,1
2047,5,280,71,23,48,1,1,1
2048,1,65,62,18,46,1,1,1
2048,2,51,61,14,34,1,1,1
2048,3,115,57,16,37,1,1,1
2048,4,135,75,28,73,1,1,1
2048,5,277,70,23,48,1,1,1
2049,1,65,62,18,46,1,1,1
2049,2,51,61,14,34,1,1,1
2049,3,114,57,16,37,1,1,1
2049,4,135,75,27,72,1,1,1
2049,5,273,70,23,47,1,1,1
2050,1,65,62,18,46,1,1,1
2050,2,50,61,15,34,1,1,1
2050,3,114,57,16,37,1,1,1
2050,4,134,75,28,72,1,1,1
2050,5,270,70,22,46,1,1,1
2051,1,66,62,18,46,1,1,1
2051,2,50,61,15,34,1,1,1
2051,3,113,57,16,37,1,1,1
2051,4,134,74,27,72,1,1,1
2051,5,267,70,22,46,1,1,1
2052,1,66,62,18,47,1,1,1
2052,2,50,61,14,34,1,1,1
2052,3,113,57,16,37,1,1,1
2052,4,134,74,27,72,1,1,1
2052,5,264,69,22,46,1,1,1
2053,1,66,62,18,47,1,1,1
2053,2,50,61,14,34,1,1,1
2053,3,112,57,16,37,1,1,1
2053,4,133,74,27,72,1,1,1
2053,5,262,69,21,45,1,1,1
2054,1,66,62,18,47,1,1,1
2054,2,50,61,14,34,1,1,1
2054,3,112,57,16,37,1,1,1
2054,4,133,74,27,71,1,1,1
2054,5,259,69,22,44,1,1,1
2055,1,66,62,19,47,1,1,1
2055,2,49,61,15,34,1,1,1
2055,3,111,57,16,37,1,1,1
2055,4,132,74,27,71,1,1,1
2055,5,257,69,21,44,1,1,1
2056,1,67,62,18,47,1,1,1
2056,2,49,61,15,34,1,1,1
2056,3,111,57,16,37,1,1,1
2056,4,132,74,27,70,1,1,1
2056,5,254,68,21,44,1,1,1
2057,1,67,62,18,48,1,1,1
2057,2,49,61,14,34,1,1,1
2057,3,111,57,16,37,1,1,1
2057,4,132,74,26,70,1,1,1
2057,5,252,68,21,43,1,1,1
2058,1,67,62,18,48,1,1,1
2058,2,49,61,14,34,1,1,1
2058,3,110,57,16,37,1,1,1
2058,4,131,74,27,70,1,1,1
2058,5,249,68,21,43,1,1,1
2059,1,67,62,19,48,1,1,1
2059,2,49,61,14,34,1,1,1
2059,3,110,57,16,37,1,1,1
2059,4,131,74,26,69,1,1,1
2059,5,247,68,20,42,1,1,1
2060,1,67,62,19,48,1,1,1
2060,2,48,61,15,34,1,1,1
2060,3,109,57,16,37,1,1,1
2060,4,131,74,26,69,1,1,1
2060,5,244,67,21,42,1,1,1
2061,1,68,62,18,48,1,1,1
2061,2,48,61,15,34,1,1,1
2061,3,109,57,16,37,1,1,1
2061,4,130,74,26,68,1,1,1
2061,5,242,67,20,41,1,1,1
2062,1,68,62,18,49,1,1,1
2062,2,48,61,14,34,1,1,1
2062,3,108,57,16,37,1,1,1
2062,4,130,74,26,68,1,1,1
2062,5,239,67,20,41,1,1,1
2063,1,68,62,19,49,1,1,1
2063,2,48,61,14,34,1,1,1
2063,3,108,57,16,37,1,1,1
2063,4,130,73,25,69,1,1,1
2063,5,237,67,20,40,1,1,1
2064,1,68,62,19,49,1,1,1
2064,2,47,61,15,34,1,1,1
2064,3,107,57,16,37,1,1,1
2064,4,129,73,26,68,1,1,1
2064,5,234,66,20,40,1,1,1
2065,1,68,62,19,49,1,1,1
2065,2,47,61,15,34,1,1,1
2065,3,107,57,16,37,1,1,1
2065,4,129,73,25,68,1,1,1
2065,5,232,66,19,40,1,1,1
2066,1,69,62,18,49,1,1,1
2066,2,47,61,15,34,1,1,1
2066,3,106,57,16,37,1,1,1
2066,4,129,73,25,68,1,1,1
2066,5,229,66,20,39,1,1,1
2067,1,69,62,19,50,1,1,1
2067,2,47,61,14,34,1,1,1
2067,3,106,57,16,37,1,1,1
2067,4,128,73,25,67,1,1,1
2067,5,227,66,19,38,1,1,1
2068,1,69,62,19,50,1,1,1
2068,2,47,61,14,34,1,1,1
2068,3,105,57,16,37,1,1,1
2068,4,128,73,25,67,1,1,1
2068,5,225,66,19,38,1,1,1
2069,1,69,62,19,50,1,1,1
2069,2,46,61,15,34,1,1,1
2069,3,105,57,16,37,1,1,1
2069,4,127,73,25,66,1,1,1
2069,5,223,65,19,38,1,1,1
2070,1,69,62,19,50,1,1,1
2070,2,46,61,15,34,1,1,1
2070,3,104,57,16,37,1,1,1
2070,4,127,73,25,66,1,1,1
2070,5,222,65,18,38,1,1,1
2071,1,70,63,19,49,1,1,1
2071,2,46,61,15,34,1,1,1
2071,3,104,57,16,37,1,1,1
2071,4,127,73,24,66,1,1,1
2071,5,220,65,19,37,1,1,1
2072,1,70,63,19,49,1,1,1
2072,2,46,61,14,34,1,1,1
2072,3,103,57,16,37,1,1,1
2072,4,126,73,25,65,1,1,1
2072,5,219,65,18,37,1,1,1
2073,1,70,63,19,50,1,1,1
2073,2,46,61,14,34,1,1,1
2073,3,103,57,16,37,1,1,1
2073,4,126,73,24,65,1,1,1
2073,5,218,65,18,36,1,1,1
2074,1,70,63,19,50,1,1,1
2074,2,45,61,15,34,1,1,1
2074,3,102,57,16,37,1,1,1
2074,4,126,73,24,64,1,1,1
2074,5,216,64,18,37,1,1,1
2075,1,70,63,20,50,1,1,1
2075,2,45,61,15,34,1,1,1
2075,3,102,57,16,37,1,1,1
2075,4,125,72,24,65,1,1,1
2075,5,215,64,17,36,1,1,1
2076,1,71,63,19,50,1,1,1
2076,2,45,61,15,34,1,1,1
2076,3,101,57,16,37,1,1,1
2076,4,125,72,24,65,1,1,1
2076,5,213,64,18,36,1,1,1
2077,1,71,63,19,50,1,1,1
2077,2,45,61,14,34,1,1,1
2077,3,101,57,16,37,1,1,1
2077,4,125,72,23,64,1,1,1
2077,5,212,64,17,35,1,1,1
2078,1,71,63,19,51,1,1,1
2078,2,44,61,15,34,1,1,1
2078,3,101,57,16,37,1,1,1
2078,4,124,72,24,64,1,1,1
2078,5,211,64,17,35,1,1,1
2079,1,71,63,20,51,1,1,1
2079,2,44,61,15,34,1,1,1
2079,3,100,57,16,37,1,1,1
2079,4,124,72,23,63,1,1,1
2079,5,209,63,17,35,1,1,1
2080,1,71,63,20,51,1,1,1
2080,2,44,61,15,34,1,1,1
2080,3,100,57,16,37,1,1,1
2080,4,124,72,23,63,1,1,1
2080,5,208,63,16,35,1,1,1
2081,1,72,63,19,51,1,1,1
2081,2,44,61,15,34,1,1,1
2081,3,99,57,16,37,1,1,1
2081,4,123,72,24,63,1,1,1
2081,5,206,63,17,34,1,1,1
2082,1,72,63,19,51,1,1,1
2082,2,44,61,14,34,1,1,1
2082,3,99,57,16,37,1,1,1
2082,4,123,72,23,62,1,1,1
2082,5,205,63,16,34,1,1,1
2083,1,72,63,20,52,1,1,1
2083,2,43,61,15,34,1,1,1
2083,3,98,57,16,37,1,1,1
2083,4,122,72,24,62,1,1,1
2083,5,204,63,16,34,1,1,1
2084,1,72,63,20,52,1,1,1
2084,2,43,61,15,34,1,1,1
2084,3,98,57,16,37,1,1,1
2084,4,122,72,23,61,1,1,1
2084,5,203,62,16,34,1,1,1
2085,1,73,63,19,52,1,1,1
2085,2,43,61,15,34,1,1,1
2085,3,97,57,16,37,1,1,1
2085,4,122,72,23,61,1,1,1
2085,5,202,62,16,34,1,1,1
2086,1,73,63,19,52,1,1,1
2086,2,43,61,15,34,1,1,1
2086,3,97,57,16,37,1,1,1
2086,4,121,72,23,61,1,1,1
2086,5,201,62,16,34,1,1,1
2087,1,73,63,20,52,1,1,1
2087,2,43,61,15,34,1,1,1
2087,3,96,57,16,37,1,1,1
2087,4,121,71,23,61,1,1,1
2087,5,201,62,15,34,1,1,1
2088,1,73,63,20,53,1,1,1
2088,2,43,61,15,34,1,1,1
2088,3,96,57,16,37,1,1,1
2088,4,121,71,22,61,1,1,1
2088,5,200,62,16,34,1,1,1
2089,1,73,63,20,53,1,1,1
2089,2,43,61,15,34,1,1,1
2089,3,95,57,16,37,1,1,1
2089,4,120,71,23,60,1,1,1
2089,5,199,62,16,34,1,1,1
2090,1,74,63,19,53,1,1,1
2090,2,43,61,15,34,1,1,1
2090,3,95,57,16,37,1,1,1
2090,4,120,71,22,60,1,1,1
2090,5,199,62,15,33,1,1,1
2091,1,74,63,20,53,1,1,1
2091,2,43,61,15,34,1,1,1
2091,3,94,57,16,37,1,1,1
2091,4,120,71,22,60,1,1,1
2091,5,198,62,15,33,1,1,1
2092,1,74,63,20,53,1,1,1
2092,2,43,61,15,34,1,1,1
2092,3,94,57,16,37,1,1,1
2092,4,119,71,22,59,1,1,1
2092,5,197,62,16,33,1,1,1
2093,1,74,63,20,54,1,1,1
2093,2,43,61,15,34,1,1,1
2093,3,93,57,16,37,1,1,1
2093,4,119,71,22,59,1,1,1
2093,5,197,62,15,33,1,1,1
2094,1,74,63,20,54,1,1,1
2094,2,43,61,15,34,1,1,1
2094,3,93,57,16,37,1,1,1
2094,4,119,71,21,59,1,1,1
2094,5,196,62,15,33,1,1,1
2095,1,75,64,20,53,1,1,1
2095,2,43,61,15,34,1,1,1
2095,3,92,57,16,37,1,1,1
2095,4,118,71,22,58,1,1,1
2095,5,195,62,15,33,1,1,1
2096,1,75,64,20,53,1,1,1
2096,2,43,61,15,34,1,1,1
2096,3,92,57,16,37,1,1,1
2096,4,118,71,21,58,1,1,1
2096,5,195,62,15,33,1,1,1
2097,1,75,64,20,53,1,1,1
2097,2,43,61,15,34,1,1,1
2097,3,92,57,16,37,1,1,1
2097,4,117,71,22,57,1,1,1
2097,5,194,61,16,33,1,1,1
2098,1,75,64,20,53,1,1,1
2098,2,43,61,15,34,1,1,1
2098,3,92,57,16,37,1,1,1
2098,4,117,71,21,57,1,1,1
2098,5,194,61,16,33,1,1,1
2099,1,75,64,21,54,1,1,1
2099,2,43,61,15,34,1,1,1
2099,3,92,57,16,37,1,1,1
2099,4,117,70,21,58,1,1,1
2099,5,194,61,16,33,1,1,1
2100,1,76,64,20,54,1,1,1
2100,2,43,61,15,34,1,1,1
2100,3,92,57,16,37,1,1,1
2100,4,116,70,21,57,1,1,1
2100,5,194,61,16,33,1,1,1
2101,1,76,64,20,54,1,1,1
2101,2,43,61,15,34,1,1,1
2101,3,92,57,16,37,1,1,1
2101,4,116,70,21,57,1,1,1
2101,5,194,61,16,32,1,1,1
2102,1,76,64,20,54,1,1,1
2102,2,43,61,15,34,1,1,1
2102,3,92,57,16,37,1,1,1
2102,4,116,70,20,56,1,1,1
2102,5,194,61,16,32,1,1,1
2103,1,76,64,21,54,1,1,1
2103,2,43,61,15,34,1,1,1
2103,3,92,57,16,37,1,1,1
2103,4,115,70,21,56,1,1,1
2103,5,194,61,16,32,1,1,1
2104,1,76,64,21,55,1,1,1
2104,2,43,61,15,34,1,1,1
2104,3,92,57,16,37,1,1,1
2104,4,115,70,20,56,1,1,1
2104,5,194,61,16,32,1,1,1
2105,1,77,64,20,55,1,1,1
2105,2,43,61,15,34,1,1,1
2105,3,92,57,16,37,1,1,1
2105,4,115,70,20,55,1,1,1
2105,5,194,61,16,32,1,1,1
2106,1,77,64,20,55,1,1,1
2106,2,43,61,15,34,1,1,1
2106,3,92,57,16,37,1,1,1
2106,4,114,70,20,55,1,1,1
2106,5,194,61,16,31,1,1,1
2107,1,77,64,21,55,1,1,1
2107,2,43,61,15,34,1,1,1
2107,3,92,57,16,37,1,1,1
2107,4,114,70,20,54,1,1,1
2107,5,194,61,16,31,1,1,1
2108,1,77,64,21,55,1,1,1
2108,2,43,61,15,34,1,1,1
2108,3,92,57,16,37,1,1,1
2108,4,114,70,19,54,1,1,1
2108,5,194,61,16,31,1,1,1
2109,1,77,64,21,56,1,1,1
2109,2,43,61,15,34,1,1,1
2109,3,92,57,16,37,1,1,1
2109,4,113,70,20,54,1,1,1
2109,5,194,61,16,31,1,1,1
2110,1,78,64,20,56,1,1,1
2110,2,43,61,15,34,1,1,1
2110,3,92,57,16,37,1,1,1
2110,4,113,70,19,53,1,1,1
2110,5,194,61,16,31,1,1,1
2111,1,78,64,21,56,1,1,1
2111,2,43,61,15,34,1,1,1
2111,3,92,57,16,37,1,1,1
2111,4,112,69,20,54,1,1,1
2111,5,194,61,16,30,1,1,1
2112,1,78,64,21,56,1,1,1
2112,2,43,61,15,34,1,1,1
2112,3,92,57,16,37,1,1,1
2112,4,112,69,19,53,1,1,1
2112,5,194,61,16,30,1,1,1
2113,1,78,64,21,56,1,1,1
2113,2,43,61,15,34,1,1,1
2113,3,92,57,16,37,1,1,1
2113,4,112,69,19,53,1,1,1
2113,5,194,61,16,30,1,1,1
2114,1,78,64,21,57,1,1,1
2114,2,43,61,15,34,1,1,1
2114,3,92,57,16,37,1,1,1
2114,4,111,69,19,53,1,1,1
2114,5,194,61,16,30,1,1,1
2115,1,79,64,21,57,1,1,1
2115,2,43,61,15,34,1,1,1
2115,3,92,57,16,37,1,1,1
2115,4,111,69,19,52,1,1,1
2115,5,194,61,16,30,1,1,1
2116,1,79,64,21,57,1,1,1
2116,2,43,61,15,34,1,1,1
2116,3,92,57,16,37,1,1,1
2116,4,111,69,18,52,1,1,1
2116,5,194,61,16,29,1,1,1
2117,1,79,64,21,57,1,1,1
2117,2,43,61,15,34,1,1,1
2117,3,92,57,16,37,1,1,1
2117,4,110,69,19,51,1,1,1
2117,5,194,61,16,29,1,1,1
2118,1,79,64,21,57,1,1,1
2118,2,43,61,15,34,1,1,1
2118,3,92,57,16,37,1,1,1
2118,4,110,69,18,51,1,1,1
2118,5,194,61,16,29,1,1,1
2119,1,80,65,21,57,1,1,1
2119,2,43,61,15,34,1,1,1
2119,3,92,57,16,37,1,1,1
2119,4,110,69,18,51,1,1,1
2119,5,194,61,16,29,1,1,1
2120,1,80,65,21,57,1,1,1
2120,2,43,61,15,34,1,1,1
2120,3,93,57,16,37,1,1,1
2120,4,109,69,18,50,1,1,1
2120,5,194,61,16,29,1,1,1
2121,1,80,65,21,57,1,1,1
2121,2,43,61,15,34,1,1,1
2121,3,93,57,16,37,1,1,1
2121,4,109,69,18,50,1,1,1
2121,5,194,60,16,29,1,1,1
2122,1,80,65,22,57,1,1,1
2122,2,43,61,15,34,1,1,1
2122,3,93,57,16,37,1,1,1
2122,4,109,69,18,50,1,1,1
2122,5,195,60,16,29,1,1,1
2123,1,80,65,22,58,1,1,1
2123,2,43,61,15,34,1,1,1
2123,3,93,57,16,37,1,1,1
2123,4,108,68,18,50,1,1,1
2123,5,196,60,16,29,1,1,1
2124,1,81,65,21,58,1,1,1
2124,2,43,61,15,34,1,1,1
2124,3,93,57,16,37,1,1,1
2124,4,108,68,18,50,1,1,1
2124,5,197,60,16,29,1,1,1
2125,1,81,65,22,58,1,1,1
2125,2,43,61,15,34,1,1,1
2125,3,93,57,16,37,1,1,1
2125,4,108,68,17,50,1,1,1
2125,5,198,60,16,28,1,1,1
2126,1,81,65,22,59,1,1,1
2126,2,43,61,15,34,1,1,1
2126,3,93,57,16,37,1,1,1
2126,4,107,68,18,50,1,1,1
2126,5,199,60,16,28,1,1,1
2127,1,81,65,22,59,1,1,1
2127,2,43,61,15,34,1,1,1
2127,3,93,57,16,37,1,1,1
2127,4,107,68,18,50,1,1,1
2127,5,199,60,16,28,1,1,1
2128,1,82,65,22,59,1,1,1
2128,2,43,61,15,34,1,1,1
2128,3,93,57,16,37,1,1,1
2128,4,107,68,17,50,1,1,1
2128,5,200,60,16,28,1,1,1
2129,1,82,65,22,59,1,1,1
2129,2,43,61,15,34,1,1,1
2129,3,93,57,16,37,1,1,1
2129,4,106,68,18,49,1,1,1
2129,5,201,60,16,28,1,1,1
2130,1,82,65,22,60,1,1,1
2130,2,43,61,15,34,1,1,1
2130,3,93,57,16,37,1,1,1
2130,4,106,68,18,49,1,1,1
2130,5,202,60,16,27,1,1,1
2131,1,82,65,23,60,1,1,1
2131,2,43,61,15,34,1,1,1
2131,3,93,57,16,37,1,1,1
2131,4,106,68,17,49,1,1,1
2131,5,203,60,16,27,1,1,1
2132,1,83,65,22,60,1,1,1
2132,2,43,61,15,34,1,1,1
2132,3,93,57,16,37,1,1,1
2132,4,105,68,18,49,1,1,1
2132,5,204,60,16,27,1,1,1
2133,1,83,65,22,61,1,1,1
2133,2,43,61,15,34,1,1,1
2133,3,93,57,16,37,1,1,1
2133,4,105,68,18,49,1,1,1
2133,5,204,60,16,27,1,1,1
2134,1,83,66,23,60,1,1,1
2134,2,43,61,15,34,1,1,1
2134,3,93,57,16,37,1,1,1
2134,4,105,68,17,49,1,1,1
2134,5,205,60,16,26,1,1,1
2135,1,83,66,23,60,1,1,1
2135,2,43,61,15,34,1,1,1
2135,3,93,57,16,37,1,1,1
2135,4,104,68,18,48,1,1,1
2135,5,206,60,16,26,1,1,1
2136,1,84,66,22,60,1,1,1
2136,2,43,61,15,34,1,1,1
2136,3,93,57,16,37,1,1,1
2136,4,104,68,18,48,1,1,1
2136,5,207,60,16,26,1,1,1
2137,1,84,66,23,61,1,1,1
2137,2,43,61,15,34,1,1,1
2137,3,93,57,16,37,1,1,1
2137,4,104,68,17,48,1,1,1
2137,5,208,60,16,26,1,1,1
2138,1,84,66,23,61,1,1,1
2138,2,43,61,15,34,1,1,1
2138,3,93,57,16,37,1,1,1
2138,4,103,67,18,49,1,1,1
2139,1,84,66,23,61,1,1,1
2139,2,43,61,15,34,1,1,1
2139,3,93,57,16,37,1,1,1
2139,4,103,67,18,49,1,1,1
2140,1,85,66,23,62,1,1,1
2140,2,43,61,15,34,1,1,1
2140,3,93,57,16,37,1,1,1
2140,4,103,67,17,49,1,1,1
2141,1,85,66,23,62,1,1,1
2141,2,43,61,15,34,1,1,1
2141,3,93,57,16,37,1,1,1
2141,4,102,67,18,49,1,1,1
2142,1,85,66,23,62,1,1,1
2142,2,43,61,15,34,1,1,1
2142,3,93,57,16,37,1,1,1
2142,4,102,67,18,48,1,1,1
2143,1,85,66,24,62,1,1,1
2143,2,43,61,15,34,1,1,1
2143,3,94,57,16,37,1,1,1
2143,4,102,67,17,48,1,1,1
2144,1,86,66,23,63,1,1,1
2144,2,43,61,15,34,1,1,1
2144,3,94,57,16,37,1,1,1
2144,4,101,67,18,48,1,1,1
2145,1,86,66,23,63,1,1,1
2145,2,43,61,15,34,1,1,1
2145,3,94,57,16,37,1,1,1
2145,4,101,67,18,48,1,1,1
2146,1,86,66,24,63,1,1,1
2146,2,43,61,15,34,1,1,1
2146,3,94,57,16,37,1,1,1
2146,4,101,67,17,48,1,1,1
2147,1,86,66,24,64,1,1,1
2147,2,43,61,15,34,1,1,1
2147,3,94,57,16,37,1,1,1
2147,4,100,67,18,48,1,1,1
2148,1,87,67,23,63,1,1,1
2148,2,43,61,15,34,1,1,1
2148,3,94,57,16,37,1,1,1
2148,4,100,67,18,47,1,1,1
2149,1,87,67,24,63,1,1,1
2149,2,43,61,15,34,1,1,1
2149,3,94,57,16,37,1,1,1
2149,4,100,67,17,47,1,1,1
2150,1,87,67,24,64,1,1,1
2150,2,43,61,15,34,1,1,1
2150,3,94,57,16,37,1,1,1
2150,4,99,67,18,47,1,1,1
2151,1,87,67,24,64,1,1,1
2151,2,43,61,15,34,1,1,1
2151,3,94,57,16,37,1,1,1
2151,4,99,67,18,47,1,1,1
2152,1,88,67,24,64,1,1,1
2152,2,43,61,15,34,1,1,1
2152,3,94,57,16,37,1,1,1
2152,4,99,67,17,47,1,1,1
2153,1,88,67,24,64,1,1,1
2153,2,43,61,15,34,1,1,1
2153,3,94,57,16,37,1,1,1
2153,4,98,66,18,48,1,1,1
2154,1,88,67,24,65,1,1,1
2154,2,43,61,15,34,1,1,1
2154,3,94,57,16,37,1,1,1
2154,4,98,66,17,48,1,1,1
2155,1,88,67,25,65,1,1,1
2155,2,43,61,15,34,1,1,1
2155,3,94,57,16,37,1,1,1
2155,4,98,66,17,47,1,1,1
2156,1,89,67,24,65,1,1,1
2156,2,43,61,15,34,1,1,1
2156,3,94,57,16,37,1,1,1
2156,4,97,66,18,47,1,1,1
2157,1,89,67,24,66,1,1,1
2157,2,43,61,15,34,1,1,1
2157,3,94,57,16,37,1,1,1
2157,4,97,66,17,47,1,1,1
2158,1,89,67,25,66,1,1,1
2158,2,43,61,15,34,1,1,1
2158,3,94,57,16,37,1,1,1
2158,4,97,66,17,47,1,1,1
2159,1,89,67,25,66,1,1,1
2159,2,43,61,15,34,1,1,1
2159,3,94,57,16,37,1,1,1
2159,4,96,66,18,47,1,1,1
2160,1,90,67,24,66,1,1,1
2160,2,43,61,15,34,1,1,1
2160,3,94,57,16,37,1,1,1
2160,4,96,66,17,47,1,1,1
2161,1,90,67,25,67,1,1,1
2161,2,43,61,15,34,1,1,1
2161,3,94,57,16,37,1,1,1
2161,4,96,66,17,46,1,1,1
2162,1,90,68,25,66,1,1,1
2162,2,43,61,15,34,1,1,1
2162,3,94,57,16,37,1,1,1
2162,4,95,66,18,46,1,1,1
2163,1,90,68,25,66,1,1,1
2163,2,43,61,15,34,1,1,1
2163,3,94,57,16,37,1,1,1
2163,4,95,66,17,46,1,1,1
2164,1,90,68,26,67,1,1,1
2164,2,43,61,15,34,1,1,1
2164,3,94,57,16,37,1,1,1
2164,4,95,66,17,46,1,1,1
2165,1,91,68,25,67,1,1,1
2165,2,43,61,15,34,1,1,1
2165,3,94,57,16,37,1,1,1
2165,4,94,66,18,46,1,1,1
2166,1,91,68,25,67,1,1,1
2166,2,43,61,15,34,1,1,1
2166,3,95,57,16,37,1,1,1
2166,4,94,66,17,46,1,1,1
2167,1,91,68,26,67,1,1,1
2167,2,43,61,15,34,1,1,1
2167,3,95,57,16,37,1,1,1
2167,4,94,66,17,46,1,1,1
2168,1,91,68,26,68,1,1,1
2168,2,43,61,15,34,1,1,1
2168,3,95,57,16,37,1,1,1
2168,4,93,65,18,46,1,1,1
2169,1,92,68,25,68,1,1,1
2169,2,43,61,15,34,1,1,1
2169,3,95,57,16,37,1,1,1
2169,4,93,65,17,46,1,1,1
2170,1,92,68,26,68,1,1,1
2170,2,43,61,15,34,1,1,1
2170,3,95,57,16,37,1,1,1
2170,4,93,65,17,46,1,1,1
2171,1,92,68,26,69,1,1,1
2171,2,43,61,15,34,1,1,1
2171,3,95,57,16,37,1,1,1
2171,4,92,65,18,46,1,1,1
2172,1,92,68,26,69,1,1,1
2172,2,44,61,14,34,1,1,1
2172,3,95,57,16,37,1,1,1
2172,4,92,65,17,46,1,1,1
2173,1,93,68,26,69,1,1,1
2173,2,44,61,14,34,1,1,1
2173,3,95,57,16,37,1,1,1
2173,4,92,65,17,46,1,1,1
2174,1,93,68,26,69,1,1,1
2174,2,44,61,14,34,1,1,1
2174,3,95,57,16,37,1,1,1
2174,4,91,65,18,45,1,1,1
2175,1,93,68,26,70,1,1,1
2175,2,44,61,14,34,1,1,1
2175,3,95,57,16,37,1,1,1
2175,4,91,65,17,45,1,1,1
2176,1,93,68,27,70,1,1,1
2176,2,44,61,14,34,1,1,1
2176,3,95,57,16,37,1,1,1
2176,4,91,65,17,45,1,1,1
2177,1,94,69,26,69,1,1,1
2177,2,44,61,14,34,1,1,1
2177,3,95,57,16,37,1,1,1
2177,4,90,65,18,45,1,1,1
2178,1,94,69,26,70,1,1,1
2178,2,44,61,14,34,1,1,1
2178,3,95,57,16,37,1,1,1
2178,4,90,65,17,45,1,1,1
2179,1,94,69,27,70,1,1,1
2179,2,44,61,14,34,1,1,1
2179,3,95,57,16,37,1,1,1
2179,4,90,65,17,45,1,1,1
2180,1,94,69,27,70,1,1,1
2180,2,44,61,14,34,1,1,1
2180,3,95,57,16,37,1,1,1
2180,4,89,65,18,44,1,1,1
2181,1,95,69,26,71,1,1,1
2181,2,44,61,14,34,1,1,1
2181,3,95,57,16,37,1,1,1
2181,4,89,65,17,44,1,1,1
2182,1,95,69,27,71,1,1,1
2182,2,44,61,14,34,1,1,1
2182,3,95,57,16,37,1,1,1
2182,4,89,65,17,44,1,1,1
2183,1,95,69,27,71,1,1,1
2183,2,44,61,14,34,1,1,1
2183,3,95,57,16,37,1,1,1
2183,4,88,64,17,45,1,1,1
2184,1,95,69,27,71,1,1,1
2184,2,44,61,14,34,1,1,1
2184,3,95,57,16,37,1,1,1
2184,4,88,64,17,45,1,1,1
2185,1,96,69,27,72,1,1,1
2185,2,44,61,14,34,1,1,1
2185,3,95,57,16,37,1,1,1
2185,4,88,64,17,45,1,1,1
2186,1,96,69,27,72,1,1,1
2186,2,44,61,14,34,1,1,1
2186,3,95,57,16,37,1,1,1
2186,4,87,64,17,45,1,1,1
2187,1,96,69,27,72,1,1,1
2187,2,44,61,14,34,1,1,1
2187,3,95,57,16,37,1,1,1
2187,4,87,64,17,44,1,1,1
2188,1,96,69,28,73,1,1,1
2188,2,44,61,14,34,1,1,1
2188,3,95,57,16,37,1,1,1
2188,4,87,64,17,44,1,1,1
2189,1,97,69,27,73,1,1,1
2189,2,44,61,14,34,1,1,1
2189,3,96,57,16,37,1,1,1
2189,4,86,64,17,44,1,1,1
2190,1,97,69,27,73,1,1,1
2190,2,44,61,14,34,1,1,1
2190,3,96,57,16,37,1,1,1
2190,4,86,64,17,44,1,1,1
2191,1,97,70,28,72,1,1,1
2191,2,44,61,14,34,1,1,1
2191,3,96,57,16,37,1,1,1
2191,4,86,64,17,44,1,1,1
2192,1,97,70,28,73,1,1,1
2192,2,44,61,14,34,1,1,1
2192,3,96,57,16,37,1,1,1
2192,4,85,64,17,44,1,1,1
2193,1,98,70,27,73,1,1,1
2193,2,44,61,14,34,1,1,1
2193,3,96,57,16,37,1,1,1
2193,4,85,64,17,43,1,1,1
2194,1,98,70,28,73,1,1,1
2194,2,44,61,14,34,1,1,1
2194,3,96,57,16,37,1,1,1
2194,4,85,64,17,43,1,1,1
2195,1,98,70,28,74,1,1,1
2195,2,44,61,14,34,1,1,1
2195,3,96,57,16,37,1,1,1
2195,4,84,64,17,43,1,1,1
2196,1,98,70,28,74,1,1,1
2196,2,44,61,14,34,1,1,1
2196,3,96,57,16,37,1,1,1
2196,4,84,64,17,43,1,1,1
2197,1,99,70,28,74,1,1,1
2197,2,44,61,14,34,1,1,1
2197,3,96,57,16,37,1,1,1
2197,4,84,64,17,43,1,1,1
2198,1,99,70,28,74,1,1,1
2198,2,44,61,14,34,1,1,1
2198,3,96,57,16,37,1,1,1
2198,4,83,63,17,44,1,1,1
2199,1,99,70,28,75,1,1,1
2199,2,44,61,14,34,1,1,1
2199,3,96,57,16,37,1,1,1
2199,4,83,63,17,44,1,1,1
2200,1,99,70,29,75,1,1,1
2200,2,44,61,14,34,1,1,1
2200,3,96,57,16,37,1,1,1
2200,4,83,63,17,43,1,1,1
2201,1,100,70,28,75,1,1,1
2201,2,44,61,14,34,1,1,1
2201,3,96,57,16,37,1,1,1
2201,4,82,63,17,43,1,1,1
2202,1,100,70,28,76,1,1,1
2202,2,44,61,14,34,1,1,1
2202,3,96,57,16,37,1,1,1
2202,4,82,63,17,43,1,1,1
2203,1,100,70,29,76,1,1,1
2203,2,44,61,14,34,1,1,1
2203,3,96,57,16,37,1,1,1
2203,4,82,63,17,43,1,1,1
2204,1,100,70,29,76,1,1,1
2204,2,44,61,14,34,1,1,1
2204,3,96,57,16,37,1,1,1
2204,4,81,63,17,43,1,1,1
2205,1,101,71,29,76,1,1,1
2205,2,44,61,14,34,1,1,1
2205,3,96,57,16,37,1,1,1
2205,4,81,63,17,43,1,1,1
2206,1,101,71,29,76,1,1,1
2206,2,44,61,14,34,1,1,1
2206,3,96,57,16,37,1,1,1
2206,4,81,63,17,42,1,1,1
2207,1,101,71,30,76,1,1,1
2207,2,44,61,14,34,1,1,1
2207,3,96,57,16,37,1,1,1
2207,4,80,63,17,42,1,1,1
2208,1,102,71,29,77,1,1,1
2208,2,44,61,14,34,1,1,1
2208,3,96,57,16,37,1,1,1
2208,4,80,63,17,42,1,1,1
2209,1,102,71,30,77,1,1,1
2209,2,44,61,14,34,1,1,1
2209,3,96,57,16,37,1,1,1
2209,4,80,63,17,42,1,1,1
2210,1,103,71,29,78,1,1,1
2210,2,44,61,14,34,1,1,1
2210,3,96,57,16,37,1,1,1
2210,4,79,63,17,42,1,1,1
2211,1,103,71,30,78,1,1,1
2211,2,44,61,14,34,1,1,1
2211,3,96,57,16,37,1,1,1
2211,4,79,63,17,42,1,1,1
2212,1,103,71,30,78,1,1,1
2212,2,44,61,14,34,1,1,1
2212,3,97,57,16,37,1,1,1
2212,4,79,63,17,42,1,1,1
2213,1,104,71,30,79,1,1,1
2213,2,44,61,14,34,1,1,1
2213,3,97,57,16,37,1,1,1
2213,4,78,62,17,42,1,1,1
2214,1,104,71,30,79,1,1,1
2214,2,44,61,15,34,1,1,1
2214,3,97,57,16,37,1,1,1
2214,4,78,62,17,42,1,1,1
2215,1,105,71,30,80,1,1,1
2215,2,44,61,15,34,1,1,1
2215,3,97,57,16,37,1,1,1
2215,4,78,62,17,42,1,1,1
2216,1,105,71,30,80,1,1,1
2216,2,44,61,15,34,1,1,1
2216,3,97,57,16,37,1,1,1
2216,4,78,62,17,42,1,1,1
2217,1,105,71,31,80,1,1,1
2217,2,44,61,15,34,1,1,1
2217,3,97,57,16,37,1,1,1
2217,4,78,62,16,42,1,1,1
2218,1,106,71,30,81,1,1,1
2218,2,44,61,15,34,1,1,1
2218,3,97,57,16,37,1,1,1
2218,4,77,62,17,42,1,1,1
2219,1,106,71,31,81,1,1,1
2219,2,44,61,15,34,1,1,1
2219,3,97,57,16,37,1,1,1
2219,4,77,62,17,42,1,1,1
2220,1,107,71,30,82,1,1,1
2220,2,44,61,15,34,1,1,1
2220,3,97,57,16,37,1,1,1
2220,4,77,62,17,42,1,1,1
2221,1,107,71,31,82,1,1,1
2221,2,44,61,15,34,1,1,1
2221,3,97,57,16,37,1,1,1
2221,4,77,62,17,42,1,1,1
2222,1,108,71,30,83,1,1,1
2222,2,44,61,15,34,1,1,1
2222,3,97,57,16,37,1,1,1
2222,4,77,62,16,42,1,1,1
2223,1,108,71,31,83,1,1,1
2223,2,44,61,15,34,1,1,1
2223,3,97,57,16,37,1,1,1
2223,4,77,62,16,42,1,1,1
2224,1,108,71,31,83,1,1,1
2224,2,44,61,15,34,1,1,1
2224,3,97,57,16,37,1,1,1
2224,4,76,62,17,41,1,1,1
2225,1,109,71,31,84,1,1,1
2225,2,44,61,15,34,1,1,1
2225,3,97,57,16,37,1,1,1
2225,4,76,62,17,41,1,1,1
2226,1,109,71,31,84,1,1,1
2226,2,44,61,15,34,1,1,1
2226,3,97,57,16,37,1,1,1
2226,4,76,62,17,41,1,1,1
2227,1,110,71,31,85,1,1,1
2227,2,44,61,15,34,1,1,1
2227,3,97,57,16,37,1,1,1
2227,4,76,62,16,41,1,1,1
2228,1,110,71,31,85,1,1,1
2228,2,44,61,15,34,1,1,1
2228,3,97,57,16,37,1,1,1
2228,4,76,62,16,41,1,1,1
2229,1,110,71,32,85,1,1,1
2229,2,44,61,15,34,1,1,1
2229,3,97,57,16,37,1,1,1
2229,4,75,62,17,41,1,1,1
2230,1,111,71,31,86,1,1,1
2230,2,44,61,15,34,1,1,1
2230,3,97,57,16,37,1,1,1
2230,4,75,62,17,41,1,1,1
2231,1,111,71,32,86,1,1,1
2231,2,44,61,15,34,1,1,1
2231,3,97,57,16,37,1,1,1
2231,4,75,62,17,41,1,1,1
2232,1,112,72,31,86,1,1,1
2232,2,44,61,15,34,1,1,1
2232,3,97,57,16,37,1,1,1
2232,4,75,62,16,41,1,1,1
2233,1,112,72,32,86,1,1,1
2233,2,44,61,15,34,1,1,1
2233,3,97,57,16,37,1,1,1
2233,4,75,62,16,41,1,1,1
2234,1,113,72,31,87,1,1,1
2234,2,44,61,15,34,1,1,1
2234,3,98,57,16,37,1,1,1
2234,4,75,62,16,41,1,1,1
2235,1,113,72,32,87,1,1,1
2235,2,44,61,15,34,1,1,1
2235,3,98,57,16,37,1,1,1
2235,4,74,62,17,40,1,1,1
2236,1,113,72,32,87,1,1,1
2236,2,44,61,15,34,1,1,1
2236,3,98,57,16,37,1,1,1
2236,4,74,62,17,40,1,1,1
2237,1,114,72,32,88,1,1,1
2237,2,44,61,15,34,1,1,1
2237,3,98,57,16,37,1,1,1
2237,4,74,62,16,40,1,1,1
2238,1,114,72,32,88,1,1,1
2238,2,44,61,15,34,1,1,1
2238,3,98,57,16,37,1,1,1
2238,4,74,62,16,40,1,1,1
2239,1,115,72,32,89,1,1,1
2239,2,44,61,15,34,1,1,1
2239,3,98,57,16,37,1,1,1
2239,4,74,62,16,40,1,1,1
2240,1,115,72,32,89,1,1,1
2240,2,44,61,15,34,1,1,1
2240,3,98,57,16,37,1,1,1
2240,4,73,62,17,40,1,1,1
2241,1,115,72,33,89,1,1,1
2241,2,44,61,15,34,1,1,1
2241,3,98,57,16,37,1,1,1
2241,4,73,62,17,40,1,1,1
2242,1,116,72,32,90,1,1,1
2242,2,44,61,15,34,1,1,1
2242,3,98,57,16,37,1,1,1
2242,4,73,62,16,40,1,1,1
2243,1,116,72,33,90,1,1,1
2243,2,44,61,15,34,1,1,1
2243,3,98,57,16,37,1,1,1
2243,4,73,62,16,40,1,1,1
2244,1,117,72,32,91,1,1,1
2244,2,44,61,15,34,1,1,1
2244,3,98,57,16,37,1,1,1
2244,4,73,62,16,40,1,1,1
2245,1,117,72,33,91,1,1,1
2245,2,44,61,15,34,1,1,1
2245,3,98,57,16,37,1,1,1
2245,4,73,62,16,40,1,1,1
2246,1,118,72,32,92,1,1,1
2246,2,44,61,15,34,1,1,1
2246,3,98,57,16,37,1,1,1
2246,4,72,62,17,39,1,1,1
2247,1,118,72,33,92,1,1,1
2247,2,44,61,15,34,1,1,1
2247,3,98,57,16,37,1,1,1
2247,4,72,62,16,39,1,1,1
2248,1,118,72,33,92,1,1,1
2248,2,44,61,15,34,1,1,1
2248,3,98,57,16,37,1,1,1
2248,4,72,62,16,39,1,1,1
2249,1,119,72,33,93,1,1,1
2249,2,44,61,15,34,1,1,1
2249,3,98,57,16,37,1,1,1
2249,4,72,62,16,39,1,1,1
2250,1,119,72,33,93,1,1,1
2250,2,44,61,15,34,1,1,1
2250,3,98,57,16,37,1,1,1
2250,4,72,62,16,39,1,1,1
2251,1,120,72,33,94,1,1,1
2251,2,44,61,15,34,1,1,1
2251,3,98,57,16,37,1,1,1
2251,4,72,62,16,39,1,1,1
2252,1,120,72,33,94,1,1,1
2252,2,44,61,15,34,1,1,1
2252,3,98,57,16,37,1,1,1
2252,4,71,62,16,39,1,1,1
2253,1,120,72,34,94,1,1,1
2253,2,44,61,15,34,1,1,1
2253,3,98,57,16,37,1,1,1
2253,4,71,62,16,39,1,1,1
2254,1,121,72,33,95,1,1,1
2254,2,44,61,15,34,1,1,1
2254,3,98,57,16,37,1,1,1
2254,4,71,62,16,39,1,1,1
2255,1,121,72,34,95,1,1,1
2255,2,44,61,15,34,1,1,1
2255,3,98,57,16,37,1,1,1
2255,4,71,62,16,39,1,1,1
2256,1,122,72,33,96,1,1,1
2256,2,44,61,15,34,1,1,1
2256,3,98,57,16,37,1,1,1
2256,4,71,62,15,39,1,1,1
2257,1,122,72,34,96,1,1,1
2257,2,45,61,14,34,1,1,1
2257,3,98,57,16,37,1,1,1
2257,4,70,62,16,38,1,1,1
2258,1,123,73,34,96,1,1,1
2258,2,45,61,14,34,1,1,1
2258,3,99,57,16,37,1,1,1
2258,4,70,62,16,38,1,1,1
2259,1,123,73,34,96,1,1,1
2259,2,45,61,14,34,1,1,1
2259,3,99,57,16,37,1,1,1
2259,4,70,62,16,38,1,1,1
2260,1,124,73,34,97,1,1,1
2260,2,45,61,14,34,1,1,1
2260,3,99,57,16,37,1,1,1
2260,4,70,62,16,38,1,1,1
2261,1,124,73,35,98,1,1,1
2261,2,45,61,14,34,1,1,1
2261,3,99,57,16,37,1,1,1
2261,4,70,62,15,38,1,1,1
2262,1,125,73,35,99,1,1,1
2262,2,45,61,14,34,1,1,1
2262,3,99,57,16,37,1,1,1
2262,4,70,62,15,38,1,1,1
2263,1,126,74,35,99,1,1,1
2263,2,45,61,14,34,1,1,1
2263,3,99,57,16,37,1,1,1
2263,4,69,62,16,38,1,1,1
2264,1,126,74,36,100,1,1,1
2264,2,45,61,14,34,1,1,1
2264,3,99,57,16,37,1,1,1
2264,4,69,62,16,38,1,1,1
2265,1,127,74,36,101,1,1,1
2265,2,45,61,14,34,1,1,1
2265,3,99,57,16,37,1,1,1
2265,4,69,62,16,38,1,1,1
2266,1,128,74,36,102,1,1,1
2266,2,45,61,14,34,1,1,1
2266,3,99,57,16,37,1,1,1
2266,4,69,62,15,38,1,1,1
2267,1,128,74,37,102,1,1,1
2267,2,45,61,14,34,1,1,1
2267,3,99,57,16,37,1,1,1
2267,4,69,62,15,38,1,1,1
2268,1,129,75,37,102,1,1,1
2268,2,45,61,14,34,1,1,1
2268,3,99,57,16,37,1,1,1
2268,4,68,62,16,37,1,1,1
2269,1,130,75,37,103,1,1,1
2269,2,45,61,14,34,1,1,1
2269,3,99,57,16,37,1,1,1
2269,4,68,62,16,37,1,1,1
2270,1,130,75,38,104,1,1,1
2270,2,45,61,14,34,1,1,1
2270,3,99,57,16,37,1,1,1
2270,4,68,62,16,37,1,1,1
2271,1,131,75,38,105,1,1,1
2271,2,45,61,14,34,1,1,1
2271,3,99,57,16,37,1,1,1
2271,4,68,62,15,37,1,1,1
2272,1,131,75,39,106,1,1,1
2272,2,45,61,14,34,1,1,1
2272,3,99,57,16,37,1,1,1
2272,4,68,62,15,37,1,1,1
2273,1,132,76,39,106,1,1,1
2273,2,45,61,14,34,1,1,1
2273,3,99,57,16,37,1,1,1
2273,4,68,62,15,37,1,1,1
2274,1,133,76,39,107,1,1,1
2274,2,45,61,14,34,1,1,1
2274,3,99,57,16,37,1,1,1
2274,4,67,62,16,37,1,1,1
2275,1,133,76,40,107,1,1,1
2275,2,45,61,14,34,1,1,1
2275,3,99,57,16,37,1,1,1
2275,4,67,62,16,37,1,1,1
2276,1,134,76,40,108,1,1,1
2276,2,45,61,14,34,1,1,1
2276,3,99,57,16,37,1,1,1
2276,4,67,62,15,37,1,1,1
2277,1,135,77,40,108,1,1,1
2277,2,45,61,14,34,1,1,1
2277,3,99,57,16,37,1,1,1
2277,4,67,62,15,37,1,1,1
2278,1,135,77,41,109,1,1,1
2278,2,45,61,14,34,1,1,1
2278,3,99,57,16,37,1,1,1
2278,4,67,62,15,37,1,1,1
2279,1,136,77,41,110,1,1,1
2279,2,45,61,14,34,1,1,1
2279,3,99,57,16,37,1,1,1
2279,4,66,62,16,36,1,1,1
2280,1,137,77,41,111,1,1,1
2280,2,45,61,14,34,1,1,1
2280,3,99,57,16,37,1,1,1
2280,4,66,62,16,36,1,1,1
2281,1,137,77,42,112,1,1,1
2281,2,45,61,14,34,1,1,1
2281,3,100,57,16,37,1,1,1
2281,4,66,62,15,36,1,1,1
2282,1,138,78,42,112,1,1,1
2282,2,45,61,14,34,1,1,1
2282,3,100,57,16,37,1,1,1
2282,4,66,62,15,36,1,1,1
2283,1,138,78,43,112,1,1,1
2283,2,45,61,14,34,1,1,1
2283,3,100,57,16,37,1,1,1
2283,4,66,62,15,36,1,1,1
2284,1,139,78,43,113,1,1,1
2284,2,45,61,14,34,1,1,1
2284,3,100,57,16,37,1,1,1
2284,4,66,62,15,36,1,1,1
2285,1,140,78,43,114,1,1,1
2285,2,45,61,14,34,1,1,1
2285,3,100,57,16,37,1,1,1
2285,4,65,62,16,36,1,1,1
2286,1,140,78,44,115,1,1,1
2286,2,45,61,14,34,1,1,1
2286,3,100,57,16,37,1,1,1
2286,4,65,62,15,36,1,1,1
2287,1,141,79,44,115,1,1,1
2287,2,45,61,14,34,1,1,1
2287,3,100,57,16,37,1,1,1
2287,4,65,62,15,36,1,1,1
2288,1,142,79,44,116,1,1,1
2288,2,45,61,14,34,1,1,1
2288,3,100,57,16,37,1,1,1
2288,4,65,62,15,36,1,1,1
2289,1,142,79,45,117,1,1,1
2289,2,45,61,14,34,1,1,1
2289,3,100,57,16,37,1,1,1
2289,4,65,62,15,36,1,1,1
2290,1,143,79,45,118,1,1,1
2290,2,45,61,14,34,1,1,1
2290,3,100,57,16,37,1,1,1
2290,4,65,62,15,36,1,1,1
2291,1,144,80,45,118,1,1,1
2291,2,45,61,14,34,1,1,1
2291,3,100,57,16,37,1,1,1
2291,4,64,62,15,35,1,1,1
2292,1,145,80,45,119,1,1,1
2292,2,45,61,14,34,1,1,1
2292,3,100,57,16,37,1,1,1
2292,4,64,62,15,35,1,1,1
2293,1,146,80,45,120,1,1,1
2293,2,45,61,14,34,1,1,1
2293,3,100,57,16,37,1,1,1
2293,4,64,62,14,35,1,1,1
2294,1,147,81,45,121,1,1,1
2294,2,45,61,14,34,1,1,1
2294,3,100,57,16,37,1,1,1
2294,4,63,62,15,35,1,1,1
2295,1,148,81,46,122,1,1,1
2295,2,45,61,14,34,1,1,1
2295,3,100,57,16,37,1,1,1
2295,4,63,62,15,35,1,1,1
2296,1,149,82,46,123,1,1,1
2296,2,45,61,14,34,1,1,1
2296,3,100,57,16,37,1,1,1
2296,4,63,62,14,35,1,1,1
2297,1,150,82,46,124,1,1,1
2297,2,45,61,14,34,1,1,1
2297,3,100,57,16,37,1,1,1
2297,4,62,62,15,35,1,1,1
2298,1,151,83,46,124,1,1,1
2298,2,45,61,14,34,1,1,1
2298,3,99,57,16,37,1,1,1
2298,4,62,62,15,35,1,1,1
2299,1,152,83,47,126,1,1,1
2299,2,45,61,14,34,1,1,1
2299,3,99,57,16,37,1,1,1
2299,4,62,62,14,34,1,1,1
2300,1,153,83,47,127,1,1,1
2300,2,45,61,14,34,1,1,1
2300,3,99,57,16,37,1,1,1
2300,4,62,62,14,34,1,1,1
2301,1,154,84,47,128,1,1,1
2301,2,45,61,14,34,1,1,1
2301,3,99,57,16,37,1,1,1
2301,4,61,62,15,34,1,1,1
2302,1,155,84,47,129,1,1,1
2302,2,45,61,14,34,1,1,1
2302,3,99,57,15,37,1,1,1
2302,4,61,62,14,34,1,1,1
2303,1,156,85,48,129,1,1,1
2303,2,45,61,14,34,1,1,1
2303,3,98,57,16,37,1,1,1
2303,4,61,62,14,34,1,1,1
2304,1,157,85,48,131,1,1,1
2304,2,45,61,14,34,1,1,1
2304,3,98,57,16,37,1,1,1
2304,4,60,62,15,34,1,1,1
2305,1,158,86,48,131,1,1,1
2305,2,45,61,14,34,1,1,1
2305,3,98,57,16,37,1,1,1
2305,4,60,62,14,34,1,1,1
2306,1,159,86,48,133,1,1,1
2306,2,45,61,14,34,1,1,1
2306,3,98,57,16,37,1,1,1
2306,4,60,62,14,34,1,1,1
2307,1,161,87,48,133,1,1,1
2307,2,45,61,14,34,1,1,1
2307,3,98,57,15,37,1,1,1
2307,4,60,62,14,34,1,1,1
2308,1,162,87,48,134,1,1,1
2308,2,45,61,14,34,1,1,1
2308,3,97,57,16,37,1,1,1
2308,4,59,62,14,33,1,1,1
2309,1,163,87,48,136,1,1,1
2309,2,45,61,14,34,1,1,1
2309,3,97,57,16,37,1,1,1
2309,4,58,62,14,33,1,1,1
2310,1,164,88,48,136,1,1,1
2310,2,45,61,14,34,1,1,1
2310,3,97,57,16,37,1,1,1
2310,4,58,62,14,32,1,1,1
2311,1,165,88,49,138,1,1,1
2311,2,45,61,14,34,1,1,1
2311,3,97,57,16,37,1,1,1
2311,4,57,62,14,32,1,1,1
2312,1,166,89,49,138,1,1,1
2312,2,45,61,14,34,1,1,1
2312,3,97,57,15,37,1,1,1
2312,4,57,62,14,32,1,1,1
2313,1,167,89,49,139,1,1,1
2313,2,45,61,14,34,1,1,1
2313,3,96,57,16,37,1,1,1
2313,4,56,62,14,31,1,1,1
2314,1,168,90,49,140,1,1,1
2314,2,45,61,14,34,1,1,1
2314,3,96,57,16,37,1,1,1
2314,4,56,62,14,31,1,1,1
2315,1,169,90,50,141,1,1,1
2315,2,45,61,14,34,1,1,1
2315,3,96,57,16,37,1,1,1
2315,4,55,62,14,31,1,1,1
2316,1,170,90,50,143,1,1,1
2316,2,45,61,14,34,1,1,1
2316,3,96,57,16,37,1,1,1
2316,4,55,62,14,30,1,1,1
2317,1,171,91,50,143,1,1,1
2317,2,45,61,14,34,1,1,1
2317,3,96,57,15,37,1,1,1
2317,4,54,62,14,30,1,1,1
2318,1,172,91,50,144,1,1,1
2318,2,45,61,14,34,1,1,1
2318,3,95,57,16,37,1,1,1
2319,1,173,92,51,145,1,1,1
2319,2,45,61,14,34,1,1,1
2319,3,95,57,16,37,1,1,1
2320,1,174,92,51,146,1,1,1
2320,2,45,61,14,34,1,1,1
2320,3,95,57,16,37,1,1,1
2321,1,175,93,51,147,1,1,1
2321,2,45,61,14,34,1,1,1
2321,3,95,57,16,37,1,1,1
2322,1,176,93,51,148,1,1,1
2322,2,45,61,14,34,1,1,1
2322,3,95,57,15,37,1,1,1
2323,1,178,94,51,149,1,1,1
2323,2,45,61,14,34,1,1,1
2323,3,94,57,16,37,1,1,1
2324,1,179,94,51,150,1,1,1
2324,2,45,61,14,34,1,1,1
2324,3,94,57,16,37,1,1,1
2325,1,180,95,52,150,1,1,1
2325,2,45,61,14,34,1,1,1
2325,3,94,57,16,37,1,1,1
2326,1,182,95,52,152,1,1,1
2326,2,45,61,14,34,1,1,1
2326,3,94,57,16,37,1,1,1
2327,1,183,96,53,152,1,1,1
2327,2,45,61,14,34,1,1,1
2327,3,94,57,15,37,1,1,1
2328,1,185,96,53,154,1,1,1
2328,2,45,61,14,34,1,1,1
2328,3,93,57,16,37,1,1,1
2329,1,186,97,54,154,1,1,1
2329,2,45,61,14,34,1,1,1
2329,3,93,57,16,37,1,1,1
2330,1,188,97,54,156,1,1,1
2330,2,45,61,14,34,1,1,1
2330,3,93,57,16,37,1,1,1
2331,1,189,98,55,156,1,1,1
2331,2,45,61,14,34,1,1,1
2331,3,93,57,16,37,1,1,1
2332,1,191,98,55,157,1,1,1
2332,2,45,61,14,34,1,1,1
2332,3,93,57,15,37,1,1,1
2333,1,192,99,56,158,1,1,1
2333,2,45,61,14,34,1,1,1
2333,3,92,57,16,37,1,1,1
2334,1,194,99,56,159,1,1,1
2334,2,45,61,14,34,1,1,1
2334,3,92,57,16,37,1,1,1
2335,1,195,100,57,160,1,1,1
2335,2,45,61,14,34,1,1,1
2335,3,92,57,16,37,1,1,1
2336,1,197,100,57,161,1,1,1
2336,2,45,61,14,34,1,1,1
2336,3,92,57,16,37,1,1,1
2337,1,198,101,58,162,1,1,1
2337,2,45,61,14,34,1,1,1
2337,3,92,57,15,37,1,1,1
2338,1,200,101,58,163,1,1,1
2338,2,45,61,14,34,1,1,1
2338,3,91,57,16,37,1,1,1
2339,1,201,102,58,163,1,1,1
2339,2,45,61,14,34,1,1,1
2339,3,91,57,16,37,1,1,1
2340,1,202,102,59,165,1,1,1
2340,2,45,61,14,34,1,1,1
2340,3,91,57,16,37,1,1,1
2341,1,204,103,59,165,1,1,1
2341,2,46,61,14,34,1,1,1
2341,3,91,57,16,37,1,1,1
2342,1,205,103,60,167,1,1,1
2342,2,46,60,14,35,1,1,1
2342,3,91,57,15,37,1,1,1
2343,1,207,104,60,167,1,1,1
2343,2,46,60,14,35,1,1,1
2343,3,90,57,16,37,1,1,1
2344,1,208,104,61,169,1,1,1
2344,2,46,60,14,35,1,1,1
2344,3,90,57,16,37,1,1,1
2345,1,210,105,61,169,1,1,1
2345,2,46,60,14,35,1,1,1
2345,3,90,57,16,37,1,1,1
2346,1,211,105,62,170,1,1,1
2346,2,47,60,14,35,1,1,1
2346,3,90,57,16,37,1,1,1
2347,1,213,106,62,171,1,1,1
2347,2,47,60,14,35,1,1,1
2347,3,90,57,15,37,1,1,1
2348,1,214,106,63,172,1,1,1
2348,2,47,60,14,35,1,1,1
2348,3,89,57,16,37,1,1,1
2349,1,216,107,63,173,1,1,1
2349,2,47,60,14,35,1,1,1
2349,3,89,57,16,37,1,1,1
2350,1,217,107,64,174,1,1,1
2350,2,47,60,14,35,1,1,1
2350,3,89,57,16,37,1,1,1
2351,1,219,108,64,175,1,1,1
2351,2,48,60,14,35,1,1,1
2351,3,89,57,16,37,1,1,1
2352,1,220,108,65,176,1,1,1
2352,2,48,60,14,35,1,1,1
2352,3,89,57,15,37,1,1,1
2353,1,222,109,65,177,1,1,1
2353,2,48,60,14,35,1,1,1
2353,3,88,57,16,37,1,1,1
2354,1,224,109,66,177,1,1,1
2354,2,48,60,14,35,1,1,1
2354,3,88,57,16,37,1,1,1
2355,1,227,109,67,177,1,1,1
2355,2,48,60,14,35,1,1,1
2355,3,88,57,16,37,1,1,1
2356,1,230,110,68,176,1,1,1
2356,2,49,60,14,35,1,1,1
2356,3,88,57,16,37,1,1,1
2357,1,233,110,68,176,1,1,1
2357,2,49,60,14,35,1,1,1
2357,3,88,57,15,37,1,1,1
2358,1,236,111,69,175,1,1,1
2358,2,49,60,14,35,1,1,1
2358,3,88,57,15,37,1,1,1
2359,1,239,111,70,175,1,1,1
2359,2,49,60,14,35,1,1,1
2359,3,87,57,16,37,1,1,1
2360,1,242,112,71,174,1,1,1
2360,2,49,60,14,35,1,1,1
2360,3,87,57,16,37,1,1,1
2361,1,245,112,71,174,1,1,1
2361,2,50,60,14,35,1,1,1
2361,3,87,57,16,37,1,1,1
2362,1,248,112,71,174,1,1,1
2362,2,50,60,14,35,1,1,1
2362,3,87,57,15,37,1,1,1
2363,1,251,113,71,173,1,1,1
2363,2,50,60,14,35,1,1,1
2363,3,87,57,15,37,1,1,1
2364,1,254,113,72,173,1,1,1
2364,2,50,60,14,35,1,1,1
2364,3,86,57,16,37,1,1,1
2365,1,257,114,72,172,1,1,1
2365,2,51,60,13,35,1,1,1
2365,3,86,57,16,37,1,1,1
2366,1,260,114,72,172,1,1,1
2366,2,51,60,14,35,1,1,1
2366,3,86,57,16,37,1,1,1
2367,1,263,115,73,171,1,1,1
2367,2,51,60,14,35,1,1,1
2367,3,86,57,15,37,1,1,1
2368,1,266,115,73,171,1,1,1
2368,2,51,60,14,35,1,1,1
2368,3,86,57,15,37,1,1,1
2369,1,269,115,73,171,1,1,1
2369,2,51,60,14,35,1,1,1
2369,3,85,57,16,37,1,1,1
2370,1,272,116,73,170,1,1,1
2370,2,52,60,13,35,1,1,1
2370,3,85,57,16,37,1,1,1
2371,1,275,116,74,170,1,1,1
2371,2,52,60,14,35,1,1,1
2371,3,85,57,16,37,1,1,1
2372,1,278,117,74,169,1,1,1
2372,2,52,60,14,35,1,1,1
2372,3,85,57,15,37,1,1,1
2373,1,281,117,74,169,1,1,1
2373,2,52,60,14,35,1,1,1
2373,3,85,57,15,37,1,1,1
2374,1,284,118,75,168,1,1,1
2374,2,52,60,14,35,1,1,1
2374,3,84,57,16,37,1,1,1
2375,1,287,118,72,168,1,1,1
2375,2,53,60,13,35,1,1,1
2375,3,84,57,16,37,1,1,1
2376,1,290,119,69,167,1,1,1
2376,2,53,60,14,35,1,1,1
2376,3,84,57,16,37,1,1,1
2377,1,293,119,66,167,1,1,1
2377,2,53,60,14,35,1,1,1
2377,3,84,57,15,37,1,1,1
2378,2,53,60,14,35,1,1,1
2378,3,84,57,15,37,1,1,1
2379,2,53,60,14,35,1,1,1
2379,3,83,57,16,37,1,1,1
2380,2,54,60,13,35,1,1,1
2380,3,83,57,16,37,1,1,1
2381,2,54,60,14,35,1,1,1
2381,3,83,57,16,37,1,1,1
2382,2,54,60,14,35,1,1,1
2382,3,83,57,15,37,1,1,1
2383,2,54,60,14,35,1,1,1
2383,3,83,57,15,37,1,1,1
2384,2,54,60,14,35,1,1,1
2384,3,82,57,16,37,1,1,1
2385,2,55,60,13,35,1,1,1
2385,3,82,57,16,37,1,1,1
2386,2,55,60,14,35,1,1,1
2386,3,82,57,16,37,1,1,1
2387,2,55,60,14,35,1,1,1
2387,3,82,57,15,37,1,1,1
2388,2,55,60,14,35,1,1,1
2388,3,82,57,15,37,1,1,1
2389,2,56,60,13,35,1,1,1
2389,3,81,57,16,37,1,1,1
2390,2,56,60,13,35,1,1,1
2390,3,81,57,16,37,1,1,1
2391,2,56,60,14,35,1,1,1
2391,3,81,57,15,37,1,1,1
2392,2,56,60,14,35,1,1,1
2392,3,81,57,15,37,1,1,1
2393,2,56,60,14,35,1,1,1
2393,3,81,57,15,37,1,1,1
2394,2,57,60,13,35,1,1,1
2394,3,80,57,16,37,1,1,1
2395,2,57,60,13,35,1,1,1
2395,3,80,57,16,37,1,1,1
2396,2,57,60,14,35,1,1,1
2396,3,80,57,15,37,1,1,1
2397,2,57,60,14,35,1,1,1
2397,3,80,57,15,37,1,1,1
2398,2,57,60,14,35,1,1,1
2398,3,80,57,15,37,1,1,1
2399,2,58,60,13,35,1,1,1
2399,3,79,57,16,37,1,1,1
2400,2,58,60,13,35,1,1,1
2400,3,79,57,16,37,1,1,1
2401,2,58,60,14,35,1,1,1
2401,3,79,57,15,37,1,1,1
2402,2,58,60,14,35,1,1,1
2402,3,79,57,15,37,1,1,1
2403,2,58,60,14,35,1,1,1
2403,3,79,57,15,37,1,1,1
2404,2,59,60,13,35,1,1,1
2404,3,78,57,16,37,1,1,1
2405,2,59,60,13,35,1,1,1
2405,3,78,57,16,37,1,1,1
2406,2,59,60,14,35,1,1,1
2406,3,78,57,15,37,1,1,1
2407,2,59,60,14,35,1,1,1
2407,3,78,57,15,37,1,1,1
2408,2,59,60,14,35,1,1,1
2408,3,78,57,15,37,1,1,1
2409,2,60,60,13,35,1,1,1
2409,3,77,57,16,37,1,1,1
2410,2,60,60,13,35,1,1,1
2410,3,77,57,16,37,1,1,1
2411,2,60,60,14,35,1,1,1
2411,3,77,57,15,37,1,1,1
2412,2,60,60,14,35,1,1,1
2412,3,77,57,15,37,1,1,1
2413,2,61,60,13,35,1,1,1
2413,3,77,57,15,37,1,1,1
2414,2,61,60,13,35,1,1,1
2414,3,76,57,16,37,1,1,1
2415,2,61,60,13,35,1,1,1
2415,3,76,57,16,37,1,1,1
2416,2,61,60,14,35,1,1,1
2416,3,76,57,15,37,1,1,1
2417,2,61,60,14,35,1,1,1
2417,3,76,57,15,37,1,1,1
2418,2,62,60,13,35,1,1,1
2418,3,76,57,15,37,1,1,1
2419,2,62,60,13,35,1,1,1
2419,3,76,57,15,37,1,1,1
2420,2,62,60,14,35,1,1,1
2420,3,75,57,16,37,1,1,1
2421,2,62,60,14,35,1,1,1
2421,3,75,57,15,37,1,1,1
2422,2,62,60,14,35,1,1,1
2422,3,75,57,15,37,1,1,1
2423,2,63,60,13,35,1,1,1
2423,3,75,57,15,37,1,1,1
2424,2,63,60,13,35,1,1,1
2424,3,75,57,15,37,1,1,1
2425,2,63,60,14,35,1,1,1
2425,3,74,57,16,37,1,1,1
2426,2,63,60,14,35,1,1,1
2426,3,74,57,15,37,1,1,1
2427,2,63,60,14,35,1,1,1
2427,3,74,57,15,37,1,1,1
2428,2,64,60,13,35,1,1,1
2428,3,74,57,15,37,1,1,1
2429,2,64,60,13,35,1,1,1
2429,3,74,57,15,37,1,1,1
2430,2,64,60,14,35,1,1,1
2430,3,73,57,16,37,1,1,1
2431,2,64,60,14,35,1,1,1
2431,3,73,57,15,37,1,1,1
2432,2,65,60,13,35,1,1,1
2432,3,73,57,15,37,1,1,1
2433,2,65,60,13,35,1,1,1
2433,3,73,57,15,37,1,1,1
2434,2,65,60,13,35,1,1,1
2434,3,73,57,15,37,1,1,1
2435,2,65,60,14,35,1,1,1
2435,3,72,57,16,37,1,1,1
2436,2,65,60,14,35,1,1,1
2436,3,72,57,15,37,1,1,1
2437,2,66,60,13,35,1,1,1
2437,3,72,57,15,37,1,1,1
2438,2,66,60,13,35,1,1,1
2438,3,72,57,15,37,1,1,1
2439,2,66,60,13,35,1,1,1
2439,3,72,57,15,37,1,1,1
2440,2,66,60,14,35,1,1,1
2440,3,71,57,16,37,1,1,1
2441,2,66,60,14,35,1,1,1
2441,3,71,57,15,37,1,1,1
2442,2,67,60,13,35,1,1,1
2442,3,71,57,15,37,1,1,1
2443,2,67,60,13,35,1,1,1
2443,3,71,57,15,37,1,1,1
2444,2,67,60,13,35,1,1,1
2444,3,71,57,15,37,1,1,1
2445,2,67,60,14,35,1,1,1
2445,3,70,57,16,37,1,1,1
2446,2,67,60,14,35,1,1,1
2446,3,70,57,15,37,1,1,1
2447,2,68,60,13,35,1,1,1
2447,3,70,57,15,37,1,1,1
2448,2,68,60,13,35,1,1,1
2448,3,70,57,15,37,1,1,1
2449,2,68,60,13,35,1,1,1
2449,3,70,57,15,37,1,1,1
2450,2,68,60,14,35,1,1,1
2450,3,69,57,16,37,1,1,1
2451,2,68,60,14,35,1,1,1
2451,3,69,57,15,37,1,1,1
2452,2,69,60,13,35,1,1,1
2452,3,69,57,15,37,1,1,1
2453,2,69,60,13,35,1,1,1
2453,3,69,57,15,37,1,1,1
2454,2,69,60,13,35,1,1,1
2454,3,69,57,15,37,1,1,1
2455,2,69,60,14,35,1,1,1
2455,3,68,57,16,37,1,1,1
2456,2,70,60,13,35,1,1,1
2456,3,68,57,15,37,1,1,1
2457,2,70,60,13,35,1,1,1
2457,3,68,57,15,37,1,1,1
2458,2,70,60,13,35,1,1,1
2458,3,68,57,15,37,1,1,1
2459,2,70,60,13,35,1,1,1
2459,3,68,57,15,37,1,1,1
2460,2,70,60,14,35,1,1,1
2460,3,67,57,16,37,1,1,1
2461,2,71,60,13,35,1,1,1
2461,3,67,57,15,37,1,1,1
2462,2,71,60,13,35,1,1,1
2462,3,67,57,15,37,1,1,1
2463,2,71,60,13,35,1,1,1
2463,3,67,57,15,37,1,1,1
2464,2,71,60,13,35,1,1,1
2464,3,67,57,15,37,1,1,1
2465,2,71,60,14,35,1,1,1
2465,3,66,57,16,37,1,1,1
2466,2,72,60,13,35,1,1,1
2466,3,66,57,15,37,1,1,1
2467,2,72,60,13,35,1,1,1
2467,3,66,57,15,37,1,1,1
2468,2,72,60,13,35,1,1,1
2468,3,66,57,15,37,1,1,1
2469,2,72,60,13,35,1,1,1
2469,3,66,57,15,37,1,1,1
2470,2,72,60,14,35,1,1,1
2470,3,65,57,16,37,1,1,1
2471,2,73,60,13,35,1,1,1
2471,3,65,57,15,37,1,1,1
2472,2,73,60,13,35,1,1,1
2472,3,65,57,15,37,1,1,1
2473,2,73,60,13,35,1,1,1
2473,3,65,57,15,37,1,1,1
2474,2,73,60,13,35,1,1,1
2474,3,65,57,15,37,1,1,1
2475,2,73,60,14,35,1,1,1
2475,3,65,57,15,37,1,1,1
2476,2,74,60,13,35,1,1,1
2476,3,65,57,15,37,1,1,1
2477,2,74,60,13,35,1,1,1
2477,3,65,57,15,37,1,1,1
2478,2,74,60,13,35,1,1,1
2478,3,65,57,15,37,1,1,1
2479,2,74,60,13,35,1,1,1
2479,3,65,57,15,37,1,1,1
2480,2,75,60,13,35,1,1,1
2480,3,65,57,15,37,1,1,1
2481,2,75,60,13,35,1,1,1
2481,3,65,57,15,37,1,1,1
2482,2,75,60,13,35,1,1,1
2482,3,65,57,15,37,1,1,1
2483,2,75,60,13,35,1,1,1
2483,3,65,57,15,37,1,1,1
2484,2,75,60,13,35,1,1,1
2484,3,65,57,15,37,1,1,1
2485,2,76,60,13,35,1,1,1
2485,3,65,57,15,37,1,1,1
2486,2,76,60,13,35,1,1,1
2486,3,65,57,15,37,1,1,1
2487,2,76,60,13,35,1,1,1
2487,3,65,57,16,37,1,1,1
2488,2,76,60,13,35,1,1,1
2488,3,65,57,16,37,1,1,1
2489,2,76,60,13,35,1,1,1
2489,3,65,57,16,37,1,1,1
2490,2,77,60,13,35,1,1,1
2490,3,65,57,16,37,1,1,1
2491,2,77,60,13,35,1,1,1
2491,3,65,57,16,37,1,1,1
2492,2,77,60,13,35,1,1,1
2492,3,65,57,16,37,1,1,1
2493,2,77,60,13,35,1,1,1
2493,3,65,57,16,37,1,1,1
2494,2,77,60,13,35,1,1,1
2494,3,65,57,16,37,1,1,1
2495,2,78,60,13,35,1,1,1
2495,3,65,57,16,37,1,1,1
2496,2,78,60,13,35,1,1,1
2496,3,65,57,16,37,1,1,1
2497,2,78,60,13,35,1,1,1
2497,3,65,57,16,37,1,1,1
2498,2,78,60,13,35,1,1,1
2498,3,65,57,16,37,1,1,1
2499,1,53,60,14,39,1,1,1
2499,2,79,60,13,35,1,1,1
2499,3,66,57,16,37,1,1,1
