61 2 602 162 68 212
64 2 600 155 63 212
65 2 596 166 63 203
66 2 585 164 83 204
67 2 581 164 82 203
68 2 570 166 98 204
69 2 563 165 98 204
70 2 563 165 98 203
71 2 565 167 97 203
72 2 564 167 97 203
73 2 560 168 98 204
74 2 563 171 97 204
75 2 559 171 98 204
76 2 556 170 97 204
77 2 552 169 98 204
78 1 -40 178 82 175
78 2 548 168 97 204
79 1 -38 177 82 175
79 2 545 168 98 203
80 1 -37 176 82 175
80 2 541 166 97 204
81 1 -23 178 67 167
81 2 539 166 81 204
82 1 -23 175 67 182
82 2 540 164 81 204
83 1 -16 173 66 182
83 2 537 165 81 204
84 1 -20 173 75 183
84 2 536 166 81 204
85 1 -23 175 75 182
85 2 532 166 82 204
86 1 -22 175 76 182
86 2 528 168 81 204
87 1 -21 175 76 182
87 2 517 162 81 204
88 1 -19 176 75 183
88 2 514 165 81 204
89 1 -18 177 76 182
89 2 506 165 91 205
90 1 -15 181 72 174
90 2 507 167 91 204
91 1 -14 181 72 174
91 2 500 169 91 205
92 1 -13 177 72 174
92 2 502 171 91 198
93 1 -10 179 72 176
93 2 501 171 91 198
94 1 -9 181 72 176
94 2 499 172 91 197
95 1 -7 181 71 177
95 2 494 168 96 207
96 1 -5 181 71 176
96 2 495 172 91 197
97 1 -3 180 72 176
97 2 495 169 72 198
98 1 -2 180 72 177
98 2 496 169 71 198
99 1 0 180 72 176
99 2 482 169 72 198
100 1 3 180 72 176
100 2 473 170 72 198
101 1 6 176 71 180
101 2 466 170 71 198
102 1 9 178 72 181
102 2 470 168 72 198
103 1 13 169 68 186
103 2 468 168 71 198
104 1 15 175 68 186
104 2 456 170 78 198
105 1 17 174 68 185
105 2 449 169 86 198
106 1 19 172 68 186
106 2 451 170 87 198
107 1 22 178 68 185
107 2 450 173 86 199
108 1 26 173 80 186
108 2 447 175 84 194
109 1 35 174 77 186
109 2 441 172 87 199
110 1 39 171 76 186
110 2 442 175 86 199
111 1 40 172 77 186
111 2 440 170 87 198
112 1 41 174 85 186
112 2 440 167 75 199
113 1 40 172 85 186
113 2 442 167 75 199
114 1 36 175 85 186
114 2 440 169 63 199
115 1 38 175 85 186
115 2 438 169 63 199
116 1 40 175 85 186
116 2 425 166 63 199
117 1 43 175 85 186
117 2 425 169 63 192
118 1 45 176 85 186
118 2 422 174 62 191
119 1 47 176 86 186
119 2 420 167 63 192
120 1 51 175 85 186
120 2 407 173 81 190
121 1 52 175 85 186
121 2 402 171 81 191
122 1 55 174 74 186
122 2 399 172 81 190
123 1 60 175 75 186
123 2 394 166 88 197
124 1 63 175 75 186
124 2 389 168 89 197
125 1 65 175 74 186
125 2 386 171 88 197
126 1 67 175 75 186
126 2 390 172 88 195
127 1 69 176 75 186
127 2 384 173 88 190
128 1 69 172 78 196
128 2 382 170 88 190
129 1 75 169 78 196
129 2 381 170 88 190
130 1 75 173 79 195
130 2 380 170 88 190
131 1 76 174 79 196
131 2 379 169 88 190
132 1 80 178 75 186
132 2 378 169 72 191
133 1 82 178 75 187
133 2 377 169 66 190
134 1 82 175 78 196
134 2 372 170 67 191
135 1 84 175 78 196
135 2 372 170 57 191
136 1 86 175 79 196
136 2 364 171 64 191
137 1 88 175 79 196
137 2 364 173 64 191
138 1 89 175 79 196
138 2 356 173 64 191
139 1 91 174 79 196
139 2 349 176 72 191
140 1 94 173 78 197
140 2 347 175 72 191
141 1 96 173 79 197
141 2 345 173 73 191
142 1 98 173 79 196
142 2 345 175 72 191
143 1 112 174 67 196
143 2 342 176 72 191
144 1 111 174 67 197
144 2 338 175 73 191
145 1 112 175 67 197
145 2 336 175 79 191
146 1 114 175 67 197
146 2 331 176 79 191
147 1 115 177 67 196
147 2 337 176 71 191
148 1 117 176 77 197
148 2 330 171 71 191
149 1 127 175 77 197
149 2 330 174 69 192
150 1 122 175 87 197
150 2 328 173 69 191
151 1 120 175 87 197
151 2 326 172 58 192
152 1 123 176 95 197
152 2 323 171 54 192
153 1 122 176 95 197
153 2 319 173 54 192
154 1 124 176 96 197
154 2 316 176 58 191
155 1 125 176 96 197
155 2 317 176 58 191
156 1 127 176 96 197
156 2 302 174 67 191
157 1 129 176 96 197
157 2 292 176 77 184
158 1 131 176 96 197
158 2 290 175 77 183
159 1 134 175 96 197
159 2 286 177 81 184
160 1 135 175 96 197
160 2 285 179 82 184
161 1 137 174 95 197
161 2 283 178 81 184
162 1 151 169 85 207
162 2 285 175 82 184
163 1 156 169 84 207
163 2 286 178 81 184
164 1 158 168 72 207
164 2 283 179 81 184
165 1 162 170 73 207
165 2 278 173 81 185
166 1 165 170 73 207
166 2 278 177 81 185
167 1 167 171 73 207
167 2 277 175 80 185
168 1 168 171 73 207
168 2 274 177 72 185
169 1 169 171 73 207
169 2 274 176 66 184
170 1 180 170 73 207
170 2 274 177 66 184
171 1 181 171 73 207
171 2 273 175 57 185
172 1 181 171 73 207
172 2 271 175 48 184
173 1 184 177 70 197
173 2 271 177 48 185
174 1 185 177 70 197
174 2 269 173 49 194
175 1 188 177 69 197
175 2 259 176 56 187
176 1 189 177 70 197
176 2 248 179 67 182
177 1 180 177 74 198
177 2 242 177 67 182
178 1 179 177 74 198
178 2 241 177 67 182
179 1 187 175 74 198
179 2 233 177 75 182
180 1 190 177 63 197
180 2 233 178 75 182
181 1 186 177 63 198
181 2 233 177 75 182
182 1 189 173 63 198
182 2 232 175 75 182
183 1 192 177 63 198
183 2 230 176 75 182
184 1 192 177 63 197
184 2 227 177 76 182
185 1 193 177 63 197
185 2 225 176 75 181
186 1 196 177 62 197
186 2 228 176 69 181
187 1 196 177 63 197
187 2 223 177 67 182
188 1 198 177 57 198
188 2 229 179 58 177
189 1 203 176 56 198
189 2 228 177 58 177
190 1 202 177 56 198
190 2 227 182 53 176
191 1 201 176 57 198
191 2 223 180 50 174
192 1 201 177 57 198
192 2 218 179 50 176
193 1 201 176 57 198
193 2 218 179 48 178
194 1 200 176 57 198
194 2 209 175 58 184
195 1 200 176 56 198
195 2 214 180 51 177
196 1 200 176 56 198
196 2 202 178 58 178
197 1 199 176 56 198
197 2 194 178 66 178
198 1 198 176 57 198
198 2 190 180 72 178
199 1 198 177 56 198
199 2 193 173 70 183
200 1 196 177 57 197
200 2 185 178 79 178
201 1 196 177 56 197
201 2 190 179 69 180
202 1 196 177 56 197
202 2 188 178 68 179
203 1 196 174 57 198
203 2 188 177 67 180
204 1 196 174 56 198
204 2 189 178 62 179
205 1 196 173 56 198
205 2 187 173 65 186
206 1 195 172 67 198
206 2 187 175 66 184
207 1 192 169 66 198
207 2 181 175 71 181
208 1 191 174 67 193
208 2 184 176 63 183
209 1 190 180 67 194
209 2 185 174 62 185
210 1 191 175 66 193
210 2 179 176 63 183
211 1 192 174 66 194
211 2 174 175 62 185
212 1 190 172 69 203
212 2 174 176 59 185
213 1 190 172 70 203
213 2 175 172 49 188
214 1 190 171 70 203
214 2 170 172 58 188
215 1 190 172 70 203
215 2 173 172 55 188
216 1 191 172 70 203
216 2 170 173 52 191
217 1 191 172 70 203
217 2 175 174 46 185
218 1 192 172 70 203
218 2 175 178 39 184
219 1 192 171 70 203
219 2 174 176 42 184
220 1 192 172 70 203
220 2 170 177 42 184
221 1 192 173 70 203
221 2 169 177 42 184
222 1 195 177 67 194
222 2 168 175 42 184
223 1 195 178 67 193
223 2 160 174 52 184
224 1 196 179 67 193
224 2 161 173 51 184
225 1 196 178 67 194
225 2 157 170 51 184
226 1 195 174 70 203
226 2 154 173 52 184
227 1 195 174 70 203
227 2 150 172 52 184
228 1 196 174 69 203
228 2 151 174 52 183
229 1 196 174 69 203
229 2 149 173 52 184
230 1 196 175 70 203
230 2 140 173 63 187
231 1 196 175 69 203
231 2 136 173 63 186
232 1 196 174 69 203
232 2 128 173 68 186
233 1 196 174 69 203
233 2 123 173 73 191
234 1 194 174 70 203
234 2 123 172 73 191
235 1 195 173 70 203
235 2 124 171 73 191
236 1 194 173 70 203
236 2 125 170 73 191
237 1 194 174 70 203
237 2 122 170 73 191
238 1 194 173 70 203
238 2 121 170 73 191
239 1 194 173 70 203
239 2 118 172 73 191
240 1 194 172 70 203
240 2 116 169 73 191
241 1 194 172 70 203
241 2 116 170 73 190
242 1 194 172 70 203
242 2 114 170 73 191
243 1 194 172 70 203
243 2 116 174 73 191
244 1 193 172 70 203
244 2 115 174 73 191
245 1 194 172 70 203
245 2 114 174 73 191
246 1 196 177 67 193
246 2 113 174 73 191
247 1 196 175 67 193
247 2 113 174 73 191
248 1 196 175 67 194
248 2 113 175 73 191
249 1 196 175 67 193
249 2 113 175 73 191
250 1 197 175 66 193
250 2 113 175 73 191
251 1 197 176 67 194
251 2 114 176 73 191
252 1 198 175 66 194
252 2 114 176 73 191
253 1 198 175 67 194
253 2 115 176 73 191
254 1 197 172 70 203
254 2 116 176 73 191
255 1 197 171 70 203
255 2 116 176 73 191
256 1 198 171 70 203
256 2 117 176 73 191
257 1 198 172 70 203
257 2 118 176 73 191
258 1 201 174 66 193
258 2 118 176 73 191
259 1 201 175 66 194
259 2 120 176 73 191
260 1 201 175 67 194
260 2 122 176 73 191
261 1 201 175 67 194
261 2 122 176 73 184
262 1 200 172 70 203
262 2 123 173 73 184
263 1 200 172 70 203
263 2 121 174 73 184
264 1 200 172 70 203
264 2 120 174 68 183
265 1 200 172 70 203
265 2 123 174 69 184
266 1 200 172 70 203
266 2 130 173 63 183
267 1 200 173 70 203
267 2 135 175 58 183
268 1 200 172 70 203
268 2 134 174 57 184
269 1 199 172 70 203
269 2 131 172 63 183
270 1 199 173 70 203
270 2 136 173 63 183
271 1 198 172 69 203
271 2 135 173 64 184
272 1 197 173 70 203
272 2 136 175 63 183
273 1 196 173 70 203
273 2 136 173 64 183
274 1 195 174 70 203
274 2 139 174 63 184
275 1 195 174 70 203
275 2 140 172 63 184
276 1 193 173 70 203
276 2 148 173 53 184
277 1 192 173 70 203
277 2 151 178 54 184
278 1 191 173 70 203
278 2 153 178 53 184
279 1 189 174 70 203
279 2 154 177 53 184
280 1 189 179 67 194
280 2 155 182 51 175
281 1 186 174 70 203
281 2 156 182 51 175
282 1 185 179 66 194
282 2 155 178 54 178
283 1 184 179 66 193
283 2 159 182 53 178
284 1 181 178 66 194
284 2 158 177 56 180
285 1 177 173 70 203
285 2 161 179 57 174
286 1 178 178 66 193
286 2 161 182 57 169
287 1 176 178 66 194
287 2 155 174 81 181
288 1 175 179 60 193
288 2 158 178 81 177
289 1 176 178 60 193
289 2 164 181 79 174
290 1 176 178 58 193
290 2 159 180 82 176
291 1 176 179 62 193
291 2 160 180 75 175
292 1 176 178 56 193
292 2 164 179 77 176
293 1 178 178 56 193
293 2 171 180 70 177
294 1 178 178 56 193
294 2 173 180 69 176
295 1 178 178 56 193
295 2 188 183 54 174
296 1 168 179 56 193
296 2 192 179 50 176
297 1 175 178 56 193
297 2 201 179 43 180
298 1 174 179 57 193
298 2 213 180 35 180
299 1 167 175 56 193
299 2 214 179 39 177
300 1 172 178 52 193
300 2 214 183 46 176
301 1 163 180 57 193
301 2 213 181 52 177
302 1 161 177 56 193
302 2 212 178 63 177
303 1 163 177 56 193
303 2 210 179 72 176
304 1 158 179 63 193
304 2 210 176 79 177
305 1 157 178 62 193
305 2 211 179 79 176
306 1 154 177 63 193
306 2 211 180 79 177
307 1 156 179 63 193
307 2 213 180 79 176
308 1 155 179 63 193
308 2 209 181 79 177
309 1 153 179 63 193
309 2 212 179 79 176
310 1 152 178 63 193
310 2 216 182 79 177
311 1 149 174 66 202
311 2 219 177 74 177
312 1 147 170 61 203
312 2 224 180 68 176
313 1 145 173 61 202
313 2 231 182 68 177
314 1 143 177 58 193
314 2 232 182 68 177
315 1 142 175 58 192
315 2 233 181 68 177
316 1 139 172 61 202
316 2 235 182 67 177
317 1 136 173 64 200
317 2 233 178 70 186
318 1 135 173 63 200
318 2 234 178 70 185
319 1 132 173 64 200
319 2 234 179 70 185
320 1 123 173 71 191
320 2 235 180 71 185
321 1 120 174 71 195
321 2 237 181 70 185
322 1 115 174 71 195
322 2 238 181 70 186
323 1 117 174 71 192
323 2 241 179 68 177
324 1 118 174 71 191
324 2 243 181 68 177
325 1 116 174 71 193
325 2 245 182 67 177
326 1 114 174 71 193
326 2 246 182 68 177
327 1 113 173 70 193
327 2 246 182 68 177
328 1 111 173 71 194
328 2 248 182 67 177
329 1 110 173 70 194
329 2 246 179 71 185
330 1 108 174 71 193
330 2 248 179 70 185
331 1 106 173 71 194
331 2 249 179 70 185
332 1 104 172 71 193
332 2 250 178 71 186
333 1 103 171 70 194
333 2 251 178 71 185
334 1 103 174 68 185
334 2 252 177 71 186
335 1 102 175 68 184
335 2 253 177 71 185
336 1 100 172 70 194
336 2 254 178 70 185
337 1 99 173 71 193
337 2 256 177 70 186
338 1 99 173 70 194
338 2 257 176 68 183
339 1 99 176 70 187
339 2 260 180 68 183
340 1 99 176 70 187
340 2 260 175 68 189
341 1 99 177 70 187
341 2 262 178 67 190
342 1 98 177 71 187
342 2 261 178 67 189
343 1 98 178 71 187
343 2 261 178 67 190
344 1 98 178 71 188
344 2 261 172 67 196
345 1 98 178 70 187
345 2 260 176 68 195
346 1 98 179 71 188
346 2 260 176 67 195
347 1 99 179 70 188
347 2 259 176 67 195
348 1 99 179 70 188
348 2 259 176 63 195
349 1 98 175 74 196
349 2 260 177 63 195
350 1 98 175 74 196
350 2 259 177 63 195
351 1 98 174 74 197
351 2 249 178 70 190
352 1 101 178 70 187
352 2 251 180 71 189
353 1 100 178 71 188
353 2 249 181 71 189
354 1 101 179 71 187
354 2 247 182 71 189
355 1 102 179 71 187
355 2 245 177 70 190
356 1 102 178 71 188
356 2 241 177 70 190
357 1 103 178 71 188
357 2 240 180 75 189
358 1 103 178 71 188
358 2 234 175 75 189
359 1 104 179 71 188
359 2 233 177 75 190
360 1 104 180 71 187
360 2 231 171 75 197
361 1 106 180 71 188
361 2 230 174 74 196
362 1 107 180 71 188
362 2 227 174 74 196
363 1 108 180 71 188
363 2 226 169 70 201
364 1 109 180 71 180
364 2 230 168 62 202
365 1 110 181 82 179
365 2 228 168 58 201
366 1 111 181 80 177
366 2 221 169 58 201
367 1 111 180 84 179
367 2 219 170 58 201
368 1 111 175 80 191
368 2 216 173 58 200
369 1 112 175 75 188
369 2 210 174 58 200
370 1 115 177 74 183
370 2 203 172 69 200
371 1 120 177 75 184
371 2 200 171 69 201
372 1 123 178 74 183
372 2 193 174 77 200
373 1 116 177 74 183
373 2 196 176 76 200
374 1 114 177 75 183
374 2 193 176 77 200
375 1 121 179 71 183
375 2 192 175 77 201
376 1 122 179 70 183
376 2 190 176 76 200
377 1 124 179 71 183
377 2 186 170 79 203
378 1 131 180 62 184
378 2 189 170 69 203
379 1 134 177 63 184
379 2 188 167 69 204
380 1 139 177 56 184
380 2 193 173 56 203
381 1 141 175 56 183
381 2 187 169 56 203
382 1 149 181 52 179
382 2 188 166 50 208
383 1 152 181 45 180
383 2 183 166 51 211
384 1 156 182 45 179
384 2 178 167 50 212
385 1 155 180 48 180
385 2 172 172 51 207
386 1 154 183 56 175
386 2 160 173 60 201
387 2 149 171 68 204
387 1 148 179 66 183
388 2 141 182 74 193
388 1 154 180 67 178
389 2 138 174 85 201
389 1 154 185 72 173
390 2 137 173 84 201
390 1 150 180 74 178
391 2 136 176 84 201
391 1 149 181 78 180
392 2 135 179 85 200
392 1 153 184 72 177
393 1 160 183 63 171
393 2 133 177 85 201
394 1 161 182 63 174
394 2 131 178 85 201
395 1 161 181 63 174
395 2 129 172 88 210
396 1 164 182 63 174
396 2 126 171 89 201
397 1 158 180 63 178
397 2 127 173 72 195
398 1 168 183 56 177
398 2 126 174 68 195
399 1 167 183 56 177
399 2 125 170 60 195
400 1 169 183 55 177
400 2 118 172 61 195
401 1 172 181 55 177
401 2 116 172 61 195
402 1 172 182 56 177
402 2 116 171 60 195
403 1 173 182 56 177
403 2 111 166 60 203
404 1 175 184 56 177
404 2 103 172 68 202
405 1 182 183 50 177
405 2 103 167 68 202
406 1 183 184 50 177
406 2 89 168 76 202
407 1 185 185 50 177
407 2 90 169 75 202
408 1 185 181 70 177
408 2 80 169 84 202
409 1 182 184 69 177
409 2 88 174 84 202
410 1 184 184 81 177
410 2 76 172 84 202
411 1 190 180 82 184
411 2 83 175 84 202
412 1 185 181 88 184
412 2 81 175 84 202
413 1 183 181 88 184
413 2 78 174 84 201
414 1 184 182 88 184
414 2 75 168 88 212
415 1 185 182 88 184
415 2 75 173 84 201
416 1 187 182 87 184
416 2 73 173 84 201
417 1 190 182 88 184
417 2 72 172 84 201
418 1 193 181 88 184
418 2 71 171 84 202
419 1 195 181 87 184
419 2 69 171 84 202
420 1 197 181 87 184
420 2 67 171 84 202
421 1 201 180 77 184
421 2 64 165 88 212
422 1 208 179 77 184
422 2 63 165 88 212
423 1 212 181 73 175
423 2 64 170 83 202
424 1 214 181 73 175
424 2 64 171 83 201
425 1 217 180 73 176
425 2 64 171 83 201
426 1 217 176 77 185
426 2 62 172 84 201
427 1 219 177 77 185
427 2 62 172 84 201
428 1 219 174 81 193
428 2 64 172 83 202
429 1 222 179 80 188
429 2 63 173 84 201
430 1 227 178 81 185
430 2 64 173 83 194
431 1 231 178 91 185
431 2 64 173 83 192
432 1 234 178 91 186
432 2 63 173 84 190
433 1 232 179 91 185
433 2 64 178 84 190
434 1 235 179 91 185
434 2 64 178 84 189
435 1 237 179 91 185
435 2 65 177 83 190
436 1 238 179 91 185
436 2 65 177 83 189
437 1 240 179 91 185
437 2 65 176 83 190
438 1 243 178 91 186
438 2 62 172 84 190
439 1 245 177 91 186
439 2 62 176 84 189
440 1 248 178 91 185
440 2 62 176 84 189
441 1 250 177 91 186
441 2 61 176 84 189
442 1 251 179 91 186
442 2 59 176 84 189
443 1 271 180 66 185
443 2 59 176 84 189
444 1 274 182 65 185
444 2 51 171 84 189
445 1 276 182 66 185
445 2 54 177 84 189
446 1 279 182 66 186
446 2 54 177 83 190
447 1 280 179 66 186
447 2 43 174 83 189
448 1 285 180 66 186
448 2 48 179 84 189
449 1 288 180 76 186
449 2 46 179 83 189
450 1 290 180 76 185
450 2 39 175 84 189
451 1 293 180 76 186
451 2 39 173 83 181
452 1 296 179 90 186
452 2 39 177 83 180
453 1 294 180 96 185
453 2 38 171 84 189
454 1 297 179 96 186
454 2 37 176 84 189
455 1 298 180 96 185
455 2 34 176 83 179
456 1 301 180 96 185
456 2 31 168 83 183
457 1 302 177 96 185
457 2 28 170 83 186
458 1 305 177 96 185
458 2 25 170 84 191
459 1 307 177 95 185
459 2 23 174 84 191
460 1 307 177 96 185
460 2 21 173 83 192
461 1 322 174 83 186
461 2 20 173 77 192
462 1 329 173 69 194
462 2 19 174 77 192
463 1 332 177 69 187
463 2 16 175 78 191
464 1 345 175 59 188
464 2 14 175 77 191
465 1 347 175 59 188
465 2 13 176 77 191
466 1 350 177 58 188
466 2 11 176 77 191
467 1 352 178 59 188
467 2 9 177 77 191
468 1 355 179 59 188
468 2 8 177 77 191
469 1 357 179 76 188
469 2 -3 169 77 191
470 1 358 180 84 187
470 2 0 174 77 191
471 1 359 176 96 187
471 2 -1 173 77 191
472 1 357 179 96 187
472 2 -3 173 77 191
473 1 360 182 96 187
473 2 -4 174 77 183
474 1 363 182 96 187
474 2 -3 178 77 182
475 1 366 182 96 187
475 2 -4 177 77 183
476 1 359 182 106 187
476 2 -5 179 77 182
477 1 363 183 106 187
477 2 -12 176 68 174
478 1 366 183 106 187
478 2 -21 176 67 174
479 1 370 183 106 187
479 2 -23 170 67 181
480 1 371 180 94 188
480 2 -27 172 68 181
481 1 381 180 94 187
481 2 -29 172 67 181
482 1 385 180 94 187
482 2 -31 175 67 180
483 1 388 178 84 187
484 1 402 179 70 187
484 2 -31 174 67 180
485 1 415 177 59 187
486 1 422 179 62 186
487 1 398 186 94 187
488 1 416 177 72 187
489 1 419 177 72 187
490 1 422 177 83 187
491 1 422 180 83 186
492 1 425 179 97 186
493 1 425 181 97 187
494 1 429 179 96 186
495 1 432 180 97 186
496 1 436 182 96 186
497 1 439 182 96 186
498 1 441 181 97 186
499 1 441 177 101 195
500 1 443 176 101 195
501 1 446 175 91 196
502 1 451 174 91 195
503 1 456 174 90 195
504 1 458 174 91 195
505 1 462 180 87 186
506 1 462 176 91 194
507 1 489 171 69 204
508 1 488 173 69 204
509 1 490 173 69 204
510 1 492 174 69 204
511 1 492 173 95 194
512 1 490 178 94 194
513 1 492 180 94 194
514 1 495 180 95 194
515 1 498 176 104 194
516 1 496 174 104 194
517 1 500 174 103 193
518 1 499 174 103 193
519 1 505 174 103 194
520 1 506 173 104 193
521 1 510 174 103 193
522 1 516 173 91 193
523 1 527 171 75 194
524 1 533 174 75 194
525 1 536 174 75 194
526 1 538 176 75 193
527 1 541 176 75 193
528 1 542 172 78 203
529 1 545 175 78 202
530 1 548 174 78 203
531 1 561 167 79 202
532 1 561 168 79 203
533 1 563 168 79 203
534 1 566 171 78 203
535 1 568 169 79 203
536 1 570 170 79 203
537 1 564 169 87 203
538 1 569 172 88 203
539 1 572 171 88 203
540 1 574 170 88 203
541 1 578 169 87 203
542 1 587 165 83 201
543 1 589 164 83 201
544 1 594 168 78 191
544 2 -41 169 85 198
545 1 593 164 83 200
545 2 -39 169 84 199
546 1 594 173 83 192
546 2 -37 170 85 198
547 1 596 172 83 192
547 2 -35 170 84 199
548 1 598 171 83 192
548 2 -32 171 84 199
549 2 -32 168 88 208
550 2 -30 167 89 209
551 2 -27 167 89 208
552 2 -22 172 84 199
553 2 -19 166 85 206
554 2 -13 168 85 206
555 2 -10 168 84 206
556 2 -8 169 84 205
557 2 -6 168 85 205
558 2 -4 168 84 206
559 2 -2 169 85 206
560 2 1 169 85 206
561 2 2 165 89 216
562 2 7 170 85 206
563 2 9 171 85 206
564 2 11 170 85 206
565 2 19 165 100 206
566 2 20 170 100 207
567 2 23 171 100 207
568 2 26 169 100 207
569 2 22 168 100 206
570 2 28 171 101 206
571 2 32 170 101 206
572 2 25 168 101 206
573 2 26 170 101 206
574 2 36 169 100 206
575 2 39 169 101 207
576 2 42 169 101 206
577 2 43 169 88 207
578 2 51 168 87 207
579 2 53 167 88 207
580 2 54 168 88 207
581 2 56 168 87 207
582 2 57 169 88 207
583 2 69 169 77 207
584 2 71 170 77 207
585 2 74 170 78 207
586 2 77 171 77 207
587 2 79 171 90 207
588 2 83 172 91 208
589 2 86 172 91 208
590 2 88 171 91 208
591 2 91 172 91 207
592 2 84 168 91 207
593 2 92 169 91 207
594 1 596 175 87 199
594 2 93 169 91 207
595 1 574 172 99 199
595 2 95 169 91 208
596 1 571 173 99 199
596 2 96 170 91 207
597 1 575 174 99 199
597 2 106 168 71 208
598 1 573 174 99 199
598 2 110 170 71 207
599 1 569 175 99 199
599 2 112 170 71 207
600 1 566 174 99 200
600 2 112 170 72 208
601 1 564 174 98 200
601 2 112 172 72 198
602 1 560 174 99 199
602 2 115 177 71 198
603 1 559 179 94 190
603 2 115 178 71 198
604 1 554 179 94 190
604 2 111 172 86 199
605 1 549 173 94 191
605 2 109 178 86 198
606 1 547 175 93 190
606 2 107 179 87 198
607 1 541 173 94 191
607 2 107 179 87 198
608 1 537 172 81 190
608 2 105 174 95 199
609 1 534 173 80 191
609 2 100 176 96 198
610 1 528 174 81 191
610 2 104 173 92 199
611 1 523 174 67 191
611 2 101 174 92 199
612 1 520 178 67 190
612 2 98 174 91 198
613 1 505 175 67 190
613 2 94 171 91 203
614 1 502 173 67 190
614 2 91 171 92 203
615 1 493 174 67 191
615 2 89 174 91 203
616 1 492 178 67 191
616 2 87 174 91 202
617 1 476 177 72 186
617 2 87 179 88 193
618 1 471 180 78 186
618 2 105 177 67 193
619 1 462 179 83 186
619 2 105 173 67 193
620 1 455 178 83 186
620 2 106 177 67 193
621 1 448 179 83 186
621 2 107 178 67 193
622 1 445 180 83 186
622 2 106 178 67 193
623 1 438 176 83 187
623 2 103 173 71 203
624 1 433 182 84 186
624 2 102 173 71 203
625 1 427 177 84 192
625 2 101 174 70 203
626 1 419 178 84 192
626 2 100 174 80 203
627 1 414 181 83 193
627 2 97 175 80 203
628 1 407 180 75 192
628 2 96 176 80 202
629 1 402 180 70 188
629 2 95 176 80 203
630 1 396 176 73 188
630 2 92 177 81 203
631 1 394 179 73 189
631 2 83 176 80 202
632 1 389 179 73 189
632 2 87 177 80 203
633 1 384 179 73 189
633 2 84 172 84 213
634 1 379 179 73 189
634 2 83 171 84 212
635 1 359 178 87 189
635 2 82 171 84 212
636 1 359 180 87 189
636 2 80 171 84 212
637 1 352 177 92 198
637 2 78 171 84 212
638 1 348 176 92 198
638 2 97 170 64 202
639 1 329 177 106 198
639 2 95 171 64 202
640 1 329 176 106 199
640 2 94 171 64 202
641 1 324 177 106 198
641 2 93 170 64 202
642 1 321 177 105 199
642 2 92 173 65 202
643 1 316 178 106 199
643 2 92 173 64 202
644 1 311 177 106 199
644 2 95 178 73 193
645 1 309 177 106 199
645 2 91 179 74 193
646 1 304 176 106 199
646 2 91 180 74 193
647 1 301 176 106 199
647 2 91 180 87 193
648 1 297 176 106 199
648 2 86 174 87 202
649 1 295 175 106 199
649 2 90 175 89 198
650 1 290 170 89 210
650 2 85 181 90 192
651 1 288 171 81 209
651 2 83 183 89 192
652 1 286 170 75 209
652 2 86 179 89 192
653 1 289 170 75 209
653 2 85 179 89 192
654 1 287 170 75 209
654 2 84 179 89 192
655 1 283 170 76 209
655 2 84 179 89 192
656 1 281 171 68 209
656 2 92 179 82 192
657 1 282 171 68 209
657 2 93 180 82 192
658 1 269 171 68 210
658 2 94 180 82 192
659 1 274 172 67 210
659 2 105 180 71 192
660 1 254 174 85 209
660 2 111 181 67 192
661 1 259 175 85 209
661 2 118 180 61 192
662 1 257 175 85 209
662 2 119 180 61 192
663 1 254 176 85 209
663 2 120 180 61 192
664 1 252 176 85 210
664 2 129 180 50 192
665 1 250 177 85 209
665 2 131 180 50 192
666 1 247 177 85 209
666 2 132 180 63 192
667 1 245 177 85 209
667 2 132 180 63 193
668 1 243 176 85 210
668 2 134 180 74 193
669 1 240 176 85 210
669 2 136 180 81 192
670 1 237 176 85 209
670 2 133 183 90 183
671 1 235 176 85 209
671 2 137 183 90 182
672 1 232 177 85 209
672 2 132 184 90 183
673 1 230 178 85 209
673 2 136 186 90 183
674 1 227 179 86 209
674 2 134 183 94 183
675 1 229 172 66 209
675 2 138 186 95 184
676 1 227 176 66 205
676 2 140 186 94 183
677 1 226 177 66 204
677 2 140 186 95 184
678 1 203 180 88 201
678 2 140 185 92 183
679 1 194 173 92 209
679 2 141 180 92 184
680 1 190 180 99 203
680 2 148 181 85 183
681 1 188 174 99 209
681 2 153 181 72 183
682 1 182 178 104 204
682 2 161 180 62 184
683 1 181 179 104 205
683 2 170 180 61 183
684 1 183 180 104 202
684 2 178 181 59 184
685 1 180 178 104 201
685 2 188 180 47 184
686 1 180 177 104 202
686 2 194 181 44 184
687 1 180 181 99 192
687 2 188 185 60 176
688 1 179 180 99 192
688 2 188 182 57 175
689 1 179 181 99 192
689 2 197 184 60 180
690 1 176 180 99 192
690 2 198 183 66 174
691 1 173 182 104 197
691 2 201 182 69 178
692 1 171 177 104 197
692 2 203 181 71 173
693 1 171 177 86 197
693 2 202 185 83 172
694 1 173 179 73 196
694 2 207 183 82 171
695 1 176 178 62 196
695 2 208 186 82 171
696 1 176 179 63 197
696 2 205 184 87 171
697 1 176 182 49 196
697 2 206 183 91 171
698 1 175 183 49 196
698 2 204 182 98 178
699 1 156 183 67 196
699 2 206 180 92 177
700 1 151 183 66 196
700 2 203 182 99 178
701 1 137 182 86 196
701 2 211 179 88 178
702 1 131 181 97 196
702 2 213 181 87 178
703 1 125 181 97 196
703 2 216 177 87 178
704 1 128 182 97 196
704 2 221 180 81 178
705 1 126 182 97 196
705 2 225 179 82 180
706 1 125 182 97 196
706 2 228 176 82 180
707 1 127 182 92 194
707 2 233 176 82 180
708 1 126 183 92 194
708 2 235 175 82 180
709 1 125 182 92 194
709 2 248 175 63 180
710 1 130 181 93 201
710 2 253 176 63 180
711 1 128 175 93 202
711 2 256 176 63 180
712 1 127 175 92 202
712 2 260 178 63 180
713 1 126 175 92 202
713 2 263 179 63 180
714 1 124 175 92 202
714 2 266 180 63 180
715 1 123 180 92 197
715 2 269 180 63 180
716 1 122 178 92 197
716 2 278 178 63 181
717 1 119 173 81 206
717 2 277 174 73 183
718 1 121 173 81 206
718 2 281 178 77 179
719 1 120 172 81 206
719 2 281 178 78 179
720 1 119 172 81 206
720 2 285 177 82 179
721 1 118 172 81 206
721 2 289 178 81 178
722 1 119 173 81 206
722 2 290 178 82 179
723 1 119 172 81 207
723 2 289 178 86 179
724 1 119 173 81 207
724 2 295 179 86 179
725 1 118 173 81 207
725 2 292 176 87 179
726 1 119 173 81 207
726 2 294 179 86 178
727 1 119 173 81 206
727 2 296 180 87 178
728 1 119 173 81 206
728 2 302 180 86 179
729 1 119 172 81 207
729 2 302 179 86 178
730 1 121 173 81 206
730 2 311 178 77 178
731 1 121 174 81 206
731 2 318 178 78 178
732 1 121 172 81 207
732 2 329 176 67 185
733 1 121 172 81 207
733 2 339 171 64 186
734 1 123 172 81 206
734 2 340 171 64 186
735 1 123 171 81 206
735 2 347 175 64 185
736 1 124 171 81 206
736 2 350 172 64 185
737 1 126 177 78 195
737 2 354 173 64 185
738 1 127 177 77 195
738 2 357 172 74 185
739 1 128 177 78 195
739 2 365 172 74 185
740 1 129 176 78 195
740 2 373 172 75 185
741 1 130 176 78 194
741 2 370 173 86 185
742 1 132 176 77 194
742 2 368 173 86 185
743 1 134 176 78 194
743 2 371 173 86 185
744 1 136 175 77 195
744 2 375 175 86 184
745 1 136 176 78 194
745 2 379 174 86 184
746 1 138 176 78 195
746 2 384 175 85 184
747 1 135 175 82 195
747 2 386 174 86 184
748 1 137 174 83 195
748 2 391 171 85 185
749 1 139 174 83 195
749 2 394 170 85 184
750 1 140 175 83 194
750 2 398 171 85 185
751 1 141 175 83 195
751 2 401 171 86 184
752 1 135 174 82 195
752 2 405 170 85 185
753 1 141 175 83 194
753 2 408 171 85 185
754 1 142 175 83 194
754 2 407 169 85 192
755 1 143 174 83 194
755 2 412 169 85 191
756 1 144 174 83 195
756 2 416 169 85 192
757 1 145 174 83 194
757 2 418 169 85 192
758 1 146 174 83 195
758 2 420 169 85 191
759 1 146 173 83 195
759 2 422 167 76 192
760 1 147 174 83 194
760 2 428 165 76 192
761 1 147 174 83 194
761 2 428 170 76 191
762 1 147 172 83 195
762 2 432 169 75 191
763 1 147 171 83 195
763 2 435 167 76 191
764 1 147 180 83 186
764 2 436 171 76 191
765 1 149 179 83 186
765 2 438 167 68 191
766 1 147 174 87 194
766 2 438 171 67 191
767 1 147 174 87 195
767 2 439 170 68 191
768 1 149 177 83 186
768 2 435 167 68 192
769 1 149 177 83 185
769 2 438 168 68 192
770 1 149 177 83 186
770 2 438 169 68 191
771 1 149 177 83 186
771 2 441 170 68 191
772 1 151 177 83 186
772 2 442 172 68 191
773 1 149 174 87 194
773 2 444 172 68 191
774 1 150 174 88 195
774 2 444 173 68 192
775 1 151 174 88 194
775 2 444 173 68 191
776 1 152 174 88 195
776 2 443 173 68 192
777 1 153 174 87 194
777 2 442 173 68 192
778 1 154 174 88 194
778 2 441 173 68 192
779 1 157 174 87 194
779 2 440 173 67 192
780 1 157 174 87 195
780 2 440 177 65 182
781 1 159 174 87 194
781 2 439 173 67 192
782 1 160 174 88 195
782 2 436 173 68 191
783 1 162 177 83 186
783 2 426 172 77 191
784 1 163 178 84 186
784 2 421 169 78 197
785 1 163 177 84 186
785 2 410 168 85 197
786 1 166 179 79 177
786 2 406 166 85 197
787 1 166 179 79 177
787 2 400 167 92 204
788 1 165 177 83 186
788 2 402 163 92 204
789 1 165 177 83 186
789 2 392 162 103 204
790 1 165 177 83 186
790 2 394 166 103 204
791 1 165 177 84 186
791 2 388 163 112 204
792 1 164 179 84 186
792 2 387 161 112 204
793 1 154 179 93 186
793 2 386 163 111 204
794 1 158 179 92 186
794 2 385 164 112 204
795 1 158 179 92 186
795 2 383 169 111 204
796 1 158 178 92 186
796 2 384 167 106 204
797 1 157 179 92 186
797 2 392 165 102 204
798 1 155 179 93 186
798 2 386 166 102 204
799 1 154 179 93 186
799 2 391 167 94 204
800 1 153 179 93 186
800 2 397 168 85 204
801 1 153 179 93 186
801 2 399 166 85 204
802 1 152 179 93 186
802 2 401 162 85 204
803 1 151 180 92 186
803 2 394 169 85 204
804 1 150 179 93 186
804 2 396 161 71 212
805 1 148 179 93 186
805 2 390 159 71 212
806 1 147 178 92 186
806 2 386 161 71 213
807 1 146 178 93 186
807 2 385 160 71 213
808 1 145 177 93 186
808 2 383 160 71 213
809 1 144 177 93 186
809 2 381 166 75 208
810 1 143 178 93 186
810 2 372 167 87 205
811 1 142 178 93 186
811 2 370 167 86 205
812 1 142 177 92 185
812 2 373 165 87 206
813 1 141 177 93 185
813 2 366 168 97 205
814 1 142 176 72 186
814 2 371 170 97 205
815 1 143 177 72 186
815 2 371 170 97 206
816 1 144 183 68 176
816 2 369 171 97 206
817 1 143 183 69 176
817 2 366 166 102 215
818 1 143 183 69 177
818 2 366 165 102 216
819 1 144 183 68 176
819 2 366 163 92 209
820 1 142 183 69 177
820 2 367 170 86 200
821 1 142 185 68 176
821 2 369 168 86 201
822 1 134 184 76 177
822 2 370 164 75 201
823 1 128 185 81 176
823 2 366 164 72 198
824 1 127 186 80 176
824 2 366 167 66 199
825 1 126 187 81 176
825 2 363 169 63 198
826 1 126 187 80 176
826 2 365 166 58 202
827 1 128 179 81 176
827 2 363 162 59 201
828 1 125 179 86 176
828 2 362 169 59 201
829 1 121 178 86 176
829 2 349 163 72 201
830 1 126 176 86 176
830 2 341 167 79 201
831 1 126 176 86 177
831 2 333 169 88 201
832 1 120 177 86 176
832 2 328 168 96 201
833 1 121 175 86 176
833 2 329 164 97 201
834 1 121 179 86 170
834 2 326 169 97 201
835 1 123 176 86 175
835 2 328 169 96 201
836 1 127 176 73 171
836 2 328 166 96 201
837 1 129 175 65 173
837 2 332 165 96 201
838 1 126 181 62 169
838 2 330 173 97 192
839 1 124 176 61 179
839 2 328 169 99 197
840 1 124 178 60 178
840 2 324 170 100 198
841 1 124 178 65 178
841 2 321 169 100 198
842 1 117 179 68 178
842 2 320 169 100 198
843 1 102 179 87 178
843 2 320 168 100 198
844 1 101 179 93 178
844 2 319 168 91 198
845 1 100 180 93 178
845 2 321 167 90 198
846 1 104 181 93 178
846 2 321 168 90 198
847 1 97 177 92 178
847 2 321 167 77 198
848 1 99 178 93 178
848 2 324 167 66 198
849 1 100 179 92 178
849 2 325 168 66 198
850 1 99 179 93 178
850 2 324 167 66 198
851 1 98 178 93 178
851 2 323 168 66 198
852 1 97 178 92 178
852 2 323 168 66 198
853 1 97 182 88 170
853 2 314 169 72 198
854 1 95 178 92 178
854 2 315 170 72 198
855 1 109 178 78 178
855 2 313 170 72 194
856 1 107 177 78 178
856 2 312 170 73 195
857 1 106 178 78 178
857 2 312 169 72 195
858 1 105 177 78 178
858 2 310 169 80 195
859 1 104 177 78 178
859 2 310 167 80 195
860 1 103 177 78 178
860 2 309 166 80 195
861 1 104 177 78 178
861 2 307 166 79 195
862 1 91 175 78 178
862 2 307 166 79 195
863 1 94 176 78 177
863 2 306 169 79 194
864 1 94 176 78 178
864 2 304 169 79 194
865 1 80 176 78 177
865 2 301 168 76 194
866 1 76 177 78 178
866 2 300 169 70 189
867 1 75 177 78 178
867 2 300 169 64 187
868 1 79 173 77 177
868 2 302 170 64 187
869 1 76 175 78 178
869 2 301 171 64 187
870 1 68 177 91 178
870 2 300 172 64 187
871 1 72 177 92 178
871 2 298 172 64 187
872 1 71 178 91 177
872 2 298 173 64 187
873 1 69 178 92 177
873 2 290 170 64 187
874 1 66 178 91 178
874 2 290 170 64 186
875 1 69 174 91 175
875 2 285 172 69 187
876 1 65 174 91 175
876 2 285 171 69 183
877 1 64 173 91 175
877 2 279 174 79 183
878 1 62 174 91 175
878 2 283 176 78 178
879 1 61 174 92 175
879 2 283 177 79 177
880 1 61 176 91 175
880 2 282 176 79 178
881 1 61 175 91 176
881 2 281 177 79 177
882 1 60 176 92 175
882 2 281 177 78 177
883 1 61 175 74 175
883 2 278 176 79 177
884 1 65 176 73 175
884 2 276 176 79 178
885 1 65 176 73 175
885 2 276 173 79 178
886 1 64 179 73 175
886 2 277 172 70 174
887 1 61 175 77 183
887 2 276 175 69 173
888 1 48 169 80 183
888 2 275 172 68 177
889 1 45 173 81 178
889 2 277 173 68 177
890 1 46 171 81 178
890 2 278 173 62 177
891 1 44 174 81 178
891 2 280 176 62 177
892 1 41 170 81 178
892 2 278 170 59 180
893 1 45 175 81 177
893 2 274 173 59 180
894 1 42 174 81 177
894 2 276 176 60 174
895 1 47 176 81 178
895 2 267 175 68 180
896 1 45 172 81 177
896 2 259 173 72 180
897 1 49 171 81 177
897 2 260 175 72 179
898 1 48 169 81 178
898 2 257 170 73 180
899 1 44 171 81 178
899 2 259 170 72 180
900 1 46 170 81 178
900 2 257 174 72 179
901 1 46 171 81 177
901 2 261 174 72 170
902 1 45 171 81 178
902 2 261 177 72 171
903 1 43 173 81 178
903 2 260 171 72 180
904 1 42 174 81 178
904 2 261 175 72 174
905 1 40 174 81 178
905 2 260 174 72 174
906 1 38 175 80 177
906 2 257 171 72 175
907 1 36 178 81 177
907 2 257 170 73 175
908 1 35 176 81 178
908 2 257 170 73 175
909 1 32 176 81 178
909 2 256 175 66 174
910 1 30 172 85 187
910 2 261 170 60 175
911 1 28 173 85 186
911 2 259 172 53 175
912 1 24 168 70 186
912 2 260 171 48 174
913 1 23 168 71 186
913 2 258 171 49 174
914 1 22 167 70 186
914 2 254 172 48 175
915 1 26 168 71 186
915 2 252 172 49 175
916 1 25 170 71 186
916 2 252 169 49 175
917 1 25 169 71 186
917 2 241 172 58 174
918 1 24 168 70 186
918 2 233 171 69 175
919 1 23 167 70 186
919 2 229 172 69 174
920 1 23 167 70 186
920 2 218 172 80 174
921 1 22 167 71 186
921 2 219 172 80 174
922 1 21 164 70 186
922 2 217 170 80 174
923 1 20 164 71 186
923 2 218 170 80 175
924 1 20 163 78 186
924 2 215 172 80 174
925 1 17 165 78 187
925 2 217 173 80 174
926 1 16 165 78 186
926 2 217 173 79 174
927 1 16 165 78 186
927 2 216 174 80 174
928 1 17 166 78 186
928 2 215 171 79 174
929 1 18 167 77 186
929 2 215 170 79 174
930 1 18 167 78 186
930 2 211 171 79 174
931 1 19 168 78 186
931 2 212 169 79 174
932 1 20 169 78 186
932 2 213 168 79 175
933 1 22 172 74 177
933 2 209 171 79 174
934 1 23 172 75 177
934 2 209 169 79 174
935 1 25 172 74 177
935 2 208 171 70 174
936 1 29 170 78 186
936 2 207 170 73 174
937 1 28 170 78 186
937 2 209 170 63 174
938 1 30 170 78 186
938 2 209 171 63 174
939 1 32 171 78 186
939 2 204 170 62 174
940 1 34 170 78 186
940 2 198 171 62 174
941 1 37 170 78 186
941 2 198 171 62 174
942 1 38 171 78 186
942 2 192 170 62 174
943 1 40 171 78 186
943 2 191 172 63 174
944 1 42 170 78 187
944 2 190 172 63 174
945 1 44 167 79 190
945 2 189 172 63 174
946 1 48 168 78 190
946 2 188 172 63 174
947 1 48 165 82 199
947 2 188 168 62 174
948 1 50 165 82 199
948 2 186 172 63 174
949 1 53 167 78 190
949 2 184 173 62 174
950 1 55 168 79 190
950 2 186 177 63 174
951 1 57 167 79 190
951 2 185 176 63 174
952 1 59 168 78 190
952 2 186 170 59 175
953 1 60 168 79 190
953 2 187 174 59 176
954 1 60 165 82 200
954 2 186 174 59 175
955 1 64 170 78 190
955 2 184 173 60 175
956 1 66 172 79 190
956 2 182 173 60 175
957 1 68 172 78 190
957 2 181 173 59 175
958 1 69 172 79 190
958 2 179 173 54 175
959 1 70 167 84 190
959 2 174 171 53 175
960 1 76 170 84 190
960 2 172 170 53 175
961 1 77 170 84 190
961 2 169 169 53 175
962 1 79 170 84 191
962 2 168 172 53 176
963 1 81 170 85 191
963 2 164 170 54 175
964 1 82 171 84 190
964 2 162 169 53 175
965 1 84 170 77 191
965 2 151 169 59 175
966 1 86 170 75 191
966 2 150 169 59 175
967 1 88 171 73 191
967 2 141 170 70 175
968 1 88 162 70 190
968 2 141 169 70 175
969 1 92 161 68 190
969 2 146 175 70 175
970 1 97 165 61 190
970 2 143 169 69 175
971 1 102 166 62 190
971 2 142 170 69 175
972 1 109 169 58 190
972 2 141 172 69 169
973 1 112 166 54 190
973 2 141 172 69 169
974 1 114 166 52 190
974 2 142 170 69 169
975 1 114 165 57 191
975 2 141 170 69 169
976 1 114 166 63 191
976 2 139 172 70 169
977 1 117 168 52 191
977 2 138 178 69 169
978 1 118 168 72 191
978 2 141 174 64 169
979 1 112 171 79 191
979 2 130 173 73 167
980 1 112 172 80 191
980 2 130 172 69 165
981 1 113 173 79 191
981 2 125 171 66 169
982 1 113 174 90 191
982 2 124 173 67 167
983 1 112 172 90 191
983 2 120 173 55 167
984 1 112 171 90 191
984 2 119 170 51 173
985 1 122 170 80 191
985 2 117 174 40 167
986 1 122 170 80 191
986 2 120 172 40 167
987 1 121 170 81 191
987 2 114 173 40 167
988 1 121 169 82 191
988 2 110 170 40 167
989 1 123 169 82 191
989 2 95 172 50 167
990 1 128 165 80 200
990 2 86 172 59 167
991 1 128 170 79 191
991 2 79 171 67 167
992 1 133 171 78 191
992 2 70 171 73 167
993 1 140 172 78 191
993 2 71 174 73 167
994 1 142 172 79 191
994 2 64 173 81 166
995 1 145 172 78 191
995 2 64 172 81 166
996 1 145 172 79 191
996 2 66 173 81 166
997 1 147 171 78 191
997 2 61 173 82 167
998 1 147 171 78 191
998 2 61 173 82 167
999 1 157 170 63 192
999 2 63 166 81 181
1000 1 158 171 63 191
1000 2 62 167 81 181
1001 1 159 170 75 192
1001 2 63 167 81 181
1002 1 157 170 85 191
1002 2 61 165 82 181
1003 1 156 170 86 192
1003 2 60 164 82 180
1004 1 157 171 86 192
1004 2 60 169 82 181
1005 1 164 170 86 192
1005 2 58 168 82 181
1006 1 161 171 90 192
1006 2 56 169 81 180
1006 5 463 210 12 22
1007 1 164 172 91 192
1007 2 51 166 69 180
1007 5 462 210 12 21
1008 1 167 172 90 192
1008 2 48 165 70 180
1008 5 461 210 12 21
1009 1 169 172 91 192
1009 2 50 169 69 180
1009 5 460 209 12 22
1010 1 160 170 97 192
1010 2 49 172 70 180
1010 5 460 209 12 22
1011 1 167 169 97 192
1011 2 49 171 69 180
1011 5 459 209 12 22
1012 1 170 169 97 192
1012 2 47 171 70 180
1012 5 459 211 12 21
1013 1 173 169 97 192
1013 2 38 164 70 180
1013 5 459 211 12 21
1014 1 174 169 97 192
1014 2 36 164 69 180
1014 5 456 210 12 21
1015 1 177 168 97 192
1015 2 42 167 70 180
1015 5 457 211 12 21
1016 1 179 169 97 192
1016 2 42 168 70 180
1016 5 455 210 12 21
1017 1 180 168 98 192
1017 2 42 170 70 180
1017 5 455 210 12 22
1018 1 191 168 76 193
1018 2 42 165 70 186
1018 5 455 212 12 21
1019 1 196 171 76 193
1019 2 42 166 70 187
1019 5 454 211 13 23
1020 1 197 169 76 193
1020 2 43 167 70 186
1020 5 453 209 12 23
1021 1 200 175 73 184
1021 2 44 165 70 189
1022 1 202 175 72 185
1022 2 44 166 70 188
1023 1 203 176 72 184
1023 2 40 166 73 189
1024 1 204 172 83 184
1024 2 44 169 73 189
1025 1 204 174 83 185
1025 2 44 169 74 189
1026 1 204 175 83 185
1026 2 43 164 78 199
1027 1 204 174 83 184
1027 2 43 164 78 199
1028 1 205 172 94 188
1028 2 44 164 78 198
1029 1 204 175 94 187
1029 2 47 169 74 189
1030 1 203 175 94 188
1030 2 47 168 73 190
1031 1 205 175 94 188
1031 2 47 162 74 196
1032 1 205 175 94 188
1032 2 49 165 74 196
1033 1 209 180 90 179
1033 2 49 166 74 196
1034 1 213 175 88 188
1034 2 51 170 70 187
1035 1 216 171 89 188
1035 2 51 164 69 193
1036 1 218 173 89 187
1036 2 50 162 70 198
1037 1 220 173 89 187
1037 2 45 165 79 199
1038 1 224 177 84 178
1038 2 44 167 84 189
1039 1 241 177 70 179
1039 2 43 164 82 199
1040 1 244 177 69 179
1040 2 45 163 90 198
1041 1 244 177 70 179
1041 2 51 168 89 199
1042 1 246 177 69 179
1042 2 53 169 89 199
1043 1 246 170 70 186
1043 2 54 169 89 199
1044 1 247 171 74 185
1044 2 54 169 89 199
1045 1 248 172 84 186
1045 2 53 164 94 209
1046 1 247 174 83 185
1046 2 55 168 90 199
1047 1 248 174 92 185
1047 2 56 168 89 199
1048 1 247 174 92 185
1048 2 59 161 86 202
1049 1 248 174 91 185
1049 2 63 166 85 202
1050 1 249 175 91 185
1050 2 64 166 85 201
1051 1 251 175 92 186
1051 2 64 160 75 208
1052 1 252 175 91 185
1052 2 68 163 75 208
1053 1 253 175 92 186
1053 2 69 164 76 208
1054 1 246 175 91 185
1054 2 68 159 79 219
1055 1 253 175 91 185
1055 2 69 159 79 219
1056 1 247 174 91 186
1056 2 70 160 79 210
1057 1 254 174 91 185
1057 2 72 165 79 210
1058 1 256 174 80 185
1058 2 73 164 80 210
1059 1 260 174 79 185
1059 2 74 165 99 206
1060 1 266 174 73 186
1060 2 71 166 108 206
1061 1 272 175 73 186
1061 2 71 167 108 206
1062 1 273 174 73 186
1062 2 70 164 102 205
1063 1 282 178 63 177
1063 2 63 167 112 204
1064 1 283 175 61 185
1064 2 72 170 113 205
1065 1 288 175 59 185
1065 2 74 165 119 214
1066 1 283 175 65 185
1066 2 67 167 107 204
1067 1 279 173 76 187
1067 2 77 169 107 204
1068 1 277 173 77 188
1068 2 78 168 98 204
1069 1 279 174 76 187
1069 2 85 169 97 204
1070 1 280 175 86 187
1070 2 86 168 98 205
1071 1 280 175 86 187
1071 2 92 168 92 205
1072 1 279 177 86 187
1072 2 100 163 85 214
1073 1 282 175 86 187
1073 2 109 162 75 215
1074 1 283 175 86 187
1074 2 113 161 75 215
1075 1 284 177 86 187
1075 2 116 162 75 215
1076 1 285 175 87 187
1076 2 116 163 75 208
1077 1 286 175 86 187
1077 2 117 163 75 206
1078 1 288 175 86 187
1078 2 120 164 75 206
1079 1 299 175 68 187
1079 2 116 166 89 207
1080 1 301 175 68 187
1080 2 117 165 98 207
1081 1 304 174 68 187
1081 2 117 165 98 206
1082 1 304 173 68 187
1082 2 113 165 98 206
1083 1 304 173 68 188
1083 2 112 165 98 207
1084 1 309 176 60 187
1084 2 111 166 98 207
1085 1 312 176 60 187
1085 2 118 170 98 206
1086 1 312 174 60 187
1086 2 119 169 98 201
1087 1 315 177 57 178
1087 2 122 169 93 197
1088 1 310 179 82 178
1088 2 117 170 93 196
1089 1 309 180 83 178
1089 2 129 162 78 207
1090 1 310 178 82 178
1090 2 134 163 77 207
1091 1 309 176 83 178
1091 2 137 164 78 207
1092 1 309 178 83 178
1092 2 136 169 77 206
1093 1 310 178 82 178
1093 2 136 168 77 207
1094 1 310 178 82 178
1094 2 144 161 77 207
1095 1 309 175 83 178
1095 2 142 166 78 207
1096 1 307 178 83 178
1096 2 147 162 78 207
1097 1 308 177 82 178
1097 2 150 164 81 207
1098 1 307 180 82 178
1098 2 154 163 81 203
1099 1 308 178 83 178
1099 2 155 170 87 203
1100 1 308 174 83 185
1100 2 150 169 88 202
1101 1 308 179 82 183
1101 2 149 167 87 202
1102 1 319 176 72 182
1102 2 148 170 87 203
1103 1 321 175 71 183
1103 2 151 165 88 202
1104 1 321 175 71 183
1104 2 149 165 87 202
1105 1 321 176 72 183
1105 2 155 166 87 202
1106 1 322 176 72 183
1106 2 156 167 87 203
1107 1 323 177 72 182
1107 2 156 167 82 203
1108 1 323 179 72 182
1108 2 158 164 78 203
1109 1 336 178 76 183
1109 2 164 168 78 202
1110 1 332 180 85 183
1110 2 166 168 78 202
1111 1 334 179 85 184
1111 2 167 169 78 203
1112 1 335 181 85 184
1112 2 168 169 78 203
1113 1 335 178 85 183
1113 2 169 169 78 203
1114 1 330 178 92 183
1114 2 181 169 66 203
1115 1 330 175 92 184
1115 2 182 169 66 203
1116 1 327 178 92 184
1116 2 182 170 76 203
1117 1 326 181 92 184
1117 2 181 170 86 203
1118 1 327 177 92 184
1118 2 178 171 86 203
1119 1 329 180 92 184
1119 2 178 171 87 198
1120 1 331 180 92 184
1120 2 178 173 86 198
1121 1 331 180 92 184
1121 2 181 179 82 188
1122 1 333 178 92 184
1122 2 182 179 83 188
1123 1 335 178 81 184
1123 2 184 178 82 188
1124 1 340 178 82 183
1124 2 182 176 83 188
1125 1 341 177 82 184
1125 2 185 178 83 188
1126 1 342 176 82 184
1126 2 186 177 83 188
1127 1 343 177 82 184
1127 2 188 177 82 188
1128 1 344 176 82 183
1128 2 189 176 82 188
1129 1 343 173 86 192
1129 2 198 175 73 189
1130 1 343 175 86 193
1130 2 207 175 64 188
1131 1 344 177 86 192
1131 2 214 175 58 188
1132 1 358 176 73 193
1132 2 213 171 60 196
1133 1 356 173 73 193
1133 2 214 175 60 196
1134 1 357 175 73 193
1134 2 216 179 57 187
1135 1 358 174 78 192
1135 2 216 174 71 197
1136 1 356 174 78 192
1136 2 224 169 71 196
1137 1 357 175 78 192
1137 2 219 169 83 197
1138 1 357 176 78 192
1138 2 216 169 83 196
1139 1 358 175 78 192
1139 2 218 169 83 197
1140 1 359 176 78 192
1140 2 215 171 83 196
1141 1 360 176 79 192
1141 2 214 172 83 197
1142 1 362 176 78 192
1142 2 218 174 83 196
1143 1 363 176 78 192
1143 2 218 173 83 196
1144 1 365 176 78 192
1144 2 223 176 79 188
1145 1 365 175 78 192
1145 2 222 171 82 197
1146 1 366 175 78 192
1146 2 225 168 71 197
1147 1 366 175 78 192
1147 2 231 170 71 197
1148 1 367 174 78 192
1148 2 232 170 71 197
1149 1 369 175 77 192
1149 2 246 169 58 197
1150 1 368 171 82 202
1150 2 246 169 58 197
1151 1 369 170 81 202
1151 2 247 169 59 197
1152 1 370 171 81 202
1152 2 249 171 58 197
1153 1 370 171 82 202
1153 2 251 172 58 197
1154 1 384 170 69 202
1154 2 253 173 72 188
1155 1 381 170 80 202
1155 2 251 170 72 188
1156 1 386 169 79 202
1156 2 257 172 72 188
1157 1 387 171 94 201
1157 2 254 175 86 188
1158 1 388 171 94 202
1158 2 253 174 86 188
1159 1 385 171 94 201
1159 2 254 175 86 187
1160 1 382 172 94 201
1160 2 256 176 85 187
1161 1 383 172 94 202
1161 2 257 177 86 187
1162 1 385 174 94 201
1162 2 259 177 85 188
1163 1 387 174 94 201
1163 2 260 178 81 187
1164 1 389 174 94 201
1164 2 260 174 82 187
1165 1 390 175 94 201
1165 2 265 176 73 187
1166 1 392 173 93 201
1166 2 266 176 69 187
1167 1 385 172 94 201
1167 2 272 176 62 188
1168 1 391 172 93 202
1168 2 274 175 62 188
1169 1 392 172 94 201
1169 2 276 172 67 188
1170 1 394 171 93 201
1170 2 286 172 58 188
1171 1 404 170 85 202
1171 2 287 172 58 188
1172 1 414 168 75 202
1172 2 288 174 65 188
1173 1 412 168 74 201
1173 2 288 175 65 187
1174 1 413 167 75 201
1174 2 288 173 80 188
1175 1 416 173 70 191
1175 2 288 174 80 188
1176 1 417 174 71 191
1176 2 288 175 80 187
1177 1 417 169 75 201
1177 2 289 176 94 187
1178 1 419 169 74 202
1178 2 289 179 94 187
1179 1 419 169 75 201
1179 2 290 178 94 188
1180 1 422 171 74 201
1180 2 290 175 94 187
1181 1 423 172 74 201
1181 2 290 177 94 187
1182 1 425 171 74 201
1182 2 291 176 94 188
1183 1 426 172 75 201
1183 2 293 176 82 187
1184 1 427 177 75 196
1184 2 296 175 82 188
1185 1 431 178 74 194
1185 2 298 175 82 188
1186 1 433 178 74 194
1186 2 299 174 83 188
1187 1 434 177 74 195
1187 2 301 162 82 192
1188 1 435 178 74 195
1188 2 306 162 82 192
1189 1 436 177 74 195
1189 2 308 161 82 191
1190 1 438 178 74 194
1190 2 308 162 82 191
1191 1 439 179 74 194
1191 2 317 166 73 192
1192 1 440 179 74 195
1192 2 318 165 73 191
1193 1 440 181 74 195
1193 2 319 164 73 191
1194 1 441 181 74 195
1194 2 321 164 72 197
1195 1 442 184 83 195
1195 2 321 162 80 196
1196 1 443 185 82 195
1196 2 321 161 79 197
1197 1 443 186 85 195
1197 2 321 162 79 196
1198 1 442 192 89 185
1198 2 322 161 80 197
1199 1 440 208 89 169
1199 2 322 162 80 196
1200 1 440 214 88 158
1200 2 324 165 80 197
1201 1 440 222 89 158
1201 2 323 163 80 197
1202 1 440 217 88 158
1202 2 323 164 80 196
1203 1 442 225 89 151
1203 2 322 163 80 196
1204 1 441 226 88 151
1204 2 333 166 67 187
1205 1 442 226 88 151
1205 2 330 163 67 187
1206 1 442 224 88 151
1206 2 329 161 70 197
1207 1 441 220 89 152
1207 2 328 165 69 196
1208 1 441 229 88 144
1208 2 329 165 69 197
1209 1 440 235 89 136
1209 2 328 164 70 197
1210 1 440 236 89 136
1210 2 328 163 70 197
1211 1 438 241 88 136
1211 2 328 161 70 197
1212 1 437 234 88 137
1212 2 329 165 69 196
1213 1 436 234 88 136
1213 2 329 163 69 197
1214 1 435 234 89 137
1214 2 331 166 69 196
1215 1 437 236 84 142
1215 2 330 165 70 196
1216 1 436 237 84 142
1216 2 330 164 69 197
1217 1 435 230 84 142
1217 2 330 164 70 196
1218 1 433 229 84 142
1218 2 329 163 70 197
1219 1 432 229 85 142
1219 2 328 161 72 206
1220 1 430 233 85 145
1220 2 329 161 69 196
1221 1 430 227 85 144
1221 2 328 166 70 197
1222 1 427 231 84 145
1222 2 327 161 70 196
1223 1 425 228 84 144
1223 2 326 161 70 197
1224 1 423 232 84 144
1224 2 325 164 70 196
1225 1 425 222 85 157
1225 2 322 166 70 197
1226 1 425 218 84 157
1226 2 318 163 70 196
1227 1 424 218 85 157
1227 2 319 159 70 197
1228 1 421 216 84 157
1228 2 319 162 66 202
1229 1 422 213 84 157
1229 2 310 159 82 202
1230 1 421 200 84 174
1230 2 308 160 82 203
1231 1 420 199 85 175
1231 2 306 161 82 202
1232 1 419 196 85 174
1232 2 303 159 82 203
1233 1 420 189 84 186
1233 2 301 161 82 202
1234 1 415 188 85 185
1234 2 297 159 83 203
1235 1 415 185 85 185
1235 2 295 160 82 203
1236 1 414 181 84 192
1236 2 292 159 83 203
1237 1 412 176 85 192
1237 2 290 160 93 204
1238 1 407 177 85 192
1238 2 285 159 93 205
1239 1 401 169 90 202
1239 2 282 159 93 205
1240 1 399 170 90 202
1240 2 280 157 93 205
1241 1 398 171 89 202
1241 2 277 157 88 205
1242 1 400 170 90 202
1242 2 277 159 87 204
1243 1 398 169 89 202
1243 2 273 157 85 204
1244 1 396 170 89 202
1244 2 271 159 85 204
1245 1 394 169 89 202
1245 2 261 161 85 204
1246 1 391 162 90 210
1246 2 266 158 85 205
1247 1 389 162 90 210
1247 2 265 156 85 205
1248 1 387 161 90 210
1248 2 261 155 77 212
1249 1 385 161 89 210
1249 2 259 162 77 206
1250 1 382 161 90 210
1250 2 263 160 77 206
1251 1 379 160 90 210
1251 2 262 161 77 206
1252 1 377 162 89 210
1252 2 260 162 77 206
1253 1 374 160 90 210
1253 2 260 162 71 207
1254 1 373 161 90 210
1254 2 261 163 71 206
1255 1 372 161 90 210
1255 2 259 164 71 207
1256 1 370 163 90 210
1256 2 258 165 71 207
1257 1 367 162 91 211
1257 2 257 167 71 206
1258 1 366 161 90 210
1258 2 256 165 71 206
1259 1 364 161 78 228
1259 2 255 169 71 206
1260 1 365 157 78 228
1260 2 253 168 71 206
1261 1 364 158 78 229
1261 2 250 167 71 206
1262 1 363 159 77 228
1262 2 248 167 71 206
1263 1 351 162 91 219
1263 2 247 166 71 206
1264 1 354 164 91 219
1264 2 234 163 72 206
1265 1 352 157 91 226
1265 2 233 163 71 206
1266 1 352 161 92 225
1266 2 230 165 71 206
1267 1 350 161 91 226
1267 2 235 165 71 206
1268 1 349 162 91 225
1268 2 229 165 71 206
1269 1 349 151 87 235
1269 2 222 166 71 206
1270 1 347 156 87 234
1270 2 208 165 85 206
1271 1 345 155 87 235
1271 2 206 165 85 206
1272 1 343 155 87 235
1272 2 200 164 86 206
1273 1 339 155 87 235
1273 2 191 165 99 206
1274 1 337 157 87 231
1274 2 183 166 99 206
1275 1 332 161 88 230
1275 2 182 166 107 206
1276 1 330 153 87 231
1276 2 181 167 107 206
1277 1 328 159 88 231
1277 2 182 164 107 206
1278 1 326 159 87 231
1278 2 183 166 107 206
1279 1 328 157 76 231
1279 2 184 166 106 206
1280 1 321 158 80 231
1280 2 184 168 107 205
1281 1 322 159 80 231
1281 2 181 171 107 206
1282 1 305 159 88 231
1282 2 183 171 106 206
1283 1 303 153 88 231
1283 2 181 171 107 206
1284 1 294 158 94 227
1284 2 179 170 107 205
1285 1 293 158 94 227
1285 2 184 165 103 216
1286 1 284 158 111 227
1286 2 183 165 103 216
1287 1 289 159 111 227
1287 2 181 164 103 216
1288 1 288 159 111 227
1288 2 192 161 86 216
1289 1 289 157 106 229
1289 2 187 159 82 216
1290 1 285 162 111 227
1290 2 182 164 80 211
1291 1 283 163 111 227
1291 2 180 163 74 210
1292 1 281 164 111 227
1292 2 175 165 70 211
1293 1 280 155 111 234
1293 2 176 163 70 210
1294 1 279 157 110 235
1294 2 165 163 70 211
1295 1 277 158 111 235
1295 2 165 164 70 210
1296 1 276 156 111 235
1296 2 156 164 77 210
1297 1 288 156 83 227
1297 2 158 164 77 210
1298 1 283 159 84 226
1298 2 157 165 77 210
1299 1 282 155 84 226
1299 2 156 166 77 210
1300 1 280 152 83 227
1300 2 156 166 77 210
1301 1 265 158 84 227
1301 2 154 167 78 210
1302 1 266 160 88 227
1302 2 154 168 78 210
1303 1 267 155 76 244
1303 2 153 169 77 210
1304 1 262 153 87 237
1304 2 153 169 77 210
1305 1 252 149 88 245
1305 2 151 169 78 210
1306 1 242 149 95 245
1306 2 151 169 78 210
1307 1 240 149 96 245
1307 2 147 165 77 210
1308 1 239 155 99 239
1308 2 147 165 77 210
1309 1 240 155 99 239
1309 2 147 164 77 210
1310 1 240 156 99 240
1310 2 148 170 74 200
1311 1 240 156 99 240
1311 2 146 166 77 210
1312 1 243 155 99 239
1312 2 145 165 77 210
1313 1 243 154 98 239
1313 2 134 162 77 209
1314 1 241 154 99 239
1314 2 139 161 77 210
1315 1 240 155 99 239
1315 2 139 160 77 210
1316 1 239 158 99 239
1316 2 139 159 77 210
1317 1 237 155 89 239
1317 2 139 160 77 218
1318 1 237 153 89 239
1318 2 140 163 77 217
1319 1 236 154 89 239
1319 2 142 167 73 208
1320 1 235 153 78 239
1320 2 141 159 73 216
1321 1 233 154 70 239
1321 2 141 157 73 216
1322 1 237 154 70 239
1322 2 134 157 82 216
1323 1 230 156 70 239
1323 2 132 160 85 216
1324 1 226 155 77 239
1324 2 136 164 86 216
1325 1 223 155 77 239
1325 2 138 163 85 216
1326 1 220 155 76 239
1326 2 137 158 90 216
1327 1 209 155 92 239
1327 2 141 159 90 216
1328 1 208 154 92 239
1328 2 145 157 89 216
1329 1 203 154 101 239
1329 2 146 160 89 216
1330 1 206 153 101 239
1330 2 151 158 90 216
1331 1 205 154 101 239
1331 2 156 164 90 216
1332 1 205 154 101 239
1332 2 158 164 90 216
1333 1 204 155 100 239
1333 2 161 164 90 217
1334 1 202 154 101 239
1334 2 163 164 99 211
1335 1 200 148 101 239
1335 2 168 161 98 211
1336 1 198 156 101 238
1336 2 171 164 98 211
1337 1 211 157 95 239
1337 2 170 164 99 211
1338 1 213 156 86 232
1338 2 173 160 99 211
1338 3 195 205 15 41
1339 1 216 153 83 233
1339 2 173 161 98 211
1339 3 197 205 14 41
1340 1 211 152 85 232
1340 2 176 159 91 211
1340 3 197 207 14 40
1341 1 209 154 85 232
1341 2 188 158 86 211
1341 3 198 207 14 41
1342 1 213 155 75 232
1342 3 199 208 14 39
1342 2 197 162 81 214
1343 1 211 156 76 232
1343 3 200 209 13 38
1343 2 204 163 75 210
1344 1 211 149 66 240
1344 3 201 204 14 43
1344 2 219 164 62 209
1345 1 207 150 66 241
1345 3 202 205 14 43
1345 2 230 164 56 202
1346 1 206 149 66 240
1346 3 203 206 14 43
1346 2 231 160 56 204
1347 1 207 149 66 241
1347 3 204 205 15 46
1347 2 244 161 48 205
1348 1 205 149 66 241
1348 2 249 163 48 203
1348 3 204 206 15 45
1349 1 208 155 66 240
1349 2 251 167 50 203
1349 3 205 206 15 45
1350 1 207 153 66 240
1350 2 258 162 65 207
1350 3 207 203 14 45
1351 1 207 151 66 241
1351 2 259 160 71 206
1351 3 208 207 14 43
1352 1 206 151 66 241
1352 2 264 164 77 200
1352 3 209 206 14 44
1353 1 205 150 66 241
1353 2 258 165 94 200
1353 3 210 205 14 46
1354 1 204 151 66 241
1354 2 259 164 94 200
1354 3 211 204 14 46
1355 1 204 151 66 241
1355 2 260 165 94 199
1355 3 211 203 14 45
1356 1 205 149 66 240
1356 2 259 167 106 199
1356 3 212 203 14 45
1357 1 207 147 66 241
1357 2 261 164 107 199
1357 3 213 204 14 45
1358 1 207 147 66 241
1358 2 262 164 106 200
1358 3 213 204 14 43
1359 1 197 146 75 240
1359 2 261 168 106 199
1359 3 213 203 14 43
1360 1 198 149 75 241
1360 2 271 164 99 200
1360 3 214 203 14 41
1361 1 199 146 75 240
1361 2 276 167 93 199
1361 3 212 204 16 42
1362 1 197 147 75 240
1362 2 282 162 90 199
1363 1 192 151 75 240
1363 2 291 161 80 199
1364 1 193 148 75 240
1364 2 304 162 69 199
1365 1 189 148 79 245
1365 2 310 161 68 200
1366 1 188 151 79 243
1366 2 317 161 64 199
1367 1 186 148 78 245
1367 2 322 153 63 211
1368 1 184 145 93 244
1368 2 326 154 68 211
1369 1 183 150 93 240
1369 2 336 156 68 206
1370 1 180 145 93 239
1370 2 336 156 81 206
1371 1 180 152 93 239
1371 2 341 153 87 206
1372 1 176 152 93 236
1372 2 343 159 87 205
1373 1 176 154 93 236
1373 2 341 160 98 199
1374 1 177 153 93 236
1374 2 343 159 99 199
1375 1 172 157 93 226
1375 2 346 159 98 199
1375 3 226 203 14 47
1376 1 168 156 97 231
1376 2 348 155 98 203
1376 3 226 202 16 47
1377 1 176 151 85 232
1377 2 350 154 98 203
1377 3 226 204 16 48
1378 1 174 151 78 232
1378 2 352 154 99 203
1378 3 226 204 16 47
1379 1 167 151 78 232
1379 2 355 154 98 204
1379 3 226 203 15 45
1380 1 164 150 78 232
1380 2 358 153 89 204
1380 3 227 205 15 46
1381 1 161 149 78 231
1381 2 367 150 89 208
1381 3 228 205 15 47
1382 1 160 151 78 232
1382 2 368 148 89 208
1382 3 228 203 16 50
1383 1 158 151 78 232
1383 2 379 149 80 209
1383 3 229 204 16 48
1384 1 155 152 78 231
1384 2 380 147 80 209
1384 3 230 204 16 48
1385 1 143 152 88 231
1385 2 385 149 80 209
1385 3 231 204 16 47
1386 1 137 150 88 231
1386 2 384 152 80 208
1386 3 231 204 16 47
1387 1 133 151 88 231
1387 2 394 147 80 208
1387 3 232 204 15 47
1388 1 126 152 98 231
1388 2 394 148 81 208
1388 3 232 203 16 48
1389 1 119 152 98 231
1389 2 396 151 86 208
1389 3 233 203 16 48
1390 1 121 153 98 230
1390 2 395 149 86 208
1390 3 234 203 15 47
1391 1 119 153 105 231
1391 2 396 149 86 215
1391 3 234 203 16 48
1392 1 114 154 106 231
1392 2 398 148 86 215
1392 3 236 204 15 45
1393 1 117 154 106 231
1393 2 399 147 86 214
1393 3 236 204 16 47
1394 1 117 154 106 231
1394 2 401 148 86 214
1394 3 236 204 16 47
1395 1 115 153 106 230
1395 2 402 147 86 215
1395 3 238 203 15 48
1396 1 113 153 106 230
1396 2 404 146 86 215
1396 3 238 204 16 47
1397 1 112 152 105 230
1397 2 406 147 86 215
1397 3 239 203 15 48
1398 1 122 145 97 243
1398 2 408 146 85 214
1398 3 240 203 15 48
1399 1 118 150 97 229
1399 2 410 144 85 217
1399 3 240 204 16 47
1400 1 115 151 97 232
1400 2 413 145 81 223
1400 3 241 204 15 47
1401 1 111 147 97 233
1401 2 414 142 82 223
1401 3 241 203 16 48
1402 1 110 153 90 227
1402 2 416 142 81 223
1402 3 242 204 15 45
1403 1 108 151 89 226
1403 2 417 141 81 223
1403 3 242 203 15 45
1404 1 108 156 91 220
1404 2 418 141 81 223
1404 3 241 200 18 48
1405 1 99 159 91 215
1405 2 419 142 81 223
1405 3 242 201 19 51
1406 1 99 158 91 216
1406 2 419 142 82 223
1406 3 243 201 19 51
1407 1 95 158 91 216
1407 2 420 141 81 223
1407 3 243 200 19 51
1408 1 100 159 92 215
1408 2 420 142 91 225
1408 3 243 202 19 50
1409 1 95 160 92 215
1409 2 419 140 90 225
1409 3 245 202 19 50
1410 1 95 158 92 216
1410 2 419 138 91 225
1410 3 246 202 18 49
1411 1 95 158 91 215
1411 2 419 141 91 225
1411 3 247 203 17 49
1412 1 99 158 91 216
1412 2 420 140 90 231
1412 3 247 201 18 51
1413 1 98 158 91 216
1413 2 421 140 90 230
1413 3 247 200 19 54
1414 1 98 158 91 215
1414 2 422 140 90 231
1414 3 247 200 20 53
1415 1 98 158 91 216
1415 2 422 140 90 231
1415 3 249 200 19 53
1416 1 97 158 92 215
1416 2 422 141 91 230
1416 3 249 200 20 53
1417 1 97 157 91 216
1417 2 423 141 87 220
1417 3 251 199 19 53
1418 1 97 156 91 216
1418 2 422 144 80 231
1418 3 252 199 19 53
1419 1 97 155 91 216
1419 2 416 142 85 237
1419 3 253 198 19 54
1420 1 99 160 87 205
1420 2 412 141 85 237
1420 3 254 199 20 53
1421 1 98 159 87 206
1421 2 402 142 99 237
1421 3 256 199 19 51
1422 1 98 159 87 206
1422 2 402 140 98 237
1422 3 257 202 18 48
1423 1 96 154 92 215
1423 2 400 141 99 237
1423 3 258 202 18 48
1424 1 97 159 88 206
1424 2 397 139 99 238
1424 3 260 202 17 48
1425 1 97 159 87 206
1425 2 383 136 114 244
1425 3 261 201 18 49
1426 1 96 160 87 205
1426 2 386 134 114 244
1426 3 262 200 19 51
1427 1 96 161 87 206
1427 2 387 136 115 244
1427 3 263 201 18 49
1428 1 96 163 87 205
1428 2 387 135 114 244
1428 3 265 201 18 49
1429 1 95 163 87 206
1429 2 393 133 114 244
1429 3 267 201 17 49
1430 1 96 163 87 206
1430 2 404 131 114 254
1430 3 268 200 18 49
1431 1 96 163 87 206
1431 2 418 128 114 254
1431 3 271 200 18 49
1432 1 96 163 87 206
1432 2 413 127 137 254
1432 3 272 200 18 49
1433 1 96 163 87 206
1433 2 413 129 137 254
1433 3 274 200 17 49
1434 1 96 162 87 206
1434 2 399 126 156 253
1434 3 276 200 18 49
1435 1 95 162 87 205
1435 2 394 124 156 254
1435 3 278 200 18 49
1436 1 95 162 87 206
1436 2 396 124 150 254
1436 3 279 200 18 49
1437 1 95 162 87 205
1437 2 394 126 143 254
1437 3 281 200 18 49
1438 1 96 162 87 205
1438 2 382 129 144 254
1438 3 283 200 18 49
1439 1 96 162 87 205
1439 2 390 138 128 244
1439 3 284 199 18 49
1440 1 96 161 87 205
1440 2 380 140 128 245
1440 3 287 199 17 49
1441 1 95 161 87 205
1441 2 379 141 128 245
1441 3 288 199 18 48
1442 1 96 162 83 196
1442 2 382 137 128 245
1442 3 290 199 18 48
1443 1 96 159 87 205
1443 2 388 138 128 244
1443 3 291 199 18 49
1444 1 97 158 87 206
1444 2 392 139 124 245
1444 3 294 198 17 48
1445 1 97 158 87 201
1445 2 394 141 124 244
1445 3 295 198 18 49
1446 1 99 154 87 201
1446 2 393 139 123 244
1446 3 297 199 18 48
1447 1 101 160 83 191
1447 2 364 137 125 245
1447 3 298 199 18 49
1448 1 102 159 83 191
1448 2 354 131 130 245
1448 3 301 198 17 49
1449 1 103 159 83 191
1449 2 341 131 131 246
1449 3 302 199 18 48
1450 1 94 158 82 191
1450 2 347 122 122 261
1450 3 304 199 18 49
1451 1 98 159 83 191
1451 2 357 108 101 270
1451 3 305 199 18 48
1452 1 100 159 83 191
1452 2 366 107 100 270
1452 3 308 198 17 49
1453 1 101 160 83 191
1453 2 366 100 101 280
1453 3 309 199 18 48
1454 1 102 161 83 191
1454 2 360 101 101 281
1454 3 311 199 18 49
1455 1 104 160 83 191
1455 2 363 102 101 280
1455 3 314 198 17 49
1456 1 104 160 84 191
1456 2 360 92 101 287
1456 3 315 200 18 49
1457 1 107 160 68 190
1457 2 347 96 110 287
1457 3 317 201 18 49
1458 1 108 160 74 192
1458 2 340 112 128 271
1458 3 319 200 18 49
1459 1 112 160 74 191
1459 2 331 128 136 255
1459 3 321 200 18 49
1460 1 113 160 74 191
1460 2 339 132 128 251
1460 3 322 201 18 49
1461 1 115 161 74 192
1461 2 339 131 128 248
1461 3 325 200 18 49
1462 1 116 162 75 192
1462 2 333 134 128 253
1462 3 326 199 19 51
1463 1 117 159 75 192
1463 2 339 137 128 239
1463 3 328 198 19 51
1464 1 120 162 74 192
1464 2 335 140 128 239
1464 3 329 196 20 54
1465 1 119 158 78 201
1465 2 343 135 116 249
1465 3 331 196 20 53
1466 1 120 157 72 195
1466 2 339 139 117 248
1466 3 332 196 20 54
1467 1 120 156 72 193
1467 2 336 131 116 248
1467 3 334 197 20 53
1468 1 121 156 63 192
1468 2 333 134 117 248
1468 3 336 196 20 53
1469 1 122 157 63 191
1469 2 332 132 117 249
1469 3 338 197 19 53
1470 1 123 155 62 192
1470 2 332 133 108 248
1470 3 340 194 18 53
1471 1 122 157 63 191
1471 2 320 132 108 249
1471 3 340 198 19 47
1472 1 122 158 63 192
1472 2 314 131 107 249
1472 3 344 192 17 60
1473 1 123 158 62 191
1473 2 306 130 108 249
1473 3 342 192 22 59
1474 1 122 153 66 201
1474 2 300 133 108 248
1474 3 347 197 19 53
1475 1 123 152 66 201
1475 2 297 130 108 248
1476 1 101 156 80 191
1476 2 281 132 122 249
1477 1 109 158 80 191
1477 2 280 137 122 249
1478 1 107 161 76 182
1478 2 273 139 137 242
1479 1 101 161 85 182
1479 2 271 139 136 242
1480 1 102 162 85 183
1480 2 274 139 137 242
1481 1 104 163 85 182
1481 2 271 139 136 242
1482 1 108 164 85 182
1482 2 271 139 137 242
1483 1 108 163 85 182
1483 2 271 141 137 243
1483 3 359 193 18 58
1484 1 108 163 85 183
1484 2 281 137 137 242
1484 3 365 201 15 47
1485 1 108 163 85 182
1485 2 283 136 137 243
1485 3 365 200 15 47
1486 1 109 162 85 182
1486 2 308 136 114 242
1486 3 367 199 16 49
1487 1 109 161 85 183
1487 2 308 133 114 242
1487 3 369 200 15 49
1488 1 109 161 85 183
1488 2 305 133 114 242
1488 3 369 198 17 52
1489 1 109 163 85 182
1489 2 304 133 114 242
1489 3 371 197 17 53
1490 1 109 161 85 183
1490 2 307 131 100 242
1490 3 374 197 16 50
1491 1 108 161 85 183
1491 2 301 136 100 237
1491 3 375 197 16 50
1492 1 107 162 80 182
1492 2 294 140 88 236
1492 3 376 197 16 50
1493 1 107 158 80 182
1493 2 291 141 79 236
1493 3 378 198 16 49
1494 1 107 159 80 182
1494 2 284 136 79 236
1494 3 379 198 16 50
1495 1 105 157 80 182
1495 2 266 135 95 236
1495 3 378 195 19 52
1496 1 105 158 80 182
1496 2 267 137 94 236
1496 3 380 196 19 52
1497 1 104 159 80 182
1497 2 250 137 112 236
1497 3 382 195 18 52
1498 1 106 163 76 174
1498 2 259 137 111 236
1498 3 383 196 18 51
1499 1 106 163 76 174
1499 2 258 138 111 236
1499 3 385 197 18 51
1500 1 105 164 77 174
1500 2 248 139 121 236
1500 3 385 198 19 52
1501 1 104 162 77 173
1501 2 250 141 121 236
1501 3 386 195 19 52
1502 1 104 163 77 174
1502 2 249 141 121 236
1502 3 388 195 18 52
1503 1 104 164 77 174
1503 2 244 135 127 248
1503 3 390 195 18 51
1504 1 100 163 77 174
1504 2 243 135 127 248
1504 3 391 195 18 51
1505 1 102 164 77 174
1505 2 242 134 127 248
1505 3 392 196 19 52
1506 1 103 164 77 174
1506 2 244 139 122 236
1506 3 393 195 18 51
1507 1 103 163 77 174
1507 2 242 138 121 236
1507 3 395 195 18 51
1508 1 104 163 77 174
1508 2 241 138 108 230
1508 3 396 196 18 51
1509 1 105 164 77 174
1509 2 237 132 105 236
1509 3 397 195 18 52
1510 1 105 164 77 174
1510 2 236 132 100 237
1510 3 395 195 21 52
1511 1 105 165 77 167
1511 2 239 136 88 228
1511 3 397 195 21 52
1512 1 108 165 72 165
1512 2 243 140 87 228
1512 3 397 196 21 52
1513 1 107 163 63 165
1513 2 242 140 87 229
1513 3 398 197 21 51
1514 1 110 161 64 165
1514 2 240 141 72 229
1514 3 396 195 21 51
1515 1 110 162 64 165
1515 2 243 145 71 228
1515 3 398 196 21 52
1516 1 111 161 64 165
1516 2 228 143 86 220
1516 3 398 196 21 52
1517 1 110 161 64 165
1517 2 232 148 97 220
1517 3 400 196 21 51
1518 1 109 157 67 174
1518 2 232 145 109 219
1518 3 400 196 21 51
1519 1 109 157 67 174
1519 2 225 146 109 219
1519 3 400 197 21 52
1520 1 109 156 67 174
1520 2 225 144 125 219
1520 3 401 197 21 51
1521 1 108 157 67 174
1521 2 222 144 125 219
1521 3 402 196 21 52
1522 1 110 158 67 174
1522 2 227 146 125 219
1522 3 404 197 20 51
1523 1 110 156 67 174
1523 2 229 147 125 219
1523 3 404 196 20 51
1524 1 111 156 67 174
1524 2 229 147 119 219
1524 3 405 195 22 54
1525 1 111 156 67 174
1525 2 230 148 108 220
1525 3 405 196 22 54
1526 1 110 156 67 174
1526 2 223 149 108 220
1526 3 405 195 22 55
1527 1 110 156 67 174
1527 2 208 147 108 219
1527 3 406 195 22 55
1528 1 110 156 67 174
1528 2 197 144 107 219
1528 3 407 196 22 54
1529 1 110 157 67 174
1529 2 188 146 108 219
1529 3 407 196 22 55
1530 1 110 156 73 174
1530 2 189 144 97 219
1530 3 408 197 22 54
1531 1 109 155 73 174
1531 2 190 145 97 219
1531 3 407 197 22 55
1532 1 109 154 72 174
1532 2 185 147 97 219
1532 3 408 197 22 55
1533 1 110 155 73 174
1533 2 186 139 96 220
1533 3 409 197 22 55
1534 1 109 154 77 174
1534 2 177 142 97 219
1534 3 410 191 21 60
1535 1 109 159 77 167
1535 2 175 146 96 211
1535 3 410 195 21 59
1536 1 109 156 76 168
1536 2 172 144 96 211
1536 3 412 195 20 60
1537 1 108 153 80 176
1537 2 171 147 96 211
1537 3 413 196 19 57
1538 1 108 153 80 177
1538 2 175 147 97 211
1538 3 414 197 20 57
1539 1 108 154 80 176
1539 2 174 146 96 211
1539 3 415 195 20 57
1540 1 113 158 76 168
1540 2 173 147 97 211
1540 3 415 195 20 57
1541 1 111 162 76 163
1541 2 173 146 97 211
1541 3 415 194 21 60
1542 1 110 160 83 163
1542 2 172 146 96 211
1542 3 416 193 21 60
1543 1 109 160 82 163
1543 2 172 148 96 211
1543 3 417 194 21 60
1544 1 120 160 72 163
1544 2 173 148 97 211
1544 3 417 193 22 63
1545 1 116 163 73 164
1545 2 173 149 96 211
1545 3 418 195 21 59
1546 1 120 162 72 163
1546 2 173 148 97 212
1546 3 418 193 22 63
1547 1 123 163 67 163
1547 2 173 148 97 211
1547 3 419 192 22 63
1548 1 122 161 67 163
1548 2 173 147 97 208
1548 3 418 193 22 63
1549 1 122 161 67 163
1549 2 170 142 93 213
1549 3 420 194 21 62
1550 1 122 164 67 163
1550 2 169 143 91 214
1550 3 421 194 21 63
1551 1 126 163 63 164
1551 2 171 147 80 204
1551 3 421 195 21 60
1552 1 124 163 64 163
1552 2 166 147 80 204
1552 3 422 193 22 63
1553 1 125 161 67 166
1553 2 161 147 80 205
1553 3 422 193 22 63
1554 1 130 163 60 165
1554 2 163 147 64 205
1554 3 423 192 22 63
1555 1 132 162 60 165
1555 2 152 154 65 204
1555 3 423 192 22 63
1556 1 133 160 60 165
1556 2 148 147 65 204
1556 3 423 192 22 63
1557 1 131 163 60 165
1557 2 146 149 65 204
1557 3 423 192 22 63
1558 1 135 161 52 164
1558 2 124 149 84 204
1558 3 423 193 22 63
1559 1 138 161 52 164
1559 2 113 150 99 203
1559 3 424 194 22 62
1560 1 140 161 47 165
1560 2 113 150 99 204
1560 3 423 194 22 63
1561 2 109 150 102 204
1561 3 422 194 22 62
1561 1 133 161 49 171
1562 2 106 150 102 203
1562 3 422 194 22 62
1562 1 134 164 55 165
1563 2 110 151 102 203
1563 3 423 194 22 63
1563 1 134 166 55 164
1564 2 111 152 102 203
1564 3 423 195 22 63
1564 1 136 168 53 162
1565 2 109 151 102 203
1565 3 424 194 22 63
1565 1 134 164 55 167
1566 2 106 148 102 204
1566 3 424 195 22 63
1566 1 138 168 50 162
1567 2 105 153 102 203
1567 3 425 194 22 63
1567 1 145 167 42 162
1568 1 151 167 41 160
1568 2 113 147 88 204
1568 3 425 194 22 63
1569 1 150 165 44 162
1569 2 112 145 89 204
1569 3 425 194 22 63
1570 1 155 162 44 163
1570 2 118 151 76 203
1570 3 425 194 22 62
1571 1 153 165 44 163
1571 2 122 150 66 204
1571 3 425 194 22 62
1572 1 153 166 44 163
1572 2 119 146 57 203
1572 3 426 193 22 63
1573 1 154 166 45 162
1573 2 113 150 57 203
1573 3 421 194 27 62
1574 1 154 161 47 170
1574 2 110 148 57 203
1574 3 422 194 27 62
1575 1 159 162 43 170
1575 2 109 150 56 203
1575 3 422 194 27 62
1576 1 160 164 42 171
1576 2 108 148 57 204
1576 3 423 195 27 63
1577 1 160 165 43 171
1577 2 95 149 80 203
1577 3 422 195 27 63
1578 1 162 164 42 171
1578 2 86 148 85 203
1578 3 422 195 27 63
1579 1 163 161 43 171
1579 2 82 148 92 203
1579 3 422 195 27 63
1580 1 164 164 43 171
1580 2 75 146 104 203
1580 3 422 196 27 63
1581 1 165 161 55 171
1581 2 69 148 103 203
1581 3 422 196 27 63
1582 1 163 163 55 171
1582 2 62 148 103 203
1582 3 423 195 27 63
1583 1 165 166 69 163
1583 2 53 147 113 203
1583 3 422 195 27 63
1584 1 160 168 69 163
1584 2 53 151 113 203
1584 3 423 195 27 63
1585 1 167 165 72 166
1585 2 53 149 113 203
1585 3 423 195 27 63
1586 1 166 166 72 165
1586 2 52 153 113 202
1586 3 423 195 27 63
1587 1 169 163 72 165
1587 2 46 144 113 203
1587 3 423 195 27 63
1588 1 166 164 77 166
1588 2 50 154 113 202
1588 3 423 195 27 63
1589 1 167 167 77 165
1589 2 48 154 113 202
1589 3 423 195 27 63
1590 1 167 164 77 165
1590 2 45 152 113 203
1590 3 423 196 27 63
1591 1 168 165 77 166
1591 2 43 153 113 203
1591 3 422 196 27 63
1592 1 170 164 77 166
1592 2 40 153 113 203
1592 3 421 195 28 66
1593 1 168 164 77 165
1593 2 38 155 113 202
1593 3 422 196 27 63
1594 1 172 165 77 165
1594 2 33 149 98 202
1594 3 421 195 28 66
1595 1 173 164 78 166
1595 2 35 149 91 202
1595 3 421 195 28 66
1596 1 176 164 77 166
1596 2 36 154 78 202
1596 3 420 195 29 66
1597 1 177 162 77 165
1597 2 37 147 78 202
1597 3 420 194 29 66
1598 1 189 166 67 158
1598 2 38 147 77 202
1598 3 420 194 28 66
1599 1 191 163 69 164
1599 2 35 147 78 203
1599 3 419 194 29 66
1600 1 194 164 69 164
1600 2 34 150 77 202
1600 3 419 194 29 66
1601 1 197 163 69 163
1601 2 26 148 77 202
1601 3 418 194 29 66
1602 1 198 164 69 164
1602 2 26 150 78 202
1602 3 418 194 29 66
1603 1 199 164 69 164
1603 2 28 151 77 202
1603 3 418 194 26 61
1604 1 202 164 69 164
1604 2 29 150 77 202
1604 3 418 195 27 62
1605 1 204 165 69 164
1605 2 27 153 77 202
1605 3 417 196 27 62
1606 1 206 165 69 164
1606 2 27 150 77 202
1606 3 417 197 26 62
1607 1 207 165 69 164
1607 2 23 146 78 202
1607 3 412 195 26 61
1608 1 209 166 76 164
1608 2 27 155 77 202
1608 3 413 197 26 62
1609 1 209 163 76 169
1609 2 26 155 77 202
1609 3 413 198 26 62
1610 1 209 166 77 170
1610 2 25 154 77 202
1610 3 412 197 26 62
1611 1 214 170 72 162
1611 2 22 154 78 202
1611 3 411 197 26 62
1612 1 214 171 73 161
1612 2 22 153 77 202
1612 3 410 197 27 62
1613 1 214 167 76 170
1613 2 19 152 78 202
1613 3 410 197 27 62
1614 1 216 168 76 170
1614 2 18 153 77 202
1614 3 409 198 27 62
1615 1 217 164 76 170
1615 2 16 152 77 202
1615 3 408 195 28 65
1616 1 217 164 76 170
1616 2 13 147 81 212
1616 3 408 196 28 65
1617 1 218 163 77 175
1617 2 11 147 81 211
1617 3 407 196 28 65
1618 1 221 165 76 175
1618 2 9 147 81 212
1618 3 406 195 27 65
1619 1 225 169 72 167
1619 2 6 147 81 212
1619 3 405 195 27 65
1620 1 228 163 70 173
1620 2 4 147 81 211
1620 3 404 196 27 65
1621 1 234 166 66 174
1621 2 4 151 77 202
1621 3 402 196 28 65
1622 1 242 165 58 175
1622 2 0 151 77 202
1622 3 401 196 27 65
1623 1 242 163 57 175
1623 2 -2 151 78 202
1623 3 400 197 27 65
1624 1 241 161 57 175
1624 2 -4 152 77 202
1624 3 398 196 27 65
1625 1 242 162 57 175
1625 2 -6 152 68 193
1625 3 396 197 27 65
1626 1 243 161 57 175
1626 2 -7 157 68 193
1626 3 394 197 28 65
1627 1 243 162 69 175
1627 2 -10 157 69 193
1627 3 392 195 29 69
1628 1 243 161 77 175
1628 2 -13 158 69 193
1628 3 390 195 29 68
1629 1 243 160 77 175
1629 2 -16 158 68 193
1629 3 387 195 29 68
1630 1 243 162 86 175
1630 2 -19 157 68 193
1630 3 384 195 29 68
1631 1 244 163 86 175
1631 2 -23 156 69 193
1631 3 383 194 29 68
1632 1 243 164 87 175
1632 2 -26 156 69 193
1632 3 380 195 29 69
1633 1 242 165 87 175
1633 2 -29 156 69 193
1633 3 378 196 28 65
1634 1 239 166 87 174
1634 2 -32 156 69 192
1634 3 376 192 27 70
1635 1 235 163 87 175
1635 3 374 193 27 71
1636 1 234 167 82 173
1636 3 371 194 28 70
1637 1 238 169 82 174
1637 3 369 194 28 71
1638 1 238 169 83 174
1638 3 365 194 28 71
1639 1 237 165 82 173
1639 3 363 194 27 71
1640 1 237 164 82 173
1640 3 361 195 27 70
1641 1 236 165 82 173
1641 3 358 195 27 70
1642 1 234 163 83 174
1642 3 355 195 28 70
1643 1 245 161 70 174
1643 3 353 195 27 70
1644 1 243 163 70 174
1644 3 350 196 27 70
1645 1 241 162 70 174
1645 3 346 196 28 70
1646 1 240 163 70 173
1646 3 343 196 28 70
1647 1 239 163 70 173
1647 3 341 196 28 70
1648 1 239 164 79 173
1648 3 337 196 28 70
1649 1 236 166 79 173
1649 3 335 196 28 70
1650 1 242 167 72 173
1650 3 331 197 28 70
1651 1 240 167 71 173
1651 3 329 196 27 70
1652 1 239 168 72 174
1652 3 325 197 28 70
1653 1 240 169 71 174
1653 3 323 197 27 70
1654 1 239 169 72 174
1654 3 320 197 28 70
1655 1 239 170 72 173
1655 3 317 197 28 66
1656 1 240 170 71 173
1656 3 313 196 28 65
1657 1 240 171 71 173
1657 3 310 199 27 66
1658 1 232 165 78 179
1658 3 307 200 28 66
1659 1 236 164 78 180
1659 3 304 200 28 65
1660 1 236 165 78 179
1660 3 301 198 29 69
1661 1 236 165 79 179
1661 3 298 198 29 66
1662 1 236 164 78 180
1662 3 296 199 28 66
1663 1 236 163 79 180
1663 3 293 196 29 66
1664 1 237 162 70 180
1664 3 291 196 28 66
1665 1 241 163 70 180
1665 3 289 200 29 66
1666 1 241 159 70 187
1666 3 287 200 29 66
1667 1 239 166 70 180
1667 3 285 200 29 66
1668 1 241 166 70 180
1668 3 284 197 28 66
1669 1 245 161 65 190
1669 3 285 198 23 66
1670 1 244 161 65 190
1670 3 284 196 21 65
1671 1 244 160 79 190
1671 3 277 194 22 62
1672 1 244 159 80 190
1672 3 272 194 24 65
1673 1 240 161 89 190
1674 1 241 159 90 189
1675 1 241 162 90 190
1676 1 236 163 89 190
1677 1 233 159 94 199
1678 1 236 164 89 190
1678 3 250 196 29 71
1679 1 238 169 85 181
1679 3 249 196 28 69
1680 1 239 167 85 181
1680 3 250 195 25 77
1681 1 239 167 85 181
1681 3 247 197 25 66
1682 1 237 161 89 190
1682 3 246 198 26 69
1683 1 236 163 89 190
1683 3 245 199 26 69
1684 1 237 163 89 190
1684 3 243 200 26 69
1685 1 237 162 89 190
1685 3 241 199 27 69
1686 1 251 162 74 190
1686 3 239 199 26 69
1687 1 248 162 75 190
1687 3 236 198 28 73
1688 1 248 161 75 190
1688 3 233 198 28 73
1689 1 246 157 78 199
1689 3 231 198 27 73
1690 1 252 164 74 190
1690 3 229 198 28 73
1691 1 251 163 74 190
1691 3 227 198 28 73
1692 1 255 167 74 189
1692 3 225 198 28 73
1693 1 254 164 82 190
1693 3 222 198 28 73
1694 1 262 165 73 190
1694 3 221 199 28 73
1695 1 259 164 72 190
1695 3 218 199 28 73
1696 1 259 165 78 197
1696 3 217 199 28 73
1697 1 257 163 78 197
1697 3 216 199 27 73
1698 1 258 164 78 197
1698 3 213 199 28 73
1699 1 259 163 77 197
1699 3 212 200 28 73
1700 1 259 164 78 196
1700 3 211 199 28 73
1701 1 260 163 78 197
1701 3 209 201 28 72
1702 1 261 163 78 197
1702 3 208 201 27 72
1703 1 258 168 80 196
1703 3 206 200 27 72
1704 1 260 166 80 196
1704 3 205 200 28 73
1705 1 261 165 80 196
1705 3 203 200 28 72
1706 1 263 161 81 204
1706 3 202 197 29 76
1707 1 266 155 80 205
1707 3 200 197 29 76
1708 1 267 162 80 204
1708 3 200 200 27 73
1709 1 276 162 66 204
1709 3 193 196 29 73
1710 1 276 161 67 204
1710 3 190 197 29 72
1711 1 277 158 67 205
1711 3 192 200 29 73
1712 1 278 159 67 204
1712 3 191 198 31 77
1713 1 280 158 66 205
1713 3 190 198 31 77
1714 1 280 158 76 205
1714 3 184 197 31 76
1715 1 284 159 76 204
1715 3 185 199 31 76
1716 1 285 163 86 204
1716 3 185 198 31 76
1717 1 289 161 86 204
1717 3 184 199 31 76
1718 1 281 159 102 204
1718 3 182 199 31 76
1719 1 285 158 103 205
1719 3 180 199 30 76
1720 1 284 159 103 205
1720 3 177 199 31 76
1721 1 289 162 103 204
1721 3 175 199 31 76
1722 1 287 161 114 204
1722 3 169 195 31 77
1723 1 280 160 124 204
1723 3 171 198 30 76
1724 1 285 163 124 204
1724 3 169 199 31 76
1725 1 281 164 124 204
1725 3 165 195 32 80
1726 1 282 165 124 204
1726 2 -47 154 94 189
1726 3 164 198 33 79
1727 1 281 165 124 204
1727 2 -46 155 94 190
1727 3 163 198 32 79
1728 1 282 166 124 204
1728 2 -46 155 95 190
1728 3 162 198 32 80
1729 1 281 162 130 214
1729 2 -43 156 94 190
1729 3 160 199 32 80
1730 1 284 162 131 214
1730 2 -27 157 94 190
1730 3 158 199 32 80
1731 1 283 165 124 204
1731 2 -22 158 94 190
1731 3 155 197 34 83
1732 1 288 165 124 204
1732 2 -21 161 94 190
1732 3 154 198 34 83
1733 1 290 163 124 204
1733 2 -21 161 94 190
1733 3 152 198 33 83
1734 1 291 162 124 204
1734 2 -22 162 94 190
1734 3 150 198 33 83
1735 1 310 161 108 203
1735 2 -22 163 94 190
1735 3 149 197 33 83
1736 1 317 159 108 204
1736 2 -22 163 94 190
1736 3 147 196 34 83
1737 1 319 158 108 204
1737 2 -25 157 111 190
1737 3 145 196 34 83
1738 1 321 158 107 214
1738 2 -24 163 111 190
1738 3 143 197 34 83
1739 1 326 157 108 214
1739 2 -12 161 106 182
1739 3 142 195 33 83
1740 1 327 158 108 214
1740 2 -11 165 106 181
1740 3 140 197 33 83
1741 1 345 158 90 214
1741 2 -8 154 106 192
1741 3 138 193 35 88
1742 1 343 159 90 214
1742 2 -1 159 106 192
1742 3 137 193 35 88
1743 1 343 161 90 213
1743 2 3 159 106 193
1743 3 135 193 35 88
1744 1 342 159 105 204
1744 2 5 159 102 192
1744 3 133 192 36 88
1745 1 338 156 105 211
1745 2 12 159 102 192
1745 3 130 193 35 87
1746 1 338 155 112 211
1746 2 15 159 102 193
1746 3 127 197 35 82
1747 1 336 155 113 211
1747 2 15 159 102 192
1747 3 123 195 36 85
1748 1 338 157 113 211
1748 2 15 159 102 193
1748 3 122 198 35 85
1749 1 337 158 112 211
1749 2 15 160 102 192
1749 3 120 198 36 86
1750 1 342 155 112 211
1750 2 16 160 102 192
1750 3 118 198 35 85
1751 1 342 153 112 211
1751 2 15 160 102 193
1751 3 116 198 35 85
1752 1 343 154 112 211
1752 2 15 161 102 193
1752 3 114 197 36 86
1753 1 337 157 112 211
1753 2 17 162 102 192
1753 3 112 197 36 86
1754 1 342 158 112 211
1754 2 22 167 102 192
1754 3 110 198 35 85
1755 1 345 154 112 211
1755 2 17 160 102 192
1755 3 108 198 36 86
1756 1 348 155 112 211
1756 2 22 162 102 192
1756 3 106 196 37 89
1757 1 348 155 112 211
1757 2 25 166 97 184
1757 3 105 196 37 89
1758 1 348 153 112 211
1758 2 13 162 106 183
1758 3 103 197 37 89
1759 1 365 151 95 211
1759 2 17 164 106 184
1759 3 100 197 37 90
1760 1 360 150 96 211
1760 2 16 164 106 184
1760 3 99 197 37 89
1761 1 360 151 96 211
1761 2 28 165 94 184
1761 3 97 198 37 89
1762 1 367 152 85 211
1762 2 34 157 86 191
1762 3 95 198 37 90
1763 1 365 153 85 211
1763 2 37 161 84 190
1763 3 93 198 37 90
1764 1 363 150 86 211
1764 2 35 162 84 190
1764 3 91 196 39 93
1765 1 368 147 86 211
1765 2 35 163 84 190
1765 3 90 192 36 93
1766 1 364 148 86 211
1766 2 37 165 80 181
1766 3 92 195 30 88
1767 1 364 148 85 211
1767 2 36 162 84 190
1767 3 94 195 30 89
1768 1 363 153 86 211
1768 2 46 155 84 190
1768 3 85 194 35 100
1769 1 363 152 86 211
1769 2 47 160 84 190
1769 3 79 193 37 94
1770 1 365 156 82 201
1770 2 47 160 84 190
1770 3 77 193 35 99
1771 1 364 157 82 201
1771 2 49 161 84 190
1771 3 75 190 37 88
1772 1 364 160 81 200
1772 2 52 161 84 190
1773 1 364 157 82 201
1773 2 53 162 89 191
1774 1 364 158 82 201
1774 2 54 163 94 191
1774 3 64 186 41 101
1775 1 363 157 81 201
1775 2 55 164 94 190
1775 3 60 192 40 97
1776 1 363 157 81 201
1776 2 57 165 93 190
1776 3 62 195 37 94
1777 1 363 157 81 201
1777 2 58 165 93 191
1777 3 63 197 32 91
1778 1 362 156 81 201
1778 2 58 166 93 190
1778 3 63 196 34 89
1779 1 360 156 82 201
1779 2 58 165 94 191
1779 3 61 197 33 88
1780 1 360 156 82 201
1780 2 60 166 93 190
1780 3 59 196 33 88
1781 1 359 156 82 201
1781 2 60 166 93 190
1781 3 57 191 34 94
1782 1 359 158 82 201
1782 2 63 166 93 190
1782 3 56 195 34 94
1783 1 359 159 82 201
1783 2 63 166 93 190
1783 3 53 192 35 99
1784 1 357 154 86 211
1784 2 77 165 80 191
1784 3 51 193 35 99
1785 1 357 154 86 201
1785 2 87 165 69 190
1785 3 49 192 36 99
1786 1 357 154 86 201
1786 2 86 167 65 181
1786 3 47 192 36 99
1787 1 356 153 86 202
1787 2 86 165 65 186
1787 3 46 192 35 99
1788 1 356 153 86 201
1788 2 86 168 65 186
1788 3 44 193 35 99
1789 1 356 152 86 202
1789 2 87 167 74 186
1789 3 42 193 35 99
1790 1 356 152 91 202
1790 2 94 161 75 186
1790 3 40 191 35 99
1791 1 356 153 95 201
1791 2 90 165 92 186
1791 3 39 191 35 99
1792 1 358 155 95 202
1792 2 85 167 92 186
1792 3 38 195 33 94
1793 1 355 158 95 202
1793 2 87 172 88 177
1793 3 36 194 34 94
1794 1 356 159 95 201
1794 2 95 168 88 178
1794 3 34 192 35 99
1795 1 356 166 95 185
1795 2 92 169 99 177
1795 3 33 192 35 99
1796 1 357 170 95 185
1796 2 87 164 98 185
1796 3 28 190 40 104
1797 1 358 171 95 185
1797 2 90 166 99 185
1797 3 27 191 40 104
1798 1 360 171 95 185
1798 2 93 162 99 185
1798 3 26 191 40 104
1799 1 362 171 95 185
1799 2 89 166 99 185
1799 3 24 189 42 109
1800 1 363 171 91 175
1800 2 90 165 99 185
1800 3 23 192 40 103
1801 1 365 171 90 180
1801 2 104 164 86 186
1801 3 22 193 40 103
1802 1 365 171 88 174
1802 2 107 165 84 185
1802 3 21 194 40 104
1803 1 366 171 89 173
1803 2 118 164 75 186
1803 3 20 194 40 104
1804 1 368 175 89 166
1804 2 120 165 74 185
1804 3 18 194 40 104
1805 1 373 181 82 163
1805 2 120 165 87 186
1805 3 17 194 40 104
1806 1 370 176 83 167
1806 2 121 165 92 186
1806 3 16 194 40 104
1807 1 370 179 88 164
1807 2 122 165 91 186
1807 3 14 192 40 103
1808 1 370 180 81 168
1808 2 123 165 92 186
1808 3 13 195 40 103
1809 1 369 180 79 164
1809 2 124 165 92 186
1809 3 11 195 40 103
1810 1 369 181 86 159
1810 2 144 166 74 186
1810 3 10 194 40 104
1811 1 371 191 78 151
1811 2 140 166 90 186
1811 3 8 194 39 103
1812 1 368 196 81 144
1812 2 139 167 89 186
1812 3 7 194 39 104
1813 1 366 197 76 146
1813 2 139 167 90 186
1813 3 6 194 40 103
1814 1 368 201 71 142
1814 2 140 168 90 186
1814 3 4 194 40 103
1815 1 366 204 77 134
1815 2 142 173 86 177
1815 3 3 195 40 103
1816 1 365 205 73 136
1816 2 143 174 85 177
1816 3 2 198 40 103
1817 1 367 207 72 136
1817 2 142 166 90 186
1817 3 1 198 40 104
1818 1 368 211 69 129
1818 2 142 165 90 186
1818 3 0 198 40 104
1819 1 367 214 69 129
1819 2 142 164 90 186
1819 3 -3 193 42 109
1820 1 366 214 69 130
1820 2 143 164 90 186
1820 3 -6 190 44 114
1821 1 364 217 69 129
1821 2 143 162 90 186
1821 3 -7 190 44 114
1822 1 364 225 69 122
1822 2 164 163 70 187
1822 3 -7 192 42 109
1823 1 363 224 69 122
1823 2 163 167 70 186
1823 3 -17 192 49 108
1824 1 362 225 69 115
1824 2 164 164 70 187
1824 3 -17 193 49 109
1825 1 361 226 69 115
1825 2 167 159 66 188
1825 3 -17 195 49 109
1826 1 360 227 69 115
1826 2 167 162 67 189
1826 3 -19 195 49 109
1827 1 358 240 69 103
1827 2 167 161 67 188
1827 3 -20 195 49 108
1828 1 357 241 69 102
1828 2 169 157 66 188
1828 3 -22 195 50 109
1829 1 355 241 69 102
1829 2 170 162 67 189
1829 3 -23 195 50 109
1830 1 355 242 69 102
1830 2 176 161 66 188
1830 3 -24 195 50 109
1831 1 354 243 69 102
1831 2 180 159 67 189
1832 1 352 243 70 102
1832 2 179 160 85 189
1833 1 351 244 70 102
1833 2 179 162 85 188
1834 1 351 243 69 102
1834 2 178 159 85 189
1835 1 350 244 70 102
1835 2 178 161 81 187
1836 1 350 244 69 102
1836 2 180 158 80 191
1837 1 349 244 69 102
1837 2 182 161 81 191
1838 1 348 244 70 102
1838 2 183 161 81 191
1839 1 347 243 69 102
1839 2 184 162 81 191
1840 1 347 243 69 102
1840 2 175 159 81 190
1841 1 345 243 70 102
1841 2 180 156 81 191
1842 1 344 243 70 102
1842 2 181 156 80 191
1843 1 343 243 70 102
1843 2 180 152 85 201
1844 1 343 243 70 102
1844 2 182 154 81 191
1845 1 342 242 70 102
1845 2 184 154 80 191
1846 1 341 242 70 102
1846 2 194 159 72 191
1847 1 341 242 69 102
1847 2 206 158 65 191
1848 1 340 243 70 102
1848 2 198 158 69 186
1849 1 339 242 69 102
1849 2 203 160 68 186
1850 1 339 242 69 102
1850 2 205 161 68 187
1851 1 338 242 70 102
1851 2 207 165 65 177
1852 1 338 242 69 102
1852 2 206 161 69 186
1853 1 337 242 70 102
1853 2 208 161 81 186
1854 1 336 242 70 102
1854 2 209 162 82 186
1855 1 336 243 69 102
1855 2 210 163 82 187
1856 1 335 243 70 102
1856 2 213 160 77 185
1857 1 336 245 67 97
1857 2 208 160 78 188
1858 1 335 245 67 98
1858 2 211 161 78 188
1859 1 335 245 66 97
1859 2 212 163 78 187
1860 1 334 245 66 98
1860 2 213 162 78 188
1861 1 334 245 67 97
1861 2 214 163 78 188
1862 1 333 245 66 98
1862 2 214 161 78 188
1863 1 332 245 67 98
1863 2 215 164 78 187
1864 1 332 245 66 98
1864 2 214 159 82 196
1865 1 331 245 67 98
1865 2 216 161 81 196
1866 1 331 245 67 98
1866 2 216 160 81 196
1867 1 331 245 66 97
1867 2 216 160 81 197
1868 1 330 245 67 97
1868 2 216 160 81 196
1869 1 330 245 66 98
1869 2 216 160 82 196
1870 1 329 245 66 98
1870 2 216 159 82 197
1871 1 328 245 67 98
1871 2 216 158 81 197
1872 1 328 245 66 98
1872 2 215 159 82 196
1873 1 328 245 66 98
1873 2 215 157 82 196
1874 1 328 245 66 98
1874 2 216 156 81 197
1875 1 327 245 66 98
1875 2 217 157 78 187
1876 1 326 245 66 97
1876 2 217 156 78 188
1877 1 326 245 66 97
1877 2 216 158 78 188
1878 1 325 245 67 97
1878 2 215 158 78 187
1879 1 324 244 67 98
1879 2 214 158 77 187
1880 1 325 244 66 97
1880 2 214 159 74 195
1881 1 324 244 66 97
1881 2 214 159 74 195
1882 1 324 243 67 97
1882 2 214 160 74 195
1883 1 324 241 66 98
1883 2 213 160 74 195
1884 1 323 241 67 98
1884 2 212 159 74 195
1885 1 322 238 69 102
1885 2 211 159 74 196
1886 1 322 237 70 102
1886 2 209 159 74 195
1887 1 322 235 70 103
1887 2 209 158 74 196
1888 1 322 232 69 103
1888 2 208 158 74 196
1889 1 322 230 70 103
1889 2 208 159 74 195
1890 1 322 228 69 103
1890 2 208 158 74 195
1891 1 321 225 73 108
1891 2 207 158 74 196
1892 1 321 223 73 108
1892 2 207 158 74 196
1893 1 321 220 73 119
1893 2 206 158 74 196
1894 1 321 217 73 118
1894 2 206 158 74 195
1895 1 321 216 73 118
1895 2 206 158 74 195
1896 1 321 210 73 125
1896 2 206 157 74 195
1897 1 320 206 73 128
1897 2 205 157 74 195
1898 1 319 203 74 135
1898 2 205 157 74 195
1899 1 319 199 74 135
1899 2 204 152 78 205
1900 1 319 192 74 141
1900 2 205 152 77 205
1901 1 320 192 73 148
1901 2 204 152 78 205
1902 1 321 184 73 154
1902 2 206 157 74 195
1903 1 320 184 73 154
1903 2 206 157 74 196
1904 1 321 183 68 154
1904 2 206 158 74 195
1905 1 321 175 66 163
1905 2 206 158 74 195
1906 1 321 177 67 163
1906 2 207 158 74 195
1907 1 321 176 66 163
1907 2 208 158 74 188
1908 1 321 177 64 163
1908 2 208 157 74 189
1909 1 321 170 67 169
1909 2 209 156 74 188
1910 1 321 171 65 169
1910 2 209 156 74 189
1911 1 321 172 66 169
1911 2 209 156 74 189
1912 1 320 171 66 169
1912 2 208 154 78 198
1913 1 320 171 66 169
1913 2 211 156 74 188
1914 1 319 171 67 169
1914 2 210 157 74 188
1915 1 317 171 66 169
1915 2 210 156 74 189
1916 1 315 168 65 177
1916 2 210 156 74 189
1917 1 314 167 65 178
1917 2 209 158 74 188
1918 1 314 168 65 178
1918 2 210 158 74 188
1919 1 311 163 65 178
1919 2 209 157 74 188
1920 1 314 161 65 182
1920 2 208 158 74 188
1921 1 314 162 65 182
1921 2 209 158 74 188
1922 1 312 163 65 182
1922 2 208 158 74 188
1923 1 310 163 65 182
1923 2 207 159 74 188
1924 1 309 163 65 182
1924 2 205 154 77 198
1925 1 308 163 65 182
1925 2 204 155 78 190
1926 1 306 163 65 182
1926 2 204 156 78 190
1926 3 -24 197 50 131
1927 1 305 163 65 182
1927 2 202 158 78 190
1927 3 -23 197 50 130
1928 1 303 157 65 182
1928 2 203 159 74 182
1928 3 -21 196 50 130
1929 1 301 159 57 182
1929 2 188 160 74 181
1929 3 -20 197 50 130
1930 1 302 162 55 182
1930 2 186 161 74 189
1930 3 -18 196 50 130
1931 1 298 163 57 182
1931 2 193 161 74 189
1931 3 -17 199 47 125
1932 1 295 162 57 182
1932 2 192 162 74 189
1932 3 -17 201 48 124
1933 1 295 159 57 182
1933 2 190 161 74 189
1933 3 -16 201 48 125
1934 1 295 162 51 182
1934 2 189 162 74 190
1934 3 -14 201 47 124
1935 1 294 159 52 183
1935 2 188 163 73 190
1935 3 -15 198 50 131
1936 1 285 162 60 182
1936 2 186 163 74 189
1936 3 -13 198 50 130
1937 1 276 162 67 182
1937 2 185 159 70 190
1937 3 -13 198 50 130
1938 1 269 160 76 182
1938 2 184 157 69 190
1938 3 -12 199 50 130
1939 1 267 161 76 182
1939 2 182 159 70 190
1939 3 -10 199 50 130
1940 1 259 163 87 182
1940 2 181 162 67 180
1940 3 -7 203 47 124
1941 1 256 166 87 182
1941 2 179 158 70 190
1941 3 -7 203 47 124
1942 1 253 164 91 182
1942 2 178 158 70 190
1942 3 -6 199 49 130
1943 1 254 168 92 182
1943 2 176 156 69 190
1943 3 -6 199 50 130
1944 1 252 168 92 182
1944 2 174 156 70 190
1944 3 -4 198 53 127
1945 1 249 170 91 182
1945 2 171 153 73 199
1945 3 -2 198 50 131
1946 1 246 169 92 182
1946 2 170 158 65 190
1946 3 -1 199 50 131
1947 1 244 167 92 181
1947 2 170 157 65 190
1947 3 0 199 53 127
1948 1 252 163 81 182
1948 2 158 160 64 189
1948 3 2 200 54 128
1949 1 246 164 82 182
1949 2 158 160 64 190
1949 3 3 199 54 128
1950 1 242 164 82 182
1950 2 157 160 64 190
1950 3 4 199 53 128
1951 1 241 163 82 182
1951 2 151 157 64 189
1951 3 4 199 54 128
1952 1 238 162 82 182
1952 2 143 161 73 190
1952 3 6 199 54 128
1953 1 235 156 74 191
1953 2 127 161 91 189
1953 3 7 199 54 128
1954 1 233 161 75 191
1954 2 131 155 90 189
1954 3 12 194 56 128
1955 1 234 160 66 191
1955 2 120 166 99 180
1955 3 11 199 56 127
1956 1 231 160 65 191
1956 2 117 166 99 180
1956 3 11 199 56 127
1957 1 229 161 66 191
1957 2 116 169 99 180
1957 3 14 202 54 122
1958 1 230 162 65 191
1958 2 115 169 98 180
1958 3 15 202 53 121
1959 1 225 161 66 191
1959 2 115 165 98 184
1959 3 16 202 54 121
1960 1 225 161 66 191
1960 2 111 163 108 192
1960 3 17 194 56 128
1961 1 222 161 66 191
1961 2 115 161 109 192
1961 3 16 198 56 127
1962 1 218 160 66 191
1962 2 114 157 98 193
1962 3 17 197 56 128
1963 1 216 162 71 191
1963 2 111 154 92 192
1963 3 17 197 56 128
1964 1 217 162 72 191
1964 2 110 152 92 192
1964 3 18 197 57 127
1965 1 216 162 73 191
1965 2 103 161 91 193
1965 3 19 196 57 128
1966 1 214 164 77 191
1966 2 102 160 79 192
1966 3 21 195 56 128
1967 1 215 161 77 195
1967 2 99 158 78 192
1967 3 23 196 56 128
1968 1 214 159 77 199
1968 2 96 159 77 192
1968 3 25 199 53 122
1969 1 210 161 82 195
1969 2 92 157 77 192
1969 3 27 199 54 122
1970 1 207 159 81 194
1970 2 89 159 67 192
1970 3 28 199 54 121
1971 1 214 160 73 195
1971 2 91 157 66 191
1971 3 30 199 53 122
1972 1 212 160 69 194
1972 2 83 162 71 192
1972 3 32 199 53 121
1973 1 209 160 69 194
1973 2 64 163 90 191
1973 3 33 199 53 121
1974 1 211 158 62 204
1974 2 65 164 90 191
1974 3 35 198 53 121
1975 1 210 155 63 204
1975 2 60 163 90 191
1975 3 37 194 54 128
1976 1 209 156 63 204
1976 2 46 167 107 191
1976 3 40 194 52 128
1977 1 207 156 58 203
1977 2 47 162 106 192
1977 3 44 193 49 122
1978 1 207 157 58 204
1978 2 45 160 106 192
1978 3 43 195 49 122
1979 1 207 157 58 204
1979 2 44 160 106 192
1979 3 45 193 50 115
1980 1 196 155 64 204
1980 2 52 162 103 192
1980 3 49 194 46 114
1981 1 200 156 64 204
1981 2 52 160 99 192
1981 3 53 194 42 115
1982 1 180 155 78 204
1982 2 51 163 98 192
1982 3 53 193 42 114
1983 1 175 156 83 204
1983 2 58 162 83 191
1983 3 53 192 41 114
1984 1 165 156 99 204
1984 2 60 161 79 191
1984 3 52 189 50 119
1985 1 166 159 98 203
1985 2 58 163 71 191
1985 3 52 191 50 116
1986 1 165 159 99 204
1986 2 53 157 71 200
1986 3 52 193 55 115
1987 1 166 160 98 204
1987 2 50 158 59 199
1987 3 53 195 49 116
1988 1 170 160 98 203
1988 2 50 159 60 200
1988 3 62 194 50 114
1989 1 168 160 98 203
1989 2 43 160 60 199
1989 3 61 189 50 120
1990 1 167 161 98 204
1990 2 45 164 60 199
1990 3 62 190 51 118
1991 1 166 164 99 203
1991 2 25 164 79 200
1991 3 71 194 45 113
1992 1 171 159 100 203
1992 2 22 157 79 199
1992 3 72 197 44 114
1993 1 171 157 99 204
1993 2 9 159 97 199
1993 3 70 193 46 120
1994 1 168 159 98 203
1994 2 7 161 97 192
1994 3 77 196 40 114
1995 1 173 159 90 203
1995 2 -3 166 112 191
1995 3 77 195 42 114
1996 1 173 158 84 204
1996 2 -1 162 111 192
1996 3 80 196 41 113
1997 1 174 159 76 206
1997 2 2 164 111 192
1997 3 84 190 40 114
1998 1 168 156 77 209
1998 2 8 166 111 192
1998 3 88 191 40 114
1999 1 165 155 75 208
1999 2 6 162 117 201
1999 3 90 194 40 114
2000 1 164 154 75 207
2000 2 7 166 111 192
2000 3 92 194 40 114
2001 1 164 159 75 207
2001 2 5 166 104 192
2001 3 94 195 41 114
2002 1 159 162 75 207
2002 2 7 162 100 192
2002 3 97 194 40 114
2003 1 157 158 83 207
2003 2 16 163 91 192
2003 3 100 195 40 114
2004 1 161 154 83 207
2004 2 18 157 81 201
2004 3 102 191 42 120
2005 1 156 161 83 207
2005 2 19 160 81 201
2005 3 105 191 41 114
2006 1 156 159 83 207
2006 2 19 160 70 201
2006 3 108 192 41 114
2007 1 157 163 83 207
2007 2 6 160 75 201
2007 3 111 191 40 114
2008 1 156 161 88 209
2008 2 3 160 85 201
2008 3 116 194 38 109
2009 1 156 156 88 214
2009 2 1 153 75 201
2009 3 118 193 39 109
2010 1 156 153 88 214
2010 2 -7 158 85 201
2010 3 121 195 39 108
2011 1 157 153 87 214
2011 2 -5 157 85 201
2011 3 125 192 38 109
2012 1 157 154 87 214
2012 2 -6 158 85 201
2012 3 128 194 39 109
2013 1 159 159 88 214
2013 2 -6 160 85 201
2013 3 130 192 39 109
2014 1 159 156 88 214
2014 2 -5 162 86 201
2014 3 134 192 38 109
2015 1 159 150 92 225
2015 2 1 162 86 202
2015 3 137 191 38 109
2016 1 159 152 86 225
2016 2 2 163 86 201
2016 3 140 191 38 109
2017 1 160 152 76 225
2017 2 2 163 86 201
2017 3 143 190 38 109
2018 1 161 146 76 224
2018 2 1 163 86 202
2018 3 146 191 38 109
2019 1 161 151 76 224
2019 2 1 162 86 202
2019 3 149 191 38 109
2020 1 161 151 69 225
2020 2 2 163 85 201
2020 3 151 191 39 109
2021 1 162 151 69 224
2021 2 1 163 86 201
2021 3 153 190 39 109
2022 1 163 150 69 224
2022 2 1 155 86 201
2022 3 156 192 36 105
2023 1 147 147 83 225
2023 2 1 161 85 201
2023 3 158 194 34 101
2024 1 144 153 89 218
2024 2 3 161 85 201
2024 3 159 195 32 101
2025 1 136 151 97 218
2025 2 4 161 85 201
2025 3 162 195 29 101
2026 1 133 154 101 214
2026 2 5 160 85 201
2026 3 164 194 37 98
2027 1 132 155 106 214
2027 2 7 159 72 201
2027 3 163 197 43 88
2028 1 134 156 106 214
2028 2 13 159 73 201
2028 3 166 193 39 92
2029 1 134 156 106 214
2029 2 14 160 73 201
2029 3 170 201 39 80
2030 1 134 152 106 215
2030 2 14 156 73 201
2031 1 131 158 116 214
2031 2 14 157 64 201
2032 1 131 153 116 214
2032 2 19 160 64 201
2033 1 126 147 122 225
2033 2 16 158 64 201
2033 3 180 193 41 93
2034 1 137 153 111 219
2034 2 19 155 68 211
2034 3 185 195 39 93
2035 1 139 150 105 219
2035 2 19 154 67 211
2035 3 189 196 38 93
2036 1 142 150 103 219
2036 2 20 154 67 212
2036 3 193 195 36 96
2037 1 137 154 104 219
2037 2 20 154 68 211
2037 3 200 197 33 92
2038 1 145 150 92 219
2038 2 21 154 67 203
2038 3 200 196 34 92
2039 1 142 148 92 219
2039 2 23 155 68 198
2039 3 202 195 33 92
2040 1 143 154 92 219
2040 2 25 155 67 196
2040 3 203 198 34 92
2041 1 143 155 78 219
2041 2 26 155 67 199
2041 3 205 198 34 92
2042 1 143 153 73 219
2042 2 28 159 68 199
2042 3 206 195 35 97
2043 1 140 153 74 219
2043 2 29 158 68 199
2043 3 208 195 35 97
2044 1 137 153 74 223
2044 2 34 151 64 203
2044 3 209 195 35 97
2045 1 126 154 87 224
2045 2 33 155 75 199
2045 3 210 194 36 96
2046 1 126 149 86 228
2046 2 33 159 76 199
2046 3 212 195 36 97
2047 1 124 152 91 223
2047 2 38 154 76 200
2047 3 214 195 35 97
2048 1 124 150 86 228
2048 2 40 153 76 200
2048 3 217 196 34 92
2049 1 124 149 89 228
2049 2 45 155 76 200
2049 3 218 194 34 92
2050 1 125 151 87 228
2050 2 44 156 76 199
2050 3 220 195 34 92
2051 1 123 150 90 228
2051 2 47 158 87 200
2051 3 222 194 34 92
2052 1 129 149 84 228
2052 2 48 158 87 200
2052 3 223 196 34 92
2053 1 129 152 87 227
2053 2 50 158 87 200
2053 3 225 196 34 92
2054 1 128 153 90 227
2054 2 52 158 87 200
2054 3 227 197 33 88
2055 1 132 151 85 228
2055 2 55 158 87 200
2055 3 229 197 32 88
