1 1 502 218 30 79
1 2 513 234 33 86
2 1 506 220 30 78
2 2 506 230 39 85
3 1 498 218 38 76
3 2 504 230 39 85
4 1 495 217 36 79
4 2 502 237 40 81
5 1 488 219 41 80
5 2 500 230 40 86
6 1 486 221 45 74
6 2 497 237 45 80
7 1 487 218 43 78
7 2 496 229 40 85
8 1 487 218 40 80
8 2 495 228 39 86
9 1 485 219 42 82
9 2 493 229 39 85
10 1 485 219 37 75
10 2 492 228 39 86
11 1 482 215 40 77
11 2 496 236 38 79
12 1 482 217 33 79
12 2 498 237 33 78
13 1 479 219 30 77
13 2 492 238 32 77
14 1 481 219 34 76
14 2 496 239 28 76
15 1 476 217 35 79
15 2 489 236 32 79
16 1 475 218 34 79
16 2 490 238 29 77
17 1 474 221 36 74
17 2 488 237 31 81
18 1 471 221 35 77
18 2 486 236 27 81
19 1 470 221 35 80
19 2 484 235 29 79
20 1 465 221 41 75
20 2 484 234 30 82
21 1 459 221 46 77
21 2 473 238 39 78
22 1 460 221 45 76
22 2 472 237 39 78
23 1 455 221 47 77
23 2 469 234 40 81
24 1 456 221 46 74
24 2 472 236 35 79
25 1 457 224 39 72
25 2 471 237 39 78
26 1 458 224 39 71
26 2 469 237 35 78
27 1 459 223 37 74
27 2 468 236 34 79
28 1 458 224 37 72
28 2 470 237 34 74
29 1 457 220 35 79
29 2 468 236 32 82
30 1 458 218 24 77
30 2 466 236 32 83
31 1 455 221 23 75
31 2 469 234 27 79
32 1 454 221 23 75
32 2 470 237 23 76
33 1 450 219 28 77
33 2 467 234 26 81
34 1 446 221 34 74
34 2 466 232 26 80
35 1 441 220 37 76
35 2 462 232 30 84
36 1 436 222 43 76
36 2 458 234 33 82
37 1 439 223 41 76
37 2 457 235 33 81
38 1 433 223 44 75
38 2 452 234 37 77
39 1 432 222 42 71
39 2 447 231 42 84
40 1 430 220 44 74
40 2 452 231 36 82
41 1 430 218 41 78
41 2 451 230 35 85
42 1 436 220 38 77
42 2 453 232 32 82
43 1 433 218 35 84
43 2 450 231 33 84
44 1 429 218 34 74
44 2 452 231 30 85
45 1 424 218 34 74
45 2 453 232 27 80
46 1 429 220 25 74
46 2 454 229 24 84
47 1 427 217 25 80
47 2 453 229 26 80
48 1 421 218 30 76
48 2 453 229 26 81
49 1 418 219 32 76
49 2 448 231 26 76
50 1 419 219 31 79
50 2 447 231 30 77
51 1 414 220 37 76
51 2 449 233 27 72
52 1 411 221 40 75
52 2 448 231 27 81
53 1 409 220 39 78
53 2 443 231 27 74
54 1 411 220 38 76
54 2 441 231 28 74
55 1 411 220 38 77
55 2 438 233 34 73
56 1 409 220 41 76
56 2 437 233 32 72
57 1 410 220 34 74
57 2 437 227 32 75
58 1 409 220 33 76
58 2 435 225 36 78
59 1 409 220 29 76
59 2 435 226 36 79
60 1 409 220 29 77
60 2 435 228 34 74
61 1 401 219 34 76
61 2 433 223 35 79
62 1 400 218 30 77
62 2 432 223 35 79
63 1 401 219 26 78
63 2 431 223 30 78
64 1 398 219 29 77
64 2 430 223 29 79
65 1 397 219 28 78
65 2 428 222 30 78
66 1 395 219 32 79
66 2 427 223 25 77
67 1 393 219 31 76
67 2 425 222 35 78
68 1 392 219 32 79
68 2 425 220 29 79
69 1 390 219 34 79
69 2 423 221 31 78
70 1 385 220 41 78
70 2 422 221 30 79
71 1 388 218 36 78
71 2 421 221 28 76
72 1 390 218 34 78
72 2 416 221 35 79
73 1 386 218 35 73
73 2 416 219 33 79
74 1 388 218 30 78
74 2 414 221 36 76
75 1 385 218 30 76
75 2 412 220 40 79
76 1 386 218 26 77
76 2 411 220 39 79
77 1 386 216 21 75
77 2 408 220 40 79
78 1 382 216 23 76
78 2 411 219 33 77
79 1 378 217 25 76
79 2 411 219 32 74
80 1 377 217 27 76
80 2 409 216 32 80
81 1 375 218 27 74
81 2 412 219 25 74
82 1 373 218 28 75
82 2 409 216 28 76
83 1 370 219 33 75
83 2 408 218 33 74
84 1 372 219 30 74
84 2 406 216 23 76
85 1 367 217 34 76
85 2 402 216 25 74
86 1 366 220 35 70
86 2 401 216 43 74
87 1 366 220 34 72
87 2 400 216 25 75
88 1 365 220 35 73
88 2 399 214 24 74
89 1 362 219 35 74
89 2 392 215 31 73
90 1 362 217 32 75
90 2 390 212 35 74
91 1 362 218 32 77
91 2 390 216 34 72
92 1 363 219 27 74
92 2 387 212 38 75
93 1 356 220 36 74
93 2 386 214 36 76
94 1 356 219 29 74
94 2 385 214 37 75
95 1 357 220 24 73
95 2 382 214 34 72
96 1 358 218 20 77
96 2 384 214 36 69
97 1 359 222 20 77
97 2 380 216 36 68
98 1 358 222 20 77
98 2 382 216 35 68
99 1 346 222 31 77
99 2 379 217 35 69
100 1 345 219 31 77
100 2 377 214 35 69
101 1 348 224 30 76
101 2 380 215 24 71
102 1 347 223 30 76
102 2 378 215 24 71
103 1 346 225 29 73
103 2 377 216 24 70
104 1 344 220 29 73
104 2 376 216 24 71
105 1 344 224 29 73
105 2 374 216 24 71
106 1 342 224 29 73
106 2 373 216 24 71
107 1 341 224 29 73
107 2 371 214 24 71
108 1 339 224 30 73
108 2 370 214 24 71
109 1 338 224 29 73
109 2 362 213 31 72
110 1 336 224 29 73
110 2 363 214 30 72
111 1 334 224 29 72
111 2 361 214 30 72
112 1 330 223 29 72
112 2 359 213 31 73
113 1 330 225 29 73
113 2 357 212 32 76
114 1 329 226 29 73
114 2 355 212 32 76
115 1 327 226 29 73
115 2 354 211 32 76
116 1 326 227 29 73
116 2 356 210 28 76
117 1 326 229 27 70
117 2 352 210 28 76
118 1 324 230 28 69
118 2 351 209 28 77
119 1 323 227 29 73
119 2 349 209 28 77
120 1 321 227 29 73
120 2 347 208 28 77
121 1 319 227 30 73
121 2 345 210 28 76
122 1 319 227 30 73
122 2 344 210 28 77
123 1 318 227 29 73
123 2 343 212 27 74
124 1 317 228 29 73
124 2 341 213 28 73
125 1 316 228 29 73
125 2 332 212 36 71
126 1 315 228 24 74
126 2 332 214 36 71
127 1 313 230 24 74
127 2 330 214 36 71
128 1 308 225 26 76
128 2 329 214 36 71
129 1 306 223 28 80
129 2 327 214 36 71
130 1 309 234 24 74
130 2 325 215 36 71
131 1 302 224 31 82
131 2 327 213 33 70
132 1 306 232 26 77
132 2 329 212 29 73
133 1 305 231 25 78
133 2 326 212 29 73
134 1 293 231 36 73
134 2 325 213 29 73
135 1 292 233 36 74
135 2 324 214 27 70
136 1 290 232 38 77
136 2 327 212 23 73
137 1 289 232 37 77
137 2 323 212 24 73
138 1 288 229 37 77
138 2 323 215 22 70
139 1 287 228 37 78
139 2 321 214 23 73
140 1 291 224 28 80
140 2 319 214 24 73
141 1 286 225 36 84
141 2 316 212 25 77
142 1 284 220 34 82
142 2 315 213 24 77
143 1 282 222 31 82
143 2 304 213 34 70
144 1 286 233 29 72
144 2 303 215 34 69
145 1 279 226 35 79
145 2 302 216 35 69
146 1 276 225 33 82
146 2 300 217 35 69
147 1 276 232 35 74
147 2 299 217 35 69
148 1 275 233 35 74
148 2 298 216 34 69
149 1 271 228 38 79
149 2 297 216 34 69
150 1 272 234 36 74
150 2 296 216 35 69
151 1 272 236 36 74
151 2 295 216 35 69
152 1 271 235 36 74
152 2 294 215 35 69
153 1 268 229 36 75
153 2 294 214 34 70
154 1 267 233 36 75
154 2 292 216 34 69
155 1 266 233 36 74
155 2 291 216 35 69
156 1 264 233 36 74
156 2 290 217 26 69
157 1 262 225 36 82
157 2 291 218 26 69
158 1 261 224 34 84
158 2 285 218 30 69
159 1 260 226 34 83
159 2 285 220 31 70
160 1 255 224 34 85
160 2 276 220 40 65
161 1 258 230 34 81
161 2 276 219 40 65
162 1 257 230 33 76
162 2 278 220 40 65
163 1 252 232 33 76
163 2 278 221 38 62
164 1 248 229 34 77
164 2 276 223 38 61
165 1 250 231 33 77
165 2 274 224 38 61
166 1 249 232 33 76
166 2 271 224 38 62
167 1 247 232 33 77
167 2 269 224 38 61
168 1 245 232 33 77
168 2 272 220 35 65
169 1 243 232 34 77
169 2 270 220 35 65
170 1 242 232 34 76
170 2 268 213 28 73
171 1 241 230 35 80
171 2 268 215 27 72
172 1 238 229 35 80
172 2 267 214 27 72
173 1 244 229 29 80
173 2 264 214 28 72
174 1 240 224 28 81
174 2 262 214 28 72
175 1 240 224 28 81
175 2 261 215 27 72
176 1 239 229 29 80
176 2 258 213 29 76
177 1 238 229 29 80
177 2 257 212 29 76
178 1 236 229 28 80
178 2 258 215 27 72
179 1 234 230 29 80
179 2 249 214 34 69
180 1 234 231 27 77
180 2 250 217 34 68
181 1 229 225 31 83
181 2 248 217 34 68
182 1 225 226 35 82
182 2 245 214 36 72
183 1 221 226 37 79
183 2 243 214 36 72
184 1 222 227 37 80
184 2 241 216 36 71
185 1 220 227 37 80
185 2 240 214 35 72
186 1 219 227 36 81
186 2 238 213 36 72
187 1 217 229 43 78
187 2 236 214 36 72
188 1 216 223 36 84
188 2 234 214 35 72
189 1 212 223 39 85
189 2 240 214 27 72
190 1 210 230 39 78
190 2 237 215 27 72
191 1 212 225 36 83
191 2 234 213 29 75
192 1 213 236 34 72
192 2 233 213 29 76
193 1 208 227 38 81
193 2 231 213 29 76
194 1 205 227 39 81
194 2 230 213 29 75
195 1 203 227 40 81
195 2 220 213 38 71
196 1 203 228 38 80
196 2 219 215 37 71
197 1 200 226 39 82
197 2 217 216 37 71
198 1 196 228 39 80
198 2 214 216 38 71
199 1 199 228 35 80
199 2 212 216 38 71
200 1 196 226 41 82
200 2 210 216 38 71
201 1 196 227 40 82
201 2 208 216 37 70
202 1 189 226 42 82
202 2 206 216 37 71
203 1 190 227 46 80
203 2 216 217 26 67
204 1 191 224 39 79
204 2 214 217 26 68
205 1 190 234 39 73
205 2 212 218 27 68
206 1 188 236 38 69
206 2 211 218 26 67
207 1 187 236 37 69
207 2 210 217 26 68
208 1 184 236 38 69
208 2 208 216 27 71
209 1 186 225 27 77
209 2 207 217 27 70
210 1 183 227 27 77
210 2 205 217 27 70
211 1 181 227 30 79
211 2 204 218 26 68
212 1 178 226 33 82
212 2 203 218 26 68
213 1 177 226 33 83
213 2 192 217 35 68
214 1 173 231 35 76
214 2 191 217 35 69
215 1 175 233 35 76
215 2 190 218 35 69
216 1 174 233 34 76
216 2 187 218 36 68
217 1 173 233 34 76
217 2 186 218 35 69
218 1 172 236 33 71
218 2 184 221 35 68
219 1 170 235 33 72
219 2 182 222 35 68
220 1 169 235 33 72
220 2 188 214 29 70
221 1 168 228 32 78
221 2 186 216 29 71
222 1 167 231 33 78
222 2 185 216 29 71
223 1 166 231 33 78
223 2 183 217 29 70
224 1 162 227 35 83
224 2 181 214 29 72
225 1 163 229 35 82
225 2 179 216 29 72
226 1 161 229 35 82
226 2 178 215 29 72
227 1 153 225 34 82
227 2 177 218 29 72
228 1 155 227 34 82
228 2 176 218 29 72
229 1 154 227 34 82
229 2 174 219 29 72
230 1 148 228 39 81
230 2 173 218 29 72
231 1 150 228 39 82
231 2 166 218 35 72
232 1 149 228 39 82
232 2 164 218 35 72
233 1 148 228 39 81
233 2 163 218 34 72
234 1 147 228 39 81
234 2 161 218 34 72
235 1 146 228 39 82
235 2 159 218 35 72
236 1 145 231 37 78
236 2 158 219 35 72
237 1 144 231 37 78
237 2 156 218 35 72
238 1 143 231 37 78
238 2 155 218 35 72
239 1 142 231 37 78
239 2 154 218 34 72
240 1 140 229 38 81
240 2 153 219 35 72
241 1 139 229 38 81
241 2 152 219 35 72
242 1 137 227 29 80
242 2 158 219 27 71
243 1 136 230 29 79
243 2 156 221 27 70
244 1 134 230 29 80
244 2 154 220 27 70
245 1 133 229 30 83
245 2 153 223 27 70
246 1 132 228 30 83
246 2 151 223 27 70
247 1 130 229 31 83
247 2 150 223 27 70
248 1 129 226 32 81
248 2 148 221 27 70
249 1 128 228 32 81
249 2 147 222 27 70
250 1 127 228 32 81
250 2 146 221 27 70
251 1 125 228 32 81
251 2 145 221 27 70
252 1 123 229 33 80
252 2 142 221 28 73
253 1 121 228 32 81
253 2 140 219 29 77
254 1 121 228 32 80
254 2 138 218 30 77
255 1 118 225 34 85
255 2 136 220 36 71
256 1 117 225 34 85
256 2 133 221 37 71
257 1 115 224 34 85
257 2 132 221 36 72
258 1 114 224 33 85
258 2 130 220 36 72
259 1 112 224 34 85
259 2 129 220 36 72
260 1 112 224 34 85
260 2 127 221 36 71
261 1 111 229 32 81
261 2 130 221 31 69
262 1 109 229 32 81
262 2 126 220 31 70
263 1 108 228 32 81
263 2 124 220 31 69
264 1 106 229 32 80
264 2 123 222 31 70
265 1 104 225 33 85
265 2 123 222 31 69
266 1 102 224 33 85
266 2 121 222 31 70
267 1 100 224 34 85
267 2 120 222 31 69
268 1 98 223 34 85
268 2 119 222 31 70
269 1 96 222 34 84
269 2 114 222 35 70
270 1 95 220 34 85
270 2 113 222 35 70
271 1 94 222 34 85
271 2 111 222 36 70
272 1 92 225 32 81
272 2 111 222 35 70
273 1 92 225 32 80
273 2 109 222 35 70
274 1 90 224 32 81
274 2 108 222 35 70
275 1 88 225 31 80
275 2 107 222 35 70
276 1 87 225 31 80
276 2 112 221 29 71
277 1 84 225 32 80
277 2 109 220 30 71
278 1 82 226 32 80
278 2 108 220 30 71
279 1 80 227 32 80
279 2 107 220 30 71
280 1 77 227 32 80
280 2 106 221 29 70
281 1 75 226 32 80
281 2 104 221 29 70
282 1 74 227 31 80
282 2 104 221 29 71
283 1 72 227 33 77
283 2 103 221 29 71
284 1 71 229 33 76
284 2 103 221 29 71
285 1 68 228 34 76
285 2 102 222 29 71
286 1 67 228 34 77
286 2 101 222 29 71
287 1 65 228 34 77
287 2 100 222 29 71
288 1 64 224 35 81
288 2 98 221 31 74
289 1 63 226 35 80
289 2 96 221 31 75
290 1 63 224 35 81
290 2 94 221 31 75
291 1 62 228 33 76
291 2 92 219 33 78
292 1 60 228 34 76
292 2 90 219 33 78
293 1 59 228 33 76
293 2 89 220 32 78
294 1 59 227 33 76
294 2 87 220 32 78
295 1 57 225 35 80
295 2 86 219 32 78
296 1 56 224 34 80
296 2 85 219 32 78
297 1 56 227 33 76
297 2 82 219 33 78
298 1 55 228 31 73
298 2 82 221 31 75
299 1 53 228 32 73
299 2 81 222 31 74
300 1 50 229 32 72
300 2 80 221 31 75
301 1 48 229 27 71
301 2 79 223 31 75
302 1 47 229 27 71
302 2 78 223 31 75
303 1 46 229 27 72
303 2 77 223 31 75
304 1 44 231 27 72
304 2 76 225 30 75
305 1 43 231 27 71
305 2 75 227 30 74
306 1 43 231 26 71
306 2 74 227 31 74
307 1 42 229 26 71
307 2 72 227 31 74
308 1 33 228 36 75
308 2 71 227 30 74
309 1 34 228 36 75
309 2 69 228 31 74
310 1 33 230 36 75
310 2 68 228 31 74
311 1 32 230 36 75
311 2 67 228 31 74
312 1 31 229 37 78
312 2 65 228 31 74
313 1 26 228 35 74
313 2 64 229 31 74
314 1 28 229 35 74
314 2 63 228 31 74
315 1 27 230 35 74
315 2 61 228 30 74
316 1 26 230 35 74
316 2 60 229 30 74
317 1 24 231 35 74
317 2 60 229 30 74
318 1 23 232 30 69
318 2 58 229 32 75
319 1 22 234 31 69
319 2 57 230 32 75
320 1 21 235 31 69
320 2 57 230 32 75
321 1 19 235 31 69
321 2 57 231 31 75
322 1 16 236 36 71
322 2 49 231 39 77
323 1 14 236 36 71
323 2 50 231 39 77
324 1 12 237 42 71
324 2 49 232 39 77
325 1 10 238 42 71
325 2 46 232 41 78
326 1 8 238 42 71
326 2 46 232 41 78
327 1 6 239 42 71
327 2 44 234 41 77
328 1 4 240 41 71
328 2 41 234 41 77
329 1 2 240 42 72
329 2 39 236 39 73
330 1 2 241 41 71
330 2 36 237 39 74
331 1 0 241 41 71
331 2 38 235 38 76
332 1 -1 240 41 72
332 2 35 235 39 76
333 1 -3 240 42 72
333 2 35 235 39 76
334 1 -4 240 41 72
334 2 35 234 34 77
335 1 -8 240 36 71
335 2 35 235 34 76
336 1 -10 241 36 71
336 2 34 235 34 76
337 1 -12 239 37 80
337 2 29 236 31 76
338 1 -11 240 37 80
338 2 29 236 31 76
339 1 -12 241 36 79
339 2 29 236 31 76
340 1 -13 242 36 80
340 2 28 238 31 76
341 1 -15 244 37 80
341 2 27 239 31 76
342 1 -15 244 36 80
342 2 27 239 31 76
343 1 -16 245 35 80
343 2 26 240 31 76
344 1 -17 246 35 79
344 2 25 239 31 76
345 1 -17 246 35 80
345 2 24 241 31 76
346 2 23 241 31 76
347 2 22 241 31 76
348 2 20 239 33 80
349 2 18 242 33 80
350 2 18 243 33 80
351 2 17 243 33 80
352 2 17 245 33 79
353 2 16 245 33 79
354 2 15 245 33 79
355 2 15 245 33 79
356 2 14 245 33 79
357 2 14 245 33 80
358 2 13 246 33 80
359 2 13 247 33 80
360 2 12 248 33 80
361 2 11 248 33 80
362 2 11 249 32 80
363 2 10 250 33 80
364 2 10 251 32 80
365 2 10 251 32 80
366 2 9 251 32 80
367 2 9 252 32 80
368 2 3 252 37 80
369 2 4 254 37 80
370 2 3 255 37 80
371 2 3 255 37 80
372 2 2 255 37 79
373 2 2 256 37 79
374 2 3 255 37 80
375 2 3 256 37 79
376 2 3 256 37 80
377 2 3 256 37 79
378 2 2 256 37 80
379 2 3 256 37 80
380 2 4 257 37 79
381 2 4 257 37 80
382 2 5 258 37 79
383 2 6 259 37 80
384 2 6 261 37 80
385 2 7 261 37 80
386 2 9 263 37 80
387 2 9 263 37 80
388 2 10 264 37 80
389 2 10 265 37 79
390 2 11 264 37 80
391 2 11 264 37 80
392 2 12 263 37 80
393 2 12 264 37 80
394 2 12 264 37 80
395 2 13 263 37 80
396 2 15 263 37 86
397 2 16 265 37 85
398 2 19 264 37 85
399 1 -18 277 38 89
399 2 17 265 37 85
400 1 -16 277 38 89
400 2 18 267 36 81
401 1 -15 277 38 89
401 2 19 268 36 81
402 1 -14 278 38 89
402 2 19 268 36 82
403 1 -13 278 38 89
403 2 20 266 38 86
404 1 -11 279 38 89
404 2 21 267 37 86
405 1 -10 279 38 89
405 2 26 267 33 85
406 1 -9 280 38 89
406 2 25 267 33 86
407 1 -7 281 37 89
407 2 26 268 33 85
408 1 -6 281 38 89
408 2 27 267 33 85
409 1 -5 282 38 89
409 2 27 268 33 85
410 1 -4 281 37 89
410 2 28 267 33 86
411 1 -3 281 37 89
411 2 29 268 33 85
412 1 -2 281 33 89
412 2 32 268 31 86
413 1 1 282 33 89
413 2 33 269 31 86
414 1 2 282 33 90
414 2 33 270 31 86
415 1 3 283 33 89
415 2 35 272 29 81
416 1 -2 286 45 92
416 2 35 271 29 82
417 1 1 286 45 92
417 2 37 271 43 82
418 1 3 286 45 93
418 2 41 273 44 82
419 1 3 286 46 93
419 2 40 273 44 83
420 1 5 287 46 93
420 2 44 273 44 82
421 1 8 286 44 92
421 2 43 274 44 82
422 1 13 287 36 91
422 2 42 274 42 82
423 1 15 287 35 92
423 2 44 275 39 82
424 1 18 286 34 91
424 2 44 275 39 83
425 1 20 286 34 92
425 2 46 275 39 82
426 1 22 287 34 92
426 2 47 275 39 82
427 1 23 288 34 92
427 2 48 275 39 83
428 1 25 288 34 92
428 2 50 275 39 82
429 1 27 288 39 92
429 2 50 276 39 82
430 1 27 289 39 92
430 2 57 275 34 83
431 1 27 289 49 92
431 2 60 274 32 83
432 1 27 289 48 92
432 2 60 274 39 83
433 1 29 289 48 92
433 2 59 275 39 83
434 1 31 289 48 92
434 2 60 275 39 83
435 1 32 289 48 92
435 2 62 276 39 82
436 1 33 289 48 92
436 2 63 276 39 82
437 1 35 289 48 92
437 2 63 276 39 83
438 1 36 288 48 92
438 2 65 276 39 82
439 1 38 287 48 92
439 2 66 275 39 83
440 1 39 288 48 92
440 2 69 277 37 79
441 1 45 287 37 92
441 2 70 278 36 79
442 1 48 287 37 92
442 2 71 277 37 79
443 1 51 287 36 92
443 2 72 277 44 84
444 1 53 287 36 92
444 2 72 277 44 84
445 1 54 287 37 92
445 2 73 276 44 84
446 1 56 288 37 92
446 2 75 276 44 84
447 1 57 288 44 93
447 2 85 276 36 87
448 1 57 288 44 93
448 2 85 276 35 87
449 1 57 287 44 93
449 2 86 276 35 88
450 1 59 289 45 93
450 2 88 276 35 88
451 1 60 288 45 93
451 2 89 278 35 88
452 1 62 290 45 93
452 2 98 277 36 88
453 1 64 289 45 93
453 2 96 278 43 83
454 1 67 288 44 93
454 2 93 280 44 83
455 1 70 290 42 88
455 2 100 280 46 84
456 1 70 286 44 93
456 2 99 282 46 84
457 1 72 286 45 93
457 2 100 281 47 84
458 1 73 287 37 94
458 2 102 282 46 84
459 1 77 286 36 94
459 2 103 282 47 84
460 1 79 287 37 93
460 2 105 283 46 83
461 1 80 287 37 94
461 2 106 283 46 83
462 1 82 289 36 93
462 2 107 283 47 83
463 1 82 290 37 93
463 2 108 282 47 84
464 1 83 287 37 94
464 2 110 282 47 84
465 1 84 289 37 93
465 2 112 281 46 83
466 1 85 292 36 93
466 2 113 280 47 84
467 1 86 287 43 94
467 2 125 280 36 90
468 1 86 292 43 94
468 2 122 280 36 90
469 1 87 291 43 94
469 2 124 281 36 90
470 1 89 291 42 94
470 2 126 282 36 90
471 1 90 290 42 94
471 2 127 281 45 90
472 1 91 290 42 94
472 2 126 283 45 90
473 1 93 289 42 93
473 2 127 283 45 90
474 1 94 286 45 99
474 2 129 283 45 90
475 1 96 285 45 99
475 2 130 285 46 90
476 1 99 285 37 94
476 2 131 284 46 93
477 1 104 289 37 93
477 2 132 285 45 93
478 1 105 288 38 94
478 2 136 284 43 91
479 1 107 288 37 94
479 2 137 285 42 91
480 1 108 287 38 94
480 2 139 285 42 91
481 1 111 288 37 93
481 2 140 284 43 91
482 1 112 287 37 94
482 2 142 286 43 89
483 1 114 286 37 94
483 2 143 286 43 89
484 1 116 286 37 93
484 2 144 287 43 88
485 1 118 285 38 94
485 2 147 288 42 89
486 1 120 285 37 94
486 2 148 288 42 89
487 1 121 285 38 93
487 2 149 289 43 89
488 1 125 283 37 93
488 2 151 291 43 88
489 1 126 283 38 94
489 2 152 291 43 88
490 1 128 283 37 94
490 2 152 288 45 93
491 1 130 282 37 93
491 2 154 288 45 93
492 1 131 282 38 94
492 2 156 289 46 93
493 1 133 282 37 94
493 2 158 289 45 93
494 1 134 281 38 94
494 2 159 289 45 93
495 1 136 281 38 94
495 2 161 288 45 93
496 1 139 281 38 94
496 2 162 288 45 93
497 1 142 278 37 94
497 2 163 287 45 93
498 1 145 280 36 89
498 2 170 289 40 92
499 1 148 279 35 90
499 2 169 290 41 92
500 1 149 278 36 90
500 2 171 290 40 92
501 1 152 278 36 90
501 2 171 290 41 93
502 1 153 278 36 90
502 2 173 290 41 92
503 1 155 279 36 89
503 2 174 290 40 92
504 1 157 278 36 90
504 2 175 292 40 92
505 1 158 273 38 94
505 2 184 293 40 93
506 1 160 275 36 89
506 2 180 294 40 93
507 1 162 277 36 89
507 2 186 297 41 93
508 1 164 280 34 86
508 2 189 296 41 92
509 1 165 278 36 90
509 2 188 297 41 92
510 1 167 281 34 85
510 2 189 300 40 93
511 1 170 282 34 85
511 2 191 303 40 92
512 1 171 281 50 79
512 2 188 302 40 93
513 1 174 286 50 80
513 2 189 303 40 92
514 1 176 287 50 80
514 2 190 302 41 93
515 1 178 288 50 80
515 2 191 301 41 93
516 1 180 288 50 80
516 2 192 301 40 93
517 1 182 288 50 80
517 2 193 302 41 93
518 1 189 274 44 79
518 2 199 303 40 92
519 1 189 282 45 79
519 2 198 300 40 93
520 1 190 271 45 85
520 2 199 299 41 93
521 1 191 275 44 84
521 2 200 302 41 92
522 1 193 272 38 82
522 2 207 302 36 94
523 1 199 275 38 82
523 2 206 302 36 94
524 1 200 281 38 82
524 2 207 302 36 94
525 1 202 273 47 84
525 2 208 303 44 94
526 1 200 281 48 83
526 2 214 301 45 94
527 1 202 281 47 83
527 2 216 303 45 94
528 1 204 282 47 83
528 2 217 305 44 94
529 1 207 274 47 84
529 2 219 305 44 95
530 1 208 269 47 88
530 2 214 305 44 95
531 1 208 277 48 88
531 2 216 306 45 94
532 1 210 277 47 88
532 2 218 305 45 95
533 1 217 267 36 87
533 2 221 305 44 94
534 1 223 266 29 89
534 2 218 305 45 94
535 1 227 265 30 89
535 2 220 305 44 95
536 1 228 264 30 89
536 2 222 305 45 94
537 1 232 265 30 89
537 2 227 304 40 95
538 1 233 272 30 89
538 2 230 303 36 94
539 1 234 273 30 89
539 2 233 302 34 98
540 1 236 273 30 89
540 2 235 301 33 98
541 1 238 268 40 89
541 2 237 301 33 98
542 1 238 273 40 89
542 2 238 303 33 98
543 1 239 274 40 89
543 2 239 302 33 98
544 1 241 276 40 89
544 2 242 304 36 101
545 1 243 278 40 89
545 2 247 307 35 101
546 1 246 279 38 85
546 2 246 307 46 97
547 1 247 270 35 92
547 2 243 308 46 96
548 1 249 273 36 92
548 2 245 307 46 96
549 1 251 274 36 92
549 2 249 310 44 92
550 1 254 274 35 92
550 2 251 308 44 92
551 1 255 275 34 86
551 2 253 308 43 92
552 1 258 277 34 86
552 2 253 305 46 97
553 1 260 277 33 86
553 2 255 305 46 97
554 1 262 278 34 85
554 2 258 306 45 96
555 1 264 277 34 86
555 2 260 307 43 92
556 1 266 278 34 85
556 2 262 307 44 92
557 1 268 278 46 78
557 2 270 306 29 97
558 1 267 281 46 79
558 2 272 300 29 98
559 1 269 281 46 79
559 2 274 300 29 98
560 1 271 281 46 79
560 2 276 301 29 98
561 1 272 282 46 79
561 2 278 301 29 98
562 1 275 266 38 89
562 2 281 307 34 96
563 1 277 269 38 87
563 2 283 308 33 96
564 1 278 269 39 87
564 2 281 307 45 96
565 1 281 274 38 87
565 2 278 308 46 96
566 1 284 273 38 88
566 2 281 308 45 96
567 1 286 270 38 87
567 2 283 308 45 96
568 1 292 266 33 93
568 2 284 308 46 96
569 1 292 270 33 93
569 2 286 307 45 96
570 1 294 270 33 93
570 2 288 305 45 96
571 1 295 269 35 98
571 2 290 305 45 96
572 1 297 269 41 91
572 2 292 300 36 100
573 1 296 270 41 91
573 2 295 299 36 100
574 1 298 272 41 91
574 2 296 300 36 100
575 1 301 272 40 91
575 2 297 298 38 105
576 1 302 270 41 91
576 2 299 299 38 104
577 1 303 271 41 91
577 2 302 297 38 105
578 1 306 272 41 91
578 2 305 301 36 100
579 1 307 272 41 91
579 2 308 301 36 100
580 1 312 268 32 86
580 2 308 297 38 105
581 1 314 276 31 85
581 2 310 297 46 106
582 1 316 275 31 86
582 2 310 298 46 105
583 1 318 276 32 86
583 2 311 298 47 105
584 1 320 276 31 86
584 2 315 300 45 101
585 1 322 277 31 85
585 2 316 300 45 101
586 1 324 278 31 85
586 2 318 299 44 101
587 1 324 271 39 83
587 2 320 300 44 101
588 1 325 269 38 92
588 2 321 300 44 101
589 1 325 269 39 91
589 2 323 301 44 101
590 1 328 274 39 91
590 2 324 300 45 101
591 1 329 274 39 91
591 2 325 299 45 101
592 1 331 274 39 91
592 2 328 298 44 101
593 1 333 275 38 91
593 2 329 297 44 101
594 1 334 270 33 90
594 2 332 298 39 101
595 1 338 273 34 90
595 2 343 298 30 103
596 1 340 273 34 90
596 2 343 297 30 102
597 1 342 267 35 92
597 2 345 300 37 102
598 1 345 272 35 92
598 2 346 307 36 96
599 1 346 273 35 92
599 2 346 306 36 96
600 1 349 266 34 89
600 2 349 308 35 91
601 1 350 267 34 89
601 2 351 306 42 91
602 1 351 273 35 89
602 2 349 306 42 91
603 1 354 274 35 89
603 2 351 306 42 92
604 1 355 268 38 89
604 2 352 306 43 91
605 1 356 274 38 89
605 2 354 306 42 91
606 1 358 274 38 89
606 2 355 302 45 97
607 1 360 274 38 89
607 2 357 302 44 97
608 1 363 278 36 84
608 2 358 301 45 97
609 1 364 270 33 89
609 2 362 303 38 93
610 1 368 273 32 89
610 2 364 303 38 92
611 1 369 269 33 86
611 2 366 302 38 92
612 1 371 273 33 86
612 2 369 302 37 92
613 1 372 272 34 93
613 2 371 302 38 93
614 1 374 271 34 96
614 2 373 303 38 92
615 1 380 270 29 90
615 2 379 305 35 98
616 1 381 272 29 90
616 2 379 301 35 99
617 1 383 271 29 90
617 2 380 302 36 99
618 1 383 270 37 85
618 2 381 307 46 96
619 1 383 271 37 84
619 2 382 307 47 96
620 1 380 273 43 85
620 2 380 307 47 96
621 1 382 272 42 91
621 2 381 306 46 96
622 1 384 268 42 100
622 2 383 306 46 96
623 1 386 272 42 90
623 2 385 306 46 96
624 1 384 272 42 89
624 2 387 307 46 96
625 1 387 270 43 89
625 2 389 306 46 96
626 1 390 269 42 90
626 2 390 307 46 96
627 1 392 270 42 90
627 2 392 306 46 96
628 1 394 272 36 86
628 2 394 307 46 96
629 1 401 276 32 84
629 2 396 307 44 96
630 1 405 278 32 84
630 2 399 304 43 96
631 1 407 279 32 83
631 2 411 302 34 106
632 1 408 279 32 84
632 2 416 300 33 105
633 1 410 279 32 83
633 2 414 299 33 105
634 1 412 280 32 83
634 2 415 300 33 104
635 1 414 280 31 83
635 2 416 306 42 95
636 1 415 280 32 84
636 2 414 305 42 95
637 1 417 282 32 84
637 2 414 303 42 95
638 1 409 274 42 89
638 2 417 306 40 91
639 1 410 273 42 89
639 2 419 307 40 90
640 1 412 274 42 89
640 2 422 308 40 90
641 1 416 274 43 88
641 2 424 306 40 91
642 1 416 273 42 88
642 2 426 307 40 91
643 1 422 272 41 88
643 2 427 305 42 95
644 1 426 275 35 87
644 2 430 304 41 95
645 1 431 281 34 87
645 2 431 304 42 95
646 1 433 280 35 87
646 2 433 304 42 95
647 1 436 273 31 89
647 2 435 302 42 95
648 1 438 269 31 101
648 2 437 304 42 92
649 1 440 274 32 100
649 2 438 302 41 92
650 1 435 274 38 92
650 2 440 304 42 100
651 1 439 279 39 92
651 2 441 302 41 100
652 1 441 278 39 92
652 2 443 300 42 101
653 1 444 280 38 91
653 2 444 299 42 101
654 1 446 280 38 92
654 2 446 298 42 100
655 1 440 273 42 90
655 2 452 306 52 100
656 1 438 272 46 92
656 2 449 306 51 100
657 1 442 270 46 93
657 2 450 305 51 100
658 1 446 276 46 92
658 2 451 305 52 100
659 1 446 275 46 92
659 2 453 306 51 100
660 1 449 268 36 92
660 2 455 306 52 100
661 1 455 270 36 92
661 2 458 306 51 100
662 1 459 272 36 92
662 2 459 307 51 100
663 1 459 270 37 92
663 2 461 306 52 100
664 1 466 268 32 92
664 2 463 305 45 100
665 1 467 275 33 87
665 2 465 300 45 100
666 1 469 278 34 87
666 2 467 297 45 100
667 1 471 279 34 87
667 2 475 308 41 97
668 1 474 279 33 87
668 2 477 305 40 97
669 1 465 269 45 92
669 2 485 308 38 96
670 1 471 274 44 92
670 2 485 305 38 97
671 1 474 275 44 92
671 2 487 304 37 97
672 1 464 271 42 92
672 2 490 306 35 92
673 1 466 274 42 92
673 2 489 304 38 97
674 1 469 273 43 92
674 2 491 305 38 97
675 1 474 276 42 84
675 2 491 308 44 96
676 1 478 276 42 84
676 2 491 306 44 97
677 1 479 274 35 89
677 2 492 306 45 97
678 1 483 271 31 94
678 2 495 306 44 97
679 1 487 275 31 93
679 2 497 306 44 97
680 1 488 276 31 93
680 2 498 303 47 102
681 1 489 276 31 94
681 2 498 302 47 101
682 1 491 277 31 94
682 2 500 303 44 100
683 1 492 277 31 94
683 2 503 302 39 99
684 1 493 277 31 93
684 2 511 303 34 96
685 1 495 277 31 93
685 2 514 304 32 97
686 1 496 277 31 93
686 2 520 305 32 100
687 1 497 277 31 93
687 2 522 304 32 100
688 1 499 274 32 99
688 2 524 304 32 100
689 1 500 274 33 98
689 2 525 304 32 100
690 1 501 273 33 98
690 2 526 304 33 100
691 1 503 272 33 99
691 2 527 304 32 99
692 1 505 273 33 98
692 2 528 303 33 100
693 1 506 272 33 98
693 2 530 304 32 99
694 1 508 273 30 90
694 2 523 308 53 94
695 1 513 277 30 89
695 2 526 308 53 94
696 1 515 277 30 90
696 2 527 308 54 94
697 1 516 277 30 89
697 2 529 308 53 94
698 1 517 276 30 90
698 2 529 308 54 94
699 1 518 277 30 90
699 2 532 308 54 94
700 1 520 278 30 89
700 2 534 308 44 91
701 1 521 277 30 89
701 2 539 308 44 92
702 1 522 277 30 90
702 2 541 309 44 91
703 1 524 277 30 90
703 2 544 307 44 91
704 1 526 277 30 90
704 2 546 308 44 91
705 1 527 278 30 90
705 2 555 308 37 92
706 1 528 278 30 90
706 2 556 309 37 92
707 1 530 279 30 89
707 2 557 308 43 91
708 1 532 279 30 89
708 2 557 308 44 91
709 1 533 279 30 89
709 2 558 309 43 91
710 1 534 278 30 90
710 2 559 309 43 92
711 1 536 279 30 89
711 2 561 310 44 91
712 1 537 275 28 89
712 2 564 309 44 91
713 1 541 278 28 89
713 2 567 309 43 91
714 1 542 277 28 90
714 2 569 309 44 91
715 1 544 277 27 89
715 2 571 310 44 91
716 1 545 277 27 89
716 2 574 310 44 91
717 1 546 277 28 89
717 2 576 309 44 91
718 1 547 278 28 89
718 2 578 310 44 91
719 1 548 280 28 89
719 2 573 311 44 91
720 1 549 280 28 89
720 2 579 310 43 92
721 1 550 280 28 89
721 2 580 307 46 97
722 1 552 282 26 85
722 2 582 308 46 96
723 1 554 279 26 85
723 2 583 307 46 97
724 1 555 278 26 85
724 2 585 307 46 97
725 1 555 278 27 85
725 2 587 307 46 97
726 1 556 277 27 85
726 2 588 307 46 97
727 1 558 277 26 85
727 2 590 307 46 97
728 1 558 275 27 89
728 2 591 307 46 97
729 1 559 278 27 85
729 2 593 308 46 96
730 1 561 277 27 85
730 2 595 307 46 97
731 1 563 273 26 89
731 2 599 311 44 91
732 1 564 273 26 93
732 2 603 313 44 88
733 1 565 275 26 94
733 2 606 314 44 88
734 1 567 277 26 93
734 2 597 313 55 88
735 1 568 277 27 93
735 2 601 313 55 88
736 1 570 277 27 93
736 2 605 313 55 88
737 1 572 277 26 94
737 2 608 314 52 88
738 1 574 277 26 94
738 2 612 314 52 88
739 1 575 277 26 94
739 2 613 314 53 88
740 1 576 276 29 96
741 1 577 277 29 96
742 1 579 277 28 96
743 1 580 278 28 96
744 1 581 279 29 96
745 1 582 278 29 96
746 1 584 279 29 96
747 1 585 279 29 96
748 1 586 279 29 96
749 1 588 279 29 96
750 1 590 282 27 91
751 1 590 281 29 96
752 1 592 280 29 96
753 1 593 280 29 96
754 1 595 280 28 96
755 1 596 281 29 96
756 1 598 281 29 96
757 1 600 280 29 96
758 1 601 280 29 96
759 1 598 280 33 89
760 1 601 280 33 90
761 1 602 279 35 94
762 1 604 279 34 94
763 1 604 278 36 98
764 1 605 279 36 99
765 1 606 280 37 98
766 1 608 281 37 98
767 1 609 280 39 103
768 1 610 280 39 104
769 1 611 279 39 104
770 1 613 280 39 104
771 1 613 279 39 104
772 1 614 280 39 104
773 1 614 286 39 93
774 1 617 287 38 93
775 1 618 286 39 94
776 1 619 286 39 94
777 1 620 286 39 94
778 1 620 286 39 94
