1 2 130 269 31 67
1 3 374 183 15 30
1 4 386 185 14 27
1 5 372 172 15 25
1 18 70 196 18 39
2 2 131 269 31 67
2 3 375 184 15 30
2 4 386 185 14 27
2 5 373 172 14 27
2 18 70 196 18 39
3 2 131 269 31 67
3 3 375 184 15 30
3 4 386 185 14 27
3 5 373 172 14 27
3 18 68 196 18 39
4 2 131 268 32 68
4 3 375 184 15 30
4 4 386 185 14 27
4 5 373 173 14 27
4 18 68 196 18 39
5 2 132 268 32 68
5 3 375 184 15 30
5 4 386 185 14 27
5 5 373 172 13 26
5 18 68 196 18 39
6 2 134 268 31 67
6 3 375 184 14 30
6 4 386 185 14 27
6 5 373 173 13 24
6 18 68 196 18 39
7 2 134 268 29 66
7 3 375 184 14 30
7 4 386 185 13 27
7 5 373 173 13 27
7 18 67 196 18 39
8 2 135 267 29 66
8 3 375 184 14 30
8 4 386 185 13 28
8 5 372 173 13 23
8 18 67 196 18 39
9 2 136 265 29 67
9 3 375 184 14 30
9 4 386 185 13 27
9 5 373 173 13 26
9 18 67 196 18 39
10 2 137 265 29 67
10 3 375 184 14 30
10 4 386 186 13 27
10 5 372 172 14 25
10 18 67 196 18 39
11 2 138 264 29 67
11 3 374 184 15 29
11 4 386 186 13 27
11 5 371 172 16 27
11 18 67 196 18 39
12 2 138 264 29 67
12 3 374 184 15 29
12 4 386 186 13 27
12 5 371 172 15 27
12 18 67 196 18 39
13 2 137 265 31 65
13 3 374 184 15 29
13 4 385 186 14 27
13 5 371 172 15 27
13 18 66 196 18 39
14 2 138 264 31 65
14 3 374 184 15 29
14 4 385 188 14 25
14 5 371 172 15 27
14 18 66 196 18 39
15 2 138 264 31 66
15 3 374 185 15 29
15 4 385 188 14 25
15 5 371 172 15 27
15 18 66 196 18 39
16 2 138 264 32 66
16 3 373 185 15 28
16 4 385 188 14 25
16 5 371 172 15 27
16 18 66 196 18 39
17 2 138 264 33 66
17 3 373 185 15 28
17 4 385 188 13 25
17 5 371 172 15 27
17 18 66 196 18 39
18 2 139 264 33 66
18 3 373 185 15 28
18 4 385 188 13 25
18 5 371 172 15 27
18 18 66 196 18 39
19 2 139 265 32 64
19 3 373 185 15 29
19 4 385 188 13 25
19 5 371 172 15 27
19 18 66 196 18 40
20 2 140 265 33 64
20 3 372 185 16 29
20 4 385 188 13 25
20 5 371 172 15 26
20 18 66 196 18 40
21 2 140 264 33 64
21 3 372 185 16 29
21 4 384 187 14 26
21 5 370 172 15 26
21 18 66 196 18 40
22 2 141 264 33 64
22 3 372 185 16 29
22 4 384 187 14 26
22 5 370 172 15 28
22 18 66 196 18 40
23 2 142 263 33 64
23 3 372 185 15 29
23 4 384 187 14 26
23 5 370 172 16 28
23 18 66 196 18 40
24 2 143 262 33 64
24 3 372 185 15 29
24 4 384 187 13 26
24 5 370 172 16 28
24 18 66 196 18 40
25 2 143 262 33 64
25 3 372 185 15 29
25 4 384 187 13 27
25 5 370 172 15 28
25 18 66 196 18 40
26 2 145 263 30 62
26 3 372 185 15 29
26 4 384 187 13 27
26 5 371 172 15 27
26 18 66 196 18 40
27 2 146 262 29 62
27 3 372 185 15 29
27 4 384 187 13 27
27 5 370 172 15 28
27 18 66 196 18 40
28 2 146 262 30 62
28 3 371 185 16 29
28 4 384 188 13 26
28 5 370 172 15 28
28 18 66 196 18 39
29 2 147 262 29 62
29 3 371 185 16 29
29 4 384 188 13 26
29 5 370 172 15 28
29 18 66 196 18 40
30 2 147 261 29 63
30 3 371 185 16 29
30 4 384 188 13 26
30 5 370 172 14 27
30 18 66 196 18 40
31 2 148 261 29 62
31 3 371 185 16 29
31 4 384 188 13 26
31 5 370 173 14 26
31 18 65 196 18 40
32 2 150 261 28 62
32 3 371 185 16 29
32 4 384 188 13 26
32 5 370 173 15 27
32 18 65 196 18 40
33 2 151 261 29 63
33 3 371 185 16 29
33 4 384 188 13 26
33 5 370 173 14 25
33 18 65 196 18 40
34 2 151 261 30 63
34 3 371 185 16 29
34 4 383 188 13 26
34 5 370 173 14 26
34 18 65 196 18 40
35 2 151 261 30 63
35 3 371 185 16 29
35 4 383 188 13 26
35 5 370 173 14 26
35 18 65 196 18 40
36 2 152 261 29 63
36 3 371 185 15 29
36 4 383 188 13 26
36 5 370 173 13 25
36 18 65 196 18 40
37 2 153 261 30 63
37 3 371 185 16 29
37 4 383 188 13 26
37 5 371 173 13 25
37 18 65 196 18 40
38 2 153 260 30 63
38 3 371 185 16 29
38 4 383 188 13 26
38 5 370 173 14 24
38 18 65 196 18 40
39 2 154 260 30 63
39 3 372 185 14 30
39 4 383 188 13 26
39 5 370 173 14 28
39 18 65 196 18 40
40 2 155 260 27 62
40 3 372 185 14 30
40 4 383 188 13 26
40 5 370 173 14 26
40 18 65 196 18 40
41 2 156 260 28 61
41 3 372 185 14 30
41 4 383 188 13 27
41 5 370 173 13 26
41 18 65 196 18 40
42 2 157 259 27 61
42 3 371 185 15 30
42 4 382 189 14 26
42 5 371 173 13 25
42 18 65 197 18 39
43 2 157 259 28 61
43 3 371 185 15 30
43 4 382 189 14 26
43 5 371 173 13 25
43 18 65 197 18 39
44 2 158 259 27 61
44 3 371 185 15 30
44 4 381 189 14 26
44 5 371 172 13 30
44 18 65 197 18 39
45 2 158 257 28 61
45 3 371 185 15 31
45 4 381 189 14 26
45 5 370 172 14 30
45 18 65 197 18 39
46 2 158 257 29 62
46 3 371 185 15 31
46 4 381 189 14 27
46 5 369 172 15 30
46 18 65 197 18 39
47 2 158 257 29 62
47 3 371 185 15 31
47 4 380 189 14 27
47 5 369 172 15 30
47 18 65 197 18 39
48 2 158 257 30 62
48 3 371 186 15 30
48 4 380 189 14 27
48 5 369 172 14 30
48 18 65 197 18 39
49 2 158 257 31 62
49 3 371 186 15 30
49 4 380 189 14 27
49 5 369 173 14 25
49 18 65 197 18 39
50 2 159 257 31 61
50 3 371 186 15 30
50 4 379 189 14 27
50 5 369 173 14 25
50 18 65 197 18 40
51 2 159 257 31 62
51 3 370 186 16 30
51 4 379 189 14 27
51 5 369 173 14 25
51 18 65 197 18 40
52 2 160 257 31 62
52 3 370 186 16 30
52 4 379 189 14 27
52 5 369 173 14 25
52 18 65 197 18 40
53 2 159 257 31 61
53 3 370 186 16 30
53 4 379 189 14 27
53 5 369 175 13 23
53 18 65 197 18 40
54 2 160 257 31 62
54 3 370 186 15 30
54 4 379 189 14 27
54 5 369 175 13 23
54 18 65 197 18 40
55 2 161 257 31 61
55 3 370 186 15 30
55 4 379 189 14 27
55 5 369 175 12 24
55 18 65 197 18 40
56 2 162 256 31 61
56 3 370 186 15 30
56 4 379 190 14 27
56 5 369 175 12 24
56 18 65 197 18 40
57 2 162 256 31 60
57 3 370 186 15 30
57 4 379 190 14 27
57 5 369 175 12 24
57 18 65 197 17 40
58 2 164 255 28 60
58 3 370 186 15 30
58 4 378 190 14 27
58 5 368 175 12 24
58 18 65 197 17 40
59 2 164 255 28 59
59 3 370 186 15 30
59 4 378 190 15 27
59 5 368 175 12 24
59 18 65 197 17 40
60 2 165 255 27 59
60 3 369 186 16 31
60 4 378 190 15 27
60 5 368 175 12 24
60 18 65 197 17 40
61 2 165 255 27 58
61 3 369 186 16 31
61 4 378 190 14 27
61 5 368 175 12 24
61 18 65 197 17 40
62 2 166 255 28 58
62 3 369 186 16 31
62 4 378 190 14 27
62 5 368 175 12 24
62 18 65 197 17 40
63 2 166 254 28 59
63 3 369 186 16 31
63 4 378 190 14 27
63 5 368 175 12 24
63 18 65 197 17 40
64 2 167 254 28 59
64 3 369 186 16 31
64 4 378 190 14 27
64 5 367 175 13 24
64 18 63 197 18 40
65 2 167 254 28 59
65 3 369 186 16 31
65 4 378 190 14 27
65 5 367 175 13 24
65 18 63 197 18 40
66 2 168 254 27 60
66 3 369 186 16 31
66 4 377 190 15 27
66 5 367 175 13 24
66 18 63 197 18 40
67 2 168 254 28 59
67 3 369 187 15 31
67 4 377 190 15 27
67 5 367 176 13 24
67 18 63 197 17 40
68 2 169 253 27 60
68 3 368 187 16 31
68 4 377 190 15 27
68 5 367 176 13 23
68 18 63 197 17 40
69 2 170 253 27 60
69 3 368 187 16 31
69 4 377 190 15 28
69 5 367 176 13 23
69 18 63 197 17 40
70 2 171 253 27 60
70 3 368 187 16 31
70 4 377 190 15 28
70 5 367 176 13 23
70 18 63 197 17 40
71 2 172 253 27 60
71 3 368 187 16 31
71 4 377 190 15 28
71 5 367 176 13 23
71 18 63 197 17 40
72 2 172 252 27 60
72 3 368 187 16 31
72 4 377 190 14 27
72 5 367 176 12 23
72 18 62 197 17 40
73 2 173 252 26 59
73 3 368 187 16 31
73 4 377 190 14 27
73 5 367 176 12 23
73 18 62 197 17 40
74 2 174 252 25 59
74 3 368 187 16 31
74 4 377 190 14 27
74 5 366 176 13 23
74 18 62 197 17 40
75 2 174 251 26 59
75 3 367 187 16 31
75 4 377 190 13 27
75 5 366 176 13 23
75 18 62 197 17 40
76 2 175 251 25 59
76 3 367 187 16 32
76 4 377 191 13 27
76 5 366 176 13 23
76 18 61 197 18 40
77 2 175 249 26 59
77 3 367 187 16 32
77 4 377 191 13 27
77 5 366 176 13 24
77 18 61 197 18 40
78 2 176 249 26 59
78 3 366 187 17 32
78 4 376 191 14 27
78 5 366 176 13 23
78 18 61 197 18 40
79 2 176 249 26 59
79 3 366 187 17 32
79 4 376 191 14 27
79 5 366 176 13 23
79 18 61 198 18 40
80 2 175 251 28 57
80 3 366 187 17 32
80 4 376 191 14 27
80 5 365 176 13 23
80 18 61 198 18 40
81 2 175 250 28 58
81 3 366 188 16 31
81 4 376 191 14 27
81 5 365 176 13 23
81 18 61 198 18 40
82 2 176 250 28 58
82 3 366 188 17 31
82 4 376 191 13 27
82 5 365 176 13 24
82 18 61 198 18 40
83 2 176 250 29 58
83 3 366 188 17 31
83 4 376 191 13 27
83 5 365 176 13 24
83 18 61 198 18 40
84 2 176 250 28 58
84 3 366 188 17 31
84 4 376 191 13 27
84 5 365 176 13 24
84 18 61 198 18 40
85 2 177 250 28 58
85 3 365 188 17 31
85 4 376 191 13 27
85 5 365 176 13 24
85 18 61 198 18 40
86 2 177 249 29 58
86 3 365 188 16 31
86 4 375 191 14 27
86 5 364 176 13 24
86 18 61 198 18 40
87 2 177 250 29 58
87 3 365 188 16 31
87 4 375 191 14 28
87 5 364 176 13 24
87 18 61 198 17 40
88 2 177 250 29 58
88 3 365 188 16 31
88 4 375 191 14 28
88 5 364 176 13 24
88 18 61 198 17 40
89 2 178 249 29 58
89 3 365 188 15 31
89 4 375 191 14 28
89 5 364 176 13 24
89 18 61 198 17 40
90 2 178 249 29 58
90 3 365 188 15 31
90 4 375 191 13 28
90 5 364 176 14 24
90 18 61 198 17 40
91 2 179 249 29 55
91 3 365 189 15 30
91 4 375 191 13 28
91 5 364 176 13 24
91 18 61 198 17 40
92 2 181 248 26 56
92 3 365 189 16 30
92 4 375 191 13 28
92 5 364 176 13 24
92 18 61 198 17 40
93 2 181 249 26 55
93 3 365 189 16 31
93 4 375 191 13 28
93 5 364 176 13 24
93 18 61 198 17 40
94 2 182 248 25 55
94 3 365 189 16 31
94 4 375 191 13 28
94 5 364 176 13 24
94 18 62 198 17 40
95 2 182 248 26 55
95 3 365 189 16 31
95 4 375 191 13 28
95 5 364 176 13 24
95 18 62 198 17 40
96 2 183 248 25 55
96 3 365 189 16 31
96 4 375 191 13 28
96 5 364 176 13 24
96 18 62 198 17 40
97 2 183 247 26 56
97 3 365 189 16 31
97 4 374 191 14 28
97 5 364 176 13 24
97 18 62 198 17 40
98 2 184 247 25 56
98 3 365 189 16 31
98 4 374 191 14 29
98 5 363 176 13 25
98 18 62 198 17 40
99 2 184 247 26 56
99 3 365 189 16 31
99 4 374 191 14 29
99 5 363 176 13 25
99 18 62 198 17 40
100 2 185 247 26 56
100 3 365 189 16 31
100 4 375 192 13 27
100 5 363 176 13 25
100 18 62 198 17 40
101 2 186 247 26 56
101 3 365 189 16 31
101 4 374 192 14 28
101 5 363 176 13 25
101 18 62 198 17 40
102 2 186 247 26 56
102 3 365 189 16 31
102 4 374 192 13 27
102 5 363 176 13 25
102 18 62 198 17 40
103 2 187 247 26 57
103 3 365 189 16 31
103 4 374 192 13 28
103 5 363 176 13 25
103 18 62 198 17 40
104 2 187 247 26 56
104 3 364 189 16 31
104 4 373 192 14 28
104 5 363 176 14 25
104 18 62 198 17 40
105 2 188 247 26 57
105 3 364 189 16 31
105 4 373 192 14 28
105 5 363 176 13 24
105 18 62 198 17 40
106 2 189 246 23 55
106 3 364 189 16 31
106 4 373 192 14 28
106 5 363 176 13 24
106 18 62 198 17 40
107 2 190 246 23 55
107 3 364 190 16 31
107 4 373 192 14 28
107 5 363 176 13 24
107 18 62 198 17 40
108 2 191 246 23 55
108 3 364 190 16 31
108 4 373 192 14 29
108 5 363 176 13 24
108 18 62 198 17 40
109 2 190 246 25 53
109 3 364 190 16 31
109 4 373 192 14 29
109 5 363 176 13 25
109 18 62 198 17 40
110 2 190 246 25 53
110 3 364 190 16 31
110 4 373 192 14 29
110 5 362 176 13 25
110 18 62 198 17 40
111 2 191 245 25 54
111 3 364 190 16 31
111 4 373 192 14 29
111 5 362 176 13 25
111 18 62 198 17 40
112 2 191 245 25 54
112 3 364 190 16 31
112 4 373 192 14 29
112 5 362 176 14 25
112 18 59 199 18 40
113 2 191 244 26 56
113 3 364 190 16 31
113 4 372 192 14 29
113 5 362 176 12 24
113 18 59 199 18 40
114 2 191 244 26 56
114 3 364 190 16 31
114 4 372 192 14 29
114 5 362 176 12 24
114 18 59 199 18 40
115 2 191 244 27 56
115 3 364 190 16 31
115 4 372 192 14 29
115 5 362 176 12 24
115 18 59 199 18 40
116 2 191 245 27 54
116 3 363 190 16 31
116 4 372 192 14 29
116 5 362 176 12 24
116 18 59 199 18 40
117 2 192 245 27 54
117 3 364 191 16 30
117 4 372 193 14 28
117 5 362 176 12 24
117 18 59 199 18 40
118 2 191 245 28 55
118 3 363 191 16 30
118 4 372 193 14 28
118 5 361 176 12 24
118 18 59 199 18 40
119 2 192 245 29 54
119 3 363 190 16 31
119 4 372 193 14 28
119 5 361 176 12 24
119 18 58 199 18 39
120 2 193 245 29 55
120 3 363 191 16 30
120 4 372 193 14 28
120 5 361 176 12 25
120 18 58 199 18 39
121 2 193 244 28 54
121 3 363 190 16 31
121 4 372 193 14 28
121 5 361 176 12 25
121 18 58 199 18 39
122 2 193 244 29 55
122 3 363 190 16 31
122 4 372 193 14 29
122 5 361 176 12 24
122 18 58 200 18 39
123 2 194 244 27 52
123 3 363 190 16 31
123 4 372 193 14 29
123 5 361 176 12 25
123 18 58 200 18 39
124 2 195 243 26 53
124 3 363 191 16 31
124 4 372 193 14 29
124 5 361 176 12 25
124 18 58 200 18 39
125 2 196 242 25 53
125 3 363 190 16 31
125 4 372 193 14 29
125 5 361 176 12 25
125 18 58 200 18 39
126 2 196 243 26 53
126 3 363 191 16 32
126 4 372 193 14 28
126 5 360 176 13 25
126 18 58 200 18 39
127 2 197 242 26 53
127 3 363 191 16 31
127 4 371 193 14 29
127 5 360 176 13 26
127 18 57 200 17 40
128 2 198 242 25 53
128 3 363 191 16 32
128 4 371 193 15 29
128 5 360 176 13 26
128 18 57 200 17 40
129 2 198 242 25 53
129 3 363 191 16 32
129 4 372 193 14 28
129 5 360 176 13 25
129 18 57 200 17 40
130 2 199 242 25 53
130 3 363 191 16 32
130 4 371 193 14 29
130 5 361 177 12 25
130 18 57 200 17 40
131 2 200 241 25 53
131 3 363 191 16 32
131 4 371 193 14 29
131 5 361 177 12 25
131 18 57 200 17 40
132 2 200 241 25 54
132 3 363 191 16 32
132 4 371 193 14 28
132 5 361 177 12 25
132 18 57 200 17 40
133 2 200 241 25 53
133 3 363 191 16 32
133 4 371 193 14 30
133 5 361 177 12 25
133 18 57 200 17 40
134 2 200 241 25 53
134 3 362 191 16 32
134 4 371 193 14 29
134 5 361 177 12 25
134 18 57 200 17 40
135 2 201 241 23 53
135 3 362 191 17 32
135 4 371 193 14 30
135 5 361 177 12 25
135 18 57 200 18 40
136 2 202 241 23 53
136 3 362 191 17 32
136 4 371 193 14 30
136 5 361 177 12 25
136 18 57 200 18 40
137 2 202 241 24 53
137 3 362 191 17 32
137 4 371 193 14 30
137 5 361 177 12 25
137 18 57 200 18 40
138 2 203 240 24 53
138 3 362 191 17 32
138 4 371 193 14 30
138 5 361 177 12 24
138 18 57 200 18 39
139 2 203 240 24 53
139 3 362 191 16 33
139 4 371 193 14 30
139 5 361 177 12 25
139 18 57 200 18 39
140 2 204 240 24 50
140 3 362 191 16 32
140 4 371 193 14 30
140 5 361 177 12 25
140 18 57 200 18 39
141 2 204 240 24 50
141 3 362 191 16 32
141 4 371 193 14 30
141 5 360 177 12 25
141 18 57 200 18 39
142 2 205 238 23 52
142 3 362 192 16 32
142 4 371 193 14 30
142 5 360 177 12 25
142 18 57 200 18 39
143 2 206 238 24 52
143 3 362 192 16 32
143 4 371 193 14 30
143 5 360 177 12 25
143 18 57 200 18 39
144 2 205 237 24 53
144 3 361 192 17 32
144 4 371 194 14 29
144 5 360 177 12 25
144 18 57 200 18 39
145 2 206 237 24 53
145 3 362 192 16 32
145 4 371 194 14 29
145 5 360 177 12 25
145 18 57 200 18 39
146 2 206 238 24 52
146 3 361 192 17 32
146 4 370 194 14 30
146 5 359 177 12 25
146 18 57 200 18 39
147 2 207 238 23 52
147 3 361 192 16 32
147 4 370 194 14 30
147 5 359 177 12 25
147 18 57 200 18 39
148 2 207 237 23 53
148 3 361 192 16 32
148 4 371 194 14 29
148 5 359 177 12 25
148 18 57 200 18 39
149 2 206 238 25 52
149 3 361 192 16 32
149 4 370 195 15 29
149 5 359 177 12 25
149 18 57 200 18 39
150 2 207 238 25 51
150 3 361 192 16 32
150 4 370 195 15 29
150 5 359 177 12 25
150 18 57 200 18 39
151 2 207 238 25 51
151 3 361 192 16 32
151 4 370 195 15 29
151 5 359 177 12 25
151 18 57 200 18 39
152 2 207 238 25 51
152 3 361 192 16 32
152 4 370 195 15 29
152 5 359 177 12 25
152 18 57 200 18 39
153 2 207 237 25 51
153 3 361 192 16 32
153 4 370 195 15 29
153 5 359 177 12 25
153 18 57 199 18 40
154 2 208 237 25 51
154 3 361 192 16 32
154 4 370 195 14 29
154 5 360 177 12 25
154 18 57 199 18 40
155 2 208 237 25 51
155 3 360 192 17 33
155 4 370 194 14 30
155 5 360 177 12 25
155 18 57 199 18 40
156 2 208 235 25 51
156 3 361 192 16 32
156 4 370 195 14 29
156 5 360 177 12 25
156 18 57 199 18 40
157 2 209 235 25 51
157 3 360 192 17 32
157 4 370 195 15 29
157 5 360 177 12 25
157 18 57 199 18 40
158 2 209 235 25 51
158 3 360 192 17 32
158 4 370 195 15 29
158 5 360 177 12 25
158 18 57 199 18 40
159 2 209 234 25 51
159 3 360 192 17 33
159 4 370 196 14 28
159 5 360 177 12 25
159 18 57 199 18 40
160 2 211 233 23 52
160 3 360 192 17 33
160 4 370 196 14 28
160 5 360 177 12 25
160 18 57 199 18 40
161 2 211 234 23 52
161 3 360 192 17 33
161 4 370 196 14 29
161 5 360 177 12 25
161 18 57 199 18 40
162 2 212 234 22 51
162 3 360 192 17 33
162 4 370 196 14 29
162 5 360 177 12 25
162 18 57 199 18 40
163 2 212 233 22 52
163 3 359 193 17 32
163 4 370 196 14 29
163 5 360 177 12 25
163 18 57 199 18 40
164 2 213 233 22 52
164 3 359 193 17 32
164 4 370 196 14 29
164 5 360 177 12 25
164 18 57 199 18 40
165 2 213 233 22 52
165 3 359 193 17 32
165 4 370 196 14 29
165 5 360 177 12 25
165 18 57 199 18 39
166 2 213 233 22 51
166 3 358 193 19 31
166 4 369 196 15 29
166 5 360 177 12 25
166 18 57 199 18 39
167 2 214 233 22 51
167 3 359 193 17 31
167 4 369 196 15 29
167 5 360 177 12 25
167 18 57 199 18 39
168 2 215 233 22 51
168 3 359 193 17 32
168 4 369 196 15 29
168 5 360 177 12 25
168 18 57 199 17 39
169 2 215 232 20 51
169 3 359 193 17 32
169 4 369 196 15 29
169 5 359 177 12 25
169 18 57 199 17 39
170 2 216 232 19 51
170 3 359 193 17 32
170 4 369 196 15 29
170 5 359 177 12 25
170 18 57 199 17 39
171 2 216 232 21 51
171 3 359 194 17 32
171 4 369 196 15 29
171 5 359 177 12 25
171 18 57 199 17 39
172 2 216 231 21 51
172 3 359 194 17 31
172 4 369 196 15 29
172 5 359 177 12 25
172 18 57 199 17 39
173 2 216 231 22 51
173 3 358 193 18 32
173 4 369 196 15 29
173 5 359 177 12 25
173 18 57 198 17 40
174 2 216 230 22 51
174 3 358 193 18 32
174 4 369 196 14 29
174 5 359 177 12 25
174 18 57 198 17 40
175 2 215 231 24 51
175 3 358 193 18 32
175 4 369 196 14 29
175 5 359 177 12 25
175 18 57 198 17 40
176 2 216 231 23 50
176 3 358 193 17 32
176 4 369 196 14 29
176 5 359 177 12 25
176 18 55 198 18 40
177 2 216 231 24 50
177 3 358 193 17 32
177 4 369 197 15 29
177 5 359 177 12 25
177 18 55 198 18 40
178 2 216 230 24 50
178 3 358 193 17 32
178 4 369 197 15 29
178 5 359 177 12 25
178 18 55 198 18 40
179 2 217 230 24 50
179 3 358 193 17 32
179 4 368 196 15 30
179 5 359 177 12 24
179 18 55 198 18 40
180 2 217 230 24 50
180 3 358 193 17 32
180 4 368 196 15 30
180 5 358 177 13 25
180 18 55 198 18 40
181 2 217 230 24 50
181 3 358 193 17 32
181 4 368 196 16 30
181 5 358 177 13 25
181 18 53 198 18 40
182 2 217 230 24 50
182 3 358 193 17 32
182 4 368 197 15 29
182 5 358 177 13 25
182 18 53 198 18 40
183 2 218 230 24 50
183 3 358 193 17 33
183 4 369 196 15 29
183 5 358 177 13 25
183 18 53 198 18 40
184 2 217 230 24 50
184 3 358 193 17 33
184 4 368 196 15 30
184 5 358 177 13 25
184 18 53 198 18 40
185 2 218 230 24 50
185 3 357 193 18 33
185 4 368 196 16 30
185 5 359 177 11 24
185 18 53 198 18 40
186 2 219 230 24 50
186 3 358 193 17 33
186 4 368 196 15 30
186 5 359 177 12 24
186 18 52 197 18 40
187 2 218 229 24 50
187 3 358 193 17 33
187 4 368 196 15 30
187 5 359 177 12 24
187 18 52 197 18 40
188 2 218 229 25 50
188 3 358 193 17 33
188 4 368 197 15 30
188 5 359 177 12 24
188 18 52 197 18 40
189 2 219 228 25 50
189 3 358 193 17 34
189 4 368 197 15 30
189 5 359 177 12 25
189 18 52 197 18 40
190 2 219 228 25 50
190 3 358 193 17 34
190 4 368 197 15 30
190 5 358 177 13 25
190 18 52 197 18 40
191 2 220 227 23 50
191 3 358 193 17 34
191 4 368 197 15 30
191 5 358 177 13 25
191 18 52 197 18 40
192 2 221 226 24 51
192 3 358 193 17 34
192 4 368 198 15 29
192 5 358 177 13 25
192 18 52 197 18 40
193 2 221 227 22 50
193 3 358 193 17 34
193 4 368 198 15 29
193 5 358 177 13 25
193 18 49 198 18 39
194 2 222 226 22 50
194 3 358 193 17 34
194 4 368 198 15 29
194 5 358 177 13 25
194 18 49 198 18 39
195 2 223 227 22 50
195 3 358 193 17 34
195 4 368 198 15 29
195 5 358 177 13 25
195 18 49 198 18 39
196 2 223 227 22 49
196 3 358 193 17 34
196 4 368 198 15 29
196 5 359 177 13 25
196 18 49 198 18 39
197 2 224 227 22 50
197 3 358 193 17 34
197 4 368 198 15 29
197 5 359 177 13 25
197 18 49 198 18 39
198 2 224 227 23 50
198 3 358 193 17 34
198 4 368 198 15 29
198 5 359 177 13 25
198 18 49 198 18 39
199 2 224 227 23 49
199 3 357 193 18 34
199 4 368 198 15 29
199 5 359 177 13 25
199 18 49 198 18 39
200 2 224 227 23 49
200 3 357 193 18 34
200 4 368 198 15 29
200 5 359 177 13 25
200 18 49 198 18 39
201 2 225 226 21 49
201 3 357 193 18 34
201 4 368 198 15 29
201 5 359 177 13 25
201 18 49 197 18 40
202 2 226 226 21 49
202 3 357 193 18 34
202 4 368 198 15 29
202 5 359 177 13 25
202 18 50 197 17 40
203 2 227 226 21 49
203 3 357 193 17 34
203 4 368 198 15 29
203 5 359 177 13 25
203 18 50 197 17 40
204 2 227 226 21 49
204 3 357 193 17 34
204 4 368 198 15 29
204 5 359 177 13 25
204 18 52 197 17 40
205 2 228 224 21 49
205 3 357 194 17 34
205 4 368 198 15 29
205 5 359 177 13 25
205 18 52 197 17 40
206 2 228 224 21 49
206 3 357 194 17 34
206 4 368 198 15 30
206 5 359 177 13 25
206 18 52 197 17 40
207 2 229 224 21 49
207 3 357 194 17 34
207 4 368 198 15 30
207 5 359 177 13 25
207 18 52 197 17 40
208 2 229 223 21 49
208 3 357 194 17 34
208 4 368 198 15 29
208 5 359 177 13 25
208 18 52 196 17 40
209 2 229 224 21 49
209 3 356 194 17 34
209 4 367 198 16 30
209 5 359 177 13 25
209 18 52 196 17 40
210 2 229 224 21 49
210 3 356 194 17 34
210 4 368 198 15 30
210 5 359 177 13 25
210 18 52 196 17 40
211 2 229 224 21 49
211 3 356 194 17 34
211 4 368 198 15 30
211 5 359 177 13 25
211 18 52 196 17 40
212 2 230 223 21 49
212 3 356 194 17 34
212 4 368 198 15 30
212 5 359 177 13 25
212 18 53 197 17 40
213 2 231 223 20 49
213 3 356 194 17 34
213 4 368 198 15 30
213 5 359 177 13 25
213 18 53 197 17 40
214 2 231 223 20 49
214 3 356 194 17 34
214 4 368 198 15 31
214 5 359 177 13 25
214 18 53 197 17 40
215 2 231 223 20 49
215 3 356 194 17 34
215 4 368 198 15 31
215 5 359 177 13 25
215 18 53 197 17 40
216 2 231 223 20 49
216 3 356 194 17 34
216 4 368 198 15 30
216 5 359 177 13 25
216 18 53 197 17 40
217 2 231 223 21 49
217 3 356 194 17 34
217 4 368 198 15 30
217 5 359 177 13 25
217 18 53 197 17 40
218 2 231 222 21 49
218 3 356 194 17 34
218 4 368 198 15 30
218 5 359 177 13 25
218 18 53 197 17 40
219 2 231 223 21 49
219 3 356 194 17 34
219 4 368 198 15 31
219 5 359 177 13 25
219 18 53 197 17 40
220 2 231 223 21 49
220 3 356 194 17 34
220 4 368 198 15 31
220 5 359 177 13 25
220 18 53 197 17 40
221 2 232 221 21 49
221 3 356 195 17 34
221 4 368 198 15 31
221 5 359 177 13 25
221 18 53 196 17 40
222 2 232 222 21 48
222 3 356 195 17 34
222 4 368 198 15 31
222 5 359 177 13 25
222 18 53 196 17 40
223 2 232 222 21 47
223 3 356 195 17 35
223 4 368 198 15 31
223 5 359 177 13 25
223 18 53 196 18 40
224 2 233 222 21 47
224 3 356 195 17 35
224 4 367 198 15 31
224 5 359 177 13 25
224 18 53 196 18 40
225 2 233 221 21 47
225 3 356 195 17 35
225 4 368 198 15 31
225 5 359 177 13 25
225 18 53 196 18 40
226 2 234 221 21 47
226 3 356 195 17 35
226 4 367 198 15 31
226 5 359 177 13 25
226 18 53 196 17 40
227 2 234 221 21 47
227 3 356 195 17 34
227 4 367 198 15 31
227 5 359 177 13 25
227 18 53 196 17 40
228 2 234 222 20 47
228 3 356 195 17 34
228 4 367 198 16 31
228 5 359 177 13 25
228 18 53 196 17 40
229 2 235 221 19 47
229 3 355 195 18 34
229 4 367 198 16 31
229 5 359 177 13 25
229 18 53 196 17 40
230 2 235 221 20 47
230 3 355 195 18 34
230 4 367 198 16 32
230 5 359 177 13 25
230 18 53 196 17 40
231 2 236 221 19 47
231 3 355 195 18 34
231 4 367 198 16 32
231 5 359 177 13 25
231 18 53 196 17 40
232 2 236 221 19 47
232 3 355 195 18 34
232 4 367 198 16 32
232 5 359 177 13 25
232 18 53 196 17 40
233 2 236 221 20 47
233 3 355 195 17 34
233 4 366 198 16 31
233 5 359 177 13 25
233 18 53 196 17 40
234 2 237 221 19 47
234 3 355 195 17 34
234 4 366 199 16 30
234 5 359 177 13 25
234 18 53 196 17 40
235 2 237 220 20 48
235 3 355 196 17 34
235 4 366 199 16 31
235 5 358 177 14 26
235 18 53 196 17 40
236 2 236 220 21 47
236 3 355 196 17 34
236 4 366 199 16 31
236 5 358 177 14 26
236 18 52 197 17 40
237 2 237 219 20 48
237 3 354 196 17 34
237 4 366 199 16 31
237 5 359 177 13 25
237 18 52 197 17 40
238 2 237 220 21 46
238 3 354 196 17 34
238 4 366 199 16 31
238 5 358 177 14 26
238 18 51 197 17 40
239 2 237 220 21 46
239 3 353 196 17 34
239 4 365 199 17 31
239 5 358 177 14 26
239 18 51 197 17 40
240 2 237 219 21 46
240 3 353 196 17 34
240 4 365 199 17 31
240 5 358 177 14 26
240 18 50 197 17 40
241 2 237 219 21 46
241 3 353 196 17 34
241 4 365 199 17 31
241 5 358 177 14 26
241 18 50 199 18 39
242 2 237 219 21 47
242 3 353 196 17 34
242 4 365 199 17 31
242 5 358 177 13 26
242 18 50 199 17 39
243 2 238 219 20 46
243 3 353 196 17 34
243 4 365 199 17 31
243 5 358 177 13 26
243 18 49 198 18 39
244 2 238 219 20 46
244 3 352 196 18 34
244 4 365 199 17 31
244 5 358 177 14 25
244 18 49 197 18 40
245 2 239 219 20 46
245 3 352 196 18 34
245 4 365 199 17 31
245 5 357 177 14 26
245 18 50 197 17 40
246 2 239 218 20 47
246 3 352 196 18 34
246 4 365 199 17 31
246 5 358 177 14 26
246 18 49 199 18 40
247 2 239 218 20 47
247 3 352 196 18 34
247 4 365 199 17 31
247 5 358 177 14 26
247 18 49 198 18 39
248 2 239 218 21 47
248 3 352 196 18 35
248 4 365 199 17 31
248 5 358 177 14 26
248 18 49 199 17 40
249 2 239 218 21 47
249 3 352 196 18 35
249 4 365 199 17 31
249 5 358 177 14 25
249 18 50 199 17 39
250 2 240 218 20 47
250 3 352 196 18 35
250 4 365 200 17 31
250 5 358 177 14 25
250 18 49 199 17 39
251 2 239 218 21 47
251 3 352 196 18 35
251 4 365 200 16 31
251 5 358 177 13 25
251 18 48 200 18 39
252 2 240 218 21 47
252 3 352 196 18 35
252 4 365 200 16 31
252 5 358 177 13 25
252 18 49 200 16 37
253 2 240 217 21 47
253 3 352 196 18 35
253 4 365 200 15 31
253 5 358 177 13 25
253 18 49 200 16 37
254 2 241 217 20 46
254 3 352 196 18 35
254 4 365 200 15 31
254 5 358 177 13 25
254 18 49 200 16 37
255 2 241 218 20 45
255 3 352 196 18 35
255 4 365 200 15 31
255 5 358 177 13 26
255 18 49 200 16 37
256 2 241 217 20 45
256 3 352 196 18 35
256 4 365 200 15 31
256 5 358 178 13 25
256 18 49 200 16 37
257 2 241 217 20 45
257 3 352 196 17 35
257 4 365 200 15 31
257 5 357 178 14 26
257 18 49 200 16 37
258 2 242 217 20 44
258 3 352 196 17 35
258 4 365 200 15 31
258 5 357 178 14 26
258 18 49 200 16 37
259 2 242 217 20 45
259 3 352 196 17 35
259 4 365 200 15 31
259 5 358 178 13 26
259 18 49 199 16 38
260 2 243 217 20 44
260 3 351 196 18 35
260 4 364 200 16 31
260 5 357 177 14 27
260 18 49 199 16 38
261 2 242 217 20 45
261 3 351 196 18 35
261 4 364 200 16 31
261 5 357 178 14 26
261 18 49 199 16 38
262 2 243 217 20 44
262 3 351 196 18 35
262 4 364 200 16 31
262 5 356 178 15 27
262 18 49 199 16 38
263 2 243 217 20 44
263 3 351 196 18 35
263 4 364 200 16 31
263 5 356 178 15 27
263 18 49 199 16 38
264 2 243 217 20 44
264 3 351 196 17 35
264 4 364 200 16 32
264 5 356 178 15 27
264 18 49 199 16 38
265 2 243 217 20 44
265 3 351 196 17 35
265 4 364 200 16 32
265 5 356 178 14 26
265 18 49 199 16 37
266 2 244 216 19 46
266 3 351 196 17 35
266 4 364 200 15 32
266 5 356 178 14 26
266 18 49 199 16 37
267 2 245 216 18 45
267 3 351 197 17 34
267 4 364 200 15 32
267 5 356 178 14 26
267 18 49 199 16 37
268 2 246 216 17 45
268 3 351 197 17 34
268 4 364 200 15 32
268 5 356 178 14 26
268 18 49 199 16 37
269 2 246 216 17 44
269 3 350 197 17 35
269 4 364 200 15 32
269 5 356 178 14 26
269 18 49 199 16 37
270 2 247 215 17 44
270 3 350 197 18 36
270 4 364 200 15 32
270 5 356 178 14 25
270 18 49 199 16 37
271 2 247 215 17 44
271 3 350 197 18 35
271 4 364 200 15 32
271 5 356 178 14 25
271 18 49 199 16 37
272 2 247 214 18 45
272 3 350 197 17 35
272 4 364 200 15 32
272 5 356 178 14 25
272 18 49 199 16 37
273 2 246 214 18 45
273 3 350 197 17 35
273 4 364 200 15 32
273 5 356 178 14 25
273 18 49 199 16 37
274 2 247 214 17 45
274 3 349 197 17 35
274 4 363 200 15 32
274 5 356 178 13 25
274 18 49 199 16 37
275 2 247 214 17 44
275 3 349 197 17 35
275 4 363 200 15 32
275 5 356 178 13 25
275 18 49 199 16 37
276 2 247 214 18 45
276 3 349 197 17 35
276 4 363 200 15 32
276 5 356 178 13 25
276 18 49 199 16 37
277 2 247 213 18 46
277 3 349 197 17 35
277 4 363 201 15 31
277 5 356 178 13 25
277 18 50 199 17 37
278 2 247 213 18 46
278 3 348 197 18 35
278 4 363 201 15 31
278 5 356 178 13 25
278 18 50 199 17 37
279 2 248 213 18 46
279 3 349 197 17 35
279 4 363 201 15 31
279 5 356 178 13 25
279 18 50 199 17 37
280 2 248 213 18 46
280 3 348 197 18 36
280 4 363 201 15 32
280 5 356 178 13 25
280 18 50 199 17 37
281 2 248 213 18 46
281 3 348 197 18 36
281 4 362 201 15 32
281 5 356 178 13 25
281 18 50 199 17 37
282 2 248 214 18 44
282 3 348 197 18 36
282 4 362 201 15 32
282 5 356 178 13 26
282 18 50 199 17 37
283 2 248 214 18 44
283 3 348 198 18 35
283 4 362 201 15 32
283 5 356 178 13 26
283 18 52 199 16 38
284 2 248 213 19 44
284 3 348 198 18 35
284 4 362 201 15 32
284 5 356 178 13 26
284 18 52 199 16 38
285 2 248 213 19 44
285 3 348 198 18 35
285 4 362 201 15 32
285 5 356 178 13 26
285 18 52 199 16 38
286 2 248 213 19 43
286 3 348 198 18 35
286 4 361 201 16 32
286 5 356 178 13 26
286 18 52 199 16 38
287 2 249 213 18 43
287 3 349 198 16 35
287 4 361 201 16 32
287 5 356 178 13 26
287 18 52 199 16 38
288 2 249 213 18 43
288 3 349 198 16 35
288 4 361 201 15 32
288 5 356 178 13 26
288 18 52 199 16 38
289 2 248 213 19 43
289 3 349 198 16 35
289 4 361 201 15 32
289 5 356 178 13 26
289 18 52 199 16 38
290 2 249 213 18 43
290 3 349 198 16 35
290 4 361 201 15 32
290 5 356 178 13 26
290 18 52 199 16 38
291 2 250 212 18 45
291 3 348 198 17 35
291 4 361 202 14 31
291 5 356 178 13 26
291 18 52 199 16 38
292 2 249 212 19 44
292 3 348 198 17 35
292 4 361 202 14 31
292 5 356 178 13 26
292 18 52 199 16 38
293 2 250 212 18 44
293 3 348 198 17 35
293 4 359 202 16 31
293 5 356 178 13 26
293 18 52 199 16 38
294 2 250 211 18 45
294 3 348 198 17 36
294 4 359 202 16 31
294 5 356 178 13 26
294 18 52 199 16 38
295 2 250 211 19 45
295 3 348 198 17 36
295 4 359 202 15 31
295 5 355 178 14 26
295 18 52 199 16 38
296 2 250 212 19 45
296 3 348 198 17 36
296 4 359 202 15 32
296 5 355 178 14 26
296 18 53 199 17 38
297 2 250 212 20 45
297 3 348 198 17 36
297 4 359 202 15 32
297 5 355 178 14 26
297 18 53 199 17 38
298 2 250 212 20 44
298 3 348 198 17 36
298 4 358 202 15 32
298 5 355 179 14 26
298 18 53 199 17 38
299 2 251 212 19 45
299 3 348 198 17 36
299 4 358 202 15 32
299 5 355 179 14 26
299 18 53 199 17 38
300 2 251 212 19 43
300 3 347 199 17 36
300 4 358 202 15 32
300 5 355 179 14 26
300 18 53 199 17 38
301 2 251 211 19 43
301 3 347 199 17 36
301 4 358 202 15 32
301 5 355 179 14 26
301 18 52 198 16 38
302 2 251 211 20 43
302 3 347 199 17 36
302 4 358 202 15 32
302 5 355 179 14 26
302 18 52 199 16 38
303 2 253 211 18 43
303 3 346 199 18 36
303 4 358 202 15 33
303 5 355 178 14 27
303 18 52 198 16 38
304 2 253 211 17 43
304 3 346 199 18 36
304 4 358 202 15 32
304 5 355 178 14 27
304 18 52 200 16 37
305 2 253 210 18 43
305 3 345 199 19 36
305 4 358 202 15 33
305 5 355 178 14 27
305 18 51 199 19 37
306 2 253 211 18 43
306 3 345 199 19 36
306 4 358 203 15 32
306 5 355 178 13 26
306 18 52 198 16 38
307 2 253 211 19 43
307 3 345 199 19 36
307 4 357 203 16 32
307 5 355 178 13 26
307 18 52 198 16 38
308 2 253 210 19 43
308 3 345 199 18 36
308 4 357 203 15 31
308 5 355 178 14 26
308 18 53 198 16 38
309 2 253 210 19 43
309 3 345 199 18 36
309 4 357 203 15 33
309 5 355 178 14 26
309 18 53 197 16 37
310 2 253 211 19 42
310 3 345 199 18 36
310 4 357 203 15 32
310 5 355 178 14 26
310 18 52 198 16 38
311 2 253 211 19 42
311 3 345 199 18 36
311 4 356 203 15 32
311 5 355 179 14 25
311 18 52 198 16 38
312 2 253 211 19 42
312 3 344 200 19 36
312 4 356 203 15 33
312 5 355 179 14 25
312 18 52 199 16 37
313 2 253 211 19 42
313 3 345 200 18 36
313 4 356 203 15 33
313 5 355 179 14 25
313 18 52 199 16 38
314 2 254 210 19 43
314 3 345 199 18 37
314 4 356 203 15 33
314 5 355 179 14 25
314 18 52 200 16 37
315 2 254 210 19 43
315 3 345 199 18 38
315 4 355 203 15 33
315 5 355 179 14 25
315 18 51 198 16 38
316 2 255 210 19 42
316 3 345 199 18 38
316 4 356 204 15 32
316 5 355 179 14 25
316 18 53 198 16 38
317 2 255 209 19 43
317 3 345 199 18 38
317 4 355 203 15 33
317 5 355 179 14 25
317 18 50 199 17 37
318 2 255 209 19 42
318 3 345 199 18 38
318 4 356 204 15 32
318 5 355 179 14 25
318 18 52 199 16 37
319 2 255 209 19 42
319 3 344 200 18 37
319 4 355 204 15 32
319 5 355 179 14 25
319 18 52 197 16 38
320 2 255 209 19 42
320 3 344 200 18 37
320 4 355 204 15 32
320 5 355 179 14 25
320 18 52 199 16 38
321 2 256 209 19 42
321 3 344 200 18 37
321 4 355 204 15 32
321 5 355 179 14 25
321 18 52 199 16 37
322 2 256 209 19 42
322 3 344 200 18 37
322 4 355 204 15 33
322 5 355 179 14 25
322 18 52 199 16 37
323 2 256 209 19 42
323 3 344 200 18 37
323 4 355 204 15 33
323 5 355 179 14 25
323 18 52 199 16 37
324 2 257 209 19 41
324 3 344 200 18 37
324 4 355 204 15 33
324 5 355 179 14 25
324 18 52 199 16 37
325 2 258 209 19 42
325 3 344 200 18 37
325 4 355 204 15 33
325 5 355 179 14 25
325 18 53 199 16 37
326 2 258 209 20 42
326 3 344 200 18 37
326 4 355 204 15 33
326 5 355 179 14 25
326 18 53 198 16 38
327 2 259 209 19 42
327 3 343 200 18 37
327 4 355 204 15 33
327 5 355 179 14 25
327 18 53 198 16 38
328 2 260 209 18 41
328 3 343 200 18 37
328 4 355 204 15 33
328 5 355 179 14 25
328 18 53 198 16 38
329 2 260 209 18 41
329 3 343 200 18 37
329 4 355 204 15 33
329 5 355 179 14 25
329 18 53 198 16 38
330 2 260 209 19 41
330 3 343 200 18 37
330 4 355 204 15 33
330 5 355 179 14 25
330 18 53 198 16 38
331 2 260 209 19 41
331 3 343 200 18 37
331 4 355 204 15 33
331 5 355 179 14 26
331 18 53 198 16 38
332 2 260 208 19 42
332 3 343 201 17 37
332 4 354 204 16 33
332 5 355 179 14 26
332 18 53 198 16 38
333 2 261 207 19 42
333 3 343 201 17 37
333 4 354 204 16 33
333 5 355 179 14 26
333 18 53 198 16 38
334 2 261 207 19 41
334 3 342 201 17 37
334 4 354 204 16 33
334 5 355 179 14 26
334 18 53 198 16 38
335 2 262 207 19 41
335 3 342 201 17 37
335 4 354 204 16 33
335 5 355 179 14 26
335 18 53 198 17 38
336 2 263 207 19 41
336 3 342 201 17 37
336 4 354 204 15 34
336 5 355 179 14 26
336 18 53 198 17 38
337 2 263 207 19 41
337 3 342 201 17 37
337 4 354 204 15 34
337 5 355 179 14 26
337 18 53 198 17 38
338 2 263 207 19 41
338 3 341 201 18 37
338 4 354 205 15 33
338 5 355 179 14 26
338 18 53 198 17 38
339 2 265 207 17 41
339 3 341 201 18 37
339 4 353 205 17 33
339 5 355 179 14 26
339 18 53 198 17 38
340 2 265 206 17 42
340 3 341 201 17 37
340 4 353 205 17 33
340 5 355 179 14 26
340 18 53 198 17 38
341 2 266 206 17 42
341 3 341 201 17 37
341 4 352 205 17 34
341 5 355 179 14 27
341 18 53 198 17 38
342 2 266 206 17 42
342 3 341 201 17 37
342 4 352 205 17 34
342 5 355 179 14 27
342 18 53 198 17 38
343 2 267 207 16 41
343 3 340 201 17 37
343 4 352 205 17 33
343 5 354 179 15 26
343 18 53 198 17 38
344 2 267 206 17 41
344 3 340 201 17 37
344 4 352 205 17 33
344 5 355 179 14 27
344 18 53 198 17 38
345 2 267 207 17 41
345 3 340 201 17 37
345 4 352 205 17 33
345 5 355 179 14 27
345 18 53 198 17 38
346 2 267 206 17 42
346 3 340 201 17 37
346 4 352 205 17 34
346 5 355 179 14 27
346 18 53 198 17 38
347 2 268 206 16 42
347 3 340 201 17 37
347 4 352 205 17 33
347 5 355 179 14 27
347 18 53 197 17 38
348 2 268 206 17 41
348 3 340 201 17 37
348 4 352 205 17 33
348 5 355 179 14 27
348 18 53 197 17 38
349 2 268 206 17 41
349 3 339 201 18 38
349 4 352 205 17 34
349 5 355 179 14 27
349 18 53 197 17 38
350 2 269 205 16 41
350 3 339 201 18 38
350 4 351 205 18 34
350 5 355 179 14 27
350 18 53 197 17 38
351 2 269 205 16 41
351 3 339 201 18 38
351 4 351 205 17 34
351 5 355 179 14 27
351 18 53 197 16 38
352 2 269 205 16 41
352 3 339 201 18 38
352 4 351 205 17 35
352 5 355 179 14 27
352 18 53 197 16 38
353 2 270 205 16 41
353 3 339 201 18 38
353 4 351 206 17 33
353 5 355 179 14 27
353 18 53 197 16 38
354 2 269 205 17 41
354 3 339 201 18 39
354 4 351 206 16 33
354 5 355 179 14 27
354 18 53 197 16 38
355 2 270 205 17 41
355 3 339 201 18 39
355 4 351 206 16 33
355 5 355 179 14 27
355 18 53 197 16 38
356 2 271 205 17 40
356 3 339 201 18 38
356 4 351 206 15 33
356 5 355 179 14 27
356 18 53 197 16 38
357 2 271 205 17 41
357 3 338 201 19 38
357 4 351 206 15 34
357 5 354 179 14 27
357 18 53 197 16 38
358 2 271 204 19 42
358 3 338 201 19 38
358 4 351 206 15 34
358 5 354 179 14 27
358 18 53 197 16 38
359 2 271 205 19 41
359 3 337 201 19 38
359 4 351 206 15 34
359 5 354 179 14 27
359 18 53 197 16 38
360 2 271 205 19 40
360 3 337 201 19 38
360 4 350 206 16 34
360 5 354 179 14 27
360 18 53 197 16 38
361 2 272 205 19 40
361 3 337 202 19 38
361 4 350 206 16 34
361 5 354 179 14 27
361 18 52 197 16 38
362 2 272 205 19 40
362 3 337 202 19 38
362 4 350 206 16 34
362 5 354 180 15 26
362 18 52 197 16 38
363 2 272 205 19 40
363 3 337 203 19 38
363 4 350 206 16 34
363 5 354 180 15 26
363 18 52 197 16 38
364 2 273 205 19 40
364 3 337 203 19 37
364 4 350 206 16 34
364 5 354 180 15 26
364 18 52 197 16 38
365 2 273 205 19 40
365 3 337 203 19 37
365 4 350 206 16 34
365 5 354 180 15 26
365 18 52 197 16 38
366 2 274 205 18 40
366 3 336 203 19 38
366 4 350 207 16 33
366 5 354 180 15 26
366 18 52 197 16 38
367 2 274 204 18 41
367 3 336 203 19 38
367 4 350 207 15 34
367 5 353 180 15 26
367 18 52 197 16 38
368 2 274 204 19 41
368 3 336 203 19 38
368 4 350 207 15 33
368 5 353 180 15 26
368 18 52 197 16 38
369 2 274 203 19 41
369 3 335 203 19 37
369 4 349 207 16 34
369 5 353 180 15 26
369 18 52 197 16 38
370 2 274 203 19 40
370 3 335 203 19 38
370 4 349 207 16 34
370 5 353 180 15 26
370 18 52 197 16 38
371 2 275 202 19 41
371 3 335 203 19 38
371 4 349 207 16 34
371 5 353 180 15 26
371 18 52 197 16 38
372 2 275 203 19 40
372 3 335 203 19 38
372 4 349 207 15 34
372 5 353 180 15 26
372 18 52 197 16 38
373 2 276 203 19 40
373 3 335 203 19 38
373 4 349 207 15 34
373 5 353 180 15 26
373 18 52 197 16 38
374 2 276 203 19 40
374 3 334 203 18 38
374 4 348 207 16 34
374 5 353 180 15 26
374 18 52 197 16 38
375 2 276 202 18 41
375 3 334 203 18 38
375 4 348 207 15 34
375 5 353 180 15 26
375 18 52 197 16 38
376 2 277 203 17 40
376 3 334 203 18 38
376 4 347 207 16 34
376 5 353 180 15 26
376 18 52 197 16 38
377 2 277 202 17 41
377 3 334 203 18 39
377 4 347 207 16 34
377 5 353 180 15 26
377 18 52 197 16 38
378 2 277 203 18 40
378 3 334 204 18 38
378 4 347 207 16 34
378 5 353 180 15 26
378 18 52 197 16 38
379 2 277 202 18 41
379 3 334 204 18 38
379 4 347 208 16 34
379 5 352 180 15 27
379 18 52 197 16 38
380 2 278 202 17 41
380 3 334 204 18 39
380 4 347 208 16 34
380 5 352 180 15 28
380 18 52 197 16 38
381 2 278 202 17 41
381 3 333 204 18 39
381 4 346 208 16 34
381 5 352 180 15 28
381 18 52 197 16 38
382 2 278 202 18 41
382 3 333 204 18 39
382 4 347 208 16 34
382 5 352 180 15 28
382 18 52 197 16 38
383 2 279 201 17 41
383 3 333 204 18 39
383 4 346 208 16 35
383 5 352 180 15 28
383 18 52 197 16 38
384 2 279 201 17 41
384 3 333 204 18 39
384 4 345 208 17 35
384 5 352 180 15 28
384 18 52 197 16 38
385 2 279 201 18 40
385 3 333 204 18 39
385 4 345 208 17 35
385 5 352 180 15 28
385 18 52 197 16 38
386 2 279 200 18 41
386 3 332 204 19 39
386 4 345 208 17 35
386 5 352 180 15 28
386 18 52 197 16 38
387 2 279 201 18 40
387 3 332 205 19 38
387 4 345 208 17 35
387 5 352 180 15 28
387 18 52 197 16 38
388 2 279 201 18 40
388 3 332 204 19 40
388 4 345 208 17 35
388 5 352 180 15 28
388 18 52 197 16 38
389 2 279 200 18 41
389 3 332 205 19 38
389 4 345 208 17 35
389 5 352 180 15 29
389 18 52 197 16 38
390 2 279 201 18 40
390 3 332 205 19 38
390 4 344 208 18 35
390 5 352 180 15 29
390 18 52 197 16 38
391 2 281 201 17 40
391 3 332 205 18 38
391 4 344 208 17 35
391 5 352 180 15 29
391 18 52 197 16 38
392 2 280 201 17 39
392 3 332 205 18 38
392 4 344 208 17 35
392 5 352 180 15 29
392 18 52 197 16 38
393 2 281 201 17 40
393 3 332 205 18 39
393 4 344 208 17 35
393 5 352 180 15 29
393 18 52 197 16 38
394 2 281 201 17 40
394 3 331 205 19 38
394 4 344 208 17 35
394 5 352 180 15 29
394 18 52 197 16 38
395 2 281 201 17 39
395 3 331 205 19 39
395 4 344 209 17 35
395 5 352 180 14 29
395 18 52 197 16 38
396 2 281 201 17 40
396 3 331 205 18 39
396 4 344 209 17 35
396 5 352 180 14 29
396 18 52 197 16 38
397 2 281 201 17 39
397 3 331 205 18 39
397 4 343 210 17 34
397 5 352 180 14 29
397 18 52 197 16 38
398 2 281 201 18 39
398 3 331 206 18 39
398 4 343 210 17 34
398 5 352 181 14 29
398 18 52 197 16 38
399 2 281 200 18 40
399 3 331 206 18 39
399 4 343 210 17 34
399 5 352 181 14 29
399 18 52 197 16 38
400 2 281 201 20 38
400 3 330 206 18 39
400 4 342 210 17 34
400 5 352 181 14 29
400 18 52 197 16 38
401 2 281 201 20 38
401 3 330 206 18 39
401 4 342 210 17 34
401 5 352 181 14 29
401 18 52 197 16 38
402 2 282 200 20 39
402 3 329 206 18 39
402 4 342 210 16 34
402 5 351 181 15 29
402 18 52 197 16 38
403 2 283 200 20 39
403 3 329 206 18 39
403 4 342 210 17 35
403 5 351 181 15 29
403 18 52 197 16 38
404 2 282 200 20 38
404 3 328 206 19 39
404 4 341 210 17 34
404 5 351 181 15 29
404 18 52 197 16 38
405 2 282 200 20 38
405 3 328 206 19 39
405 4 341 210 17 35
405 5 351 181 15 29
405 18 52 197 16 38
406 2 283 200 20 38
406 3 328 206 19 39
406 4 341 210 17 35
406 5 351 181 15 29
406 18 52 197 16 38
407 2 283 200 20 38
407 3 327 206 18 39
407 4 341 210 17 35
407 5 351 181 15 29
407 18 52 197 16 38
408 2 284 199 20 40
408 3 327 206 18 39
408 4 340 210 17 35
408 5 351 181 15 29
408 18 52 197 16 38
409 2 284 200 20 38
409 3 326 206 20 39
409 4 340 210 17 35
409 5 351 181 15 29
409 18 52 197 16 37
410 2 284 199 20 40
410 3 326 206 20 39
410 4 340 210 17 35
410 5 351 181 15 29
410 18 52 197 16 37
411 2 284 200 20 39
411 3 326 206 20 39
411 4 339 210 18 35
411 5 351 181 15 29
411 18 52 197 16 37
412 2 284 199 20 40
412 3 326 206 20 40
412 4 339 211 18 34
412 5 351 181 15 29
412 18 52 197 16 37
413 2 285 200 20 39
413 3 326 206 20 40
413 4 339 211 17 35
413 5 351 182 15 28
413 18 52 197 16 37
414 2 285 199 20 39
414 3 326 206 20 40
414 4 339 211 17 35
414 5 351 182 15 28
414 18 52 197 16 37
415 2 285 200 20 38
415 3 326 206 19 40
415 4 339 211 17 35
415 5 351 182 15 28
415 18 52 197 16 37
416 2 285 199 20 39
416 3 326 206 19 40
416 4 338 211 18 35
416 5 351 182 15 28
416 18 52 197 16 37
417 2 286 199 20 38
417 3 326 206 20 40
417 4 338 211 18 35
417 5 351 182 15 28
417 18 52 197 16 37
418 2 285 198 21 40
418 3 325 206 20 40
418 4 338 211 17 35
418 5 351 182 15 28
418 18 52 197 16 37
419 2 286 198 21 40
419 3 325 206 20 40
419 4 338 211 17 36
419 5 351 182 14 29
419 18 52 197 16 38
420 2 287 198 21 39
420 3 325 206 20 40
420 4 337 211 18 36
420 5 351 182 14 29
420 18 52 197 16 37
421 2 287 197 21 40
421 3 325 206 20 40
421 4 337 211 18 35
421 5 351 182 14 29
421 18 52 197 16 37
422 2 286 197 21 40
422 3 325 206 20 41
422 4 337 211 18 35
422 5 351 182 14 29
422 18 52 197 16 37
423 2 287 198 21 39
423 3 324 206 20 42
423 4 337 211 18 35
423 5 351 182 14 28
423 18 52 197 16 37
424 2 288 197 21 40
424 3 324 206 20 41
424 4 337 212 17 34
424 5 351 182 14 28
424 18 52 197 16 37
425 2 288 197 21 40
425 3 323 206 21 41
425 4 337 212 17 35
425 5 351 181 14 30
425 18 52 197 16 37
426 2 288 198 21 39
426 3 324 207 19 40
426 4 337 212 17 35
426 5 351 180 14 30
426 18 52 197 16 37
427 2 289 198 20 39
427 3 324 207 19 40
427 4 336 212 16 35
427 5 351 180 14 30
427 18 52 197 16 37
428 2 289 197 21 39
428 3 324 208 19 39
428 4 336 212 16 35
428 5 351 180 14 30
428 18 52 197 16 37
429 2 290 198 21 39
429 3 324 208 19 39
429 4 335 212 17 35
429 5 350 182 15 29
429 18 52 197 16 37
430 2 289 198 21 39
430 3 323 208 19 39
430 4 335 212 17 35
430 5 350 182 15 30
430 18 52 197 16 37
431 2 289 197 21 39
431 3 323 208 19 39
431 4 335 212 16 35
431 5 350 182 15 30
431 18 52 197 16 37
432 2 290 197 21 39
432 3 323 208 19 39
432 4 334 212 17 35
432 5 350 182 15 30
432 18 52 197 16 37
433 2 290 197 21 39
433 3 322 208 19 40
433 4 334 212 17 35
433 5 350 182 15 30
433 18 52 197 16 37
434 2 290 197 21 39
434 3 322 208 19 40
434 4 334 212 16 35
434 5 350 182 15 30
434 18 52 197 16 37
435 2 291 197 21 39
435 3 322 208 19 40
435 4 333 212 17 36
435 5 350 182 15 30
435 18 52 197 16 37
436 2 291 197 21 39
436 3 321 208 19 40
436 4 333 212 17 35
436 5 350 182 15 30
436 18 52 197 16 37
437 2 291 196 21 39
437 3 321 208 19 40
437 4 332 212 17 35
437 5 350 182 15 30
437 18 52 197 16 37
438 2 291 196 22 39
438 3 320 208 19 40
438 4 332 212 17 36
438 5 350 182 15 30
438 18 52 197 16 37
439 2 292 196 22 39
439 3 320 208 19 39
439 4 332 212 17 36
439 5 350 182 15 30
439 18 52 197 16 37
440 2 291 196 22 38
440 3 320 207 19 42
440 4 332 213 17 36
440 5 350 182 15 30
440 18 52 197 16 37
441 2 292 196 22 38
441 3 320 207 19 42
441 4 331 213 17 36
441 5 350 182 15 30
441 18 52 197 16 37
442 2 293 197 21 38
442 3 320 208 19 41
442 4 331 213 17 36
442 5 350 182 14 30
442 18 52 197 16 37
443 2 292 196 21 38
443 3 319 208 20 41
443 4 331 213 17 36
443 5 350 182 14 30
443 18 51 197 16 37
444 2 293 196 21 38
444 3 319 209 20 41
444 4 331 213 17 36
444 5 350 182 14 30
444 18 51 197 16 37
445 2 293 196 21 38
445 3 319 209 20 41
445 4 330 214 17 36
445 5 350 182 14 30
445 18 51 197 16 37
446 2 294 197 20 38
446 3 319 209 19 42
446 4 330 214 18 36
446 5 350 182 14 30
446 18 51 197 16 37
447 2 293 196 21 38
447 3 318 209 20 41
447 4 330 214 18 36
447 5 350 182 14 30
447 18 51 197 16 37
448 2 294 196 20 38
448 3 318 209 20 41
448 4 330 214 17 36
448 5 350 183 14 29
448 18 51 197 16 38
449 2 294 196 20 38
449 3 318 209 19 41
449 4 330 214 17 36
449 5 350 183 14 29
449 18 51 197 16 38
450 2 294 195 20 38
450 3 318 209 19 41
450 4 330 214 17 36
450 5 350 183 14 29
450 18 51 197 16 38
451 2 294 196 21 38
451 3 318 209 19 41
451 4 329 214 18 36
451 5 350 183 14 29
451 18 51 197 16 38
452 2 293 196 21 37
452 3 317 209 20 41
452 4 329 214 18 36
452 5 350 183 14 29
452 18 51 197 16 38
453 2 293 196 21 37
453 3 317 209 20 41
453 4 329 214 17 37
453 5 350 183 14 29
453 18 51 197 16 38
454 2 293 196 21 37
454 3 317 210 19 40
454 4 329 214 17 37
454 5 350 183 14 29
454 18 51 197 16 38
455 2 293 196 21 37
455 3 316 210 20 41
455 4 328 214 17 37
455 5 350 183 14 29
455 18 51 197 16 38
456 2 293 195 21 38
456 3 316 210 20 41
456 4 328 214 17 37
456 5 350 183 14 28
456 18 51 197 16 38
457 2 294 196 20 37
457 3 316 210 20 41
457 4 328 214 17 37
457 5 349 183 14 28
457 18 51 197 16 38
458 2 295 195 18 38
458 3 315 210 20 42
458 4 328 214 17 37
458 5 349 183 14 28
458 18 51 197 16 38
459 2 296 196 18 37
459 3 315 210 20 42
459 4 328 215 17 36
459 5 349 183 14 28
459 18 51 197 16 38
460 2 295 195 19 38
460 3 315 211 20 41
460 4 327 215 17 36
460 5 349 183 14 28
460 18 51 197 16 38
461 2 296 195 18 38
461 3 314 211 20 41
461 4 327 215 17 37
461 5 349 183 14 28
461 18 51 197 16 38
462 2 296 194 18 38
462 3 314 211 20 41
462 4 327 215 17 37
462 5 349 183 15 28
462 18 51 197 16 38
463 2 296 195 18 38
463 3 313 211 21 42
463 4 326 215 18 37
463 5 349 183 14 29
463 18 51 197 16 38
464 2 296 196 19 37
464 3 312 211 21 41
464 4 325 215 18 37
464 5 349 183 14 29
464 18 51 197 16 38
465 2 297 196 19 36
465 3 312 211 21 41
465 4 325 215 18 37
465 5 349 183 14 29
465 18 51 197 16 38
466 2 297 195 19 37
466 3 312 211 20 41
466 4 325 215 18 37
466 5 349 183 14 29
466 18 51 197 16 38
467 2 296 195 20 37
467 3 311 211 20 41
467 4 325 215 18 37
467 5 348 183 15 29
467 18 51 197 16 38
468 2 297 194 20 37
468 3 311 211 20 41
468 4 325 215 18 37
468 5 348 183 15 29
468 18 51 197 16 38
469 2 297 194 20 37
469 3 310 211 21 41
469 4 325 215 18 37
469 5 348 184 15 28
469 18 51 197 16 38
470 2 297 194 20 37
470 3 310 211 20 41
470 4 324 216 18 37
470 5 348 184 15 28
470 18 51 197 16 38
471 2 297 194 20 37
471 3 309 211 21 42
471 4 324 216 18 36
471 5 348 184 15 28
471 18 51 197 16 38
472 2 297 194 20 37
472 3 309 211 21 43
472 4 323 216 19 37
472 5 347 184 15 28
472 18 51 197 16 38
473 2 297 194 20 37
473 3 309 211 21 43
473 4 324 216 18 37
473 5 347 184 15 27
473 18 51 197 16 38
474 2 297 194 20 37
474 3 308 211 21 43
474 4 323 216 18 37
474 5 347 184 15 27
474 18 51 197 16 38
475 2 297 194 20 37
475 3 308 211 21 43
475 4 323 216 18 37
475 5 347 184 15 27
475 18 51 197 16 38
476 2 297 194 20 37
476 3 308 212 21 42
476 4 322 216 18 37
476 5 347 184 14 27
476 18 51 197 16 38
477 2 298 194 19 37
477 3 308 212 21 42
477 4 322 216 17 38
477 5 347 184 14 27
477 18 50 197 17 38
478 2 298 194 19 37
478 3 307 212 21 42
478 4 322 217 17 37
478 5 346 184 15 27
478 18 50 197 17 38
479 2 298 194 19 37
479 3 307 212 21 42
479 4 322 217 17 37
479 5 346 184 15 27
479 18 50 197 17 38
480 2 298 194 19 37
480 3 306 212 21 42
480 4 321 217 18 37
480 5 346 184 15 28
480 18 50 197 17 38
481 2 298 194 20 37
481 3 306 212 21 43
481 4 321 217 18 37
481 5 346 184 15 28
481 18 50 197 17 38
482 2 298 194 20 37
482 3 306 212 21 43
482 4 321 217 18 37
482 5 346 184 15 28
482 18 50 197 17 38
483 2 299 194 19 37
483 3 305 212 22 42
483 4 320 217 18 37
483 5 346 184 15 28
483 18 50 197 17 38
484 2 299 193 19 37
484 3 306 212 21 42
484 4 320 217 18 37
484 5 346 185 15 28
484 18 50 197 17 38
485 2 299 193 19 37
485 3 305 213 21 42
485 4 319 217 19 38
485 5 346 185 14 28
485 18 50 197 17 38
486 2 299 193 19 37
486 3 305 212 21 44
486 4 319 217 19 39
486 5 346 185 14 28
486 18 50 197 17 38
487 2 299 193 20 37
487 3 305 211 20 44
487 4 319 217 18 39
487 5 346 185 14 28
487 18 50 197 17 38
488 2 299 193 20 37
488 3 305 211 20 44
488 4 319 218 18 38
488 5 346 185 14 28
488 18 50 197 17 38
489 2 299 193 20 37
489 3 304 211 20 44
489 4 318 218 19 38
489 5 346 184 14 29
489 18 50 197 17 38
490 2 299 193 19 37
490 3 304 212 20 44
490 4 318 218 19 38
490 5 346 184 14 29
490 18 50 197 17 38
491 2 300 193 18 37
491 3 304 212 20 44
491 4 318 218 18 38
491 5 345 184 15 29
491 18 50 197 17 38
492 2 301 193 17 38
492 3 304 212 20 44
492 4 317 218 19 38
492 5 345 184 15 29
492 18 50 198 17 38
493 2 302 194 16 37
493 3 303 213 20 43
493 4 317 218 19 38
493 5 345 184 15 29
493 18 50 197 17 38
494 2 302 193 17 38
494 3 302 214 20 43
494 4 317 218 19 39
494 5 345 184 15 29
494 18 50 197 17 38
495 2 302 193 17 38
495 3 302 214 20 43
495 4 317 218 18 39
495 5 345 185 15 28
495 18 50 198 17 38
496 2 302 193 17 37
496 3 302 214 20 43
496 4 316 218 18 39
496 5 345 185 14 29
496 18 50 198 17 38
497 2 303 193 17 38
497 3 301 215 20 42
497 4 315 218 19 39
497 5 344 185 15 29
497 18 50 198 17 38
498 2 303 193 17 37
498 3 301 214 20 44
498 4 315 218 19 39
498 5 345 185 14 28
498 18 50 198 17 38
499 2 303 193 18 38
499 3 300 214 21 44
499 4 315 218 18 39
499 5 344 185 15 28
499 18 50 198 17 38
500 2 303 192 18 38
500 3 300 214 20 43
500 4 315 218 19 40
500 5 344 185 15 28
500 18 50 198 17 38
501 2 304 192 17 38
501 3 299 215 20 42
501 4 314 218 19 40
501 5 344 185 15 29
501 18 50 198 17 38
502 2 303 192 19 38
502 3 299 215 20 42
502 4 314 219 18 39
502 5 344 185 15 29
502 18 50 198 17 38
503 2 304 192 18 37
503 3 298 215 20 42
503 4 314 219 18 39
503 5 344 185 15 29
503 18 50 198 17 38
504 2 304 191 18 37
504 3 298 215 20 43
504 4 314 219 18 39
504 5 344 185 15 29
504 18 50 198 17 38
505 2 304 191 18 37
505 3 298 215 20 43
505 4 314 219 18 39
505 5 343 185 15 29
505 18 50 198 17 38
506 2 305 191 18 37
506 3 298 215 20 43
506 4 314 219 18 39
506 5 343 185 15 29
506 18 50 198 17 38
507 2 305 192 18 36
507 3 298 216 20 42
507 4 314 219 18 39
507 5 343 185 15 29
507 18 50 198 17 38
508 2 305 192 18 36
508 3 297 216 21 43
508 4 313 219 18 39
508 5 343 185 15 29
508 18 50 198 17 38
509 2 305 192 18 36
509 3 297 216 21 43
509 4 313 219 18 40
509 5 343 185 15 29
509 18 50 198 17 38
510 2 305 191 18 37
510 3 297 216 21 43
510 4 312 219 19 40
510 5 343 185 15 29
510 18 50 198 17 38
511 2 305 191 18 37
511 3 297 216 20 43
511 4 312 219 19 40
511 5 343 185 15 29
511 18 50 198 17 38
512 2 305 191 18 37
512 3 297 216 20 43
512 4 312 219 19 40
512 5 343 185 15 29
512 18 50 198 17 38
513 2 305 191 18 37
513 3 297 216 20 43
513 4 312 219 18 40
513 5 343 185 15 29
513 18 50 198 16 38
514 2 306 191 18 36
514 3 297 216 20 43
514 4 311 219 19 40
514 5 343 185 15 29
514 18 50 198 16 38
515 2 306 191 18 36
515 3 296 216 21 44
515 4 311 219 19 40
515 5 343 186 15 28
515 18 50 198 17 38
516 2 306 191 18 36
516 3 296 216 21 43
516 4 311 220 19 39
516 5 343 186 15 28
516 18 50 198 17 38
517 2 306 191 17 36
517 3 296 216 20 43
517 4 311 220 19 39
517 5 343 186 15 29
517 18 50 198 16 38
518 2 306 191 18 36
518 3 295 216 21 43
518 4 310 220 19 40
518 5 343 186 15 30
518 18 50 198 16 38
519 2 306 191 18 36
519 3 295 216 21 43
519 4 310 220 19 40
519 5 343 186 15 30
519 18 50 198 16 38
520 2 306 191 17 36
520 3 294 217 21 42
520 4 310 221 18 39
520 5 343 186 15 30
520 18 50 198 16 38
521 2 307 190 17 36
521 3 294 217 21 43
521 4 310 221 18 39
521 5 343 186 15 30
521 18 50 198 17 38
522 2 307 190 16 36
522 3 293 217 21 43
522 4 309 221 19 39
522 5 343 186 15 30
522 18 50 198 16 37
523 2 308 190 16 36
523 3 293 217 21 44
523 4 309 221 18 39
523 5 343 186 15 30
523 18 50 198 16 38
524 2 307 191 16 36
524 3 293 217 21 44
524 4 308 221 19 39
524 5 342 186 15 29
524 18 50 198 16 38
525 2 308 191 16 36
525 3 293 217 21 44
525 4 308 221 17 40
525 5 342 186 15 29
525 18 50 198 16 38
526 2 308 191 16 36
526 3 292 217 21 44
526 4 308 221 17 40
526 5 342 186 15 29
526 18 50 198 16 38
527 2 309 191 15 35
527 3 292 217 20 44
527 4 307 221 18 40
527 5 342 186 15 29
527 18 50 198 16 38
528 2 309 192 16 35
528 3 292 217 20 44
528 4 307 221 18 40
528 5 342 186 14 29
528 18 50 198 16 38
529 2 309 191 16 35
529 3 292 217 20 44
529 4 306 221 18 40
529 5 342 186 14 29
529 18 50 198 16 38
530 2 309 191 16 35
530 3 291 217 20 45
530 4 306 222 18 39
530 5 342 186 14 30
530 18 50 198 16 38
531 2 309 191 16 35
531 3 291 218 21 43
531 4 306 222 18 39
531 5 342 186 14 30
531 18 50 198 16 38
532 2 310 191 15 34
532 3 290 217 21 45
532 4 305 222 19 40
532 5 342 186 14 30
532 18 50 198 16 38
533 2 310 191 15 34
533 3 290 218 21 45
533 4 304 222 19 40
533 5 341 187 15 29
533 18 50 198 16 38
534 2 310 191 16 34
534 3 289 218 21 43
534 4 304 222 19 40
534 5 341 187 15 29
534 18 50 198 16 38
535 2 310 191 16 34
535 3 289 218 21 43
535 4 304 223 19 40
535 5 341 187 15 29
535 18 49 198 17 38
536 2 310 190 15 35
536 3 289 218 20 43
536 4 304 223 19 40
536 5 341 187 15 29
536 18 49 198 17 38
537 2 310 191 15 34
537 3 289 218 20 45
537 4 303 223 19 40
537 5 341 187 15 29
537 18 49 198 17 38
538 2 310 191 16 34
538 3 289 218 20 45
538 4 303 223 18 40
538 5 341 187 15 29
538 18 49 198 17 37
539 2 310 191 16 34
539 3 289 219 20 44
539 4 303 223 18 40
539 5 341 187 15 29
539 18 49 198 17 38
540 2 310 191 15 34
540 3 288 219 21 45
540 4 302 223 19 40
540 5 340 187 15 29
540 18 49 198 17 38
541 2 310 191 15 34
541 3 288 219 21 45
541 4 302 223 19 40
541 5 340 187 15 29
541 18 49 198 17 38
542 2 310 191 16 34
542 3 288 219 21 45
542 4 302 223 19 40
542 5 340 187 15 30
542 18 49 198 17 38
543 2 310 191 15 34
543 3 288 219 20 45
543 4 301 223 19 40
543 5 339 187 16 29
543 18 49 198 17 38
544 2 310 191 16 34
544 3 288 219 20 45
544 4 301 223 19 40
544 5 339 187 16 29
544 18 51 197 16 38
545 2 310 190 15 35
545 3 287 219 21 45
545 4 301 223 19 41
545 5 339 187 16 29
545 18 51 197 16 38
546 2 310 191 15 34
546 3 286 219 21 45
546 4 301 223 18 41
546 5 339 187 16 29
546 18 51 197 16 38
547 2 310 190 15 35
547 3 287 219 21 45
547 4 301 223 18 41
547 5 339 187 16 29
547 18 51 197 16 38
548 2 310 190 16 34
548 3 286 219 20 45
548 4 299 223 19 41
548 5 338 187 16 30
548 18 51 197 16 38
549 2 310 189 16 35
549 3 285 219 21 45
549 4 299 223 19 41
549 5 338 187 16 30
549 18 51 197 16 38
550 2 310 189 16 35
550 3 286 219 20 45
550 4 299 223 19 41
550 5 338 187 16 30
550 18 51 197 16 38
551 2 310 190 17 34
551 3 285 219 20 45
551 4 298 224 19 41
551 5 338 187 16 30
551 18 51 197 16 38
552 2 310 189 17 35
552 3 285 219 20 45
552 4 298 224 19 41
552 5 338 187 16 30
552 18 51 197 16 37
553 2 310 189 17 35
553 3 285 219 20 45
553 4 298 225 19 40
553 5 338 187 16 30
553 18 51 197 16 37
554 2 310 189 17 35
554 3 285 219 19 45
554 4 298 225 19 40
554 5 338 187 16 31
554 18 51 197 16 37
555 2 310 189 17 35
555 3 284 219 20 46
555 4 297 225 19 40
555 5 338 187 16 31
555 18 51 197 16 37
556 2 310 190 17 34
556 3 284 219 19 46
556 4 297 225 19 40
556 5 338 187 16 31
556 18 51 197 16 37
557 2 310 190 17 34
557 3 284 220 19 45
557 4 297 225 19 40
557 5 338 187 15 31
557 18 51 197 16 37
558 2 311 190 16 34
558 3 283 220 20 45
558 4 297 225 18 40
558 5 338 187 15 31
558 18 51 197 16 37
559 2 311 189 15 34
559 3 283 220 19 45
559 4 296 225 19 40
559 5 337 187 15 31
559 18 51 197 16 37
560 2 311 189 16 34
560 3 282 220 21 45
560 4 295 225 19 40
560 5 337 187 15 31
560 18 51 197 16 37
561 2 312 189 15 34
561 3 281 220 21 45
561 4 295 225 19 40
561 5 337 187 15 31
561 18 51 197 16 37
562 2 312 189 15 34
562 3 281 220 21 45
562 4 295 225 19 40
562 5 337 187 15 31
562 18 51 197 16 37
563 2 312 189 16 34
563 3 279 220 23 45
563 4 295 226 19 40
563 5 336 187 15 31
563 18 51 197 16 37
564 2 312 188 16 34
564 3 279 220 21 45
564 4 295 226 17 40
564 5 336 187 15 31
564 18 51 197 16 37
565 2 312 188 16 34
565 3 279 220 21 45
565 4 294 226 19 40
565 5 336 187 15 31
565 18 50 197 17 37
566 2 313 188 16 34
566 3 278 220 21 45
566 4 294 226 19 40
566 5 336 187 15 31
566 18 50 197 17 37
567 2 313 187 16 35
567 3 278 220 21 46
567 4 294 226 18 41
567 5 336 187 15 31
567 18 50 197 17 37
568 2 313 187 16 35
568 3 278 221 21 45
568 4 294 226 18 41
568 5 335 187 16 31
568 18 50 197 17 37
569 2 313 187 16 35
569 3 278 221 21 45
569 4 294 226 18 40
569 5 335 188 16 30
569 18 50 197 17 37
570 2 313 187 16 35
570 3 277 221 22 46
570 4 294 226 18 40
570 5 335 188 16 30
570 18 50 197 17 37
571 2 313 187 16 34
571 3 277 221 22 46
571 4 293 226 19 40
571 5 335 188 15 30
571 18 50 197 17 37
572 2 314 187 16 34
572 3 277 221 22 46
572 4 293 226 19 40
572 5 335 188 15 30
572 18 50 197 17 37
573 2 314 187 16 34
573 3 277 222 21 46
573 4 293 226 19 40
573 5 334 188 16 30
573 18 50 197 17 37
574 2 314 187 16 34
574 3 277 222 21 45
574 4 292 226 19 41
574 5 334 188 15 30
574 18 50 197 17 37
575 2 314 187 16 35
575 3 276 222 22 47
575 4 292 226 19 41
575 5 334 188 15 30
575 18 50 197 17 37
576 2 314 187 16 35
576 3 276 223 22 46
576 4 292 226 19 41
576 5 334 188 15 30
576 18 50 197 17 37
577 2 314 187 16 34
577 3 276 222 21 46
577 4 292 227 19 40
577 5 334 188 15 30
577 18 50 196 17 38
578 2 314 187 16 34
578 3 275 222 22 46
578 4 292 227 19 40
578 5 333 188 15 30
578 18 50 196 17 38
579 2 314 186 16 35
579 3 275 222 22 46
579 4 292 227 19 41
579 5 332 188 16 30
579 18 50 196 17 38
580 2 315 187 16 33
580 3 275 222 21 46
580 4 292 227 19 41
580 5 332 188 16 30
580 18 50 196 17 38
581 2 314 187 16 33
581 3 275 222 21 46
581 4 291 228 19 40
581 5 332 188 16 30
581 18 50 196 17 38
582 2 315 186 16 34
582 3 274 222 21 46
582 4 291 228 19 41
582 5 332 189 15 30
582 18 50 196 17 38
583 2 315 187 16 33
583 3 274 222 21 46
583 4 290 228 19 41
583 5 332 189 15 30
583 18 50 196 17 38
584 2 315 187 16 33
584 3 274 222 21 46
584 4 290 228 19 41
584 5 331 189 16 30
584 18 50 196 17 38
585 2 315 186 16 34
585 3 273 223 21 45
585 4 290 228 19 41
585 5 331 189 16 30
585 18 50 196 17 38
586 2 315 186 16 34
586 3 272 224 22 45
586 4 290 228 19 41
586 5 331 189 16 30
586 18 50 196 17 38
587 2 316 186 15 34
587 3 272 224 22 45
587 4 290 228 19 41
587 5 331 189 16 30
587 18 50 196 17 38
588 2 316 187 16 33
588 3 272 224 21 45
588 4 289 228 19 42
588 5 330 189 17 30
588 18 50 196 17 38
589 2 317 186 14 34
589 3 271 224 21 46
589 4 289 228 19 41
589 5 330 189 17 30
589 18 50 196 17 38
590 2 317 187 15 33
590 3 271 224 21 46
590 4 288 228 20 42
590 5 330 189 17 30
590 18 50 196 17 38
591 2 317 187 15 33
591 3 271 225 21 46
591 4 289 229 18 41
591 5 329 189 17 30
591 18 50 196 17 38
592 2 317 187 15 33
592 3 270 225 21 46
592 4 289 229 18 41
592 5 329 189 17 30
592 18 50 196 17 38
593 2 317 187 15 33
593 3 270 225 21 45
593 4 289 230 18 40
593 5 329 189 17 30
593 18 50 196 17 38
594 2 318 187 16 33
594 3 271 225 21 46
594 4 289 230 19 40
594 5 330 189 17 30
594 18 52 196 16 38
595 2 323 186 15 33
595 3 275 224 21 46
595 4 294 230 18 41
595 5 334 189 17 30
595 18 57 196 16 38
596 2 337 186 15 33
596 3 289 224 21 46
596 4 308 230 18 41
596 5 348 188 17 31
596 18 73 196 16 37
597 2 359 186 16 33
597 3 310 224 21 46
597 4 329 230 19 41
597 5 371 188 16 31
597 18 96 195 16 37
598 2 384 186 16 33
598 3 332 223 23 47
598 4 352 228 21 43
598 5 394 188 17 32
598 18 122 195 17 37
599 2 407 186 16 33
599 3 354 224 23 47
599 4 373 230 22 42
599 5 417 188 16 32
599 18 146 192 17 40
600 2 417 185 16 34
600 3 364 224 22 47
600 4 383 230 20 42
600 5 427 188 17 32
600 18 156 192 18 40
601 2 421 186 16 33
601 3 366 225 23 47
601 4 386 230 20 42
601 5 430 188 17 32
601 18 160 192 17 39
602 2 422 186 16 33
602 3 367 225 23 47
602 4 387 230 20 42
602 5 431 189 16 31
602 18 161 192 17 39
603 2 422 185 16 34
603 3 367 225 22 47
603 4 387 230 20 42
603 5 431 189 16 31
603 18 161 192 17 40
604 2 423 186 15 33
604 3 367 225 22 47
604 4 387 230 20 42
604 5 431 190 15 30
604 18 161 192 17 40
605 2 423 186 15 33
605 3 366 225 23 48
605 4 387 230 20 42
605 5 431 190 15 31
605 18 161 192 17 40
606 2 422 185 16 34
606 3 366 225 23 48
606 4 387 230 20 42
606 5 430 190 16 30
606 18 161 192 17 40
607 2 423 185 15 34
607 3 366 225 23 48
607 4 386 230 20 43
607 5 430 190 16 30
607 18 161 192 17 40
608 2 423 185 16 34
608 3 365 225 24 48
608 4 386 230 20 43
608 5 430 190 15 30
608 18 161 192 17 40
609 2 423 185 15 34
609 3 365 225 24 48
609 4 386 231 20 42
609 5 429 190 16 30
609 18 161 192 17 40
610 2 423 185 15 34
610 3 365 225 24 48
610 4 386 231 20 42
610 5 429 190 16 30
610 18 161 192 17 40
611 2 424 184 14 34
611 3 365 225 24 48
611 4 386 231 19 42
611 5 428 190 17 30
611 18 161 192 17 40
612 2 424 185 14 33
612 3 365 225 23 48
612 4 386 231 19 43
612 5 428 190 17 30
612 18 161 192 17 40
613 2 425 185 13 33
613 3 365 225 23 48
613 4 385 231 20 43
613 5 428 190 16 30
613 18 161 192 17 39
614 2 424 185 15 33
614 3 365 225 23 48
614 4 385 231 20 43
614 5 428 190 16 30
614 18 161 192 17 39
615 2 425 185 14 33
615 3 364 225 23 48
615 4 385 231 20 43
615 5 427 190 15 30
615 18 161 192 17 39
616 2 425 184 14 34
616 3 364 226 23 47
616 4 385 231 20 43
616 5 427 190 15 31
616 18 161 192 17 39
617 2 425 184 15 34
617 3 364 226 23 48
617 4 384 231 20 43
617 5 427 190 15 31
617 18 161 192 17 39
618 2 425 184 15 34
618 3 364 226 23 49
618 4 384 231 20 43
618 5 426 190 16 32
618 18 161 192 17 39
619 2 426 184 15 34
619 3 364 227 23 48
619 4 384 231 20 43
619 5 425 190 17 32
619 18 161 192 17 39
620 2 426 183 15 34
620 3 364 227 23 48
620 4 384 231 20 43
620 5 425 190 17 32
620 18 161 192 17 39
621 2 426 183 15 34
621 3 363 228 23 47
621 4 383 232 20 43
621 5 425 190 17 32
621 18 161 192 17 39
622 2 427 184 15 34
622 3 363 228 23 47
622 4 384 232 20 44
622 5 425 191 17 31
622 18 161 192 17 39
623 2 426 184 15 33
623 3 363 228 23 47
623 4 383 232 20 44
623 5 425 191 17 31
623 18 161 192 17 39
624 2 427 184 15 33
624 3 363 228 22 47
624 4 383 233 20 43
624 5 425 191 17 32
624 18 161 192 17 39
625 2 427 184 15 33
625 3 363 228 22 47
625 4 383 233 20 43
625 5 425 191 17 32
625 18 161 192 17 39
626 2 429 184 14 33
626 3 363 228 22 47
626 4 382 233 20 43
626 5 425 191 17 31
626 18 161 192 17 39
627 2 429 184 15 33
627 3 362 228 22 47
627 4 382 233 20 44
627 5 426 191 16 31
627 18 161 192 17 39
628 2 430 184 14 32
628 3 361 228 23 47
628 4 382 233 20 44
628 5 426 191 16 31
628 18 161 192 17 39
629 2 430 184 15 32
629 3 361 228 23 47
629 4 382 233 20 45
629 5 426 191 16 31
629 18 162 192 17 39
630 2 430 184 15 32
630 3 361 228 23 47
630 4 382 233 20 44
630 5 426 191 16 31
630 18 162 192 17 39
631 2 431 184 15 32
631 3 361 228 23 49
631 4 382 233 20 44
631 5 426 191 16 31
631 18 162 192 17 39
632 2 431 184 15 32
632 3 361 228 23 50
632 4 382 233 20 44
632 5 425 190 17 33
632 18 162 192 17 39
633 2 431 184 15 32
633 3 361 228 23 50
633 4 381 233 20 44
633 5 425 190 17 33
633 18 162 192 17 39
634 2 431 184 16 32
634 3 361 228 23 50
634 4 381 233 20 44
634 5 425 190 16 33
634 18 162 191 17 40
635 2 432 183 15 33
635 3 361 229 23 49
635 4 380 233 21 45
635 5 425 190 16 33
635 18 162 191 17 40
636 2 432 184 15 33
636 3 361 229 23 50
636 4 380 233 21 44
636 5 425 191 16 32
636 18 162 191 17 40
637 2 432 184 15 33
637 3 361 229 23 50
637 4 380 234 21 44
637 5 425 191 16 32
637 18 162 191 17 40
638 2 432 184 15 33
638 3 361 229 23 50
638 4 380 234 21 44
638 5 425 191 16 32
638 18 162 191 17 40
639 2 432 184 16 33
639 3 361 230 23 49
639 4 379 234 21 44
639 5 424 191 17 32
639 18 162 191 17 40
640 2 432 183 16 34
640 3 361 230 23 49
640 4 379 234 21 44
640 5 424 191 17 32
640 18 162 191 17 40
641 2 432 183 16 34
641 3 361 230 23 49
641 4 379 235 20 44
641 5 424 191 16 32
641 18 162 191 17 40
642 2 433 183 15 34
642 3 361 230 23 49
642 4 378 235 21 44
642 5 424 191 16 32
642 18 162 191 17 40
643 2 433 183 15 33
643 3 361 230 23 49
643 4 378 236 21 43
643 5 423 191 17 32
643 18 162 191 17 40
644 2 433 183 15 33
644 3 361 230 23 49
644 4 378 236 20 43
644 5 423 191 17 32
644 18 162 191 17 40
645 2 433 183 16 33
645 3 360 230 24 49
645 4 378 236 20 43
645 5 423 191 17 32
645 18 162 191 17 40
646 2 433 182 16 33
646 3 361 230 23 49
646 4 377 236 20 43
646 5 423 191 16 32
646 18 162 191 17 40
647 2 433 182 15 33
647 3 359 230 25 50
647 4 377 236 20 43
647 5 423 191 16 32
647 18 162 191 17 40
648 2 434 183 14 32
648 3 360 230 24 50
648 4 377 236 19 43
648 5 423 191 16 32
648 18 162 191 17 40
649 2 434 183 14 33
649 3 360 230 24 50
649 4 377 236 19 44
649 5 423 191 16 32
649 18 162 191 17 40
650 2 434 183 14 33
650 3 360 231 24 49
650 4 376 237 20 43
650 5 423 192 15 31
650 18 162 191 17 40
651 2 434 182 15 33
651 3 360 231 23 50
651 4 376 237 20 44
651 5 423 192 15 31
651 18 162 191 17 40
652 2 434 183 15 33
652 3 359 231 24 51
652 4 376 237 19 44
652 5 422 192 16 32
652 18 162 191 17 40
653 2 434 182 15 33
653 3 359 231 24 51
653 4 376 237 19 44
653 5 422 192 15 32
653 18 162 191 17 40
654 2 435 182 14 33
654 3 359 231 23 51
654 4 375 238 20 44
654 5 422 192 15 32
654 18 162 191 17 40
655 2 435 182 14 33
655 3 359 232 23 50
655 4 375 238 19 44
655 5 422 192 15 32
655 18 162 191 17 39
656 2 435 182 15 33
656 3 359 232 23 50
656 4 375 238 19 44
656 5 422 193 15 31
656 18 162 191 17 40
657 2 435 182 15 33
657 3 357 232 25 50
657 4 374 238 20 44
657 5 422 193 15 31
657 18 162 191 17 40
658 2 437 182 14 33
658 3 357 232 25 50
658 4 374 238 20 44
658 5 422 193 15 31
658 18 162 191 17 39
659 2 436 182 14 33
659 3 357 232 25 50
659 4 373 238 20 45
659 5 422 193 15 31
659 18 162 191 17 39
660 2 437 182 14 33
660 3 357 232 24 50
660 4 373 238 20 45
660 5 422 192 15 32
660 18 162 191 17 39
661 2 437 182 14 32
661 3 357 232 23 50
661 4 373 238 20 45
661 5 422 192 15 32
661 18 162 191 17 39
662 2 437 182 14 33
662 3 357 232 23 51
662 4 373 238 20 45
662 5 422 192 15 32
662 18 162 191 17 39
663 2 438 182 14 33
663 3 357 232 23 52
663 4 372 238 20 45
663 5 422 192 15 32
663 18 162 191 17 39
664 2 438 182 15 32
664 3 357 232 23 52
664 4 372 238 20 45
664 5 422 192 15 32
664 18 162 191 17 39
665 2 438 182 16 32
665 3 357 232 23 52
665 4 371 239 21 45
665 5 421 192 16 32
665 18 162 191 17 39
666 2 438 182 17 32
666 3 356 232 23 52
666 4 371 239 21 45
666 5 421 192 16 32
666 18 160 191 17 40
667 2 438 182 17 32
667 3 356 233 23 52
667 4 371 239 20 45
667 5 421 192 16 33
667 18 160 191 17 40
668 2 438 182 17 32
668 3 356 233 23 52
668 4 371 240 20 44
668 5 420 192 16 33
668 18 160 191 17 40
669 2 438 182 17 32
669 3 356 233 23 52
669 4 370 240 21 44
669 5 420 192 16 33
669 18 160 191 17 40
670 2 439 182 16 32
670 3 356 233 23 52
670 4 370 240 21 45
670 5 420 192 16 33
670 18 160 191 17 40
671 2 438 182 17 32
671 3 356 234 23 52
671 4 369 240 21 45
671 5 419 194 17 31
671 18 160 191 17 40
672 2 439 182 16 32
672 3 356 234 23 52
672 4 369 240 21 45
672 5 419 194 17 31
672 18 160 191 17 40
673 2 439 182 17 32
673 3 355 234 23 51
673 4 369 240 21 45
673 5 418 194 18 31
673 18 160 191 17 40
674 2 439 182 16 32
674 3 355 234 23 51
674 4 369 240 21 45
674 5 418 194 18 31
674 18 160 191 17 40
675 2 440 182 15 32
675 3 355 234 22 51
675 4 368 240 22 45
675 5 418 194 17 31
675 18 160 191 17 40
676 2 440 182 16 32
676 3 355 234 22 51
676 4 368 240 22 46
676 5 418 194 17 31
676 18 157 193 18 39
677 2 440 182 15 32
677 3 354 234 22 51
677 4 368 240 22 46
677 5 418 194 17 31
677 18 157 193 18 39
678 2 440 182 15 31
678 3 354 235 22 51
678 4 368 240 22 46
678 5 418 194 17 31
678 18 157 193 18 39
679 2 440 182 16 31
679 3 354 235 22 51
679 4 368 240 21 46
679 5 417 194 17 31
679 18 157 193 18 39
680 2 440 182 16 31
680 3 352 236 23 51
680 4 368 241 20 46
680 5 417 194 17 31
680 18 157 193 18 39
681 2 440 181 16 31
681 3 352 236 23 51
681 4 368 241 20 46
681 5 417 194 17 31
681 18 157 193 18 39
682 2 440 181 16 32
682 3 352 236 23 51
682 4 367 242 21 46
682 5 417 194 16 31
682 18 157 193 18 39
683 2 441 181 16 32
683 3 351 237 22 50
683 4 367 242 21 46
683 5 417 194 16 31
683 18 156 195 18 37
684 2 441 181 16 32
684 3 351 237 22 51
684 4 366 243 21 45
684 5 416 194 17 32
684 18 156 195 18 37
685 2 441 181 16 32
685 3 350 237 23 51
685 4 366 243 21 45
685 5 416 194 17 32
685 18 156 195 18 37
686 2 441 181 16 32
686 3 350 237 22 51
686 4 366 242 22 46
686 5 416 194 17 32
686 18 156 195 18 37
687 2 442 181 16 31
687 3 349 237 23 51
687 4 366 242 22 46
687 5 416 194 17 32
687 18 156 195 18 37
688 2 442 181 16 32
688 3 349 237 22 51
688 4 366 242 21 47
688 5 416 195 16 32
688 18 156 195 18 37
689 2 442 181 16 32
689 3 348 237 23 51
689 4 366 242 22 47
689 5 416 195 16 32
689 18 156 195 18 37
690 2 442 182 16 31
690 3 347 237 23 51
690 4 366 242 21 47
690 5 416 195 16 32
690 18 156 195 18 37
691 2 442 181 16 31
691 3 347 237 23 51
691 4 366 242 21 47
691 5 416 195 16 32
691 18 156 195 18 37
692 2 443 181 16 31
692 3 346 237 23 51
692 4 366 242 21 47
692 5 416 195 16 32
692 18 153 195 18 36
693 2 443 181 16 31
693 3 345 239 24 50
693 4 366 242 21 47
693 5 415 195 17 32
693 18 153 195 18 36
694 2 443 181 16 31
694 3 344 239 24 50
694 4 366 243 21 46
694 5 415 194 17 33
694 18 153 195 18 36
695 2 444 181 16 31
695 3 344 239 24 51
695 4 366 243 21 46
695 5 415 194 17 33
695 18 153 195 18 36
696 2 444 181 16 31
696 3 344 239 23 52
696 4 366 243 21 48
696 5 415 194 17 33
696 18 153 195 18 36
697 2 444 181 16 31
697 3 344 239 23 52
697 4 366 244 21 47
697 5 415 194 17 33
697 18 153 195 18 36
698 2 444 181 16 31
698 3 343 240 24 51
698 4 365 244 21 47
698 5 415 194 16 33
698 18 153 195 18 36
699 2 444 181 16 31
699 3 342 240 25 52
699 4 365 244 21 47
699 5 415 194 17 33
699 18 152 195 17 36
700 2 445 181 15 31
700 3 342 240 25 52
700 4 365 244 21 47
700 5 414 194 17 33
700 18 152 195 17 36
701 2 445 181 15 31
701 3 341 240 25 52
701 4 363 244 22 48
701 5 414 194 17 33
701 18 152 195 17 36
702 2 446 181 15 31
702 3 341 240 25 52
702 4 363 244 22 48
702 5 414 194 17 33
702 18 152 195 17 36
703 2 446 181 14 31
703 3 341 240 24 52
703 4 363 245 21 47
703 5 414 195 17 33
703 18 152 195 17 36
704 2 446 181 15 31
704 3 340 240 24 52
704 4 363 245 21 47
704 5 414 195 17 33
704 18 151 195 17 36
705 2 446 181 15 31
705 3 340 240 24 52
705 4 362 245 22 47
705 5 413 195 17 34
705 18 151 195 17 36
706 2 446 181 15 31
706 3 339 240 25 52
706 4 362 245 22 47
706 5 413 195 17 33
706 18 151 195 17 36
707 2 446 181 16 30
707 3 339 240 25 52
707 4 362 245 22 47
707 5 413 195 17 33
707 18 151 195 17 36
708 2 446 181 16 30
708 3 339 240 24 53
708 4 361 245 22 49
708 5 412 195 17 34
708 18 151 195 17 36
709 2 446 181 16 30
709 3 338 240 25 53
709 4 362 245 21 48
709 5 412 195 17 34
709 18 151 195 17 36
710 2 446 181 16 30
710 3 338 240 24 53
710 4 361 245 22 49
710 5 413 195 16 34
710 18 149 195 17 36
711 2 447 181 15 30
711 3 338 240 24 53
711 4 361 246 22 48
711 5 413 195 16 34
711 18 149 195 17 36
712 2 447 181 15 30
712 3 337 240 23 54
712 4 360 246 23 49
712 5 412 195 17 34
712 18 149 195 17 36
713 2 446 181 16 30
713 3 337 241 23 53
713 4 360 246 22 49
713 5 411 195 17 34
713 18 149 195 17 36
714 2 447 181 15 30
714 3 336 241 24 53
714 4 359 247 22 48
714 5 411 195 17 34
714 18 148 195 17 36
715 2 447 180 15 31
715 3 336 241 23 53
715 4 359 247 22 48
715 5 410 195 18 34
715 18 148 195 17 36
716 2 447 180 15 31
716 3 335 241 24 53
716 4 359 247 22 48
716 5 410 195 18 34
716 18 148 195 17 36
717 2 447 180 15 31
717 3 335 241 23 54
717 4 359 247 22 48
717 5 410 195 17 34
717 18 148 195 17 36
718 2 447 180 16 31
718 3 334 241 24 54
718 4 358 247 22 49
718 5 410 196 17 33
718 18 148 195 17 36
719 2 447 181 15 31
719 3 333 243 24 54
719 4 356 248 23 50
719 5 409 198 17 33
719 18 145 196 18 36
720 2 447 181 16 31
720 3 333 243 24 54
720 4 357 248 22 49
720 5 409 198 18 33
720 18 146 196 17 36
721 2 447 182 16 30
721 3 332 243 25 54
721 4 356 248 23 49
721 5 409 198 17 33
721 18 145 195 17 37
722 2 448 182 14 30
722 3 330 243 26 54
722 4 356 248 23 49
722 5 409 198 17 33
722 18 145 195 17 37
723 2 448 182 14 30
723 3 330 243 26 54
723 4 356 249 23 49
723 5 409 198 17 33
723 18 145 195 17 37
724 2 449 182 14 30
724 3 330 243 26 55
724 4 356 249 22 49
724 5 409 198 17 33
724 18 145 195 17 37
725 2 449 182 14 30
725 3 330 243 26 55
725 4 355 250 23 48
725 5 409 198 16 33
725 18 143 196 18 36
726 2 448 182 14 30
726 3 328 243 28 56
726 4 355 250 23 49
726 5 408 198 17 33
726 18 143 196 18 36
727 2 449 181 14 31
727 3 328 243 28 56
727 4 355 250 22 49
727 5 408 198 17 33
727 18 143 196 18 36
728 2 449 181 14 31
728 3 328 243 27 56
728 4 354 250 23 50
728 5 408 198 17 33
728 18 143 196 18 36
729 2 449 181 14 31
729 3 327 244 28 55
729 4 354 250 22 50
729 5 408 198 17 33
729 18 143 196 18 36
730 2 449 181 15 31
730 3 327 244 26 55
730 4 353 250 23 50
730 5 407 198 18 33
730 18 143 196 18 36
731 2 449 181 15 30
731 3 327 244 26 55
731 4 352 251 23 50
731 5 407 198 18 33
731 18 143 196 18 36
732 2 449 181 16 30
732 3 326 244 27 55
732 4 352 251 23 49
732 5 407 197 17 34
732 18 140 196 17 36
733 2 449 181 16 30
733 3 326 245 27 55
733 4 352 251 23 50
733 5 407 197 17 34
733 18 140 196 17 36
734 2 449 181 16 30
734 3 325 245 28 55
734 4 351 251 23 49
734 5 407 197 17 34
734 18 140 196 17 36
735 2 449 181 16 30
735 3 325 245 28 55
735 4 351 251 23 49
735 5 407 198 17 34
735 18 140 196 17 36
736 2 449 181 16 30
736 3 325 245 28 55
736 4 350 251 23 49
736 5 406 198 17 34
736 18 140 196 17 36
737 2 450 181 15 30
737 3 325 245 27 55
737 4 350 251 23 50
737 5 405 198 18 34
737 18 139 197 17 36
738 2 451 179 15 30
738 3 325 243 25 55
738 4 350 249 23 51
738 5 406 197 18 33
738 18 139 194 17 36
739 2 450 180 16 30
739 3 325 243 25 55
739 4 350 250 23 50
739 5 405 197 18 33
739 18 139 194 17 36
740 2 451 179 15 30
740 3 325 243 25 55
740 4 350 250 23 50
740 5 405 197 18 33
740 18 139 194 17 36
741 2 451 179 16 30
741 3 324 243 25 55
741 4 349 251 23 50
741 5 405 197 18 33
741 18 139 194 17 36
742 2 451 179 15 30
742 3 324 243 25 56
742 4 349 251 23 50
742 5 404 197 18 33
742 18 139 194 17 36
743 2 451 179 16 30
743 3 324 244 25 56
743 4 348 251 23 50
743 5 405 197 18 33
743 18 138 194 17 36
744 2 451 179 16 30
744 3 323 244 26 56
744 4 348 251 23 51
744 5 404 197 18 34
744 18 138 194 17 36
745 2 451 179 16 30
745 3 323 244 26 56
745 4 348 251 23 51
745 5 403 196 19 35
745 18 138 194 17 36
746 2 452 179 15 30
746 3 322 244 26 57
746 4 348 251 23 51
746 5 404 196 18 34
746 18 138 194 17 36
747 2 452 179 14 30
747 3 322 245 26 56
747 4 347 251 24 51
747 5 402 196 19 34
747 18 138 194 17 36
748 2 453 179 14 30
748 3 321 245 26 57
748 4 347 252 23 51
748 5 402 196 19 34
748 18 135 194 18 36
749 2 453 178 14 31
749 3 320 245 26 57
749 4 346 252 23 51
749 5 402 197 18 33
749 18 135 194 18 36
750 2 453 178 14 31
750 3 319 245 26 57
750 4 346 252 24 51
750 5 402 197 17 34
750 18 135 194 18 36
751 2 453 178 14 31
751 3 318 245 27 56
751 4 346 252 24 51
751 5 402 197 17 34
751 18 135 194 18 36
752 2 454 178 14 31
752 3 318 245 26 56
752 4 345 252 24 51
752 5 401 197 18 34
752 18 135 194 18 36
753 2 454 178 14 31
753 3 318 245 26 56
753 4 343 252 25 51
753 5 400 197 18 34
753 18 133 194 17 36
754 2 455 178 13 31
754 3 316 245 28 56
754 4 343 252 24 51
754 5 400 197 18 34
754 18 133 194 17 36
755 2 455 178 13 31
755 3 316 245 28 56
755 4 342 254 25 50
755 5 400 197 17 34
755 18 133 194 17 36
756 2 455 178 13 31
756 3 316 245 26 58
756 4 342 254 25 51
756 5 400 197 17 34
756 18 133 194 17 36
757 2 455 178 13 31
757 3 316 245 26 59
757 4 342 254 25 51
757 5 399 198 18 33
757 18 133 194 17 36
758 2 455 178 14 31
758 3 316 245 26 59
758 4 341 254 24 52
758 5 399 197 18 34
758 18 129 195 20 36
759 2 455 178 14 31
759 3 315 246 27 59
759 4 341 254 24 52
759 5 399 197 17 35
759 18 129 195 20 36
760 2 456 178 13 31
760 3 315 246 26 59
760 4 340 254 24 52
760 5 399 197 17 35
760 18 129 195 20 36
761 2 456 178 13 31
761 3 314 246 27 59
761 4 339 254 25 52
761 5 399 197 17 35
761 18 129 195 20 36
762 2 456 178 13 30
762 3 314 247 27 59
762 4 339 254 25 52
762 5 399 197 17 35
762 18 129 195 18 37
763 2 456 178 14 30
763 3 314 247 27 59
763 4 339 254 24 52
763 5 398 197 17 35
763 18 129 195 18 37
764 2 456 177 14 31
764 3 314 247 27 59
764 4 339 254 24 52
764 5 398 197 17 35
764 18 129 195 18 37
765 2 456 177 14 31
765 3 313 247 28 59
765 4 339 254 23 52
765 5 397 197 17 35
765 18 128 195 18 37
766 2 455 178 15 30
766 3 313 247 28 59
766 4 338 255 23 52
766 5 396 197 17 35
766 18 128 195 18 37
767 2 456 178 15 30
767 3 313 247 26 59
767 4 338 255 23 53
767 5 396 197 17 35
767 18 128 195 18 37
768 2 456 178 16 30
768 3 313 247 26 59
768 4 338 256 23 52
768 5 395 197 18 35
768 18 127 195 18 37
769 2 458 177 15 31
769 3 314 247 27 59
769 4 338 257 23 52
769 5 395 197 19 35
769 18 128 195 18 37
770 2 460 177 16 31
770 3 316 247 27 59
770 4 340 258 23 52
770 5 398 197 18 35
770 18 131 195 18 37
771 2 463 178 15 30
771 3 318 248 27 58
771 4 342 258 23 51
771 5 400 197 18 35
771 18 133 195 18 37
772 2 464 177 15 31
772 3 318 248 27 59
772 4 343 258 23 52
772 5 401 198 18 35
772 18 134 195 19 37
773 2 465 178 15 30
773 3 319 248 27 59
773 4 343 258 24 52
773 5 400 198 20 34
773 18 134 195 18 37
774 2 465 178 16 30
774 3 319 249 27 59
774 4 343 258 24 52
774 5 400 198 20 34
774 18 134 195 18 37
775 2 465 177 15 31
775 3 319 250 26 58
775 4 343 259 23 52
775 5 400 198 20 34
775 18 134 195 18 37
776 2 465 178 16 30
776 3 319 250 25 59
776 4 343 259 23 52
776 5 400 198 18 34
776 18 131 196 19 36
777 2 465 177 16 31
777 3 319 251 25 58
777 4 342 259 24 51
777 5 400 198 18 34
777 18 131 196 19 36
778 2 465 177 16 31
778 3 318 251 25 58
778 4 342 259 24 51
778 5 399 198 17 34
778 18 131 196 19 36
779 2 466 178 16 30
779 3 318 251 25 58
779 4 342 259 23 51
779 5 399 198 17 34
779 18 131 196 19 36
780 2 466 178 16 30
780 3 318 251 24 58
780 4 341 259 24 52
780 5 398 198 17 34
780 18 131 196 19 36
781 2 466 178 16 30
781 3 317 252 25 59
781 4 341 259 23 52
781 5 398 198 17 35
781 18 131 196 19 36
782 2 466 177 16 30
782 3 317 252 25 59
782 4 341 259 23 53
782 5 398 198 16 35
782 18 130 195 18 37
783 2 466 177 16 30
783 3 316 252 25 59
783 4 338 259 26 53
783 5 396 198 18 35
783 18 130 195 18 37
784 2 466 177 16 30
784 3 316 252 25 59
784 4 338 260 26 54
784 5 396 198 18 35
784 18 130 195 18 37
785 2 466 177 16 30
785 3 315 252 26 59
785 4 338 260 26 54
785 5 394 198 18 35
785 18 130 195 18 37
786 2 467 177 15 30
786 3 313 252 28 60
786 4 338 260 26 54
786 5 394 198 18 35
786 18 130 195 18 37
787 2 467 177 15 30
787 3 313 252 28 60
787 4 338 261 25 53
787 5 394 198 18 35
787 18 130 195 18 37
788 2 467 178 15 29
788 3 313 252 28 60
788 4 337 261 26 53
788 5 394 198 18 35
788 18 129 195 18 37
789 2 467 178 15 29
789 3 312 252 28 60
789 4 337 261 24 53
789 5 393 198 18 35
789 18 129 195 18 37
790 2 468 178 14 29
790 3 312 254 29 59
790 4 336 261 24 53
790 5 393 198 18 35
790 18 129 195 18 37
791 2 468 178 14 29
791 3 312 254 29 59
791 4 336 261 24 53
791 5 393 198 18 36
791 18 129 195 18 37
792 2 468 178 14 29
792 3 312 255 29 58
792 4 336 261 23 53
792 5 392 198 17 36
792 18 129 195 18 37
793 2 468 177 14 30
793 3 312 255 29 59
793 4 336 261 23 53
793 5 392 198 17 36
793 18 129 195 18 37
794 2 468 177 15 30
794 3 311 255 29 60
794 4 335 261 24 53
794 5 392 198 16 36
794 18 127 195 18 37
795 2 468 177 14 29
795 3 311 255 29 60
795 4 334 261 24 53
795 5 392 198 16 36
795 18 127 195 18 37
796 2 468 176 15 31
796 3 311 255 29 60
796 4 334 261 24 55
796 5 392 198 16 36
796 18 127 195 18 37
797 2 469 176 15 31
797 3 312 255 29 60
797 4 334 261 25 56
797 5 392 198 16 36
797 18 128 195 18 37
798 2 472 176 15 31
798 3 315 255 29 60
798 4 337 261 25 56
798 5 395 198 16 36
798 18 131 195 19 37
799 2 478 176 15 31
799 3 321 256 29 60
799 4 343 262 24 56
799 5 400 198 16 36
799 18 135 195 18 36
800 2 486 176 15 31
800 3 328 255 29 60
800 4 350 263 24 55
800 5 406 198 18 37
800 18 143 195 19 36
801 2 496 177 14 30
801 3 336 255 28 60
801 4 358 263 24 55
801 5 413 198 19 36
801 18 152 194 19 36
802 2 503 177 15 30
802 3 343 255 28 60
802 4 364 264 25 55
802 5 419 198 19 36
802 18 159 194 18 36
803 2 506 177 16 30
803 3 345 256 28 60
803 4 367 264 25 56
803 5 422 199 19 36
803 18 163 194 18 36
804 2 507 177 16 30
804 3 346 256 28 60
804 4 368 264 24 56
804 5 421 199 20 36
804 18 163 194 19 36
805 2 508 177 16 30
805 3 346 256 28 60
805 4 368 264 24 57
805 5 422 199 19 36
805 18 164 194 18 36
806 2 508 177 16 30
806 3 346 256 28 60
806 4 368 264 24 57
806 5 421 199 20 36
806 18 162 194 18 37
807 2 508 177 16 30
807 3 345 256 28 60
807 4 367 264 25 57
807 5 421 199 20 36
807 18 161 194 18 36
808 2 508 177 16 30
808 3 345 256 27 62
808 4 367 265 25 56
808 5 421 200 20 35
808 18 161 194 18 37
809 2 508 177 16 30
809 3 345 257 27 61
809 4 367 265 25 56
809 5 420 200 20 35
809 18 161 194 18 37
810 2 508 178 16 28
810 3 345 257 26 63
810 4 366 265 25 56
810 5 421 200 20 35
810 18 160 194 18 37
811 2 508 177 16 29
811 3 345 258 26 62
811 4 366 265 24 56
811 5 421 200 19 35
811 18 160 194 18 37
812 2 508 177 16 29
812 3 344 258 26 62
812 4 366 266 24 56
812 5 421 199 17 36
812 18 160 194 18 37
813 2 509 176 15 30
813 3 344 258 26 62
813 4 366 266 24 56
813 5 421 199 17 36
813 18 160 194 18 37
814 2 509 177 16 30
814 3 344 259 26 61
814 4 364 266 25 58
814 5 419 199 18 36
814 18 157 195 19 36
815 2 510 176 14 30
815 3 343 259 26 62
815 4 364 267 25 57
815 5 417 199 20 36
815 18 157 195 18 36
816 2 510 176 15 30
816 3 342 259 26 62
816 4 364 267 25 57
816 5 417 200 19 35
816 18 156 194 19 37
817 2 511 176 14 30
817 3 342 259 26 62
817 4 363 267 25 57
817 5 417 200 18 36
817 18 156 195 19 37
818 2 510 176 15 30
818 3 340 259 27 62
818 4 363 268 25 57
818 5 416 200 19 36
818 18 156 195 19 37
819 2 511 176 14 30
819 3 339 260 28 62
819 4 363 268 25 57
819 5 415 200 19 36
819 18 156 194 19 37
820 2 511 177 14 29
820 3 338 260 29 63
820 4 361 268 26 57
820 5 415 200 19 36
820 18 156 194 19 37
821 2 511 177 14 29
821 3 338 260 29 64
821 4 361 269 26 57
821 5 414 201 19 35
821 18 155 194 19 38
822 2 511 177 14 29
822 3 338 260 29 63
822 4 360 269 25 57
822 5 414 201 19 35
822 18 153 194 19 37
823 2 512 177 13 29
823 3 337 261 29 64
823 4 360 269 25 57
823 5 413 201 19 35
823 18 153 194 19 37
824 2 512 177 13 29
824 3 337 261 29 64
824 4 359 269 26 57
824 5 413 201 19 35
824 18 153 194 19 37
825 2 512 177 14 29
825 3 336 262 30 63
825 4 359 269 25 57
825 5 413 201 19 35
825 18 153 194 19 37
826 2 511 177 15 29
826 3 336 263 30 63
826 4 359 269 25 58
826 5 412 201 20 35
826 18 153 194 19 37
827 2 512 177 14 29
827 3 336 263 30 63
827 4 358 270 25 58
827 5 412 201 20 35
827 18 153 194 19 37
828 2 512 177 14 29
828 3 336 263 30 63
828 4 358 270 25 58
828 5 412 201 19 35
828 18 153 194 19 38
829 2 512 176 15 29
829 3 335 263 30 63
829 4 357 271 25 58
829 5 412 201 19 35
829 18 153 194 19 37
830 2 512 176 14 29
830 3 335 264 30 62
830 4 357 271 25 58
830 5 412 201 19 35
830 18 153 195 19 37
831 2 512 176 14 29
831 3 335 264 30 62
831 4 357 271 25 58
831 5 412 199 17 37
831 18 153 195 18 36
832 2 512 176 15 29
832 3 335 264 30 62
832 4 356 271 25 59
832 5 412 199 17 37
832 18 153 195 18 37
833 2 512 176 15 30
833 3 336 263 27 64
833 4 356 272 25 58
833 5 412 199 17 37
833 18 153 195 18 37
834 2 512 176 15 30
834 3 336 263 27 64
834 4 355 272 26 58
834 5 411 199 18 37
834 18 153 195 18 37
835 2 513 176 15 30
835 3 336 264 28 64
835 4 356 272 25 59
835 5 410 200 19 36
835 18 151 196 18 36
836 2 517 176 16 30
836 3 342 264 27 64
836 4 361 272 26 59
836 5 415 200 19 36
836 18 155 195 19 37
837 2 533 177 17 29
837 3 357 264 27 64
837 4 376 272 26 59
837 5 430 200 19 36
837 18 171 194 18 37
838 2 556 177 18 29
838 3 377 265 28 65
838 4 398 273 25 59
838 5 451 200 20 36
838 18 193 195 18 36
839 2 583 177 19 30
839 3 401 266 27 64
839 4 422 273 25 59
839 5 475 200 21 38
839 18 217 195 17 35
840 2 608 177 19 31
840 3 422 267 27 65
840 4 443 274 26 59
840 5 499 201 20 37
840 18 240 195 17 34
841 2 625 177 16 32
841 3 433 267 28 65
841 4 455 274 26 61
841 5 512 201 20 38
841 18 253 195 17 33
842 3 437 268 28 65
842 4 459 275 26 60
842 5 517 201 20 38
842 18 258 195 18 33
843 3 438 268 27 65
843 4 459 275 27 61
843 5 518 202 20 37
843 18 259 195 17 33
844 3 436 267 29 66
844 4 458 275 27 61
844 5 519 201 20 37
844 18 260 195 17 33
845 3 436 267 29 66
845 4 458 277 27 59
845 5 517 202 21 36
845 18 260 195 17 33
846 3 434 267 30 66
846 4 457 277 28 59
846 5 517 201 20 37
846 18 260 195 17 33
847 3 433 267 31 66
847 4 457 277 27 60
847 5 517 201 20 37
847 18 260 195 17 33
848 3 432 267 31 66
848 4 456 278 28 59
848 5 517 201 18 37
848 18 260 195 17 33
849 3 432 267 30 66
849 4 456 278 27 59
849 5 516 201 17 38
849 18 260 195 17 33
850 3 431 268 31 67
850 4 455 278 28 60
850 5 516 200 17 38
850 18 260 195 17 34
851 3 430 269 31 67
851 4 454 278 28 60
851 5 514 200 18 38
851 18 257 195 18 34
852 3 429 269 32 67
852 4 454 278 26 60
852 5 514 200 18 38
852 18 257 195 18 34
853 3 429 269 31 67
853 4 453 278 27 60
853 5 513 201 18 37
853 18 256 194 19 35
854 3 429 270 31 66
854 4 453 278 27 60
854 5 513 201 18 37
854 18 256 194 19 37
855 3 429 271 30 67
855 4 452 279 27 59
855 5 512 201 19 37
855 18 255 194 20 39
856 3 428 272 30 66
856 4 452 279 27 61
856 5 511 201 19 38
856 18 253 194 22 38
857 3 427 272 31 67
857 4 452 279 26 62
857 5 511 201 19 38
857 18 252 194 23 38
858 3 426 272 32 67
858 4 451 280 27 62
858 5 510 202 20 37
858 18 253 194 22 38
859 3 426 272 32 67
859 4 451 280 26 62
859 5 510 202 20 37
859 18 253 194 22 38
860 3 425 272 32 67
860 4 450 280 27 62
860 5 510 202 19 37
860 18 253 194 22 38
861 3 425 272 32 67
861 4 450 280 27 62
861 5 510 202 19 37
861 18 253 194 22 38
862 3 425 272 30 67
862 4 450 281 26 61
862 5 509 202 19 37
862 18 253 194 22 38
863 3 424 272 30 67
863 4 449 281 27 62
863 5 509 202 19 37
863 18 251 194 23 38
864 3 424 273 30 66
864 4 448 281 27 62
864 5 509 202 17 36
864 18 249 194 22 39
865 3 424 273 30 66
865 4 448 282 26 62
865 5 509 202 17 36
865 18 250 194 22 38
866 3 422 273 31 67
866 4 447 282 27 62
866 5 509 202 16 36
866 18 249 194 22 38
867 3 423 273 29 67
867 4 447 282 27 63
867 5 509 202 16 36
867 18 249 194 22 39
868 3 421 274 29 66
868 4 446 282 27 63
868 5 509 202 16 36
868 18 249 194 22 39
869 3 419 274 32 67
869 4 445 283 28 61
869 5 509 202 16 36
869 18 249 194 22 39
870 3 418 275 32 66
870 4 445 283 27 61
870 5 509 202 16 36
870 18 247 193 23 40
871 3 418 275 32 66
871 4 444 283 27 61
871 5 509 202 16 36
871 18 246 194 23 40
872 3 417 275 31 68
872 4 444 283 27 62
872 5 509 202 15 36
872 18 246 194 23 40
873 3 416 275 32 68
873 4 443 283 28 62
873 5 503 202 19 37
873 18 246 194 19 39
874 3 415 275 32 69
874 4 443 284 27 62
874 5 501 202 21 37
874 18 246 194 19 39
875 3 415 276 31 68
875 4 440 284 29 62
875 5 499 202 22 38
875 18 246 194 19 39
876 3 415 276 31 67
876 4 440 285 28 62
876 5 499 202 22 38
876 18 246 194 19 39
877 3 414 276 30 67
877 4 439 285 29 62
877 5 499 202 22 38
877 18 245 194 19 39
878 3 412 275 31 69
878 4 439 285 28 63
878 5 499 203 21 37
878 18 246 194 19 39
879 3 411 275 31 69
879 4 438 286 29 62
879 5 499 203 21 37
879 18 243 194 19 39
880 3 410 276 32 68
880 4 437 286 29 63
880 5 498 203 21 37
880 18 243 195 19 39
881 3 409 276 33 70
881 4 438 286 27 63
881 5 498 203 21 37
881 18 243 195 19 39
882 3 408 276 33 71
882 4 437 286 28 63
882 5 498 203 22 37
882 18 243 195 19 38
883 3 407 277 32 71
883 4 437 287 27 62
883 5 498 203 21 37
883 18 243 195 19 39
884 3 406 278 33 70
884 4 437 287 25 62
884 5 498 203 19 37
884 18 243 195 19 39
885 3 406 278 33 70
885 4 434 287 27 62
885 5 498 203 17 37
885 18 243 195 19 39
886 3 405 278 33 71
886 4 434 287 27 62
886 5 497 203 17 37
886 18 243 195 19 39
887 3 405 279 33 71
887 4 433 287 28 62
887 5 497 203 17 37
887 18 243 195 19 39
888 3 404 279 33 72
888 4 433 287 27 64
888 5 497 203 16 37
888 18 242 195 19 39
889 3 403 280 33 70
889 4 432 287 28 64
889 5 495 203 18 37
889 18 242 195 19 39
890 3 402 280 34 71
890 4 431 288 27 64
890 5 495 203 18 37
890 18 242 195 19 39
891 3 402 281 33 70
891 4 431 288 27 65
891 5 494 203 18 37
891 18 240 195 18 39
892 3 402 281 32 70
892 4 430 289 27 64
892 5 493 203 19 38
892 18 240 195 18 39
893 3 403 281 30 70
893 4 429 289 27 65
893 5 493 203 19 38
893 18 240 195 18 39
894 3 403 281 30 70
894 4 429 289 27 65
894 5 492 203 20 38
894 18 240 195 18 39
895 3 402 281 31 71
895 4 428 290 27 65
895 5 492 203 20 38
895 18 240 195 18 40
896 3 403 281 29 70
896 4 427 290 28 65
896 5 491 203 20 38
896 18 240 195 18 39
897 3 402 281 29 70
897 4 427 290 27 65
897 5 491 204 19 37
897 18 240 195 18 39
898 3 402 281 29 71
898 4 426 291 27 64
898 5 491 204 19 37
898 18 240 195 18 40
899 3 400 282 30 70
899 4 425 291 27 65
899 5 490 204 20 37
899 18 239 195 19 40
900 3 398 282 31 71
900 4 424 291 28 65
900 5 490 204 20 37
900 18 239 195 19 40
901 3 397 283 32 71
901 4 424 291 27 65
901 5 490 204 19 37
901 18 237 195 21 40
902 3 397 283 31 71
902 4 423 291 28 66
902 5 490 204 19 37
902 18 237 195 21 40
903 3 395 285 31 69
903 4 422 291 27 65
903 5 489 204 20 37
903 18 237 195 21 40
904 3 395 285 31 70
904 4 420 291 29 65
904 5 489 203 19 38
904 18 237 195 21 40
905 3 395 285 30 71
905 4 417 291 31 66
905 5 489 203 19 38
905 18 237 195 21 40
906 3 394 285 31 71
906 4 415 291 33 67
906 5 489 203 18 38
906 18 237 195 21 40
907 3 394 286 30 70
907 4 415 291 32 67
907 5 489 203 17 38
907 18 237 195 21 40
908 3 393 286 31 70
908 4 414 292 32 66
908 5 488 203 18 38
908 18 237 195 21 40
909 3 393 286 30 70
909 4 413 293 33 66
909 5 488 203 18 38
909 18 238 195 20 40
910 3 391 286 30 70
910 4 412 293 32 66
910 5 488 203 17 38
910 18 235 196 21 40
911 3 388 286 32 71
911 4 414 294 28 66
911 5 486 203 19 38
911 18 235 196 21 39
912 3 388 286 32 72
912 4 413 295 29 64
912 5 485 203 20 38
912 18 234 196 21 40
913 3 386 286 32 74
913 4 413 295 27 64
913 5 483 203 21 38
913 18 238 196 20 40
914 3 385 287 33 74
914 4 411 295 28 66
914 5 483 203 21 38
914 18 238 196 20 40
915 3 384 287 33 74
915 4 410 295 28 66
915 5 483 203 21 38
915 18 234 196 21 39
916 3 384 287 33 74
916 4 409 295 28 66
916 5 481 203 22 38
916 18 234 196 21 39
917 3 382 288 35 73
917 4 409 295 27 66
917 5 481 203 22 39
917 18 234 196 21 39
918 3 381 288 36 74
918 4 408 296 28 66
918 5 481 203 22 39
918 18 234 196 21 39
919 3 380 289 36 73
919 4 408 296 27 67
919 5 481 204 21 38
919 18 234 196 21 39
920 3 380 289 36 74
920 4 406 297 28 67
920 5 480 204 21 38
920 18 234 196 21 39
921 3 380 290 35 73
921 4 406 297 27 67
921 5 481 205 21 37
921 18 231 196 20 39
922 3 379 291 36 73
922 4 405 298 27 66
922 5 481 205 20 37
922 18 231 196 20 39
923 3 379 291 36 72
923 4 403 298 29 67
923 5 481 205 20 37
923 18 231 196 20 39
924 3 380 291 33 72
924 4 403 299 28 66
924 5 481 205 20 36
924 18 231 196 20 39
925 3 380 291 33 72
925 4 402 299 29 67
925 5 481 203 19 38
925 18 231 196 20 39
926 3 380 291 31 72
926 4 401 299 29 67
926 5 481 203 17 38
926 18 231 196 20 39
927 3 381 291 29 72
927 4 400 300 29 67
927 5 481 203 17 37
927 18 231 196 20 39
928 3 380 291 30 72
928 4 399 300 29 67
928 5 481 203 15 37
928 18 231 196 20 39
929 3 379 291 30 73
929 4 398 300 29 68
929 5 478 203 17 38
929 18 231 196 20 39
930 3 377 292 31 73
930 4 398 300 28 67
930 5 477 203 18 39
930 18 231 196 20 39
931 3 374 292 32 75
931 4 398 300 28 67
931 5 476 204 18 39
931 18 231 196 20 39
932 3 373 293 33 74
932 4 397 300 28 68
932 5 475 204 19 40
932 18 231 196 20 39
933 3 373 293 32 75
933 4 396 301 29 67
933 5 475 204 19 40
933 18 231 196 20 39
934 3 372 294 33 74
934 4 395 301 29 68
934 5 473 204 21 38
934 18 231 196 20 40
935 3 372 294 33 75
935 4 393 302 31 68
935 5 473 204 21 38
935 18 231 196 20 40
936 3 371 295 33 74
936 4 391 302 31 68
936 5 473 204 21 38
936 18 231 196 20 40
937 3 370 295 33 75
937 4 390 302 32 69
937 5 473 204 20 38
937 18 229 196 21 40
938 3 369 294 34 76
938 4 389 304 31 67
938 5 472 204 20 38
938 18 229 196 21 40
939 3 366 295 34 75
939 4 390 304 30 67
939 5 472 204 20 38
939 18 229 196 21 40
940 3 364 295 34 76
940 4 389 304 30 68
940 5 471 204 21 38
940 18 229 196 21 40
941 3 363 295 34 75
941 4 388 304 31 69
941 5 471 204 18 38
941 18 229 196 21 40
942 3 360 295 36 75
942 4 387 304 30 69
942 5 471 204 18 38
942 18 229 196 21 40
943 3 360 295 34 77
943 4 386 304 31 69
943 5 471 204 18 38
943 18 229 196 21 40
944 3 358 295 35 77
944 4 385 305 31 68
944 5 470 204 18 39
944 18 229 196 21 40
945 3 358 296 34 78
945 4 385 306 30 68
945 5 470 204 18 39
945 18 229 196 21 40
946 3 356 297 36 78
946 4 384 306 30 68
946 5 470 204 18 39
946 18 229 196 21 40
947 3 356 297 35 78
947 4 384 306 30 68
947 5 469 204 17 39
947 18 229 196 21 40
948 3 354 298 36 77
948 4 382 307 30 69
948 5 469 204 17 39
948 18 229 197 21 39
949 3 353 299 36 77
949 4 382 308 30 70
949 5 469 204 17 39
949 18 229 197 21 39
950 3 352 299 37 79
950 4 381 308 30 71
950 5 469 204 16 39
950 18 229 197 21 39
951 3 351 300 37 78
951 4 381 309 30 70
951 5 469 204 16 39
951 18 229 197 21 39
952 3 350 300 37 78
952 4 380 310 30 70
952 5 467 204 18 39
952 18 229 197 21 39
953 3 349 300 37 78
953 4 379 310 30 71
953 5 466 204 19 39
953 18 229 197 21 39
954 3 349 301 36 77
954 4 379 310 30 71
954 5 465 206 20 37
954 18 229 197 21 39
955 3 349 301 35 77
955 4 378 311 30 70
955 5 464 206 20 37
955 18 229 197 21 39
956 3 348 301 35 77
956 4 378 311 29 71
956 5 464 206 20 37
956 18 229 197 21 39
957 3 349 301 33 77
957 4 377 311 30 72
957 5 463 206 20 37
957 18 228 197 21 39
958 3 348 301 34 77
958 4 377 312 29 72
958 5 463 206 20 37
958 18 228 197 21 39
959 3 348 302 33 77
959 4 376 312 30 72
959 5 463 207 19 37
959 18 228 197 21 39
960 3 346 301 33 77
960 4 375 312 30 71
960 5 462 206 20 37
960 18 228 197 21 39
961 3 345 302 33 78
961 4 375 312 29 71
961 5 462 206 20 37
961 18 228 197 21 39
962 3 342 302 36 79
962 4 374 312 30 71
962 5 462 206 20 37
962 18 228 197 21 39
963 3 339 302 36 79
963 4 374 313 29 71
963 5 462 206 19 37
963 18 228 197 21 40
964 3 338 304 37 78
964 4 373 313 30 72
964 5 462 206 19 37
964 18 228 197 21 39
965 3 338 304 36 78
965 4 371 314 31 72
965 5 462 206 18 37
965 18 228 197 21 40
966 3 337 306 37 77
966 4 369 314 32 72
966 5 462 206 17 37
966 18 228 197 21 40
967 3 337 306 36 78
967 4 368 316 33 71
967 5 462 206 16 38
967 18 228 197 21 40
968 3 337 307 35 78
968 4 368 316 32 72
968 5 462 205 16 39
968 18 228 197 21 40
969 3 337 307 35 78
969 4 367 317 33 72
969 5 462 205 16 39
969 18 226 198 21 39
970 3 335 307 34 78
970 4 367 317 32 72
970 5 459 205 18 39
970 18 226 198 21 39
971 3 333 307 35 78
971 4 367 318 30 72
971 5 458 205 19 39
971 18 226 198 21 39
972 3 331 307 36 78
972 4 367 318 29 72
972 5 457 205 20 40
972 18 226 198 21 39
973 3 328 307 38 78
973 4 366 318 30 72
973 5 457 205 20 40
973 18 226 198 21 39
974 3 326 308 38 77
974 4 364 318 31 72
974 5 457 205 20 40
974 18 226 198 21 39
975 3 326 308 37 78
975 4 364 318 31 72
975 5 456 206 20 39
975 18 224 198 20 39
976 3 324 308 39 81
976 4 363 318 30 73
976 5 456 206 20 39
976 18 224 198 20 39
977 3 323 308 39 83
977 4 361 319 31 72
977 5 455 206 21 39
977 18 224 198 20 39
978 3 323 309 39 82
978 4 361 320 31 72
978 5 455 206 21 39
978 18 224 198 20 39
979 3 322 309 39 83
979 4 360 321 32 74
979 5 455 206 21 39
979 18 224 198 20 39
980 3 321 309 39 83
980 4 359 321 31 75
980 5 455 206 21 39
980 18 224 198 20 39
981 3 321 311 39 82
981 4 359 322 30 75
981 5 455 206 21 39
981 18 224 198 20 39
982 3 319 312 39 83
982 4 358 323 31 75
982 5 455 206 20 39
982 18 222 198 21 39
983 3 318 312 40 83
983 4 357 323 31 76
983 5 455 206 20 39
983 18 222 198 21 39
984 3 318 313 39 82
984 4 357 324 31 75
984 5 455 206 20 39
984 18 222 198 21 39
985 3 316 313 40 84
985 4 356 325 31 75
985 5 455 206 20 39
985 18 222 198 21 39
986 3 317 314 39 81
986 4 355 326 31 75
986 5 455 206 20 39
986 18 222 198 21 39
987 3 317 315 38 80
987 4 355 326 31 75
987 5 455 206 20 39
987 18 222 198 21 39
988 3 317 314 37 81
988 4 353 326 32 75
988 5 455 206 20 39
988 18 222 198 21 39
989 3 316 314 37 81
989 4 353 327 31 75
989 5 455 207 20 38
989 18 222 198 21 39
990 3 316 315 35 80
990 4 353 327 31 75
990 5 454 207 20 40
990 18 222 198 18 39
991 3 316 315 34 80
991 4 352 327 31 75
991 5 454 207 20 40
991 18 222 198 18 39
992 3 315 316 35 82
992 4 352 327 29 75
992 5 453 207 20 40
992 18 222 198 18 39
993 3 314 316 34 84
993 4 351 327 30 75
993 5 451 207 21 40
993 18 222 198 18 39
994 3 311 317 36 83
994 4 349 328 31 75
994 5 451 207 21 40
994 18 222 198 18 39
995 3 310 317 36 84
995 4 345 329 33 75
995 5 451 207 20 40
995 18 222 198 18 39
996 3 310 318 36 83
996 4 343 329 35 76
996 5 450 208 21 39
996 18 221 201 19 38
997 3 309 320 36 84
997 4 341 330 36 75
997 5 450 209 21 38
997 18 221 201 19 38
998 3 308 320 34 84
998 4 340 331 36 76
998 5 450 209 21 38
998 18 221 201 19 38
999 3 308 321 34 84
999 4 340 331 36 76
999 5 450 209 21 38
999 18 219 199 19 39
1000 3 307 321 33 83
1000 4 338 333 35 75
1000 5 449 209 20 39
1000 18 219 199 19 39
1001 3 305 321 35 84
1001 4 339 334 33 74
1001 5 449 209 18 39
1001 18 219 199 19 39
