1002,1,1207,341,96,299,1,1,1
1002,2,637,368,119,342,1,1,1
1002,3,950,362,134,387,1,1,1
1002,4,1459,327,147,432,1,1,1
1002,5,1596,339,91,338,1,1,1
1002,6,1689,371,67,194,1,1,1
1002,9,731,382,62,176,1,1,1
1003,1,1207,341,93,297,1,1,1
1003,2,641,369,120,339,1,1,1
1003,3,950,361,134,386,1,1,1
1003,4,1450,327,153,429,1,1,1
1003,5,1596,338,93,337,1,1,1
1003,6,1691,369,65,196,1,1,1
1003,9,732,382,61,175,1,1,1
1004,1,1207,341,91,296,1,1,1
1004,2,644,370,122,336,1,1,1
1004,3,951,360,134,385,1,1,1
1004,4,1441,328,159,425,1,1,1
1004,5,1595,337,96,335,1,1,1
1004,6,1692,368,64,196,1,1,1
1004,9,733,382,60,174,1,1,1
1005,1,1207,342,88,294,1,1,1
1005,2,648,371,124,333,1,1,1
1005,3,951,359,134,385,1,1,1
1005,4,1432,328,166,422,1,1,1
1005,5,1595,336,98,334,1,1,1
1005,6,1694,367,62,196,1,1,1
1005,9,734,382,59,173,1,1,1
1006,1,1206,341,86,293,1,1,1
1006,2,651,372,125,330,1,1,1
1006,3,951,358,134,383,1,1,1
1006,4,1423,327,172,418,1,1,1
1006,5,1595,334,100,332,1,1,1
1006,6,1695,365,60,197,1,1,1
1006,9,734,381,58,172,1,1,1
1007,1,1209,341,85,295,1,1,1
1007,2,657,371,122,329,1,1,1
1007,3,953,359,133,381,1,1,1
1007,4,1421,328,173,421,1,1,1
1007,5,1600,336,103,331,1,1,1
1007,6,1697,366,60,196,1,1,1
1007,9,735,380,61,173,1,1,1
1008,1,1212,341,84,297,1,1,1
1008,2,662,370,118,329,1,1,1
1008,3,954,360,131,379,1,1,1
1008,4,1419,328,174,423,1,1,1
1008,5,1604,337,106,330,1,1,1
1008,6,1699,367,60,195,1,1,1
1008,9,736,380,63,173,1,1,1
1009,1,1214,340,83,299,1,1,1
1009,2,668,369,114,328,1,1,1
1009,3,955,361,130,377,1,1,1
1009,4,1416,328,177,425,1,1,1
1009,5,1608,338,110,329,1,1,1
1009,6,1701,368,59,193,1,1,1
1009,9,736,379,65,174,1,1,1
1010,1,1216,340,83,300,1,1,1
1010,2,673,368,111,327,1,1,1
1010,3,957,362,127,374,1,1,1
1010,4,1414,328,178,428,1,1,1
1010,5,1612,339,113,328,1,1,1
1010,6,1703,369,58,192,1,1,1
1010,9,737,378,67,175,1,1,1
1011,1,1218,339,81,302,1,1,1
1011,2,679,367,106,325,1,1,1
1011,3,958,362,125,372,1,1,1
1011,4,1411,327,179,430,1,1,1
1011,5,1616,339,116,327,1,1,1
1011,6,1704,369,58,190,1,1,1
1011,9,737,376,69,176,1,1,1
1012,1,1220,339,81,301,1,1,1
1012,2,684,367,104,325,1,1,1
1012,3,959,364,125,370,1,1,1
1012,4,1413,330,178,427,1,1,1
1012,5,1619,342,117,325,1,1,1
1012,6,1704,369,60,192,1,1,1
1013,1,1221,339,82,299,1,1,1
1013,2,688,366,103,324,1,1,1
1013,3,959,365,125,368,1,1,1
1013,4,1414,333,178,423,1,1,1
1013,5,1622,344,118,322,1,1,1
1013,6,1704,369,62,192,1,1,1
1014,1,1223,338,81,298,1,1,1
1014,2,693,365,100,324,1,1,1
1014,3,960,366,124,366,1,1,1
1014,4,1416,335,176,420,1,1,1
1014,5,1625,347,119,318,1,1,1
1014,6,1703,368,64,194,1,1,1
1015,1,1224,338,82,296,1,1,1
1015,2,698,364,97,323,1,1,1
1015,3,960,367,124,364,1,1,1
1015,4,1417,337,176,417,1,1,1
1015,5,1627,349,120,315,1,1,1
1015,6,1703,368,65,194,1,1,1
1016,1,1225,337,81,295,1,1,1
1016,2,702,362,95,323,1,1,1
1016,3,960,367,123,362,1,1,1
1016,4,1418,339,174,413,1,1,1
1016,5,1630,351,120,311,1,1,1
1016,6,1702,367,67,195,1,1,1
1017,1,1226,337,81,294,1,1,1
1017,2,705,362,102,322,1,1,1
1017,3,959,367,125,362,1,1,1
1017,4,1420,336,167,417,1,1,1
1017,5,1635,348,119,314,1,1,1
1018,1,1227,337,80,292,1,1,1
1018,2,708,361,107,321,1,1,1
1018,3,957,367,127,361,1,1,1
1018,4,1420,333,162,420,1,1,1
1018,5,1640,346,117,316,1,1,1
1019,1,1227,337,80,290,1,1,1
1019,2,711,360,113,320,1,1,1
1019,3,955,366,129,361,1,1,1
1019,4,1421,330,155,423,1,1,1
1019,5,1644,343,116,318,1,1,1
1020,1,1227,337,80,288,1,1,1
1020,2,713,359,120,320,1,1,1
1020,3,953,366,131,361,1,1,1
1020,4,1422,327,149,426,1,1,1
1020,5,1649,340,113,321,1,1,1
1021,1,1227,337,79,286,1,1,1
1021,2,716,358,125,318,1,1,1
1021,3,951,365,132,360,1,1,1
1021,4,1423,323,141,430,1,1,1
1021,5,1653,337,111,323,1,1,1
1022,1,1229,337,80,286,1,1,1
1022,2,720,360,132,316,1,1,1
1022,3,951,363,130,360,1,1,1
1022,4,1424,324,135,428,1,1,1
1022,5,1661,338,110,321,1,1,1
1023,1,1230,337,82,286,1,1,1
1023,2,724,361,137,315,1,1,1
1023,3,951,361,127,360,1,1,1
1023,4,1424,324,129,426,1,1,1
1023,5,1669,338,107,320,1,1,1
1024,1,1231,337,83,286,1,1,1
1024,2,727,362,144,313,1,1,1
1024,3,951,360,124,359,1,1,1
1024,4,1425,325,122,423,1,1,1
1024,5,1677,339,105,317,1,1,1
1025,1,1232,337,84,286,1,1,1
1025,2,731,364,150,311,1,1,1
1025,3,951,358,122,358,1,1,1
1025,4,1425,325,116,421,1,1,1
1025,5,1685,339,102,316,1,1,1
1026,1,1232,337,86,286,1,1,1
1026,2,734,365,155,309,1,1,1
1026,3,951,355,118,358,1,1,1
1026,4,1425,325,109,418,1,1,1
1026,5,1693,339,100,313,1,1,1
1027,1,1232,338,89,285,1,1,1
1027,2,741,366,155,309,1,1,1
1027,3,952,356,120,359,1,1,1
1027,4,1423,326,112,420,1,1,1
1027,5,1699,340,101,314,1,1,1
1028,1,1231,338,92,285,1,1,1
1028,2,748,366,154,310,1,1,1
1028,3,952,356,122,360,1,1,1
1028,4,1421,326,115,421,1,1,1
1028,5,1705,340,101,314,1,1,1
1029,1,1230,339,95,283,1,1,1
1029,2,754,367,153,310,1,1,1
1029,3,953,356,122,361,1,1,1
1029,4,1419,326,117,423,1,1,1
1029,5,1711,341,102,314,1,1,1
1030,1,1229,339,98,283,1,1,1
1030,2,761,367,152,311,1,1,1
1030,3,954,356,123,361,1,1,1
1030,4,1417,326,119,424,1,1,1
1030,5,1717,341,102,314,1,1,1
1031,1,1228,340,100,281,1,1,1
1031,2,767,367,150,310,1,1,1
1031,3,954,356,125,361,1,1,1
1031,4,1415,325,121,425,1,1,1
1031,5,1723,341,102,314,1,1,1
1032,1,1231,340,98,281,1,1,1
1032,2,774,367,147,310,1,1,1
1032,3,956,357,125,360,1,1,1
1032,4,1413,326,123,425,1,1,1
1032,5,1728,341,102,315,1,1,1
1033,1,1234,339,95,282,1,1,1
1033,2,781,366,142,310,1,1,1
1033,3,959,358,123,358,1,1,1
1033,4,1412,326,124,425,1,1,1
1033,5,1733,340,101,316,1,1,1
1034,1,1236,339,93,282,1,1,1
1034,2,788,365,138,309,1,1,1
1034,3,961,358,123,357,1,1,1
1034,4,1410,327,125,424,1,1,1
1034,5,1738,340,100,315,1,1,1
1035,1,1239,339,90,282,1,1,1
1035,2,794,365,135,308,1,1,1
1035,3,963,359,122,356,1,1,1
1035,4,1409,327,126,423,1,1,1
1035,5,1743,339,100,316,1,1,1
1036,1,1241,338,87,282,1,1,1
1036,2,801,364,130,307,1,1,1
1036,3,965,359,120,354,1,1,1
1036,4,1406,327,127,422,1,1,1
1036,5,1747,338,98,316,1,1,1
1037,1,1241,339,87,281,1,1,1
1037,2,808,363,125,306,1,1,1
1037,3,967,360,120,353,1,1,1
1037,4,1408,327,128,422,1,1,1
1037,5,1753,338,98,316,1,1,1
1038,1,1241,339,87,280,1,1,1
1038,2,814,362,120,305,1,1,1
1038,3,968,361,119,352,1,1,1
1038,4,1409,327,128,421,1,1,1
1038,5,1759,338,97,315,1,1,1
1039,1,1241,339,86,279,1,1,1
1039,2,820,362,116,303,1,1,1
1039,3,969,361,118,351,1,1,1
1039,4,1410,327,128,420,1,1,1
1039,5,1764,338,97,314,1,1,1
1040,1,1240,339,86,278,1,1,1
1040,2,826,361,111,301,1,1,1
1040,3,971,362,117,350,1,1,1
1040,4,1412,327,127,419,1,1,1
1040,5,1770,338,95,313,1,1,1
1041,1,1240,338,85,278,1,1,1
1041,2,832,359,106,300,1,1,1
1041,3,971,362,115,348,1,1,1
1041,4,1412,327,127,417,1,1,1
1041,5,1775,337,94,312,1,1,1
1041,9,800,375,56,174,1,1,1
1042,1,1240,339,86,276,1,1,1
1042,2,838,360,102,300,1,1,1
1042,3,972,363,116,348,1,1,1
1042,4,1412,327,126,418,1,1,1
1042,5,1779,337,95,312,1,1,1
1042,9,801,375,57,175,1,1,1
1043,1,1240,339,85,275,1,1,1
1043,2,843,360,98,300,1,1,1
1043,3,972,362,116,349,1,1,1
1043,4,1411,326,124,419,1,1,1
1043,5,1784,337,93,310,1,1,1
1043,9,803,375,56,175,1,1,1
1044,1,1240,339,85,274,1,1,1
1044,2,848,361,94,299,1,1,1
1044,3,973,362,115,348,1,1,1
1044,4,1410,325,123,420,1,1,1
1044,5,1788,336,93,310,1,1,1
1044,9,804,376,57,174,1,1,1
1045,1,1240,339,85,273,1,1,1
1045,2,853,361,91,298,1,1,1
1045,3,973,362,115,348,1,1,1
1045,4,1408,325,122,419,1,1,1
1045,5,1793,336,92,308,1,1,1
1045,9,806,376,56,175,1,1,1
1046,1,1239,338,85,271,1,1,1
1046,2,858,361,86,297,1,1,1
1046,3,972,361,115,347,1,1,1
1046,4,1407,323,120,420,1,1,1
1046,5,1797,335,91,307,1,1,1
1046,6,1773,365,67,195,1,1,1
1046,9,807,376,56,175,1,1,1
1047,1,1239,339,84,272,1,1,1
1047,2,862,362,92,298,1,1,1
1047,3,973,361,116,346,1,1,1
1047,4,1404,324,121,419,1,1,1
1047,5,1801,335,93,308,1,1,1
1047,6,1774,365,66,196,1,1,1
1047,9,808,376,57,175,1,1,1
1048,1,1238,338,84,273,1,1,1
1048,2,867,364,96,296,1,1,1
1048,3,973,361,116,344,1,1,1
1048,4,1401,324,120,417,1,1,1
1048,5,1804,335,94,309,1,1,1
1048,6,1775,365,66,196,1,1,1
1048,9,808,377,58,175,1,1,1
1049,1,1238,338,82,273,1,1,1
1049,2,871,365,100,296,1,1,1
1049,3,974,361,115,342,1,1,1
1049,4,1398,325,120,415,1,1,1
1049,5,1807,336,96,308,1,1,1
1049,6,1776,364,65,197,1,1,1
1049,9,808,377,59,175,1,1,1
1050,1,1237,338,81,273,1,1,1
1050,2,875,366,105,295,1,1,1
1050,3,974,360,116,341,1,1,1
1050,4,1395,325,120,413,1,1,1
1050,5,1811,336,96,309,1,1,1
1050,6,1777,364,64,198,1,1,1
1050,9,808,377,60,175,1,1,1
1051,1,1236,338,80,273,1,1,1
1051,2,879,366,110,295,1,1,1
1051,3,974,360,115,338,1,1,1
1051,4,1391,325,120,411,1,1,1
1051,5,1814,335,97,309,1,1,1
1051,6,1777,363,63,198,1,1,1
1051,9,808,377,60,175,1,1,1
1052,1,1235,339,81,273,1,1,1
1052,2,881,365,111,297,1,1,1
1052,3,971,361,118,338,1,1,1
1052,4,1380,325,129,413,1,1,1
1052,5,1815,338,101,306,1,1,1
1052,6,1776,362,63,199,1,1,1
1052,9,808,378,60,174,1,1,1
1053,1,1233,340,82,273,1,1,1
1053,2,884,364,110,298,1,1,1
1053,3,969,361,118,338,1,1,1
1053,4,1368,325,139,414,1,1,1
1053,5,1815,339,105,305,1,1,1
1053,6,1775,361,62,200,1,1,1
1053,9,808,378,59,174,1,1,1
1054,1,1231,340,83,273,1,1,1
1054,2,886,363,111,299,1,1,1
1054,3,966,362,120,337,1,1,1
1054,4,1356,325,149,415,1,1,1
1054,5,1815,341,109,302,1,1,1
1054,6,1774,360,60,201,1,1,1
1054,9,808,378,57,174,1,1,1
1055,1,1230,341,83,272,1,1,1
1055,2,888,362,112,301,1,1,1
1055,3,963,362,122,338,1,1,1
1055,4,1344,325,158,416,1,1,1
1055,5,1816,343,112,299,1,1,1
1055,6,1773,359,59,202,1,1,1
1055,9,807,379,57,172,1,1,1
1056,1,1227,341,83,272,1,1,1
1056,2,890,360,111,302,1,1,1
1056,3,960,362,123,337,1,1,1
1056,4,1332,325,167,416,1,1,1
1056,5,1816,344,116,297,1,1,1
1056,6,1772,358,58,202,1,1,1
1056,9,806,379,55,172,1,1,1
1057,1,1227,341,82,274,1,1,1
1057,2,893,360,112,302,1,1,1
1057,3,956,362,123,338,1,1,1
1057,4,1329,327,166,414,1,1,1
1057,5,1818,343,117,297,1,1,1
1057,6,1772,359,60,202,1,1,1
1057,9,806,379,57,173,1,1,1
1058,1,1227,340,80,276,1,1,1
1058,2,896,359,111,302,1,1,1
1058,3,952,362,121,338,1,1,1
1058,4,1326,327,164,413,1,1,1
1058,5,1820,342,117,297,1,1,1
1058,6,1772,359,61,202,1,1,1
1058,9,804,379,59,174,1,1,1
1059,1,1227,339,78,278,1,1,1
1059,2,899,358,110,302,1,1,1
1059,3,948,361,120,339,1,1,1
1059,4,1323,328,162,411,1,1,1
1059,5,1822,341,118,297,1,1,1
1059,6,1772,360,62,202,1,1,1
1059,9,803,379,60,175,1,1,1
1060,1,1226,338,76,280,1,1,1
1060,2,902,357,110,302,1,1,1
1060,3,944,361,119,339,1,1,1
1060,4,1320,329,160,409,1,1,1
1060,5,1824,340,118,296,1,1,1
1060,6,1772,360,64,202,1,1,1
1060,9,801,379,62,176,1,1,1
1061,1,1225,337,74,281,1,1,1
1061,2,904,355,109,302,1,1,1
1061,3,939,360,118,339,1,1,1
1061,4,1316,330,158,406,1,1,1
1061,5,1825,339,118,295,1,1,1
1061,6,1772,360,65,202,1,1,1
1061,9,800,379,62,176,1,1,1
1062,1,1225,337,74,280,1,1,1
1062,3,938,361,118,337,1,1,1
1062,4,1317,332,156,406,1,1,1
1062,5,1831,340,116,295,1,1,1
1062,6,1771,362,67,203,1,1,1
1062,9,801,379,61,176,1,1,1
1063,1,1224,337,74,278,1,1,1
1063,3,937,362,117,334,1,1,1
1063,4,1317,333,154,406,1,1,1
1063,5,1836,341,113,294,1,1,1
1063,6,1770,363,69,204,1,1,1
1063,9,802,379,59,175,1,1,1
1064,1,1223,337,74,276,1,1,1
1064,3,935,363,118,331,1,1,1
1064,4,1318,334,151,406,1,1,1
1064,5,1841,342,110,293,1,1,1
1064,6,1769,365,71,203,1,1,1
1064,9,803,379,57,174,1,1,1
1065,1,1222,337,74,274,1,1,1
1065,3,934,364,117,329,1,1,1
1065,4,1318,336,149,405,1,1,1
1065,5,1846,343,107,292,1,1,1
1065,6,1768,366,73,204,1,1,1
1065,9,804,379,55,173,1,1,1
1066,1,1220,337,74,272,1,1,1
1066,3,932,365,116,325,1,1,1
1066,4,1318,337,146,404,1,1,1
1066,5,1851,344,104,290,1,1,1
1066,6,1767,367,74,204,1,1,1
1066,9,804,379,53,172,1,1,1
1067,1,1220,338,73,271,1,1,1
1067,3,929,365,120,327,1,1,1
1067,4,1315,336,142,404,1,1,1
1067,5,1855,344,105,292,1,1,1
1067,6,1767,367,73,203,1,1,1
1067,9,803,380,55,171,1,1,1
1068,1,1219,338,71,271,1,1,1
1068,3,925,365,124,328,1,1,1
1068,4,1312,334,137,405,1,1,1
1068,5,1859,344,104,294,1,1,1
1068,6,1767,367,70,201,1,1,1
1068,9,801,380,56,170,1,1,1
1069,1,1218,339,69,270,1,1,1
1069,3,921,365,128,328,1,1,1
1069,4,1309,333,132,405,1,1,1
1069,5,1862,344,105,295,1,1,1
1069,6,1766,366,69,201,1,1,1
1069,9,799,380,58,170,1,1,1
1070,1,1217,339,67,270,1,1,1
1070,3,918,365,131,329,1,1,1
1070,4,1306,332,127,404,1,1,1
1070,5,1866,344,105,296,1,1,1
1070,6,1766,366,67,199,1,1,1
1070,9,797,381,59,168,1,1,1
1071,1,1216,339,65,269,1,1,1
1071,3,913,365,134,330,1,1,1
1071,4,1302,330,123,404,1,1,1
1071,5,1869,344,104,297,1,1,1
1071,6,1765,365,65,197,1,1,1
1071,9,795,381,60,167,1,1,1
1072,1,1216,340,64,270,1,1,1
1072,3,911,365,131,330,1,1,1
1072,4,1300,330,118,405,1,1,1
1072,5,1871,345,106,297,1,1,1
1072,6,1765,366,65,198,1,1,1
1072,9,795,381,60,169,1,1,1
1073,1,1215,340,64,270,1,1,1
1073,3,908,365,127,331,1,1,1
1073,4,1298,331,113,404,1,1,1
1073,5,1872,347,107,296,1,1,1
1073,6,1765,367,66,198,1,1,1
1073,9,795,381,60,170,1,1,1
1074,1,1214,341,64,269,1,1,1
1074,3,904,365,124,331,1,1,1
1074,4,1296,331,108,404,1,1,1
1074,5,1873,348,108,295,1,1,1
1074,6,1765,367,66,199,1,1,1
1074,9,794,380,61,172,1,1,1
1075,1,1213,341,63,269,1,1,1
1075,3,901,365,120,331,1,1,1
1075,4,1294,331,103,404,1,1,1
1075,5,1874,349,109,294,1,1,1
1075,6,1765,368,66,200,1,1,1
1075,9,794,380,60,173,1,1,1
1076,1,1212,341,62,268,1,1,1
1076,3,897,364,116,331,1,1,1
1076,4,1291,331,97,404,1,1,1
1076,5,1875,350,110,293,1,1,1
1076,6,1764,368,66,200,1,1,1
1076,9,793,379,60,175,1,1,1
1077,1,1213,342,62,268,1,1,1
1077,3,896,365,117,331,1,1,1
1077,4,1289,333,100,404,1,1,1
1077,5,1877,350,112,294,1,1,1
1077,6,1764,370,67,200,1,1,1
1077,9,793,379,61,176,1,1,1
1078,1,1214,343,61,267,1,1,1
1078,3,894,365,117,331,1,1,1
1078,4,1286,334,103,404,1,1,1
1078,5,1880,349,112,295,1,1,1
1078,6,1764,371,67,199,1,1,1
1078,9,793,379,62,176,1,1,1
1079,1,1214,344,61,265,1,1,1
1079,3,891,366,118,330,1,1,1
1079,4,1284,335,104,405,1,1,1
1079,5,1882,349,113,296,1,1,1
1079,6,1764,372,67,199,1,1,1
1079,9,792,379,63,176,1,1,1
1080,1,1215,344,60,265,1,1,1
1080,3,889,366,118,331,1,1,1
1080,4,1281,336,107,405,1,1,1
1080,5,1885,349,113,296,1,1,1
1080,6,1764,373,68,199,1,1,1
1080,9,791,379,64,177,1,1,1
1081,1,1215,345,60,263,1,1,1
1081,2,962,366,125,283,1,1,1
1081,3,886,366,118,330,1,1,1
1081,4,1278,337,109,405,1,1,1
1081,5,1887,348,113,296,1,1,1
1081,6,1763,373,68,199,1,1,1
1081,9,790,379,64,176,1,1,1
1082,1,1214,346,60,264,1,1,1
1082,2,968,367,121,283,1,1,1
1082,3,885,367,118,330,1,1,1
1082,4,1275,339,109,405,1,1,1
1082,5,1896,349,108,296,1,1,1
1082,6,1763,374,69,200,1,1,1
1082,9,790,380,64,177,1,1,1
1083,1,1213,347,60,263,1,1,1
1083,2,974,367,114,284,1,1,1
1083,3,884,368,117,329,1,1,1
1083,4,1273,340,108,404,1,1,1
1083,5,1905,349,101,295,1,1,1
1083,6,1762,375,70,199,1,1,1
1083,9,790,380,64,177,1,1,1
1084,1,1211,348,61,263,1,1,1
1084,2,979,367,109,284,1,1,1
1084,3,883,369,117,328,1,1,1
1084,4,1270,341,108,404,1,1,1
1084,5,1913,349,96,295,1,1,1
1084,6,1762,375,69,200,1,1,1
1084,9,790,380,63,177,1,1,1
1085,1,1210,349,61,263,1,1,1
1085,2,984,367,104,284,1,1,1
1085,3,881,370,117,328,1,1,1
1085,4,1267,342,107,403,1,1,1
1085,5,1922,350,89,293,1,1,1
1085,6,1761,376,70,199,1,1,1
1085,9,790,380,63,178,1,1,1
1086,1,1209,349,61,263,1,1,1
1086,2,989,367,97,284,1,1,1
1086,3,879,370,116,326,1,1,1
1086,4,1263,343,106,402,1,1,1
1086,5,1930,350,83,292,1,1,1
1086,6,1760,376,70,199,1,1,1
1086,9,789,380,62,177,1,1,1
1087,1,1209,350,61,264,1,1,1
1087,2,995,368,93,284,1,1,1
1087,3,879,371,115,327,1,1,1
1087,4,1261,344,107,401,1,1,1
1087,5,1931,350,89,293,1,1,1
1087,6,1761,377,69,200,1,1,1
1087,9,789,381,62,178,1,1,1
1088,1,1209,350,61,265,1,1,1
1088,2,1000,368,88,285,1,1,1
1088,3,878,372,114,327,1,1,1
1088,4,1257,344,109,400,1,1,1
1088,5,1931,351,95,293,1,1,1
1088,6,1761,378,69,199,1,1,1
1088,9,788,382,63,177,1,1,1
1089,1,1210,350,60,265,1,1,1
1089,2,1005,368,83,286,1,1,1
1089,3,876,372,114,327,1,1,1
1089,4,1254,344,110,400,1,1,1
1089,5,1932,351,100,293,1,1,1
1089,6,1760,379,69,199,1,1,1
1089,9,788,382,62,178,1,1,1
1090,1,1210,350,60,266,1,1,1
1090,2,1011,369,77,285,1,1,1
1090,3,875,372,114,328,1,1,1
1090,4,1250,344,111,399,1,1,1
1090,5,1932,352,106,293,1,1,1
1090,6,1760,380,68,199,1,1,1
1090,9,787,383,62,178,1,1,1
1091,1,1210,350,60,267,1,1,1
1091,2,1015,369,72,285,1,1,1
1091,3,874,372,112,327,1,1,1
1091,4,1246,343,111,398,1,1,1
1091,5,1932,352,111,293,1,1,1
1091,6,1759,381,66,198,1,1,1
1091,9,786,383,62,178,1,1,1
1092,1,1210,351,64,268,1,1,1
1092,2,1019,370,81,285,1,1,1
1092,3,873,373,113,325,1,1,1
1092,4,1245,346,112,395,1,1,1
1092,5,1932,354,120,292,1,1,1
1092,6,1759,383,68,198,1,1,1
1092,9,786,384,62,178,1,1,1
1093,1,1210,351,68,270,1,1,1
1093,2,1022,370,91,286,1,1,1
1093,3,872,373,113,323,1,1,1
1093,4,1244,347,112,393,1,1,1
1093,5,1931,355,128,293,1,1,1
1093,6,1759,384,68,197,1,1,1
1093,9,785,384,63,178,1,1,1
1094,1,1211,352,71,270,1,1,1
1094,2,1025,371,100,285,1,1,1
1094,3,871,373,112,321,1,1,1
1094,4,1242,349,113,389,1,1,1
1094,5,1931,357,136,292,1,1,1
1094,6,1759,385,68,197,1,1,1
1094,9,785,384,63,179,1,1,1
1095,1,1211,352,75,272,1,1,1
1095,2,1029,371,108,286,1,1,1
1095,3,870,373,112,320,1,1,1
1095,4,1241,351,113,386,1,1,1
1095,5,1930,358,144,292,1,1,1
1095,6,1758,386,68,197,1,1,1
1095,9,785,385,62,179,1,1,1
1096,1,1211,352,79,273,1,1,1
1096,2,1031,371,117,285,1,1,1
1096,3,868,373,112,317,1,1,1
1096,4,1239,352,112,383,1,1,1
1096,5,1929,359,152,290,1,1,1
1096,6,1757,386,68,196,1,1,1
1096,9,784,385,62,178,1,1,1
1097,2,1032,373,120,285,1,1,1
1097,3,867,374,113,317,1,1,1
1097,4,1235,352,115,383,1,1,1
1097,5,1929,361,152,291,1,1,1
1097,6,1757,387,69,197,1,1,1
1097,9,784,386,62,178,1,1,1
1098,2,1031,373,124,285,1,1,1
1098,3,866,374,112,316,1,1,1
1098,4,1230,351,117,384,1,1,1
1098,5,1929,362,151,291,1,1,1
1098,6,1757,387,69,198,1,1,1
1098,9,783,387,62,178,1,1,1
1099,2,1031,374,126,285,1,1,1
1099,3,864,374,113,316,1,1,1
1099,4,1226,351,118,384,1,1,1
1099,5,1928,363,150,292,1,1,1
1099,6,1756,388,70,198,1,1,1
1099,9,783,387,62,178,1,1,1
1100,2,1031,374,129,285,1,1,1
1100,3,863,374,113,316,1,1,1
1100,4,1221,350,121,385,1,1,1
1100,5,1928,365,149,291,1,1,1
1100,6,1756,388,69,198,1,1,1
1100,9,782,388,62,177,1,1,1
1101,2,1030,375,131,284,1,1,1
1101,3,861,374,112,314,1,1,1
1101,4,1216,349,122,385,1,1,1
1101,5,1927,365,148,291,1,1,1
1101,6,1755,388,69,198,1,1,1
1101,9,781,388,62,176,1,1,1
1102,2,1031,375,132,284,1,1,1
1102,3,860,376,112,314,1,1,1
1102,4,1213,351,124,385,1,1,1
1102,5,1931,366,146,291,1,1,1
1102,6,1755,389,69,198,1,1,1
1102,9,780,388,63,177,1,1,1
1103,2,1032,375,131,284,1,1,1
1103,3,859,377,110,313,1,1,1
1103,4,1209,352,125,384,1,1,1
1103,5,1936,366,141,292,1,1,1
1103,6,1754,389,70,199,1,1,1
1103,9,780,389,63,176,1,1,1
1104,2,1033,376,130,282,1,1,1
1104,3,858,378,108,313,1,1,1
1104,4,1205,353,127,383,1,1,1
1104,5,1940,367,138,291,1,1,1
1104,6,1754,390,69,198,1,1,1
1104,9,779,389,63,176,1,1,1
1105,2,1034,376,129,282,1,1,1
1105,3,857,379,106,312,1,1,1
1105,4,1200,354,129,383,1,1,1
1105,5,1944,367,134,292,1,1,1
1105,6,1753,390,69,198,1,1,1
1105,9,778,389,64,177,1,1,1
1106,2,1034,375,128,281,1,1,1
1106,3,855,380,104,311,1,1,1
1106,4,1196,355,130,381,1,1,1
1106,5,1948,367,130,291,1,1,1
1106,6,1752,390,68,197,1,1,1
1106,9,776,388,64,176,1,1,1
1107,2,1041,376,121,282,1,1,1
1107,3,855,380,103,311,1,1,1
1107,4,1195,357,128,380,1,1,1
1107,5,1956,368,126,291,1,1,1
1107,6,1752,391,68,197,1,1,1
1107,9,776,389,65,177,1,1,1
1108,2,1047,376,115,282,1,1,1
1108,3,854,380,101,311,1,1,1
1108,4,1194,359,125,378,1,1,1
1108,5,1964,368,121,292,1,1,1
1108,6,1752,391,67,198,1,1,1
1108,9,776,390,64,176,1,1,1
1109,2,1053,375,108,283,1,1,1
1109,3,853,379,100,312,1,1,1
1109,4,1193,360,123,376,1,1,1
1109,5,1973,369,115,291,1,1,1
1109,6,1752,391,67,198,1,1,1
1109,9,775,390,64,177,1,1,1
1110,2,1059,375,102,283,1,1,1
1110,3,852,379,99,312,1,1,1
1110,4,1192,361,120,375,1,1,1
1110,5,1981,369,110,291,1,1,1
1110,6,1751,391,67,198,1,1,1
1110,9,775,390,64,177,1,1,1
1111,2,1065,375,94,283,1,1,1
1111,3,850,378,97,312,1,1,1
1111,4,1190,362,117,373,1,1,1
1111,5,1988,369,105,290,1,1,1
1111,6,1750,391,65,198,1,1,1
1111,9,774,390,63,176,1,1,1
1112,2,1072,375,91,284,1,1,1
1112,3,851,379,99,312,1,1,1
1112,4,1188,362,116,373,1,1,1
1112,5,1994,370,103,291,1,1,1
1112,6,1750,392,66,198,1,1,1
1112,9,774,391,63,177,1,1,1
1113,2,1077,375,88,284,1,1,1
1113,3,851,378,100,312,1,1,1
1113,4,1186,362,114,371,1,1,1
1113,5,1999,370,101,291,1,1,1
1113,6,1749,393,66,198,1,1,1
1113,9,774,392,63,176,1,1,1
1114,2,1083,376,85,283,1,1,1
1114,3,852,378,100,312,1,1,1
1114,4,1183,361,113,371,1,1,1
1114,5,2005,370,98,292,1,1,1
1114,6,1748,393,67,198,1,1,1
1114,9,773,392,63,177,1,1,1
1115,2,1089,376,81,283,1,1,1
1115,3,852,378,102,312,1,1,1
1115,4,1181,360,112,371,1,1,1
1115,5,2010,371,96,291,1,1,1
1115,6,1748,393,66,198,1,1,1
1115,9,773,392,63,177,1,1,1
1116,2,1094,376,78,283,1,1,1
1116,3,852,378,103,311,1,1,1
1116,4,1178,359,110,369,1,1,1
1116,5,2015,370,94,292,1,1,1
1116,6,1746,393,66,197,1,1,1
1116,9,772,392,62,177,1,1,1
1117,2,1096,378,87,281,1,1,1
1117,3,854,379,101,311,1,1,1
1117,4,1175,360,110,370,1,1,1
1117,5,2014,372,103,292,1,1,1
1117,6,1746,395,67,197,1,1,1
1117,9,772,393,63,177,1,1,1
1118,2,1098,379,96,280,1,1,1
1118,3,856,380,99,310,1,1,1
1118,4,1172,361,109,369,1,1,1
1118,5,2012,373,113,291,1,1,1
1118,6,1746,396,66,197,1,1,1
1118,9,772,393,63,177,1,1,1
1119,2,1099,381,105,278,1,1,1
1119,3,858,381,97,310,1,1,1
1119,4,1170,362,107,369,1,1,1
1119,5,2010,374,123,291,1,1,1
1119,6,1745,398,66,196,1,1,1
1119,9,771,393,63,177,1,1,1
1120,2,1100,383,115,276,1,1,1
1120,3,860,382,95,309,1,1,1
1120,4,1167,362,106,370,1,1,1
1120,5,2009,375,132,290,1,1,1
1120,6,1744,399,66,196,1,1,1
1120,9,770,393,64,177,1,1,1
1121,2,1101,384,123,275,1,1,1
1121,3,862,382,92,309,1,1,1
1121,4,1163,362,104,369,1,1,1
1121,5,2007,375,141,289,1,1,1
1121,6,1743,400,65,195,1,1,1
1121,9,769,392,63,176,1,1,1
1122,2,1103,385,121,275,1,1,1
1122,3,863,383,91,310,1,1,1
1122,4,1161,364,107,368,1,1,1
1122,5,2007,377,141,291,1,1,1
1122,6,1744,400,64,196,1,1,1
1122,9,769,393,64,178,1,1,1
1123,2,1104,386,119,275,1,1,1
1123,3,864,384,90,311,1,1,1
1123,4,1159,364,109,368,1,1,1
1123,5,2007,378,140,291,1,1,1
1123,6,1744,400,63,196,1,1,1
1123,9,768,394,64,178,1,1,1
1124,2,1105,387,116,275,1,1,1
1124,3,865,384,88,313,1,1,1
1124,4,1156,365,112,367,1,1,1
1124,5,2007,379,138,292,1,1,1
1124,6,1744,400,63,196,1,1,1
1124,9,768,394,63,179,1,1,1
1125,2,1106,388,114,274,1,1,1
1125,3,866,385,87,313,1,1,1
1125,4,1154,366,114,366,1,1,1
1125,5,2006,380,138,293,1,1,1
1125,6,1744,400,62,196,1,1,1
1125,9,767,395,63,179,1,1,1
1126,2,1107,389,111,273,1,1,1
1126,3,866,385,85,314,1,1,1
1126,4,1151,366,116,365,1,1,1
1126,5,2005,380,136,294,1,1,1
1126,6,1744,400,60,196,1,1,1
1126,9,766,395,63,179,1,1,1
1127,3,867,386,85,315,1,1,1
1127,4,1149,368,117,365,1,1,1
1127,5,2010,381,134,295,1,1,1
1127,6,1743,401,62,196,1,1,1
1127,9,766,396,64,179,1,1,1
1128,3,867,387,85,315,1,1,1
1128,4,1147,369,117,364,1,1,1
1128,5,2014,382,131,295,1,1,1
1128,6,1742,402,63,196,1,1,1
1128,9,766,397,63,179,1,1,1
1129,3,866,388,86,315,1,1,1
1129,4,1144,370,117,363,1,1,1
1129,5,2018,382,128,295,1,1,1
1129,6,1740,403,65,196,1,1,1
1129,9,765,398,64,178,1,1,1
1130,3,866,388,85,315,1,1,1
1130,4,1142,371,117,363,1,1,1
1130,5,2022,382,125,296,1,1,1
1130,6,1739,404,67,196,1,1,1
1130,9,764,399,65,178,1,1,1
1131,3,866,388,84,315,1,1,1
1131,4,1139,371,117,362,1,1,1
1131,5,2026,382,121,296,1,1,1
1131,6,1737,405,68,195,1,1,1
1131,9,763,400,64,177,1,1,1
1132,3,869,389,85,316,1,1,1
1132,4,1137,371,118,362,1,1,1
1132,5,2033,383,117,296,1,1,1
1132,6,1737,405,69,196,1,1,1
1132,9,764,400,64,178,1,1,1
1133,3,871,389,86,316,1,1,1
1133,4,1134,371,118,361,1,1,1
1133,5,2041,383,112,297,1,1,1
1133,6,1736,405,70,197,1,1,1
1133,9,763,401,64,177,1,1,1
1134,3,873,390,87,316,1,1,1
1134,4,1131,371,118,359,1,1,1
1134,5,2048,383,107,297,1,1,1
1134,6,1735,406,71,196,1,1,1
1134,9,763,401,64,178,1,1,1
1135,3,875,390,88,316,1,1,1
1135,4,1128,371,119,358,1,1,1
1135,5,2056,383,102,298,1,1,1
1135,6,1734,406,72,197,1,1,1
1135,9,762,401,64,178,1,1,1
1136,1,1163,368,103,273,1,1,1
1136,3,877,390,88,316,1,1,1
1136,4,1125,370,118,357,1,1,1
1136,5,2062,382,97,298,1,1,1
1136,6,1733,405,71,197,1,1,1
1136,9,761,401,64,177,1,1,1
1137,1,1166,369,100,274,1,1,1
1137,3,882,392,98,315,1,1,1
1137,4,1114,372,127,356,1,1,1
1137,5,2063,383,98,299,1,1,1
1137,6,1733,406,71,198,1,1,1
1137,9,761,403,64,177,1,1,1
1138,1,1169,370,97,274,1,1,1
1138,3,887,393,107,315,1,1,1
1138,4,1103,374,136,354,1,1,1
1138,5,2063,384,99,300,1,1,1
1138,6,1733,407,70,198,1,1,1
1138,9,760,404,64,177,1,1,1
1139,1,1171,370,94,275,1,1,1
1139,3,891,395,117,314,1,1,1
1139,4,1091,376,145,352,1,1,1
1139,5,2064,384,99,301,1,1,1
1139,6,1733,408,69,197,1,1,1
1139,9,760,405,64,177,1,1,1
1140,1,1174,371,90,274,1,1,1
1140,3,896,396,126,313,1,1,1
1140,4,1079,378,155,351,1,1,1
1140,5,2064,385,99,301,1,1,1
1140,6,1733,408,68,198,1,1,1
1140,9,759,406,64,177,1,1,1
1141,1,1176,371,87,275,1,1,1
1141,2,1146,391,93,275,1,1,1
1141,3,900,398,136,312,1,1,1
1141,4,1067,379,163,349,1,1,1
1141,5,2064,385,100,302,1,1,1
1141,6,1732,408,67,197,1,1,1
1141,9,758,406,63,177,1,1,1
1142,1,1174,372,88,275,1,1,1
1142,2,1144,392,96,276,1,1,1
1142,3,901,399,139,312,1,1,1
1142,4,1064,380,166,349,1,1,1
1142,5,2062,386,103,302,1,1,1
1142,6,1732,409,67,197,1,1,1
1142,9,758,407,63,178,1,1,1
1143,1,1172,372,88,275,1,1,1
1143,2,1143,393,97,275,1,1,1
1143,3,901,399,142,312,1,1,1
1143,4,1060,381,170,349,1,1,1
1143,5,2060,387,106,301,1,1,1
1143,6,1732,410,67,197,1,1,1
1143,9,758,407,63,178,1,1,1
1144,1,1170,373,89,275,1,1,1
1144,2,1141,394,100,274,1,1,1
1144,3,901,400,145,311,1,1,1
1144,4,1056,382,173,348,1,1,1
1144,5,2058,387,109,302,1,1,1
1144,6,1731,411,67,196,1,1,1
1144,9,757,407,64,179,1,1,1
1145,1,1168,373,89,276,1,1,1
1145,2,1139,394,102,275,1,1,1
1145,3,901,400,148,312,1,1,1
1145,4,1053,383,175,347,1,1,1
1145,5,2057,388,110,301,1,1,1
1145,6,1730,412,68,196,1,1,1
1145,9,757,407,63,179,1,1,1
1146,1,1165,373,89,275,1,1,1
1146,2,1137,394,104,274,1,1,1
1146,3,901,400,151,311,1,1,1
1146,4,1048,384,178,346,1,1,1
1146,5,2054,388,113,300,1,1,1
1146,6,1729,412,67,195,1,1,1
1146,9,756,407,62,179,1,1,1
1147,1,1167,374,88,277,1,1,1
1147,2,1136,395,106,274,1,1,1
1147,3,910,400,145,313,1,1,1
1147,4,1048,384,171,347,1,1,1
1147,5,2052,390,116,301,1,1,1
1147,6,1729,413,68,195,1,1,1
1147,9,756,408,63,179,1,1,1
1148,1,1169,374,85,278,1,1,1
1148,2,1135,395,107,273,1,1,1
1148,3,919,400,139,313,1,1,1
1148,4,1048,383,163,349,1,1,1
1148,5,2050,391,117,302,1,1,1
1148,6,1729,413,68,196,1,1,1
1148,9,756,408,63,179,1,1,1
1149,1,1171,375,83,278,1,1,1
1149,2,1134,395,109,273,1,1,1
1149,3,928,400,132,314,1,1,1
1149,4,1047,383,155,349,1,1,1
1149,5,2047,393,120,302,1,1,1
1149,6,1728,414,68,195,1,1,1
1149,9,755,408,64,180,1,1,1
1150,1,1172,375,81,279,1,1,1
1150,2,1133,395,110,273,1,1,1
1150,3,937,400,126,314,1,1,1
1150,4,1047,382,147,351,1,1,1
1150,5,2045,394,122,303,1,1,1
1150,6,1728,414,68,195,1,1,1
1150,9,755,409,64,179,1,1,1
1151,1,1173,375,79,280,1,1,1
1151,2,1131,395,112,272,1,1,1
1151,3,945,399,119,315,1,1,1
1151,4,1046,381,138,351,1,1,1
1151,5,2042,395,124,303,1,1,1
1151,6,1727,414,67,195,1,1,1
1151,9,754,408,64,179,1,1,1
1152,1,1164,375,89,281,1,1,1
1152,2,1130,395,111,272,1,1,1
1152,3,947,399,123,317,1,1,1
1152,4,1033,381,140,351,1,1,1
1152,5,2041,395,123,304,1,1,1
1152,6,1727,414,68,195,1,1,1
1152,9,754,409,64,179,1,1,1
1153,1,1154,375,99,281,1,1,1
1153,2,1129,395,110,271,1,1,1
1153,3,948,399,126,318,1,1,1
1153,4,1020,381,140,351,1,1,1
1153,5,2039,395,123,304,1,1,1
1153,6,1727,414,67,195,1,1,1
1153,9,754,410,64,179,1,1,1
1154,1,1145,374,107,282,1,1,1
1154,2,1128,395,108,270,1,1,1
1154,3,949,399,130,320,1,1,1
1154,4,1007,380,140,351,1,1,1
1154,5,2038,395,122,304,1,1,1
1154,6,1727,414,66,194,1,1,1
1154,9,753,410,65,179,1,1,1
1155,1,1135,374,117,282,1,1,1
1155,2,1126,395,108,269,1,1,1
1155,3,951,399,132,321,1,1,1
1155,4,994,379,140,351,1,1,1
1155,5,2037,395,121,303,1,1,1
1155,6,1727,414,65,194,1,1,1
1155,9,753,411,64,178,1,1,1
1156,1,1125,374,126,281,1,1,1
1156,2,1125,394,106,268,1,1,1
1156,3,951,399,136,322,1,1,1
1156,4,980,378,140,350,1,1,1
1156,5,2035,394,120,303,1,1,1
1156,6,1726,413,64,193,1,1,1
1156,9,752,411,63,177,1,1,1
1157,1,1125,375,127,281,1,1,1
1157,2,1125,395,108,268,1,1,1
1157,3,956,399,140,323,1,1,1
1157,4,981,379,139,351,1,1,1
1157,5,2035,394,119,305,1,1,1
1157,6,1727,414,65,194,1,1,1
1157,9,753,411,64,178,1,1,1
1158,1,1124,375,129,281,1,1,1
1158,2,1125,395,109,268,1,1,1
1158,3,961,399,143,323,1,1,1
1158,4,982,379,137,351,1,1,1
1158,5,2035,393,117,306,1,1,1
1158,6,1726,414,66,194,1,1,1
1158,9,752,411,65,178,1,1,1
1159,1,1124,376,129,281,1,1,1
1159,2,1125,396,110,267,1,1,1
1159,3,965,399,147,323,1,1,1
1159,4,983,379,135,351,1,1,1
1159,5,2035,392,116,308,1,1,1
1159,6,1726,414,66,194,1,1,1
1159,9,752,411,65,178,1,1,1
1160,1,1123,376,131,281,1,1,1
1160,2,1124,396,112,267,1,1,1
1160,3,970,399,150,323,1,1,1
1160,4,983,379,133,352,1,1,1
1160,5,2034,392,115,308,1,1,1
1160,6,1726,413,66,195,1,1,1
1160,9,752,411,65,177,1,1,1
1161,1,1122,376,131,280,1,1,1
1161,2,1124,396,112,266,1,1,1
1161,3,974,399,154,323,1,1,1
1161,4,984,379,130,351,1,1,1
1161,5,2034,390,113,310,1,1,1
1161,6,1725,413,66,195,1,1,1
1161,9,751,410,65,177,1,1,1
1162,1,1124,376,130,281,1,1,1
1162,2,1127,396,110,267,1,1,1
1162,3,976,398,148,325,1,1,1
1162,4,987,378,126,353,1,1,1
1162,5,2034,390,111,312,1,1,1
1162,6,1726,413,67,195,1,1,1
1162,9,752,411,65,177,1,1,1
1163,1,1126,375,128,282,1,1,1
1163,2,1129,396,109,267,1,1,1
1163,3,977,397,142,326,1,1,1
1163,4,990,378,120,353,1,1,1
1163,5,2033,389,110,314,1,1,1
1163,6,1727,414,66,194,1,1,1
1163,9,752,411,65,177,1,1,1
1164,1,1128,375,126,282,1,1,1
1164,2,1132,395,106,268,1,1,1
1164,3,979,396,136,327,1,1,1
1164,4,993,377,115,354,1,1,1
1164,5,2033,387,107,317,1,1,1
1164,6,1727,414,67,193,1,1,1
1164,9,753,411,64,177,1,1,1
1165,1,1130,374,124,283,1,1,1
1165,2,1134,395,104,268,1,1,1
1165,3,981,395,129,329,1,1,1
1165,4,995,376,110,355,1,1,1
1165,5,2032,386,106,319,1,1,1
1165,6,1727,414,67,193,1,1,1
1165,9,753,411,64,176,1,1,1
1166,1,1131,373,122,283,1,1,1
1166,2,1137,394,101,268,1,1,1
1166,3,982,394,123,329,1,1,1
1166,4,998,375,104,355,1,1,1
1166,5,2031,385,103,321,1,1,1
1166,6,1727,413,66,192,1,1,1
1166,9,753,411,63,175,1,1,1
1167,1,1134,373,120,283,1,1,1
1167,2,1139,395,102,269,1,1,1
1167,4,1001,375,103,356,1,1,1
1167,5,2030,386,103,321,1,1,1
1167,6,1728,414,66,193,1,1,1
1167,9,754,411,64,176,1,1,1
1168,1,1136,373,118,283,1,1,1
1168,2,1141,395,101,269,1,1,1
1168,4,1004,375,100,356,1,1,1
1168,5,2029,386,102,322,1,1,1
1168,6,1728,414,66,193,1,1,1
1168,9,754,411,64,176,1,1,1
1169,1,1138,373,116,282,1,1,1
1169,2,1143,395,101,270,1,1,1
1169,4,1008,375,97,356,1,1,1
1169,5,2028,387,100,321,1,1,1
1169,6,1727,414,67,193,1,1,1
1169,9,754,411,64,176,1,1,1
1170,1,1140,373,115,282,1,1,1
1170,2,1145,395,101,270,1,1,1
1170,4,1011,376,95,355,1,1,1
1170,5,2026,388,100,321,1,1,1
1170,6,1727,414,67,193,1,1,1
1170,9,754,410,64,177,1,1,1
1171,1,1141,372,113,281,1,1,1
1171,2,1146,395,100,270,1,1,1
1171,4,1013,375,93,354,1,1,1
1171,5,2025,388,98,321,1,1,1
1171,6,1727,413,67,193,1,1,1
1171,9,753,410,64,176,1,1,1
1172,1,1144,373,116,282,1,1,1
1172,2,1145,396,103,270,1,1,1
1172,4,1014,376,94,355,1,1,1
1172,5,2019,388,103,322,1,1,1
1172,6,1727,414,68,194,1,1,1
1172,9,753,410,65,177,1,1,1
1173,1,1145,373,120,282,1,1,1
1173,2,1143,396,107,270,1,1,1
1173,4,1014,377,96,354,1,1,1
1173,5,2013,388,106,322,1,1,1
1173,6,1727,414,68,194,1,1,1
1173,9,753,409,65,178,1,1,1
1174,1,1147,374,123,282,1,1,1
1174,2,1141,397,110,269,1,1,1
1174,4,1014,377,97,354,1,1,1
1174,5,2007,388,110,322,1,1,1
1174,6,1727,415,68,194,1,1,1
1174,9,753,409,65,178,1,1,1
1175,1,1149,374,126,282,1,1,1
1175,2,1139,397,113,269,1,1,1
1175,4,1013,378,100,353,1,1,1
1175,5,2000,388,115,322,1,1,1
1175,6,1727,415,68,194,1,1,1
1175,9,753,409,65,178,1,1,1
1176,1,1150,374,129,282,1,1,1
1176,2,1136,397,116,268,1,1,1
1176,4,1013,378,100,352,1,1,1
1176,5,1994,387,119,322,1,1,1
1176,6,1726,415,68,194,1,1,1
1176,9,752,408,65,178,1,1,1
1177,1,1153,374,128,283,1,1,1
1177,2,1138,397,119,269,1,1,1
1177,4,1015,378,99,352,1,1,1
1177,5,1994,387,118,324,1,1,1
1177,6,1727,415,68,194,1,1,1
1177,9,753,408,66,179,1,1,1
1178,1,1155,375,127,282,1,1,1
1178,2,1140,396,121,270,1,1,1
1178,4,1016,377,97,353,1,1,1
1178,5,1994,386,116,326,1,1,1
1178,6,1728,415,68,194,1,1,1
1178,9,754,408,65,179,1,1,1
1179,1,1157,375,126,282,1,1,1
1179,2,1141,395,124,271,1,1,1
1179,4,1018,376,95,353,1,1,1
1179,5,1994,385,115,328,1,1,1
1179,6,1729,414,67,195,1,1,1
1179,9,754,408,66,179,1,1,1
1180,1,1159,375,125,282,1,1,1
1180,2,1143,394,125,272,1,1,1
1180,4,1019,375,93,354,1,1,1
1180,5,1994,384,113,331,1,1,1
1180,6,1729,414,67,195,1,1,1
1180,9,755,408,65,179,1,1,1
1181,1,1161,375,123,281,1,1,1
1181,2,1144,393,128,273,1,1,1
1181,4,1020,374,91,354,1,1,1
1181,5,1993,382,111,333,1,1,1
1181,6,1729,413,66,194,1,1,1
1181,9,755,408,65,178,1,1,1
1182,1,1167,375,120,281,1,1,1
1182,2,1145,393,129,274,1,1,1
1182,4,1019,375,93,354,1,1,1
1182,5,1992,382,112,334,1,1,1
1182,6,1731,414,67,195,1,1,1
1182,9,756,408,65,178,1,1,1
1183,1,1174,375,115,281,1,1,1
1183,2,1146,393,130,275,1,1,1
1183,4,1018,375,94,354,1,1,1
1183,5,1990,382,113,334,1,1,1
1183,6,1732,414,67,195,1,1,1
1183,9,756,408,66,178,1,1,1
1184,1,1180,375,111,281,1,1,1
1184,2,1147,393,131,276,1,1,1
1184,4,1017,375,96,354,1,1,1
1184,5,1988,382,113,334,1,1,1
1184,6,1733,414,67,195,1,1,1
1184,9,757,408,65,178,1,1,1
1185,1,1186,375,107,281,1,1,1
1185,2,1148,392,132,277,1,1,1
1185,4,1015,375,98,354,1,1,1
1185,5,1986,382,113,334,1,1,1
1185,6,1734,414,67,195,1,1,1
1185,9,758,408,65,177,1,1,1
1186,1,1192,374,102,280,1,1,1
1186,2,1148,392,133,278,1,1,1
1186,4,1013,375,99,353,1,1,1
1186,5,1983,381,114,334,1,1,1
1186,6,1734,413,67,195,1,1,1
1186,9,758,407,65,177,1,1,1
1187,1,1198,374,99,281,1,1,1
1187,2,1149,392,127,279,1,1,1
1187,4,1015,375,103,354,1,1,1
1187,5,1975,382,121,335,1,1,1
1187,6,1734,414,68,196,1,1,1
1187,9,758,407,66,178,1,1,1
1188,1,1203,374,96,281,1,1,1
1188,2,1149,392,120,280,1,1,1
1188,4,1017,374,106,355,1,1,1
1188,5,1966,382,128,335,1,1,1
1188,6,1734,414,68,196,1,1,1
1188,9,759,406,65,179,1,1,1
1189,1,1209,374,92,281,1,1,1
1189,2,1149,392,113,281,1,1,1
1189,4,1018,374,110,355,1,1,1
1189,5,1957,382,135,335,1,1,1
1189,6,1734,414,68,197,1,1,1
1189,9,759,406,65,179,1,1,1
1190,1,1215,374,88,281,1,1,1
1190,2,1149,392,106,282,1,1,1
1190,4,1020,374,114,355,1,1,1
1190,5,1948,382,142,336,1,1,1
1190,6,1733,413,68,198,1,1,1
1190,9,759,405,66,180,1,1,1
1191,1,1220,373,84,280,1,1,1
1191,2,1149,391,98,283,1,1,1
1191,4,1020,373,117,355,1,1,1
1191,5,1938,381,149,336,1,1,1
1191,6,1733,413,68,197,1,1,1
1191,9,759,404,65,180,1,1,1
1192,1,1222,375,83,280,1,1,1
1192,2,1150,392,95,283,1,1,1
1192,4,1018,374,124,356,1,1,1
1192,5,1930,383,155,336,1,1,1
1192,6,1734,414,68,197,1,1,1
1192,9,760,405,66,180,1,1,1
1193,1,1224,375,82,281,1,1,1
1193,2,1150,393,92,282,1,1,1
1193,4,1014,375,131,355,1,1,1
1193,5,1922,383,160,336,1,1,1
1193,6,1735,414,68,197,1,1,1
1193,9,761,406,65,179,1,1,1
1194,1,1226,376,80,280,1,1,1
1194,2,1150,393,88,283,1,1,1
1194,4,1011,375,137,356,1,1,1
1194,5,1913,384,166,335,1,1,1
1194,6,1735,414,69,197,1,1,1
1194,9,762,407,65,178,1,1,1
1195,1,1227,376,79,281,1,1,1
1195,2,1150,394,85,282,1,1,1
1195,4,1008,376,144,356,1,1,1
1195,5,1905,385,171,335,1,1,1
1195,6,1736,414,69,197,1,1,1
1195,9,763,407,64,178,1,1,1
1196,1,1229,376,77,280,1,1,1
1196,2,1150,394,81,281,1,1,1
1196,4,1004,376,150,356,1,1,1
1196,5,1895,385,177,334,1,1,1
1196,6,1736,414,69,196,1,1,1
1196,9,763,408,63,176,1,1,1
1197,1,1232,378,82,280,1,1,1
1197,2,1150,395,79,282,1,1,1
1197,4,1004,377,153,356,1,1,1
1197,5,1894,387,174,335,1,1,1
1197,6,1738,416,68,196,1,1,1
1197,9,765,408,63,177,1,1,1
1198,1,1234,379,88,280,1,1,1
1198,2,1150,396,77,281,1,1,1
1198,4,1003,378,156,355,1,1,1
1198,5,1893,388,170,335,1,1,1
1198,6,1739,417,67,196,1,1,1
1198,9,766,408,63,178,1,1,1
1199,1,1237,380,92,279,1,1,1
1199,2,1150,396,74,282,1,1,1
1199,4,1003,379,159,354,1,1,1
1199,5,1891,390,167,334,1,1,1
1199,6,1740,418,66,196,1,1,1
1199,9,767,408,63,178,1,1,1
1200,1,1239,381,98,279,1,1,1
1200,2,1150,397,72,282,1,1,1
1200,4,1002,380,162,353,1,1,1
1200,5,1890,391,163,334,1,1,1
1200,6,1742,419,64,196,1,1,1
1200,9,768,408,63,179,1,1,1
1201,1,1241,381,103,279,1,1,1
1201,2,1150,397,68,281,1,1,1
1201,3,1052,400,106,307,1,1,1
1201,4,1001,381,164,351,1,1,1
1201,5,1888,392,160,333,1,1,1
1201,6,1743,420,63,195,1,1,1
1201,9,768,408,63,179,1,1,1
1202,1,1245,383,104,279,1,1,1
1202,2,1141,398,76,282,1,1,1
1202,3,1046,402,116,308,1,1,1
1202,4,1003,382,163,351,1,1,1
1202,5,1888,393,159,334,1,1,1
1202,6,1743,421,64,195,1,1,1
1202,9,769,409,63,179,1,1,1
1203,1,1248,384,106,278,1,1,1
1203,2,1131,399,83,282,1,1,1
1203,3,1041,403,123,308,1,1,1
1203,4,1004,383,162,351,1,1,1
1203,5,1888,394,157,333,1,1,1
1203,6,1743,422,65,195,1,1,1
1203,9,770,410,62,178,1,1,1
1204,1,1252,384,106,279,1,1,1
1204,2,1121,400,91,282,1,1,1
1204,3,1035,404,131,308,1,1,1
1204,4,1005,384,160,350,1,1,1
1204,5,1888,395,155,333,1,1,1
1204,6,1743,423,66,195,1,1,1
1204,9,771,412,61,177,1,1,1
1205,1,1255,385,108,279,1,1,1
1205,2,1112,401,98,282,1,1,1
1205,3,1029,405,140,308,1,1,1
1205,4,1006,384,159,351,1,1,1
1205,5,1888,396,153,333,1,1,1
1205,6,1743,424,66,194,1,1,1
1205,9,772,413,60,176,1,1,1
1206,1,1258,386,109,278,1,1,1
1206,2,1101,401,105,281,1,1,1
1206,3,1023,406,148,308,1,1,1
1206,4,1007,385,157,350,1,1,1
1206,5,1887,396,150,333,1,1,1
1206,6,1743,425,66,193,1,1,1
1206,9,772,413,60,175,1,1,1
1207,1,1258,387,111,279,1,1,1
1207,3,1033,407,141,310,1,1,1
1207,4,1004,386,155,350,1,1,1
1207,5,1889,397,141,333,1,1,1
1207,6,1743,426,67,194,1,1,1
1207,9,773,415,60,175,1,1,1
1208,1,1258,388,113,279,1,1,1
1208,3,1042,407,136,313,1,1,1
1208,4,1001,387,152,349,1,1,1
1208,5,1889,397,132,333,1,1,1
1208,6,1743,426,68,195,1,1,1
1208,9,774,415,60,176,1,1,1
1209,1,1258,389,114,279,1,1,1
1209,3,1051,407,130,315,1,1,1
1209,4,998,387,150,350,1,1,1
1209,5,1890,397,122,334,1,1,1
1209,6,1743,427,68,194,1,1,1
1209,9,774,416,61,175,1,1,1
1210,1,1258,391,116,278,1,1,1
1210,3,1061,407,123,317,1,1,1
1210,4,995,388,147,349,1,1,1
1210,5,1891,398,112,333,1,1,1
1210,6,1743,428,68,194,1,1,1
1210,9,775,417,61,174,1,1,1
1211,1,1258,391,116,278,1,1,1
1211,3,1070,407,116,319,1,1,1
1211,4,991,388,144,349,1,1,1
1211,5,1891,398,102,333,1,1,1
1211,6,1742,428,68,194,1,1,1
1211,9,775,417,61,174,1,1,1
1212,1,1261,393,114,278,1,1,1
1212,3,1076,408,117,319,1,1,1
1212,4,989,390,140,349,1,1,1
1212,5,1885,399,106,334,1,1,1
1212,6,1743,430,68,194,1,1,1
1212,9,776,419,61,174,1,1,1
1213,1,1265,394,110,278,1,1,1
1213,3,1082,409,117,319,1,1,1
1213,4,986,391,135,349,1,1,1
1213,5,1878,400,109,334,1,1,1
1213,6,1743,431,69,194,1,1,1
1213,9,776,420,62,174,1,1,1
1214,1,1268,395,107,278,1,1,1
1214,3,1088,409,117,319,1,1,1
1214,4,983,392,131,349,1,1,1
1214,5,1871,401,112,334,1,1,1
1214,6,1744,432,68,194,1,1,1
1214,9,776,421,62,174,1,1,1
1215,1,1271,396,105,278,1,1,1
1215,3,1094,410,117,319,1,1,1
1215,4,980,393,127,349,1,1,1
1215,5,1864,402,115,334,1,1,1
1215,6,1744,434,68,193,1,1,1
1215,9,776,422,62,174,1,1,1
1216,1,1274,396,101,278,1,1,1
1216,3,1100,410,117,318,1,1,1
1216,4,977,394,121,349,1,1,1
1216,5,1856,403,118,333,1,1,1
1216,6,1744,435,68,193,1,1,1
1216,9,775,422,62,174,1,1,1
1217,1,1283,397,93,278,1,1,1
1217,3,1101,411,121,319,1,1,1
1217,4,975,395,124,348,1,1,1
1217,5,1847,404,124,333,1,1,1
1217,6,1745,436,68,193,1,1,1
1217,9,776,423,63,174,1,1,1
1218,1,1292,397,84,278,1,1,1
1218,3,1102,412,125,319,1,1,1
1218,4,973,395,125,348,1,1,1
1218,5,1838,406,128,331,1,1,1
1218,6,1746,436,68,193,1,1,1
1218,9,777,423,63,174,1,1,1
1219,1,1301,398,75,277,1,1,1
1219,3,1103,413,129,318,1,1,1
1219,4,970,396,128,347,1,1,1
1219,5,1829,407,133,331,1,1,1
1219,6,1746,437,69,193,1,1,1
1219,9,778,423,62,174,1,1,1
1220,1,1310,398,66,278,1,1,1
1220,3,1104,413,133,319,1,1,1
1220,4,968,396,129,347,1,1,1
1220,5,1819,408,139,330,1,1,1
1220,6,1747,437,69,194,1,1,1
1220,9,779,423,62,175,1,1,1
1221,1,1318,398,57,277,1,1,1
1221,2,1070,414,115,282,1,1,1
1221,3,1105,413,136,318,1,1,1
1221,4,965,396,131,345,1,1,1
1221,5,1809,409,143,329,1,1,1
1221,6,1747,437,68,193,1,1,1
1221,9,779,422,62,175,1,1,1
1222,1,1322,400,63,277,1,1,1
1222,2,1067,414,112,283,1,1,1
1222,3,1110,415,138,318,1,1,1
1222,4,965,397,131,346,1,1,1
1222,5,1809,409,143,329,1,1,1
1222,6,1749,438,68,194,1,1,1
1222,9,780,423,62,175,1,1,1
1223,1,1325,400,70,277,1,1,1
1223,2,1063,413,109,285,1,1,1
1223,3,1114,416,139,318,1,1,1
1223,4,965,398,130,347,1,1,1
1223,5,1809,410,141,329,1,1,1
1223,6,1749,439,68,194,1,1,1
1223,9,781,424,62,174,1,1,1
1224,1,1329,401,75,277,1,1,1
1224,2,1060,413,105,285,1,1,1
1224,3,1118,417,140,318,1,1,1
1224,4,965,399,130,347,1,1,1
1224,5,1809,410,139,329,1,1,1
1224,6,1750,440,67,193,1,1,1
1224,9,782,424,61,175,1,1,1
1225,1,1332,402,81,277,1,1,1
1225,2,1057,412,102,286,1,1,1
1225,3,1122,419,141,317,1,1,1
1225,4,965,399,129,348,1,1,1
1225,5,1809,410,138,329,1,1,1
1225,6,1750,441,67,193,1,1,1
1225,9,783,425,60,174,1,1,1
1226,1,1335,403,86,277,1,1,1
1226,2,1053,411,98,286,1,1,1
1226,3,1126,419,142,316,1,1,1
1226,4,964,400,129,347,1,1,1
1226,5,1808,410,136,329,1,1,1
1226,6,1751,441,65,192,1,1,1
1226,9,784,425,59,173,1,1,1
1227,1,1337,404,93,277,1,1,1
1227,2,1052,413,95,288,1,1,1
1227,3,1131,421,141,318,1,1,1
1227,4,963,401,130,348,1,1,1
1227,5,1809,411,130,331,1,1,1
1227,6,1751,443,67,193,1,1,1
1227,9,785,426,60,174,1,1,1
1228,1,1338,405,99,277,1,1,1
1228,2,1051,414,91,290,1,1,1
1228,3,1136,422,140,319,1,1,1
1228,4,962,403,131,347,1,1,1
1228,5,1809,411,124,333,1,1,1
1228,6,1752,444,67,193,1,1,1
1228,9,785,427,61,174,1,1,1
1229,1,1339,406,106,278,1,1,1
1229,2,1050,415,88,292,1,1,1
1229,3,1141,423,139,320,1,1,1
1229,4,961,404,131,347,1,1,1
1229,5,1810,411,118,335,1,1,1
1229,6,1752,446,68,192,1,1,1
1229,9,786,428,62,175,1,1,1
1230,1,1341,408,112,277,1,1,1
1230,2,1049,417,84,292,1,1,1
1230,3,1146,424,137,321,1,1,1
1230,4,960,405,131,347,1,1,1
1230,5,1810,411,112,338,1,1,1
1230,6,1752,447,69,193,1,1,1
1230,9,786,428,63,176,1,1,1
1231,1,1341,408,118,277,1,1,1
1231,2,1047,417,80,294,1,1,1
1231,3,1151,424,135,322,1,1,1
1231,4,958,406,131,346,1,1,1
1231,5,1810,411,105,339,1,1,1
1231,6,1752,448,69,192,1,1,1
1231,9,786,429,63,175,1,1,1
1232,1,1343,410,119,277,1,1,1
1232,2,1043,419,85,293,1,1,1
1232,3,1156,425,134,323,1,1,1
1232,4,957,406,135,346,1,1,1
1232,5,1801,412,112,339,1,1,1
1232,6,1753,449,70,193,1,1,1
1232,9,788,430,63,175,1,1,1
1233,1,1343,410,120,277,1,1,1
1233,2,1039,420,90,292,1,1,1
1233,3,1160,425,132,324,1,1,1
1233,4,956,406,138,344,1,1,1
1233,5,1793,413,116,339,1,1,1
1233,6,1754,449,69,193,1,1,1
1233,9,789,430,63,176,1,1,1
1234,1,1344,411,121,277,1,1,1
1234,2,1034,421,95,290,1,1,1
1234,3,1164,425,131,324,1,1,1
1234,4,955,406,140,343,1,1,1
1234,5,1784,414,121,338,1,1,1
1234,6,1755,449,68,194,1,1,1
1234,9,791,431,62,175,1,1,1
1235,1,1345,412,121,276,1,1,1
1235,2,1030,422,100,289,1,1,1
1235,3,1168,425,129,325,1,1,1
1235,4,953,406,144,341,1,1,1
1235,5,1775,415,127,338,1,1,1
1235,6,1755,450,69,193,1,1,1
1235,9,792,431,61,176,1,1,1
1236,1,1346,413,122,276,1,1,1
1236,2,1025,423,105,288,1,1,1
1236,3,1172,425,128,326,1,1,1
1236,4,952,406,146,340,1,1,1
1236,5,1766,416,132,337,1,1,1
1236,6,1756,450,68,194,1,1,1
1236,9,793,432,61,175,1,1,1
1237,1,1350,413,119,276,1,1,1
1237,2,1022,423,107,291,1,1,1
1237,3,1181,425,126,327,1,1,1
1237,4,951,407,145,339,1,1,1
1237,5,1754,417,139,337,1,1,1
1237,6,1757,451,66,194,1,1,1
1237,9,794,432,61,175,1,1,1
1238,1,1355,413,115,276,1,1,1
1238,2,1019,423,108,293,1,1,1
1238,3,1189,425,125,329,1,1,1
1238,4,950,408,143,339,1,1,1
1238,5,1743,418,145,337,1,1,1
1238,6,1758,452,64,194,1,1,1
1238,9,794,433,62,175,1,1,1
1239,1,1359,413,111,276,1,1,1
1239,2,1016,423,110,296,1,1,1
1239,3,1198,425,123,330,1,1,1
1239,4,949,408,142,339,1,1,1
1239,5,1731,419,152,337,1,1,1
1239,6,1759,452,63,194,1,1,1
1239,9,795,433,62,175,1,1,1
1240,1,1363,414,108,276,1,1,1
1240,2,1013,423,111,298,1,1,1
1240,3,1207,425,121,331,1,1,1
1240,4,948,409,140,339,1,1,1
1240,5,1720,420,159,337,1,1,1
1240,6,1760,453,61,194,1,1,1
1240,9,796,434,62,175,1,1,1
1241,1,1367,413,104,276,1,1,1
1241,2,1010,423,112,300,1,1,1
1241,3,1215,424,118,333,1,1,1
1241,4,947,410,138,338,1,1,1
1241,5,1708,420,165,337,1,1,1
1241,6,1761,453,59,194,1,1,1
1241,9,796,434,62,175,1,1,1
1242,1,1377,414,97,276,1,1,1
1242,2,1009,424,107,300,1,1,1
1242,3,1221,426,118,333,1,1,1
1242,4,947,410,138,338,1,1,1
1242,5,1707,421,166,337,1,1,1
1242,9,796,435,63,175,1,1,1
1243,1,1386,415,91,276,1,1,1
1243,2,1008,424,101,301,1,1,1
1243,3,1226,427,117,334,1,1,1
1243,4,947,410,137,337,1,1,1
1243,5,1705,422,167,337,1,1,1
1243,9,796,435,63,175,1,1,1
1244,1,1395,416,84,276,1,1,1
1244,2,1007,424,95,301,1,1,1
1244,3,1231,428,116,334,1,1,1
1244,4,947,410,136,337,1,1,1
1244,5,1703,422,168,337,1,1,1
1244,9,796,435,63,175,1,1,1
1245,1,1404,416,77,276,1,1,1
1245,2,1006,424,89,302,1,1,1
1245,3,1236,429,115,335,1,1,1
1245,4,947,411,135,336,1,1,1
1245,5,1702,422,168,338,1,1,1
1245,9,796,436,63,175,1,1,1
1246,1,1413,417,70,275,1,1,1
1246,2,1004,423,82,302,1,1,1
1246,3,1240,430,114,335,1,1,1
1246,4,946,410,133,335,1,1,1
1246,5,1700,422,169,337,1,1,1
1246,9,795,436,62,175,1,1,1
1247,1,1416,418,74,275,1,1,1
1247,3,1241,431,119,336,1,1,1
1247,4,946,411,133,335,1,1,1
1247,5,1700,423,163,336,1,1,1
1247,9,796,436,63,175,1,1,1
1248,1,1419,418,77,276,1,1,1
1248,3,1241,433,124,337,1,1,1
1248,4,944,411,134,335,1,1,1
1248,5,1699,422,158,336,1,1,1
1248,9,796,436,62,175,1,1,1
1249,1,1421,419,81,275,1,1,1
1249,3,1241,434,129,338,1,1,1
1249,4,943,411,133,335,1,1,1
1249,5,1699,422,151,334,1,1,1
1249,9,796,436,62,175,1,1,1
1250,1,1424,420,84,274,1,1,1
1250,3,1241,435,134,340,1,1,1
1250,4,941,411,134,335,1,1,1
1250,5,1699,422,145,333,1,1,1
1250,9,797,435,61,176,1,1,1
1251,1,1426,420,87,274,1,1,1
1251,3,1240,436,138,340,1,1,1
1251,4,940,411,133,334,1,1,1
1251,5,1698,421,139,332,1,1,1
1251,9,796,435,61,176,1,1,1
1252,1,1427,421,94,273,1,1,1
1252,3,1247,435,134,342,1,1,1
1252,4,939,412,132,332,1,1,1
1252,5,1698,422,130,331,1,1,1
1252,9,797,435,61,176,1,1,1
1253,1,1426,421,102,272,1,1,1
1253,3,1254,435,128,342,1,1,1
1253,4,939,412,129,331,1,1,1
1253,5,1697,422,121,330,1,1,1
1253,9,798,435,59,175,1,1,1
1254,1,1426,421,109,271,1,1,1
1254,3,1261,434,123,343,1,1,1
1254,4,938,413,128,329,1,1,1
1254,5,1696,422,112,329,1,1,1
1254,9,798,435,59,175,1,1,1
1255,1,1426,422,116,269,1,1,1
1255,3,1267,433,118,344,1,1,1
1255,4,937,413,127,328,1,1,1
1255,5,1696,423,102,327,1,1,1
1255,9,799,435,58,174,1,1,1
1256,1,1426,421,122,268,1,1,1
1256,3,1273,432,112,344,1,1,1
1256,4,936,413,125,326,1,1,1
1256,5,1694,422,93,326,1,1,1
1256,6,1762,459,67,193,1,1,1
1256,9,798,435,57,172,1,1,1
1257,1,1427,422,124,269,1,1,1
1257,3,1284,432,108,345,1,1,1
1257,4,937,413,122,326,1,1,1
1257,5,1679,423,105,326,1,1,1
1257,6,1763,459,67,194,1,1,1
1257,9,799,435,58,173,1,1,1
1258,1,1428,422,125,269,1,1,1
1258,3,1295,431,102,345,1,1,1
1258,4,938,413,118,326,1,1,1
1258,5,1664,423,115,326,1,1,1
1258,6,1763,459,68,193,1,1,1
1258,9,799,435,59,173,1,1,1
1259,1,1429,423,126,269,1,1,1
1259,3,1305,430,97,346,1,1,1
1259,4,939,412,114,326,1,1,1
1259,5,1648,424,126,324,1,1,1
1259,6,1763,459,68,193,1,1,1
1259,9,800,435,59,173,1,1,1
1260,1,1430,423,126,269,1,1,1
1260,3,1316,429,91,346,1,1,1
1260,4,940,412,111,326,1,1,1
1260,5,1632,424,137,324,1,1,1
1260,6,1764,459,67,192,1,1,1
1260,9,800,434,59,174,1,1,1
1261,1,1430,423,127,269,1,1,1
1261,3,1325,428,86,346,1,1,1
1261,4,940,411,107,325,1,1,1
1261,5,1616,424,147,324,1,1,1
1261,6,1763,458,67,192,1,1,1
1261,9,800,434,60,173,1,1,1
1262,1,1433,423,126,270,1,1,1
1262,3,1329,429,97,346,1,1,1
1262,4,942,411,107,325,1,1,1
1262,5,1613,424,150,324,1,1,1
1262,6,1765,459,67,192,1,1,1
1262,9,800,434,60,173,1,1,1
1263,1,1435,423,124,271,1,1,1
1263,3,1332,429,108,346,1,1,1
1263,4,943,411,106,325,1,1,1
1263,5,1610,424,152,323,1,1,1
1263,6,1765,459,68,193,1,1,1
1263,9,800,433,60,174,1,1,1
1264,1,1437,424,122,270,1,1,1
1264,3,1335,429,119,347,1,1,1
1264,4,943,412,107,323,1,1,1
1264,5,1607,425,154,321,1,1,1
1264,6,1766,459,67,194,1,1,1
1264,9,801,433,60,174,1,1,1
1265,1,1439,424,120,271,1,1,1
1265,3,1339,430,129,346,1,1,1
1265,4,944,412,107,322,1,1,1
1265,5,1603,425,156,321,1,1,1
1265,6,1767,459,67,194,1,1,1
1265,9,801,433,60,173,1,1,1
1266,1,1441,423,117,271,1,1,1
1266,3,1341,429,140,346,1,1,1
1266,4,945,411,105,321,1,1,1
1266,5,1600,425,158,320,1,1,1
1266,6,1767,459,66,194,1,1,1
1266,9,801,432,59,173,1,1,1
1267,1,1448,424,115,271,1,1,1
1267,3,1343,431,144,345,1,1,1
1267,4,947,412,109,321,1,1,1
1267,5,1600,425,155,319,1,1,1
1267,6,1768,459,67,194,1,1,1
1267,9,802,432,59,174,1,1,1
1268,1,1454,424,113,270,1,1,1
1268,3,1344,432,148,344,1,1,1
1268,4,949,413,111,320,1,1,1
1268,5,1601,425,151,318,1,1,1
1268,6,1769,459,66,194,1,1,1
1268,9,802,432,60,174,1,1,1
1269,1,1460,423,111,271,1,1,1
1269,3,1346,432,151,345,1,1,1
1269,4,950,413,115,320,1,1,1
1269,5,1601,425,147,317,1,1,1
1269,6,1769,459,66,194,1,1,1
1269,9,803,431,59,175,1,1,1
1270,1,1466,423,109,270,1,1,1
1270,3,1347,433,155,344,1,1,1
1270,4,952,413,117,320,1,1,1
1270,5,1601,425,144,316,1,1,1
1270,6,1770,459,66,193,1,1,1
1270,9,803,431,60,175,1,1,1
1271,1,1472,423,106,269,1,1,1
1271,2,900,416,119,309,1,1,1
1271,3,1348,434,159,342,1,1,1
1271,4,953,413,120,318,1,1,1
1271,5,1601,425,139,314,1,1,1
1271,6,1770,459,65,192,1,1,1
1271,9,803,430,59,175,1,1,1
1272,1,1482,423,100,270,1,1,1
1272,2,900,417,118,309,1,1,1
1272,3,1356,434,153,343,1,1,1
1272,4,959,414,116,320,1,1,1
1272,5,1603,424,128,316,1,1,1
1272,6,1771,460,66,192,1,1,1
1272,9,804,431,60,175,1,1,1
1273,1,1491,423,94,271,1,1,1
1273,2,899,418,116,309,1,1,1
1273,3,1363,433,148,344,1,1,1
1273,4,963,415,113,320,1,1,1
1273,5,1604,423,117,317,1,1,1
1273,6,1771,460,66,192,1,1,1
1273,9,804,432,60,174,1,1,1
1274,1,1500,423,88,271,1,1,1
1274,2,898,418,115,309,1,1,1
1274,3,1371,432,142,346,1,1,1
1274,4,968,415,109,321,1,1,1
1274,5,1606,422,104,318,1,1,1
1274,6,1771,460,67,193,1,1,1
1274,9,805,432,60,174,1,1,1
1275,1,1510,423,81,272,1,1,1
1275,2,897,418,113,310,1,1,1
1275,3,1379,432,136,346,1,1,1
1275,4,973,416,105,321,1,1,1
1275,5,1607,421,93,318,1,1,1
1275,6,1772,460,66,193,1,1,1
1275,9,805,433,60,174,1,1,1
1276,1,1518,422,75,272,1,1,1
1276,2,896,418,111,309,1,1,1
1276,3,1386,431,131,346,1,1,1
1276,4,978,415,101,321,1,1,1
1276,5,1608,420,81,318,1,1,1
1276,6,1771,460,66,192,1,1,1
1276,9,805,433,60,173,1,1,1
1277,1,1520,423,81,273,1,1,1
1277,2,894,419,112,311,1,1,1
1277,3,1400,431,123,349,1,1,1
1277,4,981,415,101,323,1,1,1
1277,5,1598,421,87,319,1,1,1
1277,6,1772,460,67,193,1,1,1
1277,9,805,433,61,174,1,1,1
1278,1,1522,423,85,273,1,1,1
1278,2,892,420,113,312,1,1,1
1278,3,1413,430,115,351,1,1,1
1278,4,985,414,99,324,1,1,1
1278,5,1588,421,93,319,1,1,1
1278,6,1772,460,68,194,1,1,1
1278,9,805,433,61,174,1,1,1
1279,1,1523,423,91,273,1,1,1
1279,2,889,420,114,314,1,1,1
1279,3,1426,430,108,353,1,1,1
1279,4,988,413,99,325,1,1,1
1279,5,1577,421,100,319,1,1,1
1279,6,1773,460,67,194,1,1,1
1279,9,804,433,62,174,1,1,1
1280,1,1525,423,96,274,1,1,1
1280,2,887,421,115,315,1,1,1
1280,3,1439,429,101,356,1,1,1
1280,4,992,412,97,326,1,1,1
1280,5,1567,421,105,319,1,1,1
1280,6,1773,460,68,194,1,1,1
1280,9,804,433,63,174,1,1,1
1281,1,1526,423,100,273,1,1,1
1281,2,884,421,115,316,1,1,1
1281,3,1452,428,92,357,1,1,1
1281,4,995,411,96,326,1,1,1
1281,5,1556,420,111,319,1,1,1
1281,6,1773,459,68,195,1,1,1
1281,9,803,432,63,175,1,1,1
1282,2,883,422,115,316,1,1,1
1282,3,1454,430,107,357,1,1,1
1282,4,999,411,94,327,1,1,1
1282,5,1548,421,120,320,1,1,1
1282,6,1773,459,69,195,1,1,1
1282,9,804,432,63,175,1,1,1
1283,2,880,422,116,317,1,1,1
1283,3,1456,430,120,358,1,1,1
1283,4,1002,411,93,327,1,1,1
1283,5,1539,422,129,319,1,1,1
1283,6,1773,459,69,195,1,1,1
1283,9,804,432,63,175,1,1,1
1284,2,878,422,116,318,1,1,1
1284,3,1458,431,134,358,1,1,1
1284,4,1006,411,90,327,1,1,1
1284,5,1530,423,138,318,1,1,1
1284,6,1773,458,69,196,1,1,1
1284,9,804,432,63,175,1,1,1
1285,2,876,422,116,319,1,1,1
1285,3,1460,432,148,358,1,1,1
1285,4,1009,410,89,328,1,1,1
1285,5,1521,424,147,317,1,1,1
1285,6,1773,458,69,196,1,1,1
1285,9,804,432,63,175,1,1,1
1286,2,873,422,115,318,1,1,1
1286,3,1462,432,161,358,1,1,1
1286,4,1012,410,86,327,1,1,1
1286,5,1511,424,156,316,1,1,1
1286,6,1773,457,68,196,1,1,1
1286,9,804,431,62,175,1,1,1
1287,2,872,422,114,321,1,1,1
1287,3,1464,433,162,358,1,1,1
1287,4,1016,411,93,327,1,1,1
1287,6,1773,458,69,196,1,1,1
1287,9,804,431,62,177,1,1,1
1288,2,870,422,113,322,1,1,1
1288,3,1465,433,163,358,1,1,1
1288,4,1019,411,99,327,1,1,1
1288,6,1774,458,68,196,1,1,1
1288,9,803,431,63,177,1,1,1
1289,2,868,421,112,324,1,1,1
1289,3,1466,434,165,357,1,1,1
1289,4,1022,412,106,326,1,1,1
1289,6,1774,458,68,196,1,1,1
1289,9,803,430,62,178,1,1,1
1290,2,865,420,112,326,1,1,1
1290,3,1467,434,166,358,1,1,1
1290,4,1025,412,112,326,1,1,1
1290,6,1774,458,67,196,1,1,1
1290,9,802,430,63,178,1,1,1
1291,1,1565,422,85,274,1,1,1
1291,2,863,419,109,327,1,1,1
1291,3,1467,435,168,356,1,1,1
1291,4,1028,412,117,325,1,1,1
1291,6,1773,457,67,195,1,1,1
1291,9,801,429,63,179,1,1,1
1292,2,860,419,111,329,1,1,1
1292,3,1475,434,161,358,1,1,1
1292,4,1029,412,121,325,1,1,1
1292,6,1774,457,68,196,1,1,1
1292,9,802,429,62,179,1,1,1
1293,2,857,419,111,329,1,1,1
1293,3,1482,433,154,359,1,1,1
1293,4,1029,412,125,324,1,1,1
1293,6,1774,457,68,196,1,1,1
1293,9,802,430,63,178,1,1,1
1294,2,854,419,111,329,1,1,1
1294,3,1489,432,148,360,1,1,1
1294,4,1030,412,128,324,1,1,1
1294,6,1774,456,69,196,1,1,1
1294,9,802,430,63,178,1,1,1
1295,2,851,418,112,330,1,1,1
1295,3,1496,431,141,361,1,1,1
1295,4,1030,412,131,323,1,1,1
1295,6,1773,456,70,196,1,1,1
1295,9,802,430,63,178,1,1,1
1296,2,847,417,112,330,1,1,1
1296,3,1503,430,133,361,1,1,1
1296,4,1031,412,134,322,1,1,1
1296,5,1500,415,83,310,1,1,1
1296,6,1773,455,70,196,1,1,1
1296,9,802,429,62,177,1,1,1
1297,2,844,418,115,330,1,1,1
1297,3,1513,430,128,362,1,1,1
1297,4,1033,412,133,322,1,1,1
1297,5,1486,416,94,311,1,1,1
1297,6,1774,455,70,197,1,1,1
1297,9,803,430,61,177,1,1,1
1298,2,840,418,117,331,1,1,1
1298,3,1522,430,122,362,1,1,1
1298,4,1034,412,132,322,1,1,1
1298,5,1472,415,105,312,1,1,1
1298,6,1775,455,69,197,1,1,1
1298,9,803,431,60,176,1,1,1
1299,2,836,419,120,330,1,1,1
1299,3,1531,429,117,363,1,1,1
1299,4,1036,411,131,322,1,1,1
1299,5,1458,415,116,313,1,1,1
1299,6,1775,455,69,196,1,1,1
1299,9,803,431,59,176,1,1,1
1300,2,832,419,123,331,1,1,1
1300,3,1540,429,112,362,1,1,1
1300,4,1038,411,129,322,1,1,1
1300,5,1444,415,127,314,1,1,1
1300,6,1776,455,68,196,1,1,1
1300,9,803,432,58,175,1,1,1
1301,2,828,419,125,331,1,1,1
1301,3,1549,428,105,362,1,1,1
1301,4,1039,410,128,321,1,1,1
1301,5,1429,415,137,314,1,1,1
1301,6,1776,454,67,196,1,1,1
1301,9,803,431,57,175,1,1,1
1302,2,822,420,128,331,1,1,1
1302,3,1552,430,106,362,1,1,1
1302,4,1047,410,122,321,1,1,1
1302,5,1426,416,141,313,1,1,1
1302,6,1776,455,69,196,1,1,1
1302,9,804,432,57,175,1,1,1
1303,2,815,422,132,330,1,1,1
1303,3,1554,430,108,362,1,1,1
1303,4,1055,410,115,321,1,1,1
1303,5,1423,417,144,312,1,1,1
1303,6,1776,455,70,196,1,1,1
1303,9,804,433,57,174,1,1,1
1304,2,808,423,136,330,1,1,1
1304,3,1557,431,108,361,1,1,1
1304,4,1063,410,108,320,1,1,1
1304,5,1419,418,149,311,1,1,1
1304,6,1776,455,70,196,1,1,1
1304,9,804,433,58,174,1,1,1
1305,2,802,424,140,330,1,1,1
1305,3,1559,432,110,360,1,1,1
1305,4,1071,410,101,320,1,1,1
1305,5,1416,420,152,309,1,1,1
1305,6,1775,455,72,195,1,1,1
1305,9,805,433,57,173,1,1,1
1306,2,794,425,143,330,1,1,1
1306,3,1561,433,110,359,1,1,1
1306,4,1079,409,93,319,1,1,1
1306,5,1412,420,155,308,1,1,1
1306,6,1775,455,72,194,1,1,1
1306,9,805,433,57,172,1,1,1
1307,2,796,425,141,333,1,1,1
1307,3,1563,433,112,357,1,1,1
1307,4,1085,409,93,320,1,1,1
1307,5,1413,419,145,310,1,1,1
1307,6,1777,455,72,195,1,1,1
1308,2,796,425,140,335,1,1,1
1308,3,1564,432,113,355,1,1,1
1308,4,1091,410,92,319,1,1,1
1308,5,1413,418,135,310,1,1,1
1308,6,1778,455,72,195,1,1,1
1309,2,797,425,137,338,1,1,1
1309,3,1566,432,114,351,1,1,1
1309,4,1097,410,91,319,1,1,1
1309,5,1414,417,124,311,1,1,1
1309,6,1780,455,71,195,1,1,1
1310,2,798,425,135,340,1,1,1
1310,3,1567,431,116,349,1,1,1
1310,4,1102,410,91,319,1,1,1
1310,5,1414,415,115,312,1,1,1
1310,6,1782,455,69,195,1,1,1
1311,2,798,425,132,342,1,1,1
1311,3,1568,430,116,346,1,1,1
1311,4,1108,409,90,318,1,1,1
1311,5,1414,413,104,312,1,1,1
1311,6,1783,455,68,194,1,1,1
1312,2,794,424,135,344,1,1,1
1312,3,1571,431,116,346,1,1,1
1312,4,1112,410,96,317,1,1,1
1312,5,1404,413,108,314,1,1,1
1312,6,1784,455,69,195,1,1,1
1313,2,790,423,138,346,1,1,1
1313,3,1574,432,115,345,1,1,1
1313,4,1115,410,103,316,1,1,1
1313,5,1393,412,113,315,1,1,1
1313,6,1785,455,69,195,1,1,1
1314,2,786,422,140,347,1,1,1
1314,3,1576,433,114,344,1,1,1
1314,4,1118,411,110,314,1,1,1
1314,5,1382,411,117,316,1,1,1
1314,6,1786,455,69,194,1,1,1
1315,2,782,421,143,349,1,1,1
1315,3,1579,434,113,342,1,1,1
1315,4,1122,411,116,312,1,1,1
1315,5,1371,410,121,318,1,1,1
1315,6,1788,454,67,195,1,1,1
1316,1,1622,421,120,282,1,1,1
1316,2,778,419,144,351,1,1,1
1316,3,1581,434,112,341,1,1,1
1316,4,1125,411,122,310,1,1,1
1316,5,1360,409,125,318,1,1,1
1316,6,1788,454,67,194,1,1,1
1317,1,1626,421,119,283,1,1,1
1317,2,777,419,141,353,1,1,1
1317,3,1579,433,114,342,1,1,1
1317,4,1127,412,125,311,1,1,1
1317,5,1355,410,129,318,1,1,1
1317,6,1789,454,68,195,1,1,1
1318,1,1630,420,117,285,1,1,1
1318,2,775,419,139,354,1,1,1
1318,3,1576,432,116,343,1,1,1
1318,4,1129,412,128,311,1,1,1
1318,5,1349,412,134,316,1,1,1
1318,6,1789,453,69,195,1,1,1
1319,1,1634,419,114,286,1,1,1
1319,2,773,418,136,356,1,1,1
1319,3,1574,432,117,342,1,1,1
1319,4,1131,413,130,311,1,1,1
1319,5,1344,413,137,314,1,1,1
1319,6,1789,452,70,196,1,1,1
1320,1,1637,418,112,287,1,1,1
1320,2,772,418,133,358,1,1,1
1320,3,1571,431,119,343,1,1,1
1320,4,1132,413,134,311,1,1,1
1320,5,1338,414,142,313,1,1,1
1320,6,1790,452,69,196,1,1,1
1321,1,1640,417,110,287,1,1,1
1321,2,770,417,129,359,1,1,1
1321,3,1568,429,120,343,1,1,1
1321,4,1134,413,136,311,1,1,1
1321,5,1332,414,146,312,1,1,1
1321,6,1789,450,70,196,1,1,1
1322,1,1651,417,102,288,1,1,1
1322,2,769,418,131,359,1,1,1
1322,3,1562,430,128,344,1,1,1
1322,4,1136,413,136,311,1,1,1
1322,5,1327,415,149,311,1,1,1
1322,6,1790,451,71,196,1,1,1
1323,1,1660,416,96,288,1,1,1
1323,2,768,418,131,360,1,1,1
1323,3,1556,429,135,345,1,1,1
1323,4,1137,413,137,311,1,1,1
1323,5,1322,414,151,312,1,1,1
1323,6,1791,451,71,196,1,1,1
1324,1,1670,415,88,288,1,1,1
1324,2,768,418,131,360,1,1,1
1324,3,1550,429,142,346,1,1,1
1324,4,1138,412,138,311,1,1,1
1324,5,1317,414,153,311,1,1,1
1324,6,1791,450,72,197,1,1,1
1325,1,1680,414,80,288,1,1,1
1325,2,767,419,131,360,1,1,1
1325,3,1544,429,150,346,1,1,1
1325,4,1139,412,139,311,1,1,1
1325,5,1312,414,155,311,1,1,1
1325,6,1791,450,73,196,1,1,1
1326,1,1689,413,72,287,1,1,1
1326,2,765,418,132,360,1,1,1
1326,3,1537,429,157,346,1,1,1
1326,4,1140,411,139,310,1,1,1
1326,5,1307,413,157,310,1,1,1
1326,6,1791,450,72,196,1,1,1
1327,1,1695,413,75,288,1,1,1
1327,2,765,419,133,363,1,1,1
1327,3,1535,429,158,348,1,1,1
1327,4,1146,410,139,311,1,1,1
1327,5,1303,412,150,311,1,1,1
1327,6,1793,450,72,196,1,1,1
1328,1,1700,413,77,288,1,1,1
1328,2,765,419,133,365,1,1,1
1328,3,1532,429,160,349,1,1,1
1328,4,1151,409,139,312,1,1,1
1328,5,1299,410,143,312,1,1,1
1328,6,1795,449,71,197,1,1,1
1329,1,1705,413,79,287,1,1,1
1329,2,765,419,134,368,1,1,1
1329,3,1529,429,161,350,1,1,1
1329,4,1157,408,138,312,1,1,1
1329,5,1294,408,137,313,1,1,1
1329,6,1797,449,70,197,1,1,1
1330,1,1710,413,82,287,1,1,1
1330,2,765,419,134,370,1,1,1
1330,3,1527,428,162,352,1,1,1
1330,4,1162,407,137,312,1,1,1
1330,5,1290,406,130,314,1,1,1
1330,6,1798,448,70,198,1,1,1
1331,1,1714,412,84,287,1,1,1
1331,2,764,418,134,372,1,1,1
1331,3,1523,428,163,353,1,1,1
1331,4,1167,406,136,312,1,1,1
1331,5,1285,404,122,314,1,1,1
1331,6,1800,447,68,197,1,1,1
1332,1,1714,413,93,287,1,1,1
1332,2,764,418,134,373,1,1,1
1332,3,1520,426,155,356,1,1,1
1332,4,1177,406,132,312,1,1,1
1332,5,1280,404,124,315,1,1,1
1332,6,1798,448,71,197,1,1,1
1333,1,1714,414,102,286,1,1,1
1333,2,763,418,135,373,1,1,1
1333,3,1515,424,147,358,1,1,1
1333,4,1186,406,128,312,1,1,1
1333,5,1274,404,125,315,1,1,1
1333,6,1796,448,72,196,1,1,1
1334,1,1714,414,110,286,1,1,1
1334,2,762,417,136,374,1,1,1
1334,3,1511,422,138,360,1,1,1
1334,4,1195,406,123,311,1,1,1
1334,5,1269,404,125,315,1,1,1
1334,6,1794,448,74,196,1,1,1
1335,1,1714,415,118,285,1,1,1
1335,2,761,416,136,374,1,1,1
1335,3,1507,420,129,363,1,1,1
1335,4,1204,405,119,311,1,1,1
1335,5,1263,404,127,315,1,1,1
1335,6,1792,448,76,195,1,1,1
1336,1,1714,415,126,285,1,1,1
1336,2,760,415,136,374,1,1,1
1336,3,1502,417,120,365,1,1,1
1336,4,1212,405,115,310,1,1,1
1336,5,1257,404,127,315,1,1,1
1336,6,1790,448,77,194,1,1,1
1337,1,1714,415,127,286,1,1,1
1337,2,760,416,137,375,1,1,1
1337,3,1489,418,127,365,1,1,1
1337,4,1214,404,115,312,1,1,1
1337,5,1250,404,133,315,1,1,1
1337,6,1790,448,78,194,1,1,1
1338,1,1715,415,125,288,1,1,1
1338,2,760,415,138,377,1,1,1
1338,3,1475,418,134,364,1,1,1
1338,4,1216,404,115,312,1,1,1
1338,5,1242,404,140,314,1,1,1
1338,6,1791,448,77,194,1,1,1
1339,1,1715,415,125,289,1,1,1
1339,2,760,415,139,378,1,1,1
1339,3,1462,419,141,363,1,1,1
1339,4,1217,403,115,313,1,1,1
1339,5,1235,404,145,314,1,1,1
1339,6,1791,447,77,194,1,1,1
1340,1,1715,415,125,290,1,1,1
1340,2,760,415,139,380,1,1,1
1340,3,1448,419,148,363,1,1,1
1340,4,1219,403,115,313,1,1,1
1340,5,1227,404,152,313,1,1,1
1340,6,1791,447,77,194,1,1,1
1341,1,1715,414,123,291,1,1,1
1341,2,760,414,139,381,1,1,1
1341,3,1434,419,155,361,1,1,1
1341,4,1220,402,114,313,1,1,1
1341,5,1219,404,157,312,1,1,1
1341,6,1791,446,76,193,1,1,1
1342,1,1716,414,124,293,1,1,1
1342,2,760,415,140,384,1,1,1
1342,3,1424,420,164,361,1,1,1
1342,4,1222,401,115,314,1,1,1
1342,5,1214,404,155,313,1,1,1
1343,1,1716,412,124,296,1,1,1
1343,2,760,416,139,385,1,1,1
1343,3,1414,420,173,361,1,1,1
1343,4,1222,400,117,314,1,1,1
1343,5,1208,403,153,314,1,1,1
1344,1,1717,411,124,298,1,1,1
1344,2,760,416,139,388,1,1,1
1344,3,1404,420,181,361,1,1,1
1344,4,1223,400,117,314,1,1,1
1344,5,1202,402,151,315,1,1,1
1345,1,1717,410,124,300,1,1,1
1345,2,760,417,138,390,1,1,1
1345,3,1394,421,190,359,1,1,1
1345,4,1224,399,118,314,1,1,1
1345,5,1196,402,149,315,1,1,1
1346,1,1717,409,123,301,1,1,1
1346,2,759,417,138,391,1,1,1
1346,3,1383,420,198,359,1,1,1
1346,4,1225,397,118,314,1,1,1
1346,5,1189,401,147,315,1,1,1
1347,1,1724,409,122,301,1,1,1
1347,2,761,416,140,393,1,1,1
1347,3,1383,420,183,361,1,1,1
1347,4,1225,398,116,315,1,1,1
1347,5,1198,401,137,315,1,1,1
1348,1,1730,409,121,301,1,1,1
1348,2,762,414,142,394,1,1,1
1348,3,1382,419,168,362,1,1,1
1348,4,1225,397,113,316,1,1,1
1348,5,1207,401,126,315,1,1,1
1349,1,1736,409,120,300,1,1,1
1349,2,763,413,145,395,1,1,1
1349,3,1381,418,153,363,1,1,1
1349,4,1226,397,109,316,1,1,1
1349,5,1216,400,115,316,1,1,1
1350,1,1742,409,119,300,1,1,1
1350,2,764,411,147,397,1,1,1
1350,3,1380,418,138,364,1,1,1
1350,4,1226,397,107,316,1,1,1
1350,5,1225,400,103,316,1,1,1
1351,1,1747,408,117,300,1,1,1
1351,2,765,409,148,397,1,1,1
1351,3,1379,416,122,365,1,1,1
1351,4,1226,396,103,316,1,1,1
1351,5,1233,400,92,315,1,1,1
1352,1,1754,408,113,301,1,1,1
1352,2,767,408,149,399,1,1,1
1352,3,1366,416,123,367,1,1,1
1352,4,1225,401,102,312,1,1,1
1352,5,1232,400,94,316,1,1,1
1353,1,1760,407,109,302,1,1,1
1353,2,768,406,150,400,1,1,1
1353,3,1352,415,124,370,1,1,1
1353,4,1224,406,101,307,1,1,1
1353,5,1231,399,94,317,1,1,1
1354,1,1766,407,105,303,1,1,1
1354,2,770,405,150,401,1,1,1
1354,3,1338,413,125,373,1,1,1
1354,4,1222,411,100,302,1,1,1
1354,5,1230,399,94,317,1,1,1
1355,1,1772,406,101,304,1,1,1
1355,2,771,403,151,403,1,1,1
1355,3,1324,412,125,375,1,1,1
1355,4,1221,416,99,297,1,1,1
1355,5,1228,398,95,318,1,1,1
1356,1,1778,405,96,305,1,1,1
1356,2,772,401,151,403,1,1,1
1356,3,1310,411,126,376,1,1,1
1356,4,1219,420,97,292,1,1,1
1356,5,1227,397,95,318,1,1,1
1357,1,1780,407,97,305,1,1,1
1357,2,776,402,153,403,1,1,1
1357,3,1294,413,141,377,1,1,1
1357,4,1217,418,99,295,1,1,1
1357,5,1227,398,94,318,1,1,1
1358,1,1781,408,97,305,1,1,1
1358,2,779,402,155,403,1,1,1
1358,3,1278,415,155,377,1,1,1
1358,4,1215,415,100,298,1,1,1
1358,5,1226,398,94,318,1,1,1
1359,1,1783,409,97,306,1,1,1
1359,2,783,402,156,403,1,1,1
1359,3,1263,417,168,376,1,1,1
1359,4,1212,412,102,300,1,1,1
1359,5,1225,398,94,318,1,1,1
1360,1,1785,410,96,306,1,1,1
1360,2,786,402,158,403,1,1,1
1360,3,1247,419,183,376,1,1,1
1360,4,1210,409,103,303,1,1,1
1360,5,1225,398,93,318,1,1,1
1361,1,1786,411,96,306,1,1,1
1361,2,790,402,159,403,1,1,1
1361,3,1230,421,197,375,1,1,1
1361,4,1207,406,104,304,1,1,1
1361,5,1223,397,92,318,1,1,1
1362,1,1787,411,96,308,1,1,1
1362,2,791,403,165,402,1,1,1
1362,3,1229,420,184,377,1,1,1
1363,1,1788,410,95,311,1,1,1
1363,2,792,403,171,402,1,1,1
1363,3,1227,419,172,379,1,1,1
1364,1,1788,410,96,312,1,1,1
1364,2,794,404,175,400,1,1,1
1364,3,1224,417,160,382,1,1,1
1365,1,1789,410,95,314,1,1,1
1365,2,795,404,181,400,1,1,1
1365,3,1222,416,147,383,1,1,1
1366,1,1789,409,94,315,1,1,1
1366,2,796,405,187,399,1,1,1
1366,3,1220,415,134,385,1,1,1
1367,1,1790,409,95,316,1,1,1
1367,2,796,404,187,399,1,1,1
1367,3,1207,414,132,385,1,1,1
1368,1,1791,407,95,318,1,1,1
1368,2,796,403,187,399,1,1,1
1368,3,1194,413,129,385,1,1,1
1369,1,1791,406,96,319,1,1,1
1369,2,797,402,186,400,1,1,1
1369,3,1181,412,127,385,1,1,1
1370,1,1792,405,96,320,1,1,1
1370,2,797,402,185,399,1,1,1
1370,3,1168,411,125,385,1,1,1
1371,1,1792,404,96,320,1,1,1
1371,2,797,400,185,399,1,1,1
1371,3,1155,409,122,386,1,1,1
1371,9,802,413,64,178,1,1,1
1372,1,1796,404,94,321,1,1,1
1372,2,806,400,183,399,1,1,1
1372,3,1135,410,141,386,1,1,1
1372,9,802,413,65,179,1,1,1
1373,1,1799,405,92,320,1,1,1
1373,2,816,400,180,397,1,1,1
1373,3,1115,411,160,385,1,1,1
1373,9,801,412,65,179,1,1,1
1374,1,1802,405,89,320,1,1,1
1374,2,825,400,177,396,1,1,1
1374,3,1095,412,179,384,1,1,1
1374,9,800,411,65,180,1,1,1
1375,1,1805,405,87,320,1,1,1
1375,2,834,399,175,396,1,1,1
1375,3,1075,413,198,384,1,1,1
1375,9,799,410,65,181,1,1,1
1376,1,1807,404,85,320,1,1,1
1376,2,843,398,171,394,1,1,1
1376,3,1054,413,216,383,1,1,1
1376,5,1187,399,119,305,1,1,1
1376,6,1781,442,51,195,1,1,1
1376,9,797,409,64,180,1,1,1
1377,1,1808,404,87,322,1,1,1
1377,2,852,399,174,393,1,1,1
1377,3,1049,413,211,382,1,1,1
1377,5,1185,399,124,308,1,1,1
1377,6,1781,443,52,195,1,1,1
1377,9,798,409,63,181,1,1,1
1378,1,1808,404,90,322,1,1,1
1378,2,861,400,176,392,1,1,1
1378,3,1045,412,204,381,1,1,1
1378,5,1183,400,128,310,1,1,1
1378,6,1781,443,52,195,1,1,1
1378,9,798,409,62,180,1,1,1
1379,1,1808,404,92,322,1,1,1
1379,2,869,400,178,391,1,1,1
1379,3,1040,412,197,378,1,1,1
1379,5,1181,400,133,312,1,1,1
1379,6,1781,444,52,194,1,1,1
1379,9,798,409,61,179,1,1,1
1380,1,1808,403,95,323,1,1,1
1380,2,877,401,180,389,1,1,1
1380,3,1035,411,191,377,1,1,1
1380,5,1178,400,138,315,1,1,1
1380,6,1781,444,52,194,1,1,1
1380,9,799,409,59,179,1,1,1
1381,1,1808,403,96,322,1,1,1
1381,2,885,401,182,388,1,1,1
1381,3,1029,410,184,375,1,1,1
1381,5,1176,400,141,317,1,1,1
1381,6,1781,444,52,192,1,1,1
1381,9,798,408,58,178,1,1,1
1382,1,1809,404,101,323,1,1,1
1382,2,889,403,185,386,1,1,1
1382,3,1019,409,180,380,1,1,1
1382,5,1173,399,136,318,1,1,1
1382,6,1779,444,55,193,1,1,1
1382,9,798,409,59,178,1,1,1
1383,1,1809,405,105,323,1,1,1
1383,2,892,404,187,385,1,1,1
1383,3,1008,408,175,384,1,1,1
1383,5,1170,399,131,318,1,1,1
1383,6,1778,444,57,193,1,1,1
1383,9,797,409,60,178,1,1,1
1384,1,1809,406,110,323,1,1,1
1384,2,896,405,189,384,1,1,1
1384,3,997,407,170,388,1,1,1
1384,5,1166,398,127,318,1,1,1
1384,6,1776,443,60,194,1,1,1
1384,9,796,410,60,177,1,1,1
1385,1,1809,407,114,323,1,1,1
1385,2,899,407,192,382,1,1,1
1385,3,986,405,166,393,1,1,1
1385,5,1163,397,122,319,1,1,1
1385,6,1774,443,62,194,1,1,1
1385,9,795,410,61,177,1,1,1
1386,1,1809,408,118,322,1,1,1
1386,2,902,408,194,380,1,1,1
1386,3,975,404,160,396,1,1,1
1386,4,1225,395,78,297,1,1,1
1386,5,1160,396,116,318,1,1,1
1386,6,1772,442,64,194,1,1,1
1386,9,794,410,61,175,1,1,1
1387,1,1809,408,121,324,1,1,1
1387,2,906,407,193,381,1,1,1
1387,3,968,404,163,396,1,1,1
1387,4,1223,396,89,298,1,1,1
1387,5,1156,396,115,318,1,1,1
1387,6,1772,442,66,195,1,1,1
1387,9,795,410,61,176,1,1,1
1388,1,1810,408,121,326,1,1,1
1388,2,909,407,192,380,1,1,1
1388,3,960,405,166,394,1,1,1
1388,4,1221,397,100,298,1,1,1
1388,5,1153,396,113,318,1,1,1
1388,6,1772,442,68,196,1,1,1
1388,9,795,410,61,175,1,1,1
1389,1,1810,408,123,327,1,1,1
1389,2,912,406,190,380,1,1,1
1389,3,953,405,169,393,1,1,1
1389,4,1219,398,111,297,1,1,1
1389,5,1149,395,111,318,1,1,1
1389,6,1771,441,70,197,1,1,1
1389,9,796,409,59,176,1,1,1
1390,1,1810,408,125,329,1,1,1
1390,2,915,405,189,379,1,1,1
1390,3,946,405,171,393,1,1,1
1390,4,1217,398,122,298,1,1,1
1390,5,1145,394,109,318,1,1,1
1390,6,1771,441,71,197,1,1,1
1390,9,796,409,59,175,1,1,1
1391,1,1810,407,126,331,1,1,1
1391,2,917,404,188,379,1,1,1
1391,3,938,405,173,391,1,1,1
1391,4,1214,398,133,297,1,1,1
1391,5,1141,393,107,317,1,1,1
1391,6,1770,440,72,197,1,1,1
1391,9,796,408,58,175,1,1,1
1392,1,1813,406,128,332,1,1,1
1392,2,921,404,182,380,1,1,1
1392,3,941,404,169,393,1,1,1
1392,4,1216,399,134,299,1,1,1
1392,5,1135,395,111,317,1,1,1
1392,6,1772,440,72,198,1,1,1
1392,9,797,408,59,176,1,1,1
1393,1,1815,405,131,333,1,1,1
1393,2,924,404,176,380,1,1,1
1393,3,943,403,165,394,1,1,1
1393,4,1217,399,135,299,1,1,1
1393,5,1129,396,114,316,1,1,1
1393,6,1772,440,72,198,1,1,1
1393,9,797,408,59,176,1,1,1
1394,1,1818,403,133,335,1,1,1
1394,2,928,404,170,380,1,1,1
1394,3,946,402,160,396,1,1,1
1394,4,1219,399,135,300,1,1,1
1394,5,1122,396,119,317,1,1,1
1394,6,1773,440,71,197,1,1,1
1394,9,797,408,60,177,1,1,1
1395,1,1820,402,136,336,1,1,1
1395,2,931,404,164,381,1,1,1
1395,3,948,400,156,398,1,1,1
1395,4,1220,398,136,301,1,1,1
1395,5,1116,397,122,316,1,1,1
1395,6,1774,440,70,197,1,1,1
1395,9,797,408,60,177,1,1,1
1396,1,1822,400,138,337,1,1,1
1396,2,934,404,157,380,1,1,1
1396,3,950,399,150,399,1,1,1
1396,4,1221,398,136,301,1,1,1
1396,5,1109,398,125,315,1,1,1
1396,6,1775,439,69,196,1,1,1
1396,9,796,408,60,177,1,1,1
1397,1,1828,401,138,337,1,1,1
1397,2,937,403,154,381,1,1,1
1397,3,954,399,148,399,1,1,1
1397,4,1227,397,132,303,1,1,1
1397,5,1109,398,122,314,1,1,1
1397,6,1775,440,70,196,1,1,1
1397,9,797,408,61,178,1,1,1
1398,1,1833,401,137,336,1,1,1
1398,2,941,402,150,382,1,1,1
1398,3,957,399,146,398,1,1,1
1398,4,1232,396,128,303,1,1,1
1398,5,1108,397,119,314,1,1,1
1398,6,1775,440,71,196,1,1,1
1398,9,797,408,61,178,1,1,1
1399,1,1838,400,136,337,1,1,1
1399,2,944,401,147,382,1,1,1
1399,3,960,399,143,397,1,1,1
1399,4,1237,395,124,304,1,1,1
1399,5,1108,396,115,313,1,1,1
1399,6,1775,440,71,195,1,1,1
1399,9,798,407,61,178,1,1,1
1400,1,1844,400,135,337,1,1,1
1400,2,947,399,143,384,1,1,1
1400,3,964,399,140,396,1,1,1
1400,4,1242,394,119,305,1,1,1
1400,5,1108,395,111,313,1,1,1
1400,6,1775,440,72,195,1,1,1
1400,9,798,407,61,178,1,1,1
1401,1,1849,400,134,336,1,1,1
1401,2,950,398,139,384,1,1,1
1401,3,966,399,137,395,1,1,1
1401,4,1247,393,114,304,1,1,1
1401,5,1107,394,107,312,1,1,1
1401,6,1775,440,72,195,1,1,1
1401,9,798,406,61,178,1,1,1
1402,1,1856,400,129,337,1,1,1
1402,2,951,400,140,382,1,1,1
1402,3,967,399,138,396,1,1,1
1402,4,1257,393,108,305,1,1,1
1402,5,1105,393,105,311,1,1,1
1402,6,1776,439,72,195,1,1,1
1402,9,799,406,61,179,1,1,1
1403,1,1863,400,124,337,1,1,1
1403,2,953,403,138,379,1,1,1
1403,3,968,399,138,396,1,1,1
1403,4,1266,392,103,305,1,1,1
1403,5,1103,391,103,311,1,1,1
1403,6,1776,439,72,194,1,1,1
1403,9,799,406,62,178,1,1,1
1404,1,1870,399,118,338,1,1,1
1404,2,954,405,138,377,1,1,1
1404,3,968,399,139,396,1,1,1
1404,4,1276,391,96,305,1,1,1
1404,5,1100,390,101,310,1,1,1
1404,6,1777,438,71,194,1,1,1
1404,9,799,405,62,179,1,1,1
1405,1,1876,399,114,338,1,1,1
1405,2,955,407,138,375,1,1,1
1405,3,969,399,139,396,1,1,1
1405,4,1285,391,90,305,1,1,1
1405,5,1098,389,99,309,1,1,1
1405,6,1777,438,71,193,1,1,1
1405,9,800,405,62,179,1,1,1
1406,1,1883,399,108,337,1,1,1
1406,2,956,409,137,372,1,1,1
1406,3,969,399,138,396,1,1,1
1406,4,1294,389,84,305,1,1,1
1406,5,1095,387,97,308,1,1,1
1406,6,1777,437,70,192,1,1,1
1406,9,800,404,62,178,1,1,1
1407,1,1885,399,108,338,1,1,1
1407,2,958,409,135,372,1,1,1
1407,3,969,399,140,396,1,1,1
1407,4,1297,390,91,305,1,1,1
1407,5,1085,388,105,307,1,1,1
1407,6,1778,437,70,193,1,1,1
1407,9,800,405,62,178,1,1,1
1408,1,1887,398,108,340,1,1,1
1408,2,959,408,133,373,1,1,1
1408,3,968,399,141,396,1,1,1
1408,4,1300,389,97,306,1,1,1
1408,5,1075,388,112,306,1,1,1
1408,6,1778,436,70,194,1,1,1
1408,9,800,405,62,178,1,1,1
1409,1,1888,398,109,340,1,1,1
1409,2,961,407,130,374,1,1,1
1409,3,967,398,143,397,1,1,1
1409,4,1302,389,104,306,1,1,1
1409,5,1064,389,120,304,1,1,1
1409,6,1778,436,69,194,1,1,1
1409,9,799,405,62,178,1,1,1
1410,1,1890,397,108,341,1,1,1
1410,2,962,407,128,373,1,1,1
1410,3,966,398,144,397,1,1,1
1410,4,1305,389,110,306,1,1,1
1410,5,1054,389,127,303,1,1,1
1410,6,1778,436,69,194,1,1,1
1410,9,799,405,62,178,1,1,1
1411,1,1891,396,108,341,1,1,1
1411,2,963,406,126,373,1,1,1
1411,3,965,397,144,396,1,1,1
1411,4,1307,388,116,306,1,1,1
1411,5,1043,389,134,302,1,1,1
1411,6,1778,435,68,194,1,1,1
1411,9,798,405,61,178,1,1,1
1412,1,1894,397,107,343,1,1,1
1412,3,966,397,144,399,1,1,1
1412,4,1309,390,120,305,1,1,1
1412,5,1041,390,133,301,1,1,1
1412,6,1779,435,68,195,1,1,1
1412,9,799,405,61,178,1,1,1
1413,1,1895,397,107,344,1,1,1
1413,3,967,397,143,399,1,1,1
1413,4,1311,391,123,304,1,1,1
1413,5,1038,391,132,300,1,1,1
1413,6,1779,435,69,195,1,1,1
1413,9,798,405,62,178,1,1,1
1414,1,1897,398,106,344,1,1,1
1414,3,968,396,142,401,1,1,1
1414,4,1313,392,125,303,1,1,1
1414,5,1036,391,130,299,1,1,1
1414,6,1779,434,69,196,1,1,1
1414,9,798,405,62,178,1,1,1
1415,1,1899,398,105,345,1,1,1
1415,3,968,395,142,403,1,1,1
1415,4,1315,394,128,302,1,1,1
1415,5,1033,392,129,298,1,1,1
1415,6,1780,434,69,196,1,1,1
1415,9,797,405,63,178,1,1,1
1416,1,1901,397,104,345,1,1,1
1416,3,968,394,140,404,1,1,1
1416,4,1316,394,131,301,1,1,1
1416,5,1030,392,128,296,1,1,1
1416,6,1780,433,68,196,1,1,1
1416,9,796,405,63,178,1,1,1
1417,1,1901,397,106,348,1,1,1
1417,3,965,394,145,405,1,1,1
1417,4,1318,393,130,302,1,1,1
1417,6,1779,433,69,196,1,1,1
1417,9,796,405,64,178,1,1,1
1418,1,1901,396,108,349,1,1,1
1418,3,962,394,148,404,1,1,1
1418,4,1320,392,128,302,1,1,1
1418,6,1779,432,68,197,1,1,1
1418,9,796,405,63,178,1,1,1
1419,1,1900,394,111,352,1,1,1
1419,3,958,394,153,404,1,1,1
1419,4,1322,391,125,303,1,1,1
1419,6,1778,432,69,196,1,1,1
1419,9,795,404,63,179,1,1,1
1420,1,1900,393,113,354,1,1,1
1420,3,955,393,156,404,1,1,1
1420,4,1323,389,124,304,1,1,1
1420,6,1777,431,69,196,1,1,1
1420,9,795,404,63,178,1,1,1
1421,1,1900,392,115,356,1,1,1
1421,3,951,393,161,404,1,1,1
1421,4,1325,388,122,304,1,1,1
1421,6,1776,431,69,195,1,1,1
1421,9,794,404,63,178,1,1,1
1422,1,1904,391,113,357,1,1,1
1422,3,951,393,164,404,1,1,1
1422,4,1334,387,115,304,1,1,1
1422,6,1776,430,69,196,1,1,1
1422,9,794,404,63,178,1,1,1
1423,1,1908,391,111,356,1,1,1
1423,3,951,392,167,405,1,1,1
1423,4,1343,387,107,304,1,1,1
1423,6,1776,430,69,195,1,1,1
1423,9,793,403,64,178,1,1,1
1424,1,1911,390,110,357,1,1,1
1424,3,952,392,170,404,1,1,1
1424,4,1352,386,100,304,1,1,1
1424,6,1776,429,68,196,1,1,1
1424,9,793,403,64,178,1,1,1
1425,1,1915,389,108,357,1,1,1
1425,3,952,392,173,404,1,1,1
1425,4,1361,385,93,304,1,1,1
1425,6,1776,429,68,195,1,1,1
1425,9,792,402,65,179,1,1,1
1426,1,1918,388,106,357,1,1,1
1426,3,952,391,176,404,1,1,1
1426,4,1369,384,85,304,1,1,1
1426,6,1776,428,67,195,1,1,1
1426,9,791,402,65,178,1,1,1
1427,1,1920,387,108,358,1,1,1
1427,3,955,391,175,405,1,1,1
1427,4,1375,383,83,307,1,1,1
1427,6,1776,427,69,196,1,1,1
1427,9,792,401,66,178,1,1,1
1428,1,1922,385,109,360,1,1,1
1428,3,958,390,175,405,1,1,1
1428,4,1380,382,80,310,1,1,1
1428,6,1777,426,69,197,1,1,1
1428,9,792,401,66,178,1,1,1
1429,1,1923,384,112,360,1,1,1
1429,3,961,390,174,405,1,1,1
1429,4,1385,382,78,311,1,1,1
1429,6,1777,425,69,197,1,1,1
1429,9,793,400,65,178,1,1,1
1430,1,1925,382,113,361,1,1,1
1430,3,964,389,173,406,1,1,1
1430,4,1390,381,75,314,1,1,1
1430,6,1777,424,70,198,1,1,1
1430,9,793,399,66,178,1,1,1
1431,1,1926,380,114,361,1,1,1
1431,3,966,388,172,406,1,1,1
1431,4,1394,379,73,316,1,1,1
1431,6,1777,423,70,198,1,1,1
1431,9,793,398,65,178,1,1,1
1432,1,1929,381,117,363,1,1,1
1432,3,974,388,170,407,1,1,1
1432,4,1396,380,80,316,1,1,1
1432,6,1778,422,70,198,1,1,1
1432,9,793,397,66,179,1,1,1
1433,1,1931,380,119,365,1,1,1
1433,3,980,387,168,409,1,1,1
1433,4,1396,380,88,316,1,1,1
1433,6,1778,421,70,198,1,1,1
1433,9,793,396,65,180,1,1,1
1434,1,1933,380,121,366,1,1,1
1434,3,987,386,165,411,1,1,1
1434,4,1397,381,95,315,1,1,1
1434,6,1778,421,71,198,1,1,1
1434,9,793,395,65,180,1,1,1
1435,1,1935,380,124,366,1,1,1
1435,3,994,385,163,412,1,1,1
1435,4,1398,381,102,315,1,1,1
1435,6,1779,420,70,198,1,1,1
1435,9,793,394,65,181,1,1,1
1436,1,1936,379,126,368,1,1,1
1436,3,1000,384,160,413,1,1,1
1436,4,1398,381,108,313,1,1,1
1436,6,1778,418,69,198,1,1,1
1436,9,792,393,64,180,1,1,1
1437,1,1936,379,131,369,1,1,1
1437,3,1001,384,159,414,1,1,1
1437,4,1399,381,108,314,1,1,1
1437,6,1778,418,70,198,1,1,1
1437,9,793,392,64,181,1,1,1
1438,1,1936,380,135,370,1,1,1
1438,3,1001,383,159,414,1,1,1
1438,4,1399,379,108,316,1,1,1
1438,6,1778,418,69,198,1,1,1
1438,9,793,392,64,181,1,1,1
1439,1,1935,380,140,371,1,1,1
1439,3,1001,383,158,414,1,1,1
1439,4,1399,378,108,317,1,1,1
1439,6,1777,418,69,198,1,1,1
1439,9,793,391,63,181,1,1,1
1440,1,1935,380,143,372,1,1,1
1440,3,1001,382,158,415,1,1,1
1440,4,1399,377,108,318,1,1,1
1440,6,1776,418,69,197,1,1,1
1440,9,793,390,63,181,1,1,1
1441,1,1934,379,147,372,1,1,1
1441,3,1001,381,156,415,1,1,1
1441,4,1398,375,108,319,1,1,1
1441,5,998,374,81,275,1,1,1
1441,6,1775,417,68,197,1,1,1
1441,9,792,388,63,181,1,1,1
1442,1,1935,378,151,375,1,1,1
1442,3,1007,381,153,415,1,1,1
1442,4,1403,375,106,319,1,1,1
1442,5,999,374,81,275,1,1,1
1442,6,1775,417,69,198,1,1,1
1442,9,792,388,63,181,1,1,1
1443,1,1935,377,156,377,1,1,1
1443,3,1013,381,149,415,1,1,1
1443,4,1408,375,104,319,1,1,1
1443,5,998,373,83,275,1,1,1
1443,6,1774,416,70,198,1,1,1
1443,9,791,387,63,181,1,1,1
1444,1,1934,375,161,379,1,1,1
1444,3,1018,380,146,416,1,1,1
1444,4,1413,374,101,320,1,1,1
1444,5,998,372,83,275,1,1,1
1444,6,1773,416,70,198,1,1,1
1444,9,790,387,63,181,1,1,1
1445,1,1934,374,166,381,1,1,1
1445,3,1024,380,142,416,1,1,1
1445,4,1418,374,98,320,1,1,1
1445,5,998,371,83,275,1,1,1
1445,6,1772,415,71,199,1,1,1
1445,9,789,386,63,181,1,1,1
1446,1,1934,372,169,383,1,1,1
1446,3,1029,379,137,416,1,1,1
1446,4,1423,373,94,320,1,1,1
1446,5,997,369,83,274,1,1,1
1446,6,1771,414,71,198,1,1,1
1446,9,787,385,63,180,1,1,1
1447,1,1937,372,170,383,1,1,1
1447,3,1039,379,134,417,1,1,1
1447,4,1425,372,96,321,1,1,1
1447,5,996,370,85,274,1,1,1
1447,6,1771,414,71,199,1,1,1
1447,9,787,385,64,180,1,1,1
1448,1,1941,371,170,384,1,1,1
1448,3,1049,379,129,416,1,1,1
1448,4,1427,371,98,322,1,1,1
1448,5,994,369,86,275,1,1,1
1448,6,1771,414,71,198,1,1,1
1448,9,787,384,64,181,1,1,1
1449,1,1944,370,170,385,1,1,1
1449,3,1058,378,126,416,1,1,1
1449,4,1429,369,99,324,1,1,1
1449,5,993,369,87,275,1,1,1
1449,6,1771,413,70,198,1,1,1
1449,9,787,384,64,180,1,1,1
1450,1,1947,370,170,385,1,1,1
1450,3,1067,378,122,416,1,1,1
1450,4,1431,368,100,325,1,1,1
1450,5,991,368,89,276,1,1,1
1450,6,1771,413,70,198,1,1,1
1450,9,787,384,63,179,1,1,1
1451,1,1950,369,170,385,1,1,1
1451,3,1076,377,118,415,1,1,1
1451,4,1433,366,101,325,1,1,1
1451,5,989,368,89,275,1,1,1
1451,6,1770,412,69,197,1,1,1
1451,9,786,383,63,179,1,1,1
1452,1,1957,369,165,386,1,1,1
1452,3,1079,379,132,414,1,1,1
1452,4,1435,367,107,325,1,1,1
1452,5,989,367,89,275,1,1,1
1452,6,1771,412,69,198,1,1,1
1452,9,787,382,63,180,1,1,1
1453,1,1963,369,161,386,1,1,1
1453,3,1080,380,146,412,1,1,1
1453,4,1437,367,113,325,1,1,1
1453,5,988,367,89,273,1,1,1
1453,6,1771,412,70,197,1,1,1
1453,9,787,382,63,180,1,1,1
1454,1,1970,368,155,387,1,1,1
1454,3,1082,380,160,412,1,1,1
1454,4,1439,367,118,325,1,1,1
1454,5,987,366,89,273,1,1,1
1454,6,1771,411,70,198,1,1,1
1454,9,787,381,63,180,1,1,1
1455,1,1977,368,150,387,1,1,1
1455,3,1084,381,174,410,1,1,1
1455,4,1441,368,124,323,1,1,1
1455,5,985,366,90,271,1,1,1
1455,6,1771,411,70,198,1,1,1
1455,9,787,380,63,181,1,1,1
1456,1,1983,367,144,387,1,1,1
1456,3,1086,382,187,408,1,1,1
1456,4,1443,367,128,323,1,1,1
1456,5,984,365,89,270,1,1,1
1456,6,1771,410,70,197,1,1,1
1456,9,786,379,64,181,1,1,1
1457,1,1988,367,141,388,1,1,1
1457,3,1090,381,185,409,1,1,1
1457,4,1446,368,127,324,1,1,1
1457,5,984,364,89,269,1,1,1
1457,6,1771,410,71,198,1,1,1
1457,9,787,379,64,181,1,1,1
1458,1,1992,367,138,388,1,1,1
1458,3,1093,380,183,409,1,1,1
1458,4,1449,368,125,324,1,1,1
1458,5,984,363,88,268,1,1,1
1458,6,1771,410,72,198,1,1,1
1458,9,787,378,64,181,1,1,1
1459,1,1996,367,135,388,1,1,1
1459,3,1097,379,179,409,1,1,1
1459,4,1451,369,124,324,1,1,1
1459,5,983,361,88,268,1,1,1
1459,6,1771,409,72,199,1,1,1
1459,9,787,378,64,180,1,1,1
1460,1,2001,367,131,388,1,1,1
1460,3,1100,378,177,409,1,1,1
1460,4,1454,369,122,324,1,1,1
1460,5,983,360,87,266,1,1,1
1460,6,1771,409,73,199,1,1,1
1460,9,787,378,64,180,1,1,1
1461,1,2004,366,128,388,1,1,1
1461,2,1098,371,113,351,1,1,1
1461,3,1103,377,174,408,1,1,1
1461,4,1456,369,120,324,1,1,1
1461,5,982,358,86,264,1,1,1
1461,6,1770,408,73,200,1,1,1
1461,9,786,377,64,179,1,1,1
1462,1,2006,366,128,390,1,1,1
1462,2,1103,370,110,351,1,1,1
1462,3,1119,375,162,409,1,1,1
1462,4,1459,368,118,326,1,1,1
1462,5,984,359,90,264,1,1,1
1462,6,1770,408,74,199,1,1,1
1462,9,787,377,64,179,1,1,1
1463,1,2007,366,127,390,1,1,1
1463,2,1107,369,107,350,1,1,1
1463,3,1134,374,151,409,1,1,1
1463,4,1461,368,116,327,1,1,1
1463,5,986,358,93,265,1,1,1
1463,6,1770,407,73,200,1,1,1
1463,9,787,376,63,180,1,1,1
1464,1,2008,365,127,392,1,1,1
1464,2,1111,368,104,349,1,1,1
1464,3,1149,372,139,409,1,1,1
1464,4,1464,367,113,329,1,1,1
1464,5,989,358,95,265,1,1,1
1464,6,1770,407,73,199,1,1,1
1464,9,786,375,64,181,1,1,1
1465,1,2009,365,126,393,1,1,1
1465,2,1114,367,102,348,1,1,1
1465,3,1164,370,127,409,1,1,1
1465,4,1466,367,112,330,1,1,1
1465,5,991,358,97,265,1,1,1
1465,6,1771,406,72,199,1,1,1
1465,9,786,374,63,181,1,1,1
1466,1,2009,364,125,394,1,1,1
1466,2,1118,366,98,346,1,1,1
1466,3,1179,367,115,409,1,1,1
1466,4,1468,366,109,331,1,1,1
1466,5,992,357,100,264,1,1,1
1466,6,1770,405,72,198,1,1,1
1466,9,786,373,62,181,1,1,1
1467,1,2009,364,127,397,1,1,1
1467,2,1120,366,99,345,1,1,1
1467,3,1185,368,121,410,1,1,1
1467,4,1472,365,109,332,1,1,1
1467,5,995,357,100,264,1,1,1
1467,6,1770,405,72,198,1,1,1
1467,9,786,373,63,181,1,1,1
1468,1,2008,364,128,399,1,1,1
1468,2,1121,365,100,344,1,1,1
1468,3,1192,367,125,412,1,1,1
1468,4,1475,364,109,333,1,1,1
1468,5,996,357,101,263,1,1,1
1468,6,1770,405,72,198,1,1,1
1468,9,785,373,63,181,1,1,1
1469,1,2008,363,128,402,1,1,1
1469,2,1122,365,101,341,1,1,1
1469,3,1198,367,130,414,1,1,1
1469,4,1478,363,108,333,1,1,1
1469,5,998,356,101,263,1,1,1
1469,6,1769,404,73,198,1,1,1
1469,9,784,372,64,181,1,1,1
1470,1,2007,363,129,404,1,1,1
1470,2,1123,364,103,340,1,1,1
1470,3,1204,367,135,415,1,1,1
1470,4,1481,362,108,333,1,1,1
1470,5,1000,356,101,262,1,1,1
1470,6,1769,404,73,197,1,1,1
1470,9,784,372,64,180,1,1,1
1471,1,2006,362,130,406,1,1,1
1471,2,1124,363,103,338,1,1,1
1471,3,1209,366,141,416,1,1,1
1471,4,1484,361,107,333,1,1,1
1471,5,1001,355,101,261,1,1,1
1471,6,1767,403,73,197,1,1,1
1471,9,783,371,63,180,1,1,1
1472,1,2006,361,131,407,1,1,1
1472,2,1127,363,108,338,1,1,1
1472,3,1210,367,149,416,1,1,1
1472,4,1486,360,109,334,1,1,1
1472,5,1002,355,101,260,1,1,1
1472,6,1768,403,73,198,1,1,1
1472,9,783,371,64,180,1,1,1
1473,1,2005,360,133,408,1,1,1
1473,2,1129,363,112,338,1,1,1
1473,3,1210,367,156,416,1,1,1
1473,4,1487,359,110,335,1,1,1
1473,5,1002,354,101,260,1,1,1
1473,6,1768,402,73,198,1,1,1
1473,9,782,369,65,181,1,1,1
1474,1,2005,359,133,408,1,1,1
1474,2,1131,362,117,338,1,1,1
1474,3,1210,367,164,416,1,1,1
1474,4,1489,358,111,336,1,1,1
1474,5,1003,353,100,260,1,1,1
1474,6,1768,401,72,199,1,1,1
1474,9,782,368,65,181,1,1,1
1475,1,2004,358,134,408,1,1,1
1475,2,1133,362,122,337,1,1,1
1475,3,1210,367,172,417,1,1,1
1475,4,1491,357,112,336,1,1,1
1475,5,1003,353,100,259,1,1,1
1475,6,1768,400,72,200,1,1,1
1475,9,782,367,65,182,1,1,1
1476,1,2003,356,135,408,1,1,1
1476,2,1135,360,126,337,1,1,1
1476,3,1209,367,180,416,1,1,1
1476,4,1492,355,113,337,1,1,1
1476,5,1003,352,99,258,1,1,1
1476,6,1768,399,71,200,1,1,1
1476,9,781,366,65,181,1,1,1
1477,1,2003,357,136,408,1,1,1
1477,2,1139,362,125,335,1,1,1
1477,3,1214,367,176,416,1,1,1
1477,4,1494,355,112,339,1,1,1
1477,5,1010,351,94,258,1,1,1
1477,6,1768,400,72,199,1,1,1
1477,9,781,365,65,182,1,1,1
1478,1,2003,357,136,408,1,1,1
1478,2,1142,363,124,333,1,1,1
1478,3,1218,366,171,416,1,1,1
1478,4,1495,355,112,339,1,1,1
1478,5,1016,351,89,257,1,1,1
1478,6,1769,400,70,198,1,1,1
1478,9,782,365,63,181,1,1,1
1479,1,2003,357,136,408,1,1,1
1479,2,1146,363,122,332,1,1,1
1479,3,1222,365,167,417,1,1,1
1479,4,1496,354,112,340,1,1,1
1479,5,1023,350,83,257,1,1,1
1479,6,1769,400,70,197,1,1,1
1479,9,782,364,63,181,1,1,1
1480,1,2003,357,136,408,1,1,1
1480,2,1149,364,121,330,1,1,1
1480,3,1226,364,163,417,1,1,1
1480,4,1498,354,111,341,1,1,1
1480,5,1029,349,78,257,1,1,1
1480,6,1769,401,70,196,1,1,1
1480,9,782,363,62,181,1,1,1
1481,1,2002,356,136,408,1,1,1
1481,2,1152,365,120,327,1,1,1
1481,3,1230,362,158,417,1,1,1
1481,4,1499,353,110,341,1,1,1
1481,5,1035,348,71,256,1,1,1
1481,6,1769,400,70,195,1,1,1
1481,9,782,362,61,180,1,1,1
1482,1,2002,355,138,411,1,1,1
1482,2,1156,364,117,327,1,1,1
1482,3,1242,362,153,418,1,1,1
1482,4,1500,354,111,343,1,1,1
1482,5,1041,348,72,257,1,1,1
1482,6,1770,400,69,195,1,1,1
1482,9,782,362,62,180,1,1,1
1483,1,2001,354,140,413,1,1,1
1483,2,1160,363,113,326,1,1,1
1483,3,1255,361,146,418,1,1,1
1483,4,1500,354,112,344,1,1,1
1483,5,1046,348,73,257,1,1,1
1483,6,1770,400,69,195,1,1,1
1483,9,782,362,63,180,1,1,1
1484,1,2000,352,142,416,1,1,1
1484,2,1163,362,111,325,1,1,1
1484,3,1267,360,140,419,1,1,1
1484,4,1501,354,112,346,1,1,1
1484,5,1051,348,73,257,1,1,1
1484,6,1770,400,69,195,1,1,1
1484,9,782,361,64,181,1,1,1
1485,1,1999,351,144,417,1,1,1
1485,2,1167,360,107,325,1,1,1
1485,3,1279,359,135,419,1,1,1
1485,4,1501,355,112,346,1,1,1
1485,5,1056,348,74,256,1,1,1
1485,6,1770,400,69,195,1,1,1
1485,9,782,361,64,180,1,1,1
1486,1,1998,349,145,420,1,1,1
1486,2,1170,359,104,323,1,1,1
1486,3,1291,358,128,419,1,1,1
1486,4,1501,355,112,347,1,1,1
1486,5,1060,347,74,256,1,1,1
1486,6,1770,399,68,195,1,1,1
1486,9,782,360,64,180,1,1,1
1487,1,1999,349,146,421,1,1,1
1487,2,1172,358,106,322,1,1,1
1487,3,1298,358,127,418,1,1,1
1487,4,1502,354,113,349,1,1,1
1487,5,1062,347,73,257,1,1,1
1487,6,1770,398,69,195,1,1,1
1487,9,783,359,63,181,1,1,1
1488,1,2000,349,146,422,1,1,1
1488,2,1175,356,108,321,1,1,1
1488,3,1305,358,125,417,1,1,1
1488,4,1502,353,114,350,1,1,1
1488,5,1064,347,72,256,1,1,1
1488,6,1770,398,70,194,1,1,1
1488,9,783,359,63,180,1,1,1
1489,1,2000,349,147,423,1,1,1
1489,2,1177,355,110,320,1,1,1
1489,3,1311,358,124,416,1,1,1
1489,4,1503,351,114,352,1,1,1
1489,5,1065,347,71,255,1,1,1
1489,6,1769,397,71,195,1,1,1
1489,9,783,358,62,181,1,1,1
1490,1,2001,349,147,424,1,1,1
1490,2,1180,353,111,319,1,1,1
1490,3,1318,358,122,415,1,1,1
1490,4,1503,350,115,353,1,1,1
1490,5,1066,347,71,255,1,1,1
1490,6,1769,396,71,195,1,1,1
1490,9,783,357,62,181,1,1,1
1491,1,2001,349,147,425,1,1,1
1491,2,1182,351,112,317,1,1,1
1491,3,1324,358,121,413,1,1,1
1491,4,1503,349,115,354,1,1,1
1491,5,1067,346,69,254,1,1,1
1491,6,1768,395,72,194,1,1,1
1491,9,783,356,61,180,1,1,1
1492,1,2002,349,149,426,1,1,1
1492,2,1186,352,112,317,1,1,1
1492,3,1325,358,125,414,1,1,1
1492,4,1503,348,117,355,1,1,1
1492,5,1068,345,71,256,1,1,1
1492,6,1769,395,72,195,1,1,1
1492,9,783,356,62,180,1,1,1
1493,1,2003,348,149,428,1,1,1
1493,2,1190,352,111,317,1,1,1
1493,3,1326,359,128,413,1,1,1
1493,4,1503,348,118,354,1,1,1
1493,5,1068,344,73,257,1,1,1
1493,6,1769,394,72,195,1,1,1
1493,9,783,355,62,180,1,1,1
1494,1,2003,348,151,429,1,1,1
1494,2,1193,353,110,315,1,1,1
1494,3,1327,359,132,414,1,1,1
1494,4,1503,347,119,354,1,1,1
1494,5,1068,342,75,260,1,1,1
1494,6,1770,394,72,195,1,1,1
1494,9,783,355,63,179,1,1,1
1495,1,2003,347,153,431,1,1,1
1495,2,1197,353,109,315,1,1,1
1495,3,1328,359,135,414,1,1,1
1495,4,1503,346,120,355,1,1,1
1495,5,1069,341,76,261,1,1,1
1495,6,1770,393,72,196,1,1,1
1495,9,783,354,63,179,1,1,1
1496,1,2003,346,153,432,1,1,1
1496,2,1200,353,107,314,1,1,1
1496,3,1328,359,138,413,1,1,1
1496,4,1502,345,121,354,1,1,1
1496,5,1068,339,78,262,1,1,1
1496,6,1770,392,71,196,1,1,1
1496,9,783,353,62,178,1,1,1
1497,1,2005,346,152,433,1,1,1
1497,2,1203,353,107,314,1,1,1
1497,3,1332,358,138,414,1,1,1
1497,4,1503,345,121,355,1,1,1
1497,5,1070,340,79,263,1,1,1
1497,6,1771,392,71,196,1,1,1
1497,9,784,353,62,179,1,1,1
1498,1,2006,345,151,434,1,1,1
1498,2,1205,352,106,314,1,1,1
1498,3,1336,356,138,415,1,1,1
1498,4,1504,344,121,355,1,1,1
1498,5,1072,340,79,264,1,1,1
1498,6,1772,392,70,196,1,1,1
1498,9,784,351,62,180,1,1,1
1499,1,2007,344,150,435,1,1,1
1499,2,1207,352,106,313,1,1,1
1499,3,1339,355,138,415,1,1,1
1499,4,1504,343,121,356,1,1,1
1499,5,1073,340,79,264,1,1,1
1499,6,1772,392,70,195,1,1,1
1499,9,784,350,62,181,1,1,1
1500,1,2009,343,148,436,1,1,1
1500,2,1210,352,104,312,1,1,1
1500,3,1342,353,138,417,1,1,1
1500,4,1505,342,121,357,1,1,1
1500,5,1074,340,80,265,1,1,1
1500,6,1773,391,69,196,1,1,1
1500,9,785,349,61,181,1,1,1