1 1 285 309 21 54
1 2 256 311 27 52
2 1 285 309 21 54
2 2 256 311 27 52
3 1 285 309 21 54
3 2 255 311 27 52
4 1 284 309 21 54
4 2 255 310 27 52
5 1 285 309 21 54
5 2 255 311 27 52
6 1 285 308 21 54
6 2 255 311 27 52
7 1 286 308 21 54
7 2 254 310 29 52
8 1 286 308 21 54
8 2 253 311 29 52
9 1 287 308 20 54
9 2 254 311 28 51
10 1 287 308 20 54
10 2 254 310 28 51
11 1 287 308 21 54
11 2 253 310 29 52
12 1 287 308 21 54
12 2 254 310 28 52
13 1 287 308 21 54
13 2 254 311 28 51
14 1 288 309 20 54
14 2 254 310 28 52
15 1 287 308 21 54
15 2 253 310 29 51
16 1 287 309 20 54
16 2 253 309 29 52
17 1 287 308 21 54
17 2 253 310 29 51
18 1 287 309 21 54
18 2 253 309 29 52
19 1 287 309 20 54
19 2 254 309 28 51
20 1 287 309 21 54
20 2 254 309 28 52
21 1 287 309 21 54
21 2 254 310 28 51
22 1 286 309 21 54
22 2 253 309 29 51
23 1 287 309 21 56
23 2 254 309 28 51
24 1 287 309 21 55
24 2 253 310 29 50
25 1 287 310 20 55
25 2 253 310 29 50
26 1 287 308 20 56
26 2 252 310 29 50
27 1 287 309 20 55
27 2 252 310 29 50
28 1 286 309 21 55
28 2 253 310 28 50
29 1 286 307 21 56
29 2 253 310 28 50
30 1 286 308 21 56
30 2 253 311 28 49
31 1 286 308 21 57
31 2 252 311 29 49
32 1 286 308 21 56
32 2 253 311 28 49
33 1 287 308 20 56
33 2 252 309 29 51
34 1 284 307 23 59
34 2 252 309 29 51
35 1 285 308 22 58
35 2 252 309 29 51
36 1 285 308 22 58
36 2 252 309 29 51
37 1 285 307 22 57
37 2 252 310 29 51
38 1 285 307 23 58
38 2 251 310 29 51
39 1 286 308 22 58
39 2 251 310 29 48
40 1 286 309 22 58
40 2 251 310 29 48
41 1 287 308 21 61
41 2 250 310 29 47
42 1 287 308 21 61
42 2 249 311 30 47
43 1 287 309 21 58
43 2 251 311 27 48
44 1 288 309 21 58
44 2 252 310 26 48
45 1 288 308 21 58
45 2 252 310 27 48
46 1 288 308 21 58
46 2 253 311 26 48
47 1 288 309 21 58
47 2 251 310 28 49
48 1 289 308 21 58
48 2 250 310 28 50
49 1 288 309 21 58
49 2 251 310 28 50
50 1 289 308 22 59
50 2 250 311 28 49
51 1 288 309 22 59
51 2 250 311 28 49
52 1 288 308 22 59
52 2 251 311 28 49
53 1 288 309 22 59
53 2 252 311 26 49
54 1 288 309 22 59
54 2 252 311 26 49
55 1 289 310 22 59
55 2 252 310 26 48
56 1 288 310 22 59
56 2 252 310 26 48
57 1 289 311 22 59
57 2 253 310 27 50
58 1 289 311 22 59
58 2 252 310 27 49
59 1 288 310 22 59
59 2 252 310 27 50
60 1 288 310 22 59
60 2 252 310 27 49
61 1 288 310 22 59
61 2 252 310 26 50
62 1 288 310 22 59
62 2 252 310 26 50
63 1 288 309 22 59
63 2 252 311 26 49
64 1 288 309 22 59
64 2 252 312 26 48
65 1 287 310 22 59
65 2 252 314 26 46
66 1 287 310 22 59
66 2 252 314 25 46
67 1 288 310 22 59
67 2 253 315 24 46
68 1 287 310 22 61
68 2 252 316 25 46
69 1 287 310 22 61
69 2 253 313 24 46
70 1 288 310 22 61
70 2 253 311 25 49
71 1 288 310 22 61
71 2 253 312 25 48
72 1 288 310 22 61
72 2 252 313 25 48
73 1 288 310 22 61
73 2 251 313 25 48
74 1 289 310 22 61
74 2 251 314 26 48
75 1 288 309 22 63
75 2 251 314 27 48
76 1 289 312 22 60
76 2 252 314 26 48
77 1 290 311 22 61
77 2 251 314 26 48
78 1 290 310 22 61
78 2 250 313 27 48
79 1 290 310 22 61
79 2 251 313 26 48
80 1 290 310 22 61
80 2 250 314 27 48
81 1 290 310 23 62
81 2 250 314 27 48
82 1 289 309 23 63
82 2 251 314 26 48
83 2 250 314 27 48
83 1 289 309 25 62
84 1 290 312 25 61
84 2 252 314 25 47
85 1 292 310 22 62
85 2 251 314 26 48
86 1 291 311 23 62
86 2 249 315 27 48
87 1 292 312 23 62
87 2 250 315 27 48
88 1 292 313 23 61
88 2 250 315 27 48
89 1 293 313 22 62
89 2 249 316 26 48
90 1 293 313 22 62
90 2 249 316 26 48
91 1 292 313 22 62
91 2 249 316 26 48
92 1 291 313 23 62
92 2 250 317 25 46
93 1 291 314 23 62
93 2 250 317 25 46
94 1 291 313 23 62
94 2 250 317 25 46
95 1 291 314 23 62
95 2 250 318 25 46
96 1 291 313 23 62
96 2 250 317 25 46
97 1 291 314 23 62
97 2 250 318 25 46
98 1 291 314 23 62
98 2 249 318 25 46
99 1 290 313 22 60
99 2 250 318 25 46
100 1 290 314 22 60
100 2 250 319 25 46
101 1 290 312 24 64
101 2 250 319 25 46
102 1 290 312 23 64
102 2 250 317 25 46
103 1 290 313 23 64
103 2 250 318 25 46
104 1 290 313 23 64
104 2 250 318 25 46
105 1 288 313 23 63
105 2 248 315 26 48
106 1 288 314 23 63
106 2 248 315 26 48
107 1 289 313 23 63
107 2 249 316 26 48
108 1 288 314 23 63
108 2 249 316 26 48
109 1 289 314 23 63
109 2 250 316 26 48
110 1 289 314 23 63
110 2 249 317 26 48
111 1 289 313 23 63
111 2 248 318 27 48
112 1 289 314 23 63
112 2 248 318 27 48
113 1 290 314 23 63
113 2 250 317 26 48
114 1 290 313 23 63
114 2 248 318 26 48
115 1 291 313 23 63
115 2 247 316 30 50
116 1 291 312 22 66
116 2 247 315 31 51
117 1 291 313 22 65
117 2 246 315 31 52
118 1 291 312 22 64
118 2 245 315 30 52
119 1 291 313 23 66
119 2 248 315 29 51
120 1 290 312 24 66
120 2 247 316 28 51
121 1 291 313 23 66
121 2 248 316 28 51
122 1 291 313 23 65
122 2 248 317 28 52
123 1 290 314 23 65
123 2 248 317 27 51
124 1 291 314 23 65
124 2 248 317 27 52
125 1 292 315 23 66
125 2 249 317 27 51
126 1 291 314 23 66
126 2 249 317 27 52
127 1 290 315 23 65
127 2 249 317 27 52
128 1 290 315 24 65
128 2 249 317 27 52
129 1 291 315 24 66
129 2 249 317 27 51
130 1 291 315 24 66
130 2 250 317 27 51
131 1 289 313 25 66
131 2 250 318 27 51
132 1 289 314 24 65
132 2 249 318 27 51
133 1 289 313 23 66
133 2 250 318 27 51
134 1 289 314 23 66
134 2 249 317 27 51
135 1 288 314 24 65
135 2 249 317 27 52
136 1 289 314 23 66
136 2 249 317 27 52
137 1 288 314 24 66
137 2 248 317 27 52
138 1 289 316 23 65
138 2 247 318 29 51
139 1 289 315 25 66
139 2 248 318 29 51
140 1 290 315 25 66
140 2 247 318 29 51
141 1 289 316 25 65
141 2 248 318 29 53
142 1 289 314 25 66
142 2 248 318 29 54
143 1 289 316 25 66
143 2 247 319 29 54
144 1 290 316 24 67
144 2 248 317 29 54
145 1 291 315 24 65
145 2 248 317 29 55
146 1 291 315 24 67
146 2 248 317 28 55
147 1 292 314 23 68
147 2 247 317 31 55
148 1 292 314 23 67
148 2 247 317 31 53
149 1 293 315 23 66
149 2 246 317 31 54
150 1 293 315 22 66
150 2 248 317 27 53
151 1 293 315 22 66
151 2 249 317 28 53
152 1 291 314 25 68
152 2 248 317 27 53
153 1 291 316 25 65
153 2 248 318 28 53
154 1 291 316 25 67
154 2 248 317 27 53
155 1 291 316 25 67
155 2 248 319 27 53
156 1 292 317 25 65
156 2 248 317 28 53
157 1 291 317 25 65
157 2 248 318 29 54
158 1 291 317 25 66
158 2 248 318 28 55
159 1 290 318 26 66
159 2 248 319 26 53
160 1 290 318 26 66
160 2 248 319 27 53
161 1 290 317 26 66
161 2 248 319 27 53
162 1 290 317 25 66
162 2 248 320 27 53
163 1 289 317 25 69
163 2 247 319 28 54
164 1 290 316 24 67
164 2 247 318 28 55
165 1 289 316 24 67
165 2 248 318 28 55
166 1 290 316 22 68
166 2 247 319 29 54
167 1 290 316 22 67
167 2 248 319 28 54
168 1 291 318 23 67
168 2 247 319 29 54
169 1 290 317 22 67
169 2 248 320 28 54
170 1 290 317 22 67
170 2 248 319 28 54
171 1 287 317 26 67
171 2 247 319 29 54
172 1 287 319 25 67
172 2 247 320 29 54
173 1 287 318 25 69
173 2 247 320 29 54
174 1 284 319 29 69
174 2 247 320 29 54
175 1 284 318 29 70
175 2 247 321 29 54
176 1 288 317 26 70
176 2 248 321 28 54
177 1 290 319 23 69
177 2 247 321 29 54
178 1 289 319 24 70
178 2 247 322 29 54
179 1 288 317 26 70
179 2 248 320 28 57
180 2 247 321 29 54
180 1 289 319 25 68
181 2 246 320 30 55
181 1 289 317 26 71
182 2 246 321 29 54
182 1 290 318 25 71
183 2 246 321 30 55
183 1 289 317 25 71
184 2 246 322 29 54
184 1 290 319 26 70
185 2 245 321 31 57
185 1 290 319 25 70
186 2 244 322 31 56
186 1 289 318 27 72
187 2 244 322 30 56
187 1 289 318 27 72
188 2 244 321 30 55
188 1 290 319 27 71
189 2 244 322 31 56
189 1 291 320 26 69
190 2 245 322 31 55
190 1 289 321 27 69
191 2 244 322 30 56
191 1 289 321 27 69
192 2 244 323 30 56
192 1 289 321 27 70
193 2 244 323 30 55
193 1 288 320 27 70
194 2 243 324 30 55
194 1 288 321 27 71
195 2 243 323 30 56
195 1 288 320 27 71
196 2 243 323 30 56
196 1 288 320 27 71
197 2 243 323 30 56
197 1 289 322 27 71
198 2 243 324 30 55
198 1 289 321 27 71
199 2 242 325 31 55
199 1 288 321 27 71
200 2 242 326 30 56
200 1 289 322 25 71
201 2 243 324 30 56
201 1 288 320 25 71
202 2 242 324 31 57
202 1 289 320 24 71
203 2 242 323 30 58
203 1 288 319 25 74
204 2 242 324 31 57
204 1 288 320 26 72
205 2 242 324 30 57
205 1 288 320 25 72
206 2 242 324 31 58
206 1 288 322 26 71
207 2 241 324 31 58
207 1 289 324 26 70
208 2 242 324 30 57
208 1 288 323 26 70
209 2 241 324 31 58
209 1 288 323 26 73
210 2 241 325 31 58
210 1 289 322 26 75
211 2 240 326 31 57
211 1 289 323 26 73
212 2 240 326 31 57
212 1 290 323 25 73
213 2 239 326 32 58
213 1 290 323 25 73
214 2 240 326 31 58
214 1 290 323 25 73
215 2 239 326 32 59
215 1 290 322 26 74
216 2 239 327 31 58
216 1 291 322 25 74
217 2 238 327 31 58
217 1 291 323 26 73
218 2 238 327 31 59
218 1 291 324 26 74
219 2 237 327 31 58
219 1 291 324 27 73
220 2 237 327 32 59
220 1 293 324 26 74
221 2 236 327 32 58
221 1 291 326 27 73
222 2 237 329 32 59
222 1 293 325 26 73
223 2 237 328 32 60
223 1 291 326 26 73
224 2 236 328 32 59
224 1 290 326 27 73
225 2 237 329 32 59
225 1 290 327 27 73
226 2 236 327 32 59
226 1 289 327 28 74
227 2 235 327 33 61
227 1 288 326 29 74
228 2 235 328 33 61
228 1 288 327 29 74
229 2 235 330 32 60
229 1 288 326 29 74
230 2 235 329 33 61
230 1 287 326 30 75
231 2 236 330 32 60
231 1 288 327 28 74
232 2 234 330 33 60
232 1 289 325 27 76
233 2 235 329 32 61
233 1 288 326 27 75
234 2 235 330 32 61
234 1 289 325 25 75
235 2 235 331 31 60
235 1 287 327 27 76
236 2 234 330 31 61
236 1 287 327 26 75
237 2 234 331 31 61
237 1 287 326 27 76
238 2 235 330 31 62
238 1 287 326 27 76
239 2 235 330 31 62
239 1 287 328 27 75
240 2 234 330 31 61
240 1 287 329 27 75
241 2 233 331 31 61
241 1 287 328 26 75
242 2 231 333 32 62
242 1 289 328 27 76
243 2 231 332 32 61
243 1 289 328 26 76
244 2 231 332 32 62
244 1 288 328 26 76
245 2 232 331 31 62
245 1 287 329 27 77
246 2 231 332 32 61
246 1 287 328 27 77
247 2 231 332 32 62
247 1 287 328 27 77
248 2 231 332 32 62
248 1 287 328 27 77
249 2 230 333 32 62
249 1 288 328 27 78
250 2 231 333 31 62
250 1 288 328 27 77
251 2 230 333 32 62
251 1 288 328 27 77
252 2 229 334 32 62
252 1 288 328 27 76
253 2 230 333 32 62
253 1 287 329 28 77
254 2 230 335 31 61
254 1 287 329 29 78
255 2 230 334 31 62
255 1 287 330 29 78
256 2 229 336 32 61
256 1 286 331 28 78
257 2 229 335 31 62
257 1 286 331 28 78
258 2 228 335 33 62
258 1 287 331 27 78
259 2 227 336 33 61
259 1 287 331 27 79
260 2 227 336 33 60
260 1 286 331 27 79
261 2 226 336 33 61
261 1 285 331 28 78
262 2 226 336 33 61
262 1 284 331 27 79
263 2 227 336 33 60
263 1 284 332 27 79
264 2 226 337 33 61
264 1 283 332 28 79
265 2 225 339 32 61
265 1 282 331 28 79
266 2 226 337 33 61
266 1 282 331 28 79
267 2 226 337 33 61
267 1 281 331 28 78
268 2 225 336 32 63
268 1 282 331 28 79
269 2 224 339 33 62
269 1 282 331 27 79
270 2 224 337 33 63
270 1 282 332 28 79
271 2 224 336 35 65
271 1 282 332 27 78
272 2 222 337 35 65
272 1 281 333 27 78
273 2 222 338 35 65
273 1 281 333 27 78
274 2 222 335 35 65
274 1 280 335 27 78
275 2 222 335 35 65
275 1 279 335 29 78
276 2 222 336 35 65
276 1 279 334 30 79
277 2 223 336 35 65
277 1 279 334 30 79
278 2 222 336 34 65
278 1 279 335 30 79
279 2 221 336 35 65
279 1 282 335 29 79
280 2 220 336 34 65
280 1 279 333 30 80
281 2 220 337 35 65
281 1 280 334 30 79
282 2 221 338 35 65
282 1 281 335 29 79
283 2 222 337 34 65
283 1 281 334 29 79
284 2 221 337 34 65
284 1 281 334 29 79
285 2 220 341 35 64
285 1 282 334 29 79
286 2 220 340 35 64
286 1 281 334 29 79
287 2 220 338 35 65
287 1 281 333 29 80
288 2 221 339 34 65
288 1 281 333 29 80
289 2 220 339 35 65
289 1 281 335 29 79
290 2 218 341 35 64
290 1 280 336 29 79
291 2 219 339 35 65
291 1 280 336 29 79
292 2 220 340 34 64
292 1 280 336 29 79
293 2 219 339 34 65
293 1 279 336 30 81
294 2 219 338 34 65
294 1 279 337 29 81
295 2 219 339 34 65
295 1 278 337 30 81
296 2 218 338 34 65
296 1 277 337 30 81
297 2 219 339 34 65
297 1 276 337 30 81
298 2 218 339 35 65
298 1 276 336 30 81
299 2 219 340 34 64
299 1 276 336 30 80
300 2 217 340 34 64
300 1 276 335 30 81
301 2 218 340 34 63
301 1 276 335 28 82
302 2 217 338 35 66
302 1 275 334 28 82
303 2 215 339 36 66
303 1 275 335 28 82
304 2 214 338 36 66
304 1 274 334 28 82
305 2 218 339 32 66
305 1 274 335 28 80
306 2 217 338 33 66
306 1 273 335 29 80
307 2 218 339 32 66
307 1 272 333 29 81
308 2 216 339 32 66
308 1 272 336 29 80
309 2 215 339 35 66
309 1 273 336 28 81
310 2 215 339 35 66
310 1 274 335 27 83
311 2 214 340 35 66
311 1 274 336 27 82
312 2 213 341 35 65
312 1 274 336 27 82
313 2 213 339 35 66
313 1 274 337 27 83
314 2 213 339 35 66
314 1 274 335 27 83
315 2 213 338 35 66
315 1 274 335 27 82
316 2 214 339 35 66
316 1 274 335 27 82
317 2 212 341 35 65
317 1 274 335 27 82
318 2 212 339 35 66
318 1 274 333 27 83
319 2 212 338 35 66
319 1 274 335 27 82
320 2 212 339 35 66
320 1 274 333 27 83
321 2 211 338 35 66
321 1 273 332 27 83
322 2 211 340 35 66
322 1 273 332 27 82
323 2 212 342 33 63
323 1 273 333 27 82
324 2 212 342 34 63
324 1 272 333 27 83
325 2 212 342 33 62
325 1 273 333 27 83
326 2 211 341 34 63
326 1 272 333 27 83
327 2 211 342 34 63
327 1 272 333 27 83
328 2 211 341 34 62
328 1 272 332 27 83
329 2 211 341 33 62
329 1 271 333 27 82
330 2 212 341 33 62
330 1 271 334 27 82
331 2 211 342 34 62
331 1 270 334 27 82
332 2 212 341 33 62
332 1 269 334 28 82
333 2 211 341 34 62
333 1 268 334 30 79
334 2 211 342 33 62
334 1 268 334 29 79
335 2 211 341 33 63
335 1 266 333 29 80
336 2 212 342 33 62
336 1 266 333 29 80
337 2 211 340 33 63
337 1 265 333 30 79
338 2 211 341 33 63
338 1 264 333 29 79
339 2 211 340 33 63
339 1 265 332 30 80
340 2 211 340 33 63
340 1 265 332 27 79
341 2 211 339 34 63
341 1 264 331 27 80
342 2 211 339 34 63
342 1 264 332 28 80
343 2 212 339 33 63
343 1 264 332 28 80
344 2 211 339 33 63
344 1 263 333 29 79
345 2 212 339 33 63
345 1 262 331 29 80
346 2 212 339 33 63
346 1 261 332 29 79
347 2 212 339 34 63
347 1 262 332 29 80
348 2 212 339 33 63
348 1 262 333 29 79
349 2 211 337 34 62
349 1 261 334 29 78
350 2 211 336 33 62
350 1 262 333 30 79
351 2 210 336 34 63
351 1 262 332 29 79
352 2 211 336 33 63
352 1 264 332 28 79
353 2 211 336 33 63
353 1 264 331 28 79
354 2 211 336 33 62
354 1 263 331 29 79
355 2 212 338 33 62
355 1 262 331 29 79
356 2 211 336 34 62
356 1 262 329 29 79
357 2 211 338 33 62
357 1 264 330 28 79
358 2 212 336 34 62
358 1 264 330 27 78
359 2 211 336 33 62
359 1 264 330 27 78
360 2 212 336 33 62
360 1 264 331 27 78
361 2 212 336 33 63
361 1 264 330 28 79
362 2 213 336 32 62
362 1 264 330 28 80
363 2 213 336 32 63
363 1 264 331 28 79
364 2 213 336 32 62
364 1 263 331 28 79
365 2 213 335 33 63
365 1 262 332 29 79
366 2 213 336 32 62
366 1 262 330 29 79
367 2 213 335 32 63
367 1 262 329 29 79
368 2 214 336 32 62
368 1 262 331 29 77
369 2 213 336 33 62
369 1 262 330 28 77
370 2 214 335 33 63
370 1 261 331 28 77
371 2 214 336 33 63
371 1 261 331 29 77
372 2 213 334 32 62
372 1 259 329 31 78
373 2 213 334 33 63
373 1 260 330 30 79
374 2 213 334 33 62
374 1 260 329 31 79
375 2 213 333 33 63
375 1 260 330 30 79
376 2 212 334 33 63
376 1 261 328 29 79
377 2 213 334 33 62
377 1 260 329 29 79
378 2 213 335 32 62
378 1 260 330 28 79
379 2 214 334 33 63
379 1 259 331 29 79
380 2 214 334 32 63
380 1 260 332 29 79
381 2 214 335 32 62
381 1 261 331 29 79
382 2 214 335 33 62
382 1 260 332 29 79
383 2 214 335 32 63
383 1 263 332 29 79
384 2 214 336 34 62
384 1 262 331 29 79
385 2 214 335 34 63
385 1 262 331 29 80
386 2 214 334 34 63
386 1 264 332 29 80
387 2 214 336 34 62
387 1 262 332 30 80
388 2 214 336 35 62
388 1 264 330 29 80
389 2 213 336 35 62
389 1 264 331 29 80
390 2 215 338 35 63
390 1 264 330 29 80
391 2 215 337 35 62
391 1 266 331 29 80
392 2 214 337 34 62
392 1 267 333 29 80
393 2 214 337 36 63
393 1 266 330 29 80
394 2 214 337 36 64
394 1 266 332 28 80
395 2 214 338 36 64
395 1 266 332 29 80
396 2 214 339 36 63
396 1 266 333 29 80
397 2 214 339 36 63
397 1 266 331 29 81
398 2 213 339 35 64
398 1 267 332 29 81
399 2 214 340 36 63
399 1 267 333 29 81
400 2 214 341 36 63
400 1 267 333 29 81
401 2 214 340 36 63
401 1 267 332 30 81
402 2 214 342 36 63
402 1 267 333 29 81
403 2 214 342 36 63
403 1 267 334 30 81
404 2 214 342 36 63
404 1 266 334 29 81
405 2 214 342 36 63
405 1 266 332 31 86
406 2 214 343 36 63
406 1 266 333 31 85
407 2 214 344 36 63
407 1 266 334 29 81
408 2 214 344 36 63
408 1 266 333 29 81
409 2 214 344 36 63
409 1 267 334 29 81
410 2 214 344 36 63
410 1 265 337 29 81
411 2 214 344 36 63
411 1 265 335 29 81
412 2 214 343 36 63
412 1 265 336 29 81
413 2 214 343 36 63
413 1 265 337 29 81
414 2 214 344 36 65
414 1 265 337 29 83
415 2 214 343 36 65
415 1 265 337 29 83
416 2 213 344 36 65
416 1 265 338 29 81
417 1 267 337 27 83
417 2 214 344 35 65
418 1 267 337 27 83
418 2 214 343 35 67
419 1 267 336 27 86
419 2 213 344 36 68
420 1 266 337 29 87
420 2 213 342 36 70
421 1 268 338 28 84
421 2 212 343 36 69
422 1 269 337 28 85
422 2 213 343 36 69
423 1 270 338 28 85
423 2 213 345 36 70
424 1 269 339 30 84
424 2 213 344 36 70
425 1 269 337 29 85
425 2 212 344 36 70
426 1 269 338 31 85
426 2 213 345 36 69
427 1 270 338 30 86
427 2 212 346 36 69
428 1 270 338 30 86
428 2 212 346 36 69
429 1 271 338 30 86
429 2 212 346 36 69
430 1 270 339 30 86
430 2 213 345 36 69
431 1 271 339 30 86
431 2 211 345 36 69
432 1 270 339 31 87
432 2 211 345 36 73
433 1 269 340 31 87
433 2 211 347 36 73
434 1 269 341 31 87
434 2 210 346 36 72
435 1 270 341 31 87
435 2 210 348 36 72
436 1 269 341 31 87
436 2 210 346 36 73
437 1 268 341 31 87
437 2 211 348 36 73
438 1 267 341 31 88
438 2 210 347 36 73
439 1 268 342 31 88
439 2 209 347 36 72
440 1 267 342 31 88
440 2 210 348 36 72
441 1 266 341 31 88
441 2 210 349 36 72
442 1 266 341 31 88
442 2 209 350 36 72
443 1 266 341 32 88
443 2 210 350 36 72
444 1 266 342 32 88
444 2 209 349 36 72
445 1 265 342 32 88
445 2 208 350 36 72
446 1 266 342 31 90
446 2 209 351 36 72
447 1 265 342 32 91
447 2 208 351 36 73
448 1 266 344 32 91
448 2 208 351 36 72
449 1 265 344 32 90
449 2 207 351 36 72
450 1 266 345 32 90
450 2 207 352 36 73
451 1 265 345 32 90
451 2 208 352 36 73
452 1 265 345 32 91
452 2 207 352 36 73
453 1 265 345 32 91
453 2 207 351 36 72
454 1 266 345 32 91
454 2 207 353 36 72
455 1 266 346 32 90
455 2 207 354 36 72
456 1 266 346 32 90
456 2 206 354 36 72
457 1 266 346 32 90
457 2 206 353 37 74
458 1 266 345 32 91
458 2 206 354 36 74
459 1 267 346 32 90
459 2 205 354 37 74
460 1 267 346 32 91
460 2 206 353 36 74
461 1 267 347 32 91
461 2 206 353 36 74
462 1 266 347 32 90
462 2 205 354 36 74
463 1 267 347 32 91
463 2 204 355 37 74
464 1 266 347 32 90
464 2 204 355 37 74
465 1 266 347 32 91
465 2 203 355 37 74
466 1 265 349 32 90
466 2 204 356 37 74
467 1 266 349 32 91
467 2 204 355 36 74
468 1 265 349 32 91
468 2 204 356 36 74
469 1 264 348 32 95
469 2 203 355 37 75
470 1 264 348 32 95
470 2 203 356 37 75
471 1 263 350 32 95
471 2 202 355 38 75
472 1 264 350 32 95
472 2 202 356 38 75
473 1 263 349 31 95
473 2 203 357 37 75
474 1 262 349 31 95
474 2 202 358 38 75
475 1 263 349 31 95
475 2 202 358 38 75
476 1 262 349 31 95
476 2 202 358 37 75
477 1 263 350 31 95
477 2 202 357 37 75
478 1 260 350 34 93
478 2 200 359 39 75
479 1 259 351 34 93
479 2 200 358 40 75
480 1 258 351 34 94
480 2 200 358 40 75
481 1 258 352 35 94
481 2 200 358 40 75
482 1 257 352 34 94
482 2 200 359 40 75
483 1 259 353 34 93
483 2 200 359 40 75
484 1 258 353 35 93
484 2 199 358 40 78
485 1 258 353 34 95
485 2 199 358 40 78
486 1 258 354 35 94
486 2 200 359 40 78
487 1 260 354 34 95
487 2 199 360 40 78
488 1 260 353 33 96
488 2 199 359 40 77
489 1 260 353 33 96
489 2 199 359 40 77
490 1 261 353 33 96
490 2 200 359 40 78
491 1 261 353 33 96
491 2 200 361 40 78
492 1 262 352 33 96
492 2 199 361 40 78
493 1 262 353 33 96
493 2 200 362 40 77
494 1 263 354 33 96
494 2 199 362 40 78
495 1 263 356 33 96
495 2 200 361 40 78
496 1 262 357 33 96
496 2 199 362 40 77
497 1 263 355 33 96
497 2 199 363 40 77
498 1 263 356 33 96
498 2 198 363 40 78
499 1 262 356 33 96
499 2 199 364 40 77
500 1 262 356 33 96
500 2 199 364 40 77
501 1 262 357 33 96
501 2 198 364 40 78
502 1 261 357 33 96
502 2 198 365 40 78
503 1 262 358 32 96
503 2 199 365 40 77
504 1 259 357 35 100
504 2 198 365 40 77
505 1 260 358 34 98
505 2 197 365 40 79
506 1 259 357 34 100
506 2 197 365 40 79
507 1 259 356 34 101
507 2 199 365 40 80
508 1 259 358 35 100
508 2 198 366 40 79
509 1 258 359 35 100
509 2 199 365 40 79
510 1 258 358 35 100
510 2 198 367 40 80
511 1 258 358 34 101
511 2 199 368 40 80
512 1 257 356 36 106
512 2 199 367 40 79
513 1 256 358 36 105
513 2 199 367 40 80
514 1 256 357 36 106
514 2 199 368 40 80
515 1 256 358 36 105
515 2 198 370 40 79
516 1 254 360 36 102
516 2 199 370 40 79
517 1 253 359 37 103
517 2 196 368 43 84
518 1 254 362 36 100
518 2 197 368 44 84
519 1 254 360 36 103
519 2 197 369 43 84
520 1 254 360 36 103
520 2 196 370 44 84
521 1 255 362 36 102
521 2 196 370 43 84
522 1 255 363 36 102
522 2 197 371 43 83
523 1 255 363 36 102
523 2 197 371 43 84
524 1 256 363 36 102
524 2 196 369 44 84
525 1 255 363 36 102
525 2 197 372 43 84
526 1 256 363 36 102
526 2 197 372 43 84
527 1 256 362 36 102
527 2 196 372 44 84
528 1 257 362 36 102
528 2 197 371 43 84
529 1 257 360 36 103
529 2 198 373 43 84
530 1 257 362 36 102
530 2 198 372 43 84
531 1 256 362 36 102
531 2 197 373 43 83
532 1 257 363 36 102
532 2 198 373 43 83
533 1 257 363 36 102
533 2 197 373 43 83
534 1 257 365 36 102
534 2 198 374 43 84
535 1 257 366 36 102
535 2 197 374 43 84
536 1 257 364 36 102
536 2 197 374 43 84
537 1 256 365 36 102
537 2 197 375 43 83
538 1 256 366 36 102
538 2 197 374 43 84
539 1 255 366 36 104
539 2 197 374 43 83
540 1 256 365 36 106
540 2 196 376 43 83
541 1 255 366 36 106
541 2 197 375 43 84
542 1 255 367 36 106
542 2 196 376 43 83
543 1 252 366 37 104
543 2 196 376 43 83
544 1 254 367 36 104
544 2 196 376 43 83
545 1 253 367 36 102
545 2 195 377 43 83
546 1 252 367 37 102
546 2 195 377 43 84
547 1 251 367 37 102
547 2 196 377 43 84
548 1 251 368 37 102
548 2 196 378 43 83
549 1 252 367 36 102
549 2 196 377 43 84
550 1 252 368 36 102
550 2 196 378 43 83
551 1 251 368 37 103
551 2 196 378 43 83
552 1 251 369 37 104
552 2 195 378 43 84
553 1 251 369 37 104
553 2 195 378 43 83
554 1 250 371 37 104
554 2 194 379 43 83
555 1 251 370 37 104
555 2 193 379 43 83
556 1 251 371 37 103
556 2 195 381 43 83
557 1 252 371 37 104
557 2 195 380 43 83
558 1 251 372 37 103
558 2 194 380 43 84
559 1 252 370 37 104
559 2 195 380 43 84
560 1 252 370 37 104
560 2 195 381 43 83
561 1 252 370 37 104
561 2 195 381 43 84
562 1 255 368 37 104
562 2 195 381 43 83
563 1 254 369 36 104
563 2 194 381 43 83
564 1 254 372 37 103
564 2 193 381 43 83
565 1 252 369 37 104
565 2 193 381 43 84
566 1 254 370 37 104
566 2 192 382 43 83
567 1 255 371 36 104
567 2 193 381 43 84
568 1 254 370 37 106
568 2 193 380 43 88
569 1 254 371 37 105
569 2 194 380 42 88
570 1 254 370 37 106
570 2 193 379 42 88
571 1 254 371 36 105
571 2 192 380 42 88
572 1 254 371 37 105
572 2 193 380 42 88
573 1 254 371 37 106
573 2 193 379 42 89
574 1 254 371 36 106
574 2 193 380 42 88
575 1 253 372 36 105
575 2 191 380 42 88
576 1 252 373 37 106
576 2 192 379 42 88
577 1 252 373 37 105
577 2 192 379 42 89
578 1 252 370 37 106
578 2 191 377 43 89
579 1 251 372 37 105
579 2 191 379 42 89
580 1 251 372 37 106
580 2 192 379 42 89
581 1 249 372 39 101
581 2 192 381 42 88
582 1 248 372 39 101
582 2 191 382 42 86
583 1 248 374 39 102
583 2 191 382 42 86
584 1 247 372 39 102
584 2 190 380 43 86
585 1 248 372 39 105
585 2 190 380 43 86
586 1 246 372 39 105
586 2 190 381 42 86
587 1 248 374 39 105
587 2 189 380 43 86
588 1 247 373 39 104
588 2 189 382 43 86
589 1 245 373 38 105
589 2 189 382 43 86
590 1 247 373 39 104
590 2 188 382 43 86
591 1 247 373 39 104
591 2 188 382 43 86
592 1 247 374 39 104
592 2 188 381 43 86
593 1 248 373 39 104
593 2 187 382 43 86
594 1 249 372 39 104
594 2 187 380 43 87
595 1 247 372 39 105
595 2 187 382 43 86
596 1 247 372 39 104
596 2 187 382 43 86
597 1 249 371 39 105
597 2 187 381 43 86
598 1 249 370 39 105
598 2 187 380 43 86
599 1 248 371 39 105
599 2 186 382 43 86
600 1 249 371 39 104
600 2 186 380 43 88
601 1 248 370 38 104
601 2 184 379 43 89
602 1 248 372 38 104
602 2 186 379 41 88
603 1 248 373 38 104
603 2 186 380 41 88
604 1 247 375 38 103
604 2 186 378 41 89
605 1 248 375 38 104
605 2 185 379 41 89
606 1 247 373 37 104
606 2 185 379 41 88
607 1 246 373 38 104
607 2 185 379 41 89
608 1 245 374 37 103
608 2 185 380 41 88
609 1 245 373 38 103
609 2 184 379 41 89
610 1 245 374 37 104
610 2 184 378 41 89
611 1 244 372 38 103
611 2 184 379 41 88
612 1 243 372 38 103
612 2 184 379 41 89
613 1 242 371 38 104
613 2 183 380 41 88
614 1 242 369 38 104
614 2 183 379 41 88
615 1 242 370 38 104
615 2 184 379 41 88
616 1 240 371 38 104
616 2 184 379 41 88
617 1 240 369 38 104
617 2 182 378 42 88
618 1 239 371 37 103
618 2 181 379 44 88
619 1 239 370 37 105
619 2 179 380 44 86
620 1 239 371 37 105
620 2 179 379 45 86
621 1 239 371 37 105
621 2 179 380 45 86
622 1 239 371 37 105
622 2 179 379 45 86
623 1 239 371 36 105
623 2 180 380 44 86
624 1 239 373 37 105
624 2 179 379 44 86
625 1 239 371 37 105
625 2 179 383 45 86
626 1 238 371 39 105
626 2 178 379 45 86
627 1 239 371 40 105
627 2 179 379 44 86
628 1 241 373 39 104
628 2 180 380 44 86
629 1 239 371 40 105
629 2 180 381 45 86
630 2 179 378 44 90
630 1 240 368 36 105
631 2 180 379 44 87
631 1 241 368 37 105
632 2 180 379 44 85
632 1 241 368 37 105
633 2 179 379 44 85
633 1 242 369 36 101
634 2 179 379 44 86
634 1 242 370 36 102
635 2 179 377 44 87
635 1 241 369 37 100
636 2 178 378 45 86
636 1 241 370 37 100
637 2 179 378 45 86
637 1 241 370 37 101
638 2 180 378 43 86
638 1 240 369 37 101
639 2 180 377 43 86
639 1 241 369 36 103
640 2 180 376 43 86
640 1 239 368 36 103
641 2 179 377 42 85
641 1 240 369 36 103
642 2 179 378 43 82
642 1 239 369 36 103
643 2 179 377 43 85
643 1 237 369 36 103
644 2 180 377 41 83
644 1 239 370 33 100
645 2 179 378 42 85
645 1 237 369 36 101
646 2 180 377 41 84
646 1 235 369 36 101
647 2 181 377 39 83
647 1 235 368 36 100
648 2 180 376 41 84
648 1 234 369 35 98
649 2 182 377 40 84
649 1 234 369 35 97
650 2 183 376 38 84
650 1 233 367 35 98
651 2 182 375 39 84
651 1 232 367 35 99
652 2 183 376 38 84
652 1 232 367 35 98
653 2 183 375 39 84
653 1 233 368 35 99
654 2 184 374 38 84
654 1 232 368 35 98
655 2 182 373 39 84
655 1 231 368 35 98
656 2 184 374 38 84
656 1 230 368 36 99
657 2 182 374 39 84
657 1 230 367 36 99
658 2 183 375 38 84
658 1 230 367 36 99
659 2 183 373 39 84
659 1 232 369 36 99
660 2 184 373 39 84
660 1 231 365 36 101
661 2 184 373 38 84
661 1 233 367 36 101
662 2 184 374 39 84
662 1 231 365 36 101
663 2 184 373 40 85
663 1 232 363 35 102
664 2 183 371 41 87
664 1 233 365 35 98
665 2 182 372 41 84
665 1 233 363 34 99
666 2 184 371 41 84
666 1 234 364 36 98
667 2 184 371 41 84
667 1 233 364 36 98
668 2 185 370 40 79
668 1 232 363 37 98
669 2 188 372 40 78
669 1 233 361 37 98
670 2 187 369 40 79
670 1 234 362 37 98
671 1 234 361 35 101
671 2 185 368 42 80
672 1 234 361 35 101
672 2 185 369 43 81
673 1 235 360 35 101
673 2 187 368 43 81
674 1 234 361 35 99
674 2 186 368 43 80
675 1 235 360 35 99
675 2 188 368 40 80
676 1 233 360 33 96
676 2 189 368 39 79
677 1 234 359 33 96
677 2 188 368 39 79
678 1 234 360 33 96
678 2 188 367 39 79
679 1 234 360 33 96
679 2 188 367 39 79
680 1 234 360 34 96
680 2 188 366 39 79
681 1 234 359 34 94
681 2 189 367 39 78
682 1 234 361 34 93
682 2 189 368 40 79
683 1 233 357 34 94
683 2 188 366 39 78
684 1 234 356 34 94
684 2 187 365 40 79
685 1 234 356 34 93
685 2 188 365 39 79
686 1 235 357 33 93
686 2 189 365 39 78
687 1 236 357 33 91
687 2 188 364 38 79
688 1 236 358 33 90
688 2 189 365 36 76
689 1 236 357 34 91
689 2 189 366 36 76
690 1 236 358 34 91
690 2 190 364 37 77
691 1 236 357 35 92
691 2 190 364 37 77
692 1 237 358 34 91
692 2 189 364 37 77
693 1 237 356 34 92
693 2 189 364 37 74
694 1 237 355 34 92
694 2 190 364 37 74
695 1 240 356 33 91
695 2 190 364 36 74
696 2 189 363 37 76
696 1 239 355 32 91
697 2 189 361 37 76
697 1 241 354 32 91
698 2 188 361 37 76
698 1 241 354 32 91
699 2 189 361 37 76
699 1 243 356 30 87
700 2 189 361 37 76
700 1 242 355 32 91
701 2 190 361 37 76
701 1 242 354 32 91
702 2 190 361 38 76
702 1 240 352 32 91
703 2 189 360 37 76
703 1 242 352 32 91
704 2 189 361 37 76
704 1 242 352 32 91
705 2 189 360 37 76
705 1 242 352 32 91
706 2 189 360 37 76
706 1 242 352 32 91
707 2 189 360 37 76
707 1 242 352 32 91
708 2 189 359 37 76
708 1 241 354 32 91
709 2 189 358 37 76
709 1 241 353 34 88
710 2 190 358 37 76
710 1 240 351 34 88
711 2 189 358 37 76
711 1 240 351 34 88
712 2 188 358 37 76
712 1 240 352 34 88
713 2 188 358 37 74
713 1 237 350 35 89
714 2 190 358 37 74
714 1 238 350 35 89
715 2 191 357 36 74
715 1 238 350 35 89
716 2 190 357 37 74
716 1 237 350 35 88
717 2 190 358 37 74
717 1 237 349 35 88
718 2 190 358 37 74
718 1 238 349 35 88
719 2 190 357 36 74
719 1 238 349 31 88
720 2 190 356 36 74
720 1 237 349 32 89
721 2 192 356 33 74
721 1 238 349 33 88
722 2 192 356 33 74
722 1 238 350 31 89
723 2 191 357 34 72
723 1 239 350 28 87
724 2 191 357 33 72
724 1 238 350 30 87
725 2 191 357 34 74
725 1 238 349 30 88
726 2 190 355 35 75
726 1 239 349 30 88
727 2 191 355 35 75
727 1 240 349 31 88
728 2 191 355 34 73
728 1 238 348 31 84
729 2 191 354 34 73
729 1 240 348 30 84
730 2 191 355 34 73
730 1 241 348 30 84
731 2 191 355 35 71
731 1 241 347 30 85
732 2 191 356 35 70
732 1 240 347 30 84
733 2 191 356 35 70
733 1 240 346 30 84
734 2 191 352 35 71
734 1 240 345 30 84
735 2 192 354 34 70
735 1 240 344 30 85
736 2 191 353 35 70
736 1 240 346 30 84
737 2 190 353 35 70
737 1 239 345 30 84
738 2 189 354 35 70
738 1 239 344 30 85
739 2 190 350 34 71
739 1 238 345 31 84
740 2 189 352 35 68
740 1 238 344 31 85
741 2 190 352 34 67
741 1 237 344 31 85
742 2 189 352 35 67
742 1 237 345 30 84
743 2 190 351 34 67
743 1 237 344 30 85
744 2 189 352 35 67
744 1 236 344 30 85
745 2 189 351 34 67
745 1 235 344 30 84
746 2 189 349 34 68
746 1 234 344 31 85
747 2 188 353 35 67
747 1 234 344 31 84
748 2 189 350 35 68
748 1 233 343 30 85
749 2 189 350 35 68
749 1 231 342 31 85
750 2 189 350 34 67
750 1 232 342 30 85
751 2 189 349 34 64
751 1 232 341 28 83
752 2 187 348 35 67
752 1 232 341 28 83
753 2 189 347 34 67
753 1 232 342 28 83
754 2 186 348 35 67
754 1 232 342 28 82
755 2 186 348 35 67
755 1 229 341 29 82
756 2 187 349 35 67
756 1 229 341 30 83
757 2 187 349 35 67
757 1 229 342 30 82
758 2 187 347 35 67
758 1 230 342 30 83
759 2 186 345 34 67
759 1 229 341 30 83
760 2 186 346 35 67
760 1 229 339 29 83
761 2 185 346 35 67
761 1 230 338 29 82
762 2 185 345 34 67
762 1 230 339 30 82
763 2 185 346 35 67
763 1 230 340 29 82
764 2 185 344 35 67
764 1 230 338 30 82
765 2 186 345 34 67
765 1 231 337 29 82
766 2 185 345 34 67
766 1 231 339 29 82
767 2 185 346 35 67
767 1 231 336 29 82
768 2 185 345 34 67
768 1 231 337 29 83
769 2 185 343 34 68
769 1 231 336 29 82
770 2 185 343 35 67
770 1 230 336 30 83
771 2 185 342 35 67
771 1 230 336 29 82
772 2 185 342 33 67
772 1 229 333 30 83
773 2 185 343 33 67
773 1 229 334 30 83
774 2 186 340 33 67
774 1 229 334 30 82
775 2 186 341 33 67
775 1 230 334 29 82
776 2 186 341 33 65
776 1 229 335 29 81
777 2 186 341 33 66
777 1 228 335 30 81
778 2 186 341 33 65
778 1 228 336 30 81
779 2 186 340 33 65
779 1 228 335 30 81
780 2 185 342 33 65
780 1 227 334 29 81
781 2 184 342 33 66
781 1 226 333 29 81
782 2 185 340 33 65
782 1 227 334 30 81
783 2 185 341 33 66
783 1 227 332 29 81
784 2 186 340 33 65
784 1 227 332 29 81
785 2 185 338 33 65
785 1 226 332 29 81
786 2 185 339 33 65
786 1 226 332 29 81
787 2 186 339 33 65
787 1 226 333 28 76
788 2 185 338 33 65
788 1 225 332 28 77
789 2 185 337 33 65
789 1 225 331 28 76
790 2 185 337 33 65
790 1 224 331 29 77
791 2 185 337 32 64
791 1 224 331 29 77
792 2 185 338 32 63
792 1 225 332 28 76
793 2 184 336 33 64
793 1 226 333 28 77
794 2 185 336 32 63
794 1 226 333 28 76
795 2 184 337 33 63
795 1 226 332 28 76
796 2 185 336 32 64
796 1 227 333 28 76
797 2 184 337 32 64
797 1 227 332 28 76
798 2 184 337 33 63
798 1 228 332 28 77
799 2 185 334 32 64
799 1 228 332 28 76
800 2 184 334 33 64
800 1 229 331 28 77
801 2 185 333 32 64
801 1 229 329 28 77
802 2 185 334 33 64
802 1 229 330 28 77
803 2 184 337 33 63
803 1 229 327 28 75
804 2 185 333 33 64
804 1 229 328 28 75
805 2 185 334 32 64
805 1 229 329 28 75
806 2 186 334 32 64
806 1 229 329 28 75
807 2 185 334 33 64
807 1 229 328 28 75
808 2 186 332 32 64
808 1 229 328 29 75
809 2 186 332 32 64
809 1 229 329 29 75
810 2 186 331 33 63
810 1 229 329 28 75
811 2 186 331 33 64
811 1 229 330 29 75
812 2 187 330 32 63
812 1 229 329 28 75
813 2 187 331 33 63
813 1 228 328 28 75
814 2 186 332 33 60
814 1 229 328 28 75
815 2 186 334 32 59
815 1 228 328 28 75
816 2 185 336 33 59
816 1 228 327 28 74
817 2 186 336 32 56
817 1 228 327 28 74
818 2 186 332 32 57
818 1 229 327 28 73
819 2 185 332 32 58
819 1 227 327 28 73
820 2 186 331 32 58
820 1 227 326 28 72
821 2 185 331 33 58
821 1 228 325 28 72
822 2 185 330 33 58
822 1 229 326 28 72
823 2 185 329 33 58
823 1 229 325 28 72
824 2 185 331 33 58
824 1 229 324 28 72
825 2 186 329 32 58
825 1 229 324 27 72
826 2 186 330 33 58
826 1 228 323 28 73
827 2 185 328 33 58
827 1 229 323 27 73
828 2 184 329 32 58
828 1 231 324 29 73
829 2 185 329 32 58
829 1 231 325 29 73
830 2 185 330 33 58
830 1 231 322 29 73
831 2 184 328 32 58
831 1 231 323 31 77
832 2 184 329 32 58
832 1 231 323 28 75
833 2 184 329 32 58
833 1 230 322 30 75
834 2 183 328 32 58
834 1 232 323 29 74
835 2 183 329 32 58
835 1 232 322 30 75
836 2 183 330 32 58
836 1 233 323 29 74
837 2 184 330 32 58
837 1 231 320 31 74
838 2 184 328 32 58
838 1 233 320 27 73
839 2 184 328 32 58
839 1 233 321 28 76
840 1 232 321 30 69
840 2 185 324 31 62
841 1 231 321 30 69
841 2 186 327 31 61
842 1 233 324 29 68
842 2 186 328 30 61
843 1 232 324 30 69
843 2 186 328 31 61
844 1 234 324 27 68
844 2 186 328 30 61
845 1 232 325 28 68
845 2 186 329 30 61
846 1 233 323 27 68
846 2 185 328 30 61
847 1 231 324 28 68
847 2 186 329 30 61
848 1 232 325 27 68
848 2 184 330 31 61
849 1 231 326 28 68
849 2 184 330 30 61
850 1 232 324 28 68
850 2 184 329 31 61
851 1 231 325 27 69
851 2 185 330 30 61
852 1 231 323 29 68
852 2 184 329 30 61
853 1 230 322 29 69
853 2 184 329 30 61
854 1 232 323 29 69
854 2 185 329 30 55
855 1 231 324 29 68
855 2 184 328 30 55
856 1 230 323 29 69
856 2 183 328 30 55
857 1 230 325 29 68
857 2 181 329 31 55
858 1 232 323 28 68
858 2 182 329 30 55
859 1 232 326 29 68
859 2 182 330 30 55
860 1 232 325 28 69
860 2 181 331 31 55
861 1 232 326 29 68
861 2 181 331 31 55
862 1 232 327 29 69
862 2 181 332 31 55
863 1 232 326 29 68
863 2 180 332 31 55
864 1 234 332 28 68
864 2 183 329 30 55
865 1 234 326 28 69
865 2 180 330 31 55
866 1 234 326 28 69
866 2 180 330 31 55
867 1 236 327 28 69
867 2 181 331 31 55
868 1 234 326 28 68
868 2 182 331 30 55
869 1 235 328 28 68
869 2 181 331 31 56
870 1 236 326 28 68
870 2 180 332 31 56
871 1 235 327 28 68
871 2 181 332 31 56
872 1 234 328 28 69
872 2 180 333 31 56
873 1 234 326 28 69
873 2 180 333 31 56
874 1 235 326 27 66
874 2 181 334 31 55
875 1 233 326 29 67
875 2 181 334 31 56
876 1 234 328 28 67
876 2 183 332 31 55
877 1 231 329 29 66
877 2 184 332 30 56
878 1 230 329 31 67
878 2 183 333 31 55
879 1 232 330 31 66
879 2 183 333 30 56
880 1 231 329 30 64
880 2 184 334 30 55
881 1 229 331 31 63
881 2 183 334 30 56
882 1 231 331 28 63
882 2 183 334 30 56
883 1 230 331 29 63
883 2 184 335 30 55
884 1 231 331 25 63
884 2 184 335 30 55
885 1 230 331 25 63
885 2 184 334 30 55
886 1 229 331 26 64
886 2 184 334 30 56
887 1 228 330 28 64
887 2 185 335 30 55
888 1 225 329 28 64
888 2 186 334 30 55
889 1 223 331 28 64
889 2 185 334 30 55
890 1 222 331 28 63
890 2 185 334 30 56
891 1 220 332 28 63
891 2 185 335 30 55
892 1 221 333 28 64
892 2 185 335 30 55
893 1 220 332 28 64
893 2 185 335 30 55
894 1 220 333 27 63
894 2 185 336 30 55
895 1 216 332 28 63
895 2 185 337 30 55
896 1 215 334 28 63
896 2 185 337 30 55
897 1 214 335 28 64
897 2 186 338 30 55
898 1 212 334 28 63
898 2 186 338 30 55
899 1 208 334 28 63
899 2 186 338 30 55
900 1 208 338 27 63
900 2 186 338 30 55
901 1 207 338 28 64
901 2 186 338 30 55
