1,1,285,309,21,54,1,1,1
2,1,285,309,21,54,1,1,1
3,1,285,309,21,54,1,1,1
4,1,284,309,21,54,1,1,1
5,1,285,309,21,54,1,1,1
6,1,285,308,21,54,1,1,1
7,1,286,308,21,54,1,1,1
8,1,286,308,21,54,1,1,1
9,1,287,308,20,54,1,1,1
10,1,287,308,20,54,1,1,1
11,1,287,308,21,54,1,1,1
12,1,287,308,21,54,1,1,1
13,1,287,308,21,54,1,1,1
14,1,288,309,20,54,1,1,1
15,1,287,308,21,54,1,1,1
16,1,287,309,20,54,1,1,1
17,1,287,308,21,54,1,1,1
18,1,287,309,21,54,1,1,1
19,1,287,309,20,54,1,1,1
20,1,287,309,21,54,1,1,1
21,1,287,309,21,54,1,1,1
22,1,286,309,21,54,1,1,1
23,1,287,309,21,56,1,1,1
24,1,287,309,21,55,1,1,1
25,1,287,310,20,55,1,1,1
26,1,287,308,20,56,1,1,1
27,1,287,309,20,55,1,1,1
28,1,286,309,21,55,1,1,1
29,1,286,307,21,56,1,1,1
30,1,286,308,21,56,1,1,1
31,1,286,308,21,57,1,1,1
32,1,286,308,21,56,1,1,1
33,1,287,308,20,56,1,1,1
34,1,284,307,23,59,1,1,1
35,1,285,308,22,58,1,1,1
36,1,285,308,22,58,1,1,1
37,1,285,307,22,57,1,1,1
38,1,285,307,23,58,1,1,1
39,1,286,308,22,58,1,1,1
40,1,286,309,22,58,1,1,1
41,1,287,308,21,61,1,1,1
42,1,287,308,21,61,1,1,1
43,1,287,309,21,58,1,1,1
44,1,288,309,21,58,1,1,1
45,1,288,308,21,58,1,1,1
46,1,288,308,21,58,1,1,1
47,1,288,309,21,58,1,1,1
48,1,289,308,21,58,1,1,1
49,1,288,309,21,58,1,1,1
50,1,289,308,22,59,1,1,1
51,1,288,309,22,59,1,1,1
52,1,288,308,22,59,1,1,1
53,1,288,309,22,59,1,1,1
54,1,288,309,22,59,1,1,1
55,1,289,310,22,59,1,1,1
56,1,288,310,22,59,1,1,1
57,1,289,311,22,59,1,1,1
58,1,289,311,22,59,1,1,1
59,1,288,310,22,59,1,1,1
60,1,288,310,22,59,1,1,1
61,1,288,310,22,59,1,1,1
62,1,288,310,22,59,1,1,1
63,1,288,309,22,59,1,1,1
64,1,288,309,22,59,1,1,1
65,1,287,310,22,59,1,1,1
66,1,287,310,22,59,1,1,1
67,1,288,310,22,59,1,1,1
68,1,287,310,22,61,1,1,1
69,1,287,310,22,61,1,1,1
70,1,288,310,22,61,1,1,1
71,1,288,310,22,61,1,1,1
72,1,288,310,22,61,1,1,1
73,1,288,310,22,61,1,1,1
74,1,289,310,22,61,1,1,1
75,1,288,309,22,63,1,1,1
76,1,289,312,22,60,1,1,1
77,1,290,311,22,61,1,1,1
78,1,290,310,22,61,1,1,1
79,1,290,310,22,61,1,1,1
80,1,290,310,22,61,1,1,1
81,1,290,310,23,62,1,1,1
82,1,289,309,23,63,1,1,1
83,1,289,309,25,62,1,1,1
84,1,290,312,25,61,1,1,1
85,1,292,310,22,62,1,1,1
86,1,291,311,23,62,1,1,1
87,1,292,312,23,62,1,1,1
88,1,292,313,23,61,1,1,1
89,1,293,313,22,62,1,1,1
90,1,293,313,22,62,1,1,1
91,1,292,313,22,62,1,1,1
92,1,291,313,23,62,1,1,1
93,1,291,314,23,62,1,1,1
94,1,291,313,23,62,1,1,1
95,1,291,314,23,62,1,1,1
96,1,291,313,23,62,1,1,1
97,1,291,314,23,62,1,1,1
98,1,291,314,23,62,1,1,1
99,1,290,313,22,60,1,1,1
100,1,290,314,22,60,1,1,1
101,1,290,312,24,64,1,1,1
102,1,290,312,23,64,1,1,1
103,1,290,313,23,64,1,1,1
104,1,290,313,23,64,1,1,1
105,1,288,313,23,63,1,1,1
106,1,288,314,23,63,1,1,1
107,1,289,313,23,63,1,1,1
108,1,288,314,23,63,1,1,1
109,1,289,314,23,63,1,1,1
110,1,289,314,23,63,1,1,1
111,1,289,313,23,63,1,1,1
112,1,289,314,23,63,1,1,1
113,1,290,314,23,63,1,1,1
114,1,290,313,23,63,1,1,1
115,1,291,313,23,63,1,1,1
116,1,291,312,22,66,1,1,1
117,1,291,313,22,65,1,1,1
118,1,291,312,22,64,1,1,1
119,1,291,313,23,66,1,1,1
120,1,290,312,24,66,1,1,1
121,1,291,313,23,66,1,1,1
122,1,291,313,23,65,1,1,1
123,1,290,314,23,65,1,1,1
124,1,291,314,23,65,1,1,1
125,1,292,315,23,66,1,1,1
126,1,291,314,23,66,1,1,1
127,1,290,315,23,65,1,1,1
128,1,290,315,24,65,1,1,1
129,1,291,315,24,66,1,1,1
130,1,291,315,24,66,1,1,1
131,1,289,313,25,66,1,1,1
132,1,289,314,24,65,1,1,1
133,1,289,313,23,66,1,1,1
134,1,289,314,23,66,1,1,1
135,1,288,314,24,65,1,1,1
136,1,289,314,23,66,1,1,1
137,1,288,314,24,66,1,1,1
138,1,289,316,23,65,1,1,1
139,1,289,315,25,66,1,1,1
140,1,290,315,25,66,1,1,1
141,1,289,316,25,65,1,1,1
142,1,289,314,25,66,1,1,1
143,1,289,316,25,66,1,1,1
144,1,290,316,24,67,1,1,1
145,1,291,315,24,65,1,1,1
146,1,291,315,24,67,1,1,1
147,1,292,314,23,68,1,1,1
148,1,292,314,23,67,1,1,1
149,1,293,315,23,66,1,1,1
150,1,293,315,22,66,1,1,1
151,1,293,315,22,66,1,1,1
152,1,291,314,25,68,1,1,1
153,1,291,316,25,65,1,1,1
154,1,291,316,25,67,1,1,1
155,1,291,316,25,67,1,1,1
156,1,292,317,25,65,1,1,1
157,1,291,317,25,65,1,1,1
158,1,291,317,25,66,1,1,1
159,1,290,318,26,66,1,1,1
160,1,290,318,26,66,1,1,1
161,1,290,317,26,66,1,1,1
162,1,290,317,25,66,1,1,1
163,1,289,317,25,69,1,1,1
164,1,290,316,24,67,1,1,1
165,1,289,316,24,67,1,1,1
166,1,290,316,22,68,1,1,1
167,1,290,316,22,67,1,1,1
168,1,291,318,23,67,1,1,1
169,1,290,317,22,67,1,1,1
170,1,290,317,22,67,1,1,1
171,1,287,317,26,67,1,1,1
172,1,287,319,25,67,1,1,1
173,1,287,318,25,69,1,1,1
174,1,284,319,29,69,1,1,1
175,1,284,318,29,70,1,1,1
176,1,288,317,26,70,1,1,1
177,1,290,319,23,69,1,1,1
178,1,289,319,24,70,1,1,1
179,1,288,317,26,70,1,1,1
180,1,289,319,25,68,1,1,1
181,1,289,317,26,71,1,1,1
182,1,290,318,25,71,1,1,1
183,1,289,317,25,71,1,1,1
184,1,290,319,26,70,1,1,1
185,1,290,319,25,70,1,1,1
186,1,289,318,27,72,1,1,1
187,1,289,318,27,72,1,1,1
188,1,290,319,27,71,1,1,1
189,1,291,320,26,69,1,1,1
190,1,289,321,27,69,1,1,1
191,1,289,321,27,69,1,1,1
192,1,289,321,27,70,1,1,1
193,1,288,320,27,70,1,1,1
194,1,288,321,27,71,1,1,1
195,1,288,320,27,71,1,1,1
196,1,288,320,27,71,1,1,1
197,1,289,322,27,71,1,1,1
198,1,289,321,27,71,1,1,1
199,1,288,321,27,71,1,1,1
200,1,289,322,25,71,1,1,1
201,1,288,320,25,71,1,1,1
202,1,289,320,24,71,1,1,1
203,1,288,319,25,74,1,1,1
204,1,288,320,26,72,1,1,1
205,1,288,320,25,72,1,1,1
206,1,288,322,26,71,1,1,1
207,1,289,324,26,70,1,1,1
208,1,288,323,26,70,1,1,1
209,1,288,323,26,73,1,1,1
210,1,289,322,26,75,1,1,1
211,1,289,323,26,73,1,1,1
212,1,290,323,25,73,1,1,1
213,1,290,323,25,73,1,1,1
214,1,290,323,25,73,1,1,1
215,1,290,322,26,74,1,1,1
216,1,291,322,25,74,1,1,1
217,1,291,323,26,73,1,1,1
218,1,291,324,26,74,1,1,1
219,1,291,324,27,73,1,1,1
220,1,293,324,26,74,1,1,1
221,1,291,326,27,73,1,1,1
222,1,293,325,26,73,1,1,1
223,1,291,326,26,73,1,1,1
224,1,290,326,27,73,1,1,1
225,1,290,327,27,73,1,1,1
226,1,289,327,28,74,1,1,1
227,1,288,326,29,74,1,1,1
228,1,288,327,29,74,1,1,1
229,1,288,326,29,74,1,1,1
230,1,287,326,30,75,1,1,1
231,1,288,327,28,74,1,1,1
232,1,289,325,27,76,1,1,1
233,1,288,326,27,75,1,1,1
234,1,289,325,25,75,1,1,1
235,1,287,327,27,76,1,1,1
236,1,287,327,26,75,1,1,1
237,1,287,326,27,76,1,1,1
238,1,287,326,27,76,1,1,1
239,1,287,328,27,75,1,1,1
240,1,287,329,27,75,1,1,1
241,1,287,328,26,75,1,1,1
242,1,289,328,27,76,1,1,1
243,1,289,328,26,76,1,1,1
244,1,288,328,26,76,1,1,1
245,1,287,329,27,77,1,1,1
246,1,287,328,27,77,1,1,1
247,1,287,328,27,77,1,1,1
248,1,287,328,27,77,1,1,1
249,1,288,328,27,78,1,1,1
250,1,288,328,27,77,1,1,1
251,1,288,328,27,77,1,1,1
252,1,288,328,27,76,1,1,1
253,1,287,329,28,77,1,1,1
254,1,287,329,29,78,1,1,1
255,1,287,330,29,78,1,1,1
256,1,286,331,28,78,1,1,1
257,1,286,331,28,78,1,1,1
258,1,287,331,27,78,1,1,1
259,1,287,331,27,79,1,1,1
260,1,286,331,27,79,1,1,1
261,1,285,331,28,78,1,1,1
262,1,284,331,27,79,1,1,1
263,1,284,332,27,79,1,1,1
264,1,283,332,28,79,1,1,1
265,1,282,331,28,79,1,1,1
266,1,282,331,28,79,1,1,1
267,1,281,331,28,78,1,1,1
268,1,282,331,28,79,1,1,1
269,1,282,331,27,79,1,1,1
270,1,282,332,28,79,1,1,1
271,1,282,332,27,78,1,1,1
272,1,281,333,27,78,1,1,1
273,1,281,333,27,78,1,1,1
274,1,280,335,27,78,1,1,1
275,1,279,335,29,78,1,1,1
276,1,279,334,30,79,1,1,1
277,1,279,334,30,79,1,1,1
278,1,279,335,30,79,1,1,1
279,1,282,335,29,79,1,1,1
280,1,279,333,30,80,1,1,1
281,1,280,334,30,79,1,1,1
282,1,281,335,29,79,1,1,1
283,1,281,334,29,79,1,1,1
284,1,281,334,29,79,1,1,1
285,1,282,334,29,79,1,1,1
286,1,281,334,29,79,1,1,1
287,1,281,333,29,80,1,1,1
288,1,281,333,29,80,1,1,1
289,1,281,335,29,79,1,1,1
290,1,280,336,29,79,1,1,1
291,1,280,336,29,79,1,1,1
292,1,280,336,29,79,1,1,1
293,1,279,336,30,81,1,1,1
294,1,279,337,29,81,1,1,1
295,1,278,337,30,81,1,1,1
296,1,277,337,30,81,1,1,1
297,1,276,337,30,81,1,1,1
298,1,276,336,30,81,1,1,1
299,1,276,336,30,80,1,1,1
300,1,276,335,30,81,1,1,1
301,1,276,335,28,82,1,1,1
302,1,275,334,28,82,1,1,1
303,1,275,335,28,82,1,1,1
304,1,274,334,28,82,1,1,1
305,1,274,335,28,80,1,1,1
306,1,273,335,29,80,1,1,1
307,1,272,333,29,81,1,1,1
308,1,272,336,29,80,1,1,1
309,1,273,336,28,81,1,1,1
310,1,274,335,27,83,1,1,1
311,1,274,336,27,82,1,1,1
312,1,274,336,27,82,1,1,1
313,1,274,337,27,83,1,1,1
314,1,274,335,27,83,1,1,1
315,1,274,335,27,82,1,1,1
316,1,274,335,27,82,1,1,1
317,1,274,335,27,82,1,1,1
318,1,274,333,27,83,1,1,1
319,1,274,335,27,82,1,1,1
320,1,274,333,27,83,1,1,1
321,1,273,332,27,83,1,1,1
322,1,273,332,27,82,1,1,1
323,1,273,333,27,82,1,1,1
324,1,272,333,27,83,1,1,1
325,1,273,333,27,83,1,1,1
326,1,272,333,27,83,1,1,1
327,1,272,333,27,83,1,1,1
328,1,272,332,27,83,1,1,1
329,1,271,333,27,82,1,1,1
330,1,271,334,27,82,1,1,1
331,1,270,334,27,82,1,1,1
332,1,269,334,28,82,1,1,1
333,1,268,334,30,79,1,1,1
334,1,268,334,29,79,1,1,1
335,1,266,333,29,80,1,1,1
336,1,266,333,29,80,1,1,1
337,1,265,333,30,79,1,1,1
338,1,264,333,29,79,1,1,1
339,1,265,332,30,80,1,1,1
340,1,265,332,27,79,1,1,1
341,1,264,331,27,80,1,1,1
342,1,264,332,28,80,1,1,1
343,1,264,332,28,80,1,1,1
344,1,263,333,29,79,1,1,1
345,1,262,331,29,80,1,1,1
346,1,261,332,29,79,1,1,1
347,1,262,332,29,80,1,1,1
348,1,262,333,29,79,1,1,1
349,1,261,334,29,78,1,1,1
350,1,262,333,30,79,1,1,1
351,1,262,332,29,79,1,1,1
352,1,264,332,28,79,1,1,1
353,1,264,331,28,79,1,1,1
354,1,263,331,29,79,1,1,1
355,1,262,331,29,79,1,1,1
356,1,262,329,29,79,1,1,1
357,1,264,330,28,79,1,1,1
358,1,264,330,27,78,1,1,1
359,1,264,330,27,78,1,1,1
360,1,264,331,27,78,1,1,1
361,1,264,330,28,79,1,1,1
362,1,264,330,28,80,1,1,1
363,1,264,331,28,79,1,1,1
364,1,263,331,28,79,1,1,1
365,1,262,332,29,79,1,1,1
366,1,262,330,29,79,1,1,1
367,1,262,329,29,79,1,1,1
368,1,262,331,29,77,1,1,1
369,1,262,330,28,77,1,1,1
370,1,261,331,28,77,1,1,1
371,1,261,331,29,77,1,1,1
372,1,259,329,31,78,1,1,1
373,1,260,330,30,79,1,1,1
374,1,260,329,31,79,1,1,1
375,1,260,330,30,79,1,1,1
376,1,261,328,29,79,1,1,1
377,1,260,329,29,79,1,1,1
378,1,260,330,28,79,1,1,1
379,1,259,331,29,79,1,1,1
380,1,260,332,29,79,1,1,1
381,1,261,331,29,79,1,1,1
382,1,260,332,29,79,1,1,1
383,1,263,332,29,79,1,1,1
384,1,262,331,29,79,1,1,1
385,1,262,331,29,80,1,1,1
386,1,264,332,29,80,1,1,1
387,1,262,332,30,80,1,1,1
388,1,264,330,29,80,1,1,1
389,1,264,331,29,80,1,1,1
390,1,264,330,29,80,1,1,1
391,1,266,331,29,80,1,1,1
392,1,267,333,29,80,1,1,1
393,1,266,330,29,80,1,1,1
394,1,266,332,28,80,1,1,1
395,1,266,332,29,80,1,1,1
396,1,266,333,29,80,1,1,1
397,1,266,331,29,81,1,1,1
398,1,267,332,29,81,1,1,1
399,1,267,333,29,81,1,1,1
400,1,267,333,29,81,1,1,1
401,1,267,332,30,81,1,1,1
402,1,267,333,29,81,1,1,1
403,1,267,334,30,81,1,1,1
404,1,266,334,29,81,1,1,1
405,1,266,332,31,86,1,1,1
406,1,266,333,31,85,1,1,1
407,1,266,334,29,81,1,1,1
408,1,266,333,29,81,1,1,1
409,1,267,334,29,81,1,1,1
410,1,265,337,29,81,1,1,1
411,1,265,335,29,81,1,1,1
412,1,265,336,29,81,1,1,1
413,1,265,337,29,81,1,1,1
414,1,265,337,29,83,1,1,1
415,1,265,337,29,83,1,1,1
416,1,265,338,29,81,1,1,1
417,1,267,337,27,83,1,1,1
418,1,267,337,27,83,1,1,1
419,1,267,336,27,86,1,1,1
420,1,266,337,29,87,1,1,1
421,1,268,338,28,84,1,1,1
422,1,269,337,28,85,1,1,1
423,1,270,338,28,85,1,1,1
424,1,269,339,30,84,1,1,1
425,1,269,337,29,85,1,1,1
426,1,269,338,31,85,1,1,1
427,1,270,338,30,86,1,1,1
428,1,270,338,30,86,1,1,1
429,1,271,338,30,86,1,1,1
430,1,270,339,30,86,1,1,1
431,1,271,339,30,86,1,1,1
432,1,270,339,31,87,1,1,1
433,1,269,340,31,87,1,1,1
434,1,269,341,31,87,1,1,1
435,1,270,341,31,87,1,1,1
436,1,269,341,31,87,1,1,1
437,1,268,341,31,87,1,1,1
438,1,267,341,31,88,1,1,1
439,1,268,342,31,88,1,1,1
440,1,267,342,31,88,1,1,1
441,1,266,341,31,88,1,1,1
442,1,266,341,31,88,1,1,1
443,1,266,341,32,88,1,1,1
444,1,266,342,32,88,1,1,1
445,1,265,342,32,88,1,1,1
446,1,266,342,31,90,1,1,1
447,1,265,342,32,91,1,1,1
448,1,266,344,32,91,1,1,1
449,1,265,344,32,90,1,1,1
450,1,266,345,32,90,1,1,1
451,1,265,345,32,90,1,1,1
452,1,265,345,32,91,1,1,1
453,1,265,345,32,91,1,1,1
454,1,266,345,32,91,1,1,1
455,1,266,346,32,90,1,1,1
456,1,266,346,32,90,1,1,1
457,1,266,346,32,90,1,1,1
458,1,266,345,32,91,1,1,1
459,1,267,346,32,90,1,1,1
460,1,267,346,32,91,1,1,1
461,1,267,347,32,91,1,1,1
462,1,266,347,32,90,1,1,1
463,1,267,347,32,91,1,1,1
464,1,266,347,32,90,1,1,1
465,1,266,347,32,91,1,1,1
466,1,265,349,32,90,1,1,1
467,1,266,349,32,91,1,1,1
468,1,265,349,32,91,1,1,1
469,1,264,348,32,95,1,1,1
470,1,264,348,32,95,1,1,1
471,1,263,350,32,95,1,1,1
472,1,264,350,32,95,1,1,1
473,1,263,349,31,95,1,1,1
474,1,262,349,31,95,1,1,1
475,1,263,349,31,95,1,1,1
476,1,262,349,31,95,1,1,1
477,1,263,350,31,95,1,1,1
478,1,260,350,34,93,1,1,1
479,1,259,351,34,93,1,1,1
480,1,258,351,34,94,1,1,1
481,1,258,352,35,94,1,1,1
482,1,257,352,34,94,1,1,1
483,1,259,353,34,93,1,1,1
484,1,258,353,35,93,1,1,1
485,1,258,353,34,95,1,1,1
486,1,258,354,35,94,1,1,1
487,1,260,354,34,95,1,1,1
488,1,260,353,33,96,1,1,1
489,1,260,353,33,96,1,1,1
490,1,261,353,33,96,1,1,1
491,1,261,353,33,96,1,1,1
492,1,262,352,33,96,1,1,1
493,1,262,353,33,96,1,1,1
494,1,263,354,33,96,1,1,1
495,1,263,356,33,96,1,1,1
496,1,262,357,33,96,1,1,1
497,1,263,355,33,96,1,1,1
498,1,263,356,33,96,1,1,1
499,1,262,356,33,96,1,1,1
500,1,262,356,33,96,1,1,1
501,1,262,357,33,96,1,1,1
502,1,261,357,33,96,1,1,1
503,1,262,358,32,96,1,1,1
504,1,259,357,35,100,1,1,1
505,1,260,358,34,98,1,1,1
506,1,259,357,34,100,1,1,1
507,1,259,356,34,101,1,1,1
508,1,259,358,35,100,1,1,1
509,1,258,359,35,100,1,1,1
510,1,258,358,35,100,1,1,1
511,1,258,358,34,101,1,1,1
512,1,257,356,36,106,1,1,1
513,1,256,358,36,105,1,1,1
514,1,256,357,36,106,1,1,1
515,1,256,358,36,105,1,1,1
516,1,254,360,36,102,1,1,1
517,1,253,359,37,103,1,1,1
518,1,254,362,36,100,1,1,1
519,1,254,360,36,103,1,1,1
520,1,254,360,36,103,1,1,1
521,1,255,362,36,102,1,1,1
522,1,255,363,36,102,1,1,1
523,1,255,363,36,102,1,1,1
524,1,256,363,36,102,1,1,1
525,1,255,363,36,102,1,1,1
526,1,256,363,36,102,1,1,1
527,1,256,362,36,102,1,1,1
528,1,257,362,36,102,1,1,1
529,1,257,360,36,103,1,1,1
530,1,257,362,36,102,1,1,1
531,1,256,362,36,102,1,1,1
532,1,257,363,36,102,1,1,1
533,1,257,363,36,102,1,1,1
534,1,257,365,36,102,1,1,1
535,1,257,366,36,102,1,1,1
536,1,257,364,36,102,1,1,1
537,1,256,365,36,102,1,1,1
538,1,256,366,36,102,1,1,1
539,1,255,366,36,104,1,1,1
540,1,256,365,36,106,1,1,1
541,1,255,366,36,106,1,1,1
542,1,255,367,36,106,1,1,1
543,1,252,366,37,104,1,1,1
544,1,254,367,36,104,1,1,1
545,1,253,367,36,102,1,1,1
546,1,252,367,37,102,1,1,1
547,1,251,367,37,102,1,1,1
548,1,251,368,37,102,1,1,1
549,1,252,367,36,102,1,1,1
550,1,252,368,36,102,1,1,1
551,1,251,368,37,103,1,1,1
552,1,251,369,37,104,1,1,1
553,1,251,369,37,104,1,1,1
554,1,250,371,37,104,1,1,1
555,1,251,370,37,104,1,1,1
556,1,251,371,37,103,1,1,1
557,1,252,371,37,104,1,1,1
558,1,251,372,37,103,1,1,1
559,1,252,370,37,104,1,1,1
560,1,252,370,37,104,1,1,1
561,1,252,370,37,104,1,1,1
562,1,255,368,37,104,1,1,1
563,1,254,369,36,104,1,1,1
564,1,254,372,37,103,1,1,1
565,1,252,369,37,104,1,1,1
566,1,254,370,37,104,1,1,1
567,1,255,371,36,104,1,1,1
568,1,254,370,37,106,1,1,1
569,1,254,371,37,105,1,1,1
570,1,254,370,37,106,1,1,1
571,1,254,371,36,105,1,1,1
572,1,254,371,37,105,1,1,1
573,1,254,371,37,106,1,1,1
574,1,254,371,36,106,1,1,1
575,1,253,372,36,105,1,1,1
576,1,252,373,37,106,1,1,1
577,1,252,373,37,105,1,1,1
578,1,252,370,37,106,1,1,1
579,1,251,372,37,105,1,1,1
580,1,251,372,37,106,1,1,1
581,1,249,372,39,101,1,1,1
582,1,248,372,39,101,1,1,1
583,1,248,374,39,102,1,1,1
584,1,247,372,39,102,1,1,1
585,1,248,372,39,105,1,1,1
586,1,246,372,39,105,1,1,1
587,1,248,374,39,105,1,1,1
588,1,247,373,39,104,1,1,1
589,1,245,373,38,105,1,1,1
590,1,247,373,39,104,1,1,1
591,1,247,373,39,104,1,1,1
592,1,247,374,39,104,1,1,1
593,1,248,373,39,104,1,1,1
594,1,249,372,39,104,1,1,1
595,1,247,372,39,105,1,1,1
596,1,247,372,39,104,1,1,1
597,1,249,371,39,105,1,1,1
598,1,249,370,39,105,1,1,1
599,1,248,371,39,105,1,1,1
600,1,249,371,39,104,1,1,1
601,1,248,370,38,104,1,1,1
602,1,248,372,38,104,1,1,1
603,1,248,373,38,104,1,1,1
604,1,247,375,38,103,1,1,1
605,1,248,375,38,104,1,1,1
606,1,247,373,37,104,1,1,1
607,1,246,373,38,104,1,1,1
608,1,245,374,37,103,1,1,1
609,1,245,373,38,103,1,1,1
610,1,245,374,37,104,1,1,1
611,1,244,372,38,103,1,1,1
612,1,243,372,38,103,1,1,1
613,1,242,371,38,104,1,1,1
614,1,242,369,38,104,1,1,1
615,1,242,370,38,104,1,1,1
616,1,240,371,38,104,1,1,1
617,1,240,369,38,104,1,1,1
618,1,239,371,37,103,1,1,1
619,1,239,370,37,105,1,1,1
620,1,239,371,37,105,1,1,1
621,1,239,371,37,105,1,1,1
622,1,239,371,37,105,1,1,1
623,1,239,371,36,105,1,1,1
624,1,239,373,37,105,1,1,1
625,1,239,371,37,105,1,1,1
626,1,238,371,39,105,1,1,1
627,1,239,371,40,105,1,1,1
628,1,241,373,39,104,1,1,1
629,1,239,371,40,105,1,1,1
630,1,240,368,36,105,1,1,1
631,1,241,368,37,105,1,1,1
632,1,241,368,37,105,1,1,1
633,1,242,369,36,101,1,1,1
634,1,242,370,36,102,1,1,1
635,1,241,369,37,100,1,1,1
636,1,241,370,37,100,1,1,1
637,1,241,370,37,101,1,1,1
638,1,240,369,37,101,1,1,1
639,1,241,369,36,103,1,1,1
640,1,239,368,36,103,1,1,1
641,1,240,369,36,103,1,1,1
642,1,239,369,36,103,1,1,1
643,1,237,369,36,103,1,1,1
644,1,239,370,33,100,1,1,1
645,1,237,369,36,101,1,1,1
646,1,235,369,36,101,1,1,1
647,1,235,368,36,100,1,1,1
648,1,234,369,35,98,1,1,1
649,1,234,369,35,97,1,1,1
650,1,233,367,35,98,1,1,1
651,1,232,367,35,99,1,1,1
652,1,232,367,35,98,1,1,1
653,1,233,368,35,99,1,1,1
654,1,232,368,35,98,1,1,1
655,1,231,368,35,98,1,1,1
656,1,230,368,36,99,1,1,1
657,1,230,367,36,99,1,1,1
658,1,230,367,36,99,1,1,1
659,1,232,369,36,99,1,1,1
660,1,231,365,36,101,1,1,1
661,1,233,367,36,101,1,1,1
662,1,231,365,36,101,1,1,1
663,1,232,363,35,102,1,1,1
664,1,233,365,35,98,1,1,1
665,1,233,363,34,99,1,1,1
666,1,234,364,36,98,1,1,1
667,1,233,364,36,98,1,1,1
668,1,232,363,37,98,1,1,1
669,1,233,361,37,98,1,1,1
670,1,234,362,37,98,1,1,1
671,1,234,361,35,101,1,1,1
672,1,234,361,35,101,1,1,1
673,1,235,360,35,101,1,1,1
674,1,234,361,35,99,1,1,1
675,1,235,360,35,99,1,1,1
676,1,233,360,33,96,1,1,1
677,1,234,359,33,96,1,1,1
678,1,234,360,33,96,1,1,1
679,1,234,360,33,96,1,1,1
680,1,234,360,34,96,1,1,1
681,1,234,359,34,94,1,1,1
682,1,234,361,34,93,1,1,1
683,1,233,357,34,94,1,1,1
684,1,234,356,34,94,1,1,1
685,1,234,356,34,93,1,1,1
686,1,235,357,33,93,1,1,1
687,1,236,357,33,91,1,1,1
688,1,236,358,33,90,1,1,1
689,1,236,357,34,91,1,1,1
690,1,236,358,34,91,1,1,1
691,1,236,357,35,92,1,1,1
692,1,237,358,34,91,1,1,1
693,1,237,356,34,92,1,1,1
694,1,237,355,34,92,1,1,1
695,1,240,356,33,91,1,1,1
696,1,239,355,32,91,1,1,1
697,1,241,354,32,91,1,1,1
698,1,241,354,32,91,1,1,1
699,1,243,356,30,87,1,1,1
700,1,242,355,32,91,1,1,1
701,1,242,354,32,91,1,1,1
702,1,240,352,32,91,1,1,1
703,1,242,352,32,91,1,1,1
704,1,242,352,32,91,1,1,1
705,1,242,352,32,91,1,1,1
706,1,242,352,32,91,1,1,1
707,1,242,352,32,91,1,1,1
708,1,241,354,32,91,1,1,1
709,1,241,353,34,88,1,1,1
710,1,240,351,34,88,1,1,1
711,1,240,351,34,88,1,1,1
712,1,240,352,34,88,1,1,1
713,1,237,350,35,89,1,1,1
714,1,238,350,35,89,1,1,1
715,1,238,350,35,89,1,1,1
716,1,237,350,35,88,1,1,1
717,1,237,349,35,88,1,1,1
718,1,238,349,35,88,1,1,1
719,1,238,349,31,88,1,1,1
720,1,237,349,32,89,1,1,1
721,1,238,349,33,88,1,1,1
722,1,238,350,31,89,1,1,1
723,1,239,350,28,87,1,1,1
724,1,238,350,30,87,1,1,1
725,1,238,349,30,88,1,1,1
726,1,239,349,30,88,1,1,1
727,1,240,349,31,88,1,1,1
728,1,238,348,31,84,1,1,1
729,1,240,348,30,84,1,1,1
730,1,241,348,30,84,1,1,1
731,1,241,347,30,85,1,1,1
732,1,240,347,30,84,1,1,1
733,1,240,346,30,84,1,1,1
734,1,240,345,30,84,1,1,1
735,1,240,344,30,85,1,1,1
736,1,240,346,30,84,1,1,1
737,1,239,345,30,84,1,1,1
738,1,239,344,30,85,1,1,1
739,1,238,345,31,84,1,1,1
740,1,238,344,31,85,1,1,1
741,1,237,344,31,85,1,1,1
742,1,237,345,30,84,1,1,1
743,1,237,344,30,85,1,1,1
744,1,236,344,30,85,1,1,1
745,1,235,344,30,84,1,1,1
746,1,234,344,31,85,1,1,1
747,1,234,344,31,84,1,1,1
748,1,233,343,30,85,1,1,1
749,1,231,342,31,85,1,1,1
750,1,232,342,30,85,1,1,1
751,1,232,341,28,83,1,1,1
752,1,232,341,28,83,1,1,1
753,1,232,342,28,83,1,1,1
754,1,232,342,28,82,1,1,1
755,1,229,341,29,82,1,1,1
756,1,229,341,30,83,1,1,1
757,1,229,342,30,82,1,1,1
758,1,230,342,30,83,1,1,1
759,1,229,341,30,83,1,1,1
760,1,229,339,29,83,1,1,1
761,1,230,338,29,82,1,1,1
762,1,230,339,30,82,1,1,1
763,1,230,340,29,82,1,1,1
764,1,230,338,30,82,1,1,1
765,1,231,337,29,82,1,1,1
766,1,231,339,29,82,1,1,1
767,1,231,336,29,82,1,1,1
768,1,231,337,29,83,1,1,1
769,1,231,336,29,82,1,1,1
770,1,230,336,30,83,1,1,1
771,1,230,336,29,82,1,1,1
772,1,229,333,30,83,1,1,1
773,1,229,334,30,83,1,1,1
774,1,229,334,30,82,1,1,1
775,1,230,334,29,82,1,1,1
776,1,229,335,29,81,1,1,1
777,1,228,335,30,81,1,1,1
778,1,228,336,30,81,1,1,1
779,1,228,335,30,81,1,1,1
780,1,227,334,29,81,1,1,1
781,1,226,333,29,81,1,1,1
782,1,227,334,30,81,1,1,1
783,1,227,332,29,81,1,1,1
784,1,227,332,29,81,1,1,1
785,1,226,332,29,81,1,1,1
786,1,226,332,29,81,1,1,1
787,1,226,333,28,76,1,1,1
788,1,225,332,28,77,1,1,1
789,1,225,331,28,76,1,1,1
790,1,224,331,29,77,1,1,1
791,1,224,331,29,77,1,1,1
792,1,225,332,28,76,1,1,1
793,1,226,333,28,77,1,1,1
794,1,226,333,28,76,1,1,1
795,1,226,332,28,76,1,1,1
796,1,227,333,28,76,1,1,1
797,1,227,332,28,76,1,1,1
798,1,228,332,28,77,1,1,1
799,1,228,332,28,76,1,1,1
800,1,229,331,28,77,1,1,1
801,1,229,329,28,77,1,1,1
802,1,229,330,28,77,1,1,1
803,1,229,327,28,75,1,1,1
804,1,229,328,28,75,1,1,1
805,1,229,329,28,75,1,1,1
806,1,229,329,28,75,1,1,1
807,1,229,328,28,75,1,1,1
808,1,229,328,29,75,1,1,1
809,1,229,329,29,75,1,1,1
810,1,229,329,28,75,1,1,1
811,1,229,330,29,75,1,1,1
812,1,229,329,28,75,1,1,1
813,1,228,328,28,75,1,1,1
814,1,229,328,28,75,1,1,1
815,1,228,328,28,75,1,1,1
816,1,228,327,28,74,1,1,1
817,1,228,327,28,74,1,1,1
818,1,229,327,28,73,1,1,1
819,1,227,327,28,73,1,1,1
820,1,227,326,28,72,1,1,1
821,1,228,325,28,72,1,1,1
822,1,229,326,28,72,1,1,1
823,1,229,325,28,72,1,1,1
824,1,229,324,28,72,1,1,1
825,1,229,324,27,72,1,1,1
826,1,228,323,28,73,1,1,1
827,1,229,323,27,73,1,1,1
828,1,231,324,29,73,1,1,1
829,1,231,325,29,73,1,1,1
830,1,231,322,29,73,1,1,1
831,1,231,323,31,77,1,1,1
832,1,231,323,28,75,1,1,1
833,1,230,322,30,75,1,1,1
834,1,232,323,29,74,1,1,1
835,1,232,322,30,75,1,1,1
836,1,233,323,29,74,1,1,1
837,1,231,320,31,74,1,1,1
838,1,233,320,27,73,1,1,1
839,1,233,321,28,76,1,1,1
840,1,232,321,30,69,1,1,1
841,1,231,321,30,69,1,1,1
842,1,233,324,29,68,1,1,1
843,1,232,324,30,69,1,1,1
844,1,234,324,27,68,1,1,1
845,1,232,325,28,68,1,1,1
846,1,233,323,27,68,1,1,1
847,1,231,324,28,68,1,1,1
848,1,232,325,27,68,1,1,1
849,1,231,326,28,68,1,1,1
850,1,232,324,28,68,1,1,1
851,1,231,325,27,69,1,1,1
852,1,231,323,29,68,1,1,1
853,1,230,322,29,69,1,1,1
854,1,232,323,29,69,1,1,1
855,1,231,324,29,68,1,1,1
856,1,230,323,29,69,1,1,1
857,1,230,325,29,68,1,1,1
858,1,232,323,28,68,1,1,1
859,1,232,326,29,68,1,1,1
860,1,232,325,28,69,1,1,1
861,1,232,326,29,68,1,1,1
862,1,232,327,29,69,1,1,1
863,1,232,326,29,68,1,1,1
864,1,234,332,28,68,1,1,1
865,1,234,326,28,69,1,1,1
866,1,234,326,28,69,1,1,1
867,1,236,327,28,69,1,1,1
868,1,234,326,28,68,1,1,1
869,1,235,328,28,68,1,1,1
870,1,236,326,28,68,1,1,1
871,1,235,327,28,68,1,1,1
872,1,234,328,28,69,1,1,1
873,1,234,326,28,69,1,1,1
874,1,235,326,27,66,1,1,1
875,1,233,326,29,67,1,1,1
876,1,234,328,28,67,1,1,1
877,1,231,329,29,66,1,1,1
878,1,230,329,31,67,1,1,1
879,1,232,330,31,66,1,1,1
880,1,231,329,30,64,1,1,1
881,1,229,331,31,63,1,1,1
882,1,231,331,28,63,1,1,1
883,1,230,331,29,63,1,1,1
884,1,231,331,25,63,1,1,1
885,1,230,331,25,63,1,1,1
886,1,229,331,26,64,1,1,1
887,1,228,330,28,64,1,1,1
888,1,225,329,28,64,1,1,1
889,1,223,331,28,64,1,1,1
890,1,222,331,28,63,1,1,1
891,1,220,332,28,63,1,1,1
892,1,221,333,28,64,1,1,1
893,1,220,332,28,64,1,1,1
894,1,220,333,27,63,1,1,1
895,1,216,332,28,63,1,1,1
896,1,215,334,28,63,1,1,1
897,1,214,335,28,64,1,1,1
898,1,212,334,28,63,1,1,1
899,1,208,334,28,63,1,1,1
900,1,208,338,27,63,1,1,1
901,1,207,338,28,64,1,1,1
1,2,256,311,27,52,1,1,1
2,2,256,311,27,52,1,1,1
3,2,255,311,27,52,1,1,1
4,2,255,310,27,52,1,1,1
5,2,255,311,27,52,1,1,1
6,2,255,311,27,52,1,1,1
7,2,254,310,29,52,1,1,1
8,2,253,311,29,52,1,1,1
9,2,254,311,28,51,1,1,1
10,2,254,310,28,51,1,1,1
11,2,253,310,29,52,1,1,1
12,2,254,310,28,52,1,1,1
13,2,254,311,28,51,1,1,1
14,2,254,310,28,52,1,1,1
15,2,253,310,29,51,1,1,1
16,2,253,309,29,52,1,1,1
17,2,253,310,29,51,1,1,1
18,2,253,309,29,52,1,1,1
19,2,254,309,28,51,1,1,1
20,2,254,309,28,52,1,1,1
21,2,254,310,28,51,1,1,1
22,2,253,309,29,51,1,1,1
23,2,254,309,28,51,1,1,1
24,2,253,310,29,50,1,1,1
25,2,253,310,29,50,1,1,1
26,2,252,310,29,50,1,1,1
27,2,252,310,29,50,1,1,1
28,2,253,310,28,50,1,1,1
29,2,253,310,28,50,1,1,1
30,2,253,311,28,49,1,1,1
31,2,252,311,29,49,1,1,1
32,2,253,311,28,49,1,1,1
33,2,252,309,29,51,1,1,1
34,2,252,309,29,51,1,1,1
35,2,252,309,29,51,1,1,1
36,2,252,309,29,51,1,1,1
37,2,252,310,29,51,1,1,1
38,2,251,310,29,51,1,1,1
39,2,251,310,29,48,1,1,1
40,2,251,310,29,48,1,1,1
41,2,250,310,29,47,1,1,1
42,2,249,311,30,47,1,1,1
43,2,251,311,27,48,1,1,1
44,2,252,310,26,48,1,1,1
45,2,252,310,27,48,1,1,1
46,2,253,311,26,48,1,1,1
47,2,251,310,28,49,1,1,1
48,2,250,310,28,50,1,1,1
49,2,251,310,28,50,1,1,1
50,2,250,311,28,49,1,1,1
51,2,250,311,28,49,1,1,1
52,2,251,311,28,49,1,1,1
53,2,252,311,26,49,1,1,1
54,2,252,311,26,49,1,1,1
55,2,252,310,26,48,1,1,1
56,2,252,310,26,48,1,1,1
57,2,253,310,27,50,1,1,1
58,2,252,310,27,49,1,1,1
59,2,252,310,27,50,1,1,1
60,2,252,310,27,49,1,1,1
61,2,252,310,26,50,1,1,1
62,2,252,310,26,50,1,1,1
63,2,252,311,26,49,1,1,1
64,2,252,312,26,48,1,1,1
65,2,252,314,26,46,1,1,1
66,2,252,314,25,46,1,1,1
67,2,253,315,24,46,1,1,1
68,2,252,316,25,46,1,1,1
69,2,253,313,24,46,1,1,1
70,2,253,311,25,49,1,1,1
71,2,253,312,25,48,1,1,1
72,2,252,313,25,48,1,1,1
73,2,251,313,25,48,1,1,1
74,2,251,314,26,48,1,1,1
75,2,251,314,27,48,1,1,1
76,2,252,314,26,48,1,1,1
77,2,251,314,26,48,1,1,1
78,2,250,313,27,48,1,1,1
79,2,251,313,26,48,1,1,1
80,2,250,314,27,48,1,1,1
81,2,250,314,27,48,1,1,1
82,2,251,314,26,48,1,1,1
83,2,250,314,27,48,1,1,1
84,2,252,314,25,47,1,1,1
85,2,251,314,26,48,1,1,1
86,2,249,315,27,48,1,1,1
87,2,250,315,27,48,1,1,1
88,2,250,315,27,48,1,1,1
89,2,249,316,26,48,1,1,1
90,2,249,316,26,48,1,1,1
91,2,249,316,26,48,1,1,1
92,2,250,317,25,46,1,1,1
93,2,250,317,25,46,1,1,1
94,2,250,317,25,46,1,1,1
95,2,250,318,25,46,1,1,1
96,2,250,317,25,46,1,1,1
97,2,250,318,25,46,1,1,1
98,2,249,318,25,46,1,1,1
99,2,250,318,25,46,1,1,1
100,2,250,319,25,46,1,1,1
101,2,250,319,25,46,1,1,1
102,2,250,317,25,46,1,1,1
103,2,250,318,25,46,1,1,1
104,2,250,318,25,46,1,1,1
105,2,248,315,26,48,1,1,1
106,2,248,315,26,48,1,1,1
107,2,249,316,26,48,1,1,1
108,2,249,316,26,48,1,1,1
109,2,250,316,26,48,1,1,1
110,2,249,317,26,48,1,1,1
111,2,248,318,27,48,1,1,1
112,2,248,318,27,48,1,1,1
113,2,250,317,26,48,1,1,1
114,2,248,318,26,48,1,1,1
115,2,247,316,30,50,1,1,1
116,2,247,315,31,51,1,1,1
117,2,246,315,31,52,1,1,1
118,2,245,315,30,52,1,1,1
119,2,248,315,29,51,1,1,1
120,2,247,316,28,51,1,1,1
121,2,248,316,28,51,1,1,1
122,2,248,317,28,52,1,1,1
123,2,248,317,27,51,1,1,1
124,2,248,317,27,52,1,1,1
125,2,249,317,27,51,1,1,1
126,2,249,317,27,52,1,1,1
127,2,249,317,27,52,1,1,1
128,2,249,317,27,52,1,1,1
129,2,249,317,27,51,1,1,1
130,2,250,317,27,51,1,1,1
131,2,250,318,27,51,1,1,1
132,2,249,318,27,51,1,1,1
133,2,250,318,27,51,1,1,1
134,2,249,317,27,51,1,1,1
135,2,249,317,27,52,1,1,1
136,2,249,317,27,52,1,1,1
137,2,248,317,27,52,1,1,1
138,2,247,318,29,51,1,1,1
139,2,248,318,29,51,1,1,1
140,2,247,318,29,51,1,1,1
141,2,248,318,29,53,1,1,1
142,2,248,318,29,54,1,1,1
143,2,247,319,29,54,1,1,1
144,2,248,317,29,54,1,1,1
145,2,248,317,29,55,1,1,1
146,2,248,317,28,55,1,1,1
147,2,247,317,31,55,1,1,1
148,2,247,317,31,53,1,1,1
149,2,246,317,31,54,1,1,1
150,2,248,317,27,53,1,1,1
151,2,249,317,28,53,1,1,1
152,2,248,317,27,53,1,1,1
153,2,248,318,28,53,1,1,1
154,2,248,317,27,53,1,1,1
155,2,248,319,27,53,1,1,1
156,2,248,317,28,53,1,1,1
157,2,248,318,29,54,1,1,1
158,2,248,318,28,55,1,1,1
159,2,248,319,26,53,1,1,1
160,2,248,319,27,53,1,1,1
161,2,248,319,27,53,1,1,1
162,2,248,320,27,53,1,1,1
163,2,247,319,28,54,1,1,1
164,2,247,318,28,55,1,1,1
165,2,248,318,28,55,1,1,1
166,2,247,319,29,54,1,1,1
167,2,248,319,28,54,1,1,1
168,2,247,319,29,54,1,1,1
169,2,248,320,28,54,1,1,1
170,2,248,319,28,54,1,1,1
171,2,247,319,29,54,1,1,1
172,2,247,320,29,54,1,1,1
173,2,247,320,29,54,1,1,1
174,2,247,320,29,54,1,1,1
175,2,247,321,29,54,1,1,1
176,2,248,321,28,54,1,1,1
177,2,247,321,29,54,1,1,1
178,2,247,322,29,54,1,1,1
179,2,248,320,28,57,1,1,1
180,2,247,321,29,54,1,1,1
181,2,246,320,30,55,1,1,1
182,2,246,321,29,54,1,1,1
183,2,246,321,30,55,1,1,1
184,2,246,322,29,54,1,1,1
185,2,245,321,31,57,1,1,1
186,2,244,322,31,56,1,1,1
187,2,244,322,30,56,1,1,1
188,2,244,321,30,55,1,1,1
189,2,244,322,31,56,1,1,1
190,2,245,322,31,55,1,1,1
191,2,244,322,30,56,1,1,1
192,2,244,323,30,56,1,1,1
193,2,244,323,30,55,1,1,1
194,2,243,324,30,55,1,1,1
195,2,243,323,30,56,1,1,1
196,2,243,323,30,56,1,1,1
197,2,243,323,30,56,1,1,1
198,2,243,324,30,55,1,1,1
199,2,242,325,31,55,1,1,1
200,2,242,326,30,56,1,1,1
201,2,243,324,30,56,1,1,1
202,2,242,324,31,57,1,1,1
203,2,242,323,30,58,1,1,1
204,2,242,324,31,57,1,1,1
205,2,242,324,30,57,1,1,1
206,2,242,324,31,58,1,1,1
207,2,241,324,31,58,1,1,1
208,2,242,324,30,57,1,1,1
209,2,241,324,31,58,1,1,1
210,2,241,325,31,58,1,1,1
211,2,240,326,31,57,1,1,1
212,2,240,326,31,57,1,1,1
213,2,239,326,32,58,1,1,1
214,2,240,326,31,58,1,1,1
215,2,239,326,32,59,1,1,1
216,2,239,327,31,58,1,1,1
217,2,238,327,31,58,1,1,1
218,2,238,327,31,59,1,1,1
219,2,237,327,31,58,1,1,1
220,2,237,327,32,59,1,1,1
221,2,236,327,32,58,1,1,1
222,2,237,329,32,59,1,1,1
223,2,237,328,32,60,1,1,1
224,2,236,328,32,59,1,1,1
225,2,237,329,32,59,1,1,1
226,2,236,327,32,59,1,1,1
227,2,235,327,33,61,1,1,1
228,2,235,328,33,61,1,1,1
229,2,235,330,32,60,1,1,1
230,2,235,329,33,61,1,1,1
231,2,236,330,32,60,1,1,1
232,2,234,330,33,60,1,1,1
233,2,235,329,32,61,1,1,1
234,2,235,330,32,61,1,1,1
235,2,235,331,31,60,1,1,1
236,2,234,330,31,61,1,1,1
237,2,234,331,31,61,1,1,1
238,2,235,330,31,62,1,1,1
239,2,235,330,31,62,1,1,1
240,2,234,330,31,61,1,1,1
241,2,233,331,31,61,1,1,1
242,2,231,333,32,62,1,1,1
243,2,231,332,32,61,1,1,1
244,2,231,332,32,62,1,1,1
245,2,232,331,31,62,1,1,1
246,2,231,332,32,61,1,1,1
247,2,231,332,32,62,1,1,1
248,2,231,332,32,62,1,1,1
249,2,230,333,32,62,1,1,1
250,2,231,333,31,62,1,1,1
251,2,230,333,32,62,1,1,1
252,2,229,334,32,62,1,1,1
253,2,230,333,32,62,1,1,1
254,2,230,335,31,61,1,1,1
255,2,230,334,31,62,1,1,1
256,2,229,336,32,61,1,1,1
257,2,229,335,31,62,1,1,1
258,2,228,335,33,62,1,1,1
259,2,227,336,33,61,1,1,1
260,2,227,336,33,60,1,1,1
261,2,226,336,33,61,1,1,1
262,2,226,336,33,61,1,1,1
263,2,227,336,33,60,1,1,1
264,2,226,337,33,61,1,1,1
265,2,225,339,32,61,1,1,1
266,2,226,337,33,61,1,1,1
267,2,226,337,33,61,1,1,1
268,2,225,336,32,63,1,1,1
269,2,224,339,33,62,1,1,1
270,2,224,337,33,63,1,1,1
271,2,224,336,35,65,1,1,1
272,2,222,337,35,65,1,1,1
273,2,222,338,35,65,1,1,1
274,2,222,335,35,65,1,1,1
275,2,222,335,35,65,1,1,1
276,2,222,336,35,65,1,1,1
277,2,223,336,35,65,1,1,1
278,2,222,336,34,65,1,1,1
279,2,221,336,35,65,1,1,1
280,2,220,336,34,65,1,1,1
281,2,220,337,35,65,1,1,1
282,2,221,338,35,65,1,1,1
283,2,222,337,34,65,1,1,1
284,2,221,337,34,65,1,1,1
285,2,220,341,35,64,1,1,1
286,2,220,340,35,64,1,1,1
287,2,220,338,35,65,1,1,1
288,2,221,339,34,65,1,1,1
289,2,220,339,35,65,1,1,1
290,2,218,341,35,64,1,1,1
291,2,219,339,35,65,1,1,1
292,2,220,340,34,64,1,1,1
293,2,219,339,34,65,1,1,1
294,2,219,338,34,65,1,1,1
295,2,219,339,34,65,1,1,1
296,2,218,338,34,65,1,1,1
297,2,219,339,34,65,1,1,1
298,2,218,339,35,65,1,1,1
299,2,219,340,34,64,1,1,1
300,2,217,340,34,64,1,1,1
301,2,218,340,34,63,1,1,1
302,2,217,338,35,66,1,1,1
303,2,215,339,36,66,1,1,1
304,2,214,338,36,66,1,1,1
305,2,218,339,32,66,1,1,1
306,2,217,338,33,66,1,1,1
307,2,218,339,32,66,1,1,1
308,2,216,339,32,66,1,1,1
309,2,215,339,35,66,1,1,1
310,2,215,339,35,66,1,1,1
311,2,214,340,35,66,1,1,1
312,2,213,341,35,65,1,1,1
313,2,213,339,35,66,1,1,1
314,2,213,339,35,66,1,1,1
315,2,213,338,35,66,1,1,1
316,2,214,339,35,66,1,1,1
317,2,212,341,35,65,1,1,1
318,2,212,339,35,66,1,1,1
319,2,212,338,35,66,1,1,1
320,2,212,339,35,66,1,1,1
321,2,211,338,35,66,1,1,1
322,2,211,340,35,66,1,1,1
323,2,212,342,33,63,1,1,1
324,2,212,342,34,63,1,1,1
325,2,212,342,33,62,1,1,1
326,2,211,341,34,63,1,1,1
327,2,211,342,34,63,1,1,1
328,2,211,341,34,62,1,1,1
329,2,211,341,33,62,1,1,1
330,2,212,341,33,62,1,1,1
331,2,211,342,34,62,1,1,1
332,2,212,341,33,62,1,1,1
333,2,211,341,34,62,1,1,1
334,2,211,342,33,62,1,1,1
335,2,211,341,33,63,1,1,1
336,2,212,342,33,62,1,1,1
337,2,211,340,33,63,1,1,1
338,2,211,341,33,63,1,1,1
339,2,211,340,33,63,1,1,1
340,2,211,340,33,63,1,1,1
341,2,211,339,34,63,1,1,1
342,2,211,339,34,63,1,1,1
343,2,212,339,33,63,1,1,1
344,2,211,339,33,63,1,1,1
345,2,212,339,33,63,1,1,1
346,2,212,339,33,63,1,1,1
347,2,212,339,34,63,1,1,1
348,2,212,339,33,63,1,1,1
349,2,211,337,34,62,1,1,1
350,2,211,336,33,62,1,1,1
351,2,210,336,34,63,1,1,1
352,2,211,336,33,63,1,1,1
353,2,211,336,33,63,1,1,1
354,2,211,336,33,62,1,1,1
355,2,212,338,33,62,1,1,1
356,2,211,336,34,62,1,1,1
357,2,211,338,33,62,1,1,1
358,2,212,336,34,62,1,1,1
359,2,211,336,33,62,1,1,1
360,2,212,336,33,62,1,1,1
361,2,212,336,33,63,1,1,1
362,2,213,336,32,62,1,1,1
363,2,213,336,32,63,1,1,1
364,2,213,336,32,62,1,1,1
365,2,213,335,33,63,1,1,1
366,2,213,336,32,62,1,1,1
367,2,213,335,32,63,1,1,1
368,2,214,336,32,62,1,1,1
369,2,213,336,33,62,1,1,1
370,2,214,335,33,63,1,1,1
371,2,214,336,33,63,1,1,1
372,2,213,334,32,62,1,1,1
373,2,213,334,33,63,1,1,1
374,2,213,334,33,62,1,1,1
375,2,213,333,33,63,1,1,1
376,2,212,334,33,63,1,1,1
377,2,213,334,33,62,1,1,1
378,2,213,335,32,62,1,1,1
379,2,214,334,33,63,1,1,1
380,2,214,334,32,63,1,1,1
381,2,214,335,32,62,1,1,1
382,2,214,335,33,62,1,1,1
383,2,214,335,32,63,1,1,1
384,2,214,336,34,62,1,1,1
385,2,214,335,34,63,1,1,1
386,2,214,334,34,63,1,1,1
387,2,214,336,34,62,1,1,1
388,2,214,336,35,62,1,1,1
389,2,213,336,35,62,1,1,1
390,2,215,338,35,63,1,1,1
391,2,215,337,35,62,1,1,1
392,2,214,337,34,62,1,1,1
393,2,214,337,36,63,1,1,1
394,2,214,337,36,64,1,1,1
395,2,214,338,36,64,1,1,1
396,2,214,339,36,63,1,1,1
397,2,214,339,36,63,1,1,1
398,2,213,339,35,64,1,1,1
399,2,214,340,36,63,1,1,1
400,2,214,341,36,63,1,1,1
401,2,214,340,36,63,1,1,1
402,2,214,342,36,63,1,1,1
403,2,214,342,36,63,1,1,1
404,2,214,342,36,63,1,1,1
405,2,214,342,36,63,1,1,1
406,2,214,343,36,63,1,1,1
407,2,214,344,36,63,1,1,1
408,2,214,344,36,63,1,1,1
409,2,214,344,36,63,1,1,1
410,2,214,344,36,63,1,1,1
411,2,214,344,36,63,1,1,1
412,2,214,343,36,63,1,1,1
413,2,214,343,36,63,1,1,1
414,2,214,344,36,65,1,1,1
415,2,214,343,36,65,1,1,1
416,2,213,344,36,65,1,1,1
417,2,214,344,35,65,1,1,1
418,2,214,343,35,67,1,1,1
419,2,213,344,36,68,1,1,1
420,2,213,342,36,70,1,1,1
421,2,212,343,36,69,1,1,1
422,2,213,343,36,69,1,1,1
423,2,213,345,36,70,1,1,1
424,2,213,344,36,70,1,1,1
425,2,212,344,36,70,1,1,1
426,2,213,345,36,69,1,1,1
427,2,212,346,36,69,1,1,1
428,2,212,346,36,69,1,1,1
429,2,212,346,36,69,1,1,1
430,2,213,345,36,69,1,1,1
431,2,211,345,36,69,1,1,1
432,2,211,345,36,73,1,1,1
433,2,211,347,36,73,1,1,1
434,2,210,346,36,72,1,1,1
435,2,210,348,36,72,1,1,1
436,2,210,346,36,73,1,1,1
437,2,211,348,36,73,1,1,1
438,2,210,347,36,73,1,1,1
439,2,209,347,36,72,1,1,1
440,2,210,348,36,72,1,1,1
441,2,210,349,36,72,1,1,1
442,2,209,350,36,72,1,1,1
443,2,210,350,36,72,1,1,1
444,2,209,349,36,72,1,1,1
445,2,208,350,36,72,1,1,1
446,2,209,351,36,72,1,1,1
447,2,208,351,36,73,1,1,1
448,2,208,351,36,72,1,1,1
449,2,207,351,36,72,1,1,1
450,2,207,352,36,73,1,1,1
451,2,208,352,36,73,1,1,1
452,2,207,352,36,73,1,1,1
453,2,207,351,36,72,1,1,1
454,2,207,353,36,72,1,1,1
455,2,207,354,36,72,1,1,1
456,2,206,354,36,72,1,1,1
457,2,206,353,37,74,1,1,1
458,2,206,354,36,74,1,1,1
459,2,205,354,37,74,1,1,1
460,2,206,353,36,74,1,1,1
461,2,206,353,36,74,1,1,1
462,2,205,354,36,74,1,1,1
463,2,204,355,37,74,1,1,1
464,2,204,355,37,74,1,1,1
465,2,203,355,37,74,1,1,1
466,2,204,356,37,74,1,1,1
467,2,204,355,36,74,1,1,1
468,2,204,356,36,74,1,1,1
469,2,203,355,37,75,1,1,1
470,2,203,356,37,75,1,1,1
471,2,202,355,38,75,1,1,1
472,2,202,356,38,75,1,1,1
473,2,203,357,37,75,1,1,1
474,2,202,358,38,75,1,1,1
475,2,202,358,38,75,1,1,1
476,2,202,358,37,75,1,1,1
477,2,202,357,37,75,1,1,1
478,2,200,359,39,75,1,1,1
479,2,200,358,40,75,1,1,1
480,2,200,358,40,75,1,1,1
481,2,200,358,40,75,1,1,1
482,2,200,359,40,75,1,1,1
483,2,200,359,40,75,1,1,1
484,2,199,358,40,78,1,1,1
485,2,199,358,40,78,1,1,1
486,2,200,359,40,78,1,1,1
487,2,199,360,40,78,1,1,1
488,2,199,359,40,77,1,1,1
489,2,199,359,40,77,1,1,1
490,2,200,359,40,78,1,1,1
491,2,200,361,40,78,1,1,1
492,2,199,361,40,78,1,1,1
493,2,200,362,40,77,1,1,1
494,2,199,362,40,78,1,1,1
495,2,200,361,40,78,1,1,1
496,2,199,362,40,77,1,1,1
497,2,199,363,40,77,1,1,1
498,2,198,363,40,78,1,1,1
499,2,199,364,40,77,1,1,1
500,2,199,364,40,77,1,1,1
501,2,198,364,40,78,1,1,1
502,2,198,365,40,78,1,1,1
503,2,199,365,40,77,1,1,1
504,2,198,365,40,77,1,1,1
505,2,197,365,40,79,1,1,1
506,2,197,365,40,79,1,1,1
507,2,199,365,40,80,1,1,1
508,2,198,366,40,79,1,1,1
509,2,199,365,40,79,1,1,1
510,2,198,367,40,80,1,1,1
511,2,199,368,40,80,1,1,1
512,2,199,367,40,79,1,1,1
513,2,199,367,40,80,1,1,1
514,2,199,368,40,80,1,1,1
515,2,198,370,40,79,1,1,1
516,2,199,370,40,79,1,1,1
517,2,196,368,43,84,1,1,1
518,2,197,368,44,84,1,1,1
519,2,197,369,43,84,1,1,1
520,2,196,370,44,84,1,1,1
521,2,196,370,43,84,1,1,1
522,2,197,371,43,83,1,1,1
523,2,197,371,43,84,1,1,1
524,2,196,369,44,84,1,1,1
525,2,197,372,43,84,1,1,1
526,2,197,372,43,84,1,1,1
527,2,196,372,44,84,1,1,1
528,2,197,371,43,84,1,1,1
529,2,198,373,43,84,1,1,1
530,2,198,372,43,84,1,1,1
531,2,197,373,43,83,1,1,1
532,2,198,373,43,83,1,1,1
533,2,197,373,43,83,1,1,1
534,2,198,374,43,84,1,1,1
535,2,197,374,43,84,1,1,1
536,2,197,374,43,84,1,1,1
537,2,197,375,43,83,1,1,1
538,2,197,374,43,84,1,1,1
539,2,197,374,43,83,1,1,1
540,2,196,376,43,83,1,1,1
541,2,197,375,43,84,1,1,1
542,2,196,376,43,83,1,1,1
543,2,196,376,43,83,1,1,1
544,2,196,376,43,83,1,1,1
545,2,195,377,43,83,1,1,1
546,2,195,377,43,84,1,1,1
547,2,196,377,43,84,1,1,1
548,2,196,378,43,83,1,1,1
549,2,196,377,43,84,1,1,1
550,2,196,378,43,83,1,1,1
551,2,196,378,43,83,1,1,1
552,2,195,378,43,84,1,1,1
553,2,195,378,43,83,1,1,1
554,2,194,379,43,83,1,1,1
555,2,193,379,43,83,1,1,1
556,2,195,381,43,83,1,1,1
557,2,195,380,43,83,1,1,1
558,2,194,380,43,84,1,1,1
559,2,195,380,43,84,1,1,1
560,2,195,381,43,83,1,1,1
561,2,195,381,43,84,1,1,1
562,2,195,381,43,83,1,1,1
563,2,194,381,43,83,1,1,1
564,2,193,381,43,83,1,1,1
565,2,193,381,43,84,1,1,1
566,2,192,382,43,83,1,1,1
567,2,193,381,43,84,1,1,1
568,2,193,380,43,88,1,1,1
569,2,194,380,42,88,1,1,1
570,2,193,379,42,88,1,1,1
571,2,192,380,42,88,1,1,1
572,2,193,380,42,88,1,1,1
573,2,193,379,42,89,1,1,1
574,2,193,380,42,88,1,1,1
575,2,191,380,42,88,1,1,1
576,2,192,379,42,88,1,1,1
577,2,192,379,42,89,1,1,1
578,2,191,377,43,89,1,1,1
579,2,191,379,42,89,1,1,1
580,2,192,379,42,89,1,1,1
581,2,192,381,42,88,1,1,1
582,2,191,382,42,86,1,1,1
583,2,191,382,42,86,1,1,1
584,2,190,380,43,86,1,1,1
585,2,190,380,43,86,1,1,1
586,2,190,381,42,86,1,1,1
587,2,189,380,43,86,1,1,1
588,2,189,382,43,86,1,1,1
589,2,189,382,43,86,1,1,1
590,2,188,382,43,86,1,1,1
591,2,188,382,43,86,1,1,1
592,2,188,381,43,86,1,1,1
593,2,187,382,43,86,1,1,1
594,2,187,380,43,87,1,1,1
595,2,187,382,43,86,1,1,1
596,2,187,382,43,86,1,1,1
597,2,187,381,43,86,1,1,1
598,2,187,380,43,86,1,1,1
599,2,186,382,43,86,1,1,1
600,2,186,380,43,88,1,1,1
601,2,184,379,43,89,1,1,1
602,2,186,379,41,88,1,1,1
603,2,186,380,41,88,1,1,1
604,2,186,378,41,89,1,1,1
605,2,185,379,41,89,1,1,1
606,2,185,379,41,88,1,1,1
607,2,185,379,41,89,1,1,1
608,2,185,380,41,88,1,1,1
609,2,184,379,41,89,1,1,1
610,2,184,378,41,89,1,1,1
611,2,184,379,41,88,1,1,1
612,2,184,379,41,89,1,1,1
613,2,183,380,41,88,1,1,1
614,2,183,379,41,88,1,1,1
615,2,184,379,41,88,1,1,1
616,2,184,379,41,88,1,1,1
617,2,182,378,42,88,1,1,1
618,2,181,379,44,88,1,1,1
619,2,179,380,44,86,1,1,1
620,2,179,379,45,86,1,1,1
621,2,179,380,45,86,1,1,1
622,2,179,379,45,86,1,1,1
623,2,180,380,44,86,1,1,1
624,2,179,379,44,86,1,1,1
625,2,179,383,45,86,1,1,1
626,2,178,379,45,86,1,1,1
627,2,179,379,44,86,1,1,1
628,2,180,380,44,86,1,1,1
629,2,180,381,45,86,1,1,1
630,2,179,378,44,90,1,1,1
631,2,180,379,44,87,1,1,1
632,2,180,379,44,85,1,1,1
633,2,179,379,44,85,1,1,1
634,2,179,379,44,86,1,1,1
635,2,179,377,44,87,1,1,1
636,2,178,378,45,86,1,1,1
637,2,179,378,45,86,1,1,1
638,2,180,378,43,86,1,1,1
639,2,180,377,43,86,1,1,1
640,2,180,376,43,86,1,1,1
641,2,179,377,42,85,1,1,1
642,2,179,378,43,82,1,1,1
643,2,179,377,43,85,1,1,1
644,2,180,377,41,83,1,1,1
645,2,179,378,42,85,1,1,1
646,2,180,377,41,84,1,1,1
647,2,181,377,39,83,1,1,1
648,2,180,376,41,84,1,1,1
649,2,182,377,40,84,1,1,1
650,2,183,376,38,84,1,1,1
651,2,182,375,39,84,1,1,1
652,2,183,376,38,84,1,1,1
653,2,183,375,39,84,1,1,1
654,2,184,374,38,84,1,1,1
655,2,182,373,39,84,1,1,1
656,2,184,374,38,84,1,1,1
657,2,182,374,39,84,1,1,1
658,2,183,375,38,84,1,1,1
659,2,183,373,39,84,1,1,1
660,2,184,373,39,84,1,1,1
661,2,184,373,38,84,1,1,1
662,2,184,374,39,84,1,1,1
663,2,184,373,40,85,1,1,1
664,2,183,371,41,87,1,1,1
665,2,182,372,41,84,1,1,1
666,2,184,371,41,84,1,1,1
667,2,184,371,41,84,1,1,1
668,2,185,370,40,79,1,1,1
669,2,188,372,40,78,1,1,1
670,2,187,369,40,79,1,1,1
671,2,185,368,42,80,1,1,1
672,2,185,369,43,81,1,1,1
673,2,187,368,43,81,1,1,1
674,2,186,368,43,80,1,1,1
675,2,188,368,40,80,1,1,1
676,2,189,368,39,79,1,1,1
677,2,188,368,39,79,1,1,1
678,2,188,367,39,79,1,1,1
679,2,188,367,39,79,1,1,1
680,2,188,366,39,79,1,1,1
681,2,189,367,39,78,1,1,1
682,2,189,368,40,79,1,1,1
683,2,188,366,39,78,1,1,1
684,2,187,365,40,79,1,1,1
685,2,188,365,39,79,1,1,1
686,2,189,365,39,78,1,1,1
687,2,188,364,38,79,1,1,1
688,2,189,365,36,76,1,1,1
689,2,189,366,36,76,1,1,1
690,2,190,364,37,77,1,1,1
691,2,190,364,37,77,1,1,1
692,2,189,364,37,77,1,1,1
693,2,189,364,37,74,1,1,1
694,2,190,364,37,74,1,1,1
695,2,190,364,36,74,1,1,1
696,2,189,363,37,76,1,1,1
697,2,189,361,37,76,1,1,1
698,2,188,361,37,76,1,1,1
699,2,189,361,37,76,1,1,1
700,2,189,361,37,76,1,1,1
701,2,190,361,37,76,1,1,1
702,2,190,361,38,76,1,1,1
703,2,189,360,37,76,1,1,1
704,2,189,361,37,76,1,1,1
705,2,189,360,37,76,1,1,1
706,2,189,360,37,76,1,1,1
707,2,189,360,37,76,1,1,1
708,2,189,359,37,76,1,1,1
709,2,189,358,37,76,1,1,1
710,2,190,358,37,76,1,1,1
711,2,189,358,37,76,1,1,1
712,2,188,358,37,76,1,1,1
713,2,188,358,37,74,1,1,1
714,2,190,358,37,74,1,1,1
715,2,191,357,36,74,1,1,1
716,2,190,357,37,74,1,1,1
717,2,190,358,37,74,1,1,1
718,2,190,358,37,74,1,1,1
719,2,190,357,36,74,1,1,1
720,2,190,356,36,74,1,1,1
721,2,192,356,33,74,1,1,1
722,2,192,356,33,74,1,1,1
723,2,191,357,34,72,1,1,1
724,2,191,357,33,72,1,1,1
725,2,191,357,34,74,1,1,1
726,2,190,355,35,75,1,1,1
727,2,191,355,35,75,1,1,1
728,2,191,355,34,73,1,1,1
729,2,191,354,34,73,1,1,1
730,2,191,355,34,73,1,1,1
731,2,191,355,35,71,1,1,1
732,2,191,356,35,70,1,1,1
733,2,191,356,35,70,1,1,1
734,2,191,352,35,71,1,1,1
735,2,192,354,34,70,1,1,1
736,2,191,353,35,70,1,1,1
737,2,190,353,35,70,1,1,1
738,2,189,354,35,70,1,1,1
739,2,190,350,34,71,1,1,1
740,2,189,352,35,68,1,1,1
741,2,190,352,34,67,1,1,1
742,2,189,352,35,67,1,1,1
743,2,190,351,34,67,1,1,1
744,2,189,352,35,67,1,1,1
745,2,189,351,34,67,1,1,1
746,2,189,349,34,68,1,1,1
747,2,188,353,35,67,1,1,1
748,2,189,350,35,68,1,1,1
749,2,189,350,35,68,1,1,1
750,2,189,350,34,67,1,1,1
751,2,189,349,34,64,1,1,1
752,2,187,348,35,67,1,1,1
753,2,189,347,34,67,1,1,1
754,2,186,348,35,67,1,1,1
755,2,186,348,35,67,1,1,1
756,2,187,349,35,67,1,1,1
757,2,187,349,35,67,1,1,1
758,2,187,347,35,67,1,1,1
759,2,186,345,34,67,1,1,1
760,2,186,346,35,67,1,1,1
761,2,185,346,35,67,1,1,1
762,2,185,345,34,67,1,1,1
763,2,185,346,35,67,1,1,1
764,2,185,344,35,67,1,1,1
765,2,186,345,34,67,1,1,1
766,2,185,345,34,67,1,1,1
767,2,185,346,35,67,1,1,1
768,2,185,345,34,67,1,1,1
769,2,185,343,34,68,1,1,1
770,2,185,343,35,67,1,1,1
771,2,185,342,35,67,1,1,1
772,2,185,342,33,67,1,1,1
773,2,185,343,33,67,1,1,1
774,2,186,340,33,67,1,1,1
775,2,186,341,33,67,1,1,1
776,2,186,341,33,65,1,1,1
777,2,186,341,33,66,1,1,1
778,2,186,341,33,65,1,1,1
779,2,186,340,33,65,1,1,1
780,2,185,342,33,65,1,1,1
781,2,184,342,33,66,1,1,1
782,2,185,340,33,65,1,1,1
783,2,185,341,33,66,1,1,1
784,2,186,340,33,65,1,1,1
785,2,185,338,33,65,1,1,1
786,2,185,339,33,65,1,1,1
787,2,186,339,33,65,1,1,1
788,2,185,338,33,65,1,1,1
789,2,185,337,33,65,1,1,1
790,2,185,337,33,65,1,1,1
791,2,185,337,32,64,1,1,1
792,2,185,338,32,63,1,1,1
793,2,184,336,33,64,1,1,1
794,2,185,336,32,63,1,1,1
795,2,184,337,33,63,1,1,1
796,2,185,336,32,64,1,1,1
797,2,184,337,32,64,1,1,1
798,2,184,337,33,63,1,1,1
799,2,185,334,32,64,1,1,1
800,2,184,334,33,64,1,1,1
801,2,185,333,32,64,1,1,1
802,2,185,334,33,64,1,1,1
803,2,184,337,33,63,1,1,1
804,2,185,333,33,64,1,1,1
805,2,185,334,32,64,1,1,1
806,2,186,334,32,64,1,1,1
807,2,185,334,33,64,1,1,1
808,2,186,332,32,64,1,1,1
809,2,186,332,32,64,1,1,1
810,2,186,331,33,63,1,1,1
811,2,186,331,33,64,1,1,1
812,2,187,330,32,63,1,1,1
813,2,187,331,33,63,1,1,1
814,2,186,332,33,60,1,1,1
815,2,186,334,32,59,1,1,1
816,2,185,336,33,59,1,1,1
817,2,186,336,32,56,1,1,1
818,2,186,332,32,57,1,1,1
819,2,185,332,32,58,1,1,1
820,2,186,331,32,58,1,1,1
821,2,185,331,33,58,1,1,1
822,2,185,330,33,58,1,1,1
823,2,185,329,33,58,1,1,1
824,2,185,331,33,58,1,1,1
825,2,186,329,32,58,1,1,1
826,2,186,330,33,58,1,1,1
827,2,185,328,33,58,1,1,1
828,2,184,329,32,58,1,1,1
829,2,185,329,32,58,1,1,1
830,2,185,330,33,58,1,1,1
831,2,184,328,32,58,1,1,1
832,2,184,329,32,58,1,1,1
833,2,184,329,32,58,1,1,1
834,2,183,328,32,58,1,1,1
835,2,183,329,32,58,1,1,1
836,2,183,330,32,58,1,1,1
837,2,184,330,32,58,1,1,1
838,2,184,328,32,58,1,1,1
839,2,184,328,32,58,1,1,1
840,2,185,324,31,62,1,1,1
841,2,186,327,31,61,1,1,1
842,2,186,328,30,61,1,1,1
843,2,186,328,31,61,1,1,1
844,2,186,328,30,61,1,1,1
845,2,186,329,30,61,1,1,1
846,2,185,328,30,61,1,1,1
847,2,186,329,30,61,1,1,1
848,2,184,330,31,61,1,1,1
849,2,184,330,30,61,1,1,1
850,2,184,329,31,61,1,1,1
851,2,185,330,30,61,1,1,1
852,2,184,329,30,61,1,1,1
853,2,184,329,30,61,1,1,1
854,2,185,329,30,55,1,1,1
855,2,184,328,30,55,1,1,1
856,2,183,328,30,55,1,1,1
857,2,181,329,31,55,1,1,1
858,2,182,329,30,55,1,1,1
859,2,182,330,30,55,1,1,1
860,2,181,331,31,55,1,1,1
861,2,181,331,31,55,1,1,1
862,2,181,332,31,55,1,1,1
863,2,180,332,31,55,1,1,1
864,2,183,329,30,55,1,1,1
865,2,180,330,31,55,1,1,1
866,2,180,330,31,55,1,1,1
867,2,181,331,31,55,1,1,1
868,2,182,331,30,55,1,1,1
869,2,181,331,31,56,1,1,1
870,2,180,332,31,56,1,1,1
871,2,181,332,31,56,1,1,1
872,2,180,333,31,56,1,1,1
873,2,180,333,31,56,1,1,1
874,2,181,334,31,55,1,1,1
875,2,181,334,31,56,1,1,1
876,2,183,332,31,55,1,1,1
877,2,184,332,30,56,1,1,1
878,2,183,333,31,55,1,1,1
879,2,183,333,30,56,1,1,1
880,2,184,334,30,55,1,1,1
881,2,183,334,30,56,1,1,1
882,2,183,334,30,56,1,1,1
883,2,184,335,30,55,1,1,1
884,2,184,335,30,55,1,1,1
885,2,184,334,30,55,1,1,1
886,2,184,334,30,56,1,1,1
887,2,185,335,30,55,1,1,1
888,2,186,334,30,55,1,1,1
889,2,185,334,30,55,1,1,1
890,2,185,334,30,56,1,1,1
891,2,185,335,30,55,1,1,1
892,2,185,335,30,55,1,1,1
893,2,185,335,30,55,1,1,1
894,2,185,336,30,55,1,1,1
895,2,185,337,30,55,1,1,1
896,2,185,337,30,55,1,1,1
897,2,186,338,30,55,1,1,1
898,2,186,338,30,55,1,1,1
899,2,186,338,30,55,1,1,1
900,2,186,338,30,55,1,1,1
901,2,186,338,30,55,1,1,1
