1011,1,1603,209,110,316,1,1,1
1012,1,1607,209,108,316,1,1,1
1013,1,1611,208,106,317,1,1,1
1014,1,1615,207,103,318,1,1,1
1015,1,1619,207,100,317,1,1,1
1016,1,1622,206,97,317,1,1,1
1017,1,1627,206,95,316,1,1,1
1018,1,1630,205,94,315,1,1,1
1019,1,1634,204,92,314,1,1,1
1020,1,1637,204,91,312,1,1,1
1021,1,1640,203,89,311,1,1,1
1022,1,1640,204,92,310,1,1,1
1023,1,1639,205,95,308,1,1,1
1024,1,1638,206,98,305,1,1,1
1025,1,1637,206,101,304,1,1,1
1026,1,1636,207,103,302,1,1,1
1027,1,1631,207,109,303,1,1,1
1028,1,1626,207,114,304,1,1,1
1029,1,1620,207,120,305,1,1,1
1030,1,1615,207,125,306,1,1,1
1031,1,1609,207,131,306,1,1,1
1032,1,1607,206,133,307,1,1,1
1033,1,1605,206,134,307,1,1,1
1034,1,1603,205,135,307,1,1,1
1035,1,1600,204,137,308,1,1,1
1036,1,1597,203,138,308,1,1,1
1037,1,1595,204,138,306,1,1,1
1038,1,1592,205,137,304,1,1,1
1039,1,1589,206,137,302,1,1,1
1040,1,1586,207,136,300,1,1,1
1041,1,1583,207,135,299,1,1,1
1042,1,1583,206,134,300,1,1,1
1043,1,1582,205,134,301,1,1,1
1044,1,1582,204,132,301,1,1,1
1045,1,1582,203,131,302,1,1,1
1046,1,1581,202,130,302,1,1,1
1047,1,1580,202,126,302,1,1,1
1048,1,1579,201,123,303,1,1,1
1049,1,1579,201,118,303,1,1,1
1050,1,1578,200,114,303,1,1,1
1051,1,1576,200,110,303,1,1,1
1052,1,1577,201,102,303,1,1,1
1053,1,1578,202,94,303,1,1,1
1054,1,1578,203,86,302,1,1,1
1055,1,1579,203,78,303,1,1,1
1056,1,1579,204,70,302,1,1,1
1057,1,1566,205,80,302,1,1,1
1058,1,1553,205,89,302,1,1,1
1059,1,1540,205,98,303,1,1,1
1060,1,1527,206,108,302,1,1,1
1061,1,1514,206,116,302,1,1,1
1062,1,1507,206,121,302,1,1,1
1063,1,1499,207,126,300,1,1,1
1064,1,1492,207,130,300,1,1,1
1065,1,1484,207,135,299,1,1,1
1066,1,1476,207,138,298,1,1,1
1067,1,1475,208,139,297,1,1,1
1068,1,1473,208,139,296,1,1,1
1069,1,1472,208,138,296,1,1,1
1070,1,1470,208,138,295,1,1,1
1071,1,1468,208,138,294,1,1,1
1072,1,1467,207,130,295,1,1,1
1073,1,1465,206,123,296,1,1,1
1074,1,1464,205,115,298,1,1,1
1075,1,1463,204,108,299,1,1,1
1076,1,1461,202,100,300,1,1,1
1077,1,1460,202,96,302,1,1,1
1078,1,1458,201,91,304,1,1,1
1079,1,1457,200,86,306,1,1,1
1080,1,1456,199,81,308,1,1,1
1081,1,1454,198,76,310,1,1,1
1082,1,1443,198,83,310,1,1,1
1083,1,1432,197,89,312,1,1,1
1084,1,1421,197,95,312,1,1,1
1085,1,1410,196,101,313,1,1,1
1086,1,1399,195,107,313,1,1,1
1087,1,1396,197,107,314,1,1,1
1088,1,1394,199,106,312,1,1,1
1089,1,1391,200,106,312,1,1,1
1090,1,1388,201,106,312,1,1,1
1091,1,1385,202,105,311,1,1,1
1092,1,1384,202,104,312,1,1,1
1093,1,1383,200,102,315,1,1,1
1094,1,1382,199,100,316,1,1,1
1095,1,1381,198,98,317,1,1,1
1096,1,1379,196,96,318,1,1,1
1097,1,1377,197,93,318,1,1,1
1098,1,1374,198,90,317,1,1,1
1099,1,1371,198,87,317,1,1,1
1100,1,1369,198,83,317,1,1,1
1101,1,1366,198,79,315,1,1,1
1102,1,1357,199,86,315,1,1,1
1103,1,1349,199,91,316,1,1,1
1104,1,1340,199,98,316,1,1,1
1105,1,1331,199,104,316,1,1,1
1106,1,1322,198,109,316,1,1,1
1107,1,1315,199,114,316,1,1,1
1108,1,1308,198,119,317,1,1,1
1109,1,1300,198,124,318,1,1,1
1110,1,1293,198,128,318,1,1,1
1111,1,1285,197,133,318,1,1,1
1112,1,1284,198,131,319,1,1,1
1113,1,1282,198,129,319,1,1,1
1114,1,1280,198,127,319,1,1,1
1115,1,1278,198,125,320,1,1,1
1116,1,1276,198,122,320,1,1,1
1117,1,1276,198,120,322,1,1,1
1118,1,1276,198,117,323,1,1,1
1119,1,1275,198,115,324,1,1,1
1120,1,1274,198,113,326,1,1,1
1121,1,1273,198,109,326,1,1,1
1122,1,1266,198,114,327,1,1,1
1123,1,1259,197,117,328,1,1,1
1124,1,1251,196,121,329,1,1,1
1125,1,1244,196,125,329,1,1,1
1126,1,1236,195,129,330,1,1,1
1127,1,1238,196,122,329,1,1,1
1128,1,1239,196,116,329,1,1,1
1129,1,1241,196,109,328,1,1,1
1130,1,1243,196,102,328,1,1,1
1131,1,1244,196,95,327,1,1,1
1132,1,1244,196,95,329,1,1,1
1133,1,1242,196,95,330,1,1,1
1134,1,1241,195,94,332,1,1,1
1135,1,1240,195,93,333,1,1,1
1136,1,1239,194,91,333,1,1,1
1156,1,1228,193,71,316,1,1,1
1157,1,1228,194,75,317,1,1,1
1158,1,1227,194,79,319,1,1,1
1159,1,1226,195,83,319,1,1,1
1160,1,1226,195,86,320,1,1,1
1161,1,1225,195,89,320,1,1,1
1162,1,1223,195,95,322,1,1,1
1163,1,1220,193,102,325,1,1,1
1164,1,1218,192,108,327,1,1,1
1165,1,1215,191,115,329,1,1,1
1166,1,1212,189,120,330,1,1,1
1167,1,1211,190,121,329,1,1,1
1168,1,1208,189,122,330,1,1,1
1169,1,1206,189,122,329,1,1,1
1170,1,1203,189,124,328,1,1,1
1171,1,1200,188,124,326,1,1,1
1172,1,1198,189,125,328,1,1,1
1173,1,1194,189,126,329,1,1,1
1174,1,1191,189,127,331,1,1,1
1175,1,1188,189,127,332,1,1,1
1176,1,1184,188,127,333,1,1,1
1177,1,1188,189,127,332,1,1,1
1178,1,1191,189,127,330,1,1,1
1179,1,1194,189,126,329,1,1,1
1180,1,1197,189,126,328,1,1,1
1181,1,1200,188,125,326,1,1,1
1182,1,1204,188,123,327,1,1,1
1183,1,1208,188,122,327,1,1,1
1184,1,1212,187,120,328,1,1,1
1185,1,1216,187,119,328,1,1,1
1186,1,1220,186,116,328,1,1,1
1187,1,1223,185,115,329,1,1,1
1188,1,1226,185,112,328,1,1,1
1189,1,1229,184,110,328,1,1,1
1190,1,1232,183,107,328,1,1,1
1191,1,1234,182,105,328,1,1,1
1192,1,1237,183,98,328,1,1,1
1193,1,1239,183,92,329,1,1,1
1194,1,1242,184,85,329,1,1,1
1195,1,1244,184,79,330,1,1,1
1196,1,1246,185,71,330,1,1,1
1197,1,1240,185,79,330,1,1,1
1198,1,1234,185,85,330,1,1,1
1199,1,1227,184,93,332,1,1,1
1200,1,1221,184,99,332,1,1,1
1201,1,1214,184,107,332,1,1,1
1202,1,1209,184,114,332,1,1,1
1203,1,1205,185,120,330,1,1,1
1204,1,1200,185,126,330,1,1,1
1205,1,1196,185,132,330,1,1,1
1206,1,1191,185,138,329,1,1,1
1207,1,1192,186,139,329,1,1,1
1208,1,1193,187,139,329,1,1,1
1209,1,1194,188,139,329,1,1,1
1210,1,1195,189,140,328,1,1,1
1211,1,1195,189,140,328,1,1,1
1212,1,1196,189,138,330,1,1,1
1213,1,1196,189,137,331,1,1,1
1214,1,1197,189,134,332,1,1,1
1215,1,1197,189,132,333,1,1,1
1216,1,1197,189,130,333,1,1,1
1217,1,1196,190,125,334,1,1,1
1218,1,1195,191,119,334,1,1,1
1219,1,1194,191,113,334,1,1,1
1220,1,1192,192,108,334,1,1,1
1221,1,1191,192,101,333,1,1,1
1222,1,1189,194,97,333,1,1,1
1223,1,1186,195,92,333,1,1,1
1224,1,1184,197,87,331,1,1,1
1225,1,1182,198,82,331,1,1,1
1226,1,1179,199,77,329,1,1,1
1241,1,1116,200,115,320,1,1,1
1242,1,1115,200,111,321,1,1,1
1243,1,1114,199,106,322,1,1,1
1244,1,1112,199,101,322,1,1,1
1245,1,1111,198,96,323,1,1,1
1246,1,1108,198,92,323,1,1,1
1247,1,1104,198,90,323,1,1,1
1248,1,1100,198,86,323,1,1,1
1249,1,1095,197,83,324,1,1,1
1250,1,1091,197,79,324,1,1,1
1251,1,1086,196,76,323,1,1,1
1252,1,1074,198,86,323,1,1,1
1253,1,1062,199,95,323,1,1,1
1254,1,1050,200,104,322,1,1,1
1255,1,1038,201,114,322,1,1,1
1256,1,1026,202,122,320,1,1,1
1257,1,1022,203,125,320,1,1,1
1258,1,1018,204,128,318,1,1,1
1259,1,1014,204,131,318,1,1,1
1260,1,1011,205,132,316,1,1,1
1261,1,1006,205,135,315,1,1,1
1262,1,1004,204,135,316,1,1,1
1263,1,1002,203,134,317,1,1,1
1264,1,1000,202,133,318,1,1,1
1265,1,998,200,132,319,1,1,1
1266,1,995,198,132,320,1,1,1
1267,1,991,199,129,319,1,1,1
1268,1,987,198,126,319,1,1,1
1269,1,983,198,122,318,1,1,1
1270,1,979,198,119,317,1,1,1
1271,1,975,197,115,316,1,1,1
1272,1,971,198,111,317,1,1,1
1273,1,967,198,106,318,1,1,1
1274,1,962,198,102,319,1,1,1
1275,1,958,198,97,319,1,1,1
1276,1,954,198,92,320,1,1,1
1277,1,950,198,91,320,1,1,1
1278,1,947,198,89,319,1,1,1
1279,1,943,198,88,319,1,1,1
1280,1,939,197,87,319,1,1,1
1281,1,935,197,85,318,1,1,1
1282,1,930,198,91,318,1,1,1
1283,1,925,200,95,317,1,1,1
1284,1,920,201,100,316,1,1,1
1285,1,914,202,105,316,1,1,1
1286,1,909,203,110,315,1,1,1
1301,1,883,211,86,308,1,1,1
1302,1,876,211,90,308,1,1,1
1303,1,869,211,93,307,1,1,1
1304,1,862,211,97,307,1,1,1
1305,1,854,211,101,306,1,1,1
1306,1,847,211,104,305,1,1,1
1307,1,839,211,111,305,1,1,1
1308,1,832,210,117,306,1,1,1
1309,1,824,210,123,306,1,1,1
1310,1,816,210,130,306,1,1,1
1311,1,808,209,135,305,1,1,1
1312,1,806,210,137,306,1,1,1
1313,1,804,210,138,306,1,1,1
1314,1,801,210,140,307,1,1,1
1315,1,799,210,141,307,1,1,1
1316,1,796,209,142,308,1,1,1
1317,1,795,208,141,310,1,1,1
1318,1,795,207,139,310,1,1,1
1319,1,794,205,137,312,1,1,1
1320,1,793,204,135,313,1,1,1
1321,1,791,202,133,314,1,1,1
1322,1,787,202,129,315,1,1,1
1323,1,782,202,125,315,1,1,1
1324,1,777,201,122,316,1,1,1
1325,1,772,201,118,316,1,1,1
1326,1,767,200,113,316,1,1,1
1327,1,765,200,110,316,1,1,1
1328,1,763,200,105,315,1,1,1
1329,1,760,199,102,315,1,1,1
1330,1,758,199,97,315,1,1,1
1331,1,756,198,93,315,1,1,1
1332,1,749,198,103,315,1,1,1
1333,1,743,198,112,314,1,1,1
1334,1,736,198,122,314,1,1,1
1335,1,730,197,130,314,1,1,1
1336,1,722,197,140,313,1,1,1
1337,1,722,198,144,313,1,1,1
1338,1,721,198,148,313,1,1,1
1339,1,720,198,152,313,1,1,1
1340,1,719,199,156,312,1,1,1
1341,1,718,199,160,311,1,1,1
1342,1,720,199,160,312,1,1,1
1343,1,722,198,160,313,1,1,1
1344,1,725,198,158,313,1,1,1
1345,1,727,197,158,314,1,1,1
1346,1,728,196,157,314,1,1,1
1347,1,726,196,158,315,1,1,1
1348,1,724,195,158,316,1,1,1
1349,1,722,195,158,316,1,1,1
1350,1,719,194,158,317,1,1,1
1351,1,717,193,158,318,1,1,1
1352,1,715,193,152,318,1,1,1
1353,1,712,193,147,318,1,1,1
1354,1,710,194,142,318,1,1,1
1355,1,707,194,137,318,1,1,1
1356,1,705,194,131,318,1,1,1
1357,1,705,194,128,319,1,1,1
1358,1,705,194,124,321,1,1,1
1359,1,704,195,122,321,1,1,1
1360,1,704,195,118,323,1,1,1
1361,1,704,195,115,324,1,1,1
1362,1,701,195,120,326,1,1,1
1363,1,698,196,124,327,1,1,1
1364,1,695,196,129,329,1,1,1
1365,1,693,196,133,331,1,1,1
1366,1,689,196,137,332,1,1,1
1367,1,693,198,135,332,1,1,1
1368,1,695,199,133,331,1,1,1
1369,1,698,200,131,330,1,1,1
1370,1,701,201,128,329,1,1,1
1371,1,704,202,126,328,1,1,1
1372,1,702,202,123,330,1,1,1
1373,1,700,201,120,332,1,1,1
1374,1,698,201,118,334,1,1,1
1375,1,696,200,115,336,1,1,1
1376,1,694,200,112,338,1,1,1
1377,1,691,201,109,337,1,1,1
1378,1,688,202,105,336,1,1,1
1379,1,686,202,101,336,1,1,1
1380,1,683,203,97,334,1,1,1
1381,1,680,203,93,333,1,1,1
1382,1,675,204,98,334,1,1,1
1383,1,670,204,102,335,1,1,1
1384,1,666,204,105,336,1,1,1
1385,1,661,205,109,336,1,1,1
1386,1,655,204,113,336,1,1,1
1387,1,654,206,114,337,1,1,1
1388,1,652,206,114,338,1,1,1
1389,1,649,207,116,339,1,1,1
1390,1,647,208,116,339,1,1,1
1391,1,645,208,116,339,1,1,1
1392,1,643,209,118,341,1,1,1
1393,1,640,210,121,343,1,1,1
1394,1,638,210,123,345,1,1,1
1395,1,635,211,125,346,1,1,1
1396,1,632,211,127,347,1,1,1
1397,1,630,211,127,350,1,1,1
1398,1,628,210,125,352,1,1,1
1399,1,626,210,123,354,1,1,1
1400,1,623,209,122,356,1,1,1
1401,1,620,208,120,358,1,1,1
1402,1,618,207,125,360,1,1,1
1403,1,615,207,128,360,1,1,1
1404,1,612,206,132,361,1,1,1
1405,1,609,205,136,362,1,1,1
1406,1,606,204,139,362,1,1,1
1407,1,605,204,141,362,1,1,1
1408,1,603,204,143,361,1,1,1
1409,1,602,203,144,361,1,1,1
1410,1,601,203,144,360,1,1,1
1411,1,599,202,146,359,1,1,1
1412,1,597,201,147,360,1,1,1
1413,1,595,200,147,361,1,1,1
1414,1,593,199,148,361,1,1,1
1415,1,591,197,148,362,1,1,1
1416,1,588,195,148,362,1,1,1
1417,1,590,196,147,363,1,1,1
1418,1,590,197,146,362,1,1,1
1419,1,591,197,144,363,1,1,1
1420,1,592,198,142,362,1,1,1
1421,1,592,197,140,362,1,1,1
1422,1,595,199,138,364,1,1,1
1423,1,597,199,136,366,1,1,1
1424,1,600,200,133,368,1,1,1
1425,1,602,200,131,370,1,1,1
1426,1,604,201,128,371,1,1,1
1427,1,605,200,128,372,1,1,1
1428,1,607,200,128,372,1,1,1
1429,1,608,199,128,372,1,1,1
1430,1,609,198,128,373,1,1,1
1431,1,610,197,127,372,1,1,1
1432,1,612,197,127,374,1,1,1
1433,1,614,197,126,375,1,1,1
1434,1,615,197,127,376,1,1,1
1435,1,616,197,127,377,1,1,1
1436,1,617,196,126,378,1,1,1
1437,1,617,197,126,377,1,1,1
1438,1,616,197,127,377,1,1,1
1439,1,616,197,126,376,1,1,1
1440,1,615,197,126,375,1,1,1
1441,1,614,197,126,373,1,1,1
1442,1,612,197,127,377,1,1,1
1443,1,610,196,128,380,1,1,1
1444,1,609,195,128,383,1,1,1
1445,1,607,194,129,386,1,1,1
1446,1,604,192,129,389,1,1,1
1447,1,602,192,130,391,1,1,1
1448,1,599,192,131,392,1,1,1
1449,1,596,192,132,393,1,1,1
1450,1,594,191,132,395,1,1,1
1451,1,590,190,132,396,1,1,1
1452,1,588,190,134,399,1,1,1
1453,1,584,190,136,401,1,1,1
1454,1,581,190,137,402,1,1,1
1455,1,577,189,139,405,1,1,1
1456,1,573,188,139,406,1,1,1
1457,1,570,188,142,408,1,1,1
1458,1,566,187,144,410,1,1,1
1459,1,562,187,146,411,1,1,1
1460,1,558,186,148,413,1,1,1
1461,1,553,185,150,414,1,1,1
1462,1,551,186,154,414,1,1,1
1463,1,549,187,158,414,1,1,1
1464,1,546,188,162,413,1,1,1
1465,1,544,189,166,413,1,1,1
1466,1,540,189,170,412,1,1,1
1467,1,539,191,174,412,1,1,1
1468,1,537,191,178,412,1,1,1
1469,1,535,192,181,411,1,1,1
1470,1,533,193,185,411,1,1,1
1471,1,531,193,188,410,1,1,1
1472,1,531,195,186,411,1,1,1
1473,1,531,196,183,412,1,1,1
1474,1,530,198,180,412,1,1,1
1475,1,530,199,177,413,1,1,1
1476,1,529,200,175,413,1,1,1
1477,1,529,203,172,414,1,1,1
1478,1,529,205,169,414,1,1,1
1479,1,528,208,168,414,1,1,1
1480,1,528,210,165,415,1,1,1
1481,1,527,212,161,414,1,1,1
1482,1,528,214,159,418,1,1,1
1483,1,529,216,156,422,1,1,1
1484,1,529,218,153,425,1,1,1
1485,1,530,220,150,428,1,1,1
1486,1,530,222,147,430,1,1,1
1487,1,530,224,147,431,1,1,1
1488,1,530,226,147,432,1,1,1
1489,1,529,227,148,433,1,1,1
1490,1,529,229,148,433,1,1,1
1491,1,528,230,148,433,1,1,1
1492,1,528,233,149,434,1,1,1
1493,1,528,236,149,432,1,1,1
1494,1,528,238,149,432,1,1,1
1495,1,528,240,149,432,1,1,1
1496,1,527,242,149,431,1,1,1
1497,1,526,245,150,432,1,1,1
1498,1,524,247,152,434,1,1,1
1499,1,522,249,153,436,1,1,1
1500,1,520,251,154,437,1,1,1
1002,2,947,199,105,286,1,1,1
1003,2,945,199,101,286,1,1,1
1004,2,942,199,98,287,1,1,1
1005,2,940,199,94,288,1,1,1
1006,2,937,199,90,288,1,1,1
1007,2,939,200,91,289,1,1,1
1008,2,940,201,92,289,1,1,1
1009,2,941,202,92,289,1,1,1
1010,2,942,202,93,290,1,1,1
1011,2,942,203,94,289,1,1,1
1012,2,945,204,95,291,1,1,1
1013,2,948,205,95,292,1,1,1
1014,2,950,206,96,293,1,1,1
1015,2,953,207,96,294,1,1,1
1016,2,955,208,96,294,1,1,1
1017,2,959,208,96,295,1,1,1
1018,2,963,207,95,297,1,1,1
1019,2,966,207,95,297,1,1,1
1020,2,970,206,94,299,1,1,1
1021,2,973,205,93,299,1,1,1
1022,2,975,207,94,298,1,1,1
1023,2,977,208,94,298,1,1,1
1024,2,979,209,95,297,1,1,1
1025,2,980,209,96,297,1,1,1
1026,2,982,210,95,295,1,1,1
1027,2,982,212,97,296,1,1,1
1028,2,982,213,99,297,1,1,1
1029,2,982,214,100,299,1,1,1
1030,2,982,215,101,300,1,1,1
1031,2,982,216,102,300,1,1,1
1032,2,981,216,102,303,1,1,1
1033,2,980,216,101,304,1,1,1
1034,2,978,216,101,306,1,1,1
1035,2,977,216,101,308,1,1,1
1036,2,976,215,100,310,1,1,1
1037,2,974,215,101,310,1,1,1
1038,2,971,214,103,310,1,1,1
1039,2,969,214,104,310,1,1,1
1040,2,967,213,105,310,1,1,1
1041,2,964,212,106,309,1,1,1
1042,2,964,212,108,311,1,1,1
1043,2,964,212,110,312,1,1,1
1044,2,963,212,112,312,1,1,1
1045,2,962,212,115,313,1,1,1
1046,2,961,211,116,314,1,1,1
1047,2,962,212,121,315,1,1,1
1048,2,962,213,125,314,1,1,1
1049,2,962,213,129,314,1,1,1
1050,2,963,214,133,313,1,1,1
1051,2,962,214,137,313,1,1,1
1052,2,965,215,136,314,1,1,1
1053,2,967,216,134,314,1,1,1
1054,2,970,217,132,314,1,1,1
1055,2,972,218,130,314,1,1,1
1056,2,974,219,128,314,1,1,1
1057,2,977,218,125,316,1,1,1
1058,2,979,218,123,317,1,1,1
1059,2,982,217,119,318,1,1,1
1060,2,984,216,116,320,1,1,1
1061,2,986,215,112,321,1,1,1
1062,2,988,215,111,322,1,1,1
1063,2,989,215,109,322,1,1,1
1064,2,991,214,107,323,1,1,1
1065,2,992,214,105,323,1,1,1
1066,2,993,213,103,323,1,1,1
1067,2,996,214,102,324,1,1,1
1068,2,998,214,102,325,1,1,1
1069,2,1000,214,101,326,1,1,1
1070,2,1002,214,101,327,1,1,1
1071,2,1004,214,100,328,1,1,1
1072,2,1008,214,102,327,1,1,1
1073,2,1011,214,106,327,1,1,1
1074,2,1015,214,108,326,1,1,1
1075,2,1018,214,111,326,1,1,1
1076,2,1021,214,113,325,1,1,1
1077,2,1021,215,118,325,1,1,1
1078,2,1021,215,121,326,1,1,1
1079,2,1021,216,125,325,1,1,1
1080,2,1021,216,128,326,1,1,1
1081,2,1020,216,132,326,1,1,1
1082,2,1023,215,129,328,1,1,1
1083,2,1025,214,125,329,1,1,1
1084,2,1028,212,121,331,1,1,1
1085,2,1031,211,117,332,1,1,1
1086,2,1033,209,113,333,1,1,1
1087,2,1040,210,110,334,1,1,1
1088,2,1047,210,105,335,1,1,1
1089,2,1054,210,101,335,1,1,1
1090,2,1061,210,97,335,1,1,1
1091,2,1068,210,91,335,1,1,1
1092,2,1072,211,98,335,1,1,1
1093,2,1075,212,104,334,1,1,1
1094,2,1078,212,110,334,1,1,1
1095,2,1081,213,116,333,1,1,1
1096,2,1084,213,121,333,1,1,1
1097,2,1083,214,129,332,1,1,1
1098,2,1081,214,136,332,1,1,1
1099,2,1080,215,142,331,1,1,1
1100,2,1078,215,150,330,1,1,1
1101,2,1076,216,156,329,1,1,1
1102,2,1078,216,155,329,1,1,1
1103,2,1080,215,152,329,1,1,1
1104,2,1081,215,150,329,1,1,1
1105,2,1082,214,148,330,1,1,1
1106,2,1083,213,145,329,1,1,1
1107,2,1093,213,135,330,1,1,1
1108,2,1101,212,125,331,1,1,1
1109,2,1110,211,114,332,1,1,1
1110,2,1119,210,104,333,1,1,1
1111,2,1127,209,93,333,1,1,1
1112,2,1132,210,96,333,1,1,1
1113,2,1136,211,99,333,1,1,1
1114,2,1141,212,100,332,1,1,1
1115,2,1145,212,103,332,1,1,1
1116,2,1149,213,105,331,1,1,1
1117,2,1150,214,112,330,1,1,1
1118,2,1150,215,120,328,1,1,1
1119,2,1150,217,127,325,1,1,1
1120,2,1150,218,135,323,1,1,1
1121,2,1150,219,142,321,1,1,1
1122,2,1148,219,144,322,1,1,1
1123,2,1147,219,145,323,1,1,1
1124,2,1145,219,147,324,1,1,1
1125,2,1143,219,148,324,1,1,1
1126,2,1141,218,150,325,1,1,1
1127,2,1145,218,145,326,1,1,1
1128,2,1149,217,139,327,1,1,1
1129,2,1153,216,133,328,1,1,1
1130,2,1156,215,128,330,1,1,1
1131,2,1160,214,122,330,1,1,1
1132,2,1169,214,114,331,1,1,1
1133,2,1178,214,106,331,1,1,1
1134,2,1186,213,98,332,1,1,1
1135,2,1195,213,90,332,1,1,1
1136,2,1203,212,82,332,1,1,1
1137,2,1204,213,87,332,1,1,1
1138,2,1205,214,92,331,1,1,1
1139,2,1206,215,96,330,1,1,1
1140,2,1206,215,102,330,1,1,1
1141,2,1207,216,106,329,1,1,1
1156,2,1230,211,110,323,1,1,1
1157,2,1238,212,104,324,1,1,1
1158,2,1247,213,97,324,1,1,1
1159,2,1255,214,91,324,1,1,1
1160,2,1263,215,84,324,1,1,1
1161,2,1271,215,77,324,1,1,1
1162,2,1273,217,88,323,1,1,1
1163,2,1274,217,99,323,1,1,1
1164,2,1275,218,110,322,1,1,1
1165,2,1277,219,119,321,1,1,1
1166,2,1278,219,130,319,1,1,1
1167,2,1278,220,133,320,1,1,1
1168,2,1278,220,135,320,1,1,1
1169,2,1278,220,138,320,1,1,1
1170,2,1278,220,140,320,1,1,1
1171,2,1277,219,142,320,1,1,1
1172,2,1284,218,138,322,1,1,1
1173,2,1290,216,133,325,1,1,1
1174,2,1296,214,129,328,1,1,1
1175,2,1302,213,124,329,1,1,1
1176,2,1308,211,119,331,1,1,1
1177,2,1321,211,113,331,1,1,1
1178,2,1334,211,107,329,1,1,1
1179,2,1347,211,101,328,1,1,1
1180,2,1359,211,95,327,1,1,1
1181,2,1372,211,88,325,1,1,1
1182,2,1381,211,93,325,1,1,1
1183,2,1389,210,98,325,1,1,1
1184,2,1398,209,101,325,1,1,1
1185,2,1406,209,106,325,1,1,1
1186,2,1414,208,110,325,1,1,1
1187,2,1419,209,118,324,1,1,1
1188,2,1424,210,125,323,1,1,1
1189,2,1428,211,133,322,1,1,1
1190,2,1433,213,140,320,1,1,1
1191,2,1437,213,147,319,1,1,1
1192,2,1442,213,148,321,1,1,1
1193,2,1446,212,148,323,1,1,1
1194,2,1450,211,148,325,1,1,1
1195,2,1454,211,148,326,1,1,1
1196,2,1458,210,148,328,1,1,1
1197,2,1469,208,142,329,1,1,1
1198,2,1481,206,135,330,1,1,1
1199,2,1492,205,128,330,1,1,1
1200,2,1503,203,122,331,1,1,1
1201,2,1514,201,115,332,1,1,1
1202,2,1526,201,109,334,1,1,1
1203,2,1538,201,104,336,1,1,1
1204,2,1550,200,98,338,1,1,1
1205,2,1562,200,93,340,1,1,1
1206,2,1573,200,87,341,1,1,1
1207,2,1575,201,98,341,1,1,1
1208,2,1576,203,108,339,1,1,1
1209,2,1577,204,119,338,1,1,1
1210,2,1578,206,129,337,1,1,1
1211,2,1579,207,139,335,1,1,1
1212,2,1580,208,142,336,1,1,1
1213,2,1581,209,144,337,1,1,1
1214,2,1582,210,146,338,1,1,1
1215,2,1583,211,149,338,1,1,1
1216,2,1583,211,150,339,1,1,1
1217,2,1591,212,145,340,1,1,1
1218,2,1597,213,140,339,1,1,1
1219,2,1604,214,135,339,1,1,1
1220,2,1610,215,130,339,1,1,1
1221,2,1616,216,124,338,1,1,1
1222,2,1630,217,118,339,1,1,1
1223,2,1643,219,111,338,1,1,1
1224,2,1656,220,105,338,1,1,1
1225,2,1670,221,98,338,1,1,1
1226,2,1682,222,91,337,1,1,1
1227,2,1682,224,101,336,1,1,1
1228,2,1682,226,109,334,1,1,1
1229,2,1682,228,118,332,1,1,1
1230,2,1682,230,126,331,1,1,1
1231,2,1681,231,135,329,1,1,1
1232,2,1682,232,138,329,1,1,1
1233,2,1682,232,142,329,1,1,1
1234,2,1682,232,146,329,1,1,1
1235,2,1682,232,150,329,1,1,1
1236,2,1682,232,152,328,1,1,1
1237,2,1687,232,151,329,1,1,1
1238,2,1691,231,150,330,1,1,1
1239,2,1695,230,149,331,1,1,1
1240,2,1700,229,147,331,1,1,1
1241,2,1703,228,146,331,1,1,1
1242,2,1714,227,140,333,1,1,1
1243,2,1724,227,134,334,1,1,1
1244,2,1733,226,130,335,1,1,1
1245,2,1743,226,124,335,1,1,1
1246,2,1753,225,117,336,1,1,1
1247,2,1756,226,120,337,1,1,1
1248,2,1759,227,121,338,1,1,1
1249,2,1761,228,124,339,1,1,1
1250,2,1764,228,125,341,1,1,1
1251,2,1766,229,127,341,1,1,1
1252,2,1766,232,134,339,1,1,1
1253,2,1766,234,140,336,1,1,1
1254,2,1766,237,146,333,1,1,1
1255,2,1766,239,152,331,1,1,1
1256,2,1765,241,158,328,1,1,1
1257,2,1765,242,161,329,1,1,1
1258,2,1765,242,163,330,1,1,1
1259,2,1765,242,165,330,1,1,1
1260,2,1765,242,166,331,1,1,1
1261,2,1764,241,168,332,1,1,1
1262,2,1774,241,163,334,1,1,1
1263,2,1783,240,158,335,1,1,1
1264,2,1792,239,153,337,1,1,1
1265,2,1800,238,148,338,1,1,1
1266,2,1809,237,142,339,1,1,1
1267,2,1817,238,138,341,1,1,1
1268,2,1824,239,134,341,1,1,1
1269,2,1832,239,129,343,1,1,1
1270,2,1839,240,125,343,1,1,1
1271,2,1846,240,120,344,1,1,1
1272,2,1844,240,130,344,1,1,1
1273,2,1842,240,139,343,1,1,1
1274,2,1840,240,148,342,1,1,1
1275,2,1837,240,159,341,1,1,1
1276,2,1835,240,168,340,1,1,1
1277,2,1835,240,168,341,1,1,1
1278,2,1835,240,168,342,1,1,1
1279,2,1835,240,168,343,1,1,1
1280,2,1836,239,167,345,1,1,1
1281,2,1835,239,167,345,1,1,1
1282,2,1842,239,165,346,1,1,1
1283,2,1848,239,163,347,1,1,1
1284,2,1854,239,161,348,1,1,1
1285,2,1861,238,158,349,1,1,1
1286,2,1867,238,156,350,1,1,1
1287,2,1874,238,152,352,1,1,1
1288,2,1881,237,149,354,1,1,1
1289,2,1888,237,145,356,1,1,1
1290,2,1896,237,141,357,1,1,1
1291,2,1902,236,137,358,1,1,1
1292,2,1910,238,134,359,1,1,1
1293,2,1917,240,130,358,1,1,1
1294,2,1924,242,127,358,1,1,1
1295,2,1931,244,123,357,1,1,1
1296,2,1938,245,118,356,1,1,1
1297,2,1937,246,120,358,1,1,1
1298,2,1935,246,121,360,1,1,1
1299,2,1933,246,123,361,1,1,1
1300,2,1932,247,123,362,1,1,1
1301,2,1930,246,125,363,1,1,1
1302,2,1928,247,125,362,1,1,1
1303,2,1926,247,124,362,1,1,1
1304,2,1923,247,125,361,1,1,1
1305,2,1921,246,124,362,1,1,1
1306,2,1919,246,123,360,1,1,1
1307,2,1917,245,124,363,1,1,1
1308,2,1916,244,124,364,1,1,1
1309,2,1914,242,124,367,1,1,1
1310,2,1912,241,125,369,1,1,1
1311,2,1910,239,125,370,1,1,1
1312,2,1908,240,125,373,1,1,1
1313,2,1905,241,125,374,1,1,1
1314,2,1903,242,125,376,1,1,1
1315,2,1900,243,125,377,1,1,1
1316,2,1897,243,125,379,1,1,1
1317,2,1896,245,125,378,1,1,1
1318,2,1893,246,127,377,1,1,1
1319,2,1891,247,127,376,1,1,1
1320,2,1888,248,129,374,1,1,1
1321,2,1886,248,129,373,1,1,1
1322,2,1884,248,129,375,1,1,1
1323,2,1882,247,129,377,1,1,1
1324,2,1880,247,129,377,1,1,1
1325,2,1878,246,130,379,1,1,1
1326,2,1875,245,129,379,1,1,1
1327,2,1875,244,130,381,1,1,1
1328,2,1874,241,131,384,1,1,1
1329,2,1873,239,132,386,1,1,1
1330,2,1873,237,132,387,1,1,1
1331,2,1872,235,133,389,1,1,1
1332,2,1871,234,135,389,1,1,1
1333,2,1870,234,137,387,1,1,1
1334,2,1868,233,140,387,1,1,1
1335,2,1867,232,142,387,1,1,1
1336,2,1865,231,144,385,1,1,1
1337,2,1854,231,155,386,1,1,1
1338,2,1843,230,165,387,1,1,1
1339,2,1831,229,176,388,1,1,1
1340,2,1820,228,187,389,1,1,1
1341,2,1808,226,197,390,1,1,1
1342,2,1805,227,197,389,1,1,1
1343,2,1802,227,197,388,1,1,1
1344,2,1799,227,197,388,1,1,1
1345,2,1796,226,196,388,1,1,1
1346,2,1792,226,196,386,1,1,1
1347,2,1794,224,191,388,1,1,1
1348,2,1795,222,186,389,1,1,1
1349,2,1796,220,181,390,1,1,1
1350,2,1797,218,176,391,1,1,1
1351,2,1798,216,170,391,1,1,1
1352,2,1802,215,163,393,1,1,1
1353,2,1804,213,157,396,1,1,1
1354,2,1807,212,150,398,1,1,1
1355,2,1810,211,143,400,1,1,1
1356,2,1813,209,135,402,1,1,1
1357,2,1804,209,141,403,1,1,1
1358,2,1794,209,148,404,1,1,1
1359,2,1785,209,153,404,1,1,1
1360,2,1776,209,158,405,1,1,1
1361,2,1766,209,164,404,1,1,1
1362,2,1757,211,169,402,1,1,1
1363,2,1747,212,174,400,1,1,1
1364,2,1738,213,179,399,1,1,1
1365,2,1728,215,185,396,1,1,1
1366,2,1718,216,189,393,1,1,1
1367,2,1718,216,188,395,1,1,1
1368,2,1718,217,187,394,1,1,1
1369,2,1717,217,186,395,1,1,1
1370,2,1717,218,185,395,1,1,1
1371,2,1716,218,184,396,1,1,1
1372,2,1716,217,175,398,1,1,1
1373,2,1716,216,166,401,1,1,1
1374,2,1717,215,156,403,1,1,1
1375,2,1717,214,147,406,1,1,1
1376,2,1717,213,138,408,1,1,1
1377,2,1711,214,139,407,1,1,1
1378,2,1705,215,140,405,1,1,1
1379,2,1699,217,141,403,1,1,1
1380,2,1693,218,141,402,1,1,1
1381,2,1686,219,142,400,1,1,1
1382,2,1670,220,152,400,1,1,1
1383,2,1654,221,161,399,1,1,1
1384,2,1637,222,171,399,1,1,1
1385,2,1621,223,179,398,1,1,1
1386,2,1604,223,188,397,1,1,1
1387,2,1602,225,189,397,1,1,1
1388,2,1600,226,189,396,1,1,1
1389,2,1598,227,189,395,1,1,1
1390,2,1596,228,189,395,1,1,1
1391,2,1593,229,189,393,1,1,1
1392,2,1594,229,178,394,1,1,1
1393,2,1594,228,167,394,1,1,1
1394,2,1594,228,156,393,1,1,1
1395,2,1594,228,144,393,1,1,1
1396,2,1594,227,132,393,1,1,1
1397,2,1590,227,129,394,1,1,1
1398,2,1586,228,125,394,1,1,1
1399,2,1582,228,121,395,1,1,1
1400,2,1577,229,118,395,1,1,1
1401,2,1572,229,114,395,1,1,1
1402,2,1553,229,128,394,1,1,1
1403,2,1534,229,140,392,1,1,1
1404,2,1514,228,153,391,1,1,1
1405,2,1495,228,165,390,1,1,1
1406,2,1475,227,178,387,1,1,1
1407,2,1472,228,181,387,1,1,1
1408,2,1470,228,182,386,1,1,1
1409,2,1467,229,184,384,1,1,1
1410,2,1464,229,187,383,1,1,1
1411,2,1461,229,188,382,1,1,1
1412,2,1460,226,179,383,1,1,1
1413,2,1459,223,169,383,1,1,1
1414,2,1458,219,159,384,1,1,1
1415,2,1456,216,150,384,1,1,1
1416,2,1455,212,139,384,1,1,1
1417,2,1454,211,133,385,1,1,1
1418,2,1453,210,127,385,1,1,1
1419,2,1452,209,120,385,1,1,1
1420,2,1451,208,114,385,1,1,1
1421,2,1450,206,106,384,1,1,1
1422,2,1444,209,108,384,1,1,1
1423,2,1438,212,109,382,1,1,1
1424,2,1432,214,111,381,1,1,1
1425,2,1426,216,112,381,1,1,1
1426,2,1419,218,113,379,1,1,1
1427,2,1415,218,116,379,1,1,1
1428,2,1410,218,120,377,1,1,1
1429,2,1406,218,122,376,1,1,1
1430,2,1401,217,125,376,1,1,1
1431,2,1396,216,127,375,1,1,1
1432,2,1394,216,127,375,1,1,1
1433,2,1392,215,127,376,1,1,1
1434,2,1389,214,127,376,1,1,1
1435,2,1387,213,126,377,1,1,1
1436,2,1384,211,126,377,1,1,1
1437,2,1373,211,131,376,1,1,1
1438,2,1362,211,134,373,1,1,1
1439,2,1351,210,138,371,1,1,1
1440,2,1339,210,143,369,1,1,1
1441,2,1328,209,146,366,1,1,1
1442,2,1328,210,143,365,1,1,1
1443,2,1329,210,138,365,1,1,1
1444,2,1329,211,134,363,1,1,1
1445,2,1329,211,130,362,1,1,1
1446,2,1329,211,125,360,1,1,1
1447,2,1327,212,125,361,1,1,1
1448,2,1323,211,126,363,1,1,1
1449,2,1320,211,126,363,1,1,1
1450,2,1317,211,126,364,1,1,1
1451,2,1313,210,126,364,1,1,1
1452,2,1317,211,121,364,1,1,1
1453,2,1321,211,115,363,1,1,1
1454,2,1325,212,109,362,1,1,1
1455,2,1328,212,104,361,1,1,1
1456,2,1331,212,97,360,1,1,1
1457,2,1324,213,98,360,1,1,1
1458,2,1316,214,99,359,1,1,1
1459,2,1308,215,99,359,1,1,1
1460,2,1301,215,99,359,1,1,1
1461,2,1292,216,100,358,1,1,1
1491,2,1134,260,159,325,1,1,1
1492,2,1134,263,156,324,1,1,1
1493,2,1133,265,153,324,1,1,1
1494,2,1132,267,149,324,1,1,1
1495,2,1132,270,145,323,1,1,1
1496,2,1130,272,141,322,1,1,1
1497,2,1128,272,138,324,1,1,1
1498,2,1125,273,133,324,1,1,1
1499,2,1121,273,130,325,1,1,1
1500,2,1118,273,126,326,1,1,1
1002,3,1574,217,194,485,1,1,1
1003,3,1576,218,194,486,1,1,1
1004,3,1577,220,196,487,1,1,1
1005,3,1578,222,197,487,1,1,1
1006,3,1578,223,198,488,1,1,1
1007,3,1586,222,201,491,1,1,1
1008,3,1593,221,205,493,1,1,1
1009,3,1600,219,208,496,1,1,1
1010,3,1607,218,212,498,1,1,1
1011,3,1614,216,214,500,1,1,1
1012,3,1632,216,206,502,1,1,1
1013,3,1650,216,197,503,1,1,1
1014,3,1667,215,189,505,1,1,1
1015,3,1685,215,180,507,1,1,1
1016,3,1702,213,171,508,1,1,1
1017,3,1713,214,171,511,1,1,1
1018,3,1723,214,171,514,1,1,1
1019,3,1733,214,170,517,1,1,1
1020,3,1743,214,170,519,1,1,1
1021,3,1752,213,170,522,1,1,1
1022,3,1757,216,182,521,1,1,1
1023,3,1760,218,195,520,1,1,1
1024,3,1764,220,206,519,1,1,1
1025,3,1768,222,218,518,1,1,1
1026,3,1771,223,230,517,1,1,1
1027,3,1775,222,233,520,1,1,1
1028,3,1779,221,235,522,1,1,1
1029,3,1782,220,237,523,1,1,1
1030,3,1786,218,239,526,1,1,1
1031,3,1789,216,241,527,1,1,1
1032,3,1800,215,239,529,1,1,1
1033,3,1810,213,236,532,1,1,1
1034,3,1821,212,233,533,1,1,1
1035,3,1831,210,231,535,1,1,1
1036,3,1841,208,227,537,1,1,1
1037,3,1849,208,224,537,1,1,1
1038,3,1855,208,222,536,1,1,1
1039,3,1862,208,218,535,1,1,1
1040,3,1869,208,215,534,1,1,1
1041,3,1876,208,211,532,1,1,1
1042,3,1873,210,213,530,1,1,1
1043,3,1871,212,213,528,1,1,1
1044,3,1868,213,215,526,1,1,1
1045,3,1865,215,216,524,1,1,1
1046,3,1862,216,216,521,1,1,1
1047,3,1859,216,217,523,1,1,1
1048,3,1856,215,216,525,1,1,1
1049,3,1852,214,217,526,1,1,1
1050,3,1849,213,216,528,1,1,1
1051,3,1845,212,215,529,1,1,1
1052,3,1846,211,211,529,1,1,1
1053,3,1846,210,206,529,1,1,1
1054,3,1846,209,202,529,1,1,1
1055,3,1847,208,196,528,1,1,1
1056,3,1846,206,191,528,1,1,1
1057,3,1845,208,188,522,1,1,1
1058,3,1843,209,185,517,1,1,1
1059,3,1841,211,183,510,1,1,1
1060,3,1839,212,180,504,1,1,1
1061,3,1837,213,176,497,1,1,1
1062,3,1834,214,175,496,1,1,1
1063,3,1830,214,174,494,1,1,1
1064,3,1826,214,173,492,1,1,1
1065,3,1823,215,171,490,1,1,1
1066,3,1819,214,169,488,1,1,1
1067,3,1815,215,169,488,1,1,1
1068,3,1811,216,168,487,1,1,1
1069,3,1806,217,168,485,1,1,1
1070,3,1802,217,167,485,1,1,1
1071,3,1798,218,166,484,1,1,1
1072,3,1793,220,167,481,1,1,1
1073,3,1788,221,167,480,1,1,1
1074,3,1783,223,168,477,1,1,1
1075,3,1779,224,167,476,1,1,1
1076,3,1773,225,168,473,1,1,1
1077,3,1770,224,166,472,1,1,1
1078,3,1766,222,165,471,1,1,1
1079,3,1762,220,163,470,1,1,1
1080,3,1758,218,161,469,1,1,1
1081,3,1753,216,160,467,1,1,1
1082,3,1746,216,162,463,1,1,1
1083,3,1739,217,162,457,1,1,1
1084,3,1731,217,164,452,1,1,1
1085,3,1724,217,165,447,1,1,1
1086,3,1716,216,166,442,1,1,1
1087,3,1699,217,175,443,1,1,1
1088,3,1682,217,183,443,1,1,1
1089,3,1665,217,191,443,1,1,1
1090,3,1648,217,200,443,1,1,1
1091,3,1630,217,208,443,1,1,1
1092,3,1622,218,207,441,1,1,1
1093,3,1613,218,207,440,1,1,1
1094,3,1605,219,205,438,1,1,1
1095,3,1596,219,204,436,1,1,1
1096,3,1587,219,203,434,1,1,1
1097,3,1586,219,196,432,1,1,1
1098,3,1584,219,189,429,1,1,1
1099,3,1583,218,181,427,1,1,1
1100,3,1581,218,174,424,1,1,1
1101,3,1579,217,166,421,1,1,1
1102,3,1578,217,160,422,1,1,1
1103,3,1576,217,154,422,1,1,1
1104,3,1575,217,146,422,1,1,1
1105,3,1573,217,140,422,1,1,1
1106,3,1571,217,133,421,1,1,1
1107,3,1557,218,139,421,1,1,1
1108,3,1543,219,145,420,1,1,1
1109,3,1529,219,150,420,1,1,1
1110,3,1515,220,156,419,1,1,1
1111,3,1501,220,160,418,1,1,1
1112,3,1496,221,158,417,1,1,1
1113,3,1490,222,156,416,1,1,1
1114,3,1484,222,154,415,1,1,1
1115,3,1478,223,152,413,1,1,1
1116,3,1472,223,148,412,1,1,1
1117,3,1469,223,143,410,1,1,1
1118,3,1466,223,136,408,1,1,1
1119,3,1462,223,130,405,1,1,1
1120,3,1459,223,123,403,1,1,1
1121,3,1455,223,116,400,1,1,1
1122,3,1443,222,117,400,1,1,1
1123,3,1430,220,117,401,1,1,1
1124,3,1417,218,118,402,1,1,1
1125,3,1404,217,119,402,1,1,1
1126,3,1391,214,119,402,1,1,1
1127,3,1374,216,133,401,1,1,1
1128,3,1358,217,146,400,1,1,1
1129,3,1341,217,160,399,1,1,1
1130,3,1324,218,174,398,1,1,1
1131,3,1306,218,187,396,1,1,1
1132,3,1304,219,184,397,1,1,1
1133,3,1302,219,179,398,1,1,1
1134,3,1299,219,176,399,1,1,1
1135,3,1296,219,172,400,1,1,1
1136,3,1293,219,167,400,1,1,1
1137,3,1291,219,153,401,1,1,1
1138,3,1288,218,139,402,1,1,1
1139,3,1286,218,124,402,1,1,1
1140,3,1283,217,109,403,1,1,1
1141,3,1280,216,94,403,1,1,1
1142,3,1260,215,108,404,1,1,1
1143,3,1239,214,123,405,1,1,1
1144,3,1218,214,137,405,1,1,1
1145,3,1198,213,151,405,1,1,1
1146,3,1177,212,165,406,1,1,1
1147,3,1171,213,169,405,1,1,1
1148,3,1164,215,174,404,1,1,1
1149,3,1158,216,178,403,1,1,1
1150,3,1152,217,182,402,1,1,1
1151,3,1145,218,186,400,1,1,1
1152,3,1135,216,190,401,1,1,1
1153,3,1126,214,192,401,1,1,1
1154,3,1116,212,196,401,1,1,1
1155,3,1106,210,199,401,1,1,1
1156,3,1095,208,203,400,1,1,1
1157,3,1089,208,196,400,1,1,1
1158,3,1083,208,187,400,1,1,1
1159,3,1077,207,179,401,1,1,1
1160,3,1070,207,171,401,1,1,1
1161,3,1063,206,162,400,1,1,1
1162,3,1064,207,158,401,1,1,1
1163,3,1064,208,153,400,1,1,1
1164,3,1063,208,149,400,1,1,1
1165,3,1063,209,144,399,1,1,1
1166,3,1062,209,138,399,1,1,1
1167,3,1052,210,150,397,1,1,1
1168,3,1041,211,161,396,1,1,1
1169,3,1030,211,171,395,1,1,1
1170,3,1018,212,183,393,1,1,1
1171,3,1007,212,193,391,1,1,1
1172,3,1007,212,194,392,1,1,1
1173,3,1007,211,194,394,1,1,1
1174,3,1006,210,194,395,1,1,1
1175,3,1006,209,194,396,1,1,1
1176,3,1005,208,194,397,1,1,1
1177,3,1007,207,189,399,1,1,1
1178,3,1008,205,185,401,1,1,1
1179,3,1009,203,180,403,1,1,1
1180,3,1010,202,176,404,1,1,1
1181,3,1011,200,170,405,1,1,1
1182,3,1010,200,161,405,1,1,1
1183,3,1009,200,151,405,1,1,1
1184,3,1007,199,142,405,1,1,1
1185,3,1006,199,133,405,1,1,1
1186,3,1004,199,123,404,1,1,1
1187,3,1005,199,123,404,1,1,1
1188,3,1006,199,122,404,1,1,1
1189,3,1007,200,122,402,1,1,1
1190,3,1008,200,121,402,1,1,1
1191,3,1008,200,120,401,1,1,1
1192,3,1006,201,126,401,1,1,1
1193,3,1004,203,131,400,1,1,1
1194,3,1001,204,137,399,1,1,1
1195,3,999,205,141,399,1,1,1
1196,3,996,206,146,398,1,1,1
1197,3,995,206,146,397,1,1,1
1198,3,992,204,147,396,1,1,1
1199,3,990,203,147,395,1,1,1
1200,3,988,202,147,393,1,1,1
1201,3,986,201,147,392,1,1,1
1202,3,984,200,153,392,1,1,1
1203,3,982,199,158,392,1,1,1
1204,3,980,197,164,393,1,1,1
1205,3,978,196,170,394,1,1,1
1206,3,976,195,175,393,1,1,1
1207,3,970,198,180,391,1,1,1
1208,3,963,201,186,389,1,1,1
1209,3,956,204,191,386,1,1,1
1210,3,949,208,197,383,1,1,1
1211,3,941,210,202,380,1,1,1
1212,3,941,213,192,378,1,1,1
1213,3,941,214,179,376,1,1,1
1214,3,940,216,168,373,1,1,1
1215,3,940,218,156,371,1,1,1
1216,3,939,219,144,368,1,1,1
1217,3,934,219,145,369,1,1,1
1218,3,929,219,145,368,1,1,1
1219,3,923,218,146,368,1,1,1
1220,3,918,218,146,367,1,1,1
1221,3,912,216,146,366,1,1,1
1222,3,911,217,144,367,1,1,1
1223,3,909,217,141,367,1,1,1
1224,3,907,218,139,366,1,1,1
1225,3,905,218,136,367,1,1,1
1226,3,902,218,134,366,1,1,1
1227,3,901,219,134,366,1,1,1
1228,3,900,220,133,364,1,1,1
1229,3,899,221,132,363,1,1,1
1230,3,897,223,132,361,1,1,1
1231,3,896,223,131,360,1,1,1
1232,3,896,224,130,359,1,1,1
1233,3,895,224,130,357,1,1,1
1234,3,894,225,130,355,1,1,1
1235,3,894,225,128,353,1,1,1
1236,3,892,225,128,351,1,1,1
1237,3,891,224,127,350,1,1,1
1238,3,890,223,126,348,1,1,1
1239,3,888,222,125,346,1,1,1
1240,3,886,220,124,345,1,1,1
1241,3,884,218,122,343,1,1,1
1242,3,883,218,122,344,1,1,1
1243,3,881,218,121,343,1,1,1
1244,3,879,217,121,344,1,1,1
1245,3,877,217,120,344,1,1,1
1246,3,875,216,119,344,1,1,1
1247,3,872,217,121,343,1,1,1
1248,3,870,219,120,340,1,1,1
1249,3,867,220,121,339,1,1,1
1250,3,864,222,122,337,1,1,1
1251,3,861,222,121,335,1,1,1
1252,3,857,223,124,335,1,1,1
1253,3,853,223,125,334,1,1,1
1254,3,848,224,128,332,1,1,1
1255,3,844,224,129,332,1,1,1
1256,3,839,223,131,331,1,1,1
1257,3,836,223,130,331,1,1,1
1258,3,833,222,128,331,1,1,1
1259,3,830,221,126,331,1,1,1
1260,3,826,220,125,330,1,1,1
1261,3,823,218,123,330,1,1,1
1262,3,822,218,122,330,1,1,1
1263,3,821,217,121,331,1,1,1
1264,3,820,216,119,331,1,1,1
1265,3,819,215,118,331,1,1,1
1266,3,817,214,116,331,1,1,1
1267,3,818,215,118,331,1,1,1
1268,3,819,216,120,331,1,1,1
1269,3,820,216,121,331,1,1,1
1270,3,820,217,123,331,1,1,1
1271,3,820,217,123,330,1,1,1
1272,3,822,217,128,331,1,1,1
1273,3,824,216,131,332,1,1,1
1274,3,826,215,134,333,1,1,1
1275,3,827,214,138,334,1,1,1
1276,3,829,213,141,335,1,1,1
1277,3,829,214,141,333,1,1,1
1278,3,829,215,141,331,1,1,1
1279,3,829,216,141,329,1,1,1
1280,3,829,217,141,327,1,1,1
1281,3,828,217,141,325,1,1,1
1282,3,832,218,138,325,1,1,1
1283,3,836,218,133,326,1,1,1
1284,3,840,218,129,327,1,1,1
1285,3,844,218,125,327,1,1,1
1286,3,848,218,121,328,1,1,1
1287,3,856,220,118,327,1,1,1
1288,3,864,221,116,326,1,1,1
1289,3,872,223,113,325,1,1,1
1290,3,880,224,111,324,1,1,1
1291,3,888,225,108,323,1,1,1
1292,3,894,228,107,322,1,1,1
1293,3,899,229,107,322,1,1,1
1294,3,905,231,106,320,1,1,1
1295,3,910,232,105,320,1,1,1
1296,3,916,234,104,319,1,1,1
1297,3,917,233,105,319,1,1,1
1298,3,918,233,105,319,1,1,1
1299,3,920,232,105,319,1,1,1
1300,3,921,231,105,320,1,1,1
1301,3,922,230,105,319,1,1,1
1302,3,926,230,102,317,1,1,1
1303,3,929,230,100,314,1,1,1
1304,3,932,229,97,312,1,1,1
1305,3,936,229,93,309,1,1,1
1306,3,939,228,90,305,1,1,1
1307,3,942,228,92,306,1,1,1
1308,3,945,228,94,306,1,1,1
1309,3,949,228,94,305,1,1,1
1310,3,952,228,96,305,1,1,1
1311,3,954,227,97,304,1,1,1
1312,3,954,227,106,305,1,1,1
1313,3,954,226,114,306,1,1,1
1314,3,953,226,123,306,1,1,1
1315,3,953,225,131,306,1,1,1
1316,3,952,225,139,306,1,1,1
1317,3,954,225,137,305,1,1,1
1318,3,956,225,134,303,1,1,1
1319,3,958,225,132,301,1,1,1
1320,3,960,225,129,299,1,1,1
1321,3,961,225,126,297,1,1,1
1322,3,968,225,120,297,1,1,1
1323,3,975,224,113,298,1,1,1
1324,3,981,224,107,298,1,1,1
1325,3,988,224,100,297,1,1,1
1326,3,994,223,93,297,1,1,1
1327,3,998,223,94,297,1,1,1
1328,3,1001,223,94,297,1,1,1
1329,3,1005,222,94,298,1,1,1
1330,3,1008,222,94,297,1,1,1
1331,3,1012,221,94,298,1,1,1
1332,3,1016,221,94,297,1,1,1
1333,3,1020,221,94,297,1,1,1
1334,3,1024,220,94,297,1,1,1
1335,3,1029,220,93,297,1,1,1
1336,3,1032,220,93,295,1,1,1
1337,3,1038,220,91,296,1,1,1
1338,3,1043,220,89,296,1,1,1
1339,3,1049,221,86,295,1,1,1
1340,3,1054,221,84,294,1,1,1
1341,3,1059,220,81,294,1,1,1
1342,3,1064,220,79,294,1,1,1
1343,3,1068,218,77,295,1,1,1
1344,3,1073,217,74,294,1,1,1
1345,3,1077,216,72,294,1,1,1
1346,3,1081,214,69,293,1,1,1
1347,3,1085,215,71,293,1,1,1
1348,3,1089,216,72,292,1,1,1
1349,3,1093,216,73,291,1,1,1
1350,3,1096,216,76,291,1,1,1
1351,3,1100,216,77,289,1,1,1
1352,3,1104,217,76,290,1,1,1
1353,3,1107,216,76,291,1,1,1
1354,3,1111,216,75,290,1,1,1
1355,3,1114,215,75,291,1,1,1
1356,3,1117,215,74,291,1,1,1
1357,3,1120,215,75,291,1,1,1
1358,3,1123,215,75,291,1,1,1
1359,3,1126,215,76,292,1,1,1
1360,3,1129,215,76,292,1,1,1
1361,3,1132,215,75,291,1,1,1
1362,3,1136,216,77,291,1,1,1
1363,3,1139,216,79,292,1,1,1
1364,3,1142,217,81,292,1,1,1
1365,3,1145,217,82,292,1,1,1
1366,3,1148,217,83,291,1,1,1
1367,3,1150,218,91,291,1,1,1
1368,3,1152,218,97,291,1,1,1
1369,3,1154,218,103,291,1,1,1
1370,3,1156,218,110,290,1,1,1
1371,3,1158,218,116,290,1,1,1
1372,3,1162,219,119,291,1,1,1
1373,3,1166,220,122,291,1,1,1
1374,3,1170,220,126,293,1,1,1
1375,3,1174,221,129,293,1,1,1
1376,3,1178,222,132,294,1,1,1
1377,3,1181,224,129,292,1,1,1
1378,3,1184,226,127,290,1,1,1
1379,3,1187,227,124,289,1,1,1
1380,3,1190,229,122,287,1,1,1
1381,3,1193,230,118,284,1,1,1
1382,3,1198,231,114,285,1,1,1
1383,3,1202,230,110,287,1,1,1
1384,3,1207,230,105,288,1,1,1
1385,3,1211,229,101,289,1,1,1
1386,3,1215,228,96,290,1,1,1
1387,3,1219,229,94,292,1,1,1
1388,3,1222,229,93,293,1,1,1
1389,3,1226,230,90,294,1,1,1
1390,3,1229,230,88,296,1,1,1
1391,3,1232,230,86,297,1,1,1
1392,3,1233,232,88,297,1,1,1
1393,3,1234,233,90,298,1,1,1
1394,3,1235,235,92,297,1,1,1
1395,3,1236,236,94,298,1,1,1
1396,3,1237,237,95,297,1,1,1
1397,3,1238,238,96,299,1,1,1
1398,3,1239,238,96,300,1,1,1
1399,3,1240,238,96,301,1,1,1
1400,3,1241,238,96,302,1,1,1
1401,3,1241,237,95,304,1,1,1
1402,3,1242,237,96,305,1,1,1
1403,3,1243,236,95,306,1,1,1
1404,3,1244,236,95,306,1,1,1
1405,3,1245,235,94,307,1,1,1
1406,3,1245,234,94,307,1,1,1
1407,3,1245,233,97,308,1,1,1
1408,3,1245,232,99,308,1,1,1
1409,3,1244,230,102,309,1,1,1
1410,3,1244,229,105,310,1,1,1
1411,3,1243,227,107,310,1,1,1
1412,3,1244,227,108,313,1,1,1
1413,3,1245,226,108,316,1,1,1
1414,3,1246,225,108,318,1,1,1
1415,3,1246,225,109,320,1,1,1
1416,3,1246,223,109,322,1,1,1
1417,3,1249,224,109,324,1,1,1
1418,3,1250,224,109,325,1,1,1
1419,3,1252,224,109,326,1,1,1
1420,3,1254,224,108,326,1,1,1
1421,3,1255,223,108,327,1,1,1
1422,3,1257,223,110,328,1,1,1
1423,3,1258,222,111,329,1,1,1
1424,3,1260,221,112,330,1,1,1
1425,3,1261,221,113,329,1,1,1
1426,3,1262,219,114,330,1,1,1
1427,3,1262,220,117,332,1,1,1
1428,3,1262,220,118,334,1,1,1
1429,3,1262,220,120,336,1,1,1
1430,3,1262,220,121,338,1,1,1
1431,3,1261,220,122,339,1,1,1
1432,3,1262,221,122,340,1,1,1
1433,3,1262,221,121,342,1,1,1
1434,3,1262,222,120,343,1,1,1
1435,3,1262,222,120,345,1,1,1
1436,3,1261,222,119,346,1,1,1
1437,3,1260,221,119,348,1,1,1
1438,3,1258,220,118,349,1,1,1
1439,3,1255,219,119,350,1,1,1
1440,3,1253,218,118,351,1,1,1
1441,3,1251,216,117,352,1,1,1
1442,3,1249,217,117,351,1,1,1
1443,3,1246,217,118,351,1,1,1
1444,3,1244,217,118,351,1,1,1
1445,3,1242,217,117,350,1,1,1
1446,3,1239,216,117,350,1,1,1
1447,3,1238,218,117,349,1,1,1
1448,3,1237,219,117,349,1,1,1
1449,3,1236,220,116,348,1,1,1
1450,3,1235,222,116,347,1,1,1
1451,3,1234,222,114,346,1,1,1
1452,3,1234,222,115,348,1,1,1
1453,3,1234,222,115,349,1,1,1
1454,3,1233,221,116,350,1,1,1
1455,3,1233,221,116,351,1,1,1
1456,3,1232,220,115,352,1,1,1
1457,3,1234,222,115,354,1,1,1
1458,3,1234,223,115,356,1,1,1
1459,3,1235,224,115,358,1,1,1
1460,3,1236,225,114,361,1,1,1
1461,3,1236,226,113,362,1,1,1
1462,3,1235,228,116,361,1,1,1
1463,3,1235,228,117,362,1,1,1
1464,3,1234,229,119,361,1,1,1
1465,3,1233,230,121,361,1,1,1
1466,3,1232,231,123,359,1,1,1
1467,3,1232,231,124,361,1,1,1
1468,3,1232,231,124,362,1,1,1
1469,3,1232,231,125,362,1,1,1
1470,3,1232,230,125,364,1,1,1
1471,3,1232,230,126,365,1,1,1
1472,3,1234,231,124,367,1,1,1
1473,3,1236,233,122,368,1,1,1
1474,3,1239,234,119,371,1,1,1
1475,3,1241,235,117,373,1,1,1
1476,3,1243,236,114,374,1,1,1
1477,3,1241,239,115,376,1,1,1
1478,3,1240,242,115,378,1,1,1
1479,3,1238,244,116,380,1,1,1
1480,3,1236,247,117,381,1,1,1
1481,3,1234,249,117,383,1,1,1
1482,3,1236,250,114,386,1,1,1
1483,3,1237,251,111,388,1,1,1
1484,3,1238,252,108,390,1,1,1
1485,3,1240,252,104,394,1,1,1
1486,3,1241,252,101,395,1,1,1
1487,3,1242,253,101,397,1,1,1
1488,3,1243,254,101,397,1,1,1
1489,3,1244,254,101,398,1,1,1
1490,3,1245,255,101,399,1,1,1
1491,3,1246,255,100,399,1,1,1
1492,3,1248,256,102,400,1,1,1
1493,3,1249,258,103,400,1,1,1
1494,3,1250,259,105,401,1,1,1
1495,3,1251,260,107,401,1,1,1
1496,3,1252,260,108,402,1,1,1
1497,3,1255,263,118,403,1,1,1
1498,3,1257,265,129,403,1,1,1
1499,3,1260,267,139,404,1,1,1
1500,3,1262,270,150,404,1,1,1
1002,4,630,177,138,398,1,1,1
1003,4,628,177,139,398,1,1,1
1004,4,626,176,140,398,1,1,1
1005,4,625,176,140,398,1,1,1
1006,4,622,175,141,397,1,1,1
1007,4,625,176,141,397,1,1,1
1008,4,627,177,140,395,1,1,1
1009,4,628,177,141,395,1,1,1
1010,4,630,178,141,393,1,1,1
1011,4,632,178,140,392,1,1,1
1012,4,635,179,140,393,1,1,1
1013,4,638,180,140,393,1,1,1
1014,4,640,181,140,392,1,1,1
1015,4,643,182,139,392,1,1,1
1016,4,645,182,139,392,1,1,1
1017,4,647,182,140,394,1,1,1
1018,4,649,182,141,395,1,1,1
1019,4,651,182,142,395,1,1,1
1020,4,654,182,142,396,1,1,1
1021,4,655,182,142,396,1,1,1
1022,4,659,184,143,394,1,1,1
1023,4,662,185,143,393,1,1,1
1024,4,665,186,143,391,1,1,1
1025,4,668,187,143,390,1,1,1
1026,4,670,188,143,387,1,1,1
1027,4,672,189,145,387,1,1,1
1028,4,674,189,146,388,1,1,1
1029,4,676,190,147,387,1,1,1
1030,4,678,190,148,387,1,1,1
1031,4,679,190,150,387,1,1,1
1032,4,682,191,149,386,1,1,1
1033,4,684,192,149,385,1,1,1
1034,4,687,193,148,383,1,1,1
1035,4,689,194,148,382,1,1,1
1036,4,691,195,147,379,1,1,1
1037,4,693,195,152,380,1,1,1
1038,4,695,195,157,381,1,1,1
1039,4,697,195,161,381,1,1,1
1040,4,698,194,166,383,1,1,1
1041,4,700,194,170,383,1,1,1
1042,4,702,194,168,383,1,1,1
1043,4,704,194,166,382,1,1,1
1044,4,706,194,165,382,1,1,1
1045,4,708,194,163,381,1,1,1
1046,4,710,193,160,381,1,1,1
1047,4,713,194,158,381,1,1,1
1048,4,715,195,156,381,1,1,1
1049,4,718,196,153,380,1,1,1
1050,4,720,197,152,380,1,1,1
1051,4,722,197,148,380,1,1,1
1052,4,726,198,146,379,1,1,1
1053,4,730,198,141,378,1,1,1
1054,4,734,199,137,377,1,1,1
1055,4,737,199,134,376,1,1,1
1056,4,741,199,129,375,1,1,1
1057,4,744,199,126,375,1,1,1
1058,4,746,199,124,375,1,1,1
1059,4,749,199,120,375,1,1,1
1060,4,752,199,116,375,1,1,1
1061,4,754,198,113,376,1,1,1
1062,4,755,198,113,376,1,1,1
1063,4,757,197,112,377,1,1,1
1064,4,758,197,112,376,1,1,1
1065,4,759,197,111,376,1,1,1
1066,4,759,196,111,376,1,1,1
1067,4,762,196,116,375,1,1,1
1068,4,764,195,121,375,1,1,1
1069,4,766,195,126,374,1,1,1
1070,4,768,194,131,373,1,1,1
1071,4,770,194,136,372,1,1,1
1072,4,772,194,134,372,1,1,1
1073,4,774,194,132,371,1,1,1
1074,4,776,194,130,371,1,1,1
1075,4,778,194,127,371,1,1,1
1076,4,780,193,125,370,1,1,1
1077,4,784,193,121,371,1,1,1
1078,4,787,192,118,372,1,1,1
1079,4,790,190,115,374,1,1,1
1080,4,794,189,111,375,1,1,1
1081,4,797,188,107,375,1,1,1
1082,4,799,189,113,376,1,1,1
1083,4,800,189,119,376,1,1,1
1084,4,802,190,124,376,1,1,1
1085,4,804,191,129,376,1,1,1
1086,4,805,191,134,376,1,1,1
1087,4,808,192,141,378,1,1,1
1088,4,810,193,149,378,1,1,1
1089,4,812,194,156,379,1,1,1
1090,4,815,195,162,380,1,1,1
1091,4,817,196,169,381,1,1,1
1092,4,818,196,168,381,1,1,1
1093,4,818,197,168,379,1,1,1
1094,4,819,197,167,379,1,1,1
1095,4,819,198,167,377,1,1,1
1096,4,820,198,165,376,1,1,1
1097,4,830,197,156,378,1,1,1
1098,4,840,197,145,378,1,1,1
1099,4,850,196,135,379,1,1,1
1100,4,860,195,125,380,1,1,1
1101,4,870,194,114,380,1,1,1
1102,4,875,194,117,382,1,1,1
1103,4,879,193,120,383,1,1,1
1104,4,883,192,123,384,1,1,1
1105,4,888,191,125,385,1,1,1
1106,4,892,190,128,386,1,1,1
1107,4,894,191,140,386,1,1,1
1108,4,895,192,153,385,1,1,1
1109,4,897,194,164,382,1,1,1
1110,4,898,195,177,381,1,1,1
1111,4,899,196,189,380,1,1,1
1112,4,899,197,190,379,1,1,1
1113,4,898,197,192,379,1,1,1
1114,4,897,198,194,379,1,1,1
1115,4,897,198,195,379,1,1,1
1116,4,895,198,197,377,1,1,1
1117,4,906,198,185,379,1,1,1
1118,4,915,198,174,379,1,1,1
1119,4,925,197,162,380,1,1,1
1120,4,935,197,150,380,1,1,1
1121,4,944,196,138,380,1,1,1
1122,4,952,196,131,384,1,1,1
1123,4,960,195,124,387,1,1,1
1124,4,968,194,117,390,1,1,1
1125,4,975,193,110,393,1,1,1
1126,4,983,191,102,396,1,1,1
1127,4,986,193,114,395,1,1,1
1128,4,989,194,124,394,1,1,1
1129,4,992,195,135,393,1,1,1
1130,4,994,196,147,391,1,1,1
1131,4,997,196,157,390,1,1,1
1132,4,996,198,161,390,1,1,1
1133,4,994,199,165,389,1,1,1
1134,4,992,200,169,389,1,1,1
1135,4,991,201,172,389,1,1,1
1136,4,989,201,175,388,1,1,1
1137,4,994,201,170,389,1,1,1
1138,4,998,199,165,392,1,1,1
1139,4,1002,198,160,393,1,1,1
1140,4,1006,197,155,394,1,1,1
1141,4,1010,195,149,395,1,1,1
1142,4,1018,195,140,396,1,1,1
1143,4,1025,194,132,397,1,1,1
1144,4,1032,193,123,399,1,1,1
1145,4,1039,192,115,400,1,1,1
1146,4,1046,191,106,401,1,1,1
1147,4,1047,191,105,400,1,1,1
1148,4,1049,190,103,399,1,1,1
1149,4,1050,190,102,398,1,1,1
1150,4,1051,189,101,398,1,1,1
1151,4,1052,188,99,396,1,1,1
1152,4,1053,189,98,396,1,1,1
1153,4,1053,189,97,396,1,1,1
1154,4,1052,189,97,396,1,1,1
1155,4,1052,189,97,396,1,1,1
1156,4,1052,189,95,395,1,1,1
1157,4,1052,190,95,395,1,1,1
1158,4,1052,190,95,395,1,1,1
1159,4,1051,190,95,395,1,1,1
1160,4,1051,190,95,395,1,1,1
1161,4,1050,189,94,395,1,1,1
1186,4,1056,180,112,390,1,1,1
1187,4,1056,182,116,389,1,1,1
1188,4,1056,183,120,387,1,1,1
1189,4,1056,183,124,387,1,1,1
1190,4,1055,184,129,385,1,1,1
1191,4,1055,185,132,383,1,1,1
1192,4,1059,186,132,383,1,1,1
1193,4,1064,187,131,382,1,1,1
1194,4,1068,187,130,383,1,1,1
1195,4,1072,188,130,382,1,1,1
1196,4,1076,188,128,381,1,1,1
1197,4,1074,189,131,381,1,1,1
1198,4,1071,189,133,381,1,1,1
1199,4,1068,189,136,382,1,1,1
1200,4,1066,190,137,381,1,1,1
1201,4,1063,190,140,381,1,1,1
1202,4,1063,190,136,381,1,1,1
1203,4,1064,189,130,382,1,1,1
1204,4,1064,189,126,381,1,1,1
1205,4,1065,189,121,381,1,1,1
1206,4,1065,188,116,381,1,1,1
1207,4,1070,190,109,380,1,1,1
1208,4,1074,192,103,378,1,1,1
1209,4,1078,193,96,377,1,1,1
1210,4,1082,195,90,375,1,1,1
1211,4,1086,196,83,373,1,1,1
1212,4,1089,197,83,373,1,1,1
1213,4,1091,198,83,372,1,1,1
1214,4,1094,199,82,371,1,1,1
1215,4,1096,199,82,371,1,1,1
1216,4,1098,200,82,369,1,1,1
1217,4,1098,200,88,370,1,1,1
1218,4,1098,200,93,370,1,1,1
1219,4,1098,200,99,370,1,1,1
1220,4,1097,200,105,370,1,1,1
1221,4,1097,200,110,369,1,1,1
1222,4,1098,202,121,367,1,1,1
1223,4,1099,204,130,364,1,1,1
1224,4,1099,206,140,361,1,1,1
1225,4,1100,208,150,359,1,1,1
1226,4,1100,210,159,355,1,1,1
1227,4,1101,212,162,354,1,1,1
1228,4,1102,214,164,353,1,1,1
1229,4,1102,216,167,351,1,1,1
1230,4,1103,217,168,351,1,1,1
1231,4,1103,219,170,349,1,1,1
1232,4,1107,216,167,352,1,1,1
1233,4,1111,214,162,354,1,1,1
1234,4,1115,211,158,357,1,1,1
1235,4,1119,208,154,360,1,1,1
1236,4,1122,205,150,362,1,1,1
1237,4,1133,205,139,362,1,1,1
1238,4,1143,204,128,362,1,1,1
1239,4,1154,203,116,363,1,1,1
1240,4,1164,203,105,362,1,1,1
1241,4,1175,202,93,362,1,1,1
1242,4,1180,202,95,363,1,1,1
1243,4,1185,202,96,363,1,1,1
1244,4,1190,202,98,363,1,1,1
1245,4,1194,203,100,362,1,1,1
1246,4,1199,202,101,362,1,1,1
1247,4,1201,203,106,362,1,1,1
1248,4,1202,204,112,361,1,1,1
1249,4,1203,205,118,361,1,1,1
1250,4,1204,206,124,360,1,1,1
1251,4,1205,206,129,359,1,1,1
1252,4,1204,206,130,360,1,1,1
1253,4,1203,205,131,361,1,1,1
1254,4,1202,205,131,361,1,1,1
1255,4,1201,205,132,361,1,1,1
1256,4,1200,204,132,362,1,1,1
1257,4,1205,205,128,360,1,1,1
1258,4,1210,206,124,358,1,1,1
1259,4,1215,207,119,356,1,1,1
1260,4,1221,208,114,353,1,1,1
1261,4,1225,209,110,350,1,1,1
1262,4,1231,209,106,351,1,1,1
1263,4,1236,208,103,352,1,1,1
1264,4,1241,207,100,353,1,1,1
1265,4,1246,207,96,353,1,1,1
1266,4,1251,205,92,353,1,1,1
1267,4,1252,205,101,354,1,1,1
1268,4,1254,204,108,354,1,1,1
1269,4,1255,203,115,354,1,1,1
1270,4,1256,202,123,355,1,1,1
1271,4,1257,201,130,354,1,1,1
1272,4,1257,203,133,353,1,1,1
1273,4,1257,204,136,352,1,1,1
1274,4,1258,205,137,351,1,1,1
1275,4,1258,207,140,349,1,1,1
1276,4,1258,208,142,348,1,1,1
1277,4,1257,208,142,348,1,1,1
1278,4,1257,208,142,348,1,1,1
1279,4,1256,209,142,347,1,1,1
1280,4,1255,209,142,346,1,1,1
1281,4,1254,208,141,346,1,1,1
1282,4,1258,209,138,347,1,1,1
1283,4,1262,209,134,347,1,1,1
1284,4,1266,210,130,347,1,1,1
1285,4,1269,210,126,347,1,1,1
1286,4,1273,210,122,348,1,1,1
1287,4,1284,210,114,349,1,1,1
1288,4,1295,210,106,349,1,1,1
1289,4,1306,209,98,351,1,1,1
1290,4,1317,209,91,352,1,1,1
1291,4,1327,208,83,352,1,1,1
1292,4,1331,210,89,352,1,1,1
1293,4,1335,211,95,352,1,1,1
1294,4,1338,211,101,353,1,1,1
1295,4,1342,212,107,352,1,1,1
1296,4,1345,213,113,352,1,1,1
1297,4,1344,215,119,350,1,1,1
1298,4,1344,217,124,348,1,1,1
1299,4,1343,219,129,346,1,1,1
1300,4,1342,220,135,345,1,1,1
1301,4,1341,222,140,343,1,1,1
1302,4,1341,222,141,343,1,1,1
1303,4,1340,222,142,342,1,1,1
1304,4,1340,222,142,341,1,1,1
1305,4,1339,223,143,340,1,1,1
1306,4,1338,222,144,339,1,1,1
1307,4,1339,222,142,340,1,1,1
1308,4,1340,221,139,341,1,1,1
1309,4,1341,220,137,342,1,1,1
1310,4,1343,220,133,342,1,1,1
1311,4,1343,218,131,343,1,1,1
1312,4,1352,218,124,344,1,1,1
1313,4,1360,218,118,344,1,1,1
1314,4,1367,218,112,343,1,1,1
1315,4,1375,217,105,344,1,1,1
1316,4,1383,216,97,343,1,1,1
1317,4,1387,217,96,346,1,1,1
1318,4,1392,218,92,348,1,1,1
1319,4,1396,218,89,350,1,1,1
1320,4,1400,219,86,352,1,1,1
1321,4,1404,219,83,354,1,1,1
1322,4,1405,220,87,353,1,1,1
1323,4,1406,220,91,352,1,1,1
1324,4,1407,220,95,351,1,1,1
1325,4,1407,220,99,350,1,1,1
1326,4,1408,220,102,349,1,1,1
1327,4,1409,219,104,351,1,1,1
1328,4,1411,218,103,352,1,1,1
1329,4,1412,218,104,352,1,1,1
1330,4,1413,217,104,354,1,1,1
1331,4,1414,216,105,355,1,1,1
1332,4,1417,215,107,355,1,1,1
1333,4,1420,215,109,355,1,1,1
1334,4,1424,214,110,355,1,1,1
1335,4,1427,213,112,356,1,1,1
1336,4,1430,212,114,355,1,1,1
1337,4,1438,211,112,356,1,1,1
1338,4,1446,210,109,357,1,1,1
1339,4,1454,208,107,358,1,1,1
1340,4,1463,207,103,358,1,1,1
1341,4,1470,205,100,358,1,1,1
1342,4,1475,205,102,359,1,1,1
1343,4,1479,205,102,359,1,1,1
1344,4,1483,204,103,360,1,1,1
1345,4,1486,204,105,360,1,1,1
1346,4,1490,203,105,360,1,1,1
1347,4,1495,203,107,361,1,1,1
1348,4,1500,202,109,362,1,1,1
1349,4,1505,201,110,363,1,1,1
1350,4,1510,200,112,364,1,1,1
1351,4,1515,198,112,365,1,1,1
1352,4,1520,199,112,364,1,1,1
1353,4,1525,199,111,364,1,1,1
1354,4,1529,199,111,363,1,1,1
1355,4,1534,199,110,362,1,1,1
1356,4,1538,198,109,361,1,1,1
1357,4,1536,199,113,362,1,1,1
1358,4,1534,199,117,362,1,1,1
1359,4,1532,198,121,363,1,1,1
1360,4,1529,198,125,363,1,1,1
1361,4,1527,197,129,363,1,1,1
1362,4,1528,198,128,365,1,1,1
1363,4,1529,199,128,365,1,1,1
1364,4,1531,199,126,366,1,1,1
1365,4,1532,200,126,367,1,1,1
1366,4,1533,200,125,367,1,1,1
1367,4,1541,201,117,367,1,1,1
1368,4,1549,202,108,366,1,1,1
1369,4,1558,204,99,364,1,1,1
1370,4,1566,205,90,363,1,1,1
1371,4,1574,206,82,362,1,1,1
1372,4,1568,206,88,363,1,1,1
1373,4,1563,206,93,364,1,1,1
1374,4,1557,206,99,366,1,1,1
1375,4,1552,206,104,367,1,1,1
1376,4,1546,206,110,368,1,1,1
1377,4,1548,206,107,367,1,1,1
1378,4,1550,207,103,366,1,1,1
1379,4,1552,207,100,365,1,1,1
1380,4,1554,207,96,365,1,1,1
1381,4,1556,207,92,363,1,1,1
1382,4,1556,208,93,363,1,1,1
1383,4,1556,208,92,363,1,1,1
1384,4,1556,208,92,362,1,1,1
1385,4,1556,208,92,362,1,1,1
1386,4,1556,208,91,361,1,1,1
1387,4,1557,209,91,361,1,1,1
1388,4,1557,210,91,360,1,1,1
1389,4,1558,210,89,361,1,1,1
1390,4,1558,211,89,360,1,1,1
1391,4,1558,211,88,360,1,1,1
1392,4,1559,212,88,360,1,1,1
1393,4,1560,212,87,361,1,1,1
1394,4,1561,213,86,361,1,1,1
1395,4,1561,213,86,362,1,1,1
1396,4,1561,213,85,362,1,1,1
1411,4,1557,206,80,362,1,1,1
1412,4,1556,205,81,362,1,1,1
1413,4,1555,203,80,363,1,1,1
1414,4,1554,202,80,362,1,1,1
1415,4,1553,200,80,363,1,1,1
1416,4,1552,198,79,362,1,1,1
1417,4,1551,199,80,363,1,1,1
1418,4,1549,198,81,364,1,1,1
1419,4,1547,198,83,365,1,1,1
1420,4,1546,198,84,365,1,1,1
1421,4,1544,197,84,366,1,1,1
1422,4,1543,198,87,366,1,1,1
1423,4,1541,199,90,364,1,1,1
1424,4,1540,200,92,363,1,1,1
1425,4,1538,201,94,362,1,1,1
1426,4,1536,202,96,360,1,1,1
1427,4,1537,201,97,361,1,1,1
1428,4,1538,200,96,362,1,1,1
1429,4,1539,199,96,362,1,1,1
1430,4,1540,199,95,362,1,1,1
1431,4,1540,197,95,363,1,1,1
1432,4,1540,197,95,364,1,1,1
1433,4,1539,196,96,365,1,1,1
1434,4,1538,195,96,366,1,1,1
1435,4,1538,195,96,366,1,1,1
1436,4,1536,194,96,366,1,1,1
1437,4,1536,194,96,366,1,1,1
1438,4,1536,194,95,366,1,1,1
1439,4,1535,194,95,366,1,1,1
1440,4,1535,194,93,366,1,1,1
1441,4,1534,193,92,365,1,1,1
1442,4,1532,194,95,365,1,1,1
1443,4,1530,194,97,364,1,1,1
1444,4,1528,195,99,363,1,1,1
1445,4,1526,195,101,362,1,1,1
1446,4,1523,195,103,361,1,1,1
1447,4,1523,194,102,364,1,1,1
1448,4,1522,194,102,365,1,1,1
1449,4,1522,193,100,366,1,1,1
1450,4,1521,193,100,367,1,1,1
1451,4,1520,192,98,369,1,1,1
1452,4,1523,193,96,368,1,1,1
1453,4,1525,194,93,367,1,1,1
1454,4,1527,195,90,366,1,1,1
1455,4,1530,196,87,365,1,1,1
1456,4,1531,196,84,364,1,1,1
1457,4,1528,197,86,365,1,1,1
1458,4,1524,198,89,364,1,1,1
1459,4,1520,199,91,363,1,1,1
1460,4,1515,199,95,363,1,1,1
1461,4,1511,200,96,362,1,1,1
1462,4,1513,200,94,362,1,1,1
1463,4,1515,201,90,362,1,1,1
1464,4,1516,201,88,362,1,1,1
1465,4,1518,202,84,361,1,1,1
1466,4,1519,202,81,361,1,1,1
1467,4,1518,203,84,362,1,1,1
1468,4,1517,204,86,362,1,1,1
1469,4,1516,204,88,363,1,1,1
1470,4,1514,205,91,363,1,1,1
1471,4,1513,206,93,363,1,1,1
1472,4,1513,208,93,362,1,1,1
1473,4,1513,209,94,361,1,1,1
1474,4,1512,211,95,360,1,1,1
1475,4,1512,213,95,359,1,1,1
1476,4,1511,214,95,357,1,1,1
1477,4,1510,216,96,357,1,1,1
1478,4,1509,217,95,358,1,1,1
1479,4,1507,219,96,357,1,1,1
1480,4,1505,220,96,357,1,1,1
1481,4,1503,221,95,357,1,1,1
1482,4,1502,223,95,357,1,1,1
1483,4,1500,225,94,356,1,1,1
1484,4,1499,227,93,356,1,1,1
1485,4,1497,229,92,355,1,1,1
1486,4,1495,230,90,354,1,1,1
1487,4,1492,233,91,353,1,1,1
1488,4,1489,235,91,352,1,1,1
1489,4,1485,236,92,352,1,1,1
1490,4,1482,238,91,350,1,1,1
1491,4,1478,239,91,348,1,1,1
1492,4,1473,242,94,348,1,1,1
1493,4,1467,243,96,348,1,1,1
1494,4,1461,245,99,347,1,1,1
1495,4,1456,247,101,346,1,1,1
1496,4,1450,248,103,346,1,1,1
1497,4,1442,251,110,345,1,1,1
1498,4,1433,253,117,344,1,1,1
1499,4,1425,255,123,343,1,1,1
1500,4,1417,258,130,341,1,1,1
1002,5,1217,211,94,295,1,1,1
1003,5,1219,212,94,293,1,1,1
1004,5,1221,212,93,293,1,1,1
1005,5,1223,213,93,291,1,1,1
1006,5,1225,213,92,289,1,1,1
1007,5,1230,214,92,288,1,1,1
1008,5,1235,213,92,288,1,1,1
1009,5,1239,213,92,287,1,1,1
1010,5,1244,212,92,287,1,1,1
1011,5,1248,211,91,286,1,1,1
1012,5,1254,212,91,286,1,1,1
1013,5,1259,213,91,284,1,1,1
1014,5,1265,213,90,284,1,1,1
1015,5,1270,213,90,283,1,1,1
1016,5,1275,213,90,282,1,1,1
1017,5,1279,214,90,282,1,1,1
1018,5,1283,215,90,281,1,1,1
1019,5,1288,216,89,280,1,1,1
1020,5,1292,217,89,279,1,1,1
1021,5,1296,217,89,278,1,1,1
1022,5,1300,218,88,277,1,1,1
1023,5,1304,219,88,276,1,1,1
1024,5,1308,219,87,276,1,1,1
1025,5,1313,220,85,275,1,1,1
1026,5,1316,220,84,273,1,1,1
1027,5,1320,220,84,273,1,1,1
1028,5,1323,219,83,273,1,1,1
1029,5,1326,218,83,272,1,1,1
1030,5,1329,218,83,271,1,1,1
1031,5,1332,216,82,270,1,1,1
1032,5,1334,217,82,270,1,1,1
1033,5,1336,217,81,269,1,1,1
1034,5,1337,217,81,269,1,1,1
1035,5,1339,217,81,268,1,1,1
1036,5,1340,216,80,267,1,1,1
1037,5,1343,216,80,268,1,1,1
1038,5,1345,216,80,267,1,1,1
1039,5,1347,215,81,268,1,1,1
1040,5,1350,214,80,268,1,1,1
1041,5,1351,213,80,267,1,1,1
1042,5,1352,215,86,266,1,1,1
1043,5,1353,215,90,266,1,1,1
1044,5,1354,216,94,265,1,1,1
1045,5,1354,217,99,264,1,1,1
1046,5,1354,217,103,263,1,1,1
1047,5,1356,217,102,264,1,1,1
1048,5,1357,216,100,264,1,1,1
1049,5,1358,216,98,264,1,1,1
1050,5,1359,215,97,265,1,1,1
1051,5,1360,214,95,265,1,1,1
1052,5,1362,216,95,263,1,1,1
1053,5,1364,217,95,262,1,1,1
1054,5,1366,219,95,259,1,1,1
1055,5,1369,220,93,258,1,1,1
1056,5,1370,221,93,255,1,1,1
1057,5,1376,221,90,256,1,1,1
1058,5,1382,221,85,256,1,1,1
1059,5,1387,221,82,255,1,1,1
1060,5,1393,220,77,256,1,1,1
1061,5,1398,220,73,255,1,1,1
1062,5,1399,220,73,256,1,1,1
1063,5,1400,221,72,255,1,1,1
1064,5,1401,221,72,255,1,1,1
1065,5,1402,221,71,255,1,1,1
1066,5,1402,221,71,254,1,1,1
1067,5,1403,222,72,254,1,1,1
1068,5,1403,223,73,252,1,1,1
1069,5,1403,223,74,252,1,1,1
1070,5,1404,224,75,250,1,1,1
1071,5,1404,224,76,250,1,1,1
1072,5,1405,223,76,251,1,1,1
1073,5,1406,223,75,250,1,1,1
1074,5,1408,222,74,251,1,1,1
1075,5,1409,221,74,251,1,1,1
1076,5,1410,220,73,251,1,1,1
1077,5,1413,220,72,251,1,1,1
1078,5,1416,219,71,252,1,1,1
1079,5,1419,219,69,251,1,1,1
1080,5,1422,218,68,252,1,1,1
1081,5,1425,217,65,252,1,1,1
1091,5,1420,221,132,250,1,1,1
1092,5,1421,222,132,250,1,1,1
1093,5,1421,222,130,250,1,1,1
1094,5,1421,223,129,250,1,1,1
1095,5,1421,223,128,250,1,1,1
1096,5,1420,223,127,250,1,1,1
1097,5,1425,223,122,251,1,1,1
1098,5,1430,223,115,251,1,1,1
1099,5,1434,223,110,250,1,1,1
1100,5,1439,222,103,251,1,1,1
1101,5,1443,222,97,251,1,1,1
1102,5,1452,222,90,251,1,1,1
1103,5,1460,222,83,251,1,1,1
1104,5,1468,222,77,251,1,1,1
1105,5,1477,222,69,251,1,1,1
1106,5,1485,221,62,251,1,1,1
1107,5,1484,222,71,251,1,1,1
1108,5,1483,222,80,251,1,1,1
1109,5,1482,223,89,250,1,1,1
1110,5,1482,223,96,250,1,1,1
1111,5,1480,223,105,249,1,1,1
1121,5,1505,225,84,253,1,1,1
1122,5,1503,225,85,253,1,1,1
1123,5,1500,224,87,255,1,1,1
1124,5,1497,224,89,255,1,1,1
1125,5,1494,224,91,255,1,1,1
1126,5,1491,223,92,256,1,1,1
1127,5,1498,223,87,258,1,1,1
1128,5,1505,222,82,260,1,1,1
1129,5,1511,222,77,261,1,1,1
1130,5,1518,221,72,264,1,1,1
1131,5,1524,220,66,265,1,1,1
1132,5,1523,221,72,265,1,1,1
1133,5,1521,221,79,265,1,1,1
1134,5,1519,222,85,265,1,1,1
1135,5,1518,223,90,264,1,1,1
1136,5,1516,223,96,264,1,1,1
1137,5,1515,224,98,264,1,1,1
1138,5,1514,225,100,264,1,1,1
1139,5,1512,226,102,264,1,1,1
1140,5,1511,228,104,262,1,1,1
1141,5,1509,228,105,262,1,1,1
1142,5,1511,227,104,264,1,1,1
1143,5,1513,226,101,265,1,1,1
1144,5,1515,225,98,267,1,1,1
1145,5,1516,223,97,269,1,1,1
1146,5,1518,222,94,270,1,1,1
1147,5,1526,222,88,269,1,1,1
1148,5,1535,222,82,269,1,1,1
1149,5,1543,223,76,267,1,1,1
1150,5,1551,223,71,266,1,1,1
1151,5,1559,222,64,265,1,1,1
1152,5,1560,223,70,266,1,1,1
1153,5,1560,223,76,266,1,1,1
1154,5,1561,223,80,266,1,1,1
1155,5,1561,223,86,266,1,1,1
1156,5,1561,222,91,266,1,1,1
1157,5,1561,223,95,267,1,1,1
1158,5,1561,224,98,266,1,1,1
1159,5,1561,224,102,266,1,1,1
1160,5,1561,225,105,265,1,1,1
1161,5,1560,225,108,264,1,1,1
1162,5,1561,224,107,267,1,1,1
1163,5,1561,224,107,268,1,1,1
1164,5,1561,223,107,271,1,1,1
1165,5,1561,223,106,272,1,1,1
1166,5,1561,221,105,275,1,1,1
1167,5,1566,221,104,275,1,1,1
1168,5,1571,221,102,275,1,1,1
1169,5,1576,220,101,276,1,1,1
1170,5,1581,219,99,276,1,1,1
1171,5,1586,218,96,276,1,1,1
1172,5,1593,218,94,277,1,1,1
1173,5,1600,217,90,279,1,1,1
1174,5,1606,217,87,279,1,1,1
1175,5,1613,216,84,281,1,1,1
1176,5,1619,215,80,281,1,1,1
1177,5,1625,216,80,281,1,1,1
1178,5,1630,216,81,281,1,1,1
1179,5,1635,217,81,279,1,1,1
1180,5,1641,218,80,278,1,1,1
1181,5,1645,218,80,277,1,1,1
1182,5,1651,217,81,280,1,1,1
1183,5,1656,217,83,281,1,1,1
1184,5,1662,216,83,283,1,1,1
1185,5,1667,215,84,285,1,1,1
1186,5,1672,214,84,286,1,1,1
1187,5,1678,213,84,288,1,1,1
1188,5,1683,212,85,289,1,1,1
1189,5,1688,211,86,290,1,1,1
1190,5,1694,209,86,292,1,1,1
1191,5,1698,208,86,292,1,1,1
1192,5,1702,207,88,294,1,1,1
1193,5,1706,206,89,295,1,1,1
1194,5,1710,205,89,296,1,1,1
1195,5,1713,204,91,298,1,1,1
1196,5,1716,203,91,298,1,1,1
1197,5,1719,203,94,299,1,1,1
1198,5,1721,203,96,300,1,1,1
1199,5,1724,202,97,302,1,1,1
1200,5,1726,202,99,303,1,1,1
1201,5,1728,201,100,303,1,1,1
1202,5,1730,202,101,304,1,1,1
1203,5,1732,202,101,304,1,1,1
1204,5,1733,202,101,305,1,1,1
1205,5,1735,202,101,306,1,1,1
1206,5,1736,201,100,306,1,1,1
1207,5,1735,202,102,306,1,1,1
1208,5,1734,203,104,306,1,1,1
1209,5,1733,204,105,305,1,1,1
1210,5,1732,205,106,304,1,1,1
1211,5,1730,205,108,304,1,1,1
1212,5,1731,205,106,306,1,1,1
1213,5,1731,205,105,307,1,1,1
1214,5,1731,205,104,308,1,1,1
1215,5,1731,205,103,309,1,1,1
1216,5,1731,204,101,310,1,1,1
1217,5,1731,206,100,310,1,1,1
1218,5,1730,207,99,310,1,1,1
1219,5,1729,208,98,310,1,1,1
1220,5,1728,209,97,310,1,1,1
1221,5,1727,210,95,309,1,1,1
1222,5,1722,211,100,310,1,1,1
1223,5,1715,212,105,309,1,1,1
1224,5,1709,213,109,308,1,1,1
1225,5,1703,214,114,307,1,1,1
1226,5,1697,214,118,306,1,1,1
1236,5,1632,219,150,303,1,1,1
1237,5,1631,219,148,304,1,1,1
1238,5,1630,219,144,305,1,1,1
1239,5,1628,218,142,306,1,1,1
1240,5,1627,217,139,307,1,1,1
1241,5,1625,216,137,307,1,1,1
1242,5,1624,216,134,308,1,1,1
1243,5,1623,216,131,308,1,1,1
1244,5,1623,215,127,308,1,1,1
1245,5,1622,215,124,308,1,1,1
1246,5,1621,214,121,308,1,1,1
1247,5,1620,215,115,308,1,1,1
1248,5,1620,216,108,307,1,1,1
1249,5,1619,216,102,308,1,1,1
1250,5,1618,217,96,307,1,1,1
1251,5,1617,217,89,307,1,1,1
1252,5,1608,217,95,308,1,1,1
1253,5,1598,216,101,309,1,1,1
1254,5,1588,216,106,309,1,1,1
1255,5,1579,215,111,310,1,1,1
1256,5,1568,214,116,310,1,1,1
1257,5,1561,216,120,309,1,1,1
1258,5,1553,218,123,307,1,1,1
1259,5,1546,220,126,305,1,1,1
1260,5,1538,222,129,303,1,1,1
1261,5,1530,224,132,300,1,1,1
1262,5,1528,223,132,303,1,1,1
1263,5,1526,222,131,304,1,1,1
1264,5,1524,220,129,307,1,1,1
1265,5,1522,219,128,309,1,1,1
1266,5,1519,217,127,310,1,1,1
1267,5,1518,217,124,311,1,1,1
1268,5,1515,217,122,311,1,1,1
1269,5,1513,216,120,312,1,1,1
1270,5,1511,216,117,312,1,1,1
1271,5,1508,215,114,312,1,1,1
1272,5,1506,216,111,312,1,1,1
1273,5,1505,215,106,314,1,1,1
1274,5,1503,215,102,315,1,1,1
1275,5,1501,215,98,315,1,1,1
1276,5,1499,215,94,316,1,1,1
1277,5,1486,215,103,316,1,1,1
1278,5,1472,214,113,317,1,1,1
1279,5,1459,214,123,317,1,1,1
1280,5,1446,214,132,317,1,1,1
1281,5,1432,213,141,317,1,1,1
1282,5,1426,214,144,318,1,1,1
1283,5,1420,214,146,318,1,1,1
1284,5,1414,214,149,318,1,1,1
1285,5,1408,214,151,319,1,1,1
1286,5,1402,214,153,319,1,1,1
1287,5,1403,216,150,317,1,1,1
1288,5,1403,219,149,315,1,1,1
1289,5,1404,221,146,313,1,1,1
1290,5,1405,224,144,310,1,1,1
1291,5,1405,225,141,308,1,1,1
1292,5,1407,225,140,311,1,1,1
1293,5,1409,225,138,312,1,1,1
1294,5,1411,224,136,315,1,1,1
1295,5,1412,224,134,316,1,1,1
1296,5,1414,223,132,318,1,1,1
1297,5,1412,223,127,318,1,1,1
1298,5,1411,223,120,318,1,1,1
1299,5,1409,223,115,318,1,1,1
1300,5,1407,222,110,318,1,1,1
1301,5,1405,222,104,318,1,1,1
1302,5,1405,223,101,317,1,1,1
1303,5,1404,223,99,317,1,1,1
1304,5,1404,223,96,317,1,1,1
1305,5,1403,223,93,316,1,1,1
1306,5,1402,223,90,315,1,1,1
1326,5,1382,221,83,314,1,1,1
1327,5,1383,220,85,315,1,1,1
1328,5,1384,220,87,315,1,1,1
1329,5,1385,219,89,316,1,1,1
1330,5,1386,219,91,316,1,1,1
1331,5,1387,218,93,317,1,1,1
1332,5,1389,217,93,317,1,1,1
1333,5,1391,216,94,316,1,1,1
1334,5,1393,216,94,315,1,1,1
1335,5,1395,215,94,314,1,1,1
1336,5,1396,214,95,313,1,1,1
1337,5,1399,214,94,314,1,1,1
1338,5,1401,213,93,316,1,1,1
1339,5,1404,213,91,316,1,1,1
1340,5,1406,212,90,318,1,1,1
1341,5,1408,211,88,319,1,1,1
1342,5,1410,211,90,320,1,1,1
1343,5,1412,210,91,321,1,1,1
1344,5,1415,210,91,321,1,1,1
1345,5,1417,209,92,323,1,1,1
1346,5,1418,208,93,323,1,1,1
1347,5,1421,208,94,324,1,1,1
1348,5,1423,208,94,325,1,1,1
1349,5,1425,208,94,325,1,1,1
1350,5,1428,208,93,326,1,1,1
1351,5,1429,207,93,327,1,1,1
1352,5,1433,206,94,328,1,1,1
1353,5,1436,205,95,329,1,1,1
1354,5,1439,204,96,329,1,1,1
1355,5,1442,203,97,330,1,1,1
1356,5,1444,201,97,330,1,1,1
1357,5,1447,202,99,331,1,1,1
1358,5,1449,202,100,331,1,1,1
1359,5,1452,202,100,332,1,1,1
1360,5,1454,202,101,333,1,1,1
1361,5,1456,202,102,332,1,1,1
1362,5,1455,203,105,332,1,1,1
1363,5,1455,203,107,332,1,1,1
1364,5,1454,203,110,332,1,1,1
1365,5,1453,203,113,333,1,1,1
1366,5,1452,203,115,332,1,1,1
1367,5,1456,204,113,333,1,1,1
1368,5,1459,204,112,333,1,1,1
1369,5,1462,204,111,334,1,1,1
1370,5,1465,204,109,335,1,1,1
1371,5,1468,204,108,336,1,1,1
1372,5,1467,204,108,338,1,1,1
1373,5,1466,204,108,339,1,1,1
1374,5,1464,204,108,341,1,1,1
1375,5,1463,204,108,342,1,1,1
1376,5,1462,204,108,344,1,1,1
1377,5,1463,206,106,342,1,1,1
1378,5,1464,207,105,340,1,1,1
1379,5,1465,209,103,338,1,1,1
1380,5,1466,211,101,335,1,1,1
1381,5,1467,212,99,333,1,1,1
1382,5,1467,213,99,334,1,1,1
1383,5,1466,213,99,334,1,1,1
1384,5,1466,213,99,335,1,1,1
1385,5,1465,213,99,336,1,1,1
1386,5,1464,213,99,335,1,1,1
1387,5,1464,214,100,336,1,1,1
1388,5,1464,214,100,336,1,1,1
1389,5,1464,214,100,336,1,1,1
1390,5,1464,214,100,337,1,1,1
1391,5,1463,213,100,337,1,1,1
1392,5,1464,215,100,336,1,1,1
1393,5,1464,216,100,334,1,1,1
1394,5,1464,217,101,333,1,1,1
1395,5,1464,218,101,332,1,1,1
1396,5,1463,219,100,329,1,1,1
1397,5,1464,218,101,332,1,1,1
1398,5,1464,217,102,334,1,1,1
1399,5,1464,217,103,335,1,1,1
1400,5,1464,216,104,337,1,1,1
1401,5,1464,214,104,339,1,1,1
1402,5,1465,215,104,339,1,1,1
1403,5,1465,216,103,337,1,1,1
1404,5,1465,217,103,336,1,1,1
1405,5,1466,218,102,334,1,1,1
1406,5,1465,218,101,333,1,1,1
1407,5,1465,218,101,333,1,1,1
1408,5,1464,217,100,333,1,1,1
1409,5,1462,216,100,334,1,1,1
1410,5,1461,215,99,334,1,1,1
1411,5,1460,213,98,334,1,1,1
1412,5,1459,212,97,335,1,1,1
1413,5,1458,210,95,336,1,1,1
1414,5,1457,209,94,337,1,1,1
1415,5,1456,207,92,338,1,1,1
1416,5,1455,205,90,338,1,1,1
1431,5,1473,202,95,330,1,1,1
1432,5,1474,202,95,331,1,1,1
1433,5,1473,202,96,330,1,1,1
1434,5,1473,202,96,330,1,1,1
1435,5,1473,201,96,330,1,1,1
1436,5,1472,201,96,329,1,1,1
1437,5,1472,201,96,331,1,1,1
1438,5,1471,201,96,333,1,1,1
1439,5,1470,201,96,334,1,1,1
1440,5,1469,201,96,335,1,1,1
1441,5,1467,201,95,336,1,1,1
1442,5,1465,201,97,337,1,1,1
1443,5,1463,201,98,337,1,1,1
1444,5,1461,200,98,338,1,1,1
1445,5,1458,200,99,338,1,1,1
1446,5,1455,200,100,338,1,1,1
1447,5,1453,200,102,338,1,1,1
1448,5,1451,200,103,339,1,1,1
1449,5,1448,200,105,339,1,1,1
1450,5,1446,200,106,339,1,1,1
1451,5,1443,200,107,339,1,1,1
1452,5,1442,200,107,340,1,1,1
1453,5,1440,201,108,339,1,1,1
1454,5,1439,201,107,339,1,1,1
1455,5,1438,202,106,339,1,1,1
1456,5,1436,202,105,338,1,1,1
1457,5,1435,203,106,338,1,1,1
1458,5,1433,203,106,339,1,1,1
1459,5,1432,203,106,339,1,1,1
1460,5,1430,204,107,338,1,1,1
1461,5,1429,204,106,338,1,1,1
1462,5,1429,205,107,338,1,1,1
1463,5,1430,205,106,339,1,1,1
1464,5,1430,206,106,338,1,1,1
1465,5,1431,207,105,338,1,1,1
1466,5,1431,207,105,337,1,1,1
1467,5,1431,209,106,337,1,1,1
1468,5,1430,210,108,337,1,1,1
1469,5,1430,211,109,337,1,1,1
1470,5,1429,213,110,335,1,1,1
1471,5,1429,214,111,335,1,1,1
1472,5,1426,215,113,333,1,1,1
1473,5,1424,216,114,331,1,1,1
1474,5,1421,217,116,329,1,1,1
1475,5,1418,218,118,327,1,1,1
1476,5,1415,218,120,325,1,1,1
1477,5,1413,221,121,324,1,1,1
1478,5,1412,223,120,323,1,1,1
1479,5,1410,225,121,322,1,1,1
1480,5,1408,227,121,321,1,1,1
1481,5,1405,228,121,320,1,1,1
1482,5,1406,231,118,320,1,1,1
1483,5,1406,233,115,320,1,1,1
1484,5,1407,235,111,320,1,1,1
1485,5,1407,238,108,319,1,1,1
1486,5,1407,239,105,319,1,1,1
1487,5,1410,242,99,319,1,1,1
1488,5,1412,243,94,319,1,1,1
1489,5,1414,245,89,319,1,1,1
1490,5,1417,247,83,318,1,1,1
1491,5,1419,248,77,318,1,1,1
1492,5,1417,250,78,318,1,1,1
1493,5,1414,252,79,317,1,1,1
1494,5,1412,255,79,316,1,1,1
1495,5,1409,257,80,315,1,1,1
1496,5,1406,258,80,314,1,1,1
1497,5,1406,260,78,314,1,1,1
1498,5,1406,262,75,313,1,1,1
1499,5,1406,263,72,312,1,1,1
1500,5,1405,265,70,311,1,1,1
1002,6,1873,256,85,223,1,1,1
1003,6,1873,256,86,223,1,1,1
1004,6,1873,256,86,223,1,1,1
1005,6,1873,256,87,223,1,1,1
1006,6,1872,256,87,222,1,1,1
1007,6,1877,257,87,222,1,1,1
1008,6,1881,257,87,222,1,1,1
1009,6,1884,258,87,221,1,1,1
1010,6,1888,258,86,221,1,1,1
1011,6,1891,258,86,220,1,1,1
1012,6,1896,258,87,221,1,1,1
1013,6,1900,257,87,222,1,1,1
1014,6,1904,256,88,223,1,1,1
1015,6,1908,255,89,224,1,1,1
1016,6,1912,253,88,225,1,1,1
1017,6,1917,254,89,225,1,1,1
1018,6,1921,253,89,226,1,1,1
1019,6,1926,253,88,226,1,1,1
1020,6,1930,253,88,226,1,1,1
1021,6,1934,253,87,225,1,1,1
1022,6,1938,253,87,225,1,1,1
1023,6,1942,253,85,225,1,1,1
1024,6,1945,254,85,223,1,1,1
1025,6,1949,254,84,223,1,1,1
1026,6,1952,254,83,221,1,1,1
1061,6,1967,248,89,228,1,1,1
1062,6,1965,249,90,228,1,1,1
1063,6,1963,249,90,228,1,1,1
1064,6,1961,249,90,227,1,1,1
1065,6,1959,250,90,226,1,1,1
1066,6,1957,250,90,225,1,1,1
1067,6,1957,250,86,226,1,1,1
1068,6,1957,251,82,226,1,1,1
1069,6,1956,251,79,226,1,1,1
1070,6,1956,252,74,226,1,1,1
1071,6,1956,252,70,226,1,1,1
1072,6,1953,252,74,226,1,1,1
1073,6,1950,252,78,226,1,1,1
1074,6,1947,252,81,226,1,1,1
1075,6,1944,252,85,226,1,1,1
1076,6,1940,251,89,226,1,1,1
1077,6,1939,252,90,226,1,1,1
1078,6,1938,252,89,226,1,1,1
1079,6,1936,252,90,226,1,1,1
1080,6,1934,252,91,226,1,1,1
1081,6,1932,251,90,226,1,1,1
1082,6,1931,251,91,227,1,1,1
1083,6,1930,251,90,227,1,1,1
1084,6,1929,251,89,227,1,1,1
1085,6,1928,250,88,228,1,1,1
1086,6,1927,250,87,227,1,1,1
1087,6,1926,251,88,227,1,1,1
1088,6,1925,251,89,227,1,1,1
1089,6,1924,252,89,227,1,1,1
1090,6,1923,252,90,227,1,1,1
1091,6,1921,252,90,226,1,1,1
1092,6,1920,253,91,226,1,1,1
1093,6,1919,253,90,226,1,1,1
1094,6,1917,253,90,226,1,1,1
1095,6,1916,254,89,225,1,1,1
1096,6,1914,253,88,225,1,1,1
1097,6,1913,254,88,225,1,1,1
1098,6,1911,254,88,225,1,1,1
1099,6,1909,254,88,224,1,1,1
1100,6,1908,255,88,223,1,1,1
1101,6,1905,254,88,222,1,1,1
1102,6,1904,255,88,223,1,1,1
1103,6,1902,254,89,225,1,1,1
1104,6,1901,254,88,225,1,1,1
1105,6,1899,254,88,226,1,1,1
1106,6,1896,253,88,226,1,1,1
1107,6,1895,254,88,226,1,1,1
1108,6,1894,254,87,226,1,1,1
1109,6,1892,254,87,225,1,1,1
1110,6,1890,254,87,225,1,1,1
1111,6,1888,254,86,224,1,1,1
1112,6,1886,255,87,224,1,1,1
1113,6,1884,256,87,224,1,1,1
1114,6,1882,257,87,223,1,1,1
1115,6,1880,258,87,223,1,1,1
1116,6,1877,258,86,222,1,1,1
1117,6,1876,259,87,222,1,1,1
1118,6,1874,259,87,222,1,1,1
1119,6,1872,259,87,222,1,1,1
1120,6,1870,258,87,222,1,1,1
1121,6,1867,258,87,221,1,1,1
1122,6,1865,258,88,222,1,1,1
1123,6,1863,258,88,222,1,1,1
1124,6,1861,258,87,222,1,1,1
1125,6,1859,259,87,221,1,1,1
1126,6,1857,258,86,221,1,1,1
1127,6,1856,258,86,222,1,1,1
1128,6,1854,258,86,222,1,1,1
1129,6,1853,258,85,222,1,1,1
1130,6,1851,258,85,222,1,1,1
1131,6,1849,258,84,222,1,1,1
1132,6,1846,258,86,222,1,1,1
1133,6,1844,257,86,223,1,1,1
1134,6,1841,257,87,223,1,1,1
1135,6,1838,257,88,223,1,1,1
1136,6,1834,256,89,223,1,1,1
1137,6,1833,257,89,223,1,1,1
1138,6,1831,257,89,224,1,1,1
1139,6,1829,258,89,223,1,1,1
1140,6,1828,258,88,224,1,1,1
1141,6,1825,258,88,223,1,1,1
1142,6,1825,259,87,223,1,1,1
1143,6,1824,259,87,222,1,1,1
1144,6,1824,258,85,223,1,1,1
1145,6,1823,258,84,222,1,1,1
1146,6,1822,258,83,222,1,1,1
1147,6,1821,258,82,221,1,1,1
1148,6,1820,259,82,220,1,1,1
1149,6,1819,259,81,219,1,1,1
1150,6,1818,260,81,218,1,1,1
1151,6,1816,260,80,216,1,1,1
1152,6,1816,260,80,217,1,1,1
1153,6,1815,259,79,217,1,1,1
1154,6,1814,259,79,217,1,1,1
1155,6,1812,258,80,217,1,1,1
1156,6,1811,257,79,217,1,1,1
1157,6,1811,257,79,218,1,1,1
1158,6,1811,257,78,218,1,1,1
1159,6,1810,257,78,218,1,1,1
1160,6,1810,256,77,218,1,1,1
1161,6,1809,256,77,218,1,1,1
1162,6,1808,256,77,218,1,1,1
1163,6,1807,256,77,218,1,1,1
1164,6,1806,256,77,218,1,1,1
1165,6,1806,256,76,217,1,1,1
1166,6,1804,256,75,216,1,1,1
1167,6,1804,256,77,217,1,1,1
1168,6,1804,256,78,216,1,1,1
1169,6,1804,256,78,216,1,1,1
1170,6,1804,255,79,216,1,1,1
1171,6,1803,255,80,215,1,1,1
1172,6,1804,254,81,217,1,1,1
1173,6,1805,253,82,218,1,1,1
1174,6,1806,252,83,219,1,1,1
1175,6,1807,251,84,220,1,1,1
1176,6,1808,250,84,220,1,1,1
1177,6,1812,249,85,221,1,1,1
1178,6,1816,247,85,222,1,1,1
1179,6,1819,246,86,222,1,1,1
1180,6,1823,244,86,222,1,1,1
1181,6,1826,243,86,222,1,1,1
1182,6,1832,243,85,222,1,1,1
1183,6,1837,244,85,222,1,1,1
1184,6,1842,244,85,222,1,1,1
1185,6,1847,244,85,222,1,1,1
1186,6,1852,244,84,221,1,1,1
1187,6,1857,243,84,222,1,1,1
1188,6,1862,243,83,221,1,1,1
1189,6,1866,242,82,221,1,1,1
1190,6,1871,241,81,221,1,1,1
1191,6,1875,240,81,219,1,1,1
1192,6,1879,240,82,221,1,1,1
1193,6,1882,239,83,223,1,1,1
1194,6,1886,238,83,224,1,1,1
1195,6,1890,237,84,226,1,1,1
1196,6,1893,236,85,226,1,1,1
1197,6,1896,236,86,227,1,1,1
1198,6,1900,236,86,227,1,1,1
1199,6,1903,235,87,227,1,1,1
1200,6,1906,234,88,228,1,1,1
1201,6,1908,233,89,227,1,1,1
1202,6,1911,234,89,227,1,1,1
1203,6,1913,233,89,228,1,1,1
1204,6,1915,233,88,227,1,1,1
1205,6,1917,233,88,227,1,1,1
1206,6,1918,232,87,227,1,1,1
1207,6,1920,233,88,227,1,1,1
1208,6,1922,233,88,228,1,1,1
1209,6,1923,233,89,228,1,1,1
1210,6,1925,234,89,228,1,1,1
1211,6,1926,233,89,228,1,1,1
1212,6,1927,234,89,229,1,1,1
1213,6,1926,234,90,230,1,1,1
1214,6,1926,234,90,231,1,1,1
1215,6,1926,235,90,231,1,1,1
1216,6,1925,234,90,232,1,1,1
1217,6,1927,236,89,232,1,1,1
1218,6,1928,238,89,230,1,1,1
1219,6,1929,240,88,229,1,1,1
1220,6,1929,241,88,228,1,1,1
1221,6,1930,242,87,226,1,1,1
1222,6,1930,244,88,227,1,1,1
1223,6,1930,244,88,228,1,1,1
1224,6,1930,245,88,227,1,1,1
1225,6,1930,246,88,227,1,1,1
1226,6,1929,246,88,227,1,1,1
1227,6,1930,248,88,227,1,1,1
1228,6,1930,249,88,227,1,1,1
1229,6,1929,250,89,227,1,1,1
1230,6,1929,251,89,227,1,1,1
1231,6,1929,252,88,225,1,1,1
1232,6,1929,252,88,226,1,1,1
1233,6,1929,252,87,225,1,1,1
1234,6,1929,252,87,225,1,1,1
1235,6,1928,252,87,224,1,1,1
1236,6,1928,251,86,223,1,1,1
1237,6,1927,252,87,224,1,1,1
1238,6,1926,251,87,225,1,1,1
1239,6,1924,251,89,225,1,1,1
1240,6,1923,251,89,225,1,1,1
1241,6,1921,250,89,225,1,1,1
1242,6,1921,250,89,226,1,1,1
1243,6,1920,250,89,225,1,1,1
1244,6,1920,250,88,225,1,1,1
1245,6,1919,250,88,225,1,1,1
1246,6,1917,249,87,225,1,1,1
1247,6,1917,251,87,225,1,1,1
1248,6,1916,253,86,223,1,1,1
1249,6,1915,255,85,222,1,1,1
1250,6,1914,257,84,221,1,1,1
1251,6,1913,259,82,219,1,1,1
1252,6,1912,259,83,219,1,1,1
1253,6,1911,259,83,220,1,1,1
1254,6,1910,259,83,220,1,1,1
1255,6,1909,259,84,220,1,1,1
1256,6,1908,259,83,219,1,1,1
1257,6,1906,259,85,221,1,1,1
1258,6,1903,259,87,222,1,1,1
1259,6,1900,259,90,223,1,1,1
1260,6,1898,259,91,223,1,1,1
1261,6,1895,258,93,225,1,1,1
1262,6,1894,258,90,224,1,1,1
1263,6,1892,257,87,224,1,1,1
1264,6,1891,256,84,224,1,1,1
1265,6,1889,256,81,223,1,1,1
1266,6,1887,255,78,222,1,1,1
1281,6,1866,258,78,222,1,1,1
1282,6,1867,259,77,222,1,1,1
1283,6,1868,260,75,222,1,1,1
1284,6,1868,261,74,222,1,1,1
1285,6,1869,262,72,222,1,1,1
1286,6,1869,263,71,222,1,1,1
1287,6,1869,263,74,223,1,1,1
1288,6,1870,264,77,223,1,1,1
1289,6,1870,264,80,224,1,1,1
1290,6,1870,265,83,224,1,1,1
1291,6,1870,265,85,225,1,1,1
1292,6,1872,266,86,224,1,1,1
1293,6,1873,267,87,224,1,1,1
1294,6,1874,269,88,222,1,1,1
1295,6,1875,270,89,221,1,1,1
1296,6,1875,270,90,220,1,1,1
1297,6,1875,271,90,220,1,1,1
1298,6,1875,271,89,219,1,1,1
1299,6,1874,271,88,219,1,1,1
1300,6,1874,271,87,218,1,1,1
1301,6,1873,270,86,218,1,1,1
1302,6,1872,271,86,218,1,1,1
1303,6,1871,271,86,219,1,1,1
1304,6,1869,270,87,221,1,1,1
1305,6,1868,270,87,221,1,1,1
1306,6,1866,270,86,221,1,1,1
1307,6,1866,270,86,222,1,1,1
1308,6,1865,270,85,223,1,1,1
1309,6,1864,269,85,224,1,1,1
1310,6,1863,269,84,224,1,1,1
1311,6,1862,268,83,225,1,1,1
1312,6,1861,268,85,225,1,1,1
1313,6,1859,267,87,225,1,1,1
1314,6,1858,266,88,225,1,1,1
1315,6,1856,265,90,225,1,1,1
1316,6,1854,264,91,225,1,1,1
1317,6,1853,266,92,224,1,1,1
1318,6,1853,267,91,223,1,1,1
1319,6,1852,268,91,223,1,1,1
1320,6,1851,270,90,221,1,1,1
1321,6,1850,270,90,220,1,1,1
1322,6,1850,271,88,220,1,1,1
1323,6,1849,271,86,220,1,1,1
1324,6,1849,270,83,220,1,1,1
1325,6,1848,270,82,220,1,1,1
1326,6,1847,270,79,219,1,1,1
1351,6,1906,245,93,227,1,1,1
1352,6,1910,245,93,227,1,1,1
1353,6,1913,244,93,227,1,1,1
1354,6,1916,243,93,227,1,1,1
1355,6,1920,243,91,227,1,1,1
1356,6,1922,241,90,227,1,1,1
1357,6,1926,242,90,227,1,1,1
1358,6,1928,242,90,227,1,1,1
1359,6,1931,242,89,227,1,1,1
1360,6,1933,242,89,227,1,1,1
1361,6,1935,241,87,227,1,1,1
1362,6,1937,243,89,228,1,1,1
1363,6,1939,244,89,228,1,1,1
1364,6,1940,245,90,228,1,1,1
1365,6,1941,246,91,228,1,1,1
1366,6,1942,246,91,228,1,1,1
1367,6,1944,246,90,229,1,1,1
1368,6,1946,246,88,229,1,1,1
1369,6,1947,246,87,228,1,1,1
1370,6,1949,246,85,228,1,1,1
1371,6,1950,246,84,228,1,1,1
1372,6,1951,247,84,228,1,1,1
1373,6,1952,248,84,228,1,1,1
1374,6,1954,250,84,226,1,1,1
1375,6,1955,251,84,226,1,1,1
1376,6,1956,252,84,226,1,1,1
1377,6,1956,253,85,226,1,1,1
1378,6,1956,253,86,226,1,1,1
1379,6,1956,254,86,226,1,1,1
1380,6,1955,254,88,227,1,1,1
1381,6,1955,254,88,226,1,1,1
1382,6,1955,255,89,226,1,1,1
1383,6,1956,254,88,227,1,1,1
1384,6,1956,254,88,227,1,1,1
1385,6,1956,254,89,227,1,1,1
1386,6,1956,253,88,227,1,1,1
1387,6,1957,254,88,228,1,1,1
1388,6,1957,255,89,227,1,1,1
1389,6,1957,256,89,226,1,1,1
1390,6,1958,257,89,226,1,1,1
1391,6,1958,257,88,226,1,1,1
1392,6,1959,258,88,226,1,1,1
1393,6,1959,259,89,226,1,1,1
1394,6,1959,259,89,227,1,1,1
1395,6,1959,260,89,227,1,1,1
1396,6,1959,260,88,227,1,1,1
1397,6,1959,260,89,228,1,1,1
1398,6,1959,259,89,228,1,1,1
1399,6,1959,258,89,229,1,1,1
1400,6,1959,257,89,229,1,1,1
1401,6,1958,256,89,229,1,1,1
1402,6,1959,256,89,229,1,1,1
1403,6,1959,256,90,229,1,1,1
1404,6,1959,256,90,228,1,1,1
1405,6,1960,256,90,228,1,1,1
1406,6,1960,256,89,226,1,1,1
1407,6,1959,256,90,226,1,1,1
1408,6,1959,255,88,226,1,1,1
1409,6,1958,254,88,226,1,1,1
1410,6,1957,254,87,225,1,1,1
1411,6,1956,253,86,225,1,1,1
1412,6,1955,251,87,226,1,1,1
1413,6,1955,250,87,226,1,1,1
1414,6,1954,248,88,227,1,1,1
1415,6,1953,246,89,228,1,1,1
1416,6,1952,244,89,228,1,1,1
1417,6,1952,244,90,229,1,1,1
1418,6,1952,244,90,229,1,1,1
1419,6,1952,244,90,229,1,1,1
1420,6,1952,243,90,229,1,1,1
1421,6,1951,243,90,229,1,1,1
1422,6,1952,244,89,229,1,1,1
1423,6,1953,245,88,228,1,1,1
1424,6,1954,246,86,228,1,1,1
1425,6,1955,247,85,227,1,1,1
1426,6,1955,247,83,227,1,1,1
1427,6,1956,246,83,227,1,1,1
1428,6,1956,244,83,228,1,1,1
1429,6,1957,242,81,228,1,1,1
1430,6,1957,240,81,228,1,1,1
1431,6,1956,237,80,229,1,1,1
1432,6,1958,237,81,229,1,1,1
1433,6,1958,237,82,228,1,1,1
1434,6,1959,236,82,229,1,1,1
1435,6,1960,236,82,228,1,1,1
1436,6,1960,235,82,228,1,1,1
1437,6,1959,236,83,228,1,1,1
1438,6,1958,236,83,228,1,1,1
1439,6,1957,236,83,228,1,1,1
1440,6,1955,236,84,228,1,1,1
1441,6,1954,236,83,228,1,1,1
1442,6,1953,237,82,228,1,1,1
1443,6,1952,238,81,227,1,1,1
1444,6,1950,238,80,227,1,1,1
1445,6,1949,239,79,226,1,1,1
1446,6,1947,239,77,226,1,1,1
1447,6,1946,239,79,227,1,1,1
1448,6,1944,239,81,228,1,1,1
1449,6,1942,240,83,227,1,1,1
1450,6,1940,240,85,228,1,1,1
1451,6,1938,239,86,228,1,1,1
1452,6,1937,240,87,229,1,1,1
1453,6,1935,240,87,229,1,1,1
1454,6,1933,241,88,228,1,1,1
1455,6,1931,241,88,229,1,1,1
1456,6,1929,241,88,229,1,1,1
1457,6,1928,242,88,228,1,1,1
1458,6,1926,242,88,228,1,1,1
1459,6,1925,243,87,228,1,1,1
1460,6,1924,244,87,227,1,1,1
1461,6,1922,244,86,226,1,1,1
1462,6,1921,245,86,226,1,1,1
1463,6,1920,245,85,227,1,1,1
1464,6,1918,246,85,226,1,1,1
1465,6,1917,246,84,227,1,1,1
1466,6,1915,246,83,226,1,1,1
1467,6,1914,247,84,227,1,1,1
1468,6,1913,248,84,227,1,1,1
1469,6,1912,249,84,227,1,1,1
1470,6,1911,249,84,228,1,1,1
1471,6,1909,250,83,227,1,1,1
1472,6,1908,251,84,227,1,1,1
1473,6,1907,253,84,226,1,1,1
1474,6,1906,254,84,226,1,1,1
1475,6,1904,255,84,226,1,1,1
1476,6,1902,256,84,225,1,1,1
1477,6,1901,258,84,225,1,1,1
1478,6,1900,259,84,225,1,1,1
1479,6,1899,261,83,224,1,1,1
1480,6,1897,262,83,224,1,1,1
1481,6,1895,263,82,223,1,1,1
1482,6,1895,265,82,223,1,1,1
1483,6,1894,267,81,222,1,1,1
1484,6,1893,268,81,222,1,1,1
1485,6,1892,270,80,221,1,1,1
1486,6,1890,271,80,220,1,1,1
1487,6,1889,273,80,221,1,1,1
1488,6,1888,274,79,221,1,1,1
1489,6,1887,275,79,222,1,1,1
1490,6,1886,277,78,221,1,1,1
1491,6,1884,277,77,221,1,1,1
1492,6,1883,279,79,221,1,1,1
1493,6,1882,280,79,221,1,1,1
1494,6,1881,282,79,220,1,1,1
1495,6,1880,283,79,219,1,1,1
1496,6,1878,284,80,219,1,1,1
1497,6,1878,285,81,220,1,1,1
1498,6,1878,287,81,220,1,1,1
1499,6,1878,288,80,221,1,1,1
1500,6,1878,289,80,222,1,1,1
1426,7,873,236,63,193,1,1,1
1002,9,792,212,71,197,1,1,1
1003,9,792,212,71,196,1,1,1
1004,9,792,212,71,196,1,1,1
1005,9,792,212,71,196,1,1,1
1006,9,792,212,70,195,1,1,1
1007,9,796,213,71,196,1,1,1
1008,9,800,213,70,196,1,1,1
1009,9,804,213,68,197,1,1,1
1010,9,807,214,68,196,1,1,1
1011,9,811,213,67,197,1,1,1
1012,9,816,215,67,197,1,1,1
1013,9,820,216,68,196,1,1,1
1014,9,825,216,67,197,1,1,1
1015,9,829,217,68,196,1,1,1
1016,9,833,217,67,195,1,1,1
1017,9,838,219,67,195,1,1,1
1018,9,842,219,67,196,1,1,1
1019,9,846,220,67,195,1,1,1
1020,9,850,221,66,195,1,1,1
1021,9,853,221,66,195,1,1,1
1022,9,857,223,67,193,1,1,1
1023,9,861,224,66,192,1,1,1
1024,9,864,225,67,192,1,1,1
1025,9,867,227,68,190,1,1,1
1026,9,870,228,67,188,1,1,1
1027,9,874,228,67,189,1,1,1
1028,9,876,228,67,190,1,1,1
1029,9,879,228,66,191,1,1,1
1030,9,882,228,66,192,1,1,1
1031,9,884,227,65,192,1,1,1
1032,9,885,228,66,192,1,1,1
1033,9,886,228,67,192,1,1,1
1034,9,887,228,67,193,1,1,1
1035,9,888,229,67,192,1,1,1
1036,9,888,229,67,191,1,1,1
1037,9,889,230,68,190,1,1,1
1038,9,890,230,67,190,1,1,1
1039,9,891,230,66,189,1,1,1
1040,9,892,231,66,187,1,1,1
1041,9,892,231,65,186,1,1,1
1042,9,892,231,66,187,1,1,1
1043,9,892,231,65,188,1,1,1
1044,9,892,230,65,189,1,1,1
1045,9,892,230,64,190,1,1,1
1046,9,891,229,64,190,1,1,1
1047,9,890,230,65,191,1,1,1
1048,9,889,231,65,190,1,1,1
1049,9,888,231,66,191,1,1,1
1050,9,886,231,67,191,1,1,1
1051,9,885,231,67,191,1,1,1
1052,9,886,232,67,191,1,1,1
1053,9,886,232,67,192,1,1,1
1054,9,887,233,66,191,1,1,1
1055,9,887,233,67,192,1,1,1
1056,9,888,233,66,191,1,1,1
1057,9,887,233,66,192,1,1,1
1058,9,886,233,67,192,1,1,1
1059,9,886,233,66,191,1,1,1
1060,9,885,233,66,191,1,1,1
1061,9,883,232,66,191,1,1,1
1062,9,882,233,66,191,1,1,1
1063,9,880,232,67,192,1,1,1
1064,9,878,232,67,192,1,1,1
1065,9,876,232,68,191,1,1,1
1066,9,874,231,67,191,1,1,1
1067,9,873,230,68,193,1,1,1
1068,9,872,229,67,195,1,1,1
1069,9,871,227,66,197,1,1,1
1070,9,869,226,67,198,1,1,1
1071,9,868,224,66,200,1,1,1
1072,9,866,225,66,198,1,1,1
1073,9,864,225,67,197,1,1,1
1074,9,862,226,67,195,1,1,1
1075,9,860,227,68,193,1,1,1
1076,9,858,227,67,192,1,1,1
1077,9,857,227,68,192,1,1,1
1078,9,857,227,67,192,1,1,1
1079,9,856,227,66,192,1,1,1
1080,9,856,226,65,193,1,1,1
1081,9,854,226,65,192,1,1,1
1096,9,831,220,62,198,1,1,1
1097,9,830,221,63,198,1,1,1
1098,9,829,221,63,198,1,1,1
1099,9,827,222,64,197,1,1,1
1100,9,826,222,65,197,1,1,1
1101,9,824,222,65,196,1,1,1
1102,9,823,223,66,196,1,1,1
1103,9,821,223,66,196,1,1,1
1104,9,820,223,66,196,1,1,1
1105,9,818,223,67,195,1,1,1
1106,9,816,223,67,195,1,1,1
1107,9,815,223,67,195,1,1,1
1108,9,812,223,68,196,1,1,1
1109,9,810,223,68,196,1,1,1
1110,9,808,223,68,196,1,1,1
1111,9,806,223,68,195,1,1,1
1112,9,804,223,69,196,1,1,1
1113,9,802,223,69,196,1,1,1
1114,9,800,223,69,196,1,1,1
1115,9,797,223,70,196,1,1,1
1116,9,795,222,70,196,1,1,1
1117,9,793,222,70,197,1,1,1
1118,9,791,222,70,197,1,1,1
1119,9,790,222,69,197,1,1,1
1120,9,788,222,69,198,1,1,1
1121,9,785,221,69,198,1,1,1
1122,9,783,222,70,198,1,1,1
1123,9,780,223,71,198,1,1,1
1124,9,778,223,71,198,1,1,1
1125,9,775,224,71,197,1,1,1
1126,9,772,224,71,197,1,1,1
1127,9,770,224,72,198,1,1,1
1128,9,768,223,72,199,1,1,1
1129,9,766,223,72,198,1,1,1
1130,9,764,222,71,199,1,1,1
1131,9,761,221,71,199,1,1,1
1132,9,759,222,72,199,1,1,1
1133,9,757,222,72,199,1,1,1
1134,9,755,223,72,198,1,1,1
1135,9,753,223,71,198,1,1,1
1136,9,750,223,71,198,1,1,1
1137,9,749,223,72,198,1,1,1
1138,9,748,223,72,198,1,1,1
1139,9,746,223,73,198,1,1,1
1140,9,744,223,73,198,1,1,1
1141,9,742,222,73,199,1,1,1
1142,9,741,222,73,199,1,1,1
1143,9,740,222,72,199,1,1,1
1144,9,738,222,71,199,1,1,1
1145,9,737,221,70,200,1,1,1
1146,9,735,221,70,200,1,1,1
1147,9,734,221,70,199,1,1,1
1148,9,733,221,70,198,1,1,1
1149,9,732,221,70,197,1,1,1
1150,9,731,221,70,197,1,1,1
1151,9,730,221,69,195,1,1,1
1152,9,729,220,70,196,1,1,1
1153,9,728,219,70,197,1,1,1
1154,9,726,219,71,197,1,1,1
1155,9,724,218,73,198,1,1,1
1156,9,722,216,72,198,1,1,1
1157,9,722,217,72,198,1,1,1
1158,9,721,217,72,198,1,1,1
1159,9,720,217,71,197,1,1,1
1160,9,719,217,70,197,1,1,1
1161,9,718,217,69,196,1,1,1
1162,9,718,217,69,197,1,1,1
1163,9,717,216,69,198,1,1,1
1164,9,717,215,69,199,1,1,1
1165,9,716,215,69,200,1,1,1
1166,9,715,213,68,200,1,1,1
1167,9,715,214,69,200,1,1,1
1168,9,715,215,69,198,1,1,1
1169,9,714,215,70,198,1,1,1
1170,9,714,215,70,197,1,1,1
1171,9,713,215,70,195,1,1,1
1172,9,714,214,71,197,1,1,1
1173,9,715,213,71,198,1,1,1
1174,9,716,211,71,200,1,1,1
1175,9,717,210,71,201,1,1,1
1176,9,718,208,70,202,1,1,1
1177,9,722,209,72,202,1,1,1
1178,9,727,209,71,202,1,1,1
1179,9,731,210,72,201,1,1,1
1180,9,735,210,73,201,1,1,1
1181,9,739,210,72,201,1,1,1
1182,9,744,211,72,200,1,1,1
1183,9,749,211,71,200,1,1,1
1184,9,753,212,71,199,1,1,1
1185,9,758,212,70,199,1,1,1
1186,9,762,212,70,198,1,1,1
1187,9,767,213,70,198,1,1,1
1188,9,772,213,70,198,1,1,1
1189,9,777,213,70,198,1,1,1
1190,9,782,213,70,198,1,1,1
1191,9,786,213,70,196,1,1,1
1192,9,791,214,70,197,1,1,1
1193,9,795,215,69,196,1,1,1
1194,9,800,215,68,197,1,1,1
1195,9,804,215,67,197,1,1,1
1196,9,808,215,66,196,1,1,1
1197,9,810,216,69,197,1,1,1
1198,9,813,216,69,198,1,1,1
1199,9,815,217,71,197,1,1,1
1200,9,817,217,72,198,1,1,1
1201,9,819,217,74,198,1,1,1
1202,9,822,218,73,197,1,1,1
1203,9,825,219,72,197,1,1,1
1204,9,829,219,70,197,1,1,1
1205,9,832,220,69,197,1,1,1
1206,9,835,221,68,196,1,1,1
1207,9,836,222,68,195,1,1,1
1208,9,836,222,69,196,1,1,1
1209,9,837,223,70,195,1,1,1
1210,9,837,223,71,195,1,1,1
1211,9,837,224,71,194,1,1,1
1212,9,838,225,71,194,1,1,1
1213,9,839,227,70,193,1,1,1
1214,9,840,228,69,193,1,1,1
1215,9,841,229,69,193,1,1,1
1216,9,841,230,67,191,1,1,1
1217,9,842,230,68,193,1,1,1
1218,9,842,230,69,194,1,1,1
1219,9,842,230,69,195,1,1,1
1220,9,842,230,70,196,1,1,1
1221,9,841,229,70,197,1,1,1
1222,9,843,230,70,197,1,1,1
1223,9,844,231,69,197,1,1,1
1224,9,845,232,68,196,1,1,1
1225,9,846,233,68,196,1,1,1
1226,9,846,234,67,195,1,1,1
1227,9,847,235,66,195,1,1,1
1228,9,846,236,67,194,1,1,1
1229,9,846,236,66,194,1,1,1
1230,9,846,237,65,194,1,1,1
1231,9,846,237,64,193,1,1,1
1232,9,846,237,64,193,1,1,1
1233,9,845,237,64,193,1,1,1
1234,9,845,237,64,193,1,1,1
1235,9,845,237,63,192,1,1,1
1236,9,844,237,62,191,1,1,1
1237,9,843,237,63,192,1,1,1
1238,9,842,236,63,193,1,1,1
1239,9,841,235,63,194,1,1,1
1240,9,839,235,63,194,1,1,1
1241,9,838,233,63,194,1,1,1
1242,9,837,234,64,194,1,1,1
1243,9,837,234,63,194,1,1,1
1244,9,836,234,64,193,1,1,1
1245,9,835,233,65,194,1,1,1
1246,9,834,233,64,192,1,1,1
1247,9,835,233,64,193,1,1,1
1248,9,835,233,64,193,1,1,1
1249,9,835,233,64,193,1,1,1
1250,9,835,233,64,192,1,1,1
1251,9,835,232,63,192,1,1,1
1276,9,793,226,71,198,1,1,1
1277,9,792,226,71,198,1,1,1
1278,9,790,226,72,198,1,1,1
1279,9,789,226,71,198,1,1,1
1280,9,787,227,72,197,1,1,1
1281,9,785,226,72,197,1,1,1
1282,9,786,227,72,198,1,1,1
1283,9,786,228,72,197,1,1,1
1284,9,786,229,72,197,1,1,1
1285,9,786,229,72,197,1,1,1
1286,9,786,230,72,197,1,1,1
1287,9,787,231,72,197,1,1,1
1288,9,788,233,72,196,1,1,1
1289,9,790,234,71,196,1,1,1
1290,9,791,235,71,195,1,1,1
1291,9,791,236,70,194,1,1,1
1292,9,793,237,70,195,1,1,1
1293,9,794,238,70,196,1,1,1
1294,9,795,239,70,196,1,1,1
1295,9,796,240,70,196,1,1,1
1296,9,797,241,70,196,1,1,1
1297,9,797,242,69,195,1,1,1
1298,9,796,243,70,193,1,1,1
1299,9,796,243,69,193,1,1,1
1300,9,795,244,69,192,1,1,1
1301,9,794,244,68,190,1,1,1
1302,9,793,244,69,191,1,1,1
1303,9,792,244,69,191,1,1,1
1304,9,790,243,69,192,1,1,1
1305,9,789,242,69,192,1,1,1
1306,9,787,241,69,192,1,1,1
1307,9,786,240,69,194,1,1,1
1308,9,785,239,69,195,1,1,1
1309,9,783,237,70,197,1,1,1
1310,9,782,236,69,198,1,1,1
1311,9,780,234,69,198,1,1,1
1312,9,780,235,69,198,1,1,1
1313,9,778,235,69,198,1,1,1
1314,9,777,235,69,198,1,1,1
1315,9,775,235,69,197,1,1,1
1316,9,773,235,69,196,1,1,1
1317,9,773,233,70,199,1,1,1
1318,9,772,231,71,200,1,1,1
1319,9,771,229,72,202,1,1,1
1320,9,770,226,73,204,1,1,1
1321,9,769,223,73,205,1,1,1
1341,9,804,231,67,192,1,1,1
1342,9,807,231,68,193,1,1,1
1343,9,809,230,68,194,1,1,1
1344,9,811,230,69,194,1,1,1
1345,9,813,229,70,195,1,1,1
1346,9,815,228,69,194,1,1,1
1347,9,817,229,70,195,1,1,1
1348,9,819,229,70,196,1,1,1
1349,9,820,229,71,196,1,1,1
1350,9,822,229,71,196,1,1,1
1351,9,823,229,70,196,1,1,1
1352,9,826,229,71,196,1,1,1
1353,9,829,229,70,196,1,1,1
1354,9,831,229,71,195,1,1,1
1355,9,834,228,70,195,1,1,1
1356,9,836,228,70,194,1,1,1
1357,9,839,229,70,194,1,1,1
1358,9,841,230,70,194,1,1,1
1359,9,844,231,69,194,1,1,1
1360,9,846,231,69,194,1,1,1
1361,9,848,232,69,193,1,1,1
1362,9,851,232,69,194,1,1,1
1363,9,853,233,70,193,1,1,1
1364,9,855,233,70,193,1,1,1
1365,9,858,233,70,194,1,1,1
1366,9,859,233,70,193,1,1,1
1367,9,862,234,70,194,1,1,1
1368,9,865,234,68,195,1,1,1
1369,9,867,235,68,195,1,1,1
1370,9,870,235,66,196,1,1,1
1371,9,872,236,66,196,1,1,1
1372,9,872,236,67,197,1,1,1
1373,9,871,236,69,198,1,1,1
1374,9,871,236,69,198,1,1,1
1375,9,870,236,71,199,1,1,1
1376,9,870,236,72,200,1,1,1
1377,9,871,237,71,198,1,1,1
1378,9,872,238,69,197,1,1,1
1379,9,872,239,69,195,1,1,1
1380,9,873,241,68,193,1,1,1
1381,9,873,241,66,191,1,1,1
1382,9,874,242,67,192,1,1,1
1383,9,874,242,67,192,1,1,1
1384,9,873,242,68,192,1,1,1
1385,9,873,242,68,193,1,1,1
1386,9,873,241,67,193,1,1,1
1387,9,874,242,68,194,1,1,1
1388,9,874,243,68,193,1,1,1
1389,9,875,244,67,192,1,1,1
1390,9,875,244,68,193,1,1,1
1391,9,875,245,67,192,1,1,1
1392,9,876,246,68,192,1,1,1
1393,9,876,246,68,192,1,1,1
1394,9,876,247,68,192,1,1,1
1395,9,877,248,68,191,1,1,1
1396,9,876,248,67,191,1,1,1
1397,9,877,249,68,191,1,1,1
1398,9,877,249,68,192,1,1,1
1399,9,877,249,68,192,1,1,1
1400,9,878,250,68,191,1,1,1
1401,9,877,250,68,191,1,1,1
1402,9,878,250,67,191,1,1,1
1403,9,878,249,67,192,1,1,1
1404,9,878,249,66,192,1,1,1
1405,9,878,249,66,191,1,1,1
1406,9,877,248,65,191,1,1,1
1407,9,877,247,66,192,1,1,1
1408,9,876,246,66,192,1,1,1
1409,9,875,245,66,191,1,1,1
1410,9,874,244,67,191,1,1,1
1411,9,873,242,66,191,1,1,1
1412,9,872,242,67,191,1,1,1
1413,9,870,241,67,192,1,1,1
1414,9,869,240,67,192,1,1,1
1415,9,867,239,68,192,1,1,1
1416,9,865,237,67,192,1,1,1
1417,9,866,237,67,193,1,1,1
1418,9,866,236,67,194,1,1,1
1419,9,866,236,67,194,1,1,1
1420,9,866,235,67,195,1,1,1
1421,9,866,234,66,195,1,1,1
1431,9,875,238,62,191,1,1,1
1432,9,875,238,63,192,1,1,1
1433,9,875,238,63,192,1,1,1
1434,9,874,238,64,192,1,1,1
1435,9,874,237,64,193,1,1,1
1436,9,873,236,64,192,1,1,1
1437,9,873,237,65,192,1,1,1
1438,9,873,238,65,191,1,1,1
1439,9,873,238,65,190,1,1,1
1440,9,872,238,66,190,1,1,1
1441,9,871,238,65,188,1,1,1
1442,9,869,238,66,189,1,1,1
1443,9,867,237,66,190,1,1,1
1444,9,864,236,66,191,1,1,1
1445,9,862,235,66,191,1,1,1
1446,9,859,234,65,191,1,1,1
1447,9,857,234,67,193,1,1,1
1448,9,855,233,69,194,1,1,1
1449,9,853,233,70,195,1,1,1
1450,9,851,232,71,196,1,1,1
1451,9,848,231,72,196,1,1,1
1452,9,848,232,72,197,1,1,1
1453,9,847,232,72,197,1,1,1
1454,9,845,233,73,197,1,1,1
1455,9,844,233,72,197,1,1,1
1456,9,843,232,71,197,1,1,1
1457,9,842,233,71,198,1,1,1
1458,9,841,233,71,198,1,1,1
1459,9,840,234,71,197,1,1,1
1460,9,839,234,70,198,1,1,1
1461,9,838,234,70,198,1,1,1
1462,9,837,235,70,197,1,1,1
1463,9,835,237,71,195,1,1,1
1464,9,834,238,70,195,1,1,1
1465,9,833,240,70,193,1,1,1
1466,9,831,241,70,191,1,1,1
1467,9,830,241,71,193,1,1,1
1468,9,829,241,71,194,1,1,1
1469,9,828,242,71,193,1,1,1
1470,9,826,242,72,194,1,1,1
1471,9,825,242,72,195,1,1,1
1472,9,824,243,72,195,1,1,1
1473,9,823,245,71,194,1,1,1
1474,9,822,246,71,194,1,1,1
1475,9,822,247,70,194,1,1,1
1476,9,820,248,69,193,1,1,1
1477,9,820,251,69,193,1,1,1
1478,9,819,252,69,193,1,1,1
1479,9,818,254,69,193,1,1,1
1480,9,818,256,68,192,1,1,1
1481,9,816,258,68,191,1,1,1
1482,9,816,260,68,192,1,1,1
1483,9,815,262,68,192,1,1,1
1484,9,814,263,67,194,1,1,1
1485,9,813,265,67,194,1,1,1
1486,9,811,266,67,194,1,1,1
1487,9,811,269,67,194,1,1,1
1488,9,810,270,68,194,1,1,1
1489,9,809,272,68,194,1,1,1
1490,9,808,274,68,193,1,1,1
1491,9,806,276,69,192,1,1,1
1492,9,806,278,69,193,1,1,1
1493,9,805,280,69,193,1,1,1
1494,9,805,282,68,193,1,1,1
1495,9,804,284,69,192,1,1,1
1496,9,803,285,68,192,1,1,1
1497,9,802,289,70,191,1,1,1
1498,9,801,292,71,190,1,1,1
1499,9,800,294,72,190,1,1,1
1500,9,799,297,73,189,1,1,1