1 1 411 31 24 57
1 2 386 35 23 51
2 1 412 33 24 57
2 2 386 33 24 53
3 1 412 33 23 57
3 2 387 33 24 53
4 1 412 33 23 57
4 2 385 34 24 52
5 1 412 34 23 56
5 2 386 34 24 53
6 1 412 33 23 57
6 2 386 34 24 53
7 1 412 33 23 57
7 2 386 35 24 53
8 1 413 33 22 57
8 2 386 35 24 52
9 1 412 32 23 57
9 2 387 34 24 53
10 1 413 33 22 57
10 2 385 33 24 53
11 1 412 32 22 57
11 2 385 34 24 52
12 1 412 32 23 57
12 2 385 34 24 53
13 1 411 33 22 57
13 2 385 33 24 52
14 1 412 34 22 56
14 2 385 33 24 52
15 1 412 32 21 58
15 2 385 32 24 53
16 1 412 32 21 58
16 2 384 31 25 53
17 1 411 31 22 59
17 2 384 33 25 53
18 1 410 31 23 60
18 2 384 32 25 53
19 1 410 32 22 58
19 2 384 32 24 53
20 1 409 32 23 58
20 2 383 33 24 52
21 1 409 31 23 60
21 2 383 32 24 53
22 1 408 32 24 59
22 2 383 32 24 52
23 1 407 31 24 60
23 2 383 32 24 52
24 1 406 32 24 60
24 2 382 31 24 53
25 1 406 31 24 61
25 2 382 32 24 52
26 1 406 32 24 61
26 2 382 32 24 53
27 1 406 32 24 60
27 2 381 32 24 53
28 1 405 32 24 59
28 2 381 32 24 52
29 1 405 31 24 61
29 2 380 32 24 53
30 1 406 31 23 61
30 2 380 33 24 52
31 1 406 30 23 60
31 2 379 33 25 52
32 1 406 33 22 60
32 2 379 33 24 52
33 1 405 31 23 60
33 2 379 33 24 52
34 1 405 32 23 60
34 2 378 33 24 53
35 1 405 31 22 61
35 2 378 32 24 53
36 1 404 32 23 61
36 2 377 33 25 52
37 1 405 33 22 60
37 2 377 32 25 52
38 1 405 33 22 61
38 2 377 31 24 53
39 1 401 33 25 61
39 2 376 33 25 51
40 1 401 32 26 61
40 2 376 32 25 51
41 1 401 33 26 61
41 2 376 32 25 50
42 1 402 31 25 61
42 2 373 33 28 49
43 1 402 34 25 61
43 2 372 33 28 49
44 1 402 33 24 62
44 2 372 33 28 49
45 1 403 32 24 63
45 2 373 33 27 49
46 1 403 32 23 63
46 2 371 33 27 49
47 1 402 32 25 63
47 2 369 33 29 50
48 1 402 32 24 63
48 2 366 33 31 50
49 1 403 33 23 62
49 2 368 33 29 50
50 1 402 32 23 63
50 2 366 32 32 52
51 1 402 32 23 63
51 2 366 33 30 49
52 1 401 32 24 63
52 2 365 34 32 49
53 1 400 33 25 63
53 2 365 34 31 50
54 1 399 34 26 62
54 2 365 34 31 50
55 1 398 35 27 61
55 2 364 35 31 50
56 1 399 33 26 63
56 2 362 33 33 51
57 1 399 34 25 63
57 2 364 33 32 51
58 1 397 35 26 62
58 2 362 34 33 51
59 1 397 35 26 63
59 2 362 34 33 51
60 1 397 34 25 64
60 2 362 34 33 51
61 1 398 35 23 62
61 2 363 32 31 52
62 1 397 35 23 62
62 2 362 33 31 52
63 1 396 33 24 64
63 2 362 32 31 52
64 1 396 35 24 63
64 2 362 34 31 52
65 1 396 34 24 63
65 2 362 34 31 52
66 1 396 34 24 64
66 2 361 34 31 52
67 1 395 34 24 64
67 2 361 35 31 52
68 1 394 35 24 64
68 2 361 35 31 52
69 1 394 35 24 66
69 2 360 34 31 52
70 1 394 35 24 67
70 2 360 35 31 52
71 1 394 34 24 67
71 2 359 36 30 52
72 1 394 36 24 65
72 2 359 35 30 52
73 1 394 35 24 65
73 2 358 35 30 52
74 1 393 37 25 62
74 2 358 36 30 52
75 1 393 37 25 62
75 2 358 36 30 52
76 1 394 38 24 62
76 2 358 36 30 52
77 1 394 37 24 65
77 2 358 36 30 52
78 1 393 37 25 66
78 2 357 37 30 52
79 1 393 37 24 66
79 2 356 36 30 52
80 1 393 36 24 66
80 2 356 36 30 52
81 1 394 36 23 66
81 2 355 36 30 54
82 1 394 36 23 67
82 2 353 35 30 55
83 1 393 36 24 67
83 2 354 36 30 55
84 1 393 36 23 67
84 2 353 36 31 55
85 1 392 37 24 65
85 2 353 36 31 55
86 1 391 38 24 64
86 2 352 37 31 55
87 1 390 39 25 64
87 2 352 36 30 55
88 1 389 38 24 65
88 2 352 37 30 55
89 1 386 38 28 66
89 2 352 37 30 55
90 1 387 39 27 65
90 2 351 37 30 55
91 1 387 40 27 65
91 2 350 37 30 55
92 1 387 40 26 65
92 2 351 38 30 55
93 1 386 40 26 65
93 2 350 39 30 55
94 1 386 40 26 65
94 2 350 38 30 55
95 1 385 38 26 66
95 2 349 37 30 55
96 1 385 40 26 65
96 2 347 38 30 55
97 1 385 40 25 65
97 2 348 37 30 55
98 1 385 38 24 68
98 2 348 38 30 55
99 1 385 38 23 68
99 2 347 38 30 55
100 1 384 41 23 65
100 2 346 38 30 58
101 1 384 39 24 66
101 2 346 41 30 58
102 1 384 40 23 66
102 2 346 39 30 58
103 1 383 40 24 66
103 2 346 39 30 58
104 1 383 40 23 66
104 2 345 38 30 58
105 1 381 41 25 67
105 2 344 39 31 58
106 1 381 41 25 69
106 2 344 39 30 58
107 1 380 42 25 69
107 2 343 39 31 58
108 1 381 41 25 68
108 2 343 39 31 58
109 1 381 42 25 69
109 2 343 39 30 58
110 1 379 43 25 69
110 2 342 39 30 58
111 1 380 42 25 69
111 2 342 40 30 59
112 1 379 44 25 69
112 2 342 40 30 59
113 1 378 43 25 68
113 2 341 41 30 58
114 1 378 42 26 69
114 2 341 41 30 59
115 1 378 43 25 68
115 2 340 41 30 59
116 1 378 43 25 69
116 2 340 41 30 59
117 1 377 44 25 68
117 2 339 41 30 58
118 1 378 43 25 68
118 2 339 41 30 59
119 1 375 43 26 69
119 2 339 41 30 59
120 1 375 44 26 68
120 2 338 42 30 59
121 1 374 45 27 69
121 2 337 43 30 58
122 1 373 45 27 69
122 2 336 42 31 58
123 1 372 45 27 69
123 2 337 41 30 58
124 1 372 45 27 69
124 2 337 40 30 58
125 1 372 46 27 69
125 2 335 41 31 57
126 1 372 47 27 69
126 2 335 42 31 58
127 1 371 46 27 69
127 2 335 43 31 58
128 1 372 46 25 69
128 2 334 44 30 58
129 1 372 46 25 71
129 2 335 43 30 58
130 1 370 46 26 71
130 2 334 43 30 58
131 1 369 45 26 71
131 2 334 44 30 58
132 1 370 46 26 70
132 2 333 44 30 58
133 1 369 46 25 70
133 2 333 44 30 58
134 1 369 45 25 70
134 2 334 44 30 58
135 1 368 46 25 71
135 2 333 44 30 58
136 1 367 47 26 71
136 2 332 45 30 58
137 1 367 47 26 72
137 2 331 45 30 58
138 1 367 47 26 73
138 2 331 45 30 58
139 1 366 47 27 74
139 2 331 46 30 58
140 1 366 47 26 74
140 2 330 45 30 58
141 1 365 49 27 73
141 2 330 47 30 57
142 1 364 48 28 73
142 2 330 47 30 57
143 1 364 49 28 72
143 2 329 47 30 58
144 1 364 50 27 73
144 2 329 47 30 58
145 1 363 49 28 73
145 2 328 47 30 58
146 1 363 51 27 73
146 2 327 48 31 58
147 1 363 51 28 73
147 2 327 49 31 57
148 1 364 49 27 73
148 2 326 47 30 58
149 1 365 48 26 72
149 2 326 48 30 58
150 1 363 50 26 72
150 2 326 48 30 58
151 1 363 49 26 73
151 2 325 49 30 57
152 1 362 51 26 72
152 2 326 49 30 57
153 1 359 50 28 72
153 2 326 48 30 58
154 1 358 51 29 73
154 2 325 49 30 57
155 1 356 52 31 73
155 2 323 49 30 58
156 1 355 52 32 73
156 2 323 50 30 57
157 1 356 52 31 73
157 2 322 51 31 59
158 1 355 53 30 73
158 2 322 50 31 58
159 1 355 54 30 73
159 2 322 51 31 59
160 1 355 53 29 75
160 2 321 52 31 59
161 1 355 53 29 74
161 2 319 52 32 59
162 1 355 53 27 74
162 2 319 53 31 58
163 1 355 53 27 74
163 2 319 53 31 59
164 1 355 53 26 75
164 2 317 52 31 59
165 1 355 53 25 75
165 2 317 53 31 59
166 1 354 54 26 74
166 2 318 53 29 59
167 1 356 53 25 76
167 2 319 53 31 59
168 1 360 53 26 78
168 2 322 54 31 59
169 1 364 53 25 80
169 2 326 54 32 59
170 1 366 54 25 79
170 2 329 55 31 59
171 1 364 55 27 78
171 2 329 55 31 59
172 1 363 54 27 79
172 2 328 55 31 59
173 1 363 55 28 79
173 2 327 56 32 59
174 1 363 56 27 78
174 2 326 57 32 59
175 1 362 57 28 78
175 2 327 56 31 59
176 1 362 57 27 78
176 2 326 57 33 60
177 1 361 58 28 78
177 2 325 57 32 60
178 1 361 58 27 78
178 2 326 58 31 59
179 1 361 58 27 78
179 2 326 57 31 60
180 1 361 59 27 78
180 2 321 58 34 59
181 1 359 59 28 78
181 2 321 57 33 62
182 1 359 60 28 78
182 2 321 58 33 62
183 1 358 58 28 78
183 2 319 61 34 59
184 1 359 59 28 78
184 2 319 58 35 62
185 1 357 60 27 78
185 2 318 58 34 63
186 1 355 61 29 77
186 2 317 60 34 61
187 1 352 63 31 77
187 2 317 61 33 60
188 1 350 62 33 77
188 2 317 58 33 63
189 1 353 61 33 77
189 2 319 60 33 62
190 1 358 64 33 77
190 2 323 61 34 61
191 1 364 64 34 78
191 2 328 61 33 60
192 1 368 65 34 78
192 2 331 62 33 60
193 1 371 68 33 77
193 2 333 63 33 61
194 1 369 66 29 77
194 2 332 63 33 60
195 1 369 65 29 77
195 2 332 62 34 62
196 1 367 66 30 78
196 2 329 63 35 62
197 1 368 67 27 77
197 2 330 63 33 64
198 1 367 66 28 77
198 2 328 64 34 64
199 1 367 66 28 77
199 2 329 64 32 64
200 1 367 65 28 78
200 2 327 64 33 64
201 1 366 66 28 77
201 2 324 64 36 64
202 1 362 69 30 77
202 2 325 65 33 64
203 1 361 67 31 81
203 2 324 65 34 64
204 1 360 67 32 82
204 2 321 65 36 64
205 1 358 69 32 81
205 2 322 66 34 64
206 1 357 71 33 78
206 2 321 67 33 64
207 1 357 71 33 79
207 2 320 68 33 62
208 1 357 71 33 81
208 2 320 68 33 62
209 1 356 71 33 82
209 2 319 68 33 64
210 1 357 71 32 82
210 2 318 68 34 64
211 1 357 70 32 82
211 2 318 69 34 64
212 1 357 72 32 82
212 2 316 69 34 64
213 1 357 72 30 82
213 2 316 69 33 64
214 1 357 72 30 82
214 2 315 70 34 64
215 1 357 73 28 80
215 2 315 70 32 64
216 1 357 72 28 82
216 2 313 70 34 64
217 1 357 72 28 81
217 2 310 72 35 63
218 1 357 73 27 80
218 2 311 72 33 64
219 1 354 73 30 81
219 2 309 72 34 64
220 1 350 75 33 80
220 2 307 72 35 64
221 1 350 74 33 81
221 2 308 74 33 64
222 1 348 75 37 81
222 2 310 74 33 64
223 1 355 77 38 81
223 2 316 75 35 64
224 1 365 77 42 81
224 2 326 76 38 64
225 1 378 79 39 80
225 2 337 77 38 64
226 1 386 80 36 80
226 2 342 76 40 64
227 1 388 80 34 80
227 2 346 76 36 64
228 1 388 80 34 81
228 2 344 77 38 65
229 1 389 80 32 81
229 2 344 77 37 65
230 1 389 81 31 81
230 2 344 76 35 64
231 1 389 80 30 81
231 2 341 76 38 64
232 1 389 79 28 82
232 2 340 78 37 64
233 1 387 79 30 82
233 2 339 78 36 65
234 1 385 80 32 82
234 2 338 79 38 65
235 1 385 80 31 84
235 2 340 80 35 64
236 1 382 80 33 86
236 2 334 81 39 64
237 1 381 82 34 85
237 2 337 81 35 64
238 1 380 83 35 85
238 2 333 80 37 65
239 1 380 83 35 84
239 2 334 81 37 64
240 1 379 83 34 84
240 2 332 82 38 64
241 1 377 84 34 84
241 2 332 82 37 64
242 1 377 84 34 85
242 2 332 82 34 64
243 1 376 85 34 84
243 2 331 82 36 64
244 1 376 85 34 85
244 2 330 82 36 64
245 1 375 86 34 85
245 2 328 83 37 64
246 1 375 86 34 85
246 2 326 84 37 64
247 1 375 87 34 85
247 2 327 83 35 66
248 1 375 86 33 85
248 2 327 84 36 66
249 1 375 87 32 85
249 2 324 85 36 64
250 1 375 86 32 85
250 2 323 83 37 64
251 1 375 89 31 84
251 2 321 84 38 64
252 1 374 86 32 87
252 2 320 84 38 64
253 1 371 87 32 85
253 2 319 86 37 64
254 1 368 88 34 85
254 2 320 86 36 64
255 1 365 90 36 84
255 2 316 87 39 64
256 1 363 90 37 84
256 2 318 88 36 64
257 1 361 90 38 84
257 2 316 87 36 64
258 1 360 91 38 84
258 2 316 87 35 64
259 1 359 92 37 84
259 2 314 87 36 65
260 1 359 93 38 83
260 2 312 86 37 64
261 1 358 94 38 83
261 2 312 87 36 65
262 1 358 93 38 85
262 2 310 87 38 65
263 1 358 93 36 85
263 2 310 88 38 64
264 1 359 93 34 85
264 2 308 88 37 69
265 1 359 94 33 85
265 2 308 88 36 69
266 1 359 93 31 85
266 2 307 89 37 69
267 1 358 94 29 85
267 2 306 89 38 70
268 1 359 94 29 85
268 2 306 90 38 70
269 1 362 93 32 86
269 2 307 91 40 70
270 1 368 93 34 87
270 2 316 92 39 70
271 1 380 95 34 87
271 2 327 90 40 74
272 1 391 96 33 87
272 2 341 92 37 74
273 1 390 96 37 92
273 2 342 92 41 74
274 1 392 95 37 92
274 2 344 93 41 73
275 1 391 96 38 92
275 2 344 93 40 74
276 1 389 98 39 91
276 2 340 94 44 73
277 1 388 98 39 92
277 2 341 93 42 74
278 1 387 100 39 91
278 2 340 94 40 73
279 1 388 101 39 92
279 2 340 93 38 74
280 1 387 101 39 92
280 2 338 94 39 73
281 1 387 102 38 88
281 2 338 94 38 74
282 1 387 100 37 92
282 2 339 95 37 73
283 1 388 100 35 91
283 2 336 95 38 73
284 1 388 99 34 92
284 2 337 96 36 72
285 1 389 102 31 91
285 2 336 96 36 72
286 1 386 101 34 90
286 2 332 96 40 73
287 1 385 101 33 90
287 2 332 97 39 73
288 1 383 102 35 91
288 2 332 98 37 72
289 1 379 102 38 91
289 2 331 98 38 73
290 1 376 104 39 90
290 2 329 98 39 72
291 1 374 104 40 90
291 2 329 98 38 73
292 1 373 105 40 90
292 2 327 98 39 73
293 1 374 105 39 92
293 2 326 99 38 72
294 1 373 106 37 92
294 2 326 100 37 72
295 1 373 106 38 92
295 2 323 101 40 73
296 1 374 107 35 91
296 2 325 100 38 73
297 1 373 108 35 91
297 2 322 100 39 73
298 1 372 107 36 91
298 2 322 102 38 72
299 1 372 108 34 91
299 2 320 102 39 73
300 1 373 107 31 91
300 2 319 102 40 73
301 1 370 106 33 93
301 2 316 102 42 72
302 1 369 106 32 92
302 2 316 103 40 73
303 1 364 107 36 93
303 2 315 103 41 72
304 1 363 107 36 93
304 2 314 103 41 72
305 1 362 107 36 93
305 2 314 103 41 73
306 1 359 108 38 93
306 2 313 103 40 73
307 1 358 108 39 97
307 2 313 105 39 72
308 1 357 108 39 97
308 2 312 105 39 72
309 1 356 110 39 95
309 2 310 105 40 73
310 1 355 110 39 97
310 2 310 105 39 73
311 1 354 111 39 95
311 2 308 105 40 73
312 1 354 111 39 97
312 2 308 106 39 73
313 1 355 112 38 95
313 2 307 106 40 72
314 1 354 112 37 95
314 2 307 106 38 72
315 1 354 111 36 97
315 2 303 106 41 73
316 1 354 112 35 96
316 2 303 106 39 73
317 1 353 112 36 96
317 2 301 108 40 73
318 1 354 112 34 95
318 2 299 107 41 72
319 1 353 112 34 95
319 2 300 109 39 73
320 1 354 112 32 96
320 2 299 109 39 73
321 1 353 112 32 97
321 2 300 108 36 73
322 1 351 112 32 97
322 2 297 109 38 73
323 1 350 113 33 94
323 2 294 109 40 73
324 1 345 114 38 92
324 2 294 111 39 73
325 1 343 115 38 92
325 2 293 109 40 73
326 1 339 116 42 93
326 2 293 110 38 73
327 1 338 116 41 93
327 2 289 108 42 77
328 1 337 116 41 93
328 2 290 109 40 76
329 1 335 117 42 93
329 2 286 109 43 77
330 1 336 116 40 96
330 2 287 109 41 77
331 1 336 116 40 95
331 2 284 110 43 76
332 1 336 117 40 96
332 2 282 111 44 76
333 1 335 116 40 96
333 2 282 112 43 76
334 1 335 116 39 96
334 2 281 111 44 80
335 1 337 116 35 95
335 2 282 111 43 77
336 1 336 117 35 95
336 2 280 113 42 74
337 1 336 116 33 96
337 2 279 114 42 73
338 1 333 116 31 95
338 2 278 115 42 73
339 1 333 116 31 96
339 2 279 115 39 74
340 1 333 116 31 95
340 2 278 116 41 74
341 1 328 117 34 97
341 2 275 116 43 74
342 1 324 117 38 99
342 2 276 115 41 73
343 1 322 117 39 100
343 2 273 115 43 74
344 1 321 118 40 101
344 2 272 116 43 74
345 1 318 119 40 100
345 2 272 116 42 74
346 1 318 120 40 99
346 2 270 116 44 74
347 1 317 120 41 99
347 2 271 116 42 74
348 1 316 121 41 99
348 2 267 117 46 74
349 1 316 121 41 99
349 2 269 118 43 74
350 1 315 123 40 99
350 2 267 119 44 74
351 1 315 122 40 99
351 2 269 119 40 73
352 1 315 123 39 100
352 2 265 119 44 74
353 1 316 122 37 100
353 2 265 120 43 74
354 1 316 122 35 101
354 2 266 118 40 74
355 1 316 121 34 100
355 2 263 117 44 79
356 1 316 120 34 100
356 2 263 117 43 79
357 1 316 120 33 100
357 2 262 117 43 80
358 1 315 121 33 100
358 2 261 118 43 79
359 1 314 121 33 100
359 2 260 118 44 79
360 1 313 121 32 100
360 2 258 118 44 79
361 1 307 121 37 100
361 2 259 118 43 79
362 1 304 123 40 100
362 2 258 118 44 79
363 1 301 123 41 100
363 2 256 119 44 79
364 1 301 123 42 100
364 2 255 118 43 79
365 1 301 124 40 101
365 2 255 118 43 79
366 1 301 125 39 100
366 2 253 119 43 79
367 1 301 125 37 101
367 2 253 118 43 79
368 1 301 125 37 100
368 2 252 120 43 79
369 1 301 124 37 101
369 2 250 122 44 79
370 1 301 125 36 101
370 2 249 122 44 79
371 1 300 126 34 100
371 2 248 121 43 79
372 1 300 126 34 100
372 2 248 121 43 79
373 1 299 125 32 102
373 2 246 122 43 79
374 1 297 123 32 102
374 2 246 124 43 79
375 1 295 125 34 102
375 2 245 123 43 80
376 1 291 126 37 101
376 2 244 124 44 79
377 1 288 126 39 103
377 2 243 123 43 80
378 1 287 125 40 103
378 2 241 122 43 79
379 1 285 125 41 105
379 2 241 122 43 79
380 1 284 125 42 106
380 2 240 122 43 79
381 1 282 124 42 106
381 2 239 123 43 79
382 1 281 125 43 106
382 2 238 123 43 79
383 1 281 126 42 106
383 2 236 121 44 79
384 1 280 125 42 106
384 2 235 123 44 80
385 1 280 126 42 106
385 2 235 122 43 79
386 1 280 125 42 106
386 2 234 122 43 79
387 1 281 125 40 106
387 2 233 123 43 79
388 1 281 125 39 105
388 2 232 124 43 79
389 1 281 125 38 105
389 2 232 122 43 83
390 1 281 126 36 103
390 2 231 121 43 83
391 1 281 126 36 103
391 2 229 122 44 84
392 1 281 125 35 105
392 2 227 124 43 83
393 1 280 126 35 102
393 2 226 123 43 83
394 1 280 126 34 102
394 2 226 122 43 84
395 1 276 128 37 102
395 2 224 124 43 83
396 1 274 127 37 104
396 2 223 125 43 83
397 1 271 127 39 104
397 2 223 126 43 83
398 1 268 127 40 104
398 2 221 125 43 83
399 1 268 128 40 104
399 2 220 125 43 83
400 1 268 130 40 104
400 2 219 126 43 83
401 1 267 130 40 104
401 2 217 126 43 84
402 1 267 131 40 104
402 2 216 127 43 84
403 1 267 131 40 104
403 2 214 127 43 84
404 1 267 130 40 104
404 2 212 127 43 84
405 1 266 131 40 104
405 2 211 127 43 84
406 1 266 130 37 104
406 2 209 129 43 83
407 1 265 130 36 104
407 2 209 129 43 83
408 1 264 131 34 104
408 2 206 130 43 83
409 1 263 130 34 105
409 2 204 131 43 83
410 1 259 132 35 105
410 2 203 131 43 83
411 1 257 131 36 108
411 2 202 132 43 83
412 1 255 132 38 108
412 2 201 131 42 83
413 1 252 133 39 110
413 2 198 130 45 88
414 1 249 134 42 110
414 2 196 132 45 88
415 1 248 136 43 109
415 2 194 132 45 88
416 1 246 135 44 110
416 2 193 132 45 86
417 1 245 136 44 110
417 2 191 135 45 86
418 1 244 137 44 110
418 2 190 134 44 86
419 1 243 138 44 110
419 2 189 134 45 86
420 1 244 139 44 110
420 2 187 135 45 86
421 1 244 138 41 110
421 2 187 136 45 86
422 1 243 137 41 110
422 2 186 136 45 86
423 1 244 139 40 111
423 2 183 136 45 85
424 1 243 139 38 111
424 2 181 138 45 86
425 1 243 138 36 110
425 2 181 138 45 86
426 1 243 138 35 110
426 2 178 138 45 86
427 1 242 139 35 110
427 2 176 137 45 86
428 1 240 139 35 110
428 2 175 138 44 86
429 1 241 140 33 111
429 2 174 139 44 86
430 1 235 140 39 111
430 2 173 140 45 86
431 1 231 142 42 109
431 2 170 140 45 86
432 1 228 143 43 110
432 2 169 141 44 85
433 1 226 144 45 109
433 2 168 140 44 86
434 1 225 144 45 109
434 2 166 143 44 86
435 1 225 145 45 108
435 2 165 143 44 86
436 1 224 145 47 111
436 2 161 142 47 89
437 1 222 146 47 111
437 2 160 143 47 88
438 1 222 145 47 111
438 2 158 144 47 88
439 1 224 146 43 111
439 2 157 144 47 89
440 1 223 146 41 110
440 2 155 144 47 89
441 1 220 146 41 111
441 2 154 145 47 88
442 1 220 146 39 111
442 2 153 146 47 88
443 1 218 147 39 110
443 2 150 146 46 88
444 1 216 149 39 110
444 2 149 148 46 89
445 1 212 147 40 115
445 2 148 147 47 88
446 1 210 151 39 110
446 2 146 150 47 88
447 1 206 150 42 117
447 2 144 149 47 89
448 1 203 151 45 117
448 2 143 150 46 89
449 1 201 152 47 117
449 2 139 148 50 92
450 1 199 153 49 117
450 2 138 148 50 92
451 1 197 154 49 117
451 2 137 149 50 92
452 1 196 154 51 118
452 2 136 151 50 93
453 1 196 156 50 118
453 2 135 151 50 93
454 1 195 157 48 118
454 2 133 153 50 92
455 1 195 157 47 118
455 2 132 152 50 93
456 1 195 156 45 118
456 2 130 154 50 92
457 1 194 157 44 118
457 2 129 153 50 92
458 1 194 158 41 116
458 2 128 153 50 93
459 1 193 158 40 117
459 2 126 155 50 92
460 1 194 158 36 117
460 2 125 155 50 92
461 1 192 158 37 117
461 2 123 155 50 93
462 1 191 162 37 117
462 2 123 156 50 93
463 1 190 161 36 117
463 2 120 157 50 93
464 1 181 162 45 117
464 2 119 158 50 93
465 1 176 163 49 118
465 2 118 160 50 92
466 1 172 163 54 118
466 2 117 160 50 93
467 1 170 166 55 119
467 2 115 161 51 94
468 1 170 169 55 118
468 2 113 164 51 95
469 1 170 172 55 118
469 2 112 165 51 95
470 1 169 173 55 119
470 2 111 165 51 95
471 1 169 175 55 118
471 2 109 169 51 95
472 1 171 176 52 119
472 2 107 170 51 95
473 1 170 177 50 119
473 2 106 171 51 95
474 1 171 178 47 118
474 2 105 172 51 95
475 1 167 179 47 118
475 2 103 174 51 95
476 1 166 178 45 119
476 2 102 175 51 95
477 1 163 180 43 119
477 2 101 176 51 95
478 1 162 182 40 118
478 2 98 177 51 95
479 1 155 182 44 123
479 2 96 178 51 95
480 1 154 182 43 126
480 2 94 179 55 97
481 1 151 185 46 125
481 2 92 180 55 96
482 1 149 185 47 127
482 2 92 181 55 96
483 1 150 187 51 126
483 2 93 180 55 97
484 1 155 186 58 127
484 2 101 181 55 96
485 1 168 186 61 128
485 2 118 182 58 96
486 1 184 187 59 127
486 2 134 181 59 96
487 1 194 188 51 127
487 2 139 181 54 94
488 1 197 186 50 128
488 2 141 182 53 93
489 1 196 187 50 126
489 2 141 181 53 95
490 1 196 189 47 124
490 2 138 181 53 96
491 1 195 190 46 123
491 2 138 182 53 96
492 1 195 190 44 123
492 2 136 183 53 96
493 1 195 190 42 124
493 2 134 183 53 97
494 1 195 189 39 124
494 2 133 184 53 97
495 1 195 191 38 122
495 2 131 185 53 96
496 1 194 192 38 122
496 2 129 185 53 96
497 1 194 192 38 121
497 2 125 186 56 98
498 1 190 194 40 121
498 2 124 184 56 98
499 1 183 193 47 123
499 2 122 185 55 98
500 1 177 195 54 122
500 2 120 187 56 98
501 1 176 194 56 124
501 2 120 189 55 98
502 1 178 195 66 125
502 2 124 189 56 98
503 1 191 195 70 124
503 2 138 187 56 98
504 1 217 193 67 126
504 2 156 189 60 99
505 1 242 194 61 124
505 2 181 189 60 100
506 1 256 194 58 124
506 2 199 189 55 97
507 1 260 192 55 124
507 2 202 187 55 97
508 1 261 194 53 125
508 2 200 188 55 97
509 1 262 194 49 124
509 2 200 187 55 97
510 1 261 196 47 121
510 2 198 189 55 97
511 1 260 196 44 121
511 2 197 190 55 97
512 1 259 196 41 122
512 2 194 192 55 96
513 1 254 195 41 125
513 2 193 190 55 99
514 1 252 196 41 125
514 2 191 192 54 99
515 1 248 197 42 130
515 2 188 191 54 99
516 1 244 197 45 131
516 2 187 193 54 99
517 1 241 198 48 133
517 2 185 195 54 99
518 1 238 199 51 133
518 2 183 195 55 99
519 1 233 200 54 132
519 2 179 194 54 100
520 1 232 203 55 130
520 2 177 193 56 103
521 1 231 203 55 130
521 2 177 195 55 103
522 1 230 203 55 133
522 2 173 194 56 103
523 1 230 203 54 133
523 2 172 194 55 103
524 1 228 205 55 132
524 2 169 197 56 103
525 1 228 204 52 134
525 2 168 197 55 103
526 1 227 205 52 133
526 2 166 196 56 104
527 1 226 206 49 131
527 2 164 199 57 105
528 1 227 206 45 132
528 2 163 198 55 106
529 1 227 206 42 131
529 2 159 200 56 106
530 1 227 206 37 132
530 2 158 201 55 106
531 1 224 207 39 131
531 2 155 201 58 107
532 1 224 208 38 131
532 2 155 202 57 107
533 1 224 211 48 131
533 2 161 202 57 107
534 1 235 209 53 134
534 2 171 201 58 107
535 1 246 210 63 133
535 2 189 204 58 107
536 1 261 212 69 127
536 2 211 203 58 107
537 1 281 212 76 130
537 2 231 204 58 107
538 1 304 215 72 124
538 2 254 201 58 107
539 1 325 217 72 123
539 2 274 201 59 108
540 1 352 213 75 132
540 2 298 204 58 108
541 1 374 216 72 131
541 2 318 208 58 107
542 1 398 215 62 131
542 2 341 203 58 107
543 1 408 217 57 131
543 2 354 205 54 105
544 1 410 218 57 131
544 2 356 206 54 105
545 1 410 218 51 131
545 2 353 206 55 105
546 1 411 218 46 131
546 2 354 206 54 105
547 1 409 218 45 132
547 2 351 205 55 105
548 1 409 218 41 135
548 2 348 207 54 105
549 1 401 219 47 137
549 2 346 207 55 105
550 1 397 219 49 139
550 2 344 208 55 106
551 1 392 220 53 142
551 2 340 208 55 105
552 1 387 221 55 142
552 2 339 208 55 106
553 1 383 223 58 140
553 2 338 208 55 106
554 1 381 224 58 139
554 2 334 209 55 105
555 1 378 225 60 140
555 2 331 210 55 105
556 1 376 225 59 140
556 2 332 210 55 105
557 1 375 226 59 140
557 2 328 210 55 108
558 1 374 226 59 141
558 2 328 209 55 108
559 1 375 228 56 138
559 2 325 210 55 107
560 1 374 228 53 137
560 2 322 212 55 108
561 1 373 227 52 139
561 2 319 210 55 108
562 1 372 228 49 139
562 2 318 213 55 108
563 1 372 227 46 140
563 2 313 213 54 108
564 1 371 228 45 140
564 2 311 213 55 108
565 1 369 228 44 140
565 2 310 212 55 108
566 1 365 229 46 140
566 2 308 212 55 108
567 1 362 230 45 139
567 2 305 212 55 108
568 1 350 230 57 139
568 2 301 213 55 110
569 1 344 229 63 137
569 2 301 214 55 110
570 1 337 232 69 135
570 2 297 213 55 111
571 1 335 230 70 135
571 2 294 214 58 112
572 1 332 232 70 135
572 2 293 215 58 111
573 1 332 235 70 134
573 2 290 214 58 111
574 1 331 233 71 134
574 2 289 215 57 111
575 1 331 234 71 135
575 2 287 217 57 110
576 1 330 232 71 136
576 2 284 215 58 111
577 1 329 233 70 136
577 2 281 217 57 111
578 1 331 233 62 136
578 2 277 217 58 110
579 1 330 232 58 137
579 2 276 217 57 110
580 1 331 232 52 137
580 2 273 217 57 111
581 1 330 232 46 141
581 2 270 217 58 110
582 1 329 230 39 145
582 2 269 219 57 110
583 1 322 234 41 145
583 2 266 218 57 113
584 1 315 233 47 151
584 2 264 218 57 113
585 1 310 234 51 149
585 2 260 218 58 113
586 1 303 236 55 151
586 2 257 219 57 113
587 1 299 238 59 147
587 2 257 219 57 114
588 1 296 239 59 147
588 2 254 219 57 114
589 1 294 241 62 148
589 2 252 218 57 113
590 1 291 242 65 148
590 2 249 219 57 114
591 1 288 241 67 148
591 2 247 220 57 114
592 1 288 242 66 148
592 2 244 220 57 114
593 1 284 241 67 149
593 2 242 221 57 114
594 1 286 243 59 148
594 2 239 223 56 113
595 1 284 244 58 148
595 2 235 222 57 113
596 1 282 245 56 144
596 2 233 223 57 113
597 1 283 244 47 144
597 2 228 225 57 113
598 1 281 243 44 147
598 2 228 225 57 113
599 1 280 243 42 147
599 2 224 224 57 113
600 1 276 243 43 147
600 2 221 226 57 113
601 1 266 246 51 147
601 2 218 224 57 113
602 1 256 246 60 147
602 2 214 226 57 113
603 1 247 246 70 146
603 2 212 226 57 113
604 1 240 247 76 146
604 2 210 226 56 113
605 1 236 248 79 146
605 2 208 227 57 113
606 1 234 248 82 146
606 2 199 226 62 117
607 1 235 248 81 142
607 2 196 227 62 116
608 1 234 248 81 142
608 2 193 226 63 117
609 1 234 248 79 142
609 2 191 226 62 116
610 1 232 248 79 142
610 2 187 229 62 116
611 1 232 249 74 140
611 2 185 229 62 116
612 1 232 250 68 140
612 2 183 230 62 116
613 1 233 247 62 143
613 2 179 230 63 116
614 1 232 248 58 142
614 2 176 231 62 116
615 1 232 247 51 148
615 2 172 230 62 116
616 1 230 248 45 148
616 2 171 234 63 116
617 1 227 250 43 150
617 2 170 233 63 116
618 1 234 248 46 154
618 2 177 234 62 116
619 1 246 250 46 154
619 2 189 234 63 116
620 1 264 249 53 154
620 2 205 234 63 117
621 1 282 247 53 154
621 2 224 234 63 116
622 1 289 248 72 156
622 2 245 232 65 122
623 1 301 249 71 155
623 2 260 230 65 114
624 1 303 255 72 150
624 2 267 231 64 116
625 1 308 253 71 152
625 2 269 233 65 116
626 1 302 255 75 152
626 2 268 231 65 116
627 1 306 257 69 152
627 2 262 232 61 117
628 1 306 256 65 152
628 2 260 232 61 117
629 1 307 256 59 152
629 2 259 231 61 116
630 1 306 258 55 152
630 2 255 232 61 117
631 1 307 257 49 152
631 2 253 232 61 117
632 1 303 259 45 152
632 2 250 235 60 116
633 1 300 259 45 152
633 2 245 234 59 117
634 1 296 260 43 152
634 2 245 236 59 116
635 1 296 259 41 153
635 2 239 235 60 116
636 1 282 259 53 153
636 2 238 237 59 116
637 1 272 258 62 153
637 2 232 237 63 116
638 1 264 259 71 152
638 2 230 237 64 116
639 1 256 259 79 153
639 2 228 237 64 116
640 1 250 260 85 151
640 2 224 238 64 116
641 1 248 261 85 151
641 2 224 239 63 116
642 1 249 261 85 152
642 2 219 239 64 116
643 1 249 264 84 148
643 2 217 239 64 116
644 1 249 263 82 151
644 2 215 243 63 116
645 1 249 264 78 149
645 2 211 243 63 116
646 1 248 265 72 149
646 2 208 245 64 116
647 1 248 265 68 149
647 2 203 246 66 117
648 1 247 266 61 149
648 2 202 247 65 117
649 1 247 270 55 148
649 2 200 252 66 118
650 1 245 271 50 148
650 2 195 255 66 117
651 1 242 274 44 151
651 2 194 257 65 117
652 1 239 278 39 154
652 2 195 260 66 117
653 1 234 282 46 157
653 2 188 263 66 118
654 1 224 284 54 161
654 2 185 266 69 117
655 1 219 288 59 158
655 2 183 269 68 118
656 1 209 291 69 156
656 2 179 273 69 117
657 1 204 293 73 156
657 2 177 276 69 117
658 1 201 297 76 156
658 2 175 279 69 117
659 1 201 299 75 156
659 2 172 282 69 117
660 1 201 302 74 154
660 2 168 283 74 117
661 1 200 308 72 149
661 2 167 283 73 117
662 1 200 308 66 148
662 2 163 285 75 117
663 1 200 308 62 153
663 2 164 285 68 117
664 1 198 309 59 153
664 2 162 287 68 117
665 1 197 310 56 153
665 2 159 289 69 116
666 1 197 309 49 153
666 2 159 291 68 117
667 1 191 309 48 154
667 2 158 290 69 116
668 1 190 309 42 154
668 2 157 292 69 116
669 1 187 310 42 154
669 2 157 292 69 116
670 1 180 311 51 154
670 2 155 292 68 117
671 1 172 314 58 153
671 2 151 295 61 115
672 1 164 314 66 148
672 2 150 293 62 119
673 1 160 315 70 149
673 2 145 293 65 119
674 1 161 316 71 148
674 2 145 293 65 120
675 1 160 317 70 147
675 2 142 296 64 120
676 1 159 316 71 148
676 2 138 296 64 120
677 1 158 321 70 144
677 2 134 298 65 120
678 1 157 324 70 144
678 2 132 295 66 125
679 1 156 322 71 144
679 2 130 299 66 124
680 1 156 322 65 146
680 2 126 298 66 125
681 1 154 324 64 146
681 2 124 299 67 125
682 1 154 324 59 147
682 2 121 301 67 125
683 1 151 325 57 153
683 2 120 303 67 124
684 1 149 327 51 153
684 2 116 303 66 125
685 1 147 326 48 160
685 2 113 303 66 125
686 1 145 329 50 164
686 2 108 305 66 124
687 1 142 333 52 163
687 2 106 306 66 125
688 1 136 335 57 164
688 2 99 306 66 124
689 1 130 336 62 164
689 2 96 306 66 125
690 1 128 337 66 163
690 2 93 307 66 125
691 1 124 338 69 164
691 2 91 308 66 125
692 1 124 338 68 164
692 2 88 308 68 125
693 1 123 337 66 164
693 2 84 310 69 125
694 1 120 342 66 161
694 2 82 308 68 126
695 1 119 345 62 157
695 2 76 310 68 125
696 1 115 343 63 158
696 2 75 311 68 125
697 1 113 343 57 159
697 2 71 309 71 128
698 1 110 344 57 159
698 2 70 309 71 128
699 1 109 344 56 159
699 2 64 312 71 128
700 1 103 345 57 159
700 2 61 311 71 128
701 1 99 345 63 160
701 2 60 312 71 128
702 1 96 346 66 160
702 2 56 314 70 126
703 1 82 349 80 152
703 2 55 317 70 125
704 1 77 349 84 153
704 2 45 316 70 125
705 1 68 348 94 155
705 2 41 318 71 125
706 1 72 351 92 149
706 2 42 316 70 125
707 1 78 350 95 149
707 2 45 315 70 126
708 1 85 350 99 149
708 2 54 314 71 126
709 1 104 350 95 149
709 2 67 312 71 125
710 1 114 343 85 150
710 2 80 309 71 126
711 1 116 341 85 150
711 2 84 309 71 126
712 1 114 341 83 149
712 2 82 309 72 125
713 1 116 341 73 149
713 2 80 311 71 125
714 1 112 342 72 154
714 2 76 309 71 125
715 1 109 341 64 156
715 2 74 308 71 126
716 1 107 339 59 162
716 2 72 310 63 125
717 1 104 341 54 161
717 2 65 311 67 126
718 1 98 342 57 165
718 2 64 312 67 123
719 1 95 344 62 166
719 2 59 313 67 123
720 1 84 344 71 169
720 2 58 316 67 122
721 1 74 343 82 170
721 2 56 316 62 122
722 1 65 346 92 163
722 2 52 318 58 119
723 1 60 348 95 161
723 2 48 317 57 119
724 1 57 351 96 162
724 2 43 316 58 120
725 1 56 351 99 161
725 2 41 316 60 120
726 1 60 349 99 161
726 2 43 318 63 119
727 1 68 347 101 162
727 2 58 316 63 120
728 1 82 346 101 162
728 2 71 310 64 120
729 1 99 343 102 162
729 2 91 311 64 120
730 1 119 339 102 162
730 2 117 309 70 116
731 1 139 341 85 153
731 2 132 303 70 116
732 1 156 339 85 153
732 2 154 301 70 117
733 1 177 338 79 153
733 2 171 300 66 115
734 1 195 334 53 153
734 2 181 299 67 116
735 1 192 328 56 161
735 2 181 298 66 115
736 1 186 333 64 156
736 2 178 297 65 118
737 1 176 331 71 155
737 2 174 296 61 116
738 1 172 330 75 156
738 2 172 299 61 113
739 1 166 332 81 155
739 2 170 300 59 112
740 1 163 331 82 155
740 2 167 300 60 112
741 1 162 334 82 155
741 2 163 298 59 112
742 1 155 330 89 156
742 2 160 299 59 111
743 1 154 330 89 156
743 2 157 299 60 112
744 1 150 330 89 156
744 2 153 299 60 111
745 1 149 328 85 157
745 2 151 299 59 112
746 1 149 328 78 156
746 2 147 300 60 111
747 1 150 326 74 156
747 2 147 299 60 111
748 1 157 327 72 156
748 2 154 299 59 111
749 1 173 326 64 156
749 2 166 296 60 112
750 1 194 329 59 153
750 2 182 295 60 111
751 1 213 329 59 152
751 2 201 294 60 112
752 1 235 327 58 153
752 2 218 288 63 117
753 1 243 319 66 152
753 2 241 287 63 114
754 1 250 320 71 146
754 2 254 286 68 111
755 1 246 317 75 148
755 2 259 287 64 108
756 1 242 317 82 146
756 2 259 288 65 106
757 1 235 319 90 141
757 2 255 291 65 105
758 1 233 320 90 140
758 2 253 287 65 106
759 1 232 321 90 139
759 2 250 288 65 106
760 1 232 321 90 139
760 2 247 287 65 106
761 1 233 320 87 140
761 2 244 287 64 106
762 1 230 320 86 140
762 2 242 287 65 106
763 1 231 319 81 140
763 2 240 286 64 106
764 1 230 318 74 140
764 2 235 287 65 106
765 1 230 318 67 140
765 2 233 285 65 106
766 1 228 312 63 150
766 2 230 285 64 106
767 1 225 308 55 150
767 2 227 285 65 106
768 1 218 309 54 149
768 2 225 286 62 103
769 1 212 310 57 150
769 2 223 287 62 104
770 1 211 311 59 148
770 2 224 284 63 104
771 1 216 316 68 142
771 2 233 283 62 104
772 1 222 314 80 144
772 2 243 281 63 104
773 1 236 312 78 144
773 2 257 279 63 104
774 1 243 310 78 144
774 2 266 278 62 104
775 1 243 313 82 146
775 2 268 279 63 104
776 1 243 311 81 145
776 2 269 279 63 103
777 1 242 310 82 145
777 2 267 278 62 103
778 1 240 306 84 151
778 2 265 276 63 104
779 1 234 303 86 155
779 2 264 277 58 104
780 1 238 302 78 153
780 2 262 278 58 103
781 1 237 299 71 152
781 2 259 276 55 104
782 1 237 301 67 150
782 2 256 273 53 107
783 1 237 301 61 150
783 2 252 273 56 104
784 1 238 301 51 150
784 2 253 277 54 104
785 1 238 300 47 147
785 2 249 275 57 104
786 1 236 296 47 147
786 2 245 273 55 104
787 1 233 296 48 147
787 2 240 273 58 104
788 1 220 295 52 149
788 2 241 272 53 104
789 1 212 294 64 145
789 2 238 271 56 104
790 1 202 298 86 140
790 2 245 272 54 104
791 1 214 299 89 139
791 2 256 271 54 104
792 1 234 303 93 133
792 2 276 273 54 101
793 1 248 296 93 133
793 2 297 269 52 100
794 1 263 294 93 133
794 2 309 267 54 104
795 1 272 297 86 132
795 2 313 267 52 102
796 1 275 298 82 129
796 2 310 266 54 101
797 1 274 290 80 136
797 2 308 265 53 100
798 1 272 291 74 136
798 2 308 263 53 99
799 1 270 290 75 136
799 2 307 265 52 102
800 1 273 288 60 137
800 2 301 265 56 102
801 1 269 288 57 137
801 2 297 263 55 103
802 1 259 287 57 141
802 2 292 261 57 101
803 1 253 284 57 141
803 2 292 262 53 98
804 1 246 282 57 140
804 2 289 260 53 98
805 1 242 282 62 144
805 2 286 259 53 99
806 1 237 282 66 145
806 2 284 260 54 99
807 1 233 282 70 146
807 2 280 260 53 99
808 1 230 281 72 146
808 2 279 259 53 99
809 1 224 282 79 142
809 2 278 257 54 98
810 1 223 282 78 142
810 2 275 257 54 98
811 1 217 281 85 145
811 2 271 255 54 98
812 1 218 279 81 146
812 2 269 257 53 98
813 1 219 279 76 144
813 2 263 254 54 98
814 1 216 276 75 145
814 2 262 253 53 99
815 1 219 275 69 146
815 2 260 255 53 98
816 1 218 273 63 148
816 2 255 254 54 98
817 1 219 272 57 145
817 2 253 254 54 99
818 1 218 271 49 144
818 2 249 254 53 99
819 1 216 271 44 144
819 2 247 250 53 99
820 1 215 268 44 143
820 2 244 252 53 98
821 1 215 267 44 143
821 2 241 249 54 98
822 1 201 267 59 142
822 2 242 254 53 98
823 1 193 267 74 141
823 2 243 252 54 99
824 1 202 264 80 144
824 2 254 252 53 99
825 1 215 261 85 145
825 2 270 252 54 98
826 1 234 269 88 132
826 2 288 251 54 99
827 1 254 266 88 132
827 2 303 248 53 99
828 1 273 273 88 128
828 2 331 248 54 99
829 1 284 268 81 130
829 2 332 244 61 98
830 1 286 264 77 133
830 2 336 245 61 98
831 1 290 264 71 133
831 2 335 248 60 93
832 1 287 263 67 133
832 2 333 245 60 93
833 1 287 260 67 133
833 2 329 244 60 93
834 1 286 261 67 133
834 2 329 244 60 93
835 1 288 260 56 134
835 2 326 242 60 93
836 1 281 261 48 133
836 2 323 241 61 93
837 1 279 255 45 141
837 2 323 241 61 93
838 1 267 253 55 141
838 2 321 244 58 88
839 1 268 257 52 134
839 2 319 243 57 89
840 1 267 258 53 134
840 2 317 243 57 89
841 1 256 258 61 136
841 2 316 238 57 90
842 1 248 256 67 137
842 2 313 239 57 89
843 1 249 255 66 136
843 2 308 239 57 89
844 1 249 256 66 136
844 2 305 239 57 89
845 1 245 251 70 142
845 2 304 234 57 89
846 1 240 250 70 142
846 2 302 233 57 89
847 1 243 247 65 144
847 2 301 232 57 90
848 1 245 246 60 144
848 2 300 231 57 89
849 1 242 243 58 144
849 2 299 234 57 90
850 1 245 241 51 145
850 2 297 231 58 90
851 1 244 242 48 137
851 2 295 231 57 89
852 1 243 243 45 137
852 2 291 229 56 90
853 1 245 246 42 131
853 2 289 228 55 91
854 1 243 245 43 131
854 2 287 228 56 91
855 1 239 240 42 136
855 2 284 228 56 90
856 1 230 239 50 136
856 2 281 227 56 90
857 1 224 239 56 133
857 2 280 226 55 90
858 1 216 239 63 133
858 2 277 226 56 90
859 1 211 239 69 133
859 2 277 223 56 90
860 1 211 239 69 133
860 2 275 225 56 90
861 1 212 241 69 134
861 2 275 223 56 90
862 1 217 239 68 133
862 2 276 224 56 90
863 1 223 235 69 133
863 2 281 219 59 94
864 1 238 232 68 133
864 2 296 221 56 90
865 1 255 232 64 129
865 2 315 220 55 90
866 1 276 231 57 133
866 2 328 220 56 90
867 1 278 227 56 133
867 2 334 221 55 90
868 1 283 234 51 127
868 2 336 221 51 88
869 1 277 230 51 133
869 2 333 222 54 86
870 1 273 230 54 133
870 2 332 223 54 83
871 1 270 230 54 134
871 2 330 220 55 83
872 1 269 229 54 134
872 2 329 220 54 83
873 1 267 224 54 134
873 2 327 220 54 83
874 1 269 224 51 128
874 2 324 221 55 83
875 1 267 224 51 128
875 2 324 220 54 83
876 1 266 225 51 128
876 2 323 220 54 83
877 1 265 226 51 128
877 2 321 219 55 83
878 1 263 227 52 127
878 2 319 218 54 83
879 1 263 226 51 128
879 2 318 216 55 83
880 1 262 224 52 128
880 2 316 217 54 83
881 1 261 223 52 128
881 2 315 215 55 84
882 1 261 224 51 127
882 2 314 217 54 83
883 1 260 220 54 134
883 2 310 215 54 84
884 1 261 220 51 127
884 2 308 216 55 83
885 1 262 220 51 128
885 2 308 214 54 84
886 1 262 218 52 127
886 2 306 214 55 84
887 1 263 217 51 134
887 2 304 214 54 83
888 1 265 219 49 132
888 2 303 213 54 83
889 1 266 218 49 131
889 2 300 213 55 84
890 1 265 216 51 131
890 2 297 213 54 83
891 1 267 218 51 131
891 2 294 213 54 84
892 1 268 219 51 131
892 2 293 213 54 84
893 1 267 221 51 131
893 2 291 213 55 84
894 1 268 217 51 130
894 2 292 214 55 84
895 1 268 221 50 128
895 2 289 212 55 83
896 1 270 220 55 130
896 2 291 215 47 80
897 1 278 221 56 120
897 2 284 217 51 80
898 1 289 218 56 120
898 2 287 225 50 80
899 1 309 219 55 120
899 2 306 228 52 80
900 1 337 215 48 120
900 2 323 224 57 83
901 1 355 219 44 111
901 2 338 216 62 95
