802,1,627,440,178,581,1,1,1
803,1,625,441,177,580,1,1,1
804,1,623,442,175,579,1,1,1
805,1,621,443,174,578,1,1,1
806,1,618,443,172,577,1,1,1
807,1,617,445,171,575,1,1,1
808,1,615,446,169,572,1,1,1
809,1,612,448,168,569,1,1,1
810,1,610,449,167,567,1,1,1
811,1,608,450,164,564,1,1,1
812,1,606,450,167,563,1,1,1
813,1,604,451,168,561,1,1,1
814,1,602,451,170,560,1,1,1
815,1,600,452,172,558,1,1,1
816,1,597,452,173,555,1,1,1
817,1,596,452,175,551,1,1,1
818,1,595,452,175,546,1,1,1
819,1,593,452,177,541,1,1,1
820,1,592,452,177,536,1,1,1
821,1,590,451,178,531,1,1,1
822,1,588,451,179,530,1,1,1
823,1,585,450,180,529,1,1,1
824,1,583,449,181,528,1,1,1
825,1,580,448,183,528,1,1,1
826,1,577,447,183,526,1,1,1
827,1,574,448,181,526,1,1,1
828,1,571,448,178,526,1,1,1
829,1,567,448,175,526,1,1,1
830,1,564,449,172,526,1,1,1
831,1,560,449,169,525,1,1,1
832,1,555,450,173,524,1,1,1
833,1,549,450,177,523,1,1,1
834,1,544,450,180,522,1,1,1
835,1,539,451,184,520,1,1,1
836,1,533,451,187,518,1,1,1
837,1,528,449,191,517,1,1,1
838,1,522,447,195,516,1,1,1
839,1,516,444,200,515,1,1,1
840,1,510,442,204,514,1,1,1
841,1,504,439,207,512,1,1,1
842,1,503,440,207,511,1,1,1
843,1,502,439,205,509,1,1,1
844,1,501,439,204,507,1,1,1
845,1,499,439,203,505,1,1,1
846,1,497,438,202,503,1,1,1
847,1,497,437,197,504,1,1,1
848,1,496,436,193,504,1,1,1
849,1,495,435,188,504,1,1,1
850,1,494,434,184,504,1,1,1
851,1,493,433,179,504,1,1,1
852,1,492,433,179,503,1,1,1
853,1,492,433,178,501,1,1,1
854,1,491,433,178,500,1,1,1
855,1,490,433,178,499,1,1,1
856,1,489,433,177,497,1,1,1
857,1,490,432,177,497,1,1,1
858,1,491,432,175,495,1,1,1
859,1,492,431,174,494,1,1,1
860,1,492,430,173,494,1,1,1
861,1,492,429,171,492,1,1,1
862,1,494,428,172,491,1,1,1
863,1,496,426,172,490,1,1,1
864,1,498,424,172,490,1,1,1
865,1,499,422,172,489,1,1,1
866,1,501,420,171,487,1,1,1
867,1,503,421,171,482,1,1,1
868,1,505,422,170,476,1,1,1
869,1,508,422,168,471,1,1,1
870,1,510,422,166,466,1,1,1
871,1,511,422,165,460,1,1,1
872,1,512,423,166,460,1,1,1
873,1,513,424,166,458,1,1,1
874,1,513,424,167,458,1,1,1
875,1,514,425,166,456,1,1,1
876,1,514,425,166,455,1,1,1
877,1,514,425,167,455,1,1,1
878,1,514,425,166,455,1,1,1
879,1,514,425,166,455,1,1,1
880,1,514,425,166,454,1,1,1
881,1,514,425,165,453,1,1,1
882,1,515,425,164,453,1,1,1
883,1,516,425,163,453,1,1,1
884,1,516,425,162,453,1,1,1
885,1,517,425,161,452,1,1,1
886,1,517,425,159,452,1,1,1
887,1,516,425,159,450,1,1,1
888,1,515,424,159,448,1,1,1
889,1,513,424,159,446,1,1,1
890,1,512,423,158,444,1,1,1
891,1,510,422,158,441,1,1,1
892,1,510,423,158,441,1,1,1
893,1,509,422,159,441,1,1,1
894,1,508,422,160,440,1,1,1
895,1,507,421,160,440,1,1,1
896,1,506,420,160,439,1,1,1
897,1,507,421,162,437,1,1,1
898,1,508,422,164,434,1,1,1
899,1,509,422,165,432,1,1,1
900,1,510,423,167,429,1,1,1
901,1,510,422,168,427,1,1,1
902,1,511,423,172,427,1,1,1
903,1,511,422,176,428,1,1,1
904,1,512,422,178,428,1,1,1
905,1,512,421,182,429,1,1,1
906,1,512,420,185,429,1,1,1
907,1,514,422,183,428,1,1,1
908,1,516,422,180,427,1,1,1
909,1,517,423,178,426,1,1,1
910,1,519,424,176,424,1,1,1
911,1,520,425,172,422,1,1,1
912,1,525,426,168,421,1,1,1
913,1,528,427,163,418,1,1,1
914,1,532,428,158,416,1,1,1
915,1,536,429,153,414,1,1,1
916,1,539,429,148,411,1,1,1
917,1,542,429,146,412,1,1,1
918,1,545,427,143,413,1,1,1
919,1,548,426,141,413,1,1,1
920,1,552,425,137,413,1,1,1
921,1,554,424,134,412,1,1,1
922,1,556,424,136,409,1,1,1
923,1,558,423,137,406,1,1,1
924,1,560,423,138,402,1,1,1
925,1,561,423,140,398,1,1,1
926,1,562,422,140,394,1,1,1
927,1,565,422,140,394,1,1,1
928,1,566,422,140,393,1,1,1
929,1,568,421,138,394,1,1,1
930,1,569,421,138,393,1,1,1
931,1,570,420,137,392,1,1,1
932,1,571,420,137,393,1,1,1
933,1,572,420,135,393,1,1,1
934,1,573,419,134,394,1,1,1
935,1,573,418,134,395,1,1,1
936,1,573,417,132,394,1,1,1
937,1,576,417,132,393,1,1,1
938,1,579,417,131,391,1,1,1
939,1,581,417,130,389,1,1,1
940,1,583,417,130,387,1,1,1
941,1,585,416,129,385,1,1,1
942,1,588,415,127,386,1,1,1
943,1,590,414,125,386,1,1,1
944,1,592,413,123,387,1,1,1
945,1,594,412,121,387,1,1,1
946,1,595,410,118,387,1,1,1
947,1,596,410,121,385,1,1,1
948,1,596,409,123,384,1,1,1
949,1,596,408,125,382,1,1,1
950,1,596,407,127,381,1,1,1
951,1,595,406,129,379,1,1,1
952,1,596,406,129,379,1,1,1
953,1,596,405,128,379,1,1,1
954,1,596,405,128,378,1,1,1
955,1,596,405,127,377,1,1,1
956,1,595,404,127,377,1,1,1
957,1,596,403,130,377,1,1,1
958,1,597,403,133,375,1,1,1
959,1,597,402,136,374,1,1,1
960,1,598,401,138,374,1,1,1
961,1,597,400,141,372,1,1,1
962,1,598,400,148,372,1,1,1
963,1,598,399,155,371,1,1,1
964,1,598,399,162,370,1,1,1
965,1,598,399,169,368,1,1,1
966,1,598,398,175,367,1,1,1
967,1,599,397,177,368,1,1,1
968,1,600,396,178,368,1,1,1
969,1,601,395,180,369,1,1,1
970,1,601,394,182,369,1,1,1
971,1,602,393,184,369,1,1,1
972,1,605,392,180,369,1,1,1
973,1,608,392,177,368,1,1,1
974,1,610,391,174,368,1,1,1
975,1,613,391,171,367,1,1,1
976,1,615,390,167,366,1,1,1
977,1,618,389,164,366,1,1,1
978,1,620,388,161,366,1,1,1
979,1,622,387,158,366,1,1,1
980,1,624,386,155,365,1,1,1
981,1,626,384,152,365,1,1,1
982,1,627,384,156,365,1,1,1
983,1,628,383,160,365,1,1,1
984,1,629,382,164,364,1,1,1
985,1,630,382,168,363,1,1,1
986,1,630,380,171,363,1,1,1
987,1,638,381,160,363,1,1,1
988,1,645,381,148,362,1,1,1
989,1,653,381,135,362,1,1,1
990,1,660,381,123,361,1,1,1
991,1,667,381,110,360,1,1,1
992,1,668,381,113,360,1,1,1
993,1,669,380,116,360,1,1,1
994,1,670,380,118,359,1,1,1
995,1,671,379,121,359,1,1,1
996,1,671,378,123,358,1,1,1
997,1,675,378,131,359,1,1,1
998,1,678,377,138,359,1,1,1
999,1,681,377,145,359,1,1,1
1000,1,684,376,153,359,1,1,1
1001,1,686,375,160,359,1,1,1
1002,1,692,375,160,359,1,1,1
1003,1,697,374,160,359,1,1,1
1004,1,702,373,160,360,1,1,1
1005,1,707,372,160,360,1,1,1
1006,1,711,371,160,360,1,1,1
1007,1,717,371,157,359,1,1,1
1008,1,722,370,154,359,1,1,1
1009,1,728,370,150,357,1,1,1
1010,1,733,369,147,357,1,1,1
1011,1,738,368,143,355,1,1,1
1012,1,742,367,143,357,1,1,1
1013,1,746,367,141,357,1,1,1
1014,1,750,366,139,358,1,1,1
1015,1,754,365,137,359,1,1,1
1016,1,757,363,136,360,1,1,1
1017,1,762,365,133,360,1,1,1
1018,1,766,366,130,360,1,1,1
1019,1,771,368,127,359,1,1,1
1020,1,776,369,123,359,1,1,1
1021,1,780,370,119,358,1,1,1
1022,1,782,373,119,358,1,1,1
1023,1,784,375,118,358,1,1,1
1024,1,786,377,117,358,1,1,1
1025,1,788,380,116,356,1,1,1
1026,1,790,381,115,356,1,1,1
1027,1,790,382,117,359,1,1,1
1028,1,791,382,119,362,1,1,1
1029,1,791,383,121,364,1,1,1
1030,1,791,383,123,366,1,1,1
1031,1,791,383,125,368,1,1,1
1032,1,791,384,127,368,1,1,1
1033,1,791,384,129,368,1,1,1
1034,1,791,385,130,367,1,1,1
1035,1,791,385,131,366,1,1,1
1036,1,790,385,133,365,1,1,1
1037,1,790,386,134,367,1,1,1
1038,1,789,386,136,368,1,1,1
1039,1,789,386,137,369,1,1,1
1040,1,788,385,138,372,1,1,1
1041,1,787,385,139,372,1,1,1
1042,1,788,384,140,374,1,1,1
1043,1,788,383,141,375,1,1,1
1044,1,789,382,141,376,1,1,1
1045,1,789,380,141,378,1,1,1
1046,1,789,379,141,379,1,1,1
1047,1,792,378,142,380,1,1,1
1048,1,794,378,142,379,1,1,1
1049,1,796,377,143,380,1,1,1
1050,1,798,376,143,381,1,1,1
1051,1,800,375,143,381,1,1,1
1052,1,801,375,147,381,1,1,1
1053,1,802,375,151,381,1,1,1
1054,1,803,375,155,381,1,1,1
1055,1,803,375,159,381,1,1,1
1056,1,804,375,162,381,1,1,1
1057,1,807,375,162,380,1,1,1
1058,1,810,374,162,381,1,1,1
1059,1,813,374,161,380,1,1,1
1060,1,816,373,161,380,1,1,1
1061,1,818,372,160,379,1,1,1
1062,1,821,370,157,381,1,1,1
1063,1,824,368,154,382,1,1,1
1064,1,826,365,151,385,1,1,1
1065,1,829,363,147,386,1,1,1
1066,1,831,360,143,387,1,1,1
1067,1,835,358,142,390,1,1,1
1068,1,838,356,140,393,1,1,1
1069,1,841,354,139,395,1,1,1
1070,1,845,352,137,398,1,1,1
1071,1,847,350,135,400,1,1,1
1072,1,849,348,133,402,1,1,1
1073,1,850,345,131,405,1,1,1
1074,1,850,343,130,407,1,1,1
1075,1,851,340,127,410,1,1,1
1076,1,852,337,125,412,1,1,1
1077,1,853,338,127,410,1,1,1
1078,1,855,338,127,409,1,1,1
1079,1,856,338,129,407,1,1,1
1080,1,857,338,130,405,1,1,1
1081,1,858,337,131,404,1,1,1
1082,1,859,338,131,405,1,1,1
1083,1,860,338,130,407,1,1,1
1084,1,861,339,130,408,1,1,1
1085,1,862,339,129,409,1,1,1
1086,1,862,339,129,410,1,1,1
1087,1,864,340,130,410,1,1,1
1088,1,865,340,130,410,1,1,1
1089,1,866,340,131,411,1,1,1
1090,1,868,340,131,411,1,1,1
1091,1,869,340,132,410,1,1,1
1092,1,870,340,132,412,1,1,1
1093,1,871,340,131,413,1,1,1
1094,1,872,340,130,414,1,1,1
1095,1,873,340,129,415,1,1,1
1096,1,873,340,129,415,1,1,1
1097,1,873,342,130,418,1,1,1
1098,1,872,344,132,421,1,1,1
1099,1,871,345,133,424,1,1,1
1100,1,871,347,134,427,1,1,1
1101,1,870,348,135,430,1,1,1
1102,1,869,350,137,430,1,1,1
1103,1,868,351,139,430,1,1,1
1104,1,867,353,141,430,1,1,1
1105,1,866,354,143,431,1,1,1
1106,1,865,355,144,430,1,1,1
1107,1,865,356,145,432,1,1,1
1108,1,865,356,146,433,1,1,1
1109,1,864,356,147,434,1,1,1
1110,1,864,357,148,435,1,1,1
1111,1,863,356,148,436,1,1,1
1112,1,863,357,153,436,1,1,1
1113,1,863,357,156,436,1,1,1
1114,1,863,357,159,437,1,1,1
1115,1,862,357,163,437,1,1,1
1116,1,861,357,166,436,1,1,1
1117,1,862,357,167,437,1,1,1
1118,1,862,357,167,438,1,1,1
1119,1,861,357,168,438,1,1,1
1120,1,861,357,168,438,1,1,1
1121,1,861,356,168,438,1,1,1
1122,1,862,357,165,440,1,1,1
1123,1,862,357,164,441,1,1,1
1124,1,862,358,162,442,1,1,1
1125,1,863,358,159,443,1,1,1
1126,1,863,358,157,444,1,1,1
1127,1,865,358,155,446,1,1,1
1128,1,867,357,153,449,1,1,1
1129,1,869,357,151,451,1,1,1
1130,1,872,356,148,454,1,1,1
1131,1,873,355,145,456,1,1,1
1132,1,875,355,147,459,1,1,1
1133,1,877,354,149,462,1,1,1
1134,1,879,354,150,463,1,1,1
1135,1,880,353,152,466,1,1,1
1136,1,881,352,152,468,1,1,1
1137,1,883,352,153,469,1,1,1
1138,1,884,352,154,470,1,1,1
1139,1,884,351,156,471,1,1,1
1140,1,885,351,156,472,1,1,1
1141,1,886,350,156,473,1,1,1
1142,1,887,351,158,473,1,1,1
1143,1,887,353,159,471,1,1,1
1144,1,888,354,160,470,1,1,1
1145,1,888,356,162,469,1,1,1
1146,1,888,356,162,468,1,1,1
1147,1,888,358,163,471,1,1,1
1148,1,887,358,164,475,1,1,1
1149,1,886,359,165,478,1,1,1
1150,1,884,359,166,482,1,1,1
1151,1,883,360,166,485,1,1,1
1152,1,883,360,167,486,1,1,1
1153,1,882,360,168,487,1,1,1
1154,1,881,360,169,488,1,1,1
1155,1,881,360,169,489,1,1,1
1156,1,880,360,170,490,1,1,1
1157,1,878,361,170,494,1,1,1
1158,1,875,361,171,498,1,1,1
1159,1,873,362,171,502,1,1,1
1160,1,871,363,171,506,1,1,1
1161,1,868,363,171,510,1,1,1
1162,1,865,362,171,511,1,1,1
1163,1,861,360,171,513,1,1,1
1164,1,858,358,170,514,1,1,1
1165,1,855,357,169,515,1,1,1
1166,1,851,355,168,516,1,1,1
1167,1,850,355,169,517,1,1,1
1168,1,848,356,171,516,1,1,1
1169,1,847,356,172,516,1,1,1
1170,1,845,356,173,516,1,1,1
1171,1,844,355,173,515,1,1,1
1172,1,844,356,175,515,1,1,1
1173,1,843,355,177,516,1,1,1
1174,1,843,355,178,516,1,1,1
1175,1,842,354,180,517,1,1,1
1176,1,841,353,181,516,1,1,1
1177,1,842,353,183,520,1,1,1
1178,1,842,353,185,523,1,1,1
1179,1,842,353,187,526,1,1,1
1180,1,843,353,187,529,1,1,1
1181,1,842,352,189,532,1,1,1
1182,1,845,354,189,534,1,1,1
1183,1,847,355,189,537,1,1,1
1184,1,849,356,189,539,1,1,1
1185,1,851,357,189,542,1,1,1
1186,1,853,358,188,544,1,1,1
1187,1,856,357,189,548,1,1,1
1188,1,859,355,189,552,1,1,1
1189,1,862,353,189,557,1,1,1
1190,1,865,352,189,560,1,1,1
1191,1,867,350,189,564,1,1,1
1192,1,870,350,190,565,1,1,1
1193,1,872,349,190,566,1,1,1
1194,1,874,349,191,567,1,1,1
1195,1,876,348,192,568,1,1,1
1196,1,878,347,191,569,1,1,1
1197,1,880,348,191,573,1,1,1
1198,1,880,347,193,579,1,1,1
1199,1,881,347,193,584,1,1,1
1200,1,882,347,193,588,1,1,1
1201,1,883,347,192,592,1,1,1
1202,1,884,348,192,596,1,1,1
1203,1,884,349,193,598,1,1,1
1204,1,884,350,193,601,1,1,1
1205,1,884,350,194,605,1,1,1
1206,1,884,351,193,607,1,1,1
1207,1,883,351,195,612,1,1,1
1208,1,883,350,195,617,1,1,1
1209,1,882,350,196,621,1,1,1
1210,1,881,349,197,626,1,1,1
1211,1,879,348,197,630,1,1,1
1212,1,878,347,198,635,1,1,1
1213,1,876,344,198,641,1,1,1
1214,1,874,342,198,645,1,1,1
1215,1,873,340,197,649,1,1,1
1216,1,870,337,197,654,1,1,1
1217,1,869,335,200,657,1,1,1
1218,1,867,332,202,661,1,1,1
1219,1,865,329,204,664,1,1,1
1220,1,863,326,206,667,1,1,1
1221,1,860,322,208,670,1,1,1
1222,1,862,323,210,670,1,1,1
1223,1,864,323,211,669,1,1,1
1224,1,865,323,214,668,1,1,1
1225,1,867,323,215,667,1,1,1
1226,1,868,322,216,666,1,1,1
1227,1,871,323,228,669,1,1,1
1228,1,873,323,239,672,1,1,1
1229,1,875,323,250,674,1,1,1
1230,1,877,323,262,677,1,1,1
1231,1,879,322,272,679,1,1,1
1232,1,884,324,275,678,1,1,1
1233,1,888,325,278,676,1,1,1
1234,1,893,327,280,674,1,1,1
1235,1,897,328,283,672,1,1,1
1236,1,902,329,285,670,1,1,1
1237,1,909,329,279,674,1,1,1
1238,1,916,329,272,677,1,1,1
1239,1,923,328,265,681,1,1,1
1240,1,930,328,259,684,1,1,1
1241,1,937,327,251,687,1,1,1
1242,1,943,328,246,688,1,1,1
1243,1,949,328,240,689,1,1,1
1244,1,954,328,235,690,1,1,1
1245,1,960,327,229,691,1,1,1
1246,1,965,327,223,691,1,1,1
1247,1,977,328,213,694,1,1,1
1248,1,989,329,201,697,1,1,1
1249,1,1001,329,190,700,1,1,1
1250,1,1013,330,178,703,1,1,1
1251,1,1025,330,166,705,1,1,1
1252,1,1033,331,171,708,1,1,1
1253,1,1041,331,175,711,1,1,1
1254,1,1049,331,179,714,1,1,1
1255,1,1057,332,182,716,1,1,1
1256,1,1065,331,186,719,1,1,1
1257,1,1071,332,201,717,1,1,1
1258,1,1076,332,216,716,1,1,1
1259,1,1081,332,232,714,1,1,1
1260,1,1086,332,247,712,1,1,1
802,2,1090,485,73,223,1,1,1
803,2,1095,485,70,222,1,1,1
804,2,1100,485,68,222,1,1,1
805,2,1105,485,65,222,1,1,1
806,2,1110,485,62,220,1,1,1
807,2,1113,488,70,218,1,1,1
808,2,1115,490,79,216,1,1,1
809,2,1118,492,86,214,1,1,1
810,2,1120,494,95,212,1,1,1
811,2,1122,495,102,210,1,1,1
812,2,1123,495,103,212,1,1,1
813,2,1122,494,105,214,1,1,1
814,2,1122,493,106,215,1,1,1
815,2,1122,493,107,216,1,1,1
816,2,1121,491,108,217,1,1,1
817,2,1125,491,105,218,1,1,1
818,2,1128,490,102,218,1,1,1
819,2,1132,490,98,218,1,1,1
820,2,1135,489,95,218,1,1,1
821,2,1138,488,91,218,1,1,1
822,2,1146,487,86,218,1,1,1
823,2,1153,485,81,219,1,1,1
824,2,1160,484,75,219,1,1,1
825,2,1168,482,69,219,1,1,1
826,2,1175,480,63,219,1,1,1
827,2,1177,480,67,221,1,1,1
828,2,1179,480,70,221,1,1,1
829,2,1181,480,72,222,1,1,1
830,2,1182,480,76,223,1,1,1
831,2,1184,479,78,224,1,1,1
832,2,1185,480,81,224,1,1,1
833,2,1186,481,83,222,1,1,1
834,2,1187,481,86,222,1,1,1
835,2,1188,481,88,222,1,1,1
836,2,1188,481,90,220,1,1,1
837,2,1190,480,90,221,1,1,1
838,2,1191,478,89,222,1,1,1
839,2,1192,477,89,222,1,1,1
840,2,1193,475,89,223,1,1,1
841,2,1193,473,88,223,1,1,1
842,2,1201,472,85,224,1,1,1
843,2,1209,471,81,225,1,1,1
844,2,1216,471,78,225,1,1,1
845,2,1224,470,73,226,1,1,1
846,2,1231,468,69,227,1,1,1
847,2,1235,468,70,227,1,1,1
848,2,1239,468,71,226,1,1,1
849,2,1243,467,71,226,1,1,1
850,2,1246,467,73,225,1,1,1
851,2,1250,466,73,225,1,1,1
852,2,1249,465,81,225,1,1,1
853,2,1249,464,87,226,1,1,1
854,2,1248,464,95,225,1,1,1
855,2,1248,463,102,226,1,1,1
856,2,1247,462,109,225,1,1,1
857,2,1248,461,108,226,1,1,1
858,2,1249,460,107,225,1,1,1
859,2,1250,459,106,225,1,1,1
860,2,1251,458,104,225,1,1,1
861,2,1252,457,103,223,1,1,1
862,2,1258,457,98,224,1,1,1
863,2,1263,456,93,224,1,1,1
864,2,1269,456,88,224,1,1,1
865,2,1274,455,83,224,1,1,1
866,2,1279,454,77,224,1,1,1
867,2,1286,455,75,225,1,1,1
868,2,1293,454,71,227,1,1,1
869,2,1300,454,68,228,1,1,1
870,2,1307,454,64,230,1,1,1
871,2,1313,454,61,230,1,1,1
872,2,1315,455,65,230,1,1,1
873,2,1317,455,68,229,1,1,1
874,2,1318,455,72,229,1,1,1
875,2,1320,456,75,228,1,1,1
876,2,1321,455,78,227,1,1,1
877,2,1322,456,81,228,1,1,1
878,2,1323,455,84,229,1,1,1
879,2,1324,455,86,230,1,1,1
880,2,1324,455,89,230,1,1,1
881,2,1325,454,91,231,1,1,1
896,2,1383,454,93,233,1,1,1
897,2,1382,454,99,234,1,1,1
898,2,1382,453,103,235,1,1,1
899,2,1381,453,109,236,1,1,1
900,2,1380,452,114,237,1,1,1
901,2,1379,452,118,237,1,1,1
902,2,1381,451,116,239,1,1,1
903,2,1383,450,113,241,1,1,1
904,2,1385,450,110,242,1,1,1
905,2,1387,449,108,244,1,1,1
906,2,1389,447,104,245,1,1,1
907,2,1395,448,100,245,1,1,1
908,2,1400,448,97,243,1,1,1
909,2,1405,448,94,242,1,1,1
910,2,1410,448,90,241,1,1,1
911,2,1414,447,87,239,1,1,1
912,2,1418,449,86,241,1,1,1
913,2,1421,450,84,242,1,1,1
914,2,1424,451,83,243,1,1,1
915,2,1428,451,80,246,1,1,1
916,2,1430,452,78,246,1,1,1
917,2,1433,453,78,246,1,1,1
918,2,1434,453,79,247,1,1,1
919,2,1436,454,78,246,1,1,1
920,2,1438,454,78,247,1,1,1
921,2,1439,454,77,246,1,1,1
922,2,1441,454,78,247,1,1,1
923,2,1442,454,78,248,1,1,1
924,2,1443,453,78,249,1,1,1
925,2,1444,452,79,250,1,1,1
926,2,1444,451,79,250,1,1,1
927,2,1446,451,79,251,1,1,1
928,2,1447,450,79,252,1,1,1
929,2,1448,449,79,252,1,1,1
930,2,1450,448,78,253,1,1,1
931,2,1451,446,78,253,1,1,1
932,2,1451,446,79,254,1,1,1
933,2,1451,446,80,253,1,1,1
934,2,1451,445,81,254,1,1,1
935,2,1451,444,81,254,1,1,1
936,2,1451,443,82,254,1,1,1
937,2,1452,444,89,255,1,1,1
938,2,1452,444,97,256,1,1,1
939,2,1453,444,104,256,1,1,1
940,2,1454,444,111,257,1,1,1
941,2,1454,443,118,258,1,1,1
942,2,1455,443,117,259,1,1,1
943,2,1457,442,113,259,1,1,1
944,2,1458,441,111,260,1,1,1
945,2,1459,440,109,260,1,1,1
946,2,1460,439,106,260,1,1,1
947,2,1463,439,104,261,1,1,1
948,2,1465,439,102,262,1,1,1
949,2,1468,438,99,263,1,1,1
950,2,1470,438,97,264,1,1,1
951,2,1472,437,93,264,1,1,1
952,2,1473,437,95,264,1,1,1
953,2,1473,436,97,264,1,1,1
954,2,1473,435,99,263,1,1,1
955,2,1473,434,100,263,1,1,1
956,2,1472,433,102,262,1,1,1
957,2,1475,433,101,263,1,1,1
958,2,1478,432,99,265,1,1,1
959,2,1480,432,98,265,1,1,1
960,2,1483,432,95,266,1,1,1
961,2,1485,431,93,266,1,1,1
962,2,1484,431,95,267,1,1,1
963,2,1483,431,96,267,1,1,1
964,2,1482,431,96,267,1,1,1
965,2,1481,431,97,267,1,1,1
966,2,1479,431,98,266,1,1,1
967,2,1479,431,97,267,1,1,1
968,2,1477,431,97,267,1,1,1
969,2,1476,431,96,267,1,1,1
970,2,1475,431,95,268,1,1,1
971,2,1474,431,94,268,1,1,1
972,2,1472,431,94,269,1,1,1
973,2,1470,430,95,271,1,1,1
974,2,1469,430,94,272,1,1,1
975,2,1467,430,94,273,1,1,1
976,2,1464,429,94,275,1,1,1
977,2,1462,428,96,276,1,1,1
978,2,1460,427,97,276,1,1,1
979,2,1457,426,99,277,1,1,1
980,2,1455,424,100,278,1,1,1
981,2,1452,423,101,278,1,1,1
982,2,1449,423,103,278,1,1,1
983,2,1445,423,105,278,1,1,1
984,2,1442,423,106,277,1,1,1
985,2,1438,422,108,278,1,1,1
986,2,1434,422,109,277,1,1,1
987,2,1429,422,114,278,1,1,1
988,2,1423,421,118,280,1,1,1
989,2,1417,421,123,280,1,1,1
990,2,1412,421,126,281,1,1,1
991,2,1405,420,130,282,1,1,1
992,2,1407,418,129,286,1,1,1
993,2,1409,416,127,289,1,1,1
994,2,1410,414,125,292,1,1,1
995,2,1412,412,123,295,1,1,1
996,2,1413,410,120,298,1,1,1
997,2,1414,409,121,299,1,1,1
998,2,1415,407,121,300,1,1,1
999,2,1416,406,122,301,1,1,1
1000,2,1417,404,122,302,1,1,1
1001,2,1417,402,122,303,1,1,1
1002,2,1419,402,123,303,1,1,1
1003,2,1421,403,123,301,1,1,1
1004,2,1422,403,124,300,1,1,1
1005,2,1424,403,125,299,1,1,1
1006,2,1425,402,125,298,1,1,1
1007,2,1426,400,127,301,1,1,1
1008,2,1427,398,128,302,1,1,1
1009,2,1428,395,129,304,1,1,1
1010,2,1429,393,130,306,1,1,1
1011,2,1430,390,130,307,1,1,1
1012,2,1431,392,130,306,1,1,1
1013,2,1432,394,129,304,1,1,1
1014,2,1433,396,128,302,1,1,1
1015,2,1434,398,127,301,1,1,1
1016,2,1434,400,127,298,1,1,1
1017,2,1432,399,127,302,1,1,1
1018,2,1430,398,127,306,1,1,1
1019,2,1428,397,127,309,1,1,1
1020,2,1425,396,128,313,1,1,1
1021,2,1422,394,128,316,1,1,1
1022,2,1419,397,131,315,1,1,1
1023,2,1415,400,134,314,1,1,1
1024,2,1412,402,135,313,1,1,1
1025,2,1408,404,138,312,1,1,1
1026,2,1404,406,140,310,1,1,1
1027,2,1396,407,148,311,1,1,1
1028,2,1388,408,154,311,1,1,1
1029,2,1380,408,161,312,1,1,1
1030,2,1372,409,168,312,1,1,1
1031,2,1363,409,175,312,1,1,1
1032,2,1376,409,161,314,1,1,1
1033,2,1389,408,147,316,1,1,1
1034,2,1401,408,134,316,1,1,1
1035,2,1414,408,119,317,1,1,1
1036,2,1426,407,105,319,1,1,1
1037,2,1424,407,108,321,1,1,1
1038,2,1422,407,109,322,1,1,1
1039,2,1419,407,111,323,1,1,1
1040,2,1417,406,113,326,1,1,1
1041,2,1414,406,114,327,1,1,1
1042,2,1410,406,117,328,1,1,1
1043,2,1406,406,119,328,1,1,1
1044,2,1402,406,121,329,1,1,1
1045,2,1398,406,123,329,1,1,1
1046,2,1393,406,125,329,1,1,1
1047,2,1394,405,125,330,1,1,1
1048,2,1395,404,124,330,1,1,1
1049,2,1395,403,124,330,1,1,1
1050,2,1395,401,124,331,1,1,1
1051,2,1395,400,122,331,1,1,1
1052,2,1396,399,122,332,1,1,1
1053,2,1396,398,122,332,1,1,1
1054,2,1396,396,122,334,1,1,1
1055,2,1396,395,121,335,1,1,1
1056,2,1395,393,120,335,1,1,1
1057,2,1392,394,123,336,1,1,1
1058,2,1387,395,127,336,1,1,1
1059,2,1383,395,130,337,1,1,1
1060,2,1379,395,133,337,1,1,1
1061,2,1375,395,135,337,1,1,1
1062,2,1376,395,132,338,1,1,1
1063,2,1377,393,128,340,1,1,1
1064,2,1378,392,125,341,1,1,1
1065,2,1378,391,122,342,1,1,1
1066,2,1379,389,118,343,1,1,1
1067,2,1376,386,120,346,1,1,1
1068,2,1373,383,122,347,1,1,1
1069,2,1369,380,124,348,1,1,1
1070,2,1366,376,125,351,1,1,1
1071,2,1362,372,127,352,1,1,1
1072,2,1361,373,124,352,1,1,1
1073,2,1359,372,122,352,1,1,1
1074,2,1358,372,119,352,1,1,1
1075,2,1356,371,117,352,1,1,1
1076,2,1354,370,114,352,1,1,1
1077,2,1350,369,115,356,1,1,1
1078,2,1347,367,115,360,1,1,1
1079,2,1343,366,116,363,1,1,1
1080,2,1339,364,116,367,1,1,1
1081,2,1335,362,116,370,1,1,1
1082,2,1335,363,117,372,1,1,1
1083,2,1334,364,117,373,1,1,1
1084,2,1333,365,118,375,1,1,1
1085,2,1332,366,118,376,1,1,1
1086,2,1331,366,118,377,1,1,1
1087,2,1330,366,120,377,1,1,1
1088,2,1330,365,121,377,1,1,1
1089,2,1329,364,122,378,1,1,1
1090,2,1328,363,124,378,1,1,1
1091,2,1327,361,125,378,1,1,1
1092,2,1324,362,128,379,1,1,1
1093,2,1321,362,132,379,1,1,1
1094,2,1318,361,135,380,1,1,1
1095,2,1315,361,138,380,1,1,1
1096,2,1312,361,140,380,1,1,1
1097,2,1311,363,140,382,1,1,1
1098,2,1309,365,141,384,1,1,1
1099,2,1307,366,141,387,1,1,1
1100,2,1305,368,142,388,1,1,1
1101,2,1303,370,141,390,1,1,1
1102,2,1303,372,140,392,1,1,1
1103,2,1302,374,139,394,1,1,1
1104,2,1301,376,139,396,1,1,1
1105,2,1301,377,137,398,1,1,1
1106,2,1300,379,136,400,1,1,1
1107,2,1297,379,137,401,1,1,1
1108,2,1294,380,139,401,1,1,1
1109,2,1292,380,139,402,1,1,1
1110,2,1289,380,140,402,1,1,1
1111,2,1286,380,141,402,1,1,1
1112,2,1282,380,144,403,1,1,1
1113,2,1277,380,146,403,1,1,1
1114,2,1273,380,148,403,1,1,1
1115,2,1269,380,150,403,1,1,1
1116,2,1264,379,152,403,1,1,1
1117,2,1263,380,153,407,1,1,1
1118,2,1261,380,154,411,1,1,1
1119,2,1259,380,155,414,1,1,1
1120,2,1257,380,156,418,1,1,1
1121,2,1255,380,156,420,1,1,1
1122,2,1256,381,157,423,1,1,1
1123,2,1257,382,156,424,1,1,1
1124,2,1257,383,157,425,1,1,1
1125,2,1258,384,156,427,1,1,1
1126,2,1258,384,155,428,1,1,1
1127,2,1261,383,155,432,1,1,1
1128,2,1263,382,154,435,1,1,1
1129,2,1266,380,152,439,1,1,1
1130,2,1268,379,152,441,1,1,1
1131,2,1270,377,150,444,1,1,1
1132,2,1272,377,150,444,1,1,1
1133,2,1272,377,151,443,1,1,1
1134,2,1273,376,151,444,1,1,1
1135,2,1274,376,151,443,1,1,1
1136,2,1275,375,151,442,1,1,1
1137,2,1275,375,153,445,1,1,1
1138,2,1275,374,154,449,1,1,1
1139,2,1275,374,155,451,1,1,1
1140,2,1275,374,157,454,1,1,1
1141,2,1275,373,158,456,1,1,1
1142,2,1274,376,158,458,1,1,1
1143,2,1274,377,158,460,1,1,1
1144,2,1273,379,158,462,1,1,1
1145,2,1273,381,157,463,1,1,1
1146,2,1272,383,156,463,1,1,1
1147,2,1271,384,159,467,1,1,1
1148,2,1271,384,160,471,1,1,1
1149,2,1270,384,162,475,1,1,1
1150,2,1269,385,163,478,1,1,1
1151,2,1268,385,165,481,1,1,1
1152,2,1268,382,164,484,1,1,1
1153,2,1267,379,164,487,1,1,1
1154,2,1266,376,164,490,1,1,1
1155,2,1266,373,163,492,1,1,1
1156,2,1265,370,163,495,1,1,1
1157,2,1268,371,159,494,1,1,1
1158,2,1270,371,156,494,1,1,1
1159,2,1273,372,151,493,1,1,1
1160,2,1276,373,147,492,1,1,1
1161,2,1278,373,143,491,1,1,1
1162,2,1284,373,143,492,1,1,1
1163,2,1289,373,142,491,1,1,1
1164,2,1294,372,142,492,1,1,1
1165,2,1300,372,141,492,1,1,1
1166,2,1305,371,140,491,1,1,1
1167,2,1308,373,142,490,1,1,1
1168,2,1310,374,144,489,1,1,1
1169,2,1313,374,145,489,1,1,1
1170,2,1315,375,148,488,1,1,1
1171,2,1317,376,148,486,1,1,1
1172,2,1318,376,149,487,1,1,1
1173,2,1319,376,148,486,1,1,1
1174,2,1319,376,148,486,1,1,1
1175,2,1320,376,147,486,1,1,1
1176,2,1320,375,147,485,1,1,1
1177,2,1322,375,146,485,1,1,1
1178,2,1324,375,144,484,1,1,1
1179,2,1326,374,142,484,1,1,1
1180,2,1328,373,140,484,1,1,1
1181,2,1329,372,138,483,1,1,1
1182,2,1334,373,145,481,1,1,1
1183,2,1338,373,152,480,1,1,1
1184,2,1342,373,160,478,1,1,1
1185,2,1347,373,166,477,1,1,1
1186,2,1350,373,173,475,1,1,1
1187,2,1355,372,173,475,1,1,1
1188,2,1359,371,173,475,1,1,1
1189,2,1363,371,174,474,1,1,1
1190,2,1367,370,174,474,1,1,1
1191,2,1370,368,173,473,1,1,1
1192,2,1376,371,174,472,1,1,1
1193,2,1382,373,173,470,1,1,1
1194,2,1387,375,173,468,1,1,1
1195,2,1392,377,173,466,1,1,1
1196,2,1397,378,172,464,1,1,1
1197,2,1395,380,178,463,1,1,1
1198,2,1392,381,183,462,1,1,1
1199,2,1389,383,189,460,1,1,1
1200,2,1386,384,195,460,1,1,1
1201,2,1383,385,200,458,1,1,1
1202,2,1386,385,203,459,1,1,1
1203,2,1389,385,206,459,1,1,1
1204,2,1391,385,210,459,1,1,1
1205,2,1394,385,214,460,1,1,1
1206,2,1396,384,216,460,1,1,1
1207,2,1405,385,213,457,1,1,1
1208,2,1412,386,210,453,1,1,1
1209,2,1420,387,206,449,1,1,1
1210,2,1428,387,202,446,1,1,1
1211,2,1435,387,199,442,1,1,1
1212,2,1441,387,194,443,1,1,1
1213,2,1448,387,188,443,1,1,1
1214,2,1454,386,182,444,1,1,1
1215,2,1460,386,177,443,1,1,1
1216,2,1466,385,170,443,1,1,1
1217,2,1468,387,166,444,1,1,1
1218,2,1470,389,161,444,1,1,1
1219,2,1472,390,155,444,1,1,1
1220,2,1473,392,151,444,1,1,1
1221,2,1475,393,145,443,1,1,1
1222,2,1475,395,146,441,1,1,1
1223,2,1475,396,146,438,1,1,1
1224,2,1475,398,146,435,1,1,1
1225,2,1475,399,146,432,1,1,1
1226,2,1475,400,145,429,1,1,1
1227,2,1475,398,150,431,1,1,1
1228,2,1476,397,154,431,1,1,1
1229,2,1476,395,159,433,1,1,1
1230,2,1477,393,162,434,1,1,1
1231,2,1477,391,166,435,1,1,1
1232,2,1482,393,165,432,1,1,1
1233,2,1488,393,162,430,1,1,1
1234,2,1493,394,161,427,1,1,1
1235,2,1499,395,158,424,1,1,1
1236,2,1504,395,156,420,1,1,1
1237,2,1505,395,153,419,1,1,1
1238,2,1505,395,151,416,1,1,1
1239,2,1506,394,147,414,1,1,1
1240,2,1506,394,145,412,1,1,1
1241,2,1506,393,141,409,1,1,1
1242,2,1507,395,140,408,1,1,1
1243,2,1508,397,138,407,1,1,1
1244,2,1508,399,136,406,1,1,1
1245,2,1509,401,134,404,1,1,1
1246,2,1509,402,132,403,1,1,1
1247,2,1510,403,134,403,1,1,1
1248,2,1511,404,135,402,1,1,1
1249,2,1512,405,136,402,1,1,1
1250,2,1513,406,137,401,1,1,1
1251,2,1514,407,138,400,1,1,1
1252,2,1512,406,142,399,1,1,1
1253,2,1510,404,146,399,1,1,1
1254,2,1509,403,149,398,1,1,1
1255,2,1507,401,153,399,1,1,1
1256,2,1504,400,157,397,1,1,1
1257,2,1507,400,157,393,1,1,1
1258,2,1509,399,157,390,1,1,1
1259,2,1511,399,157,385,1,1,1
1260,2,1513,398,157,382,1,1,1
802,3,1005,481,89,337,1,1,1
803,3,1000,483,90,335,1,1,1
804,3,995,484,92,334,1,1,1
805,3,990,486,93,331,1,1,1
806,3,985,487,93,329,1,1,1
807,3,982,489,96,329,1,1,1
808,3,979,491,97,329,1,1,1
809,3,975,492,99,330,1,1,1
810,3,972,494,100,329,1,1,1
811,3,968,495,102,329,1,1,1
812,3,966,496,102,328,1,1,1
813,3,963,496,103,327,1,1,1
814,3,960,495,103,327,1,1,1
815,3,958,495,103,326,1,1,1
816,3,954,495,103,325,1,1,1
817,3,953,494,102,323,1,1,1
818,3,952,492,100,321,1,1,1
819,3,950,491,98,319,1,1,1
820,3,948,490,97,317,1,1,1
821,3,946,488,95,315,1,1,1
822,3,942,487,99,315,1,1,1
823,3,938,486,102,314,1,1,1
824,3,934,484,105,315,1,1,1
825,3,929,483,109,314,1,1,1
826,3,925,481,112,313,1,1,1
827,3,920,483,114,313,1,1,1
828,3,914,483,117,313,1,1,1
829,3,909,484,119,313,1,1,1
830,3,904,485,121,312,1,1,1
831,3,898,485,123,312,1,1,1
832,3,897,486,121,310,1,1,1
833,3,897,486,117,310,1,1,1
834,3,896,487,115,308,1,1,1
835,3,895,487,113,307,1,1,1
836,3,894,487,109,305,1,1,1
837,3,890,485,112,305,1,1,1
838,3,886,483,113,305,1,1,1
839,3,882,481,115,304,1,1,1
840,3,877,478,117,304,1,1,1
841,3,873,475,118,303,1,1,1
842,3,872,475,115,304,1,1,1
843,3,871,473,112,305,1,1,1
844,3,870,472,108,305,1,1,1
845,3,869,471,104,306,1,1,1
846,3,867,469,101,306,1,1,1
847,3,867,469,101,306,1,1,1
848,3,865,468,103,307,1,1,1
849,3,864,468,104,306,1,1,1
850,3,863,467,104,307,1,1,1
851,3,862,466,105,307,1,1,1
852,3,861,466,105,306,1,1,1
853,3,860,466,105,304,1,1,1
854,3,859,466,104,303,1,1,1
855,3,858,466,104,302,1,1,1
856,3,857,465,103,300,1,1,1
857,3,858,464,103,301,1,1,1
858,3,858,463,102,300,1,1,1
859,3,858,461,101,301,1,1,1
860,3,858,460,101,300,1,1,1
861,3,858,458,100,300,1,1,1
862,3,859,457,100,299,1,1,1
863,3,860,456,100,299,1,1,1
864,3,860,455,101,298,1,1,1
865,3,861,453,102,298,1,1,1
866,3,861,452,102,296,1,1,1
867,3,863,453,98,294,1,1,1
868,3,865,453,93,293,1,1,1
869,3,867,454,88,290,1,1,1
870,3,869,455,83,287,1,1,1
871,3,870,455,78,285,1,1,1
872,3,872,455,80,286,1,1,1
873,3,873,454,83,288,1,1,1
874,3,875,454,85,288,1,1,1
875,3,876,453,87,289,1,1,1
876,3,877,452,89,290,1,1,1
877,3,878,453,88,289,1,1,1
878,3,879,454,87,287,1,1,1
879,3,880,455,86,286,1,1,1
880,3,880,456,86,284,1,1,1
881,3,880,457,84,282,1,1,1
882,3,881,457,85,281,1,1,1
883,3,882,457,84,280,1,1,1
884,3,882,457,84,279,1,1,1
885,3,883,457,83,278,1,1,1
886,3,883,457,83,277,1,1,1
887,3,883,456,83,276,1,1,1
888,3,882,454,84,276,1,1,1
889,3,882,453,83,275,1,1,1
890,3,882,451,83,274,1,1,1
891,3,881,450,83,272,1,1,1
892,3,883,452,84,271,1,1,1
893,3,884,453,86,269,1,1,1
894,3,885,455,87,267,1,1,1
895,3,886,457,89,264,1,1,1
896,3,887,458,89,262,1,1,1
897,3,889,457,94,264,1,1,1
898,3,891,457,98,265,1,1,1
899,3,892,456,103,266,1,1,1
900,3,894,455,106,268,1,1,1
901,3,895,454,110,268,1,1,1
902,3,898,455,111,269,1,1,1
903,3,901,455,111,270,1,1,1
904,3,903,455,112,270,1,1,1
905,3,906,456,112,270,1,1,1
906,3,908,456,112,270,1,1,1
907,3,910,455,110,271,1,1,1
908,3,911,455,109,270,1,1,1
909,3,912,454,108,269,1,1,1
910,3,913,453,106,269,1,1,1
911,3,914,452,104,268,1,1,1
912,3,918,452,101,267,1,1,1
913,3,922,453,96,264,1,1,1
914,3,926,453,92,262,1,1,1
915,3,930,453,88,261,1,1,1
916,3,933,453,84,258,1,1,1
917,3,938,454,80,258,1,1,1
918,3,943,454,75,257,1,1,1
919,3,948,454,70,257,1,1,1
920,3,953,454,65,257,1,1,1
921,3,958,454,59,255,1,1,1
922,3,961,455,60,255,1,1,1
923,3,963,455,61,254,1,1,1
924,3,965,455,63,254,1,1,1
925,3,967,455,64,254,1,1,1
926,3,969,454,64,253,1,1,1
927,3,970,454,68,254,1,1,1
928,3,971,454,71,253,1,1,1
929,3,972,453,74,253,1,1,1
930,3,972,453,78,253,1,1,1
931,3,972,452,81,253,1,1,1
932,3,973,451,81,253,1,1,1
933,3,973,450,82,253,1,1,1
934,3,974,449,81,252,1,1,1
935,3,974,448,81,252,1,1,1
936,3,973,446,81,252,1,1,1
937,3,979,446,76,251,1,1,1
938,3,984,446,72,249,1,1,1
939,3,990,445,66,248,1,1,1
940,3,995,444,61,247,1,1,1
941,3,1000,443,56,245,1,1,1
942,3,1001,442,63,247,1,1,1
943,3,1003,440,68,248,1,1,1
944,3,1004,437,75,250,1,1,1
945,3,1005,435,81,251,1,1,1
946,3,1006,433,87,252,1,1,1
947,3,1008,435,89,250,1,1,1
948,3,1009,437,91,248,1,1,1
949,3,1010,438,94,246,1,1,1
950,3,1011,440,96,244,1,1,1
951,3,1012,441,97,241,1,1,1
952,3,1013,441,98,242,1,1,1
953,3,1013,441,98,242,1,1,1
954,3,1013,440,99,243,1,1,1
955,3,1013,440,99,243,1,1,1
956,3,1012,439,100,243,1,1,1
957,3,1015,439,95,244,1,1,1
958,3,1018,439,90,243,1,1,1
959,3,1021,438,85,244,1,1,1
960,3,1024,438,80,244,1,1,1
961,3,1027,437,75,243,1,1,1
962,3,1030,436,75,245,1,1,1
963,3,1032,434,75,247,1,1,1
964,3,1035,433,74,248,1,1,1
965,3,1037,431,75,250,1,1,1
966,3,1039,429,74,251,1,1,1
967,3,1040,429,83,251,1,1,1
968,3,1040,428,91,251,1,1,1
969,3,1041,428,99,250,1,1,1
970,3,1041,427,107,250,1,1,1
971,3,1041,426,116,250,1,1,1
972,3,1043,426,113,250,1,1,1
973,3,1045,425,111,250,1,1,1
974,3,1046,425,109,250,1,1,1
975,3,1048,425,107,249,1,1,1
976,3,1050,424,104,249,1,1,1
977,3,1053,423,100,250,1,1,1
978,3,1055,422,97,251,1,1,1
979,3,1058,421,93,251,1,1,1
980,3,1061,420,89,251,1,1,1
981,3,1063,418,85,251,1,1,1
982,3,1066,418,83,253,1,1,1
983,3,1069,418,80,253,1,1,1
984,3,1072,417,77,254,1,1,1
985,3,1074,417,75,254,1,1,1
986,3,1077,415,72,254,1,1,1
987,3,1078,415,71,255,1,1,1
988,3,1079,415,69,255,1,1,1
989,3,1080,414,68,255,1,1,1
990,3,1082,414,66,255,1,1,1
991,3,1082,413,64,254,1,1,1
992,3,1082,413,65,254,1,1,1
993,3,1081,413,66,254,1,1,1
994,3,1081,412,66,254,1,1,1
995,3,1080,412,66,254,1,1,1
996,3,1079,411,66,253,1,1,1
997,3,1082,411,65,253,1,1,1
998,3,1084,410,65,254,1,1,1
999,3,1086,409,64,254,1,1,1
1000,3,1088,409,63,253,1,1,1
1001,3,1089,407,63,253,1,1,1
1002,3,1092,407,64,254,1,1,1
1003,3,1094,406,65,254,1,1,1
1004,3,1097,405,65,254,1,1,1
1005,3,1099,404,65,254,1,1,1
1006,3,1101,403,65,254,1,1,1
1007,3,1105,402,65,254,1,1,1
1008,3,1109,402,64,253,1,1,1
1009,3,1112,401,64,253,1,1,1
1010,3,1116,400,63,254,1,1,1
1011,3,1119,399,62,253,1,1,1
1012,3,1123,399,63,252,1,1,1
1013,3,1126,398,64,252,1,1,1
1014,3,1130,398,64,251,1,1,1
1015,3,1133,397,64,251,1,1,1
1016,3,1136,396,64,250,1,1,1
1017,3,1139,398,70,250,1,1,1
1018,3,1141,399,75,250,1,1,1
1019,3,1143,401,81,249,1,1,1
1020,3,1145,402,86,249,1,1,1
1021,3,1146,403,91,248,1,1,1
1022,3,1148,405,92,249,1,1,1
1023,3,1149,408,93,248,1,1,1
1024,3,1150,410,94,247,1,1,1
1025,3,1151,412,95,247,1,1,1
1026,3,1152,414,95,246,1,1,1
1027,3,1154,414,95,247,1,1,1
1028,3,1155,413,95,249,1,1,1
1029,3,1157,413,94,249,1,1,1
1030,3,1158,412,94,251,1,1,1
1031,3,1159,411,93,252,1,1,1
1032,3,1164,410,92,253,1,1,1
1033,3,1168,409,90,254,1,1,1
1034,3,1172,408,89,255,1,1,1
1035,3,1177,407,86,256,1,1,1
1036,3,1180,405,84,257,1,1,1
1051,3,1220,408,129,252,1,1,1
1052,3,1225,407,126,253,1,1,1
1053,3,1228,407,125,252,1,1,1
1054,3,1232,406,122,252,1,1,1
1055,3,1236,405,119,252,1,1,1
1056,3,1239,404,116,252,1,1,1
1057,3,1245,403,111,252,1,1,1
1058,3,1250,403,105,252,1,1,1
1059,3,1256,402,99,252,1,1,1
1060,3,1261,401,94,252,1,1,1
1061,3,1266,400,87,252,1,1,1
1062,3,1271,398,85,252,1,1,1
1063,3,1276,395,82,252,1,1,1
1064,3,1280,393,79,252,1,1,1
1065,3,1285,390,76,252,1,1,1
1066,3,1289,387,72,252,1,1,1
1067,3,1294,386,74,253,1,1,1
1068,3,1298,385,75,253,1,1,1
1069,3,1302,384,76,253,1,1,1
1070,3,1306,383,77,253,1,1,1
1071,3,1310,381,77,254,1,1,1
1072,3,1310,380,81,254,1,1,1
1073,3,1310,380,85,253,1,1,1
1074,3,1309,379,90,253,1,1,1
1075,3,1309,378,94,252,1,1,1
1076,3,1308,377,97,252,1,1,1
1101,3,1403,378,88,265,1,1,1
1102,3,1401,380,91,265,1,1,1
1103,3,1399,381,94,266,1,1,1
1104,3,1396,382,97,267,1,1,1
1105,3,1394,383,100,268,1,1,1
1106,3,1391,384,102,268,1,1,1
1107,3,1399,386,98,268,1,1,1
1108,3,1406,386,93,268,1,1,1
1109,3,1413,387,89,268,1,1,1
1110,3,1419,388,85,268,1,1,1
1111,3,1426,388,80,268,1,1,1
1112,3,1430,389,79,269,1,1,1
1113,3,1433,390,79,270,1,1,1
1114,3,1436,391,78,270,1,1,1
1115,3,1440,391,77,272,1,1,1
1116,3,1442,391,76,272,1,1,1
1117,3,1445,392,77,273,1,1,1
1118,3,1446,392,79,274,1,1,1
1119,3,1448,392,80,275,1,1,1
1120,3,1450,392,80,276,1,1,1
1121,3,1451,391,81,277,1,1,1
1122,3,1453,392,83,277,1,1,1
1123,3,1455,392,84,277,1,1,1
1124,3,1457,392,84,276,1,1,1
1125,3,1459,392,85,276,1,1,1
1126,3,1460,391,85,276,1,1,1
1127,3,1463,391,86,277,1,1,1
1128,3,1465,390,87,278,1,1,1
1129,3,1468,389,87,280,1,1,1
1130,3,1470,388,88,281,1,1,1
1131,3,1472,387,88,281,1,1,1
1132,3,1474,387,91,282,1,1,1
1133,3,1477,387,92,282,1,1,1
1134,3,1479,386,94,282,1,1,1
1135,3,1481,386,96,282,1,1,1
1136,3,1483,385,97,282,1,1,1
1137,3,1487,387,98,284,1,1,1
1138,3,1490,388,99,285,1,1,1
1139,3,1493,388,99,288,1,1,1
1140,3,1497,389,99,290,1,1,1
1141,3,1500,390,100,291,1,1,1
1151,3,1526,386,90,296,1,1,1
1152,3,1530,387,90,299,1,1,1
1153,3,1534,387,89,301,1,1,1
1154,3,1538,388,88,302,1,1,1
1155,3,1541,388,88,305,1,1,1
1156,3,1545,388,86,306,1,1,1
1157,3,1542,390,92,306,1,1,1
1158,3,1539,391,97,305,1,1,1
1159,3,1536,392,103,305,1,1,1
1160,3,1533,394,108,304,1,1,1
1161,3,1530,395,113,303,1,1,1
1162,3,1531,394,113,304,1,1,1
1163,3,1532,392,114,305,1,1,1
1164,3,1533,391,114,306,1,1,1
1165,3,1534,389,114,307,1,1,1
1166,3,1535,387,113,308,1,1,1
1167,3,1539,387,112,309,1,1,1
1168,3,1542,386,110,311,1,1,1
1169,3,1545,385,109,313,1,1,1
1170,3,1548,384,108,314,1,1,1
1171,3,1551,383,105,315,1,1,1
1172,3,1553,384,109,315,1,1,1
1173,3,1554,384,113,315,1,1,1
1174,3,1555,384,117,315,1,1,1
1175,3,1557,384,120,315,1,1,1
1176,3,1558,384,124,314,1,1,1
1177,3,1560,385,127,315,1,1,1
1178,3,1563,386,128,314,1,1,1
1179,3,1565,387,130,314,1,1,1
1180,3,1567,388,132,314,1,1,1
1181,3,1569,389,134,313,1,1,1
1182,3,1572,388,131,316,1,1,1
1183,3,1574,387,129,318,1,1,1
1184,3,1577,386,125,320,1,1,1
1185,3,1579,385,123,323,1,1,1
1186,3,1581,383,120,325,1,1,1
1187,3,1585,383,122,326,1,1,1
1188,3,1589,382,122,327,1,1,1
1189,3,1592,381,124,328,1,1,1
1190,3,1595,381,126,328,1,1,1
1191,3,1598,380,127,329,1,1,1
1192,3,1602,381,126,330,1,1,1
1193,3,1605,381,125,331,1,1,1
1194,3,1607,382,126,331,1,1,1
1195,3,1610,383,125,331,1,1,1
1196,3,1613,383,123,332,1,1,1
1197,3,1616,385,122,332,1,1,1
1198,3,1619,386,121,333,1,1,1
1199,3,1621,388,120,332,1,1,1
1200,3,1624,389,119,333,1,1,1
1201,3,1627,390,117,333,1,1,1
1202,3,1628,391,119,336,1,1,1
1203,3,1629,392,121,338,1,1,1
1204,3,1630,393,122,340,1,1,1
1205,3,1630,394,125,342,1,1,1
1206,3,1631,394,126,343,1,1,1
1207,3,1634,395,126,345,1,1,1
1208,3,1637,395,125,346,1,1,1
1209,3,1639,396,125,347,1,1,1
1210,3,1642,396,124,348,1,1,1
1211,3,1644,396,124,349,1,1,1
1212,3,1647,396,122,349,1,1,1
1213,3,1650,395,120,349,1,1,1
1214,3,1653,395,118,348,1,1,1
1215,3,1656,394,116,348,1,1,1
1216,3,1658,393,114,347,1,1,1
1217,3,1660,394,115,350,1,1,1
1218,3,1661,394,116,353,1,1,1
1219,3,1662,394,117,355,1,1,1
1220,3,1663,394,118,358,1,1,1
1221,3,1664,393,118,360,1,1,1
1222,3,1667,396,127,358,1,1,1
1223,3,1670,398,134,355,1,1,1
1224,3,1672,400,143,353,1,1,1
1225,3,1675,402,150,350,1,1,1
1226,3,1677,404,158,347,1,1,1
1227,3,1679,404,156,349,1,1,1
1228,3,1681,404,154,351,1,1,1
1229,3,1683,404,151,352,1,1,1
1230,3,1685,404,149,353,1,1,1
1231,3,1687,404,145,354,1,1,1
1232,3,1691,404,146,356,1,1,1
1233,3,1694,404,148,357,1,1,1
1234,3,1698,404,148,358,1,1,1
1235,3,1701,404,149,359,1,1,1
1236,3,1704,404,150,360,1,1,1
1237,3,1711,403,145,361,1,1,1
1238,3,1717,403,140,360,1,1,1
1239,3,1723,402,135,360,1,1,1
1240,3,1730,401,130,361,1,1,1
1241,3,1736,400,125,361,1,1,1
1242,3,1737,401,126,362,1,1,1
1243,3,1739,402,127,363,1,1,1
1244,3,1740,404,128,363,1,1,1
1245,3,1742,405,128,364,1,1,1
1246,3,1742,405,129,365,1,1,1
1247,3,1745,406,130,368,1,1,1
1248,3,1748,407,128,369,1,1,1
1249,3,1750,407,128,372,1,1,1
1250,3,1752,408,128,373,1,1,1
1251,3,1754,408,127,375,1,1,1
1252,3,1757,408,127,375,1,1,1
1253,3,1759,408,127,374,1,1,1
1254,3,1760,408,128,374,1,1,1
1255,3,1762,407,128,374,1,1,1
1256,3,1764,407,127,373,1,1,1
1257,3,1765,406,127,375,1,1,1
1258,3,1766,405,126,376,1,1,1
1259,3,1766,403,126,378,1,1,1
1260,3,1767,402,125,379,1,1,1
802,4,1532,463,109,300,1,1,1
803,4,1532,463,108,301,1,1,1
804,4,1532,464,107,301,1,1,1
805,4,1533,464,105,302,1,1,1
806,4,1533,464,104,302,1,1,1
807,4,1534,465,103,301,1,1,1
808,4,1534,466,102,300,1,1,1
809,4,1535,467,100,298,1,1,1
810,4,1535,468,99,297,1,1,1
811,4,1535,468,97,295,1,1,1
812,4,1534,469,97,296,1,1,1
813,4,1533,469,95,297,1,1,1
814,4,1531,469,94,298,1,1,1
815,4,1530,469,93,299,1,1,1
816,4,1528,469,91,300,1,1,1
817,4,1527,468,89,300,1,1,1
818,4,1525,467,86,300,1,1,1
819,4,1523,467,84,300,1,1,1
820,4,1522,466,81,300,1,1,1
821,4,1520,465,78,300,1,1,1
822,4,1514,464,83,300,1,1,1
823,4,1508,463,87,299,1,1,1
824,4,1502,463,92,298,1,1,1
825,4,1496,462,96,298,1,1,1
826,4,1490,461,100,297,1,1,1
827,4,1485,461,103,298,1,1,1
828,4,1479,462,106,298,1,1,1
829,4,1473,462,109,299,1,1,1
830,4,1468,463,112,298,1,1,1
831,4,1462,462,114,299,1,1,1
832,4,1461,463,115,298,1,1,1
833,4,1459,463,116,298,1,1,1
834,4,1458,463,116,297,1,1,1
835,4,1457,463,116,296,1,1,1
836,4,1455,462,116,295,1,1,1
837,4,1455,461,116,297,1,1,1
838,4,1454,460,115,297,1,1,1
839,4,1453,459,115,297,1,1,1
840,4,1453,458,113,297,1,1,1
841,4,1451,456,112,298,1,1,1
842,4,1453,456,107,299,1,1,1
843,4,1453,456,103,298,1,1,1
844,4,1454,456,98,298,1,1,1
845,4,1455,456,92,298,1,1,1
846,4,1455,456,87,297,1,1,1
847,4,1454,455,84,300,1,1,1
848,4,1453,454,81,301,1,1,1
849,4,1452,453,78,303,1,1,1
850,4,1451,451,74,305,1,1,1
851,4,1450,450,71,307,1,1,1
852,4,1442,450,77,305,1,1,1
853,4,1433,449,84,303,1,1,1
854,4,1425,449,90,301,1,1,1
855,4,1417,449,96,299,1,1,1
856,4,1408,448,102,297,1,1,1
857,4,1407,448,103,297,1,1,1
858,4,1406,447,103,299,1,1,1
859,4,1405,447,103,299,1,1,1
860,4,1403,446,104,300,1,1,1
861,4,1402,445,104,300,1,1,1
862,4,1402,445,103,300,1,1,1
863,4,1402,444,102,301,1,1,1
864,4,1401,443,103,301,1,1,1
865,4,1401,442,102,302,1,1,1
866,4,1400,440,100,302,1,1,1
867,4,1400,441,99,303,1,1,1
868,4,1399,441,97,304,1,1,1
869,4,1398,442,96,304,1,1,1
870,4,1398,442,93,305,1,1,1
871,4,1396,442,91,305,1,1,1
872,4,1395,442,89,306,1,1,1
873,4,1393,441,88,307,1,1,1
874,4,1392,441,85,307,1,1,1
875,4,1390,440,83,309,1,1,1
876,4,1388,439,80,309,1,1,1
877,4,1381,440,87,308,1,1,1
878,4,1374,440,92,308,1,1,1
879,4,1366,440,98,307,1,1,1
880,4,1359,440,104,306,1,1,1
881,4,1352,440,109,305,1,1,1
882,4,1349,440,110,305,1,1,1
883,4,1345,439,112,306,1,1,1
884,4,1341,439,114,306,1,1,1
885,4,1338,438,115,306,1,1,1
886,4,1334,437,116,306,1,1,1
887,4,1333,438,117,307,1,1,1
888,4,1331,438,118,309,1,1,1
889,4,1330,439,118,310,1,1,1
890,4,1329,439,118,311,1,1,1
891,4,1327,439,118,312,1,1,1
892,4,1327,439,119,313,1,1,1
893,4,1327,439,120,313,1,1,1
894,4,1327,438,120,314,1,1,1
895,4,1327,438,121,314,1,1,1
896,4,1327,437,120,314,1,1,1
897,4,1327,438,119,314,1,1,1
898,4,1326,438,119,314,1,1,1
899,4,1326,438,117,314,1,1,1
900,4,1325,438,116,314,1,1,1
901,4,1325,437,114,314,1,1,1
902,4,1325,437,108,315,1,1,1
903,4,1326,437,101,315,1,1,1
904,4,1326,436,95,316,1,1,1
905,4,1327,436,88,316,1,1,1
906,4,1327,435,81,316,1,1,1
907,4,1325,435,81,317,1,1,1
908,4,1322,435,81,318,1,1,1
909,4,1320,435,81,318,1,1,1
910,4,1317,435,81,319,1,1,1
911,4,1314,435,81,318,1,1,1
912,4,1313,436,82,319,1,1,1
913,4,1311,436,83,320,1,1,1
914,4,1309,437,84,320,1,1,1
915,4,1307,438,85,320,1,1,1
916,4,1304,438,85,321,1,1,1
917,4,1305,438,84,322,1,1,1
918,4,1305,437,82,323,1,1,1
919,4,1305,437,80,323,1,1,1
920,4,1305,437,78,324,1,1,1
921,4,1304,436,76,325,1,1,1
922,4,1304,436,78,324,1,1,1
923,4,1302,436,80,323,1,1,1
924,4,1301,436,82,322,1,1,1
925,4,1300,435,83,322,1,1,1
926,4,1299,435,84,321,1,1,1
927,4,1298,435,87,321,1,1,1
928,4,1297,434,89,321,1,1,1
929,4,1297,433,91,321,1,1,1
930,4,1296,433,93,321,1,1,1
931,4,1294,432,95,320,1,1,1
932,4,1294,432,94,321,1,1,1
933,4,1292,431,94,321,1,1,1
934,4,1291,430,92,321,1,1,1
935,4,1290,430,91,321,1,1,1
936,4,1288,429,89,320,1,1,1
937,4,1288,428,89,321,1,1,1
938,4,1287,427,89,321,1,1,1
939,4,1287,425,88,321,1,1,1
940,4,1286,424,88,321,1,1,1
941,4,1285,422,87,320,1,1,1
942,4,1285,423,90,322,1,1,1
943,4,1285,424,92,321,1,1,1
944,4,1284,424,95,322,1,1,1
945,4,1284,425,97,322,1,1,1
946,4,1283,425,100,322,1,1,1
947,4,1282,424,99,325,1,1,1
948,4,1281,423,97,327,1,1,1
949,4,1280,421,96,329,1,1,1
950,4,1278,420,95,331,1,1,1
951,4,1277,418,93,333,1,1,1
952,4,1276,419,96,330,1,1,1
953,4,1275,419,99,327,1,1,1
954,4,1273,419,103,324,1,1,1
955,4,1272,419,106,321,1,1,1
956,4,1270,418,108,318,1,1,1
957,4,1269,419,108,318,1,1,1
958,4,1267,420,107,316,1,1,1
959,4,1265,420,107,315,1,1,1
960,4,1263,420,106,314,1,1,1
961,4,1260,420,106,312,1,1,1
962,4,1256,420,109,313,1,1,1
963,4,1251,419,112,313,1,1,1
964,4,1246,418,115,314,1,1,1
965,4,1241,417,118,314,1,1,1
966,4,1236,415,120,314,1,1,1
967,4,1232,416,121,313,1,1,1
968,4,1228,416,120,313,1,1,1
969,4,1224,416,120,312,1,1,1
970,4,1220,416,119,311,1,1,1
971,4,1216,416,119,310,1,1,1
972,4,1215,416,114,309,1,1,1
973,4,1213,415,111,309,1,1,1
974,4,1212,415,106,308,1,1,1
975,4,1211,414,102,307,1,1,1
976,4,1209,413,97,306,1,1,1
977,4,1209,412,95,306,1,1,1
978,4,1208,411,94,305,1,1,1
979,4,1207,410,92,304,1,1,1
980,4,1206,409,91,303,1,1,1
981,4,1205,407,88,302,1,1,1
982,4,1204,406,88,303,1,1,1
983,4,1202,405,87,304,1,1,1
984,4,1200,405,87,303,1,1,1
985,4,1198,404,86,304,1,1,1
986,4,1195,402,86,304,1,1,1
987,4,1195,403,85,303,1,1,1
988,4,1194,402,84,303,1,1,1
989,4,1193,402,84,303,1,1,1
990,4,1192,402,83,302,1,1,1
991,4,1190,401,82,300,1,1,1
992,4,1190,401,82,301,1,1,1
993,4,1189,400,82,302,1,1,1
994,4,1187,400,83,301,1,1,1
995,4,1186,399,83,301,1,1,1
996,4,1185,397,82,301,1,1,1
997,4,1186,397,83,302,1,1,1
998,4,1188,396,81,302,1,1,1
999,4,1189,395,81,303,1,1,1
1000,4,1190,394,81,303,1,1,1
1001,4,1191,393,80,302,1,1,1
1002,4,1193,393,80,303,1,1,1
1003,4,1195,392,80,303,1,1,1
1004,4,1198,391,79,303,1,1,1
1005,4,1200,390,79,303,1,1,1
1006,4,1201,388,78,302,1,1,1
1007,4,1206,388,77,303,1,1,1
1008,4,1209,388,77,302,1,1,1
1009,4,1213,387,76,302,1,1,1
1010,4,1217,386,75,302,1,1,1
1011,4,1220,385,74,302,1,1,1
1012,4,1221,385,75,302,1,1,1
1013,4,1222,385,76,301,1,1,1
1014,4,1222,384,77,301,1,1,1
1015,4,1222,384,79,300,1,1,1
1016,4,1222,383,79,300,1,1,1
1017,4,1224,384,80,300,1,1,1
1018,4,1225,385,80,300,1,1,1
1019,4,1226,386,81,300,1,1,1
1020,4,1227,388,82,300,1,1,1
1021,4,1228,388,82,300,1,1,1
1022,4,1229,390,82,300,1,1,1
1023,4,1230,391,82,299,1,1,1
1024,4,1231,393,81,298,1,1,1
1025,4,1232,394,81,298,1,1,1
1026,4,1232,395,80,297,1,1,1
1027,4,1232,396,83,298,1,1,1
1028,4,1232,397,84,298,1,1,1
1029,4,1231,398,86,297,1,1,1
1030,4,1231,398,88,298,1,1,1
1031,4,1230,398,89,297,1,1,1
1032,4,1229,399,91,297,1,1,1
1033,4,1227,400,93,295,1,1,1
1034,4,1226,400,95,294,1,1,1
1035,4,1224,401,97,293,1,1,1
1036,4,1222,401,98,291,1,1,1
1037,4,1221,401,99,292,1,1,1
1038,4,1219,400,100,294,1,1,1
1039,4,1217,399,100,296,1,1,1
1040,4,1215,399,101,296,1,1,1
1041,4,1212,397,102,297,1,1,1
1042,4,1209,398,103,298,1,1,1
1043,4,1205,399,105,298,1,1,1
1044,4,1201,399,106,298,1,1,1
1045,4,1198,400,107,298,1,1,1
1046,4,1193,400,108,297,1,1,1
1047,4,1193,399,109,297,1,1,1
1048,4,1193,398,108,296,1,1,1
1049,4,1193,396,108,296,1,1,1
1050,4,1192,395,108,295,1,1,1
1051,4,1191,393,108,293,1,1,1
1052,4,1191,393,107,294,1,1,1
1053,4,1190,392,107,295,1,1,1
1054,4,1189,391,106,295,1,1,1
1055,4,1188,390,105,296,1,1,1
1056,4,1187,389,104,295,1,1,1
1057,4,1185,388,100,296,1,1,1
1058,4,1182,386,96,296,1,1,1
1059,4,1179,385,91,295,1,1,1
1060,4,1176,383,87,296,1,1,1
1061,4,1172,381,83,295,1,1,1
1062,4,1168,380,86,296,1,1,1
1063,4,1163,378,89,297,1,1,1
1064,4,1158,376,92,297,1,1,1
1065,4,1153,375,95,297,1,1,1
1066,4,1147,372,97,297,1,1,1
1067,4,1144,373,102,296,1,1,1
1068,4,1140,373,106,294,1,1,1
1069,4,1137,373,109,293,1,1,1
1070,4,1133,373,113,291,1,1,1
1071,4,1129,372,116,289,1,1,1
1072,4,1127,370,117,293,1,1,1
1073,4,1125,367,117,296,1,1,1
1074,4,1123,364,117,299,1,1,1
1075,4,1121,361,117,302,1,1,1
1076,4,1118,358,116,304,1,1,1
1077,4,1117,358,113,303,1,1,1
1078,4,1115,357,109,303,1,1,1
1079,4,1114,357,104,302,1,1,1
1080,4,1112,357,100,301,1,1,1
1081,4,1110,356,95,300,1,1,1
1082,4,1108,354,94,303,1,1,1
1083,4,1105,352,92,306,1,1,1
1084,4,1103,350,89,309,1,1,1
1085,4,1100,348,88,312,1,1,1
1086,4,1097,345,85,314,1,1,1
1087,4,1094,347,90,312,1,1,1
1088,4,1089,347,95,311,1,1,1
1089,4,1085,348,99,309,1,1,1
1090,4,1081,349,103,307,1,1,1
1091,4,1076,350,108,304,1,1,1
1092,4,1075,351,110,304,1,1,1
1093,4,1074,351,111,305,1,1,1
1094,4,1073,352,112,304,1,1,1
1095,4,1072,352,114,305,1,1,1
1096,4,1070,352,115,304,1,1,1
1097,4,1074,354,111,307,1,1,1
1098,4,1076,356,107,308,1,1,1
1099,4,1079,357,102,311,1,1,1
1100,4,1082,359,98,312,1,1,1
1101,4,1085,360,93,315,1,1,1
1102,4,1083,362,95,314,1,1,1
1103,4,1082,363,95,315,1,1,1
1104,4,1080,365,96,314,1,1,1
1105,4,1078,366,98,315,1,1,1
1106,4,1076,368,98,313,1,1,1
1107,4,1075,369,100,314,1,1,1
1108,4,1074,370,101,314,1,1,1
1109,4,1073,371,102,314,1,1,1
1110,4,1072,371,103,315,1,1,1
1111,4,1070,372,104,315,1,1,1
1112,4,1070,372,104,316,1,1,1
1113,4,1070,371,103,318,1,1,1
1114,4,1070,371,102,318,1,1,1
1115,4,1069,371,102,319,1,1,1
1116,4,1069,370,101,320,1,1,1
1117,4,1067,371,103,321,1,1,1
1118,4,1065,371,104,322,1,1,1
1119,4,1063,371,106,323,1,1,1
1120,4,1062,372,106,323,1,1,1
1121,4,1059,372,108,323,1,1,1
1122,4,1060,373,108,324,1,1,1
1123,4,1061,373,107,324,1,1,1
1124,4,1062,374,105,324,1,1,1
1125,4,1062,374,105,325,1,1,1
1126,4,1063,375,103,325,1,1,1
1127,4,1063,374,103,326,1,1,1
1128,4,1062,374,104,326,1,1,1
1129,4,1062,373,104,327,1,1,1
1130,4,1062,373,104,327,1,1,1
1131,4,1061,372,104,327,1,1,1
1132,4,1062,372,105,328,1,1,1
1133,4,1064,371,104,329,1,1,1
1134,4,1065,371,104,328,1,1,1
1135,4,1067,371,103,328,1,1,1
1136,4,1067,370,103,328,1,1,1
1137,4,1067,370,105,329,1,1,1
1138,4,1066,369,106,330,1,1,1
1139,4,1065,368,107,331,1,1,1
1140,4,1065,367,107,332,1,1,1
1141,4,1063,366,108,331,1,1,1
1142,4,1063,368,110,332,1,1,1
1143,4,1062,368,111,334,1,1,1
1144,4,1061,369,113,335,1,1,1
1145,4,1061,370,113,335,1,1,1
1146,4,1059,370,115,336,1,1,1
1147,4,1062,371,116,338,1,1,1
1148,4,1065,372,116,339,1,1,1
1149,4,1067,372,117,341,1,1,1
1150,4,1069,373,118,342,1,1,1
1151,4,1071,373,118,343,1,1,1
1152,4,1076,373,115,343,1,1,1
1153,4,1080,373,113,343,1,1,1
1154,4,1085,372,109,344,1,1,1
1155,4,1089,372,106,343,1,1,1
1156,4,1093,371,103,343,1,1,1
1157,4,1096,371,101,344,1,1,1
1158,4,1099,370,98,346,1,1,1
1159,4,1101,370,96,346,1,1,1
1160,4,1104,369,93,347,1,1,1
1161,4,1106,368,90,348,1,1,1
1162,4,1108,368,90,348,1,1,1
1163,4,1110,368,90,347,1,1,1
1164,4,1111,367,90,348,1,1,1
1165,4,1113,367,90,347,1,1,1
1166,4,1114,366,89,346,1,1,1
1167,4,1116,366,89,348,1,1,1
1168,4,1118,365,87,349,1,1,1
1169,4,1119,365,86,350,1,1,1
1170,4,1121,364,85,351,1,1,1
1171,4,1122,363,83,352,1,1,1
1172,4,1123,363,83,351,1,1,1
1173,4,1124,363,83,350,1,1,1
1174,4,1124,363,83,349,1,1,1
1175,4,1125,363,82,348,1,1,1
1176,4,1125,362,82,347,1,1,1
1177,4,1125,363,82,347,1,1,1
1178,4,1126,363,81,347,1,1,1
1179,4,1126,364,81,347,1,1,1
1180,4,1127,364,80,347,1,1,1
1181,4,1127,364,79,346,1,1,1
1182,4,1127,364,80,347,1,1,1
1183,4,1127,364,79,348,1,1,1
1184,4,1127,364,78,349,1,1,1
1185,4,1127,364,78,349,1,1,1
1186,4,1127,364,76,350,1,1,1
1187,4,1127,364,79,350,1,1,1
1188,4,1127,364,81,351,1,1,1
1189,4,1126,363,83,352,1,1,1
1190,4,1126,363,85,352,1,1,1
1191,4,1125,362,87,353,1,1,1
1192,4,1125,363,87,352,1,1,1
1193,4,1125,363,86,352,1,1,1
1194,4,1125,363,86,352,1,1,1
1195,4,1125,363,85,352,1,1,1
1196,4,1125,363,84,351,1,1,1
1197,4,1124,364,85,351,1,1,1
1198,4,1124,365,84,351,1,1,1
1199,4,1123,365,85,351,1,1,1
1200,4,1123,366,84,351,1,1,1
1201,4,1122,366,84,350,1,1,1
1202,4,1122,367,86,352,1,1,1
1203,4,1121,368,89,352,1,1,1
1204,4,1121,368,90,353,1,1,1
1205,4,1120,368,93,354,1,1,1
1206,4,1119,368,94,354,1,1,1
1207,4,1118,369,95,354,1,1,1
1208,4,1116,369,96,354,1,1,1
1209,4,1114,370,96,353,1,1,1
1210,4,1112,370,97,353,1,1,1
1211,4,1110,370,97,352,1,1,1
1212,4,1108,372,99,351,1,1,1
1213,4,1105,373,102,349,1,1,1
1214,4,1103,374,104,348,1,1,1
1215,4,1100,376,106,345,1,1,1
1216,4,1097,377,108,343,1,1,1
1217,4,1096,378,111,344,1,1,1
1218,4,1094,380,113,343,1,1,1
1219,4,1092,381,115,344,1,1,1
1220,4,1090,382,118,344,1,1,1
1221,4,1087,383,120,343,1,1,1
1222,4,1087,382,123,345,1,1,1
1223,4,1087,382,125,344,1,1,1
1224,4,1086,381,127,345,1,1,1
1225,4,1086,380,129,345,1,1,1
1226,4,1085,379,131,345,1,1,1
1227,4,1086,378,132,349,1,1,1
1228,4,1086,376,132,352,1,1,1
1229,4,1087,374,132,356,1,1,1
1230,4,1087,372,133,360,1,1,1
1231,4,1087,370,133,362,1,1,1
1232,4,1089,372,131,361,1,1,1
1233,4,1090,373,130,360,1,1,1
1234,4,1091,375,129,358,1,1,1
1235,4,1093,376,126,357,1,1,1
1236,4,1093,377,125,356,1,1,1
1237,4,1094,378,124,358,1,1,1
1238,4,1095,379,122,360,1,1,1
1239,4,1096,380,120,362,1,1,1
1240,4,1097,381,118,363,1,1,1
1241,4,1097,381,116,365,1,1,1
1242,4,1099,382,115,366,1,1,1
1243,4,1101,381,114,368,1,1,1
1244,4,1102,381,113,369,1,1,1
1245,4,1104,380,111,371,1,1,1
1246,4,1105,379,109,372,1,1,1
816,5,1572,478,108,261,1,1,1
817,5,1574,478,110,262,1,1,1
818,5,1576,478,111,261,1,1,1
819,5,1577,477,112,261,1,1,1
820,5,1579,477,113,260,1,1,1
821,5,1580,476,115,260,1,1,1
822,5,1585,475,110,261,1,1,1
823,5,1589,473,107,263,1,1,1
824,5,1594,472,102,264,1,1,1
825,5,1598,470,99,265,1,1,1
826,5,1602,468,94,266,1,1,1
827,5,1611,469,89,265,1,1,1
828,5,1620,469,83,265,1,1,1
829,5,1629,470,77,264,1,1,1
830,5,1638,471,70,263,1,1,1
831,5,1646,471,64,262,1,1,1
832,5,1646,471,75,262,1,1,1
833,5,1646,471,85,261,1,1,1
834,5,1646,470,95,262,1,1,1
835,5,1646,470,105,261,1,1,1
836,5,1645,469,115,261,1,1,1
837,5,1646,469,120,261,1,1,1
838,5,1646,469,124,261,1,1,1
839,5,1646,468,128,261,1,1,1
840,5,1646,468,133,261,1,1,1
841,5,1646,467,137,261,1,1,1
842,5,1650,467,134,262,1,1,1
843,5,1654,466,131,262,1,1,1
844,5,1659,465,127,263,1,1,1
845,5,1663,464,125,264,1,1,1
846,5,1666,462,121,265,1,1,1
847,5,1677,461,115,267,1,1,1
848,5,1688,460,108,267,1,1,1
849,5,1698,459,101,267,1,1,1
850,5,1709,458,94,268,1,1,1
851,5,1719,457,87,268,1,1,1
852,5,1723,457,88,268,1,1,1
853,5,1727,457,89,269,1,1,1
854,5,1731,457,90,269,1,1,1
855,5,1736,457,90,269,1,1,1
856,5,1739,456,91,270,1,1,1
857,5,1739,456,99,270,1,1,1
858,5,1739,455,105,271,1,1,1
859,5,1738,454,112,271,1,1,1
860,5,1738,454,118,271,1,1,1
861,5,1737,453,125,270,1,1,1
862,5,1741,452,122,273,1,1,1
863,5,1744,451,119,276,1,1,1
864,5,1748,450,116,278,1,1,1
865,5,1751,449,113,280,1,1,1
866,5,1754,448,110,282,1,1,1
867,5,1765,448,104,283,1,1,1
868,5,1775,448,98,283,1,1,1
869,5,1785,448,92,283,1,1,1
870,5,1796,448,86,283,1,1,1
871,5,1805,448,80,282,1,1,1
872,5,1809,448,84,283,1,1,1
873,5,1813,448,87,283,1,1,1
874,5,1816,448,90,284,1,1,1
875,5,1819,448,94,284,1,1,1
876,5,1822,447,97,284,1,1,1
877,5,1824,448,102,285,1,1,1
878,5,1825,448,108,286,1,1,1
879,5,1827,448,112,287,1,1,1
880,5,1828,448,117,288,1,1,1
881,5,1829,447,121,288,1,1,1
882,5,1831,448,120,289,1,1,1
883,5,1832,447,118,291,1,1,1
884,5,1834,447,116,291,1,1,1
885,5,1835,446,114,293,1,1,1
886,5,1836,445,112,293,1,1,1
887,5,1840,444,112,295,1,1,1
888,5,1844,442,112,297,1,1,1
889,5,1847,441,113,297,1,1,1
890,5,1851,439,112,299,1,1,1
891,5,1854,437,112,300,1,1,1
892,5,1858,438,111,301,1,1,1
893,5,1863,438,109,303,1,1,1
894,5,1867,438,107,304,1,1,1
895,5,1871,438,106,306,1,1,1
896,5,1875,437,104,308,1,1,1
897,5,1876,439,104,308,1,1,1
898,5,1878,440,103,307,1,1,1
899,5,1879,441,103,307,1,1,1
900,5,1880,443,102,306,1,1,1
901,5,1881,443,102,306,1,1,1
902,5,1880,443,102,308,1,1,1
903,5,1880,443,101,309,1,1,1
904,5,1879,443,101,310,1,1,1
905,5,1878,442,100,311,1,1,1
906,5,1877,441,100,312,1,1,1
907,5,1877,441,100,313,1,1,1
908,5,1877,441,99,313,1,1,1
909,5,1877,440,99,314,1,1,1
910,5,1877,440,98,314,1,1,1
911,5,1877,439,97,314,1,1,1
912,5,1875,440,99,314,1,1,1
913,5,1874,440,99,313,1,1,1
914,5,1872,440,99,313,1,1,1
915,5,1871,440,99,313,1,1,1
916,5,1869,440,100,311,1,1,1
917,5,1870,440,100,314,1,1,1
918,5,1871,440,101,315,1,1,1
919,5,1872,440,101,317,1,1,1
920,5,1873,440,102,318,1,1,1
921,5,1874,439,101,319,1,1,1
922,5,1874,440,103,321,1,1,1
923,5,1874,440,105,322,1,1,1
924,5,1874,440,106,324,1,1,1
925,5,1873,440,109,325,1,1,1
926,5,1873,439,110,326,1,1,1
927,5,1875,439,111,329,1,1,1
928,5,1876,438,112,330,1,1,1
929,5,1877,438,113,331,1,1,1
930,5,1879,437,114,333,1,1,1
931,5,1880,436,114,334,1,1,1
932,5,1880,435,117,336,1,1,1
933,5,1881,434,118,337,1,1,1
934,5,1881,433,120,338,1,1,1
935,5,1881,431,122,340,1,1,1
936,5,1881,430,123,340,1,1,1
937,5,1881,430,125,340,1,1,1
938,5,1880,430,127,340,1,1,1
939,5,1880,430,128,340,1,1,1
940,5,1880,429,129,340,1,1,1
941,5,1879,429,131,339,1,1,1
942,5,1881,429,130,342,1,1,1
943,5,1883,428,128,345,1,1,1
944,5,1885,428,127,347,1,1,1
945,5,1887,427,125,350,1,1,1
946,5,1889,427,122,352,1,1,1
947,5,1890,428,124,353,1,1,1
948,5,1890,430,125,353,1,1,1
949,5,1891,431,125,353,1,1,1
950,5,1891,432,127,354,1,1,1
951,5,1891,433,127,354,1,1,1
952,5,1891,431,126,357,1,1,1
953,5,1890,429,125,360,1,1,1
954,5,1889,427,125,363,1,1,1
955,5,1888,425,124,366,1,1,1
956,5,1887,422,122,368,1,1,1
957,5,1885,422,126,370,1,1,1
958,5,1883,421,128,371,1,1,1
959,5,1881,420,131,372,1,1,1
960,5,1879,420,133,372,1,1,1
961,5,1877,418,135,372,1,1,1
962,5,1876,419,135,374,1,1,1
963,5,1876,420,133,375,1,1,1
964,5,1875,420,133,377,1,1,1
965,5,1874,421,132,378,1,1,1
966,5,1873,421,130,379,1,1,1
967,5,1875,422,129,380,1,1,1
968,5,1878,422,126,382,1,1,1
969,5,1880,422,124,383,1,1,1
970,5,1882,423,122,384,1,1,1
971,5,1884,423,120,385,1,1,1
972,5,1882,421,123,388,1,1,1
973,5,1879,420,128,391,1,1,1
974,5,1877,418,131,394,1,1,1
975,5,1874,417,135,396,1,1,1
976,5,1872,414,138,399,1,1,1
977,5,1873,414,138,400,1,1,1
978,5,1874,412,137,401,1,1,1
979,5,1875,411,136,401,1,1,1
980,5,1876,410,135,402,1,1,1
981,5,1877,408,133,402,1,1,1
982,5,1874,408,137,405,1,1,1
983,5,1871,408,140,406,1,1,1
984,5,1868,407,142,409,1,1,1
985,5,1864,407,146,410,1,1,1
986,5,1861,406,148,411,1,1,1
987,5,1860,408,148,412,1,1,1
988,5,1859,409,147,412,1,1,1
989,5,1858,410,147,412,1,1,1
990,5,1857,411,146,412,1,1,1
991,5,1855,411,145,412,1,1,1
992,5,1854,410,145,415,1,1,1
993,5,1852,409,144,418,1,1,1
994,5,1850,407,144,422,1,1,1
995,5,1848,406,143,424,1,1,1
996,5,1845,404,143,427,1,1,1
997,5,1845,403,144,428,1,1,1
998,5,1844,401,146,429,1,1,1
999,5,1843,400,147,430,1,1,1
1000,5,1842,398,148,431,1,1,1
1001,5,1841,396,149,431,1,1,1
1002,5,1843,395,149,437,1,1,1
1003,5,1844,394,149,441,1,1,1
1004,5,1846,392,148,446,1,1,1
1005,5,1847,391,148,450,1,1,1
1006,5,1848,389,147,454,1,1,1
1007,5,1850,389,149,456,1,1,1
1008,5,1850,389,151,458,1,1,1
1009,5,1851,389,152,459,1,1,1
1010,5,1852,389,153,460,1,1,1
1011,5,1852,389,154,461,1,1,1
1012,5,1854,388,155,464,1,1,1
1013,5,1855,387,155,467,1,1,1
1014,5,1856,386,156,470,1,1,1
1015,5,1857,385,156,473,1,1,1
1016,5,1858,384,156,475,1,1,1
1017,5,1858,383,157,477,1,1,1
1018,5,1857,382,158,479,1,1,1
1019,5,1856,381,160,481,1,1,1
1020,5,1856,380,160,483,1,1,1
1021,5,1855,379,161,484,1,1,1
1022,5,1847,381,168,485,1,1,1
1023,5,1838,382,175,485,1,1,1
1024,5,1830,384,182,485,1,1,1
1025,5,1822,385,188,486,1,1,1
1026,5,1813,386,195,486,1,1,1
1027,5,1808,388,197,489,1,1,1
1028,5,1803,390,198,490,1,1,1
1029,5,1797,392,200,491,1,1,1
1030,5,1792,393,201,493,1,1,1
1031,5,1786,394,203,494,1,1,1
1032,5,1786,393,199,498,1,1,1
1033,5,1786,392,193,500,1,1,1
1034,5,1786,391,188,502,1,1,1
1035,5,1786,389,183,505,1,1,1
1036,5,1785,388,178,507,1,1,1
1037,5,1785,386,175,510,1,1,1
1038,5,1784,385,171,512,1,1,1
1039,5,1783,383,168,515,1,1,1
1040,5,1782,381,164,518,1,1,1
1041,5,1781,379,160,520,1,1,1
1042,5,1780,379,158,525,1,1,1
1043,5,1780,379,154,529,1,1,1
1044,5,1779,379,151,533,1,1,1
1045,5,1778,379,149,538,1,1,1
1046,5,1777,379,145,541,1,1,1
1047,5,1772,378,150,542,1,1,1
1048,5,1768,377,152,542,1,1,1
1049,5,1763,375,156,543,1,1,1
1050,5,1759,374,159,544,1,1,1
1051,5,1754,372,162,543,1,1,1
1052,5,1755,372,158,545,1,1,1
1053,5,1755,370,155,547,1,1,1
1054,5,1755,369,152,548,1,1,1
1055,5,1756,368,147,549,1,1,1
1056,5,1756,366,143,550,1,1,1
1057,5,1757,365,146,550,1,1,1
1058,5,1758,364,149,550,1,1,1
1059,5,1759,363,151,550,1,1,1
1060,5,1760,362,153,550,1,1,1
1061,5,1760,360,156,550,1,1,1
1062,5,1760,360,155,549,1,1,1
1063,5,1760,360,154,548,1,1,1
1064,5,1760,360,153,547,1,1,1
1065,5,1760,360,152,545,1,1,1
1066,5,1760,360,150,543,1,1,1
1067,5,1758,359,151,545,1,1,1
1068,5,1756,358,151,545,1,1,1
1069,5,1754,357,151,546,1,1,1
1070,5,1752,355,152,547,1,1,1
1071,5,1750,354,152,547,1,1,1
1072,5,1748,354,151,544,1,1,1
1073,5,1745,353,151,542,1,1,1
1074,5,1743,353,150,538,1,1,1
1075,5,1740,352,150,535,1,1,1
1076,5,1737,352,150,531,1,1,1
1077,5,1735,350,150,526,1,1,1
1078,5,1732,348,151,520,1,1,1
1079,5,1729,346,151,515,1,1,1
1080,5,1726,344,152,509,1,1,1
1081,5,1722,341,152,504,1,1,1
1082,5,1716,341,156,502,1,1,1
1083,5,1709,340,160,500,1,1,1
1084,5,1702,339,164,498,1,1,1
1085,5,1695,338,168,496,1,1,1
1086,5,1687,337,172,493,1,1,1
1087,5,1682,339,176,491,1,1,1
1088,5,1677,341,179,489,1,1,1
1089,5,1672,343,181,486,1,1,1
1090,5,1667,345,184,483,1,1,1
1091,5,1661,346,186,480,1,1,1
1092,5,1661,347,183,479,1,1,1
1093,5,1660,348,180,476,1,1,1
1094,5,1659,349,176,473,1,1,1
1095,5,1658,349,173,471,1,1,1
1096,5,1656,350,169,468,1,1,1
1097,5,1657,350,164,465,1,1,1
1098,5,1657,350,159,463,1,1,1
1099,5,1658,350,153,460,1,1,1
1100,5,1658,350,147,458,1,1,1
1101,5,1658,350,141,455,1,1,1
1102,5,1657,352,140,453,1,1,1
1103,5,1656,354,138,450,1,1,1
1104,5,1655,356,137,448,1,1,1
1105,5,1654,358,135,445,1,1,1
1106,5,1652,359,133,443,1,1,1
1107,5,1651,361,132,442,1,1,1
1108,5,1648,363,132,441,1,1,1
1109,5,1646,364,131,440,1,1,1
1110,5,1644,365,130,440,1,1,1
1111,5,1641,366,129,438,1,1,1
1112,5,1638,368,129,437,1,1,1
1113,5,1634,370,130,434,1,1,1
1114,5,1630,371,130,432,1,1,1
1115,5,1627,372,130,430,1,1,1
1116,5,1622,373,130,427,1,1,1
1117,5,1620,373,129,425,1,1,1
1118,5,1617,372,128,424,1,1,1
1119,5,1614,371,126,422,1,1,1
1120,5,1611,370,125,420,1,1,1
1121,5,1608,369,123,418,1,1,1
1122,5,1605,369,123,415,1,1,1
1123,5,1601,369,123,412,1,1,1
1124,5,1598,368,123,409,1,1,1
1125,5,1594,368,123,406,1,1,1
1126,5,1590,367,122,402,1,1,1
1127,5,1580,368,131,402,1,1,1
1128,5,1570,369,139,400,1,1,1
1129,5,1560,370,147,399,1,1,1
1130,5,1549,370,156,398,1,1,1
1131,5,1538,370,163,397,1,1,1
1132,5,1535,370,163,397,1,1,1
1133,5,1531,370,163,396,1,1,1
1134,5,1528,370,162,394,1,1,1
1135,5,1524,369,161,394,1,1,1
1136,5,1520,369,160,392,1,1,1
1137,5,1520,369,158,392,1,1,1
1138,5,1520,368,155,392,1,1,1
1139,5,1520,368,152,391,1,1,1
1140,5,1520,367,150,391,1,1,1
1141,5,1519,366,147,390,1,1,1
1142,5,1518,367,139,389,1,1,1
1143,5,1517,368,130,387,1,1,1
1144,5,1515,368,123,386,1,1,1
1145,5,1514,369,114,385,1,1,1
1146,5,1512,369,105,383,1,1,1
1147,5,1507,370,104,383,1,1,1
1148,5,1502,370,102,383,1,1,1
1149,5,1497,371,100,382,1,1,1
1150,5,1492,371,98,382,1,1,1
1151,5,1486,371,96,381,1,1,1
1152,5,1475,372,108,381,1,1,1
1153,5,1464,372,118,381,1,1,1
1154,5,1453,372,128,380,1,1,1
1155,5,1441,372,140,380,1,1,1
1156,5,1430,371,150,380,1,1,1
1157,5,1429,372,150,378,1,1,1
1158,5,1429,372,148,376,1,1,1
1159,5,1428,372,148,375,1,1,1
1160,5,1427,372,148,373,1,1,1
1161,5,1426,371,146,371,1,1,1
1162,5,1426,371,137,371,1,1,1
1163,5,1426,371,127,370,1,1,1
1164,5,1425,370,118,369,1,1,1
1165,5,1424,369,109,369,1,1,1
1166,5,1423,368,98,367,1,1,1
1167,5,1417,368,102,367,1,1,1
1168,5,1411,368,104,366,1,1,1
1169,5,1405,368,106,365,1,1,1
1170,5,1398,367,108,365,1,1,1
1171,5,1391,366,110,364,1,1,1
1186,5,1338,368,117,351,1,1,1
1187,5,1336,367,112,353,1,1,1
1188,5,1333,366,106,354,1,1,1
1189,5,1331,365,100,355,1,1,1
1190,5,1329,365,94,355,1,1,1
1191,5,1326,363,88,356,1,1,1
1192,5,1321,365,90,355,1,1,1
1193,5,1317,366,91,354,1,1,1
1194,5,1312,368,92,353,1,1,1
1195,5,1307,369,94,352,1,1,1
1196,5,1302,370,95,351,1,1,1
1197,5,1298,372,98,349,1,1,1
1198,5,1293,373,102,348,1,1,1
1199,5,1288,374,106,347,1,1,1
1200,5,1283,376,110,346,1,1,1
1201,5,1278,377,113,344,1,1,1
1202,5,1277,377,113,344,1,1,1
1203,5,1275,377,113,344,1,1,1
1204,5,1274,376,113,345,1,1,1
1205,5,1272,376,113,345,1,1,1
1206,5,1270,376,112,344,1,1,1
1207,5,1267,376,114,343,1,1,1
1208,5,1264,377,115,340,1,1,1
1209,5,1261,377,116,339,1,1,1
1210,5,1257,377,117,337,1,1,1
1211,5,1253,377,118,334,1,1,1
1212,5,1248,378,120,335,1,1,1
1213,5,1242,378,121,335,1,1,1
1214,5,1236,379,123,335,1,1,1
1215,5,1231,379,123,335,1,1,1
1216,5,1225,379,125,335,1,1,1
1217,5,1223,380,125,334,1,1,1
1218,5,1222,381,123,333,1,1,1
1219,5,1220,382,123,331,1,1,1
1220,5,1218,382,122,331,1,1,1
1221,5,1216,383,120,329,1,1,1
1222,5,1215,384,119,327,1,1,1
1223,5,1213,384,118,325,1,1,1
1224,5,1212,385,115,323,1,1,1
1225,5,1210,385,114,321,1,1,1
1226,5,1208,385,112,318,1,1,1
1227,5,1205,385,112,318,1,1,1
1228,5,1202,384,112,317,1,1,1
1229,5,1198,383,113,316,1,1,1
1230,5,1195,382,113,315,1,1,1
1231,5,1191,381,112,314,1,1,1
1232,5,1192,381,111,313,1,1,1
1233,5,1193,381,108,311,1,1,1
1234,5,1193,381,106,310,1,1,1
1235,5,1193,381,104,308,1,1,1
1236,5,1193,381,102,306,1,1,1
1237,5,1192,383,100,306,1,1,1
1238,5,1190,384,99,306,1,1,1
1239,5,1187,385,98,307,1,1,1
1240,5,1185,386,96,307,1,1,1
1241,5,1183,387,94,306,1,1,1
1242,5,1184,388,93,306,1,1,1
1243,5,1184,389,93,305,1,1,1
1244,5,1184,390,92,303,1,1,1
1245,5,1184,391,92,302,1,1,1
1246,5,1184,391,90,301,1,1,1
1247,5,1184,391,91,300,1,1,1
1248,5,1183,391,92,298,1,1,1
1249,5,1182,391,93,295,1,1,1
1250,5,1182,391,93,293,1,1,1
1251,5,1180,390,94,291,1,1,1
1252,5,1180,391,95,290,1,1,1
1253,5,1178,391,96,289,1,1,1
1254,5,1177,391,97,288,1,1,1
1255,5,1175,391,98,287,1,1,1
1256,5,1173,391,98,285,1,1,1
1257,5,1173,392,98,286,1,1,1
1258,5,1173,392,96,287,1,1,1
1259,5,1172,392,96,287,1,1,1
1260,5,1171,392,95,288,1,1,1
802,6,1891,496,73,198,1,1,1
803,6,1890,497,74,197,1,1,1
804,6,1889,497,74,197,1,1,1
805,6,1888,498,75,196,1,1,1
806,6,1887,497,75,195,1,1,1
807,6,1888,499,73,196,1,1,1
808,6,1888,500,72,195,1,1,1
809,6,1888,502,71,194,1,1,1
810,6,1888,503,70,194,1,1,1
811,6,1887,504,68,193,1,1,1
812,6,1888,504,68,193,1,1,1
813,6,1888,503,68,192,1,1,1
814,6,1888,503,67,191,1,1,1
815,6,1888,503,67,190,1,1,1
816,6,1888,502,66,189,1,1,1
817,6,1888,501,68,190,1,1,1
818,6,1889,500,69,190,1,1,1
819,6,1889,499,70,190,1,1,1
820,6,1890,498,70,190,1,1,1
821,6,1890,496,71,190,1,1,1
822,6,1891,496,71,190,1,1,1
823,6,1891,495,70,190,1,1,1
824,6,1892,494,69,191,1,1,1
825,6,1892,493,69,191,1,1,1
826,6,1893,491,68,191,1,1,1
827,6,1893,492,67,192,1,1,1
828,6,1892,492,67,192,1,1,1
829,6,1892,493,66,192,1,1,1
830,6,1891,493,66,193,1,1,1
831,6,1890,493,65,192,1,1,1
832,6,1889,493,66,193,1,1,1
833,6,1887,493,67,192,1,1,1
834,6,1885,492,68,192,1,1,1
835,6,1883,492,68,192,1,1,1
836,6,1880,491,69,191,1,1,1
837,6,1881,490,69,192,1,1,1
838,6,1881,489,69,192,1,1,1
839,6,1882,488,67,193,1,1,1
840,6,1882,486,67,194,1,1,1
841,6,1882,485,66,193,1,1,1
842,6,1883,485,67,194,1,1,1
843,6,1884,485,68,193,1,1,1
844,6,1885,485,68,193,1,1,1
845,6,1886,485,68,193,1,1,1
846,6,1887,485,67,192,1,1,1
847,6,1887,485,69,192,1,1,1
848,6,1886,485,71,191,1,1,1
849,6,1885,485,72,191,1,1,1
850,6,1885,484,73,191,1,1,1
851,6,1884,484,75,190,1,1,1
852,6,1884,483,74,190,1,1,1
853,6,1884,483,72,190,1,1,1
854,6,1884,482,71,190,1,1,1
855,6,1883,481,70,190,1,1,1
856,6,1883,480,68,189,1,1,1
857,6,1882,479,69,190,1,1,1
858,6,1881,478,70,190,1,1,1
859,6,1880,476,71,192,1,1,1
860,6,1879,474,71,193,1,1,1
861,6,1878,472,71,192,1,1,1
862,6,1879,473,71,193,1,1,1
863,6,1879,473,71,193,1,1,1
864,6,1880,473,69,193,1,1,1
865,6,1881,473,68,193,1,1,1
866,6,1881,473,67,193,1,1,1
867,6,1882,474,68,193,1,1,1
868,6,1883,475,68,192,1,1,1
869,6,1884,475,68,193,1,1,1
870,6,1885,476,68,192,1,1,1
871,6,1885,476,68,191,1,1,1
872,6,1886,476,68,192,1,1,1
873,6,1886,476,68,191,1,1,1
874,6,1886,476,69,190,1,1,1
875,6,1886,475,69,190,1,1,1
876,6,1885,475,69,189,1,1,1
877,6,1888,474,67,190,1,1,1
878,6,1889,473,67,191,1,1,1
879,6,1891,472,66,192,1,1,1
880,6,1893,471,65,193,1,1,1
881,6,1894,469,63,193,1,1,1
971,6,1859,455,56,193,1,1,1
972,6,1858,455,56,193,1,1,1
973,6,1856,454,58,193,1,1,1
974,6,1855,454,58,193,1,1,1
975,6,1854,453,59,194,1,1,1
976,6,1852,452,59,193,1,1,1
977,6,1851,452,60,194,1,1,1
978,6,1851,452,59,194,1,1,1
979,6,1850,451,58,194,1,1,1
980,6,1849,451,58,194,1,1,1
981,6,1847,450,58,194,1,1,1
982,6,1847,450,59,194,1,1,1
983,6,1846,450,59,194,1,1,1
984,6,1846,450,59,194,1,1,1
985,6,1845,450,59,193,1,1,1
986,6,1844,450,59,193,1,1,1
987,6,1844,450,63,193,1,1,1
988,6,1843,449,67,194,1,1,1
989,6,1842,449,71,194,1,1,1
990,6,1841,448,75,195,1,1,1
991,6,1840,447,78,194,1,1,1
1041,6,1897,435,70,195,1,1,1
1042,6,1898,435,71,197,1,1,1
1043,6,1898,435,71,197,1,1,1
1044,6,1898,434,71,198,1,1,1
1045,6,1898,434,71,199,1,1,1
1046,6,1897,433,70,200,1,1,1
1047,6,1901,432,69,200,1,1,1
1048,6,1904,432,68,199,1,1,1
1049,6,1907,431,67,199,1,1,1
1050,6,1910,430,65,198,1,1,1
1051,6,1912,429,64,197,1,1,1
1052,6,1913,429,65,198,1,1,1
1053,6,1913,428,67,198,1,1,1
1054,6,1913,428,68,198,1,1,1
1055,6,1913,427,69,198,1,1,1
1056,6,1912,427,70,197,1,1,1
1057,6,1913,425,71,199,1,1,1
1058,6,1913,424,72,199,1,1,1
1059,6,1913,422,73,200,1,1,1
1060,6,1913,420,74,202,1,1,1
1061,6,1912,418,75,202,1,1,1
1062,6,1912,418,76,200,1,1,1
1063,6,1911,416,77,200,1,1,1
1064,6,1910,415,79,198,1,1,1
1065,6,1909,414,80,197,1,1,1
1066,6,1908,412,81,195,1,1,1
1067,6,1910,411,80,196,1,1,1
1068,6,1912,410,78,197,1,1,1
1069,6,1913,409,78,197,1,1,1
1070,6,1915,408,76,197,1,1,1
1071,6,1916,406,75,197,1,1,1
1072,6,1916,405,74,198,1,1,1
1073,6,1915,403,74,199,1,1,1
1074,6,1914,401,74,199,1,1,1
1075,6,1913,400,74,199,1,1,1
1076,6,1912,397,72,200,1,1,1
1077,6,1912,397,73,199,1,1,1
1078,6,1911,396,74,198,1,1,1
1079,6,1910,395,74,197,1,1,1
1080,6,1909,395,75,195,1,1,1
1081,6,1908,393,75,193,1,1,1
1082,6,1907,394,75,193,1,1,1
1083,6,1905,395,77,192,1,1,1
1084,6,1903,395,78,191,1,1,1
1085,6,1902,395,78,191,1,1,1
1086,6,1900,395,79,189,1,1,1
1087,6,1903,395,77,191,1,1,1
1088,6,1906,395,74,192,1,1,1
1089,6,1909,395,72,193,1,1,1
1090,6,1911,394,71,195,1,1,1
1091,6,1914,394,67,196,1,1,1
1092,6,1915,395,68,196,1,1,1
1093,6,1916,395,67,197,1,1,1
1094,6,1917,396,67,197,1,1,1
1095,6,1917,397,67,197,1,1,1
1096,6,1918,397,66,197,1,1,1
1097,6,1917,398,68,197,1,1,1
1098,6,1917,400,68,195,1,1,1
1099,6,1916,401,69,195,1,1,1
1100,6,1916,402,69,194,1,1,1
1101,6,1915,403,70,193,1,1,1
1102,6,1916,404,70,195,1,1,1
1103,6,1916,405,70,196,1,1,1
1104,6,1917,406,70,197,1,1,1
1105,6,1917,407,70,198,1,1,1
1106,6,1918,408,69,198,1,1,1
1107,6,1918,409,71,199,1,1,1
1108,6,1919,411,71,198,1,1,1
1109,6,1919,412,72,198,1,1,1
1110,6,1919,413,73,198,1,1,1
1111,6,1919,413,73,198,1,1,1
1112,6,1920,414,73,198,1,1,1
1113,6,1921,414,73,197,1,1,1
1114,6,1922,414,72,196,1,1,1
1115,6,1922,414,72,195,1,1,1
1116,6,1922,413,71,194,1,1,1
1117,6,1923,414,70,194,1,1,1
1118,6,1922,414,70,194,1,1,1
1119,6,1922,415,68,192,1,1,1
1120,6,1921,415,68,192,1,1,1
1121,6,1920,415,66,191,1,1,1
1122,6,1921,415,67,193,1,1,1
1123,6,1921,415,68,193,1,1,1
1124,6,1920,415,69,194,1,1,1
1125,6,1920,415,70,195,1,1,1
1126,6,1920,415,70,195,1,1,1
1127,6,1920,415,72,196,1,1,1
1128,6,1919,415,74,195,1,1,1
1129,6,1919,415,76,195,1,1,1
1130,6,1918,414,78,196,1,1,1
1131,6,1918,413,79,195,1,1,1
1132,6,1919,413,79,196,1,1,1
1133,6,1921,412,77,196,1,1,1
1134,6,1922,411,76,196,1,1,1
1135,6,1924,410,74,197,1,1,1
1136,6,1925,409,73,196,1,1,1
1137,6,1925,409,74,197,1,1,1
1138,6,1925,409,74,198,1,1,1
1139,6,1925,409,74,198,1,1,1
1140,6,1925,409,74,199,1,1,1
1141,6,1925,408,73,200,1,1,1
1142,6,1924,409,74,200,1,1,1
1143,6,1923,409,74,200,1,1,1
1144,6,1922,410,74,199,1,1,1
1145,6,1922,411,73,198,1,1,1
1146,6,1920,411,73,198,1,1,1
1147,6,1921,411,74,199,1,1,1
1148,6,1920,411,75,200,1,1,1
1149,6,1920,411,76,201,1,1,1
1150,6,1920,412,76,201,1,1,1
1151,6,1920,411,76,201,1,1,1
1152,6,1920,411,77,202,1,1,1
1153,6,1920,410,77,203,1,1,1
1154,6,1920,410,77,202,1,1,1
1155,6,1920,409,77,203,1,1,1
1156,6,1920,408,76,203,1,1,1
1157,6,1921,408,75,203,1,1,1
1158,6,1921,408,75,203,1,1,1
1159,6,1922,408,74,203,1,1,1
1160,6,1923,408,72,202,1,1,1
1161,6,1923,408,71,201,1,1,1
1162,6,1923,409,72,201,1,1,1
1163,6,1923,409,72,201,1,1,1
1164,6,1923,409,72,201,1,1,1
1165,6,1923,409,72,201,1,1,1
1166,6,1922,409,71,201,1,1,1
1167,6,1923,410,73,200,1,1,1
1168,6,1922,410,74,201,1,1,1
1169,6,1922,411,75,200,1,1,1
1170,6,1922,411,76,200,1,1,1
1171,6,1921,411,77,198,1,1,1
1172,6,1922,412,77,198,1,1,1
1173,6,1923,412,76,197,1,1,1
1174,6,1924,411,76,197,1,1,1
1175,6,1924,411,76,196,1,1,1
1176,6,1925,411,75,195,1,1,1
1177,6,1925,410,75,197,1,1,1
1178,6,1925,410,75,197,1,1,1
1179,6,1926,409,73,198,1,1,1
1180,6,1926,408,73,199,1,1,1
1181,6,1926,407,72,200,1,1,1
1182,6,1926,408,73,199,1,1,1
1183,6,1925,409,74,198,1,1,1
1184,6,1925,410,74,197,1,1,1
1185,6,1925,411,73,196,1,1,1
1186,6,1924,412,74,194,1,1,1
1187,6,1924,412,74,195,1,1,1
1188,6,1923,412,75,196,1,1,1
1189,6,1923,411,75,197,1,1,1
1190,6,1922,411,76,198,1,1,1
1191,6,1921,410,76,198,1,1,1
1192,6,1922,411,76,199,1,1,1
1193,6,1921,412,76,199,1,1,1
1194,6,1921,412,76,199,1,1,1
1195,6,1921,413,75,199,1,1,1
1196,6,1920,413,75,199,1,1,1
1197,6,1920,414,76,199,1,1,1
1198,6,1920,415,76,199,1,1,1
1199,6,1920,415,75,199,1,1,1
1200,6,1919,416,76,199,1,1,1
1201,6,1918,416,76,198,1,1,1
1202,6,1918,418,77,198,1,1,1
1203,6,1918,418,77,200,1,1,1
1204,6,1917,419,77,200,1,1,1
1205,6,1916,420,78,200,1,1,1
1206,6,1915,420,78,200,1,1,1
1207,6,1916,421,77,200,1,1,1
1208,6,1916,422,77,200,1,1,1
1209,6,1916,423,76,199,1,1,1
1210,6,1916,423,75,200,1,1,1
1211,6,1915,424,75,199,1,1,1
1212,6,1914,424,77,199,1,1,1
1213,6,1913,424,77,199,1,1,1
1214,6,1911,423,79,200,1,1,1
1215,6,1910,423,80,200,1,1,1
1216,6,1908,422,81,200,1,1,1
1217,6,1909,424,79,199,1,1,1
1218,6,1909,425,77,198,1,1,1
1219,6,1910,425,75,198,1,1,1
1220,6,1910,426,73,197,1,1,1
1221,6,1910,427,70,195,1,1,1
1222,6,1910,427,71,197,1,1,1
1223,6,1909,427,72,198,1,1,1
1224,6,1908,427,73,198,1,1,1
1225,6,1907,427,74,199,1,1,1
1226,6,1906,427,75,200,1,1,1
1227,6,1907,428,75,198,1,1,1
1228,6,1907,429,76,196,1,1,1
1229,6,1907,430,77,195,1,1,1
1230,6,1908,430,77,194,1,1,1
1231,6,1908,431,77,191,1,1,1
1232,6,1908,431,76,192,1,1,1
1233,6,1908,430,75,194,1,1,1
1234,6,1908,430,74,194,1,1,1
1235,6,1908,430,72,195,1,1,1
1236,6,1908,429,70,195,1,1,1
1237,6,1907,429,71,195,1,1,1
1238,6,1906,428,72,196,1,1,1
1239,6,1904,428,73,195,1,1,1
1240,6,1903,427,73,196,1,1,1
1241,6,1901,426,73,195,1,1,1
1242,6,1901,428,74,195,1,1,1
1243,6,1901,429,73,195,1,1,1
1244,6,1901,430,73,195,1,1,1
1245,6,1900,431,73,194,1,1,1
1246,6,1900,432,72,194,1,1,1
1247,6,1900,433,73,194,1,1,1
1248,6,1900,434,74,194,1,1,1
1249,6,1901,435,73,193,1,1,1
1250,6,1901,436,74,193,1,1,1
1251,6,1901,436,73,192,1,1,1
1252,6,1901,437,74,192,1,1,1
1253,6,1902,436,73,193,1,1,1
1254,6,1902,436,74,192,1,1,1
1255,6,1902,436,74,192,1,1,1
1256,6,1902,435,73,191,1,1,1
1257,6,1903,435,73,191,1,1,1
1258,6,1903,434,73,192,1,1,1
1259,6,1903,433,72,192,1,1,1
1260,6,1903,432,72,192,1,1,1
802,7,140,502,90,254,1,1,1
803,7,140,502,90,253,1,1,1
804,7,140,502,90,253,1,1,1
805,7,140,502,91,253,1,1,1
806,7,139,502,91,252,1,1,1
807,7,140,504,92,251,1,1,1
808,7,140,505,92,250,1,1,1
809,7,140,507,92,248,1,1,1
810,7,140,509,93,247,1,1,1
811,7,139,510,93,245,1,1,1
812,7,140,512,92,247,1,1,1
813,7,139,514,92,248,1,1,1
814,7,139,516,91,249,1,1,1
815,7,139,517,90,250,1,1,1
816,7,139,519,88,251,1,1,1
817,7,139,518,89,251,1,1,1
818,7,139,517,89,251,1,1,1
819,7,139,516,89,251,1,1,1
820,7,139,514,89,252,1,1,1
821,7,138,513,90,251,1,1,1
822,7,138,512,90,252,1,1,1
823,7,139,511,90,251,1,1,1
824,7,139,510,90,251,1,1,1
825,7,139,509,90,251,1,1,1
826,7,138,508,90,250,1,1,1
827,7,138,508,90,250,1,1,1
828,7,137,508,90,250,1,1,1
829,7,136,508,90,250,1,1,1
830,7,135,508,89,250,1,1,1
831,7,134,508,88,250,1,1,1
832,7,131,507,90,251,1,1,1
833,7,128,507,91,251,1,1,1
834,7,125,506,93,251,1,1,1
835,7,122,505,94,252,1,1,1
836,7,119,504,94,252,1,1,1
837,7,119,502,94,254,1,1,1
838,7,118,501,94,254,1,1,1
839,7,117,499,94,255,1,1,1
840,7,116,497,93,256,1,1,1
841,7,115,495,92,256,1,1,1
842,7,117,495,92,256,1,1,1
843,7,118,494,92,256,1,1,1
844,7,119,494,92,255,1,1,1
845,7,121,493,92,255,1,1,1
846,7,121,492,91,254,1,1,1
847,7,122,491,91,254,1,1,1
848,7,121,490,92,254,1,1,1
849,7,121,489,91,253,1,1,1
850,7,120,487,92,254,1,1,1
851,7,120,486,91,253,1,1,1
852,7,118,485,93,254,1,1,1
853,7,116,484,95,254,1,1,1
854,7,115,483,96,255,1,1,1
855,7,113,482,98,255,1,1,1
856,7,111,481,100,255,1,1,1
857,7,110,480,100,255,1,1,1
858,7,110,478,98,255,1,1,1
859,7,109,476,98,256,1,1,1
860,7,108,475,98,255,1,1,1
861,7,107,472,96,255,1,1,1
862,7,107,472,97,255,1,1,1
863,7,107,471,97,255,1,1,1
864,7,107,470,97,255,1,1,1
865,7,107,469,97,254,1,1,1
866,7,106,468,97,254,1,1,1
867,7,108,468,98,255,1,1,1
868,7,109,469,99,254,1,1,1
869,7,110,469,100,255,1,1,1
870,7,111,470,100,254,1,1,1
871,7,111,470,101,254,1,1,1
872,7,112,470,101,255,1,1,1
873,7,112,470,102,255,1,1,1
874,7,112,470,102,256,1,1,1
875,7,112,470,102,256,1,1,1
876,7,111,470,102,255,1,1,1
877,7,113,470,102,256,1,1,1
878,7,114,469,101,256,1,1,1
879,7,115,469,101,256,1,1,1
880,7,117,468,99,256,1,1,1
881,7,117,467,98,255,1,1,1
882,7,117,467,100,256,1,1,1
883,7,115,466,103,257,1,1,1
884,7,114,466,104,256,1,1,1
885,7,113,465,106,257,1,1,1
886,7,111,464,107,257,1,1,1
887,7,111,464,107,258,1,1,1
888,7,110,464,106,258,1,1,1
889,7,110,464,105,258,1,1,1
890,7,109,465,105,258,1,1,1
891,7,108,464,104,258,1,1,1
892,7,110,465,103,258,1,1,1
893,7,111,465,102,258,1,1,1
894,7,112,466,102,257,1,1,1
895,7,113,466,101,257,1,1,1
896,7,114,466,100,256,1,1,1
897,7,116,467,99,256,1,1,1
898,7,117,467,98,257,1,1,1
899,7,118,467,97,257,1,1,1
900,7,120,467,95,258,1,1,1
901,7,120,466,93,258,1,1,1
902,7,122,467,93,258,1,1,1
903,7,122,468,94,258,1,1,1
904,7,123,468,94,258,1,1,1
905,7,124,468,94,259,1,1,1
906,7,125,468,93,258,1,1,1
907,7,125,469,94,258,1,1,1
908,7,125,469,95,258,1,1,1
909,7,125,469,95,258,1,1,1
910,7,125,469,95,258,1,1,1
911,7,125,468,95,258,1,1,1
912,7,124,470,96,257,1,1,1
913,7,123,470,97,257,1,1,1
914,7,121,471,99,256,1,1,1
915,7,120,472,99,254,1,1,1
916,7,119,472,100,253,1,1,1
917,7,120,472,99,254,1,1,1
918,7,120,472,98,254,1,1,1
919,7,121,471,97,255,1,1,1
920,7,122,471,96,255,1,1,1
921,7,122,470,95,255,1,1,1
922,7,122,469,95,256,1,1,1
923,7,122,469,95,255,1,1,1
924,7,122,468,94,256,1,1,1
925,7,122,467,94,256,1,1,1
926,7,122,465,93,256,1,1,1
927,7,122,466,94,256,1,1,1
928,7,123,466,92,255,1,1,1
929,7,123,466,92,255,1,1,1
930,7,123,466,92,254,1,1,1
931,7,122,465,91,254,1,1,1
932,7,122,464,92,255,1,1,1
933,7,121,463,92,255,1,1,1
934,7,120,461,92,256,1,1,1
935,7,119,460,92,256,1,1,1
936,7,117,458,92,257,1,1,1
937,7,118,457,91,257,1,1,1
938,7,118,456,90,257,1,1,1
939,7,118,455,89,256,1,1,1
940,7,119,453,86,257,1,1,1
941,7,118,452,85,256,1,1,1
942,7,118,451,86,256,1,1,1
943,7,117,450,86,256,1,1,1
944,7,116,450,87,255,1,1,1
945,7,115,449,87,254,1,1,1
946,7,114,447,87,254,1,1,1
947,7,114,448,90,254,1,1,1
948,7,114,447,91,255,1,1,1
949,7,113,447,94,255,1,1,1
950,7,113,446,96,256,1,1,1
951,7,112,445,97,256,1,1,1
952,7,112,445,97,257,1,1,1
953,7,111,444,97,258,1,1,1
954,7,110,443,97,259,1,1,1
955,7,109,443,96,259,1,1,1
956,7,108,441,95,260,1,1,1
957,7,105,441,96,260,1,1,1
958,7,101,440,97,260,1,1,1
959,7,97,439,97,261,1,1,1
960,7,93,438,98,261,1,1,1
961,7,89,437,97,260,1,1,1
962,7,87,437,99,260,1,1,1
963,7,85,436,100,261,1,1,1
964,7,83,436,101,260,1,1,1
965,7,81,435,101,261,1,1,1
966,7,78,434,102,260,1,1,1
967,7,76,433,103,262,1,1,1
968,7,72,432,105,262,1,1,1
969,7,69,431,106,262,1,1,1
970,7,66,429,107,264,1,1,1
971,7,63,428,108,264,1,1,1
972,7,61,427,108,264,1,1,1
973,7,59,427,108,264,1,1,1
974,7,57,426,108,264,1,1,1
975,7,55,426,108,263,1,1,1
976,7,53,425,108,263,1,1,1
977,7,51,424,108,263,1,1,1
978,7,49,422,108,264,1,1,1
979,7,47,421,108,264,1,1,1
980,7,45,419,107,265,1,1,1
981,7,43,418,106,264,1,1,1
982,7,42,418,107,264,1,1,1
983,7,41,417,107,264,1,1,1
984,7,39,417,108,263,1,1,1
985,7,38,416,108,263,1,1,1
986,7,36,415,108,263,1,1,1
987,7,36,414,108,264,1,1,1
988,7,35,413,108,264,1,1,1
989,7,34,412,108,264,1,1,1
990,7,33,411,107,265,1,1,1
991,7,32,410,106,264,1,1,1
992,7,31,410,107,264,1,1,1
993,7,29,409,108,265,1,1,1
994,7,28,408,107,265,1,1,1
995,7,26,407,108,266,1,1,1
996,7,24,406,107,265,1,1,1
997,7,26,406,108,265,1,1,1
998,7,28,405,108,266,1,1,1
999,7,30,405,108,265,1,1,1
1000,7,32,404,108,266,1,1,1
1001,7,33,403,108,265,1,1,1
1002,7,38,403,108,265,1,1,1
1003,7,42,403,107,264,1,1,1
1004,7,46,402,106,264,1,1,1
1005,7,50,401,105,264,1,1,1
1006,7,53,400,104,264,1,1,1
1007,7,58,400,105,264,1,1,1
1008,7,63,400,104,263,1,1,1
1009,7,67,399,104,263,1,1,1
1010,7,71,399,105,262,1,1,1
1011,7,75,398,103,261,1,1,1
1012,7,80,398,103,261,1,1,1
1013,7,84,398,102,261,1,1,1
1014,7,88,399,101,260,1,1,1
1015,7,92,399,100,260,1,1,1
1016,7,95,398,98,259,1,1,1
1017,7,99,400,99,259,1,1,1
1018,7,102,401,98,259,1,1,1
1019,7,105,402,98,259,1,1,1
1020,7,108,403,98,260,1,1,1
1021,7,111,404,96,259,1,1,1
1022,7,114,406,97,259,1,1,1
1023,7,116,408,97,258,1,1,1
1024,7,119,410,96,257,1,1,1
1025,7,121,412,97,257,1,1,1
1026,7,123,414,96,255,1,1,1
1027,7,124,415,96,256,1,1,1
1028,7,124,415,96,256,1,1,1
1029,7,125,416,95,256,1,1,1
1030,7,126,416,94,256,1,1,1
1031,7,126,416,93,256,1,1,1
1032,7,126,416,94,257,1,1,1
1033,7,126,416,94,256,1,1,1
1034,7,125,415,95,257,1,1,1
1035,7,125,415,95,257,1,1,1
1036,7,125,414,95,257,1,1,1
1037,7,124,414,97,258,1,1,1
1038,7,123,414,99,258,1,1,1
1039,7,122,413,101,259,1,1,1
1040,7,122,413,102,260,1,1,1
1041,7,120,412,104,260,1,1,1
1042,7,123,413,103,259,1,1,1
1043,7,125,413,102,258,1,1,1
1044,7,127,413,101,257,1,1,1
1045,7,129,413,99,257,1,1,1
1046,7,131,412,97,256,1,1,1
1047,7,133,412,97,256,1,1,1
1048,7,135,412,97,255,1,1,1
1049,7,138,411,95,255,1,1,1
1050,7,140,411,94,254,1,1,1
1051,7,141,410,93,254,1,1,1
1052,7,142,410,95,255,1,1,1
1053,7,143,410,96,255,1,1,1
1054,7,143,409,97,256,1,1,1
1055,7,143,409,99,256,1,1,1
1056,7,143,408,100,256,1,1,1
1057,7,144,407,100,257,1,1,1
1058,7,145,406,99,258,1,1,1
1059,7,145,405,99,258,1,1,1
1060,7,145,403,99,260,1,1,1
1061,7,145,402,97,260,1,1,1
1062,7,145,400,98,260,1,1,1
1063,7,145,398,98,260,1,1,1
1064,7,145,396,98,259,1,1,1
1065,7,144,394,98,259,1,1,1
1066,7,143,391,97,258,1,1,1
1067,7,144,390,98,259,1,1,1
1068,7,145,388,97,260,1,1,1
1069,7,145,385,97,261,1,1,1
1070,7,145,383,97,262,1,1,1
1071,7,145,381,95,262,1,1,1
1072,7,143,381,98,262,1,1,1
1073,7,141,380,100,261,1,1,1
1074,7,138,380,102,260,1,1,1
1075,7,136,380,104,259,1,1,1
1076,7,133,379,106,258,1,1,1
1077,7,132,379,105,259,1,1,1
1078,7,132,379,103,259,1,1,1
1079,7,131,379,101,259,1,1,1
1080,7,130,379,100,259,1,1,1
1081,7,129,379,97,258,1,1,1
1082,7,129,378,98,259,1,1,1
1083,7,128,377,98,259,1,1,1
1084,7,128,375,98,260,1,1,1
1085,7,127,374,98,260,1,1,1
1086,7,127,372,97,260,1,1,1
1087,7,128,373,98,260,1,1,1
1088,7,129,373,99,259,1,1,1
1089,7,129,373,100,258,1,1,1
1090,7,130,374,101,256,1,1,1
1091,7,130,373,101,255,1,1,1
1092,7,132,373,101,257,1,1,1
1093,7,132,373,101,257,1,1,1
1094,7,133,373,101,257,1,1,1
1095,7,134,373,100,257,1,1,1
1096,7,134,372,100,258,1,1,1
1097,7,135,374,100,258,1,1,1
1098,7,136,376,99,257,1,1,1
1099,7,136,378,99,256,1,1,1
1100,7,136,380,99,255,1,1,1
1101,7,136,381,98,255,1,1,1
1102,7,139,383,98,255,1,1,1
1103,7,140,385,99,254,1,1,1
1104,7,142,386,99,254,1,1,1
1105,7,144,387,99,254,1,1,1
1106,7,145,388,98,252,1,1,1
1107,7,147,390,98,254,1,1,1
1108,7,148,391,98,256,1,1,1
1109,7,149,392,98,257,1,1,1
1110,7,150,393,98,259,1,1,1
1111,7,151,394,97,259,1,1,1
1112,7,151,395,98,258,1,1,1
1113,7,151,395,99,257,1,1,1
1114,7,151,395,99,256,1,1,1
1115,7,151,396,100,254,1,1,1
1116,7,151,395,100,252,1,1,1
1117,7,150,396,101,253,1,1,1
1118,7,149,396,101,254,1,1,1
1119,7,148,396,101,255,1,1,1
1120,7,147,396,101,256,1,1,1
1121,7,145,395,101,256,1,1,1
1122,7,146,396,101,257,1,1,1
1123,7,146,396,101,257,1,1,1
1124,7,147,396,100,257,1,1,1
1125,7,147,396,100,257,1,1,1
1126,7,147,395,100,256,1,1,1
1127,7,148,396,99,257,1,1,1
1128,7,148,395,100,257,1,1,1
1129,7,149,395,99,257,1,1,1
1130,7,149,395,99,257,1,1,1
1131,7,150,394,98,256,1,1,1
1132,7,151,394,98,256,1,1,1
1133,7,152,393,98,256,1,1,1
1134,7,153,392,97,256,1,1,1
1135,7,153,391,98,256,1,1,1
1136,7,154,390,97,255,1,1,1
1137,7,153,390,99,256,1,1,1
1138,7,153,390,99,256,1,1,1
1139,7,152,389,100,258,1,1,1
1140,7,151,389,102,258,1,1,1
1141,7,150,388,102,258,1,1,1
1142,7,150,390,103,257,1,1,1
1143,7,150,391,102,257,1,1,1
1144,7,150,391,102,257,1,1,1
1145,7,150,392,102,256,1,1,1
1146,7,150,393,101,255,1,1,1
1147,7,149,393,102,256,1,1,1
1148,7,149,393,101,257,1,1,1
1149,7,148,392,102,258,1,1,1
1150,7,147,392,102,259,1,1,1
1151,7,146,391,101,260,1,1,1
1152,7,147,391,102,260,1,1,1
1153,7,148,391,101,259,1,1,1
1154,7,148,391,102,258,1,1,1
1155,7,148,391,103,257,1,1,1
1156,7,148,390,102,257,1,1,1
1157,7,149,391,102,257,1,1,1
1158,7,149,391,102,258,1,1,1
1159,7,149,391,101,258,1,1,1
1160,7,148,391,102,259,1,1,1
1161,7,148,391,101,258,1,1,1
1162,7,149,392,101,258,1,1,1
1163,7,149,393,102,257,1,1,1
1164,7,150,393,101,256,1,1,1
1165,7,151,393,101,256,1,1,1
1166,7,151,393,101,255,1,1,1
1167,7,151,394,101,255,1,1,1
1168,7,151,394,101,254,1,1,1
1169,7,151,394,101,254,1,1,1
1170,7,151,394,101,254,1,1,1
1171,7,151,394,101,253,1,1,1
1172,7,152,393,100,254,1,1,1
1173,7,153,393,99,254,1,1,1
1174,7,154,392,98,254,1,1,1
1175,7,154,391,99,254,1,1,1
1176,7,155,390,97,254,1,1,1
1177,7,155,391,98,254,1,1,1
1178,7,155,391,97,255,1,1,1
1179,7,154,391,98,256,1,1,1
1180,7,154,391,98,256,1,1,1
1181,7,153,391,98,255,1,1,1
1182,7,153,392,99,255,1,1,1
1183,7,152,392,99,255,1,1,1
1184,7,151,392,99,255,1,1,1
1185,7,151,392,98,255,1,1,1
1186,7,150,392,98,254,1,1,1
1187,7,150,392,99,255,1,1,1
1188,7,150,391,100,257,1,1,1
1189,7,151,391,100,257,1,1,1
1190,7,151,390,101,258,1,1,1
1191,7,151,389,102,259,1,1,1
1192,7,151,389,103,260,1,1,1
1193,7,152,389,102,260,1,1,1
1194,7,152,389,103,260,1,1,1
1195,7,152,388,103,261,1,1,1
1196,7,152,388,103,260,1,1,1
1197,7,151,388,104,261,1,1,1
1198,7,150,388,104,261,1,1,1
1199,7,149,389,104,261,1,1,1
1200,7,148,389,105,261,1,1,1
1201,7,147,388,104,261,1,1,1
1202,7,147,389,104,261,1,1,1
1203,7,148,390,103,260,1,1,1
1204,7,148,391,102,260,1,1,1
1205,7,148,391,102,260,1,1,1
1206,7,147,391,101,259,1,1,1
1207,7,148,392,100,259,1,1,1
1208,7,148,392,99,259,1,1,1
1209,7,148,392,98,259,1,1,1
1210,7,149,392,96,259,1,1,1
1211,7,148,391,95,259,1,1,1
1212,7,149,391,95,260,1,1,1
1213,7,148,391,96,259,1,1,1
1214,7,148,390,96,259,1,1,1
1215,7,148,390,96,259,1,1,1
1216,7,147,389,95,258,1,1,1
1217,7,147,390,96,258,1,1,1
1218,7,145,390,98,259,1,1,1
1219,7,144,391,99,258,1,1,1
1220,7,143,391,99,259,1,1,1
1221,7,141,391,100,258,1,1,1
1222,7,142,392,99,258,1,1,1
1223,7,143,392,97,257,1,1,1
1224,7,143,392,96,257,1,1,1
1225,7,143,392,95,256,1,1,1
1226,7,143,391,93,256,1,1,1
1227,7,144,393,94,255,1,1,1
1228,7,145,393,93,254,1,1,1
1229,7,145,394,94,253,1,1,1
1230,7,145,395,94,251,1,1,1
1231,7,145,395,93,250,1,1,1
1232,7,146,395,92,252,1,1,1
1233,7,146,394,91,253,1,1,1
1234,7,146,393,90,255,1,1,1
1235,7,146,393,89,256,1,1,1
1236,7,145,391,87,258,1,1,1
1237,7,144,393,88,257,1,1,1
1238,7,141,394,91,256,1,1,1
1239,7,139,395,92,255,1,1,1
1240,7,137,396,93,254,1,1,1
1241,7,134,397,94,252,1,1,1
1242,7,134,397,94,254,1,1,1
1243,7,133,397,95,254,1,1,1
1244,7,131,396,96,256,1,1,1
1245,7,130,396,96,256,1,1,1
1246,7,129,395,95,256,1,1,1
1247,7,130,396,95,257,1,1,1
1248,7,130,396,96,256,1,1,1
1249,7,131,396,95,256,1,1,1
1250,7,131,396,95,256,1,1,1
1251,7,131,395,94,255,1,1,1
1252,7,132,395,95,256,1,1,1
1253,7,132,395,96,256,1,1,1
1254,7,132,394,96,257,1,1,1
1255,7,132,394,97,257,1,1,1
1256,7,131,393,97,258,1,1,1
1257,7,132,394,97,258,1,1,1
1258,7,132,395,96,257,1,1,1
1259,7,133,396,95,256,1,1,1
1260,7,133,396,94,257,1,1,1
802,9,966,504,56,158,1,1,1
803,9,965,504,56,157,1,1,1
804,9,964,504,56,156,1,1,1
805,9,963,504,57,155,1,1,1
806,9,962,504,56,154,1,1,1
836,9,954,494,54,159,1,1,1
837,9,953,493,55,160,1,1,1
838,9,952,492,56,160,1,1,1
839,9,951,491,57,160,1,1,1
840,9,949,489,59,161,1,1,1
841,9,948,487,59,161,1,1,1
842,9,950,488,58,161,1,1,1
843,9,952,487,57,162,1,1,1
844,9,954,487,56,162,1,1,1
845,9,956,487,55,162,1,1,1
846,9,958,486,53,162,1,1,1
847,9,958,485,53,163,1,1,1
848,9,957,484,53,163,1,1,1
849,9,957,483,53,162,1,1,1
850,9,956,482,53,162,1,1,1
851,9,956,481,53,162,1,1,1
852,9,955,480,54,162,1,1,1
853,9,954,480,55,162,1,1,1
854,9,953,479,57,162,1,1,1
855,9,952,478,58,162,1,1,1
856,9,950,477,59,162,1,1,1
857,9,951,476,58,162,1,1,1
858,9,950,475,59,162,1,1,1
859,9,950,473,58,162,1,1,1
860,9,949,471,58,163,1,1,1
861,9,948,469,57,162,1,1,1
862,9,949,470,57,162,1,1,1
863,9,949,469,57,162,1,1,1
864,9,950,469,56,162,1,1,1
865,9,950,469,55,162,1,1,1
866,9,950,468,55,161,1,1,1
867,9,951,469,55,161,1,1,1
868,9,951,469,56,161,1,1,1
869,9,952,469,56,161,1,1,1
870,9,953,469,56,161,1,1,1
871,9,953,468,56,161,1,1,1
872,9,954,469,56,161,1,1,1
873,9,955,469,55,162,1,1,1
874,9,956,470,54,161,1,1,1
875,9,956,470,54,161,1,1,1
876,9,957,470,52,160,1,1,1
877,9,957,470,53,161,1,1,1
878,9,957,469,53,161,1,1,1
879,9,956,468,54,162,1,1,1
880,9,956,467,54,163,1,1,1
881,9,955,466,54,163,1,1,1
882,9,956,466,55,163,1,1,1
883,9,955,466,56,161,1,1,1
884,9,955,465,57,161,1,1,1
885,9,955,465,57,160,1,1,1
886,9,954,464,58,159,1,1,1
887,9,953,465,60,160,1,1,1
888,9,952,465,61,160,1,1,1
889,9,950,466,63,160,1,1,1
890,9,949,466,64,160,1,1,1
891,9,947,466,64,160,1,1,1
892,9,949,466,64,161,1,1,1
893,9,950,466,63,162,1,1,1
894,9,950,465,63,163,1,1,1
895,9,951,465,62,164,1,1,1
896,9,952,464,60,164,1,1,1
897,9,952,465,61,164,1,1,1
898,9,953,465,60,164,1,1,1
899,9,953,466,61,163,1,1,1
900,9,954,466,60,163,1,1,1
901,9,954,466,60,162,1,1,1
902,9,954,467,60,163,1,1,1
903,9,954,467,60,164,1,1,1
904,9,954,467,59,165,1,1,1
905,9,954,467,59,165,1,1,1
906,9,954,466,58,166,1,1,1
907,9,955,466,58,166,1,1,1
908,9,955,466,58,165,1,1,1
909,9,955,465,59,165,1,1,1
910,9,956,465,58,163,1,1,1
911,9,956,464,58,162,1,1,1
936,9,955,459,55,161,1,1,1
937,9,954,459,56,161,1,1,1
938,9,953,459,56,161,1,1,1
939,9,952,459,56,161,1,1,1
940,9,951,459,56,160,1,1,1
941,9,950,458,56,160,1,1,1
942,9,950,457,56,161,1,1,1
943,9,951,457,55,161,1,1,1
944,9,951,456,55,162,1,1,1
945,9,952,455,54,162,1,1,1
946,9,952,454,54,162,1,1,1
947,9,952,454,55,163,1,1,1
948,9,952,453,56,165,1,1,1
949,9,952,453,57,165,1,1,1
950,9,952,452,58,166,1,1,1
951,9,952,452,58,166,1,1,1
952,9,952,452,57,166,1,1,1
953,9,951,453,56,164,1,1,1
954,9,951,453,54,163,1,1,1
955,9,950,454,54,161,1,1,1
956,9,950,454,52,160,1,1,1
957,9,948,454,53,160,1,1,1
958,9,946,453,54,161,1,1,1
959,9,944,453,54,160,1,1,1
960,9,942,452,55,161,1,1,1
961,9,939,452,56,160,1,1,1
962,9,938,450,57,162,1,1,1
963,9,937,448,57,163,1,1,1
964,9,935,447,58,163,1,1,1
965,9,934,445,58,164,1,1,1
966,9,932,442,57,164,1,1,1
967,9,931,442,58,165,1,1,1
968,9,929,441,58,165,1,1,1
969,9,927,440,59,165,1,1,1
970,9,925,439,59,166,1,1,1
971,9,923,438,60,166,1,1,1
972,9,922,437,60,167,1,1,1
973,9,921,437,60,166,1,1,1
974,9,920,436,60,167,1,1,1
975,9,919,436,60,166,1,1,1
976,9,917,435,59,166,1,1,1
977,9,917,435,59,166,1,1,1
978,9,916,434,59,166,1,1,1
979,9,915,433,59,166,1,1,1
980,9,915,433,58,166,1,1,1
981,9,913,432,58,165,1,1,1
982,9,913,431,58,166,1,1,1
983,9,912,429,58,168,1,1,1
984,9,912,428,57,168,1,1,1
985,9,911,426,58,170,1,1,1
986,9,910,425,57,170,1,1,1
987,9,909,425,58,170,1,1,1
988,9,908,425,58,169,1,1,1
989,9,907,424,59,169,1,1,1
990,9,906,424,59,168,1,1,1
991,9,904,423,59,167,1,1,1
992,9,904,423,60,167,1,1,1
993,9,904,423,59,167,1,1,1
994,9,904,423,58,166,1,1,1
995,9,903,422,59,166,1,1,1
996,9,902,421,58,165,1,1,1
997,9,904,421,58,166,1,1,1
998,9,905,420,58,166,1,1,1
999,9,905,418,60,168,1,1,1
1000,9,906,417,60,168,1,1,1
1001,9,906,416,60,168,1,1,1
1002,9,909,416,60,168,1,1,1
1003,9,912,415,60,168,1,1,1
1004,9,914,414,60,168,1,1,1
1005,9,917,414,60,167,1,1,1
1006,9,918,413,60,166,1,1,1
1007,9,922,412,60,167,1,1,1
1008,9,925,412,59,166,1,1,1
1009,9,928,411,59,167,1,1,1
1010,9,931,410,58,167,1,1,1
1011,9,933,409,58,166,1,1,1
1012,9,936,409,59,167,1,1,1
1013,9,938,408,59,168,1,1,1
1014,9,941,408,58,168,1,1,1
1015,9,943,408,59,168,1,1,1
1016,9,945,407,58,168,1,1,1
1017,9,947,409,59,168,1,1,1
1018,9,949,410,58,167,1,1,1
1019,9,950,412,59,166,1,1,1
1020,9,952,413,58,166,1,1,1
1021,9,953,414,58,164,1,1,1
1022,9,954,416,58,164,1,1,1
1023,9,956,417,57,165,1,1,1
1024,9,957,419,57,164,1,1,1
1025,9,958,420,57,164,1,1,1
1026,9,959,421,56,163,1,1,1
1027,9,960,422,56,164,1,1,1
1028,9,961,423,56,163,1,1,1
1029,9,961,423,57,164,1,1,1
1030,9,962,423,56,164,1,1,1
1031,9,962,423,56,163,1,1,1
1032,9,963,424,56,164,1,1,1
1033,9,963,423,56,165,1,1,1
1034,9,963,423,57,166,1,1,1
1035,9,963,423,57,166,1,1,1
1036,9,963,422,57,166,1,1,1
1037,9,963,423,58,166,1,1,1
1038,9,963,423,59,166,1,1,1
1039,9,963,423,60,166,1,1,1
1040,9,963,423,61,167,1,1,1
1041,9,962,422,62,166,1,1,1
1042,9,963,423,62,166,1,1,1
1043,9,963,423,62,165,1,1,1
1044,9,964,423,61,164,1,1,1
1045,9,964,423,61,163,1,1,1
1046,9,964,422,60,162,1,1,1
1047,9,965,422,61,163,1,1,1
1048,9,965,420,62,165,1,1,1
1049,9,966,419,62,166,1,1,1
1050,9,966,418,62,167,1,1,1
1051,9,966,416,62,168,1,1,1
1052,9,968,416,62,168,1,1,1
1053,9,970,416,60,167,1,1,1
1054,9,972,415,58,167,1,1,1
1055,9,973,415,58,165,1,1,1
1056,9,975,414,56,164,1,1,1
1057,9,974,413,58,165,1,1,1
1058,9,973,412,60,166,1,1,1
1059,9,971,411,63,166,1,1,1
1060,9,970,410,65,166,1,1,1
1061,9,968,408,66,166,1,1,1
1062,9,970,408,65,165,1,1,1
1063,9,970,407,64,164,1,1,1
1064,9,971,407,62,162,1,1,1
1065,9,972,407,60,160,1,1,1
1066,9,972,406,58,158,1,1,1
1067,9,974,404,58,158,1,1,1
1068,9,975,401,57,158,1,1,1
1069,9,975,399,57,157,1,1,1
1070,9,976,396,57,157,1,1,1
1071,9,977,393,56,156,1,1,1
1072,9,975,394,57,156,1,1,1
1073,9,973,394,58,157,1,1,1
1074,9,971,394,59,157,1,1,1
1075,9,969,394,59,158,1,1,1
1076,9,966,393,60,158,1,1,1
1077,9,967,392,59,158,1,1,1
1078,9,968,390,57,159,1,1,1
1079,9,968,389,57,158,1,1,1
1080,9,968,387,56,158,1,1,1
1081,9,968,385,54,158,1,1,1
1082,9,967,385,56,160,1,1,1
1083,9,965,384,58,162,1,1,1
1084,9,964,383,59,165,1,1,1
1085,9,962,382,61,167,1,1,1
1086,9,960,381,62,168,1,1,1
1087,9,963,380,60,169,1,1,1
1088,9,965,380,59,167,1,1,1
1089,9,967,379,57,167,1,1,1
1090,9,969,378,56,166,1,1,1
1091,9,971,377,53,165,1,1,1
1092,9,972,378,54,166,1,1,1
1093,9,973,378,54,167,1,1,1
1094,9,974,378,54,167,1,1,1
1095,9,975,379,53,167,1,1,1
1096,9,976,379,52,168,1,1,1
1097,9,975,380,55,168,1,1,1
1098,9,974,381,56,168,1,1,1
1099,9,973,382,58,168,1,1,1
1100,9,971,382,60,169,1,1,1
1101,9,970,383,61,168,1,1,1
1102,9,971,386,61,167,1,1,1
1103,9,972,388,60,166,1,1,1
1104,9,973,390,60,165,1,1,1
1105,9,974,392,59,164,1,1,1
1106,9,975,394,58,162,1,1,1
1107,9,976,396,58,162,1,1,1
1108,9,976,397,59,163,1,1,1
1109,9,977,398,59,163,1,1,1
1110,9,977,399,60,164,1,1,1
1111,9,977,400,59,163,1,1,1
1112,9,979,400,58,164,1,1,1
1113,9,980,400,57,164,1,1,1
1114,9,981,399,56,165,1,1,1
1115,9,982,399,55,165,1,1,1
1116,9,983,398,53,165,1,1,1
1117,9,982,399,54,165,1,1,1
1118,9,981,400,55,165,1,1,1
1119,9,980,400,56,165,1,1,1
1120,9,979,401,56,164,1,1,1
1121,9,977,401,56,163,1,1,1
1122,9,977,402,57,163,1,1,1
1123,9,976,402,58,163,1,1,1
1124,9,975,402,58,163,1,1,1
1125,9,975,402,58,163,1,1,1
1126,9,973,402,58,163,1,1,1
1127,9,975,402,58,163,1,1,1
1128,9,976,401,57,163,1,1,1
1129,9,977,401,57,162,1,1,1
1130,9,978,400,56,162,1,1,1
1131,9,979,400,55,161,1,1,1
1166,9,977,398,58,162,1,1,1
1167,9,977,398,58,164,1,1,1
1168,9,978,398,58,165,1,1,1
1169,9,978,397,58,166,1,1,1
1170,9,978,397,58,167,1,1,1
1171,9,978,396,57,167,1,1,1
1172,9,979,397,58,167,1,1,1
1173,9,979,397,58,166,1,1,1
1174,9,979,397,59,166,1,1,1
1175,9,979,397,60,165,1,1,1
1176,9,979,397,60,164,1,1,1
1246,9,966,408,58,164,1,1,1
1247,9,967,409,57,164,1,1,1
1248,9,967,410,56,164,1,1,1
1249,9,967,411,55,163,1,1,1
1250,9,967,412,55,163,1,1,1
1251,9,966,412,54,162,1,1,1
1252,9,967,412,54,163,1,1,1
1253,9,967,411,55,164,1,1,1
1254,9,967,411,55,163,1,1,1
1255,9,968,410,54,164,1,1,1
1256,9,967,409,54,164,1,1,1
1257,9,968,409,54,165,1,1,1
1258,9,968,409,54,164,1,1,1
1259,9,968,408,54,165,1,1,1
1260,9,968,408,54,165,1,1,1