1,1,1328,504,57,147,1,1,1
1,2,1348,534,64,161,1,1,1
2,1,1335,507,57,147,1,1,1
2,2,1334,525,76,161,1,1,1
3,1,1320,504,72,142,1,1,1
3,2,1330,525,76,161,1,1,1
4,1,1314,502,70,147,1,1,1
4,2,1327,539,77,152,1,1,1
5,1,1301,506,79,150,1,1,1
5,2,1324,526,76,161,1,1,1
6,1,1297,508,87,140,1,1,1
6,2,1317,538,87,152,1,1,1
7,1,1299,504,82,146,1,1,1
7,2,1316,523,76,161,1,1,1
8,1,1298,504,78,150,1,1,1
8,2,1313,522,76,161,1,1,1
9,1,1294,505,81,154,1,1,1
9,2,1309,523,76,161,1,1,1
10,1,1294,505,71,140,1,1,1
10,2,1307,522,76,161,1,1,1
11,1,1289,497,76,146,1,1,1
11,2,1315,536,75,149,1,1,1
12,1,1289,502,63,147,1,1,1
12,2,1319,538,65,147,1,1,1
13,1,1283,505,58,145,1,1,1
13,2,1307,540,62,146,1,1,1
14,1,1287,506,65,141,1,1,1
14,2,1316,542,53,144,1,1,1
15,1,1277,501,67,148,1,1,1
15,2,1302,536,62,150,1,1,1
16,1,1275,503,66,148,1,1,1
16,2,1305,540,56,146,1,1,1
17,1,1274,509,68,138,1,1,1
17,2,1300,539,61,152,1,1,1
18,1,1268,508,68,146,1,1,1
18,2,1297,536,51,153,1,1,1
19,1,1266,508,68,150,1,1,1
19,2,1292,535,57,149,1,1,1
20,1,1256,508,80,141,1,1,1
20,2,1292,534,58,153,1,1,1
21,1,1245,509,89,145,1,1,1
21,2,1272,540,75,147,1,1,1
22,1,1247,509,86,143,1,1,1
22,2,1269,539,75,147,1,1,1
23,1,1238,508,89,146,1,1,1
23,2,1265,534,76,152,1,1,1
24,1,1239,509,88,139,1,1,1
24,2,1270,537,67,149,1,1,1
25,1,1242,514,74,136,1,1,1
25,2,1267,539,76,147,1,1,1
26,1,1243,514,74,133,1,1,1
26,2,1265,539,66,147,1,1,1
27,1,1246,512,70,140,1,1,1
27,2,1262,537,66,149,1,1,1
28,1,1244,515,70,134,1,1,1
28,2,1266,539,65,139,1,1,1
29,1,1241,507,67,148,1,1,1
29,2,1262,536,62,155,1,1,1
30,1,1243,504,46,144,1,1,1
30,2,1259,536,62,156,1,1,1
31,1,1238,508,43,141,1,1,1
31,2,1264,533,52,149,1,1,1
32,1,1235,508,44,141,1,1,1
32,2,1266,538,44,144,1,1,1
33,1,1229,505,52,145,1,1,1
33,2,1261,533,49,152,1,1,1
34,1,1221,509,65,139,1,1,1
34,2,1258,530,50,150,1,1,1
35,1,1212,507,70,143,1,1,1
35,2,1251,529,57,157,1,1,1
36,1,1202,510,82,143,1,1,1
36,2,1244,533,62,153,1,1,1
37,1,1208,512,77,142,1,1,1
37,2,1241,535,63,151,1,1,1
38,1,1196,513,83,140,1,1,1
38,2,1232,534,71,144,1,1,1
39,1,1195,510,79,134,1,1,1
39,2,1222,527,80,158,1,1,1
40,1,1190,508,84,138,1,1,1
40,2,1232,527,68,155,1,1,1
41,1,1191,504,78,145,1,1,1
41,2,1230,526,67,159,1,1,1
42,1,1201,508,73,143,1,1,1
42,2,1234,529,62,154,1,1,1
43,1,1197,503,65,157,1,1,1
43,2,1229,527,63,158,1,1,1
44,1,1188,503,65,139,1,1,1
44,2,1231,527,58,160,1,1,1
45,1,1180,503,64,138,1,1,1
45,2,1233,529,53,150,1,1,1
46,1,1188,508,48,137,1,1,1
46,2,1235,523,47,158,1,1,1
47,1,1185,502,47,148,1,1,1
47,2,1234,524,50,150,1,1,1
48,1,1173,504,57,142,1,1,1
48,2,1233,523,50,152,1,1,1
49,1,1168,506,60,141,1,1,1
49,2,1225,527,49,142,1,1,1
50,1,1170,506,58,146,1,1,1
50,2,1223,527,57,145,1,1,1
51,1,1161,507,69,142,1,1,1
51,2,1227,532,51,134,1,1,1
52,1,1155,509,75,140,1,1,1
52,2,1224,528,53,152,1,1,1
53,1,1151,507,74,146,1,1,1
53,2,1215,527,51,139,1,1,1
54,1,1154,508,73,140,1,1,1
54,2,1211,527,53,138,1,1,1
55,1,1155,508,71,143,1,1,1
55,2,1205,531,65,136,1,1,1
56,1,1152,507,77,141,1,1,1
56,2,1204,531,61,135,1,1,1
57,1,1153,507,64,138,1,1,1
57,2,1203,520,61,141,1,1,1
58,1,1152,508,61,141,1,1,1
58,2,1200,517,69,145,1,1,1
59,1,1152,508,53,140,1,1,1
59,2,1200,519,69,146,1,1,1
60,1,1151,508,54,142,1,1,1
60,2,1199,522,66,139,1,1,1
61,1,1136,505,65,142,1,1,1
61,2,1197,513,66,147,1,1,1
62,1,1134,503,57,143,1,1,1
62,2,1195,513,66,147,1,1,1
63,1,1137,506,48,145,1,1,1
63,2,1192,513,57,146,1,1,1
64,1,1130,505,56,144,1,1,1
64,2,1190,513,56,147,1,1,1
65,1,1128,505,54,145,1,1,1
65,2,1187,511,57,145,1,1,1
66,1,1125,505,60,148,1,1,1
66,2,1184,512,49,144,1,1,1
67,1,1121,506,58,141,1,1,1
67,2,1182,510,66,147,1,1,1
68,1,1119,505,61,147,1,1,1
68,2,1181,508,56,147,1,1,1
69,1,1116,506,64,147,1,1,1
69,2,1178,509,58,146,1,1,1
70,1,1107,508,76,145,1,1,1
70,2,1176,509,56,147,1,1,1
71,1,1112,503,68,145,1,1,1
71,2,1173,509,54,142,1,1,1
72,1,1115,503,64,146,1,1,1
72,2,1165,509,66,147,1,1,1
73,1,1109,503,65,137,1,1,1
73,2,1165,506,62,146,1,1,1
74,1,1112,503,57,145,1,1,1
74,2,1160,509,68,141,1,1,1
75,1,1106,503,57,142,1,1,1
75,2,1157,508,75,147,1,1,1
76,1,1109,504,48,143,1,1,1
76,2,1154,508,75,147,1,1,1
77,1,1108,499,39,140,1,1,1
77,2,1150,507,75,147,1,1,1
78,1,1100,499,44,142,1,1,1
78,2,1154,505,64,144,1,1,1
79,1,1094,502,46,141,1,1,1
79,2,1154,506,62,137,1,1,1
80,1,1092,501,50,141,1,1,1
80,2,1151,500,61,149,1,1,1
81,1,1088,504,51,136,1,1,1
81,2,1157,506,47,137,1,1,1
82,1,1084,503,52,140,1,1,1
82,2,1151,499,53,142,1,1,1
83,1,1078,505,62,139,1,1,1
83,2,1149,503,63,138,1,1,1
84,1,1082,506,56,137,1,1,1
84,2,1146,499,43,142,1,1,1
85,1,1073,501,64,141,1,1,1
85,2,1139,500,46,138,1,1,1
86,1,1072,507,65,131,1,1,1
86,2,1137,500,80,137,1,1,1
87,1,1072,507,63,134,1,1,1
87,2,1135,500,47,140,1,1,1
88,1,1070,508,64,134,1,1,1
88,2,1133,497,44,137,1,1,1
89,1,1064,506,65,136,1,1,1
89,2,1120,498,58,135,1,1,1
90,1,1063,501,61,140,1,1,1
90,2,1116,492,65,137,1,1,1
91,1,1064,504,59,142,1,1,1
91,2,1116,499,64,134,1,1,1
92,1,1066,505,50,138,1,1,1
92,2,1110,492,71,140,1,1,1
93,1,1053,507,66,137,1,1,1
93,2,1108,497,68,140,1,1,1
94,1,1053,505,54,138,1,1,1
94,2,1107,497,69,139,1,1,1
95,1,1054,507,45,136,1,1,1
95,2,1101,496,64,133,1,1,1
96,1,1056,504,37,142,1,1,1
96,2,1105,497,66,128,1,1,1
97,1,1058,511,37,142,1,1,1
97,2,1098,499,66,128,1,1,1
98,1,1056,511,37,142,1,1,1
98,2,1100,499,66,128,1,1,1
99,1,1034,511,57,142,1,1,1
99,2,1095,502,66,128,1,1,1
100,1,1032,506,57,142,1,1,1
100,2,1091,497,66,128,1,1,1
101,1,1037,514,57,142,1,1,1
101,2,1097,498,45,131,1,1,1
102,1,1035,512,57,142,1,1,1
102,2,1094,498,45,131,1,1,1
103,1,1034,516,54,135,1,1,1
103,2,1092,499,45,131,1,1,1
104,1,1030,508,54,135,1,1,1
104,2,1089,500,45,131,1,1,1
105,1,1030,515,54,135,1,1,1
105,2,1086,500,45,131,1,1,1
106,1,1027,515,54,135,1,1,1
106,2,1084,500,45,131,1,1,1
107,1,1024,515,54,135,1,1,1
107,2,1081,497,45,131,1,1,1
108,1,1022,515,54,135,1,1,1
108,2,1078,497,45,131,1,1,1
109,1,1020,515,54,135,1,1,1
109,2,1064,494,57,134,1,1,1
110,1,1015,515,54,135,1,1,1
110,2,1065,496,57,134,1,1,1
111,1,1012,514,54,135,1,1,1
111,2,1061,496,57,134,1,1,1
112,1,1005,512,54,135,1,1,1
112,2,1058,495,57,134,1,1,1
113,1,1004,516,54,135,1,1,1
113,2,1054,493,60,141,1,1,1
114,1,1002,518,54,135,1,1,1
114,2,1051,493,60,141,1,1,1
115,1,999,519,54,135,1,1,1
115,2,1048,491,60,141,1,1,1
116,1,997,521,54,135,1,1,1
116,2,1052,488,52,142,1,1,1
117,1,997,524,51,129,1,1,1
117,2,1046,488,52,142,1,1,1
118,1,994,525,51,129,1,1,1
118,2,1044,487,52,142,1,1,1
119,1,991,520,54,135,1,1,1
119,2,1040,487,52,142,1,1,1
120,1,987,521,54,135,1,1,1
120,2,1036,486,52,142,1,1,1
121,1,985,521,54,135,1,1,1
121,2,1033,488,52,142,1,1,1
122,1,985,520,54,135,1,1,1
122,2,1030,489,52,142,1,1,1
123,1,982,520,54,135,1,1,1
123,2,1028,493,51,136,1,1,1
124,1,981,523,54,135,1,1,1
124,2,1025,494,51,136,1,1,1
125,1,979,522,54,135,1,1,1
125,2,1008,493,66,131,1,1,1
126,1,976,523,45,137,1,1,1
126,2,1008,496,66,131,1,1,1
127,1,973,525,45,137,1,1,1
127,2,1005,496,66,131,1,1,1
128,1,964,517,48,141,1,1,1
128,2,1003,497,66,131,1,1,1
129,1,961,512,51,149,1,1,1
129,2,999,497,66,131,1,1,1
130,1,966,533,45,137,1,1,1
130,2,996,498,66,131,1,1,1
131,1,952,514,58,152,1,1,1
131,2,999,495,61,128,1,1,1
132,1,961,529,47,144,1,1,1
132,2,1003,493,54,135,1,1,1
133,1,958,528,47,144,1,1,1
133,2,997,493,54,135,1,1,1
134,1,936,527,66,136,1,1,1
134,2,995,494,54,135,1,1,1
135,1,934,532,66,136,1,1,1
135,2,993,497,51,129,1,1,1
136,1,931,529,69,143,1,1,1
136,2,998,492,44,135,1,1,1
137,1,929,529,69,143,1,1,1
137,2,992,493,44,135,1,1,1
138,1,927,524,69,143,1,1,1
138,2,991,498,42,129,1,1,1
139,1,925,523,69,143,1,1,1
139,2,987,496,44,135,1,1,1
140,1,932,514,53,149,1,1,1
140,2,984,497,44,135,1,1,1
141,1,924,517,65,156,1,1,1
141,2,979,493,46,142,1,1,1
142,1,920,507,62,153,1,1,1
142,2,976,495,46,142,1,1,1
143,1,916,511,57,152,1,1,1
143,2,956,495,64,128,1,1,1
144,1,924,531,53,134,1,1,1
144,2,954,498,64,128,1,1,1
145,1,911,519,63,146,1,1,1
145,2,953,499,64,128,1,1,1
146,1,905,517,60,151,1,1,1
146,2,949,501,64,128,1,1,1
147,1,904,529,66,138,1,1,1
147,2,948,501,64,128,1,1,1
148,1,902,531,66,138,1,1,1
148,2,945,500,64,128,1,1,1
149,1,896,522,69,147,1,1,1
149,2,943,500,64,128,1,1,1
150,1,898,533,66,138,1,1,1
150,2,942,500,64,128,1,1,1
151,1,897,536,66,138,1,1,1
151,2,940,500,64,128,1,1,1
152,1,895,535,66,138,1,1,1
152,2,938,498,64,128,1,1,1
153,1,890,524,66,138,1,1,1
153,2,937,497,64,128,1,1,1
154,1,888,532,66,138,1,1,1
154,2,934,499,64,128,1,1,1
155,1,886,531,66,138,1,1,1
155,2,933,499,64,128,1,1,1
156,1,883,531,66,138,1,1,1
156,2,930,501,48,128,1,1,1
157,1,879,517,66,152,1,1,1
157,2,932,503,48,128,1,1,1
158,1,876,514,63,156,1,1,1
158,2,921,504,56,128,1,1,1
159,1,875,519,63,154,1,1,1
159,2,922,508,56,128,1,1,1
160,1,865,514,63,159,1,1,1
160,2,904,507,74,120,1,1,1
161,1,871,526,63,149,1,1,1
161,2,904,506,74,120,1,1,1
162,1,870,525,61,142,1,1,1
162,2,908,508,74,120,1,1,1
163,1,860,529,61,142,1,1,1
163,2,908,510,70,114,1,1,1
164,1,853,524,62,142,1,1,1
164,2,905,512,70,114,1,1,1
165,1,856,528,62,142,1,1,1
165,2,901,514,70,114,1,1,1
166,1,854,529,62,142,1,1,1
166,2,896,515,70,114,1,1,1
167,1,850,530,62,142,1,1,1
167,2,892,514,70,114,1,1,1
168,1,847,530,62,142,1,1,1
168,2,897,507,65,120,1,1,1
169,1,844,530,62,142,1,1,1
169,2,893,508,65,120,1,1,1
170,1,842,529,62,142,1,1,1
170,2,890,495,51,134,1,1,1
171,1,839,525,65,149,1,1,1
171,2,889,498,51,134,1,1,1
172,1,834,524,65,149,1,1,1
172,2,887,496,51,134,1,1,1
173,1,845,524,53,149,1,1,1
173,2,883,496,51,134,1,1,1
174,1,837,515,53,149,1,1,1
174,2,879,496,51,134,1,1,1
175,1,837,515,53,149,1,1,1
175,2,876,498,51,134,1,1,1
176,1,836,524,53,149,1,1,1
176,2,871,494,54,141,1,1,1
177,1,834,524,53,149,1,1,1
177,2,869,492,54,141,1,1,1
178,1,830,524,53,149,1,1,1
178,2,871,498,51,134,1,1,1
179,1,827,525,53,149,1,1,1
179,2,855,497,63,127,1,1,1
180,1,826,528,50,142,1,1,1
180,2,856,501,63,127,1,1,1
181,1,817,517,58,154,1,1,1
181,2,852,501,63,127,1,1,1
182,1,809,519,65,152,1,1,1
182,2,847,497,66,133,1,1,1
183,1,803,518,68,147,1,1,1
183,2,844,497,66,133,1,1,1
184,1,804,521,68,148,1,1,1
184,2,840,499,66,133,1,1,1
185,1,801,521,68,148,1,1,1
185,2,837,497,66,133,1,1,1
186,1,798,520,68,150,1,1,1
186,2,834,495,66,133,1,1,1
187,1,795,523,80,145,1,1,1
187,2,831,496,66,133,1,1,1
188,1,792,512,68,156,1,1,1
188,2,826,496,66,133,1,1,1
189,1,786,512,71,158,1,1,1
189,2,837,496,51,133,1,1,1
190,1,781,525,74,145,1,1,1
190,2,832,498,51,133,1,1,1
191,1,786,517,67,153,1,1,1
191,2,826,494,54,140,1,1,1
192,1,788,536,62,135,1,1,1
192,2,824,495,54,140,1,1,1
193,1,777,520,71,151,1,1,1
193,2,820,495,54,140,1,1,1
194,1,773,520,72,150,1,1,1
194,2,819,494,54,140,1,1,1
195,1,769,521,74,149,1,1,1
195,2,801,494,70,131,1,1,1
196,1,769,522,71,148,1,1,1
196,2,798,498,70,131,1,1,1
197,1,762,519,73,152,1,1,1
197,2,794,500,70,131,1,1,1
198,1,755,522,73,149,1,1,1
198,2,789,500,70,131,1,1,1
199,1,761,522,66,149,1,1,1
199,2,786,500,70,131,1,1,1
200,1,755,518,76,152,1,1,1
200,2,782,500,70,131,1,1,1
201,1,756,521,73,151,1,1,1
201,2,777,499,70,131,1,1,1
202,1,742,518,79,152,1,1,1
202,2,774,500,70,131,1,1,1
203,1,743,520,86,149,1,1,1
203,2,793,501,49,125,1,1,1
204,1,746,514,73,147,1,1,1
204,2,789,502,49,125,1,1,1
205,1,743,534,73,135,1,1,1
205,2,786,504,49,125,1,1,1
206,1,741,537,70,129,1,1,1
206,2,783,503,49,125,1,1,1
207,1,738,536,70,129,1,1,1
207,2,781,502,49,125,1,1,1
208,1,733,537,70,129,1,1,1
208,2,777,500,51,131,1,1,1
209,1,736,516,51,144,1,1,1
209,2,775,501,51,131,1,1,1
210,1,730,520,51,144,1,1,1
210,2,772,501,51,131,1,1,1
211,1,727,520,56,147,1,1,1
211,2,770,504,49,125,1,1,1
212,1,721,519,62,152,1,1,1
212,2,768,504,49,125,1,1,1
213,1,720,519,61,153,1,1,1
213,2,748,501,66,127,1,1,1
214,1,712,528,65,141,1,1,1
214,2,746,502,66,127,1,1,1
215,1,716,531,65,141,1,1,1
215,2,743,504,66,127,1,1,1
216,1,713,532,65,141,1,1,1
216,2,739,503,66,127,1,1,1
217,1,711,531,65,141,1,1,1
217,2,736,504,66,127,1,1,1
218,1,709,536,62,134,1,1,1
218,2,732,508,66,127,1,1,1
219,1,706,535,62,134,1,1,1
219,2,729,510,66,127,1,1,1
220,1,704,535,62,134,1,1,1
220,2,740,496,54,131,1,1,1
221,1,702,522,61,146,1,1,1
221,2,737,500,54,131,1,1,1
222,1,701,527,61,146,1,1,1
222,2,734,500,54,131,1,1,1
223,1,699,527,61,146,1,1,1
223,2,731,501,54,131,1,1,1
224,1,690,520,67,154,1,1,1
224,2,727,496,54,134,1,1,1
225,1,692,523,67,154,1,1,1
225,2,723,499,54,134,1,1,1
226,1,688,523,67,154,1,1,1
226,2,721,498,54,134,1,1,1
227,1,674,517,64,153,1,1,1
227,2,720,504,54,134,1,1,1
228,1,678,520,64,153,1,1,1
228,2,718,504,54,134,1,1,1
229,1,676,520,64,153,1,1,1
229,2,714,505,54,134,1,1,1
230,1,665,521,73,153,1,1,1
230,2,712,504,54,134,1,1,1
231,1,668,522,73,153,1,1,1
231,2,699,503,65,134,1,1,1
232,1,666,522,73,153,1,1,1
232,2,695,503,65,134,1,1,1
233,1,665,521,73,153,1,1,1
233,2,692,503,65,134,1,1,1
234,1,663,521,73,153,1,1,1
234,2,688,503,65,134,1,1,1
235,1,660,522,73,153,1,1,1
235,2,686,503,65,134,1,1,1
236,1,659,528,70,146,1,1,1
236,2,684,505,65,134,1,1,1
237,1,657,527,70,146,1,1,1
237,2,680,504,65,134,1,1,1
238,1,655,528,70,146,1,1,1
238,2,678,503,65,134,1,1,1
239,1,652,528,70,146,1,1,1
239,2,675,504,65,134,1,1,1
240,1,648,523,73,153,1,1,1
240,2,674,506,65,134,1,1,1
241,1,646,523,73,153,1,1,1
241,2,672,505,65,134,1,1,1
242,1,643,520,55,149,1,1,1
242,2,684,506,51,131,1,1,1
243,1,641,525,55,149,1,1,1
243,2,679,508,51,131,1,1,1
244,1,638,526,55,149,1,1,1
244,2,676,507,51,131,1,1,1
245,1,635,523,58,156,1,1,1
245,2,673,512,51,131,1,1,1
246,1,633,522,58,156,1,1,1
246,2,670,513,51,131,1,1,1
247,1,630,523,58,156,1,1,1
247,2,668,512,51,131,1,1,1
248,1,627,518,61,151,1,1,1
248,2,665,509,51,131,1,1,1
249,1,626,522,61,151,1,1,1
249,2,663,510,51,131,1,1,1
250,1,623,522,61,151,1,1,1
250,2,661,508,51,131,1,1,1
251,1,620,522,61,151,1,1,1
251,2,658,509,51,131,1,1,1
252,1,617,523,61,151,1,1,1
252,2,652,508,54,138,1,1,1
253,1,613,522,61,151,1,1,1
253,2,648,505,56,144,1,1,1
254,1,612,521,61,151,1,1,1
254,2,645,504,56,144,1,1,1
255,1,607,516,64,159,1,1,1
255,2,641,506,69,134,1,1,1
256,1,605,516,64,159,1,1,1
256,2,636,508,69,134,1,1,1
257,1,601,514,64,159,1,1,1
257,2,633,509,69,134,1,1,1
258,1,598,515,64,159,1,1,1
258,2,630,507,69,134,1,1,1
259,1,596,515,64,159,1,1,1
259,2,627,507,69,134,1,1,1
260,1,595,515,64,159,1,1,1
260,2,624,508,69,134,1,1,1
261,1,593,524,61,151,1,1,1
261,2,629,508,59,130,1,1,1
262,1,590,524,61,151,1,1,1
262,2,622,507,59,130,1,1,1
263,1,588,522,61,151,1,1,1
263,2,619,507,59,130,1,1,1
264,1,584,523,61,151,1,1,1
264,2,617,511,59,130,1,1,1
265,1,579,517,64,159,1,1,1
265,2,616,510,59,130,1,1,1
266,1,575,514,64,159,1,1,1
266,2,613,511,59,130,1,1,1
267,1,572,515,64,159,1,1,1
267,2,611,510,59,130,1,1,1
268,1,569,513,64,159,1,1,1
268,2,609,511,59,130,1,1,1
269,1,565,510,64,159,1,1,1
269,2,599,510,67,131,1,1,1
270,1,563,507,64,159,1,1,1
270,2,597,510,67,131,1,1,1
271,1,561,511,64,159,1,1,1
271,2,594,511,67,131,1,1,1
272,1,557,517,61,151,1,1,1
272,2,593,511,67,131,1,1,1
273,1,556,516,61,151,1,1,1
273,2,590,510,67,131,1,1,1
274,1,552,515,61,151,1,1,1
274,2,588,510,67,131,1,1,1
275,1,548,516,61,151,1,1,1
275,2,585,511,67,131,1,1,1
276,1,546,516,61,151,1,1,1
276,2,595,508,56,133,1,1,1
277,1,541,516,61,151,1,1,1
277,2,590,507,56,133,1,1,1
278,1,537,518,61,151,1,1,1
278,2,588,507,56,133,1,1,1
279,1,534,519,61,151,1,1,1
279,2,586,507,56,133,1,1,1
280,1,528,519,61,151,1,1,1
280,2,583,508,56,133,1,1,1
281,1,524,518,61,151,1,1,1
281,2,580,508,56,133,1,1,1
282,1,521,520,61,151,1,1,1
282,2,579,509,56,133,1,1,1
283,1,517,520,64,144,1,1,1
283,2,578,509,56,133,1,1,1
284,1,515,523,64,144,1,1,1
284,2,577,509,56,133,1,1,1
285,1,511,521,64,144,1,1,1
285,2,575,510,56,133,1,1,1
286,1,509,522,64,144,1,1,1
286,2,573,510,56,133,1,1,1
287,1,505,522,64,144,1,1,1
287,2,571,510,56,133,1,1,1
288,1,503,515,67,151,1,1,1
288,2,568,508,59,140,1,1,1
289,1,500,518,67,151,1,1,1
289,2,565,509,59,140,1,1,1
290,1,500,515,67,151,1,1,1
290,2,561,509,59,140,1,1,1
291,1,498,521,64,144,1,1,1
291,2,557,504,62,147,1,1,1
292,1,495,521,64,144,1,1,1
292,2,553,505,62,147,1,1,1
293,1,493,522,64,144,1,1,1
293,2,550,506,62,147,1,1,1
294,1,492,520,64,144,1,1,1
294,2,547,506,62,147,1,1,1
295,1,489,516,67,151,1,1,1
295,2,544,505,62,147,1,1,1
296,1,486,515,67,151,1,1,1
296,2,542,505,62,147,1,1,1
297,1,486,519,64,144,1,1,1
297,2,538,504,62,147,1,1,1
298,1,484,522,61,137,1,1,1
298,2,538,509,59,140,1,1,1
299,1,481,522,61,137,1,1,1
299,2,536,510,59,140,1,1,1
300,1,476,523,61,137,1,1,1
300,2,534,509,59,140,1,1,1
301,1,472,523,51,135,1,1,1
301,2,531,513,59,140,1,1,1
302,1,470,523,51,135,1,1,1
302,2,530,513,59,140,1,1,1
303,1,468,524,51,135,1,1,1
303,2,528,513,59,140,1,1,1
304,1,464,528,51,135,1,1,1
304,2,525,517,59,140,1,1,1
305,1,462,527,51,135,1,1,1
305,2,523,519,59,140,1,1,1
306,1,461,527,51,135,1,1,1
306,2,522,519,59,140,1,1,1
307,1,459,523,51,135,1,1,1
307,2,518,520,59,140,1,1,1
308,1,442,521,69,142,1,1,1
308,2,515,520,59,140,1,1,1
309,1,445,522,69,142,1,1,1
309,2,512,522,59,140,1,1,1
310,1,443,525,69,142,1,1,1
310,2,510,521,59,140,1,1,1
311,1,441,526,69,142,1,1,1
311,2,509,522,59,140,1,1,1
312,1,438,523,72,149,1,1,1
312,2,505,522,59,140,1,1,1
313,1,429,522,68,140,1,1,1
313,2,502,523,59,140,1,1,1
314,1,432,524,68,140,1,1,1
314,2,500,522,59,140,1,1,1
315,1,430,525,68,140,1,1,1
315,2,496,522,59,140,1,1,1
316,1,428,525,68,140,1,1,1
316,2,494,524,59,140,1,1,1
317,1,425,528,68,140,1,1,1
317,2,494,523,59,140,1,1,1
318,1,422,529,59,131,1,1,1
318,2,491,524,61,141,1,1,1
319,1,421,533,59,131,1,1,1
319,2,489,526,61,141,1,1,1
320,1,419,534,59,131,1,1,1
320,2,489,526,61,141,1,1,1
321,1,415,535,59,131,1,1,1
321,2,488,527,61,141,1,1,1
322,1,410,536,69,135,1,1,1
322,2,474,527,74,146,1,1,1
323,1,406,537,69,135,1,1,1
323,2,476,527,74,146,1,1,1
324,1,402,538,80,135,1,1,1
324,2,474,530,74,144,1,1,1
325,1,398,540,80,135,1,1,1
325,2,468,530,79,146,1,1,1
326,1,394,540,80,135,1,1,1
326,2,467,530,79,146,1,1,1
327,1,390,542,80,135,1,1,1
327,2,464,533,79,146,1,1,1
328,1,386,544,80,135,1,1,1
328,2,457,533,79,146,1,1,1
329,1,383,545,80,135,1,1,1
329,2,453,536,75,139,1,1,1
330,1,382,546,80,135,1,1,1
330,2,449,539,75,139,1,1,1
331,1,378,546,80,135,1,1,1
331,2,451,535,75,144,1,1,1
332,1,376,545,80,135,1,1,1
332,2,447,535,75,144,1,1,1
333,1,373,545,80,135,1,1,1
333,2,446,535,75,144,1,1,1
334,1,370,545,80,135,1,1,1
334,2,446,534,65,144,1,1,1
335,1,363,545,70,135,1,1,1
335,2,446,535,65,144,1,1,1
336,1,359,546,70,135,1,1,1
336,2,444,535,65,144,1,1,1
337,1,356,543,70,151,1,1,1
337,2,434,536,60,144,1,1,1
338,1,358,545,70,151,1,1,1
338,2,435,536,60,144,1,1,1
339,1,355,546,70,151,1,1,1
339,2,435,537,60,144,1,1,1
340,1,353,549,70,151,1,1,1
340,2,433,541,60,144,1,1,1
341,1,350,552,70,151,1,1,1
341,2,431,542,60,144,1,1,1
342,1,349,552,70,151,1,1,1
342,2,430,543,60,144,1,1,1
343,1,347,554,67,151,1,1,1
343,2,429,544,60,144,1,1,1
344,1,346,555,67,151,1,1,1
344,2,427,543,60,144,1,1,1
345,1,345,556,67,151,1,1,1
345,2,425,547,60,144,1,1,1
346,1,342,559,67,151,1,1,1
346,2,422,546,60,144,1,1,1
347,1,333,557,59,151,1,1,1
347,2,421,546,60,144,1,1,1
348,1,337,559,59,151,1,1,1
348,2,418,543,63,151,1,1,1
349,1,334,555,62,159,1,1,1
349,2,414,548,63,151,1,1,1
350,1,332,557,62,159,1,1,1
350,2,414,550,63,151,1,1,1
351,1,330,558,62,159,1,1,1
351,2,412,551,63,151,1,1,1
352,1,329,560,55,159,1,1,1
352,2,412,553,63,151,1,1,1
353,1,333,563,55,159,1,1,1
353,2,409,553,63,151,1,1,1
354,1,331,564,55,159,1,1,1
354,2,408,553,63,151,1,1,1
355,1,325,566,60,159,1,1,1
355,2,407,553,63,151,1,1,1
356,1,326,569,60,159,1,1,1
356,2,405,553,63,151,1,1,1
357,1,320,570,60,159,1,1,1
357,2,405,554,63,151,1,1,1
358,1,313,573,69,159,1,1,1
358,2,403,556,63,151,1,1,1
359,1,314,574,69,159,1,1,1
359,2,403,558,63,151,1,1,1
360,1,313,575,69,159,1,1,1
360,2,402,560,63,151,1,1,1
361,1,312,577,69,159,1,1,1
361,2,400,560,63,151,1,1,1
362,1,311,577,69,159,1,1,1
362,2,399,562,63,151,1,1,1
363,1,311,578,69,159,1,1,1
363,2,398,564,63,151,1,1,1
364,1,311,579,69,159,1,1,1
364,2,397,565,63,151,1,1,1
365,1,310,580,69,159,1,1,1
365,2,397,565,63,151,1,1,1
366,1,311,581,69,159,1,1,1
366,2,395,566,63,151,1,1,1
367,1,303,578,69,159,1,1,1
367,2,395,567,63,151,1,1,1
368,1,306,583,69,159,1,1,1
368,2,385,568,71,151,1,1,1
369,1,308,585,69,159,1,1,1
369,2,386,571,71,151,1,1,1
370,1,308,586,69,159,1,1,1
370,2,385,573,71,151,1,1,1
371,1,308,588,69,159,1,1,1
371,2,385,573,71,151,1,1,1
372,1,309,588,69,159,1,1,1
372,2,383,572,71,151,1,1,1
373,1,310,593,69,159,1,1,1
373,2,383,574,71,151,1,1,1
374,1,310,594,69,159,1,1,1
374,2,384,573,71,151,1,1,1
375,1,312,594,69,159,1,1,1
375,2,384,574,71,151,1,1,1
376,1,313,595,69,159,1,1,1
376,2,384,575,71,151,1,1,1
377,1,310,591,72,161,1,1,1
377,2,385,574,71,151,1,1,1
378,1,313,594,72,161,1,1,1
378,2,383,575,71,151,1,1,1
379,1,314,594,72,161,1,1,1
379,2,385,575,71,151,1,1,1
380,1,315,595,72,161,1,1,1
380,2,386,576,71,151,1,1,1
381,1,316,595,72,161,1,1,1
381,2,386,577,71,151,1,1,1
382,1,316,596,72,161,1,1,1
382,2,388,578,71,151,1,1,1
383,1,311,600,72,161,1,1,1
383,2,390,581,71,151,1,1,1
384,1,312,603,72,161,1,1,1
384,2,390,584,71,151,1,1,1
385,1,310,604,72,161,1,1,1
385,2,392,585,71,151,1,1,1
386,1,313,605,72,174,1,1,1
386,2,395,588,71,151,1,1,1
387,1,317,604,72,174,1,1,1
387,2,395,589,71,151,1,1,1
388,1,318,606,72,174,1,1,1
388,2,397,590,71,151,1,1,1
389,1,319,607,72,174,1,1,1
389,2,397,591,71,151,1,1,1
390,1,324,607,72,174,1,1,1
390,2,399,590,71,151,1,1,1
391,1,319,606,72,174,1,1,1
391,2,399,590,71,151,1,1,1
392,1,323,607,72,174,1,1,1
392,2,401,588,71,151,1,1,1
393,1,329,607,72,174,1,1,1
393,2,401,590,71,151,1,1,1
394,1,326,607,72,174,1,1,1
394,2,402,590,71,151,1,1,1
395,1,328,608,72,169,1,1,1
395,2,403,589,71,151,1,1,1
396,1,329,608,72,169,1,1,1
396,2,407,589,71,162,1,1,1
397,1,333,610,72,169,1,1,1
397,2,410,591,71,162,1,1,1
398,1,340,614,72,169,1,1,1
398,2,415,589,71,162,1,1,1
399,1,344,614,72,169,1,1,1
399,2,412,591,71,162,1,1,1
400,1,348,615,72,169,1,1,1
400,2,414,595,68,154,1,1,1
401,1,350,615,72,169,1,1,1
401,2,416,597,68,154,1,1,1
402,1,352,616,72,169,1,1,1
402,2,416,598,68,154,1,1,1
403,1,354,617,72,169,1,1,1
403,2,418,594,71,162,1,1,1
404,1,357,618,72,169,1,1,1
404,2,419,596,71,162,1,1,1
405,1,359,619,72,169,1,1,1
405,2,428,595,63,162,1,1,1
406,1,362,621,72,169,1,1,1
406,2,426,596,63,162,1,1,1
407,1,364,622,72,169,1,1,1
407,2,428,597,63,162,1,1,1
408,1,367,622,72,169,1,1,1
408,2,430,595,63,162,1,1,1
409,1,369,624,72,169,1,1,1
409,2,431,597,63,162,1,1,1
410,1,370,623,72,169,1,1,1
410,2,432,596,63,162,1,1,1
411,1,372,622,72,169,1,1,1
411,2,434,597,63,162,1,1,1
412,1,375,623,63,169,1,1,1
412,2,441,598,58,162,1,1,1
413,1,380,624,63,169,1,1,1
413,2,443,600,58,162,1,1,1
414,1,383,625,63,169,1,1,1
414,2,443,602,58,162,1,1,1
415,1,385,626,63,169,1,1,1
415,2,446,605,55,154,1,1,1
416,1,374,631,87,176,1,1,1
416,2,447,604,55,154,1,1,1
417,1,380,631,87,176,1,1,1
417,2,449,603,84,156,1,1,1
418,1,384,632,87,176,1,1,1
418,2,457,606,84,156,1,1,1
419,1,385,632,87,176,1,1,1
419,2,456,607,84,156,1,1,1
420,1,389,633,87,176,1,1,1
420,2,463,606,84,156,1,1,1
421,1,393,632,85,174,1,1,1
421,2,462,608,84,156,1,1,1
422,1,403,633,69,174,1,1,1
422,2,459,608,81,156,1,1,1
423,1,408,634,65,174,1,1,1
423,2,464,610,74,156,1,1,1
424,1,413,631,65,174,1,1,1
424,2,463,611,74,156,1,1,1
425,1,417,632,65,174,1,1,1
425,2,467,610,74,156,1,1,1
426,1,420,634,65,174,1,1,1
426,2,469,610,74,156,1,1,1
427,1,422,635,65,174,1,1,1
427,2,472,611,74,156,1,1,1
428,1,426,635,65,174,1,1,1
428,2,475,610,74,156,1,1,1
429,1,430,636,74,174,1,1,1
429,2,476,612,74,156,1,1,1
430,1,430,637,74,174,1,1,1
430,2,488,611,66,156,1,1,1
431,1,431,637,92,174,1,1,1
431,2,495,609,60,156,1,1,1
432,1,430,638,92,174,1,1,1
432,2,494,609,74,156,1,1,1
433,1,434,637,92,174,1,1,1
433,2,493,611,74,156,1,1,1
434,1,438,637,92,174,1,1,1
434,2,495,611,74,156,1,1,1
435,1,440,638,92,174,1,1,1
435,2,498,612,74,156,1,1,1
436,1,442,637,92,174,1,1,1
436,2,500,612,74,156,1,1,1
437,1,446,638,92,174,1,1,1
437,2,501,613,74,156,1,1,1
438,1,448,635,92,174,1,1,1
438,2,504,612,74,156,1,1,1
439,1,452,634,92,174,1,1,1
439,2,506,611,74,156,1,1,1
440,1,453,635,92,174,1,1,1
440,2,512,615,70,149,1,1,1
441,1,466,634,69,174,1,1,1
441,2,513,617,70,149,1,1,1
442,1,472,633,69,174,1,1,1
442,2,516,615,70,149,1,1,1
443,1,477,634,69,174,1,1,1
443,2,518,615,84,158,1,1,1
444,1,480,634,69,174,1,1,1
444,2,517,615,84,158,1,1,1
445,1,483,634,69,174,1,1,1
445,2,520,613,84,158,1,1,1
446,1,487,636,69,174,1,1,1
446,2,523,612,84,158,1,1,1
447,1,489,636,84,175,1,1,1
447,2,543,612,67,165,1,1,1
448,1,488,636,84,175,1,1,1
448,2,542,612,67,165,1,1,1
449,1,489,634,84,175,1,1,1
449,2,544,613,67,165,1,1,1
450,1,493,637,84,175,1,1,1
450,2,548,613,67,165,1,1,1
451,1,495,636,84,175,1,1,1
451,2,550,616,67,165,1,1,1
452,1,499,639,84,175,1,1,1
452,2,568,614,67,165,1,1,1
453,1,503,637,84,175,1,1,1
453,2,564,616,82,157,1,1,1
454,1,507,635,84,175,1,1,1
454,2,559,619,82,157,1,1,1
455,1,514,638,80,167,1,1,1
455,2,571,620,88,157,1,1,1
456,1,514,632,84,175,1,1,1
456,2,569,624,88,157,1,1,1
457,1,518,631,84,175,1,1,1
457,2,572,622,88,157,1,1,1
458,1,520,634,69,176,1,1,1
458,2,575,624,88,157,1,1,1
459,1,527,632,69,176,1,1,1
459,2,578,624,88,157,1,1,1
460,1,531,633,69,176,1,1,1
460,2,581,625,88,157,1,1,1
461,1,533,634,69,176,1,1,1
461,2,583,625,88,157,1,1,1
462,1,536,636,69,176,1,1,1
462,2,585,625,88,157,1,1,1
463,1,537,638,69,176,1,1,1
463,2,588,624,88,157,1,1,1
464,1,539,634,69,176,1,1,1
464,2,591,624,88,157,1,1,1
465,1,541,637,69,176,1,1,1
465,2,594,621,88,157,1,1,1
466,1,542,643,69,176,1,1,1
466,2,597,620,88,157,1,1,1
467,1,545,634,80,177,1,1,1
467,2,620,619,68,169,1,1,1
468,1,545,642,80,177,1,1,1
468,2,614,619,68,169,1,1,1
469,1,547,641,80,177,1,1,1
469,2,618,622,68,169,1,1,1
470,1,550,640,80,177,1,1,1
470,2,621,623,68,169,1,1,1
471,1,552,639,80,177,1,1,1
471,2,624,622,85,169,1,1,1
472,1,554,639,80,177,1,1,1
472,2,622,625,85,169,1,1,1
473,1,558,636,80,177,1,1,1
473,2,624,626,85,169,1,1,1
474,1,560,632,84,186,1,1,1
474,2,627,626,85,169,1,1,1
475,1,564,630,84,186,1,1,1
475,2,630,628,85,169,1,1,1
476,1,569,630,70,176,1,1,1
476,2,632,627,85,175,1,1,1
477,1,579,636,70,176,1,1,1
477,2,633,628,85,175,1,1,1
478,1,582,635,70,176,1,1,1
478,2,641,627,80,171,1,1,1
479,1,585,635,70,176,1,1,1
479,2,642,628,80,171,1,1,1
480,1,588,633,70,176,1,1,1
480,2,646,629,80,171,1,1,1
481,1,592,634,70,176,1,1,1
481,2,649,627,80,171,1,1,1
482,1,594,633,70,176,1,1,1
482,2,652,631,80,166,1,1,1
483,1,598,631,70,176,1,1,1
483,2,654,631,80,166,1,1,1
484,1,602,630,70,176,1,1,1
484,2,656,632,80,166,1,1,1
485,1,607,629,70,176,1,1,1
485,2,661,635,80,166,1,1,1
486,1,610,629,70,176,1,1,1
486,2,663,635,80,166,1,1,1
487,1,613,628,70,176,1,1,1
487,2,666,637,80,166,1,1,1
488,1,619,625,70,176,1,1,1
488,2,669,639,80,166,1,1,1
489,1,622,626,70,176,1,1,1
489,2,671,639,80,166,1,1,1
490,1,625,625,70,176,1,1,1
490,2,672,635,84,174,1,1,1
491,1,629,623,70,176,1,1,1
491,2,676,635,84,174,1,1,1
492,1,632,624,70,176,1,1,1
492,2,680,636,84,174,1,1,1
493,1,635,623,70,176,1,1,1
493,2,683,636,84,174,1,1,1
494,1,638,622,70,176,1,1,1
494,2,685,636,84,174,1,1,1
495,1,641,622,70,176,1,1,1
495,2,688,634,84,174,1,1,1
496,1,647,621,70,176,1,1,1
496,2,690,634,84,174,1,1,1
497,1,652,616,70,176,1,1,1
497,2,693,633,84,174,1,1,1
498,1,658,619,67,168,1,1,1
498,2,705,635,75,174,1,1,1
499,1,663,618,67,168,1,1,1
499,2,704,637,75,174,1,1,1
500,1,666,616,67,168,1,1,1
500,2,707,637,75,174,1,1,1
501,1,671,616,67,168,1,1,1
501,2,708,638,75,174,1,1,1
502,1,674,616,67,168,1,1,1
502,2,712,637,75,174,1,1,1
503,1,677,617,67,168,1,1,1
503,2,713,637,75,174,1,1,1
504,1,681,616,67,168,1,1,1
504,2,715,641,75,174,1,1,1
505,1,683,607,70,176,1,1,1
505,2,732,643,75,174,1,1,1
506,1,687,609,67,168,1,1,1
506,2,724,645,75,174,1,1,1
507,1,691,613,67,168,1,1,1
507,2,736,651,75,174,1,1,1
508,1,695,620,63,160,1,1,1
508,2,742,648,75,174,1,1,1
509,1,696,616,67,168,1,1,1
509,2,740,650,75,174,1,1,1
510,1,701,621,63,160,1,1,1
510,2,741,657,75,174,1,1,1
511,1,706,622,63,160,1,1,1
511,2,745,661,75,174,1,1,1
512,1,708,620,93,149,1,1,1
512,2,739,660,75,174,1,1,1
513,1,714,631,93,149,1,1,1
513,2,741,661,75,174,1,1,1
514,1,718,633,93,149,1,1,1
514,2,744,660,75,174,1,1,1
515,1,721,634,93,149,1,1,1
515,2,746,659,75,174,1,1,1
516,1,724,634,93,149,1,1,1
516,2,747,658,75,174,1,1,1
517,1,728,634,93,149,1,1,1
517,2,750,660,75,174,1,1,1
518,1,741,607,83,149,1,1,1
518,2,760,661,75,174,1,1,1
519,1,742,622,83,149,1,1,1
519,2,758,657,75,174,1,1,1
520,1,744,602,83,158,1,1,1
520,2,761,655,75,174,1,1,1
521,1,745,609,83,158,1,1,1
521,2,763,659,75,174,1,1,1
522,1,749,604,71,153,1,1,1
522,2,775,660,66,177,1,1,1
523,1,760,609,71,153,1,1,1
523,2,773,660,66,177,1,1,1
524,1,762,621,71,153,1,1,1
524,2,776,660,66,177,1,1,1
525,1,766,606,88,156,1,1,1
525,2,777,661,82,177,1,1,1
526,1,763,620,88,156,1,1,1
526,2,789,658,82,177,1,1,1
527,1,766,620,88,156,1,1,1
527,2,793,661,82,177,1,1,1
528,1,770,622,88,156,1,1,1
528,2,794,665,82,177,1,1,1
529,1,775,608,88,156,1,1,1
529,2,798,666,82,177,1,1,1
530,1,777,599,88,163,1,1,1
530,2,788,666,82,177,1,1,1
531,1,778,614,88,163,1,1,1
531,2,793,667,82,177,1,1,1
532,1,781,614,88,163,1,1,1
532,2,797,666,82,177,1,1,1
533,1,795,594,67,163,1,1,1
533,2,802,665,82,177,1,1,1
534,1,805,593,55,166,1,1,1
534,2,797,665,82,177,1,1,1
535,1,814,591,55,166,1,1,1
535,2,800,666,82,177,1,1,1
536,1,816,589,55,166,1,1,1
536,2,804,665,82,177,1,1,1
537,1,823,591,55,166,1,1,1
537,2,813,664,74,177,1,1,1
538,1,825,603,55,166,1,1,1
538,2,819,661,66,178,1,1,1
539,1,827,605,55,166,1,1,1
539,2,825,660,61,183,1,1,1
540,1,831,606,55,166,1,1,1
540,2,828,658,61,183,1,1,1
541,1,833,596,74,166,1,1,1
541,2,831,658,61,183,1,1,1
542,1,833,606,74,166,1,1,1
542,2,833,662,61,183,1,1,1
543,1,835,608,74,166,1,1,1
543,2,836,660,61,183,1,1,1
544,1,840,611,74,166,1,1,1
544,2,842,663,65,191,1,1,1
545,1,843,615,74,166,1,1,1
545,2,850,668,65,191,1,1,1
546,1,848,617,70,158,1,1,1
546,2,849,669,85,182,1,1,1
547,1,851,600,65,171,1,1,1
547,2,843,670,85,182,1,1,1
548,1,855,606,65,171,1,1,1
548,2,847,668,85,182,1,1,1
549,1,859,608,65,171,1,1,1
549,2,854,674,81,173,1,1,1
550,1,863,608,65,171,1,1,1
550,2,858,671,81,173,1,1,1
551,1,866,609,62,160,1,1,1
551,2,861,670,81,173,1,1,1
552,1,871,613,62,160,1,1,1
552,2,861,665,85,182,1,1,1
553,1,874,613,62,160,1,1,1
553,2,866,665,85,182,1,1,1
554,1,879,614,62,160,1,1,1
554,2,870,666,85,182,1,1,1
555,1,883,613,62,160,1,1,1
555,2,874,669,81,173,1,1,1
556,1,886,614,62,160,1,1,1
556,2,879,669,81,173,1,1,1
557,1,890,614,85,147,1,1,1
557,2,893,666,53,184,1,1,1
558,1,888,621,85,147,1,1,1
558,2,897,656,53,184,1,1,1
559,1,892,620,85,147,1,1,1
559,2,901,655,53,184,1,1,1
560,1,896,621,85,147,1,1,1
560,2,905,657,53,184,1,1,1
561,1,898,623,85,147,1,1,1
561,2,909,658,53,184,1,1,1
562,1,902,593,71,165,1,1,1
562,2,914,669,62,181,1,1,1
563,1,906,598,71,163,1,1,1
563,2,917,671,62,181,1,1,1
564,1,909,598,71,163,1,1,1
564,2,914,669,84,181,1,1,1
565,1,914,607,71,163,1,1,1
565,2,909,670,84,181,1,1,1
566,1,919,606,71,163,1,1,1
566,2,913,670,84,181,1,1,1
567,1,923,599,71,163,1,1,1
567,2,917,671,84,181,1,1,1
568,1,934,592,62,174,1,1,1
568,2,920,670,84,181,1,1,1
569,1,934,599,62,174,1,1,1
569,2,923,668,84,181,1,1,1
570,1,937,600,62,174,1,1,1
570,2,927,665,84,181,1,1,1
571,1,940,597,65,183,1,1,1
571,2,930,665,84,181,1,1,1
572,1,943,597,76,170,1,1,1
572,2,934,656,67,188,1,1,1
573,1,942,600,76,170,1,1,1
573,2,939,654,67,188,1,1,1
574,1,946,603,76,170,1,1,1
574,2,942,655,67,188,1,1,1
575,1,950,603,76,170,1,1,1
575,2,944,652,70,197,1,1,1
576,1,952,600,76,170,1,1,1
576,2,948,653,70,197,1,1,1
577,1,955,601,76,170,1,1,1
577,2,953,650,70,197,1,1,1
578,1,960,604,76,170,1,1,1
578,2,959,658,67,188,1,1,1
579,1,962,603,76,170,1,1,1
579,2,964,657,67,188,1,1,1
580,1,972,596,58,160,1,1,1
580,2,964,650,70,197,1,1,1
581,1,975,610,58,160,1,1,1
581,2,967,650,87,199,1,1,1
582,1,979,609,58,160,1,1,1
582,2,967,651,87,199,1,1,1
583,1,983,611,58,160,1,1,1
583,2,970,651,87,199,1,1,1
584,1,986,611,58,160,1,1,1
584,2,977,656,83,190,1,1,1
585,1,990,612,58,160,1,1,1
585,2,979,655,83,190,1,1,1
586,1,994,614,58,160,1,1,1
586,2,982,654,83,190,1,1,1
587,1,994,602,72,155,1,1,1
587,2,986,655,83,190,1,1,1
588,1,995,598,72,171,1,1,1
588,2,988,655,83,190,1,1,1
589,1,996,597,72,171,1,1,1
589,2,991,657,83,190,1,1,1
590,1,1001,607,72,171,1,1,1
590,2,994,655,83,190,1,1,1
591,1,1003,607,72,171,1,1,1
591,2,996,654,83,190,1,1,1
592,1,1007,607,72,171,1,1,1
592,2,1000,652,83,190,1,1,1
593,1,1010,609,72,171,1,1,1
593,2,1003,650,83,190,1,1,1
594,1,1011,599,63,168,1,1,1
594,2,1008,651,74,190,1,1,1
595,1,1019,605,63,168,1,1,1
595,2,1029,652,56,193,1,1,1
596,1,1023,605,63,168,1,1,1
596,2,1029,649,56,193,1,1,1
597,1,1027,594,65,172,1,1,1
597,2,1033,655,69,193,1,1,1
598,1,1032,603,65,172,1,1,1
598,2,1034,668,69,181,1,1,1
599,1,1034,606,65,172,1,1,1
599,2,1034,666,69,181,1,1,1
600,1,1039,593,65,166,1,1,1
600,2,1039,670,66,172,1,1,1
601,1,1041,595,65,166,1,1,1
601,2,1043,666,80,173,1,1,1
602,1,1044,606,65,166,1,1,1
602,2,1039,666,80,173,1,1,1
603,1,1049,608,65,166,1,1,1
603,2,1043,667,80,173,1,1,1
604,1,1051,597,71,166,1,1,1
604,2,1046,666,80,173,1,1,1
605,1,1053,607,71,166,1,1,1
605,2,1049,666,80,173,1,1,1
606,1,1057,607,71,166,1,1,1
606,2,1051,660,84,182,1,1,1
607,1,1060,608,71,166,1,1,1
607,2,1054,660,84,182,1,1,1
608,1,1066,614,68,158,1,1,1
608,2,1057,658,84,182,1,1,1
609,1,1068,600,62,167,1,1,1
609,2,1063,662,72,174,1,1,1
610,1,1074,605,62,167,1,1,1
610,2,1068,661,72,174,1,1,1
611,1,1077,598,62,160,1,1,1
611,2,1072,659,72,174,1,1,1
612,1,1080,606,62,160,1,1,1
612,2,1076,659,72,174,1,1,1
613,1,1082,603,65,174,1,1,1
613,2,1080,660,72,174,1,1,1
614,1,1086,602,65,180,1,1,1
614,2,1085,661,72,174,1,1,1
615,1,1097,599,55,169,1,1,1
615,2,1095,664,68,187,1,1,1
616,1,1099,604,55,169,1,1,1
616,2,1095,658,68,187,1,1,1
617,1,1103,601,55,169,1,1,1
617,2,1098,659,68,187,1,1,1
618,1,1103,600,69,159,1,1,1
618,2,1100,668,87,183,1,1,1
619,1,1103,601,69,159,1,1,1
619,2,1102,669,88,182,1,1,1
620,1,1098,605,80,159,1,1,1
620,2,1098,668,88,182,1,1,1
621,1,1101,603,80,171,1,1,1
621,2,1099,667,88,182,1,1,1
622,1,1104,597,80,186,1,1,1
622,2,1103,667,88,182,1,1,1
623,1,1108,604,80,168,1,1,1
623,2,1106,667,88,182,1,1,1
624,1,1104,603,80,168,1,1,1
624,2,1111,668,88,182,1,1,1
625,1,1111,599,80,168,1,1,1
625,2,1114,667,88,182,1,1,1
626,1,1116,598,80,168,1,1,1
626,2,1116,668,88,182,1,1,1
627,1,1119,600,80,168,1,1,1
627,2,1119,666,88,182,1,1,1
628,1,1123,603,69,162,1,1,1
628,2,1124,668,88,182,1,1,1
629,1,1136,611,61,157,1,1,1
629,2,1127,668,84,182,1,1,1
630,1,1144,615,61,157,1,1,1
630,2,1132,663,84,182,1,1,1
631,1,1147,616,61,157,1,1,1
631,2,1155,660,67,201,1,1,1
632,1,1150,617,61,157,1,1,1
632,2,1164,656,64,198,1,1,1
633,1,1153,616,61,157,1,1,1
633,2,1160,654,64,198,1,1,1
634,1,1157,618,61,157,1,1,1
634,2,1163,655,64,198,1,1,1
635,1,1160,618,61,157,1,1,1
635,2,1164,668,81,180,1,1,1
636,1,1162,619,61,157,1,1,1
636,2,1160,666,81,180,1,1,1
637,1,1167,623,61,157,1,1,1
637,2,1161,662,81,180,1,1,1
638,1,1151,607,81,167,1,1,1
638,2,1167,668,77,171,1,1,1
639,1,1153,606,81,167,1,1,1
639,2,1171,669,77,171,1,1,1
640,1,1157,607,81,167,1,1,1
640,2,1176,670,77,171,1,1,1
641,1,1165,607,81,167,1,1,1
641,2,1180,668,77,171,1,1,1
642,1,1164,605,81,167,1,1,1
642,2,1184,670,77,171,1,1,1
643,1,1176,603,78,166,1,1,1
643,2,1186,666,81,180,1,1,1
644,1,1184,610,66,164,1,1,1
644,2,1190,663,81,180,1,1,1
645,1,1192,620,66,164,1,1,1
645,2,1193,663,81,180,1,1,1
646,1,1197,619,66,164,1,1,1
646,2,1196,663,81,180,1,1,1
647,1,1201,606,61,168,1,1,1
647,2,1200,660,81,180,1,1,1
648,1,1205,598,61,190,1,1,1
648,2,1204,664,81,175,1,1,1
649,1,1210,607,61,190,1,1,1
649,2,1205,659,81,175,1,1,1
650,1,1200,608,74,173,1,1,1
650,2,1210,663,81,190,1,1,1
651,1,1208,617,74,173,1,1,1
651,2,1211,659,81,190,1,1,1
652,1,1212,616,74,173,1,1,1
652,2,1215,657,81,190,1,1,1
653,1,1217,618,74,173,1,1,1
653,2,1218,655,81,190,1,1,1
654,1,1221,619,74,173,1,1,1
654,2,1221,653,81,190,1,1,1
655,1,1209,605,82,170,1,1,1
655,2,1233,667,100,190,1,1,1
656,1,1205,603,89,174,1,1,1
656,2,1226,668,100,190,1,1,1
657,1,1213,601,89,174,1,1,1
657,2,1228,666,100,190,1,1,1
658,1,1220,611,89,174,1,1,1
658,2,1231,666,100,190,1,1,1
659,1,1220,609,89,174,1,1,1
659,2,1234,667,100,190,1,1,1
660,1,1226,596,71,174,1,1,1
660,2,1239,667,100,190,1,1,1
661,1,1237,600,71,174,1,1,1
661,2,1243,667,100,190,1,1,1
662,1,1245,604,71,174,1,1,1
662,2,1245,669,100,190,1,1,1
663,1,1246,600,71,174,1,1,1
663,2,1250,668,100,190,1,1,1
664,1,1258,597,62,174,1,1,1
664,2,1253,666,88,190,1,1,1
665,1,1260,610,65,164,1,1,1
665,2,1257,657,88,190,1,1,1
666,1,1265,616,65,164,1,1,1
666,2,1260,651,88,190,1,1,1
667,1,1269,617,65,164,1,1,1
667,2,1277,672,80,184,1,1,1
668,1,1273,618,65,164,1,1,1
668,2,1279,666,80,184,1,1,1
669,1,1257,599,86,174,1,1,1
669,2,1296,671,74,184,1,1,1
670,1,1268,607,86,174,1,1,1
670,2,1295,667,74,184,1,1,1
671,1,1273,610,86,174,1,1,1
671,2,1298,665,74,184,1,1,1
672,1,1255,602,82,174,1,1,1
672,2,1304,668,70,175,1,1,1
673,1,1258,607,82,174,1,1,1
673,2,1303,665,74,184,1,1,1
674,1,1265,606,82,174,1,1,1
674,2,1307,666,74,184,1,1,1
675,1,1274,611,82,160,1,1,1
675,2,1306,671,87,184,1,1,1
676,1,1281,611,82,160,1,1,1
676,2,1306,669,87,184,1,1,1
677,1,1283,607,69,169,1,1,1
677,2,1309,669,87,184,1,1,1
678,1,1291,603,61,177,1,1,1
678,2,1314,668,87,184,1,1,1
679,1,1298,609,61,177,1,1,1
679,2,1318,669,87,184,1,1,1
680,1,1301,611,61,177,1,1,1
680,2,1320,663,91,193,1,1,1
681,1,1303,612,61,177,1,1,1
681,2,1320,660,91,193,1,1,1
682,1,1306,614,61,177,1,1,1
682,2,1324,662,85,191,1,1,1
683,1,1308,614,61,177,1,1,1
683,2,1329,660,77,189,1,1,1
684,1,1310,613,61,177,1,1,1
684,2,1345,663,66,182,1,1,1
685,1,1313,613,61,177,1,1,1
685,2,1350,665,64,184,1,1,1
686,1,1315,613,61,177,1,1,1
686,2,1362,666,64,190,1,1,1
687,1,1318,613,61,177,1,1,1
687,2,1365,665,64,190,1,1,1
688,1,1321,609,64,186,1,1,1
688,2,1369,665,64,190,1,1,1
689,1,1324,608,64,186,1,1,1
689,2,1371,665,64,190,1,1,1
690,1,1326,606,64,186,1,1,1
690,2,1374,665,64,190,1,1,1
691,1,1329,605,64,186,1,1,1
691,2,1375,664,64,190,1,1,1
692,1,1333,606,64,186,1,1,1
692,2,1378,663,64,190,1,1,1
693,1,1335,604,64,186,1,1,1
693,2,1381,664,64,190,1,1,1
694,1,1338,606,59,170,1,1,1
694,2,1367,672,104,179,1,1,1
695,1,1349,613,59,170,1,1,1
695,2,1373,673,104,179,1,1,1
696,1,1352,614,59,170,1,1,1
696,2,1376,673,104,179,1,1,1
697,1,1354,613,59,170,1,1,1
697,2,1379,673,104,179,1,1,1
698,1,1356,612,59,170,1,1,1
698,2,1380,672,104,179,1,1,1
699,1,1358,614,59,170,1,1,1
699,2,1386,672,104,179,1,1,1
700,1,1361,615,59,170,1,1,1
700,2,1389,672,86,174,1,1,1
701,1,1364,613,59,170,1,1,1
701,2,1398,673,86,174,1,1,1
702,1,1366,614,59,170,1,1,1
702,2,1403,674,86,174,1,1,1
703,1,1370,614,59,170,1,1,1
703,2,1408,671,86,174,1,1,1
704,1,1373,614,59,170,1,1,1
704,2,1412,672,86,174,1,1,1
705,1,1376,616,59,170,1,1,1
705,2,1429,672,72,176,1,1,1
706,1,1378,616,59,170,1,1,1
706,2,1431,674,72,176,1,1,1
707,1,1381,617,59,170,1,1,1
707,2,1433,672,85,174,1,1,1
708,1,1385,617,59,170,1,1,1
708,2,1434,673,85,174,1,1,1
709,1,1387,617,59,170,1,1,1
709,2,1435,674,85,174,1,1,1
710,1,1389,616,59,170,1,1,1
710,2,1437,675,85,174,1,1,1
711,1,1393,617,59,170,1,1,1
711,2,1442,676,85,174,1,1,1
712,1,1395,610,55,169,1,1,1
712,2,1447,675,85,174,1,1,1
713,1,1402,616,55,169,1,1,1
713,2,1452,675,85,174,1,1,1
714,1,1404,615,55,169,1,1,1
714,2,1457,675,85,174,1,1,1
715,1,1407,614,55,169,1,1,1
715,2,1461,676,85,174,1,1,1
716,1,1409,614,55,169,1,1,1
716,2,1467,676,85,174,1,1,1
717,1,1411,614,55,169,1,1,1
717,2,1470,675,85,174,1,1,1
718,1,1413,616,55,169,1,1,1
718,2,1474,676,85,174,1,1,1
719,1,1415,619,55,169,1,1,1
719,2,1464,678,85,174,1,1,1
720,1,1418,619,55,169,1,1,1
720,2,1475,677,85,174,1,1,1
721,1,1420,620,55,169,1,1,1
721,2,1478,672,89,183,1,1,1
722,1,1423,623,52,161,1,1,1
722,2,1481,673,89,183,1,1,1
723,1,1427,618,52,161,1,1,1
723,2,1483,672,89,183,1,1,1
724,1,1429,616,52,161,1,1,1
724,2,1487,672,89,183,1,1,1
725,1,1430,616,52,161,1,1,1
725,2,1491,672,89,183,1,1,1
726,1,1432,614,52,161,1,1,1
726,2,1494,672,89,183,1,1,1
727,1,1435,614,52,161,1,1,1
727,2,1497,672,89,183,1,1,1
728,1,1434,611,55,169,1,1,1
728,2,1498,672,89,183,1,1,1
729,1,1437,616,52,161,1,1,1
729,2,1502,673,89,183,1,1,1
730,1,1441,615,52,161,1,1,1
730,2,1507,672,89,183,1,1,1
731,1,1444,607,52,169,1,1,1
731,2,1514,678,85,174,1,1,1
732,1,1446,606,52,177,1,1,1
732,2,1522,683,85,168,1,1,1
733,1,1448,611,52,177,1,1,1
733,2,1528,684,85,168,1,1,1
734,1,1452,614,52,177,1,1,1
734,2,1511,683,105,168,1,1,1
735,1,1455,614,52,177,1,1,1
735,2,1519,683,105,168,1,1,1
736,1,1459,614,52,177,1,1,1
736,2,1526,683,105,168,1,1,1
737,1,1462,615,52,177,1,1,1
737,2,1531,684,100,168,1,1,1
738,1,1465,615,52,177,1,1,1
738,2,1540,684,100,168,1,1,1
739,1,1467,615,52,177,1,1,1
739,2,1542,684,100,168,1,1,1
740,1,1470,612,56,182,1,1,1
740,2,1547,684,100,168,1,1,1
741,1,1472,615,56,182,1,1,1
741,2,1554,684,100,168,1,1,1
742,1,1475,615,56,182,1,1,1
742,2,1558,694,100,159,1,1,1
743,1,1477,616,56,182,1,1,1
743,2,1564,693,100,159,1,1,1
744,1,1480,618,56,182,1,1,1
744,2,1567,692,93,171,1,1,1
745,1,1482,617,56,182,1,1,1
745,2,1575,695,93,162,1,1,1
746,1,1485,619,56,182,1,1,1
746,2,1580,700,93,162,1,1,1
747,1,1488,619,56,182,1,1,1
747,2,1584,698,93,176,1,1,1
748,1,1490,618,56,182,1,1,1
748,2,1590,696,93,176,1,1,1
749,1,1493,619,56,182,1,1,1
749,2,1593,697,93,176,1,1,1
750,1,1497,624,53,173,1,1,1
750,2,1597,697,93,176,1,1,1
751,1,1497,622,56,182,1,1,1
751,2,1602,699,93,176,1,1,1
752,1,1501,621,56,182,1,1,1
752,2,1606,714,93,162,1,1,1
753,1,1503,621,56,182,1,1,1
753,2,1609,714,93,162,1,1,1
754,1,1506,621,56,182,1,1,1
754,2,1613,716,93,162,1,1,1
755,1,1509,622,56,182,1,1,1
755,2,1615,716,93,162,1,1,1
756,1,1513,622,56,182,1,1,1
756,2,1617,716,93,162,1,1,1
757,1,1516,620,56,182,1,1,1
757,2,1627,730,93,162,1,1,1
758,1,1518,620,56,182,1,1,1
758,2,1625,728,93,162,1,1,1
759,1,1512,620,64,170,1,1,1
759,2,1627,728,93,162,1,1,1
760,1,1519,621,64,170,1,1,1
760,2,1630,729,93,190,1,1,1
761,1,1520,619,67,178,1,1,1
761,2,1630,729,93,190,1,1,1
762,1,1523,619,67,178,1,1,1
762,2,1631,742,93,190,1,1,1
763,1,1523,616,71,187,1,1,1
763,2,1632,748,93,190,1,1,1
764,1,1525,619,71,187,1,1,1
764,2,1634,753,93,190,1,1,1
765,1,1528,620,71,187,1,1,1
765,2,1635,756,93,190,1,1,1
766,1,1532,622,71,187,1,1,1
766,2,1637,768,93,180,1,1,1
767,1,1533,620,75,196,1,1,1
767,2,1640,784,93,180,1,1,1
768,1,1535,621,75,196,1,1,1
768,2,1644,785,93,170,1,1,1
769,1,1538,619,75,196,1,1,1
769,2,1641,791,93,164,1,1,1
770,1,1541,621,75,196,1,1,1
770,2,1642,790,93,164,1,1,1
771,1,1542,619,75,196,1,1,1
771,2,1643,802,93,156,1,1,1
772,1,1544,621,75,196,1,1,1
772,2,1644,815,105,145,1,1,1
773,1,1543,631,75,178,1,1,1
773,2,1640,815,105,145,1,1,1
774,1,1548,633,75,178,1,1,1
774,2,1638,819,105,145,1,1,1
775,1,1550,632,75,178,1,1,1
775,2,1639,817,105,145,1,1,1
776,1,1552,632,75,178,1,1,1
776,2,1639,822,105,145,1,1,1
777,1,1554,632,75,178,1,1,1
777,2,1639,824,105,145,1,1,1
778,1,1554,632,75,178,1,1,1
778,2,1637,821,105,142,1,1,1
779,1,1557,635,75,178,1,1,1
779,2,1639,819,105,142,1,1,1
780,1,1557,637,75,178,1,1,1
780,2,1639,820,105,142,1,1,1
781,1,1560,637,75,178,1,1,1
781,2,1639,825,105,136,1,1,1
782,1,1561,637,75,178,1,1,1
782,2,1641,825,105,137,1,1,1
783,1,1561,634,79,179,1,1,1
783,2,1640,828,105,133,1,1,1
784,1,1562,633,79,177,1,1,1
784,2,1641,819,105,142,1,1,1
785,1,1564,635,79,177,1,1,1
785,2,1643,817,105,142,1,1,1
786,1,1566,635,79,177,1,1,1
786,2,1643,816,105,142,1,1,1
787,1,1568,636,79,177,1,1,1
787,2,1645,812,105,142,1,1,1
788,1,1569,635,79,177,1,1,1
788,2,1645,806,105,142,1,1,1
789,1,1571,636,79,177,1,1,1
789,2,1645,804,105,142,1,1,1
790,1,1571,634,79,177,1,1,1
790,2,1646,803,105,142,1,1,1
791,1,1573,636,79,177,1,1,1
791,2,1646,801,123,151,1,1,1
792,1,1575,634,79,177,1,1,1
792,2,1645,815,123,140,1,1,1
793,1,1575,635,79,177,1,1,1
793,2,1654,808,123,145,1,1,1
794,1,1575,636,79,177,1,1,1
794,2,1656,810,123,145,1,1,1
795,1,1577,635,79,177,1,1,1
795,2,1655,800,123,145,1,1,1
796,1,1577,634,79,177,1,1,1
796,2,1654,801,123,145,1,1,1
797,1,1578,635,79,177,1,1,1
797,2,1653,793,123,145,1,1,1
798,1,1579,635,79,177,1,1,1
798,2,1657,789,123,145,1,1,1
799,1,1580,634,79,177,1,1,1
799,2,1660,786,123,145,1,1,1
800,1,1579,634,79,177,1,1,1
800,2,1662,782,123,145,1,1,1
801,1,1580,635,79,177,1,1,1
801,2,1663,772,114,165,1,1,1
802,1,1580,636,79,177,1,1,1
802,2,1664,767,114,165,1,1,1
803,1,1580,636,79,177,1,1,1
803,2,1667,768,114,165,1,1,1
804,1,1580,637,79,177,1,1,1
804,2,1669,766,114,165,1,1,1
805,1,1580,638,79,177,1,1,1
805,2,1671,763,114,165,1,1,1
806,1,1581,636,79,177,1,1,1
806,2,1673,752,114,202,1,1,1
807,1,1581,638,79,177,1,1,1
807,2,1676,750,114,202,1,1,1
808,1,1582,638,79,177,1,1,1
808,2,1668,749,109,203,1,1,1
809,1,1582,638,79,177,1,1,1
809,2,1677,743,109,203,1,1,1
810,1,1582,646,79,177,1,1,1
810,2,1681,741,109,203,1,1,1
811,1,1583,645,79,177,1,1,1
811,2,1682,739,109,203,1,1,1
812,1,1583,645,79,177,1,1,1
812,2,1699,741,109,203,1,1,1
813,1,1584,644,79,177,1,1,1
813,2,1694,736,133,203,1,1,1
814,1,1585,645,79,177,1,1,1
814,2,1700,737,133,203,1,1,1
815,1,1584,644,79,177,1,1,1
815,2,1698,737,133,203,1,1,1
816,1,1586,645,72,177,1,1,1
816,2,1690,734,133,203,1,1,1
817,1,1588,647,72,177,1,1,1
817,2,1699,737,133,203,1,1,1
818,1,1588,647,72,177,1,1,1
818,2,1695,735,133,203,1,1,1
819,1,1590,642,72,177,1,1,1
819,2,1702,732,123,203,1,1,1
820,1,1590,646,72,177,1,1,1
820,2,1702,731,123,203,1,1,1
821,1,1589,644,72,177,1,1,1
821,2,1702,731,117,203,1,1,1
822,1,1589,645,72,177,1,1,1
822,2,1705,731,117,203,1,1,1
823,1,1590,645,72,177,1,1,1
823,2,1707,731,117,203,1,1,1
824,1,1590,644,72,177,1,1,1
824,2,1709,730,106,203,1,1,1
825,1,1590,646,72,177,1,1,1
825,2,1714,728,106,203,1,1,1
826,1,1591,645,72,177,1,1,1
826,2,1710,730,106,203,1,1,1
827,1,1593,645,72,177,1,1,1
827,2,1718,729,106,203,1,1,1
828,1,1594,644,72,177,1,1,1
828,2,1719,729,106,203,1,1,1
829,1,1594,646,72,177,1,1,1
829,2,1722,727,106,203,1,1,1
830,1,1596,644,72,177,1,1,1
830,2,1724,727,106,203,1,1,1
831,1,1597,644,72,177,1,1,1
831,2,1725,727,106,203,1,1,1
832,1,1598,643,72,177,1,1,1
832,2,1726,724,106,203,1,1,1
833,1,1599,644,72,177,1,1,1
833,2,1728,725,106,203,1,1,1
834,1,1600,643,72,177,1,1,1
834,2,1730,724,106,203,1,1,1
835,1,1601,643,72,177,1,1,1
835,2,1730,724,106,203,1,1,1
836,1,1602,644,72,177,1,1,1
836,2,1731,723,106,203,1,1,1
837,1,1603,644,72,177,1,1,1
837,2,1734,721,106,203,1,1,1
838,1,1604,643,72,177,1,1,1
838,2,1734,723,106,203,1,1,1
839,1,1605,646,72,177,1,1,1
839,2,1735,721,106,203,1,1,1
840,1,1605,643,72,177,1,1,1
840,2,1736,719,106,203,1,1,1
841,1,1606,646,72,177,1,1,1
841,2,1737,720,106,203,1,1,1
842,1,1605,646,72,177,1,1,1
842,2,1736,719,106,203,1,1,1
843,1,1607,650,69,169,1,1,1
843,2,1737,718,106,203,1,1,1
844,1,1608,651,69,169,1,1,1
844,2,1738,717,106,203,1,1,1
845,1,1611,651,69,169,1,1,1
845,2,1739,717,106,203,1,1,1
846,1,1612,652,69,169,1,1,1
846,2,1739,714,106,203,1,1,1
847,1,1613,650,69,169,1,1,1
847,2,1740,711,106,203,1,1,1
848,1,1616,647,69,169,1,1,1
848,2,1741,710,96,203,1,1,1
849,1,1617,649,69,169,1,1,1
849,2,1746,707,96,203,1,1,1
850,1,1617,645,72,177,1,1,1
850,2,1752,706,96,203,1,1,1
851,1,1609,639,85,186,1,1,1
851,2,1749,705,96,203,1,1,1
