1,116.00,1407.00,183.00,146.00,347,1,1,1
1,148.00,294.00,9.00,65.00,240,1,1,1
1,178.00,911.00,183.00,110.00,373,1,1,1
1,197.00,1015.00,104.00,91.00,293,1,1,1
1,199.00,718.00,175.00,90.00,375,1,1,1
1,354.00,514.00,155.00,89.00,366,1,1,1
1,560.00,637.00,128.00,77.00,337,1,1,1
1,564.00,854.00,149.00,95.00,344,1,1,1
1,593.00,1692.00,119.00,131.00,271,1,1,1
2,64.00,692.00,487.00,168.00,638,1,1,1
2,65.00,961.00,408.00,186.00,562,1,1,1
2,116.00,1401.00,181.00,145.00,345,1,1,1
2,148.00,294.00,9.00,64.00,239,1,1,1
2,178.00,913.00,184.00,110.00,374,1,1,1
2,197.00,1015.00,104.00,91.00,293,1,1,1
2,199.00,718.00,175.00,90.00,375,1,1,1
2,354.00,514.00,155.00,89.00,366,1,1,1
2,560.00,637.00,128.00,77.00,337,1,1,1
2,564.00,846.00,149.00,93.00,345,1,1,1
2,593.00,1743.00,128.00,138.00,278,1,1,1
3,64.00,702.00,428.00,153.00,591,1,1,1
3,65.00,834.00,378.00,159.00,544,1,1,1
3,116.00,1401.00,181.00,145.00,345,1,1,1
3,148.00,309.00,9.00,63.00,240,1,1,1
3,178.00,913.00,184.00,110.00,374,1,1,1
3,197.00,1015.00,104.00,91.00,293,1,1,1
3,199.00,715.00,173.00,90.00,373,1,1,1
3,354.00,515.00,156.00,89.00,367,1,1,1
3,560.00,641.00,127.00,76.00,336,1,1,1
3,564.00,846.00,149.00,93.00,345,1,1,1
3,593.00,1777.00,138.00,144.00,285,1,1,1
4,64.00,629.00,407.00,145.00,578,1,1,1
4,65.00,744.00,365.00,143.00,538,1,1,1
4,116.00,1401.00,181.00,145.00,345,1,1,1
4,148.00,309.00,9.00,63.00,240,1,1,1
4,178.00,913.00,184.00,110.00,374,1,1,1
4,197.00,1015.00,104.00,91.00,293,1,1,1
4,199.00,715.00,173.00,90.00,373,1,1,1
4,354.00,515.00,156.00,89.00,367,1,1,1
4,560.00,641.00,127.00,76.00,336,1,1,1
4,564.00,846.00,149.00,93.00,345,1,1,1
4,593.00,1791.00,145.00,148.00,291,1,1,1
5,64.00,532.00,376.00,138.00,557,1,1,1
5,65.00,680.00,336.00,128.00,518,1,1,1
5,116.00,1409.00,181.00,145.00,344,1,1,1
5,148.00,308.00,9.00,64.00,239,1,1,1
5,178.00,913.00,184.00,110.00,374,1,1,1
5,197.00,1015.00,104.00,91.00,293,1,1,1
5,199.00,710.00,170.00,89.00,370,1,1,1
5,354.00,515.00,156.00,89.00,367,1,1,1
5,560.00,641.00,127.00,76.00,336,1,1,1
5,564.00,846.00,149.00,93.00,345,1,1,1
5,593.00,1868.00,155.00,158.00,297,1,1,1
6,64.00,406.00,340.00,142.00,535,1,1,1
6,65.00,593.00,311.00,121.00,501,1,1,1
6,116.00,1415.00,183.00,146.00,346,1,1,1
6,148.00,308.00,9.00,64.00,239,1,1,1
6,178.00,913.00,184.00,110.00,374,1,1,1
6,197.00,1034.00,106.00,93.00,294,1,1,1
6,199.00,710.00,170.00,89.00,370,1,1,1
6,354.00,515.00,156.00,89.00,367,1,1,1
6,560.00,641.00,127.00,76.00,336,1,1,1
6,564.00,846.00,149.00,93.00,345,1,1,1
6,593.00,1914.00,162.00,163.00,300,1,1,1
7,64.00,333.00,332.00,146.00,530,1,1,1
7,65.00,483.00,290.00,123.00,488,1,1,1
7,68.00,978.00,491.00,216.00,627,1,1,1
7,116.00,1415.00,183.00,146.00,346,1,1,1
7,148.00,308.00,9.00,64.00,239,1,1,1
7,178.00,913.00,184.00,110.00,374,1,1,1
7,197.00,1055.00,104.00,94.00,291,1,1,1
7,199.00,710.00,170.00,89.00,370,1,1,1
7,354.00,515.00,156.00,89.00,367,1,1,1
7,560.00,641.00,127.00,76.00,336,1,1,1
7,564.00,846.00,149.00,93.00,345,1,1,1
8,64.00,289.00,299.00,142.00,504,1,1,1
8,65.00,379.00,270.00,127.00,476,1,1,1
8,68.00,810.00,436.00,173.00,592,1,1,1
8,116.00,1412.00,182.00,145.00,345,1,1,1
8,148.00,309.00,9.00,63.00,240,1,1,1
8,178.00,913.00,184.00,110.00,374,1,1,1
8,197.00,1050.00,106.00,94.00,294,1,1,1
8,199.00,709.00,169.00,88.00,369,1,1,1
8,354.00,515.00,156.00,89.00,367,1,1,1
8,560.00,643.00,129.00,77.00,337,1,1,1
8,564.00,846.00,149.00,93.00,345,1,1,1
9,64.00,155.00,276.00,148.00,491,1,1,1
9,65.00,252.00,248.00,131.00,462,1,1,1
9,68.00,758.00,379.00,149.00,550,1,1,1
9,116.00,1412.00,182.00,145.00,345,1,1,1
9,148.00,309.00,9.00,63.00,240,1,1,1
9,178.00,913.00,184.00,110.00,374,1,1,1
9,197.00,1045.00,104.00,93.00,292,1,1,1
9,199.00,709.00,169.00,88.00,369,1,1,1
9,354.00,515.00,156.00,89.00,367,1,1,1
9,560.00,644.00,130.00,77.00,337,1,1,1
9,564.00,844.00,148.00,93.00,344,1,1,1
10,64.00,131.00,273.00,149.00,491,1,1,1
10,65.00,198.00,236.00,133.00,455,1,1,1
10,68.00,686.00,342.00,130.00,524,1,1,1
10,116.00,1415.00,183.00,146.00,346,1,1,1
10,148.00,309.00,9.00,63.00,240,1,1,1
10,178.00,913.00,184.00,110.00,374,1,1,1
10,197.00,1040.00,108.00,93.00,295,1,1,1
10,199.00,709.00,169.00,88.00,369,1,1,1
10,354.00,515.00,156.00,89.00,367,1,1,1
10,560.00,644.00,130.00,77.00,337,1,1,1
10,564.00,844.00,148.00,93.00,344,1,1,1
11,64.00,154.00,250.00,141.00,470,1,1,1
11,65.00,188.00,216.00,129.00,438,1,1,1
11,68.00,579.00,304.00,119.00,496,1,1,1
11,116.00,1412.00,182.00,145.00,345,1,1,1
11,148.00,308.00,9.00,64.00,239,1,1,1
11,178.00,913.00,184.00,110.00,374,1,1,1
11,197.00,1038.00,107.00,93.00,295,1,1,1
11,199.00,709.00,169.00,88.00,369,1,1,1
11,354.00,516.00,156.00,89.00,369,1,1,1
11,560.00,644.00,130.00,77.00,337,1,1,1
11,564.00,842.00,147.00,93.00,343,1,1,1
12,64.00,246.00,224.00,126.00,441,1,1,1
12,65.00,188.00,209.00,126.00,432,1,1,1
12,68.00,519.00,277.00,117.00,475,1,1,1
12,116.00,1412.00,182.00,145.00,345,1,1,1
12,148.00,274.00,11.00,66.00,242,1,1,1
12,178.00,913.00,184.00,110.00,374,1,1,1
12,197.00,1038.00,107.00,93.00,295,1,1,1
12,199.00,709.00,169.00,88.00,369,1,1,1
12,354.00,527.00,156.00,88.00,368,1,1,1
12,560.00,644.00,130.00,77.00,337,1,1,1
12,564.00,842.00,147.00,93.00,343,1,1,1
13,64.00,308.00,190.00,112.00,408,1,1,1
13,65.00,199.00,196.00,122.00,419,1,1,1
13,68.00,454.00,258.00,118.00,461,1,1,1
13,116.00,1412.00,182.00,145.00,345,1,1,1
13,148.00,274.00,10.00,66.00,243,1,1,1
13,178.00,911.00,183.00,110.00,373,1,1,1
13,197.00,1038.00,107.00,93.00,295,1,1,1
13,199.00,709.00,169.00,88.00,369,1,1,1
13,354.00,527.00,156.00,88.00,368,1,1,1
13,560.00,644.00,130.00,77.00,337,1,1,1
13,564.00,842.00,147.00,93.00,343,1,1,1
14,64.00,353.00,168.00,104.00,388,1,1,1
14,65.00,221.00,175.00,115.00,399,1,1,1
14,68.00,433.00,236.00,114.00,445,1,1,1
14,70.00,1651.00,82.00,110.00,239,1,1,1
14,71.00,1551.00,70.00,102.00,231,1,1,1
14,116.00,1412.00,182.00,145.00,345,1,1,1
14,148.00,274.00,10.00,66.00,243,1,1,1
14,178.00,911.00,183.00,110.00,373,1,1,1
14,197.00,1038.00,107.00,93.00,295,1,1,1
14,199.00,710.00,170.00,89.00,370,1,1,1
14,354.00,537.00,156.00,88.00,367,1,1,1
14,560.00,644.00,130.00,77.00,337,1,1,1
14,564.00,842.00,147.00,93.00,343,1,1,1
15,64.00,391.00,146.00,95.00,365,1,1,1
15,65.00,290.00,145.00,102.00,370,1,1,1
15,68.00,337.00,212.00,116.00,427,1,1,1
15,70.00,1700.00,95.00,119.00,248,1,1,1
15,71.00,1562.00,83.00,108.00,244,1,1,1
15,116.00,1418.00,184.00,146.00,347,1,1,1
15,148.00,274.00,10.00,66.00,243,1,1,1
15,178.00,911.00,183.00,110.00,373,1,1,1
15,197.00,1038.00,107.00,93.00,295,1,1,1
15,199.00,712.00,171.00,89.00,371,1,1,1
15,354.00,538.00,157.00,88.00,368,1,1,1
15,560.00,641.00,127.00,76.00,336,1,1,1
15,564.00,844.00,148.00,93.00,344,1,1,1
16,64.00,480.00,131.00,86.00,346,1,1,1
16,65.00,334.00,124.00,94.00,348,1,1,1
16,68.00,303.00,192.00,113.00,411,1,1,1
16,70.00,1757.00,111.00,129.00,261,1,1,1
16,71.00,1611.00,98.00,117.00,256,1,1,1
16,116.00,1418.00,184.00,146.00,347,1,1,1
16,148.00,274.00,10.00,66.00,243,1,1,1
16,178.00,911.00,183.00,110.00,373,1,1,1
16,197.00,1038.00,107.00,93.00,295,1,1,1
16,199.00,716.00,174.00,90.00,374,1,1,1
16,354.00,538.00,157.00,88.00,368,1,1,1
16,560.00,641.00,127.00,76.00,336,1,1,1
16,564.00,844.00,148.00,93.00,344,1,1,1
17,64.00,535.00,113.00,78.00,327,1,1,1
17,65.00,367.00,103.00,85.00,326,1,1,1
17,68.00,264.00,172.00,111.00,395,1,1,1
17,70.00,1809.00,124.00,138.00,270,1,1,1
17,71.00,1645.00,116.00,128.00,271,1,1,1
17,116.00,1418.00,184.00,146.00,347,1,1,1
17,148.00,274.00,10.00,66.00,243,1,1,1
17,178.00,911.00,183.00,110.00,373,1,1,1
17,197.00,1038.00,107.00,93.00,295,1,1,1
17,199.00,716.00,174.00,90.00,374,1,1,1
17,354.00,558.00,155.00,87.00,366,1,1,1
17,560.00,641.00,127.00,76.00,336,1,1,1
17,564.00,844.00,148.00,93.00,344,1,1,1
18,64.00,598.00,107.00,73.00,319,1,1,1
18,65.00,459.00,95.00,78.00,314,1,1,1
18,68.00,223.00,155.00,109.00,382,1,1,1
18,70.00,1861.00,147.00,153.00,290,1,1,1
18,71.00,1705.00,134.00,138.00,284,1,1,1
18,116.00,1418.00,184.00,146.00,347,1,1,1
18,148.00,274.00,9.00,65.00,241,1,1,1
18,178.00,911.00,183.00,110.00,373,1,1,1
18,197.00,1038.00,107.00,93.00,295,1,1,1
18,199.00,713.00,172.00,90.00,372,1,1,1
18,354.00,551.00,154.00,86.00,364,1,1,1
18,560.00,641.00,127.00,76.00,336,1,1,1
18,564.00,844.00,148.00,93.00,344,1,1,1
19,64.00,661.00,96.00,69.00,305,1,1,1
19,65.00,540.00,84.00,71.00,300,1,1,1
19,68.00,213.00,136.00,105.00,364,1,1,1
19,71.00,1759.00,156.00,153.00,303,1,1,1
19,116.00,1415.00,183.00,146.00,346,1,1,1
19,148.00,274.00,9.00,65.00,241,1,1,1
19,178.00,911.00,183.00,110.00,373,1,1,1
19,197.00,1038.00,107.00,93.00,295,1,1,1
19,199.00,713.00,172.00,90.00,372,1,1,1
19,354.00,551.00,154.00,86.00,364,1,1,1
19,560.00,643.00,129.00,77.00,337,1,1,1
19,564.00,844.00,148.00,93.00,344,1,1,1
20,64.00,768.00,89.00,72.00,291,1,1,1
20,65.00,655.00,80.00,65.00,289,1,1,1
20,68.00,178.00,120.00,102.00,351,1,1,1
20,71.00,1842.00,177.00,168.00,319,1,1,1
20,116.00,1415.00,183.00,146.00,346,1,1,1
20,148.00,274.00,10.00,65.00,241,1,1,1
20,178.00,911.00,183.00,110.00,373,1,1,1
20,197.00,1038.00,107.00,93.00,295,1,1,1
20,199.00,713.00,172.00,90.00,372,1,1,1
20,354.00,525.00,154.00,88.00,366,1,1,1
20,560.00,643.00,129.00,77.00,337,1,1,1
20,564.00,844.00,148.00,93.00,344,1,1,1
20,618.00,1857.00,411.00,301.00,521,1,1,1
21,64.00,828.00,83.00,74.00,284,1,1,1
21,65.00,746.00,73.00,67.00,279,1,1,1
21,68.00,176.00,105.00,98.00,338,1,1,1
21,71.00,1890.00,205.00,186.00,342,1,1,1
21,116.00,1415.00,183.00,146.00,346,1,1,1
21,148.00,274.00,10.00,65.00,241,1,1,1
21,178.00,911.00,183.00,110.00,373,1,1,1
21,197.00,1038.00,107.00,93.00,295,1,1,1
21,199.00,713.00,172.00,90.00,372,1,1,1
21,354.00,524.00,153.00,88.00,365,1,1,1
21,560.00,643.00,129.00,77.00,337,1,1,1
21,564.00,844.00,148.00,93.00,344,1,1,1
21,618.00,1839.00,404.00,295.00,516,1,1,1
22,64.00,908.00,79.00,77.00,276,1,1,1
22,65.00,848.00,68.00,71.00,269,1,1,1
22,68.00,139.00,89.00,96.00,325,1,1,1
22,116.00,1415.00,183.00,146.00,346,1,1,1
22,148.00,274.00,10.00,65.00,241,1,1,1
22,178.00,911.00,183.00,110.00,373,1,1,1
22,197.00,1038.00,107.00,93.00,295,1,1,1
22,199.00,713.00,172.00,90.00,372,1,1,1
22,354.00,524.00,153.00,88.00,365,1,1,1
22,560.00,643.00,129.00,77.00,337,1,1,1
22,564.00,844.00,148.00,93.00,344,1,1,1
22,618.00,1839.00,404.00,295.00,516,1,1,1
23,64.00,933.00,77.00,79.00,272,1,1,1
23,65.00,912.00,63.00,73.00,260,1,1,1
23,68.00,124.00,76.00,93.00,313,1,1,1
23,116.00,1415.00,183.00,146.00,346,1,1,1
23,148.00,274.00,10.00,66.00,243,1,1,1
23,178.00,911.00,183.00,110.00,373,1,1,1
23,197.00,1038.00,107.00,93.00,295,1,1,1
23,199.00,713.00,172.00,90.00,372,1,1,1
23,354.00,524.00,153.00,88.00,365,1,1,1
23,560.00,643.00,129.00,77.00,337,1,1,1
23,564.00,844.00,148.00,93.00,344,1,1,1
23,618.00,1804.00,415.00,298.00,526,1,1,1
24,64.00,1056.00,72.00,82.00,261,1,1,1
24,65.00,960.00,60.00,75.00,254,1,1,1
24,68.00,82.00,64.00,93.00,304,1,1,1
24,116.00,1421.00,184.00,147.00,346,1,1,1
24,148.00,274.00,11.00,66.00,242,1,1,1
24,178.00,910.00,182.00,108.00,372,1,1,1
24,197.00,1038.00,107.00,93.00,295,1,1,1
24,199.00,713.00,172.00,90.00,372,1,1,1
24,354.00,524.00,153.00,88.00,365,1,1,1
24,560.00,643.00,129.00,77.00,337,1,1,1
24,564.00,844.00,148.00,93.00,344,1,1,1
24,618.00,1804.00,415.00,298.00,526,1,1,1
25,64.00,1117.00,69.00,84.00,254,1,1,1
25,65.00,1053.00,58.00,78.00,248,1,1,1
25,68.00,28.00,53.00,94.00,295,1,1,1
25,116.00,1421.00,184.00,147.00,346,1,1,1
25,148.00,274.00,11.00,66.00,242,1,1,1
25,178.00,910.00,182.00,108.00,372,1,1,1
25,197.00,1038.00,107.00,93.00,295,1,1,1
25,199.00,713.00,172.00,90.00,372,1,1,1
25,354.00,524.00,153.00,88.00,365,1,1,1
25,560.00,642.00,128.00,76.00,336,1,1,1
25,564.00,838.00,145.00,92.00,340,1,1,1
25,618.00,1804.00,415.00,298.00,526,1,1,1
26,64.00,1201.00,68.00,88.00,249,1,1,1
26,65.00,1128.00,58.00,81.00,242,1,1,1
26,68.00,9.00,42.00,93.00,286,1,1,1
26,116.00,1421.00,184.00,147.00,346,1,1,1
26,148.00,274.00,11.00,66.00,242,1,1,1
26,178.00,910.00,182.00,108.00,372,1,1,1
26,197.00,1038.00,107.00,93.00,295,1,1,1
26,199.00,712.00,171.00,89.00,371,1,1,1
26,354.00,524.00,153.00,88.00,365,1,1,1
26,560.00,641.00,127.00,76.00,336,1,1,1
26,564.00,838.00,145.00,92.00,340,1,1,1
26,618.00,1840.00,427.00,308.00,534,1,1,1
27,64.00,1273.00,64.00,89.00,242,1,1,1
27,65.00,1203.00,57.00,84.00,237,1,1,1
27,68.00,4.00,34.00,91.00,279,1,1,1
27,116.00,1421.00,184.00,147.00,346,1,1,1
27,148.00,274.00,11.00,66.00,242,1,1,1
27,178.00,910.00,182.00,108.00,372,1,1,1
27,197.00,1045.00,105.00,93.00,294,1,1,1
27,199.00,712.00,171.00,89.00,371,1,1,1
27,354.00,525.00,154.00,88.00,366,1,1,1
27,560.00,642.00,128.00,76.00,336,1,1,1
27,564.00,838.00,145.00,92.00,340,1,1,1
27,618.00,1822.00,422.00,304.00,532,1,1,1
28,64.00,1331.00,63.00,90.00,236,1,1,1
28,65.00,1277.00,55.00,86.00,233,1,1,1
28,68.00,-17.00,27.00,90.00,273,1,1,1
28,116.00,1421.00,184.00,147.00,346,1,1,1
28,148.00,296.00,11.00,64.00,241,1,1,1
28,178.00,910.00,182.00,108.00,372,1,1,1
28,197.00,1045.00,105.00,93.00,294,1,1,1
28,199.00,712.00,171.00,89.00,371,1,1,1
28,354.00,524.00,153.00,88.00,365,1,1,1
28,560.00,641.00,127.00,76.00,336,1,1,1
28,564.00,838.00,145.00,92.00,340,1,1,1
28,618.00,1822.00,422.00,304.00,532,1,1,1
29,64.00,1396.00,61.00,92.00,232,1,1,1
29,65.00,1342.00,54.00,87.00,227,1,1,1
29,68.00,-48.00,21.00,91.00,269,1,1,1
29,116.00,1421.00,184.00,147.00,346,1,1,1
29,148.00,296.00,11.00,64.00,241,1,1,1
29,178.00,910.00,182.00,108.00,372,1,1,1
29,197.00,1045.00,105.00,93.00,294,1,1,1
29,199.00,712.00,171.00,89.00,371,1,1,1
29,354.00,523.00,152.00,87.00,365,1,1,1
29,560.00,642.00,128.00,76.00,336,1,1,1
29,564.00,838.00,145.00,92.00,340,1,1,1
29,618.00,1816.00,420.00,302.00,530,1,1,1
30,64.00,1448.00,60.00,94.00,228,1,1,1
30,65.00,1390.00,53.00,88.00,223,1,1,1
30,116.00,1421.00,184.00,147.00,346,1,1,1
30,148.00,312.00,10.00,64.00,239,1,1,1
30,178.00,910.00,182.00,108.00,372,1,1,1
30,197.00,1048.00,107.00,94.00,294,1,1,1
30,199.00,710.00,170.00,89.00,370,1,1,1
30,354.00,523.00,152.00,87.00,365,1,1,1
30,560.00,642.00,128.00,76.00,336,1,1,1
30,564.00,838.00,145.00,92.00,340,1,1,1
30,618.00,1816.00,420.00,302.00,530,1,1,1
31,64.00,1482.00,59.00,95.00,226,1,1,1
31,65.00,1437.00,51.00,89.00,219,1,1,1
31,116.00,1421.00,184.00,147.00,346,1,1,1
31,148.00,312.00,10.00,64.00,239,1,1,1
31,178.00,910.00,182.00,108.00,372,1,1,1
31,197.00,1045.00,105.00,93.00,294,1,1,1
31,199.00,710.00,170.00,89.00,370,1,1,1
31,354.00,523.00,152.00,87.00,365,1,1,1
31,560.00,642.00,128.00,76.00,336,1,1,1
31,564.00,838.00,145.00,92.00,340,1,1,1
31,618.00,1816.00,420.00,302.00,530,1,1,1
32,64.00,1539.00,57.00,96.00,220,1,1,1
32,65.00,1493.00,49.00,91.00,215,1,1,1
32,76.00,1839.00,237.00,201.00,374,1,1,1
32,116.00,1421.00,184.00,147.00,346,1,1,1
32,148.00,312.00,10.00,64.00,239,1,1,1
32,178.00,910.00,182.00,108.00,372,1,1,1
32,197.00,1036.00,106.00,93.00,295,1,1,1
32,199.00,710.00,170.00,89.00,370,1,1,1
32,354.00,523.00,152.00,87.00,365,1,1,1
32,560.00,643.00,129.00,77.00,337,1,1,1
32,564.00,838.00,145.00,92.00,340,1,1,1
32,618.00,1822.00,419.00,301.00,529,1,1,1
33,64.00,1614.00,55.00,96.00,214,1,1,1
33,65.00,1549.00,49.00,92.00,211,1,1,1
33,76.00,1678.00,197.00,169.00,345,1,1,1
33,116.00,1421.00,184.00,147.00,346,1,1,1
33,148.00,312.00,10.00,64.00,239,1,1,1
33,178.00,910.00,182.00,108.00,372,1,1,1
33,197.00,1036.00,106.00,93.00,295,1,1,1
33,199.00,718.00,175.00,90.00,375,1,1,1
33,354.00,534.00,153.00,87.00,364,1,1,1
33,560.00,643.00,129.00,77.00,337,1,1,1
33,564.00,838.00,145.00,92.00,340,1,1,1
33,618.00,1822.00,419.00,301.00,529,1,1,1
34,64.00,1665.00,53.00,97.00,209,1,1,1
34,65.00,1612.00,46.00,92.00,205,1,1,1
34,76.00,1529.00,166.00,146.00,325,1,1,1
34,116.00,1421.00,184.00,147.00,346,1,1,1
34,148.00,312.00,10.00,64.00,239,1,1,1
34,178.00,910.00,182.00,108.00,372,1,1,1
34,197.00,1036.00,106.00,93.00,295,1,1,1
34,199.00,718.00,175.00,90.00,375,1,1,1
34,354.00,534.00,153.00,87.00,364,1,1,1
34,560.00,643.00,129.00,77.00,337,1,1,1
34,564.00,838.00,145.00,92.00,340,1,1,1
34,618.00,1822.00,419.00,301.00,529,1,1,1
35,64.00,1715.00,52.00,97.00,205,1,1,1
35,65.00,1659.00,45.00,93.00,201,1,1,1
35,76.00,1405.00,139.00,126.00,306,1,1,1
35,116.00,1421.00,184.00,147.00,346,1,1,1
35,148.00,312.00,10.00,64.00,239,1,1,1
35,178.00,910.00,182.00,108.00,372,1,1,1
35,197.00,1036.00,106.00,93.00,295,1,1,1
35,199.00,718.00,175.00,90.00,375,1,1,1
35,354.00,534.00,153.00,87.00,364,1,1,1
35,560.00,642.00,128.00,76.00,336,1,1,1
35,564.00,838.00,145.00,92.00,340,1,1,1
35,618.00,1822.00,419.00,301.00,529,1,1,1
36,64.00,1768.00,51.00,98.00,201,1,1,1
36,65.00,1697.00,42.00,92.00,196,1,1,1
36,76.00,1280.00,119.00,111.00,294,1,1,1
36,116.00,1421.00,184.00,147.00,346,1,1,1
36,148.00,312.00,9.00,64.00,240,1,1,1
36,178.00,908.00,181.00,108.00,371,1,1,1
36,197.00,1036.00,106.00,93.00,295,1,1,1
36,199.00,716.00,174.00,90.00,374,1,1,1
36,354.00,533.00,152.00,87.00,364,1,1,1
36,560.00,641.00,127.00,76.00,336,1,1,1
36,564.00,835.00,143.00,91.00,339,1,1,1
36,618.00,1822.00,419.00,301.00,529,1,1,1
37,64.00,1810.00,49.00,98.00,197,1,1,1
37,65.00,1744.00,40.00,92.00,192,1,1,1
37,76.00,1160.00,100.00,98.00,281,1,1,1
37,116.00,1421.00,184.00,147.00,346,1,1,1
37,148.00,312.00,9.00,64.00,240,1,1,1
37,178.00,908.00,181.00,108.00,371,1,1,1
37,197.00,1036.00,106.00,93.00,295,1,1,1
37,199.00,716.00,174.00,90.00,374,1,1,1
37,354.00,480.00,153.00,91.00,368,1,1,1
37,560.00,641.00,127.00,76.00,336,1,1,1
37,564.00,833.00,142.00,91.00,339,1,1,1
37,618.00,1828.00,422.00,304.00,530,1,1,1
38,64.00,1843.00,47.00,98.00,193,1,1,1
38,65.00,1795.00,39.00,93.00,189,1,1,1
38,76.00,1063.00,85.00,87.00,272,1,1,1
38,116.00,1421.00,184.00,147.00,346,1,1,1
38,148.00,312.00,9.00,64.00,240,1,1,1
38,178.00,908.00,181.00,108.00,371,1,1,1
38,197.00,1027.00,106.00,93.00,294,1,1,1
38,199.00,716.00,174.00,90.00,374,1,1,1
38,354.00,419.00,153.00,94.00,370,1,1,1
38,560.00,642.00,128.00,76.00,336,1,1,1
38,564.00,836.00,144.00,92.00,340,1,1,1
38,618.00,1828.00,422.00,304.00,530,1,1,1
39,64.00,1885.00,45.00,98.00,190,1,1,1
39,65.00,1850.00,38.00,93.00,185,1,1,1
39,76.00,962.00,71.00,77.00,265,1,1,1
39,116.00,1418.00,183.00,147.00,345,1,1,1
39,148.00,312.00,9.00,64.00,240,1,1,1
39,178.00,908.00,181.00,108.00,371,1,1,1
39,197.00,1027.00,106.00,93.00,294,1,1,1
39,199.00,706.00,174.00,90.00,375,1,1,1
39,354.00,419.00,153.00,94.00,370,1,1,1
39,560.00,641.00,127.00,76.00,336,1,1,1
39,564.00,836.00,144.00,92.00,340,1,1,1
39,618.00,1828.00,422.00,304.00,530,1,1,1
40,65.00,1876.00,38.00,93.00,183,1,1,1
40,76.00,874.00,59.00,70.00,257,1,1,1
40,116.00,1416.00,182.00,145.00,345,1,1,1
40,148.00,312.00,10.00,64.00,239,1,1,1
40,178.00,908.00,181.00,108.00,371,1,1,1
40,197.00,1027.00,106.00,93.00,294,1,1,1
40,199.00,706.00,174.00,90.00,375,1,1,1
40,354.00,448.00,155.00,94.00,371,1,1,1
40,560.00,644.00,130.00,77.00,337,1,1,1
40,564.00,836.00,144.00,92.00,340,1,1,1
40,618.00,1839.00,424.00,307.00,531,1,1,1
41,65.00,1916.00,37.00,93.00,180,1,1,1
41,76.00,797.00,45.00,62.00,248,1,1,1
41,116.00,1416.00,182.00,145.00,345,1,1,1
41,148.00,312.00,10.00,64.00,239,1,1,1
41,178.00,908.00,181.00,108.00,371,1,1,1
41,197.00,1027.00,106.00,93.00,294,1,1,1
41,199.00,706.00,174.00,90.00,375,1,1,1
41,354.00,480.00,160.00,92.00,372,1,1,1
41,560.00,644.00,130.00,77.00,337,1,1,1
41,564.00,836.00,144.00,92.00,340,1,1,1
41,618.00,1827.00,418.00,302.00,528,1,1,1
42,76.00,729.00,36.00,57.00,243,1,1,1
42,116.00,1418.00,183.00,147.00,345,1,1,1
42,148.00,312.00,10.00,64.00,239,1,1,1
42,178.00,908.00,181.00,108.00,371,1,1,1
42,197.00,1026.00,105.00,92.00,294,1,1,1
42,199.00,706.00,174.00,90.00,375,1,1,1
42,354.00,480.00,160.00,92.00,372,1,1,1
42,560.00,644.00,130.00,77.00,337,1,1,1
42,564.00,836.00,144.00,92.00,340,1,1,1
42,618.00,1827.00,418.00,302.00,528,1,1,1
43,76.00,626.00,24.00,53.00,238,1,1,1
43,116.00,1418.00,183.00,147.00,345,1,1,1
43,148.00,312.00,10.00,64.00,239,1,1,1
43,178.00,908.00,181.00,108.00,371,1,1,1
43,197.00,1026.00,105.00,92.00,294,1,1,1
43,199.00,706.00,174.00,90.00,375,1,1,1
43,354.00,549.00,152.00,86.00,362,1,1,1
43,560.00,644.00,130.00,77.00,337,1,1,1
43,564.00,836.00,144.00,92.00,340,1,1,1
43,618.00,1740.00,426.00,297.00,539,1,1,1
44,76.00,579.00,16.00,53.00,232,1,1,1
44,116.00,1418.00,183.00,147.00,345,1,1,1
44,148.00,312.00,10.00,64.00,239,1,1,1
44,178.00,908.00,181.00,108.00,371,1,1,1
44,197.00,1027.00,106.00,93.00,294,1,1,1
44,199.00,705.00,173.00,89.00,374,1,1,1
44,354.00,548.00,151.00,86.00,361,1,1,1
44,560.00,644.00,130.00,77.00,337,1,1,1
44,564.00,838.00,145.00,92.00,340,1,1,1
44,618.00,1740.00,426.00,297.00,539,1,1,1
45,76.00,506.00,8.00,54.00,228,1,1,1
45,116.00,1418.00,183.00,147.00,345,1,1,1
45,148.00,312.00,10.00,64.00,239,1,1,1
45,178.00,906.00,180.00,107.00,370,1,1,1
45,197.00,1027.00,106.00,93.00,294,1,1,1
45,199.00,705.00,173.00,89.00,374,1,1,1
45,354.00,547.00,155.00,87.00,365,1,1,1
45,560.00,643.00,129.00,77.00,337,1,1,1
45,564.00,838.00,145.00,92.00,340,1,1,1
45,618.00,1700.00,408.00,282.00,527,1,1,1
46,116.00,1418.00,183.00,147.00,345,1,1,1
46,148.00,328.00,12.00,63.00,240,1,1,1
46,178.00,904.00,179.00,107.00,369,1,1,1
46,197.00,1027.00,106.00,93.00,294,1,1,1
46,199.00,705.00,173.00,89.00,374,1,1,1
46,354.00,547.00,155.00,87.00,365,1,1,1
46,560.00,642.00,128.00,76.00,336,1,1,1
46,564.00,838.00,145.00,92.00,340,1,1,1
46,618.00,1684.00,392.00,271.00,514,1,1,1
47,116.00,1418.00,183.00,147.00,345,1,1,1
47,148.00,328.00,12.00,63.00,240,1,1,1
47,178.00,904.00,179.00,107.00,369,1,1,1
47,197.00,1027.00,106.00,93.00,294,1,1,1
47,199.00,704.00,172.00,88.00,373,1,1,1
47,354.00,547.00,155.00,87.00,365,1,1,1
47,560.00,641.00,127.00,76.00,336,1,1,1
47,564.00,838.00,145.00,92.00,340,1,1,1
47,618.00,1694.00,394.00,273.00,515,1,1,1
48,81.00,1801.00,274.00,219.00,407,1,1,1
48,116.00,1418.00,183.00,147.00,345,1,1,1
48,148.00,306.00,10.00,64.00,240,1,1,1
48,178.00,904.00,179.00,107.00,369,1,1,1
48,197.00,1029.00,106.00,93.00,296,1,1,1
48,199.00,704.00,172.00,88.00,373,1,1,1
48,354.00,547.00,155.00,87.00,365,1,1,1
48,560.00,643.00,129.00,77.00,337,1,1,1
48,564.00,838.00,145.00,92.00,340,1,1,1
48,618.00,1700.00,396.00,275.00,516,1,1,1
49,81.00,1632.00,242.00,189.00,388,1,1,1
49,116.00,1418.00,183.00,147.00,345,1,1,1
49,148.00,306.00,11.00,64.00,240,1,1,1
49,178.00,904.00,179.00,107.00,369,1,1,1
49,197.00,1031.00,106.00,93.00,294,1,1,1
49,199.00,704.00,172.00,88.00,373,1,1,1
49,354.00,547.00,155.00,87.00,365,1,1,1
49,560.00,643.00,129.00,77.00,337,1,1,1
49,564.00,839.00,145.00,93.00,342,1,1,1
49,618.00,1742.00,397.00,281.00,515,1,1,1
50,81.00,1521.00,224.00,172.00,377,1,1,1
50,116.00,1418.00,183.00,147.00,345,1,1,1
50,148.00,242.00,10.00,67.00,243,1,1,1
50,178.00,904.00,179.00,107.00,369,1,1,1
50,197.00,1031.00,106.00,93.00,294,1,1,1
50,199.00,704.00,172.00,88.00,373,1,1,1
50,354.00,547.00,155.00,87.00,365,1,1,1
50,560.00,643.00,129.00,77.00,337,1,1,1
50,564.00,838.00,145.00,92.00,340,1,1,1
50,618.00,1737.00,395.00,278.00,513,1,1,1
51,81.00,1446.00,217.00,163.00,376,1,1,1
51,116.00,1418.00,183.00,147.00,345,1,1,1
51,148.00,201.00,5.00,68.00,242,1,1,1
51,178.00,902.00,178.00,107.00,368,1,1,1
51,197.00,1031.00,106.00,93.00,294,1,1,1
51,199.00,704.00,172.00,88.00,373,1,1,1
51,354.00,547.00,155.00,87.00,365,1,1,1
51,560.00,643.00,129.00,77.00,337,1,1,1
51,564.00,838.00,145.00,92.00,340,1,1,1
51,618.00,1731.00,392.00,277.00,512,1,1,1
52,81.00,1446.00,217.00,163.00,376,1,1,1
52,116.00,1418.00,183.00,147.00,345,1,1,1
52,178.00,902.00,178.00,107.00,368,1,1,1
52,197.00,1031.00,106.00,93.00,294,1,1,1
52,199.00,704.00,172.00,88.00,373,1,1,1
52,354.00,547.00,155.00,87.00,365,1,1,1
52,560.00,643.00,129.00,77.00,337,1,1,1
52,564.00,838.00,145.00,92.00,340,1,1,1
52,618.00,1700.00,393.00,273.00,514,1,1,1
53,81.00,1405.00,207.00,156.00,369,1,1,1
53,116.00,1418.00,183.00,147.00,345,1,1,1
53,178.00,902.00,178.00,107.00,368,1,1,1
53,197.00,1031.00,106.00,93.00,294,1,1,1
53,199.00,704.00,172.00,88.00,373,1,1,1
53,354.00,547.00,155.00,87.00,365,1,1,1
53,560.00,643.00,129.00,77.00,337,1,1,1
53,564.00,840.00,144.00,92.00,339,1,1,1
53,618.00,1694.00,391.00,272.00,512,1,1,1
54,81.00,1373.00,203.00,152.00,366,1,1,1
54,116.00,1402.00,186.00,146.00,349,1,1,1
54,178.00,902.00,178.00,107.00,368,1,1,1
54,197.00,1031.00,106.00,93.00,294,1,1,1
54,199.00,704.00,172.00,88.00,373,1,1,1
54,354.00,493.00,156.00,91.00,369,1,1,1
54,560.00,643.00,129.00,77.00,337,1,1,1
54,564.00,840.00,144.00,92.00,339,1,1,1
54,618.00,1689.00,389.00,269.00,510,1,1,1
55,81.00,1404.00,209.00,156.00,370,1,1,1
55,116.00,1402.00,186.00,146.00,349,1,1,1
55,178.00,902.00,178.00,107.00,368,1,1,1
55,197.00,1031.00,106.00,93.00,294,1,1,1
55,199.00,704.00,172.00,88.00,373,1,1,1
55,354.00,439.00,158.00,95.00,373,1,1,1
55,560.00,650.00,127.00,76.00,335,1,1,1
55,564.00,840.00,144.00,92.00,339,1,1,1
55,618.00,1700.00,393.00,273.00,514,1,1,1
56,81.00,1404.00,209.00,156.00,370,1,1,1
56,116.00,1402.00,186.00,146.00,349,1,1,1
56,178.00,902.00,178.00,107.00,368,1,1,1
56,197.00,1031.00,106.00,93.00,294,1,1,1
56,199.00,704.00,172.00,88.00,373,1,1,1
56,354.00,406.00,158.00,97.00,376,1,1,1
56,560.00,650.00,127.00,76.00,335,1,1,1
56,564.00,840.00,144.00,92.00,339,1,1,1
56,618.00,1700.00,393.00,273.00,514,1,1,1
57,81.00,1404.00,209.00,156.00,370,1,1,1
57,116.00,1387.00,181.00,143.00,345,1,1,1
57,178.00,902.00,178.00,107.00,368,1,1,1
57,197.00,1031.00,106.00,93.00,294,1,1,1
57,199.00,704.00,172.00,88.00,373,1,1,1
57,354.00,384.00,152.00,97.00,371,1,1,1
57,560.00,650.00,127.00,76.00,335,1,1,1
57,564.00,840.00,144.00,92.00,339,1,1,1
57,618.00,1694.00,397.00,275.00,517,1,1,1
58,81.00,1404.00,209.00,156.00,370,1,1,1
58,82.00,1878.00,367.00,277.00,483,1,1,1
58,116.00,1387.00,181.00,143.00,345,1,1,1
58,178.00,902.00,178.00,107.00,368,1,1,1
58,197.00,1031.00,106.00,93.00,294,1,1,1
58,199.00,704.00,172.00,88.00,373,1,1,1
58,354.00,376.00,148.00,97.00,368,1,1,1
58,560.00,650.00,127.00,76.00,335,1,1,1
58,564.00,840.00,144.00,92.00,339,1,1,1
58,618.00,1629.00,408.00,273.00,529,1,1,1
59,81.00,1435.00,208.00,159.00,369,1,1,1
59,82.00,1835.00,372.00,276.00,489,1,1,1
59,116.00,1387.00,181.00,143.00,345,1,1,1
59,178.00,902.00,178.00,107.00,368,1,1,1
59,197.00,1031.00,106.00,93.00,294,1,1,1
59,199.00,704.00,172.00,88.00,373,1,1,1
59,354.00,438.00,150.00,93.00,366,1,1,1
59,560.00,650.00,127.00,76.00,335,1,1,1
59,564.00,840.00,144.00,92.00,339,1,1,1
59,618.00,1616.00,432.00,284.00,550,1,1,1
60,81.00,1482.00,215.00,165.00,372,1,1,1
60,82.00,1718.00,368.00,263.00,493,1,1,1
60,116.00,1387.00,181.00,143.00,345,1,1,1
60,178.00,902.00,178.00,107.00,368,1,1,1
60,197.00,1031.00,106.00,93.00,294,1,1,1
60,199.00,704.00,172.00,88.00,373,1,1,1
60,354.00,440.00,151.00,93.00,368,1,1,1
60,560.00,650.00,127.00,76.00,335,1,1,1
60,564.00,840.00,144.00,92.00,339,1,1,1
60,618.00,1616.00,432.00,284.00,550,1,1,1
61,81.00,1529.00,213.00,167.00,367,1,1,1
61,82.00,1642.00,363.00,251.00,492,1,1,1
61,83.00,1839.00,467.00,332.00,567,1,1,1
61,116.00,1387.00,181.00,143.00,345,1,1,1
61,178.00,902.00,178.00,107.00,368,1,1,1
61,197.00,1034.00,106.00,93.00,294,1,1,1
61,199.00,710.00,170.00,89.00,370,1,1,1
61,354.00,440.00,151.00,93.00,368,1,1,1
61,560.00,652.00,129.00,77.00,336,1,1,1
61,564.00,840.00,144.00,92.00,339,1,1,1
61,618.00,1568.00,445.00,284.00,563,1,1,1
62,81.00,1533.00,212.00,167.00,367,1,1,1
62,82.00,1558.00,372.00,247.00,503,1,1,1
62,83.00,1784.00,452.00,316.00,558,1,1,1
62,116.00,1387.00,181.00,143.00,345,1,1,1
62,178.00,902.00,178.00,107.00,368,1,1,1
62,197.00,1034.00,106.00,93.00,294,1,1,1
62,199.00,710.00,170.00,89.00,370,1,1,1
62,354.00,440.00,151.00,93.00,368,1,1,1
62,560.00,652.00,129.00,77.00,336,1,1,1
62,564.00,840.00,144.00,92.00,339,1,1,1
62,618.00,1524.00,455.00,283.00,572,1,1,1
63,81.00,1550.00,206.00,166.00,360,1,1,1
63,82.00,1469.00,368.00,235.00,504,1,1,1
63,83.00,1702.00,442.00,300.00,553,1,1,1
63,116.00,1387.00,181.00,143.00,345,1,1,1
63,178.00,902.00,178.00,107.00,368,1,1,1
63,197.00,1031.00,106.00,93.00,294,1,1,1
63,199.00,710.00,170.00,89.00,370,1,1,1
63,354.00,450.00,151.00,93.00,367,1,1,1
63,560.00,652.00,129.00,77.00,336,1,1,1
63,564.00,840.00,144.00,92.00,339,1,1,1
63,618.00,1470.00,473.00,285.00,589,1,1,1
64,81.00,1544.00,201.00,163.00,356,1,1,1
64,82.00,1393.00,359.00,222.00,502,1,1,1
64,83.00,1650.00,431.00,288.00,547,1,1,1
64,116.00,1388.00,175.00,141.00,340,1,1,1
64,178.00,902.00,178.00,107.00,368,1,1,1
64,197.00,1031.00,106.00,93.00,294,1,1,1
64,199.00,710.00,170.00,89.00,370,1,1,1
64,354.00,437.00,155.00,94.00,370,1,1,1
64,560.00,652.00,129.00,77.00,336,1,1,1
64,564.00,840.00,144.00,92.00,339,1,1,1
64,618.00,1462.00,502.00,297.00,613,1,1,1
65,81.00,1548.00,201.00,163.00,356,1,1,1
65,82.00,1293.00,349.00,206.00,498,1,1,1
65,83.00,1564.00,432.00,277.00,552,1,1,1
65,116.00,1388.00,175.00,141.00,340,1,1,1
65,178.00,902.00,178.00,107.00,368,1,1,1
65,197.00,1031.00,106.00,93.00,294,1,1,1
65,199.00,710.00,170.00,89.00,370,1,1,1
65,354.00,437.00,155.00,94.00,370,1,1,1
65,560.00,652.00,129.00,77.00,336,1,1,1
65,564.00,840.00,144.00,92.00,339,1,1,1
65,618.00,1450.00,500.00,294.00,611,1,1,1
66,81.00,1539.00,197.00,160.00,352,1,1,1
66,82.00,1206.00,337.00,191.00,493,1,1,1
66,83.00,1455.00,442.00,268.00,566,1,1,1
66,116.00,1369.00,172.00,138.00,338,1,1,1
66,178.00,902.00,178.00,107.00,368,1,1,1
66,197.00,1031.00,106.00,93.00,294,1,1,1
66,199.00,710.00,170.00,89.00,370,1,1,1
66,354.00,437.00,155.00,94.00,370,1,1,1
66,560.00,652.00,129.00,77.00,336,1,1,1
66,564.00,840.00,144.00,92.00,339,1,1,1
66,618.00,1362.00,539.00,298.00,646,1,1,1
67,81.00,1528.00,186.00,155.00,342,1,1,1
67,82.00,1041.00,335.00,171.00,499,1,1,1
67,83.00,1311.00,439.00,247.00,570,1,1,1
67,116.00,1369.00,172.00,138.00,338,1,1,1
67,178.00,902.00,178.00,107.00,368,1,1,1
67,197.00,1031.00,106.00,93.00,294,1,1,1
67,199.00,710.00,170.00,89.00,370,1,1,1
67,354.00,375.00,156.00,99.00,375,1,1,1
67,560.00,652.00,129.00,77.00,336,1,1,1
67,564.00,840.00,144.00,92.00,339,1,1,1
67,618.00,1196.00,570.00,283.00,676,1,1,1
68,81.00,1509.00,181.00,151.00,339,1,1,1
68,82.00,916.00,341.00,158.00,509,1,1,1
68,83.00,1157.00,437.00,225.00,576,1,1,1
68,116.00,1369.00,172.00,138.00,338,1,1,1
68,178.00,902.00,178.00,107.00,368,1,1,1
68,197.00,1031.00,106.00,93.00,294,1,1,1
68,199.00,708.00,167.00,88.00,369,1,1,1
68,354.00,384.00,152.00,97.00,371,1,1,1
68,560.00,652.00,129.00,77.00,336,1,1,1
68,564.00,840.00,144.00,92.00,339,1,1,1
68,618.00,1141.00,564.00,271.00,674,1,1,1
69,81.00,1497.00,177.00,148.00,336,1,1,1
69,82.00,838.00,347.00,150.00,519,1,1,1
69,83.00,1026.00,429.00,202.00,576,1,1,1
69,84.00,1910.00,73.00,113.00,216,1,1,1
69,116.00,1369.00,172.00,138.00,338,1,1,1
69,178.00,902.00,178.00,107.00,368,1,1,1
69,197.00,1031.00,106.00,93.00,294,1,1,1
69,199.00,708.00,167.00,88.00,369,1,1,1
69,354.00,384.00,152.00,97.00,371,1,1,1
69,560.00,652.00,129.00,77.00,336,1,1,1
69,564.00,840.00,144.00,92.00,339,1,1,1
69,618.00,924.00,562.00,232.00,683,1,1,1
70,81.00,1470.00,170.00,143.00,331,1,1,1
70,82.00,669.00,351.00,132.00,530,1,1,1
70,83.00,868.00,426.00,179.00,583,1,1,1
70,84.00,1837.00,70.00,110.00,217,1,1,1
70,116.00,1341.00,171.00,136.00,338,1,1,1
70,178.00,902.00,178.00,107.00,368,1,1,1
70,197.00,992.00,104.00,90.00,294,1,1,1
70,199.00,708.00,167.00,88.00,369,1,1,1
70,354.00,384.00,152.00,97.00,371,1,1,1
70,560.00,652.00,129.00,77.00,336,1,1,1
70,564.00,840.00,144.00,92.00,339,1,1,1
70,618.00,710.00,542.00,185.00,678,1,1,1
71,81.00,1471.00,167.00,143.00,328,1,1,1
71,82.00,488.00,349.00,137.00,537,1,1,1
71,83.00,721.00,420.00,154.00,584,1,1,1
71,84.00,1757.00,68.00,107.00,218,1,1,1
71,116.00,1339.00,170.00,135.00,337,1,1,1
71,178.00,902.00,178.00,107.00,368,1,1,1
71,197.00,992.00,104.00,90.00,294,1,1,1
71,199.00,708.00,167.00,88.00,369,1,1,1
71,354.00,384.00,152.00,97.00,371,1,1,1
71,560.00,651.00,128.00,77.00,335,1,1,1
71,564.00,840.00,144.00,92.00,339,1,1,1
71,618.00,495.00,549.00,180.00,692,1,1,1
72,81.00,1471.00,167.00,143.00,328,1,1,1
72,82.00,334.00,336.00,148.00,534,1,1,1
72,83.00,448.00,428.00,158.00,603,1,1,1
72,84.00,1703.00,66.00,104.00,220,1,1,1
72,116.00,1330.00,179.00,138.00,346,1,1,1
72,178.00,902.00,178.00,107.00,368,1,1,1
72,197.00,992.00,104.00,90.00,294,1,1,1
72,199.00,708.00,167.00,88.00,369,1,1,1
72,354.00,384.00,152.00,97.00,371,1,1,1
72,560.00,651.00,128.00,77.00,335,1,1,1
72,564.00,840.00,144.00,92.00,339,1,1,1
72,618.00,139.00,543.00,222.00,703,1,1,1
73,81.00,1435.00,160.00,137.00,324,1,1,1
73,82.00,148.00,334.00,165.00,540,1,1,1
73,83.00,293.00,419.00,173.00,603,1,1,1
73,84.00,1634.00,62.00,101.00,220,1,1,1
73,116.00,1310.00,176.00,136.00,346,1,1,1
73,178.00,902.00,178.00,107.00,368,1,1,1
73,197.00,992.00,104.00,90.00,294,1,1,1
73,199.00,708.00,167.00,88.00,369,1,1,1
73,354.00,383.00,150.00,96.00,369,1,1,1
73,560.00,650.00,127.00,76.00,335,1,1,1
73,564.00,840.00,144.00,92.00,339,1,1,1
73,618.00,-137.00,519.00,266.00,697,1,1,1
74,81.00,1435.00,160.00,137.00,324,1,1,1
74,82.00,-51.00,328.00,190.00,543,1,1,1
74,83.00,84.00,412.00,196.00,606,1,1,1
74,84.00,1562.00,58.00,96.00,220,1,1,1
74,116.00,1299.00,177.00,135.00,346,1,1,1
74,178.00,902.00,178.00,107.00,368,1,1,1
74,197.00,992.00,104.00,90.00,294,1,1,1
74,199.00,708.00,167.00,88.00,369,1,1,1
74,354.00,383.00,150.00,96.00,369,1,1,1
74,560.00,645.00,124.00,76.00,332,1,1,1
74,564.00,840.00,144.00,92.00,339,1,1,1
75,81.00,1413.00,162.00,136.00,327,1,1,1
75,82.00,-170.00,315.00,207.00,538,1,1,1
75,83.00,-160.00,408.00,236.00,614,1,1,1
75,84.00,1479.00,55.00,93.00,221,1,1,1
75,116.00,1299.00,177.00,135.00,346,1,1,1
75,178.00,902.00,178.00,107.00,368,1,1,1
75,197.00,992.00,104.00,90.00,294,1,1,1
75,199.00,708.00,167.00,88.00,369,1,1,1
75,354.00,383.00,150.00,96.00,369,1,1,1
75,560.00,645.00,124.00,76.00,332,1,1,1
75,564.00,840.00,144.00,92.00,339,1,1,1
76,81.00,1377.00,159.00,133.00,327,1,1,1
76,84.00,1401.00,52.00,88.00,222,1,1,1
76,116.00,1299.00,177.00,135.00,346,1,1,1
76,178.00,902.00,178.00,107.00,368,1,1,1
76,197.00,992.00,104.00,90.00,294,1,1,1
76,199.00,708.00,167.00,88.00,369,1,1,1
76,354.00,377.00,149.00,96.00,369,1,1,1
76,560.00,645.00,124.00,76.00,332,1,1,1
76,564.00,840.00,144.00,92.00,339,1,1,1
77,81.00,1349.00,155.00,130.00,324,1,1,1
77,84.00,1381.00,52.00,88.00,223,1,1,1
77,116.00,1282.00,179.00,135.00,349,1,1,1
77,178.00,902.00,178.00,107.00,368,1,1,1
77,197.00,992.00,104.00,90.00,294,1,1,1
77,199.00,709.00,169.00,88.00,369,1,1,1
77,354.00,377.00,150.00,97.00,370,1,1,1
77,560.00,642.00,121.00,75.00,330,1,1,1
77,564.00,840.00,144.00,92.00,339,1,1,1
78,81.00,1349.00,155.00,130.00,324,1,1,1
78,84.00,1381.00,52.00,88.00,223,1,1,1
78,116.00,1283.00,184.00,138.00,354,1,1,1
78,178.00,902.00,178.00,107.00,368,1,1,1
78,197.00,992.00,104.00,90.00,294,1,1,1
78,199.00,709.00,169.00,88.00,369,1,1,1
78,354.00,447.00,154.00,94.00,370,1,1,1
78,560.00,636.00,121.00,75.00,329,1,1,1
78,564.00,840.00,144.00,92.00,339,1,1,1
79,81.00,1327.00,157.00,129.00,327,1,1,1
79,84.00,1381.00,52.00,88.00,223,1,1,1
79,116.00,1287.00,191.00,141.00,360,1,1,1
79,178.00,902.00,178.00,107.00,368,1,1,1
79,197.00,992.00,104.00,90.00,294,1,1,1
79,199.00,709.00,169.00,88.00,369,1,1,1
79,354.00,475.00,155.00,92.00,368,1,1,1
79,560.00,638.00,122.00,75.00,331,1,1,1
79,564.00,840.00,144.00,92.00,339,1,1,1
80,81.00,1295.00,160.00,129.00,332,1,1,1
80,84.00,1379.00,51.00,88.00,223,1,1,1
80,116.00,1268.00,194.00,141.00,364,1,1,1
80,178.00,904.00,179.00,107.00,369,1,1,1
80,197.00,992.00,104.00,90.00,294,1,1,1
80,199.00,708.00,167.00,88.00,369,1,1,1
80,354.00,472.00,151.00,91.00,365,1,1,1
80,560.00,660.00,128.00,77.00,335,1,1,1
80,564.00,840.00,144.00,92.00,339,1,1,1
81,81.00,1290.00,168.00,132.00,338,1,1,1
81,84.00,1363.00,48.00,86.00,220,1,1,1
81,116.00,1252.00,199.00,140.00,368,1,1,1
81,178.00,904.00,179.00,107.00,369,1,1,1
81,197.00,991.00,103.00,89.00,294,1,1,1
81,199.00,710.00,170.00,89.00,370,1,1,1
81,354.00,520.00,149.00,87.00,362,1,1,1
81,560.00,657.00,129.00,77.00,336,1,1,1
81,564.00,840.00,144.00,92.00,339,1,1,1
82,81.00,1287.00,177.00,135.00,348,1,1,1
82,84.00,1332.00,45.00,84.00,219,1,1,1
82,116.00,1254.00,207.00,144.00,377,1,1,1
82,178.00,904.00,179.00,107.00,369,1,1,1
82,197.00,991.00,103.00,89.00,294,1,1,1
82,199.00,686.00,170.00,87.00,373,1,1,1
82,354.00,520.00,149.00,87.00,362,1,1,1
82,560.00,657.00,129.00,77.00,336,1,1,1
82,564.00,839.00,143.00,91.00,339,1,1,1
83,81.00,1274.00,186.00,137.00,355,1,1,1
83,84.00,1258.00,43.00,80.00,221,1,1,1
83,116.00,1264.00,209.00,146.00,378,1,1,1
83,178.00,910.00,180.00,108.00,370,1,1,1
83,197.00,991.00,103.00,89.00,294,1,1,1
83,199.00,675.00,174.00,88.00,377,1,1,1
83,354.00,520.00,149.00,87.00,362,1,1,1
83,560.00,657.00,129.00,77.00,336,1,1,1
83,564.00,839.00,143.00,91.00,339,1,1,1
84,81.00,1252.00,188.00,137.00,359,1,1,1
84,84.00,1191.00,41.00,77.00,223,1,1,1
84,85.00,1818.00,103.00,127.00,249,1,1,1
84,116.00,1275.00,214.00,149.00,382,1,1,1
84,178.00,907.00,178.00,107.00,368,1,1,1
84,197.00,991.00,103.00,89.00,294,1,1,1
84,199.00,675.00,174.00,88.00,377,1,1,1
84,354.00,520.00,149.00,87.00,362,1,1,1
84,560.00,656.00,128.00,76.00,335,1,1,1
84,564.00,839.00,143.00,91.00,339,1,1,1
85,81.00,1223.00,180.00,132.00,353,1,1,1
85,84.00,1122.00,38.00,74.00,223,1,1,1
85,85.00,1737.00,89.00,117.00,240,1,1,1
85,92.00,1629.00,512.00,327.00,611,1,1,1
85,116.00,1264.00,209.00,146.00,378,1,1,1
85,178.00,907.00,178.00,107.00,368,1,1,1
85,197.00,991.00,103.00,89.00,294,1,1,1
85,199.00,675.00,174.00,88.00,377,1,1,1
85,354.00,520.00,149.00,87.00,362,1,1,1
85,560.00,656.00,128.00,76.00,335,1,1,1
85,564.00,839.00,143.00,91.00,339,1,1,1
86,81.00,1206.00,170.00,127.00,345,1,1,1
86,84.00,1070.00,36.00,71.00,225,1,1,1
86,85.00,1670.00,75.00,108.00,231,1,1,1
86,92.00,1558.00,469.00,295.00,581,1,1,1
86,116.00,1242.00,197.00,139.00,367,1,1,1
86,178.00,907.00,178.00,107.00,368,1,1,1
86,197.00,991.00,103.00,89.00,294,1,1,1
86,199.00,666.00,180.00,89.00,383,1,1,1
86,354.00,520.00,149.00,87.00,362,1,1,1
86,560.00,656.00,128.00,76.00,335,1,1,1
86,564.00,839.00,143.00,91.00,339,1,1,1
87,81.00,1204.00,164.00,124.00,339,1,1,1
87,84.00,1004.00,34.00,68.00,225,1,1,1
87,85.00,1634.00,62.00,101.00,220,1,1,1
87,92.00,1497.00,466.00,285.00,582,1,1,1
87,116.00,1281.00,190.00,139.00,359,1,1,1
87,178.00,905.00,177.00,106.00,367,1,1,1
87,197.00,991.00,103.00,89.00,294,1,1,1
87,199.00,666.00,180.00,89.00,383,1,1,1
87,354.00,520.00,149.00,87.00,362,1,1,1
87,560.00,656.00,128.00,76.00,335,1,1,1
87,564.00,840.00,144.00,92.00,339,1,1,1
88,81.00,1189.00,166.00,124.00,343,1,1,1
88,84.00,939.00,34.00,65.00,229,1,1,1
88,85.00,1576.00,51.00,94.00,211,1,1,1
88,92.00,1473.00,465.00,281.00,583,1,1,1
88,116.00,1295.00,187.00,140.00,356,1,1,1
88,178.00,908.00,179.00,108.00,369,1,1,1
88,197.00,991.00,103.00,89.00,294,1,1,1
88,199.00,656.00,177.00,89.00,380,1,1,1
88,354.00,520.00,149.00,87.00,362,1,1,1
88,560.00,656.00,128.00,76.00,335,1,1,1
88,564.00,840.00,144.00,92.00,339,1,1,1
89,81.00,1189.00,166.00,124.00,343,1,1,1
89,84.00,842.00,34.00,61.00,235,1,1,1
89,85.00,1521.00,39.00,87.00,203,1,1,1
89,92.00,1447.00,450.00,270.00,573,1,1,1
89,116.00,1285.00,183.00,137.00,353,1,1,1
89,178.00,908.00,179.00,108.00,369,1,1,1
89,197.00,991.00,103.00,89.00,294,1,1,1
89,199.00,652.00,174.00,88.00,377,1,1,1
89,354.00,520.00,149.00,87.00,362,1,1,1
89,560.00,656.00,128.00,76.00,335,1,1,1
89,564.00,839.00,143.00,91.00,339,1,1,1
90,81.00,1203.00,162.00,123.00,337,1,1,1
90,84.00,769.00,34.00,58.00,240,1,1,1
90,85.00,1480.00,31.00,82.00,197,1,1,1
90,87.00,1893.00,217.00,194.00,351,1,1,1
90,92.00,1444.00,440.00,265.00,564,1,1,1
90,116.00,1290.00,182.00,137.00,351,1,1,1
90,178.00,907.00,178.00,107.00,368,1,1,1
90,197.00,991.00,103.00,89.00,294,1,1,1
90,199.00,685.00,169.00,87.00,372,1,1,1
90,354.00,520.00,149.00,87.00,362,1,1,1
90,560.00,656.00,128.00,76.00,335,1,1,1
90,564.00,839.00,143.00,91.00,339,1,1,1
91,81.00,1215.00,153.00,120.00,330,1,1,1
91,84.00,681.00,34.00,54.00,243,1,1,1
91,85.00,1451.00,25.00,79.00,193,1,1,1
91,87.00,1883.00,204.00,185.00,342,1,1,1
91,92.00,1429.00,432.00,259.00,559,1,1,1
91,116.00,1304.00,179.00,137.00,348,1,1,1
91,178.00,907.00,178.00,107.00,368,1,1,1
91,197.00,991.00,103.00,89.00,294,1,1,1
91,199.00,683.00,168.00,87.00,371,1,1,1
91,354.00,519.00,148.00,87.00,362,1,1,1
91,560.00,656.00,128.00,76.00,335,1,1,1
91,564.00,839.00,143.00,91.00,339,1,1,1
92,81.00,1232.00,151.00,121.00,326,1,1,1
92,84.00,566.00,33.00,57.00,249,1,1,1
92,85.00,1425.00,20.00,76.00,190,1,1,1
92,87.00,1860.00,188.00,175.00,326,1,1,1
92,92.00,1479.00,422.00,262.00,549,1,1,1
92,116.00,1298.00,173.00,135.00,344,1,1,1
92,178.00,907.00,178.00,107.00,368,1,1,1
92,197.00,991.00,103.00,89.00,294,1,1,1
92,199.00,686.00,170.00,87.00,373,1,1,1
92,354.00,519.00,148.00,87.00,362,1,1,1
92,560.00,656.00,128.00,76.00,335,1,1,1
92,564.00,839.00,143.00,91.00,339,1,1,1
93,81.00,1251.00,145.00,120.00,319,1,1,1
93,84.00,462.00,32.00,62.00,253,1,1,1
93,85.00,1410.00,17.00,74.00,187,1,1,1
93,87.00,1852.00,173.00,166.00,313,1,1,1
93,92.00,1464.00,415.00,256.00,543,1,1,1
93,116.00,1315.00,169.00,133.00,338,1,1,1
93,178.00,908.00,179.00,108.00,369,1,1,1
93,197.00,991.00,103.00,89.00,294,1,1,1
93,199.00,686.00,170.00,87.00,373,1,1,1
93,354.00,519.00,148.00,87.00,362,1,1,1
93,560.00,656.00,128.00,76.00,335,1,1,1
93,564.00,839.00,143.00,91.00,339,1,1,1
94,81.00,1259.00,142.00,119.00,316,1,1,1
94,84.00,346.00,30.00,67.00,257,1,1,1
94,87.00,1829.00,159.00,158.00,301,1,1,1
94,92.00,1527.00,392.00,253.00,522,1,1,1
94,95.00,1884.00,461.00,333.00,559,1,1,1
94,116.00,1331.00,178.00,138.00,345,1,1,1
94,178.00,908.00,181.00,108.00,371,1,1,1
94,197.00,996.00,105.00,90.00,296,1,1,1
94,199.00,703.00,175.00,89.00,377,1,1,1
94,354.00,509.00,155.00,89.00,367,1,1,1
94,560.00,642.00,132.00,77.00,339,1,1,1
94,564.00,841.00,142.00,92.00,338,1,1,1
94,593.00,1890.00,217.00,193.00,352,1,1,1
95,81.00,1251.00,148.00,121.00,322,1,1,1
95,84.00,232.00,32.00,74.00,265,1,1,1
95,87.00,1814.00,146.00,150.00,290,1,1,1
95,92.00,1503.00,361.00,235.00,498,1,1,1
95,95.00,1753.00,438.00,305.00,548,1,1,1
95,116.00,1339.00,177.00,138.00,345,1,1,1
95,178.00,908.00,181.00,108.00,371,1,1,1
95,197.00,996.00,105.00,90.00,296,1,1,1
95,199.00,692.00,175.00,88.00,376,1,1,1
95,354.00,509.00,155.00,89.00,367,1,1,1
95,560.00,644.00,130.00,77.00,337,1,1,1
95,564.00,841.00,142.00,92.00,338,1,1,1
95,593.00,1818.00,221.00,191.00,360,1,1,1
95,1020.00,290.00,704.00,242.00,811,1,1,1
96,81.00,1251.00,148.00,121.00,322,1,1,1
96,84.00,143.00,31.00,79.00,269,1,1,1
96,87.00,1856.00,141.00,150.00,283,1,1,1
96,92.00,1548.00,344.00,232.00,481,1,1,1
96,95.00,1792.00,433.00,306.00,542,1,1,1
96,116.00,1339.00,177.00,138.00,345,1,1,1
96,178.00,900.00,183.00,108.00,372,1,1,1
96,197.00,996.00,105.00,90.00,296,1,1,1
96,199.00,702.00,174.00,89.00,376,1,1,1
96,354.00,497.00,154.00,90.00,367,1,1,1
96,560.00,644.00,130.00,77.00,337,1,1,1
96,564.00,841.00,142.00,92.00,338,1,1,1
96,593.00,1700.00,215.00,180.00,360,1,1,1
96,1020.00,31.00,638.00,270.00,776,1,1,1
96,1021.00,1112.00,573.00,270.00,682,1,1,1
97,81.00,1251.00,148.00,121.00,322,1,1,1
97,84.00,92.00,33.00,83.00,273,1,1,1
97,87.00,1845.00,131.00,144.00,276,1,1,1
97,92.00,1561.00,334.00,228.00,471,1,1,1
97,95.00,1756.00,418.00,293.00,531,1,1,1
97,116.00,1325.00,172.00,136.00,341,1,1,1
97,178.00,900.00,183.00,108.00,372,1,1,1
97,197.00,996.00,105.00,90.00,296,1,1,1
97,199.00,705.00,173.00,89.00,374,1,1,1
97,354.00,497.00,154.00,90.00,367,1,1,1
97,560.00,644.00,130.00,77.00,337,1,1,1
97,564.00,841.00,142.00,92.00,338,1,1,1
97,593.00,1600.00,218.00,175.00,368,1,1,1
97,1020.00,-238.00,583.00,311.00,746,1,1,1
97,1021.00,978.00,483.00,214.00,621,1,1,1
98,81.00,1251.00,148.00,121.00,322,1,1,1
98,84.00,92.00,35.00,83.00,275,1,1,1
98,87.00,1812.00,124.00,138.00,270,1,1,1
98,92.00,1592.00,317.00,223.00,456,1,1,1
98,95.00,1733.00,408.00,285.00,524,1,1,1
98,116.00,1325.00,172.00,136.00,341,1,1,1
98,178.00,900.00,183.00,108.00,372,1,1,1
98,197.00,996.00,105.00,90.00,296,1,1,1
98,199.00,705.00,173.00,89.00,374,1,1,1
98,354.00,499.00,156.00,90.00,369,1,1,1
98,560.00,654.00,130.00,77.00,337,1,1,1
98,564.00,841.00,142.00,92.00,338,1,1,1
98,593.00,1515.00,219.00,169.00,373,1,1,1
98,1021.00,860.00,418.00,174.00,576,1,1,1
99,81.00,1251.00,148.00,121.00,322,1,1,1
99,84.00,91.00,38.00,85.00,278,1,1,1
99,87.00,1823.00,126.00,140.00,271,1,1,1
99,92.00,1581.00,303.00,215.00,444,1,1,1
99,95.00,1683.00,386.00,268.00,509,1,1,1
99,116.00,1325.00,172.00,136.00,341,1,1,1
99,178.00,900.00,183.00,108.00,372,1,1,1
99,197.00,996.00,105.00,90.00,296,1,1,1
99,199.00,699.00,172.00,88.00,374,1,1,1
99,354.00,499.00,156.00,90.00,369,1,1,1
99,560.00,651.00,128.00,77.00,335,1,1,1
99,564.00,841.00,142.00,92.00,338,1,1,1
99,593.00,1452.00,226.00,168.00,384,1,1,1
99,1021.00,812.00,364.00,152.00,534,1,1,1
100,81.00,1253.00,148.00,122.00,323,1,1,1
100,84.00,135.00,37.00,81.00,275,1,1,1
100,87.00,1903.00,134.00,148.00,275,1,1,1
100,92.00,1577.00,299.00,213.00,442,1,1,1
100,95.00,1642.00,366.00,253.00,494,1,1,1
100,116.00,1339.00,173.00,137.00,341,1,1,1
100,178.00,900.00,183.00,108.00,372,1,1,1
100,197.00,996.00,105.00,90.00,296,1,1,1
100,199.00,676.00,167.00,87.00,371,1,1,1
100,354.00,508.00,154.00,89.00,366,1,1,1
100,560.00,652.00,129.00,77.00,336,1,1,1
100,564.00,841.00,142.00,92.00,338,1,1,1
100,593.00,1374.00,222.00,160.00,384,1,1,1
100,1021.00,777.00,331.00,138.00,509,1,1,1
101,81.00,1253.00,148.00,122.00,323,1,1,1
101,84.00,168.00,35.00,78.00,271,1,1,1
101,92.00,1538.00,289.00,204.00,434,1,1,1
101,95.00,1698.00,357.00,254.00,484,1,1,1
101,116.00,1339.00,173.00,137.00,341,1,1,1
101,178.00,900.00,183.00,108.00,372,1,1,1
101,197.00,996.00,105.00,90.00,296,1,1,1
101,199.00,687.00,160.00,85.00,363,1,1,1
101,354.00,505.00,151.00,88.00,364,1,1,1
101,560.00,652.00,129.00,77.00,336,1,1,1
101,564.00,841.00,142.00,92.00,338,1,1,1
101,593.00,1331.00,235.00,162.00,398,1,1,1
101,1021.00,693.00,317.00,124.00,502,1,1,1
102,81.00,1253.00,148.00,122.00,323,1,1,1
102,84.00,212.00,33.00,75.00,266,1,1,1
102,92.00,1616.00,279.00,206.00,421,1,1,1
102,95.00,1653.00,337.00,239.00,469,1,1,1
102,116.00,1339.00,173.00,137.00,341,1,1,1
102,178.00,902.00,184.00,109.00,373,1,1,1
102,197.00,996.00,105.00,90.00,296,1,1,1
102,199.00,693.00,164.00,85.00,366,1,1,1
102,354.00,505.00,151.00,88.00,364,1,1,1
102,560.00,651.00,128.00,77.00,335,1,1,1
102,564.00,841.00,142.00,92.00,338,1,1,1
102,593.00,1258.00,239.00,158.00,405,1,1,1
102,1021.00,636.00,291.00,116.00,481,1,1,1
103,81.00,1253.00,148.00,122.00,323,1,1,1
103,84.00,235.00,30.00,73.00,264,1,1,1
103,92.00,1599.00,273.00,202.00,417,1,1,1
103,95.00,1672.00,319.00,232.00,453,1,1,1
103,116.00,1339.00,173.00,137.00,341,1,1,1
103,178.00,902.00,184.00,109.00,373,1,1,1
103,197.00,996.00,105.00,90.00,296,1,1,1
103,199.00,697.00,171.00,88.00,373,1,1,1
103,354.00,505.00,151.00,88.00,364,1,1,1
103,560.00,651.00,128.00,77.00,335,1,1,1
103,564.00,841.00,142.00,92.00,338,1,1,1
103,593.00,1196.00,252.00,157.00,420,1,1,1
103,1021.00,625.00,280.00,114.00,473,1,1,1
104,81.00,1266.00,147.00,121.00,321,1,1,1
104,84.00,239.00,31.00,74.00,264,1,1,1
104,92.00,1585.00,257.00,192.00,403,1,1,1
104,95.00,1685.00,296.00,221.00,434,1,1,1
104,116.00,1314.00,170.00,133.00,339,1,1,1
104,178.00,909.00,177.00,107.00,366,1,1,1
104,197.00,984.00,103.00,89.00,294,1,1,1
104,199.00,687.00,175.00,88.00,377,1,1,1
104,354.00,519.00,148.00,87.00,362,1,1,1
104,560.00,651.00,131.00,78.00,339,1,1,1
104,564.00,841.00,142.00,92.00,338,1,1,1
104,593.00,1140.00,261.00,155.00,430,1,1,1
104,1021.00,549.00,260.00,110.00,458,1,1,1
105,81.00,1249.00,147.00,120.00,321,1,1,1
105,84.00,216.00,31.00,74.00,265,1,1,1
105,92.00,1584.00,242.00,185.00,391,1,1,1
105,95.00,1701.00,274.00,211.00,413,1,1,1
105,116.00,1311.00,169.00,133.00,338,1,1,1
105,178.00,894.00,182.00,107.00,372,1,1,1
105,197.00,987.00,104.00,90.00,296,1,1,1
105,199.00,683.00,176.00,88.00,378,1,1,1
105,354.00,513.00,149.00,88.00,361,1,1,1
105,560.00,663.00,129.00,77.00,337,1,1,1
105,564.00,844.00,141.00,91.00,337,1,1,1
105,593.00,1073.00,265.00,150.00,438,1,1,1
105,1021.00,571.00,254.00,108.00,452,1,1,1
106,81.00,1250.00,146.00,120.00,320,1,1,1
106,84.00,239.00,30.00,73.00,262,1,1,1
106,92.00,1598.00,229.00,180.00,379,1,1,1
106,95.00,1748.00,257.00,206.00,395,1,1,1
106,116.00,1316.00,171.00,134.00,339,1,1,1
106,178.00,899.00,179.00,107.00,370,1,1,1
106,197.00,987.00,104.00,90.00,296,1,1,1
106,199.00,693.00,176.00,89.00,377,1,1,1
106,354.00,503.00,149.00,88.00,362,1,1,1
106,560.00,667.00,126.00,77.00,333,1,1,1
106,564.00,847.00,147.00,93.00,343,1,1,1
106,593.00,1016.00,289.00,152.00,461,1,1,1
106,1021.00,602.00,249.00,105.00,447,1,1,1
107,81.00,1249.00,144.00,119.00,319,1,1,1
107,84.00,270.00,30.00,71.00,261,1,1,1
107,92.00,1595.00,205.00,168.00,357,1,1,1
107,95.00,1764.00,240.00,198.00,378,1,1,1
107,116.00,1335.00,170.00,135.00,338,1,1,1
107,178.00,899.00,179.00,107.00,370,1,1,1
107,197.00,990.00,106.00,91.00,296,1,1,1
107,199.00,699.00,177.00,90.00,377,1,1,1
107,354.00,503.00,155.00,90.00,367,1,1,1
107,560.00,655.00,130.00,77.00,338,1,1,1
107,564.00,847.00,147.00,93.00,343,1,1,1
107,593.00,941.00,294.00,146.00,469,1,1,1
107,1019.00,1027.00,538.00,242.00,661,1,1,1
107,1021.00,641.00,253.00,107.00,450,1,1,1
108,81.00,1251.00,145.00,120.00,319,1,1,1
108,84.00,345.00,29.00,68.00,257,1,1,1
108,92.00,1615.00,195.00,164.00,348,1,1,1
108,95.00,1752.00,217.00,184.00,360,1,1,1
108,116.00,1332.00,169.00,135.00,337,1,1,1
108,178.00,908.00,179.00,108.00,369,1,1,1
108,197.00,987.00,106.00,90.00,297,1,1,1
108,199.00,694.00,172.00,88.00,374,1,1,1
108,354.00,496.00,165.00,93.00,378,1,1,1
108,560.00,671.00,128.00,77.00,335,1,1,1
108,564.00,846.00,144.00,93.00,341,1,1,1
108,593.00,889.00,294.00,141.00,471,1,1,1
108,1019.00,973.00,503.00,220.00,637,1,1,1
108,1021.00,675.00,260.00,109.00,453,1,1,1
109,81.00,1244.00,145.00,119.00,320,1,1,1
109,84.00,424.00,27.00,62.00,251,1,1,1
109,92.00,1596.00,184.00,157.00,337,1,1,1
109,95.00,1766.00,202.00,177.00,345,1,1,1
109,116.00,1338.00,171.00,135.00,339,1,1,1
109,178.00,907.00,178.00,107.00,368,1,1,1
109,197.00,997.00,106.00,91.00,296,1,1,1
109,199.00,699.00,172.00,88.00,374,1,1,1
109,354.00,491.00,166.00,93.00,378,1,1,1
109,560.00,670.00,131.00,78.00,337,1,1,1
109,564.00,853.00,143.00,93.00,339,1,1,1
109,593.00,815.00,303.00,135.00,483,1,1,1
109,1019.00,897.00,463.00,194.00,610,1,1,1
109,1021.00,686.00,258.00,109.00,450,1,1,1
109,1174.00,416.00,681.00,219.00,790,1,1,1
110,81.00,1251.00,145.00,120.00,319,1,1,1
110,84.00,508.00,27.00,59.00,246,1,1,1
110,92.00,1573.00,165.00,148.00,322,1,1,1
110,95.00,1718.00,183.00,165.00,331,1,1,1
110,116.00,1330.00,168.00,134.00,337,1,1,1
110,178.00,905.00,177.00,106.00,367,1,1,1
110,197.00,994.00,104.00,90.00,295,1,1,1
110,199.00,700.00,173.00,89.00,375,1,1,1
110,354.00,491.00,166.00,93.00,378,1,1,1
110,560.00,656.00,128.00,76.00,335,1,1,1
110,564.00,853.00,143.00,93.00,339,1,1,1
110,593.00,718.00,307.00,125.00,492,1,1,1
110,1019.00,816.00,442.00,175.00,597,1,1,1
110,1021.00,715.00,250.00,110.00,442,1,1,1
110,1174.00,123.00,655.00,255.00,784,1,1,1
111,81.00,1245.00,147.00,120.00,321,1,1,1
111,84.00,599.00,27.00,55.00,242,1,1,1
111,92.00,1523.00,150.00,138.00,310,1,1,1
111,95.00,1658.00,157.00,148.00,309,1,1,1
111,116.00,1331.00,170.00,135.00,338,1,1,1
111,178.00,905.00,177.00,106.00,367,1,1,1
111,197.00,991.00,103.00,89.00,294,1,1,1
111,199.00,700.00,173.00,89.00,375,1,1,1
111,354.00,484.00,152.00,91.00,367,1,1,1
111,560.00,663.00,129.00,77.00,337,1,1,1
111,564.00,857.00,143.00,93.00,339,1,1,1
111,593.00,639.00,310.00,121.00,499,1,1,1
111,1019.00,762.00,410.00,158.00,574,1,1,1
111,1021.00,719.00,248.00,110.00,440,1,1,1
111,1174.00,-80.00,650.00,295.00,788,1,1,1
112,81.00,1233.00,145.00,119.00,321,1,1,1
112,84.00,679.00,27.00,53.00,237,1,1,1
112,92.00,1436.00,132.00,125.00,298,1,1,1
112,95.00,1566.00,138.00,134.00,297,1,1,1
112,116.00,1339.00,173.00,137.00,341,1,1,1
112,178.00,905.00,177.00,106.00,367,1,1,1
112,197.00,991.00,103.00,89.00,294,1,1,1
112,199.00,700.00,173.00,89.00,375,1,1,1
112,354.00,478.00,146.00,89.00,360,1,1,1
112,560.00,642.00,128.00,76.00,336,1,1,1
112,564.00,847.00,142.00,92.00,339,1,1,1
112,593.00,581.00,298.00,118.00,490,1,1,1
112,1019.00,749.00,369.00,145.00,543,1,1,1
112,1021.00,722.00,245.00,108.00,437,1,1,1
112,1174.00,-240.00,616.00,322.00,769,1,1,1
112,1175.00,546.00,604.00,194.00,730,1,1,1
113,81.00,1248.00,145.00,119.00,320,1,1,1
113,84.00,777.00,27.00,57.00,231,1,1,1
113,92.00,1334.00,119.00,114.00,290,1,1,1
113,95.00,1475.00,120.00,122.00,284,1,1,1
113,116.00,1332.00,169.00,135.00,337,1,1,1
113,178.00,905.00,177.00,106.00,367,1,1,1
113,197.00,994.00,104.00,90.00,295,1,1,1
113,199.00,695.00,173.00,89.00,375,1,1,1
113,354.00,491.00,148.00,89.00,362,1,1,1
113,560.00,652.00,132.00,78.00,340,1,1,1
113,564.00,847.00,142.00,92.00,339,1,1,1
113,593.00,488.00,286.00,121.00,484,1,1,1
113,1019.00,681.00,345.00,130.00,526,1,1,1
113,1021.00,748.00,246.00,112.00,438,1,1,1
113,1175.00,412.00,553.00,191.00,700,1,1,1
114,81.00,1237.00,145.00,119.00,321,1,1,1
114,84.00,854.00,25.00,59.00,226,1,1,1
114,92.00,1247.00,109.00,106.00,286,1,1,1
114,95.00,1365.00,105.00,110.00,276,1,1,1
114,116.00,1340.00,172.00,137.00,339,1,1,1
114,178.00,907.00,178.00,107.00,368,1,1,1
114,197.00,998.00,104.00,90.00,295,1,1,1
114,199.00,678.00,173.00,88.00,375,1,1,1
114,354.00,526.00,150.00,87.00,363,1,1,1
114,560.00,652.00,129.00,77.00,336,1,1,1
114,564.00,845.00,146.00,93.00,342,1,1,1
114,593.00,396.00,273.00,126.00,477,1,1,1
114,1019.00,607.00,327.00,125.00,514,1,1,1
114,1021.00,750.00,248.00,112.00,438,1,1,1
114,1121.00,1171.00,25.00,71.00,208,1,1,1
114,1169.00,1195.00,36.00,76.00,218,1,1,1
114,1175.00,296.00,527.00,199.00,686,1,1,1
115,81.00,1247.00,148.00,121.00,322,1,1,1
115,84.00,924.00,25.00,62.00,222,1,1,1
115,92.00,1145.00,98.00,96.00,281,1,1,1
115,95.00,1261.00,93.00,100.00,269,1,1,1
115,116.00,1335.00,170.00,135.00,338,1,1,1
115,178.00,897.00,181.00,107.00,370,1,1,1
115,197.00,1008.00,105.00,91.00,296,1,1,1
115,199.00,678.00,173.00,88.00,375,1,1,1
115,354.00,524.00,153.00,88.00,365,1,1,1
115,560.00,649.00,130.00,77.00,337,1,1,1
115,564.00,855.00,147.00,94.00,342,1,1,1
115,593.00,345.00,261.00,128.00,470,1,1,1
115,1019.00,522.00,301.00,122.00,496,1,1,1
115,1021.00,762.00,263.00,118.00,453,1,1,1
115,1121.00,1135.00,26.00,70.00,210,1,1,1
115,1169.00,1147.00,38.00,75.00,223,1,1,1
115,1175.00,209.00,500.00,203.00,669,1,1,1
116,81.00,1237.00,145.00,119.00,321,1,1,1
116,84.00,971.00,21.00,62.00,215,1,1,1
116,92.00,1055.00,91.00,89.00,278,1,1,1
116,95.00,1151.00,84.00,91.00,266,1,1,1
116,116.00,1338.00,167.00,134.00,335,1,1,1
116,178.00,901.00,175.00,106.00,365,1,1,1
116,197.00,999.00,105.00,91.00,295,1,1,1
116,199.00,683.00,176.00,88.00,378,1,1,1
116,354.00,528.00,157.00,88.00,369,1,1,1
116,593.00,264.00,239.00,129.00,455,1,1,1
116,1019.00,497.00,278.00,119.00,477,1,1,1
116,1021.00,849.00,278.00,131.00,459,1,1,1
116,1121.00,1076.00,29.00,69.00,216,1,1,1
116,1169.00,1086.00,40.00,73.00,228,1,1,1
116,1175.00,-72.00,484.00,243.00,669,1,1,1
117,81.00,1248.00,145.00,119.00,320,1,1,1
117,84.00,1026.00,16.00,63.00,208,1,1,1
117,92.00,962.00,84.00,82.00,278,1,1,1
117,95.00,1038.00,75.00,83.00,265,1,1,1
117,116.00,1330.00,168.00,134.00,337,1,1,1
117,178.00,901.00,180.00,107.00,371,1,1,1
117,197.00,996.00,104.00,90.00,294,1,1,1
117,199.00,684.00,173.00,87.00,375,1,1,1
117,354.00,509.00,155.00,89.00,367,1,1,1
117,560.00,679.00,131.00,78.00,336,1,1,1
117,564.00,844.00,148.00,93.00,344,1,1,1
117,593.00,161.00,225.00,133.00,448,1,1,1
117,1019.00,436.00,252.00,118.00,458,1,1,1
117,1021.00,920.00,312.00,149.00,485,1,1,1
117,1039.00,403.00,643.00,213.00,764,1,1,1
117,1121.00,1026.00,31.00,68.00,222,1,1,1
117,1169.00,1032.00,41.00,72.00,233,1,1,1
117,1175.00,-204.00,467.00,265.00,660,1,1,1
118,81.00,1255.00,147.00,121.00,322,1,1,1
118,84.00,1049.00,14.00,63.00,204,1,1,1
118,92.00,861.00,80.00,75.00,280,1,1,1
118,95.00,939.00,67.00,75.00,263,1,1,1
118,178.00,900.00,177.00,106.00,367,1,1,1
118,197.00,997.00,106.00,91.00,296,1,1,1
118,199.00,684.00,173.00,87.00,375,1,1,1
118,354.00,535.00,154.00,88.00,365,1,1,1
118,560.00,656.00,128.00,76.00,335,1,1,1
118,564.00,854.00,149.00,95.00,344,1,1,1
118,593.00,173.00,204.00,127.00,429,1,1,1
118,1019.00,393.00,228.00,115.00,438,1,1,1
118,1021.00,1008.00,326.00,164.00,494,1,1,1
118,1035.00,1873.00,246.00,208.00,379,1,1,1
118,1039.00,-98.00,606.00,285.00,758,1,1,1
118,1121.00,968.00,32.00,66.00,225,1,1,1
118,1124.00,1331.00,170.00,135.00,338,1,1,1
118,1169.00,984.00,41.00,69.00,235,1,1,1
119,81.00,1249.00,147.00,120.00,321,1,1,1
119,92.00,753.00,77.00,68.00,282,1,1,1
119,95.00,821.00,61.00,68.00,263,1,1,1
119,116.00,1330.00,168.00,134.00,337,1,1,1
119,178.00,911.00,178.00,107.00,367,1,1,1
119,197.00,996.00,104.00,90.00,294,1,1,1
119,354.00,535.00,154.00,88.00,365,1,1,1
119,560.00,654.00,130.00,77.00,337,1,1,1
119,564.00,842.00,147.00,93.00,343,1,1,1
119,593.00,125.00,186.00,126.00,414,1,1,1
119,1019.00,347.00,205.00,113.00,420,1,1,1
119,1021.00,1099.00,342.00,180.00,502,1,1,1
119,1035.00,1763.00,218.00,185.00,360,1,1,1
119,1121.00,914.00,31.00,63.00,228,1,1,1
119,1169.00,909.00,41.00,66.00,239,1,1,1
120,81.00,1250.00,146.00,120.00,320,1,1,1
120,92.00,651.00,75.00,64.00,285,1,1,1
120,95.00,715.00,58.00,62.00,265,1,1,1
120,116.00,1319.00,164.00,132.00,334,1,1,1
120,178.00,907.00,178.00,107.00,368,1,1,1
120,197.00,998.00,104.00,90.00,295,1,1,1
120,199.00,694.00,165.00,86.00,367,1,1,1
120,354.00,524.00,153.00,88.00,365,1,1,1
120,560.00,651.00,128.00,77.00,335,1,1,1
120,564.00,847.00,147.00,93.00,343,1,1,1
120,593.00,139.00,161.00,117.00,392,1,1,1
120,1019.00,353.00,190.00,109.00,408,1,1,1
120,1021.00,1156.00,356.00,193.00,511,1,1,1
120,1035.00,1674.00,188.00,165.00,336,1,1,1
120,1121.00,840.00,30.00,60.00,231,1,1,1
120,1169.00,846.00,41.00,63.00,242,1,1,1
120,1178.00,1873.00,271.00,223.00,402,1,1,1
121,81.00,1261.00,148.00,121.00,322,1,1,1
121,92.00,523.00,71.00,68.00,288,1,1,1
121,95.00,586.00,55.00,62.00,269,1,1,1
121,116.00,1357.00,169.00,137.00,336,1,1,1
121,178.00,907.00,178.00,107.00,368,1,1,1
121,197.00,996.00,104.00,90.00,294,1,1,1
121,199.00,681.00,171.00,87.00,373,1,1,1
121,354.00,531.00,155.00,88.00,367,1,1,1
121,560.00,663.00,129.00,77.00,337,1,1,1
121,564.00,851.00,147.00,94.00,342,1,1,1
121,593.00,127.00,149.00,114.00,381,1,1,1
121,1019.00,344.00,173.00,105.00,392,1,1,1
121,1021.00,1236.00,367.00,207.00,515,1,1,1
121,1035.00,1606.00,164.00,149.00,319,1,1,1
121,1121.00,763.00,29.00,57.00,235,1,1,1
121,1169.00,759.00,41.00,60.00,246,1,1,1
121,1178.00,1798.00,237.00,198.00,375,1,1,1
122,81.00,1254.00,146.00,120.00,320,1,1,1
122,92.00,406.00,67.00,74.00,290,1,1,1
122,95.00,496.00,53.00,66.00,272,1,1,1
122,116.00,1365.00,169.00,136.00,335,1,1,1
122,178.00,907.00,178.00,107.00,368,1,1,1
122,197.00,996.00,104.00,90.00,294,1,1,1
122,199.00,699.00,169.00,88.00,370,1,1,1
122,354.00,524.00,153.00,88.00,365,1,1,1
122,560.00,664.00,130.00,77.00,337,1,1,1
122,593.00,115.00,134.00,111.00,368,1,1,1
122,1019.00,327.00,163.00,103.00,383,1,1,1
122,1021.00,1259.00,372.00,212.00,519,1,1,1
122,1035.00,1525.00,140.00,133.00,301,1,1,1
122,1121.00,705.00,27.00,53.00,236,1,1,1
122,1169.00,687.00,40.00,56.00,249,1,1,1
122,1178.00,1710.00,204.00,175.00,350,1,1,1
123,81.00,1247.00,148.00,121.00,322,1,1,1
123,92.00,279.00,65.00,81.00,295,1,1,1
123,95.00,358.00,50.00,72.00,277,1,1,1
123,116.00,1346.00,169.00,136.00,338,1,1,1
123,178.00,907.00,178.00,107.00,368,1,1,1
123,197.00,996.00,104.00,90.00,294,1,1,1
123,199.00,699.00,172.00,88.00,374,1,1,1
123,354.00,547.00,150.00,85.00,361,1,1,1
123,560.00,658.00,130.00,77.00,336,1,1,1
123,564.00,821.00,151.00,93.00,347,1,1,1
123,593.00,116.00,119.00,107.00,354,1,1,1
123,1019.00,298.00,150.00,102.00,374,1,1,1
123,1021.00,1270.00,366.00,210.00,514,1,1,1
123,1035.00,1476.00,123.00,123.00,287,1,1,1
123,1121.00,637.00,28.00,53.00,241,1,1,1
123,1169.00,627.00,39.00,55.00,251,1,1,1
123,1178.00,1620.00,179.00,157.00,332,1,1,1
124,81.00,1255.00,147.00,121.00,322,1,1,1
124,92.00,157.00,60.00,86.00,295,1,1,1
124,95.00,254.00,48.00,77.00,279,1,1,1
124,116.00,1320.00,171.00,134.00,339,1,1,1
124,178.00,905.00,182.00,108.00,373,1,1,1
124,197.00,991.00,103.00,89.00,294,1,1,1
124,199.00,702.00,171.00,89.00,372,1,1,1
124,354.00,525.00,154.00,88.00,366,1,1,1
124,560.00,657.00,129.00,77.00,336,1,1,1
124,564.00,848.00,145.00,93.00,341,1,1,1
124,593.00,139.00,103.00,100.00,338,1,1,1
124,1019.00,329.00,134.00,96.00,357,1,1,1
124,1021.00,1273.00,361.00,209.00,508,1,1,1
124,1035.00,1413.00,107.00,113.00,275,1,1,1
124,1121.00,578.00,26.00,55.00,242,1,1,1
124,1169.00,538.00,38.00,60.00,256,1,1,1
124,1178.00,1533.00,157.00,142.00,316,1,1,1
124,1199.00,1430.00,499.00,291.00,610,1,1,1
125,81.00,1255.00,147.00,121.00,322,1,1,1
125,92.00,40.00,57.00,95.00,299,1,1,1
125,95.00,130.00,43.00,83.00,281,1,1,1
125,116.00,1320.00,171.00,134.00,339,1,1,1
125,178.00,905.00,182.00,108.00,373,1,1,1
125,197.00,991.00,103.00,89.00,294,1,1,1
125,199.00,690.00,174.00,88.00,375,1,1,1
125,354.00,525.00,154.00,88.00,366,1,1,1
125,560.00,657.00,129.00,77.00,336,1,1,1
125,564.00,848.00,145.00,93.00,341,1,1,1
125,593.00,179.00,88.00,93.00,321,1,1,1
125,1019.00,340.00,124.00,92.00,347,1,1,1
125,1021.00,1244.00,363.00,206.00,513,1,1,1
125,1035.00,1358.00,91.00,104.00,263,1,1,1
125,1121.00,499.00,26.00,58.00,245,1,1,1
125,1169.00,456.00,36.00,63.00,258,1,1,1
125,1178.00,1439.00,133.00,125.00,298,1,1,1
125,1199.00,1321.00,431.00,245.00,564,1,1,1
126,81.00,1255.00,147.00,121.00,322,1,1,1
126,95.00,15.00,40.00,92.00,284,1,1,1
126,116.00,1320.00,171.00,134.00,339,1,1,1
126,178.00,905.00,182.00,108.00,373,1,1,1
126,197.00,991.00,103.00,89.00,294,1,1,1
126,199.00,690.00,174.00,88.00,375,1,1,1
126,354.00,525.00,154.00,88.00,366,1,1,1
126,560.00,656.00,128.00,76.00,335,1,1,1
126,564.00,848.00,145.00,93.00,341,1,1,1
126,593.00,178.00,79.00,90.00,312,1,1,1
126,1019.00,348.00,112.00,89.00,337,1,1,1
126,1021.00,1184.00,356.00,196.00,510,1,1,1
126,1035.00,1307.00,78.00,96.00,253,1,1,1
126,1121.00,432.00,26.00,62.00,248,1,1,1
126,1169.00,383.00,34.00,67.00,260,1,1,1
126,1178.00,1379.00,117.00,115.00,286,1,1,1
126,1199.00,1151.00,400.00,209.00,547,1,1,1
127,81.00,1255.00,147.00,121.00,322,1,1,1
127,116.00,1320.00,171.00,134.00,339,1,1,1
127,178.00,905.00,182.00,108.00,373,1,1,1
127,197.00,991.00,103.00,89.00,294,1,1,1
127,199.00,690.00,174.00,88.00,375,1,1,1
127,354.00,525.00,154.00,88.00,366,1,1,1
127,560.00,657.00,132.00,78.00,339,1,1,1
127,564.00,848.00,145.00,93.00,341,1,1,1
127,593.00,176.00,68.00,88.00,303,1,1,1
127,1019.00,329.00,106.00,89.00,330,1,1,1
127,1021.00,1065.00,352.00,181.00,512,1,1,1
127,1035.00,1261.00,65.00,89.00,243,1,1,1
127,1121.00,356.00,25.00,66.00,252,1,1,1
127,1169.00,311.00,34.00,71.00,264,1,1,1
127,1178.00,1327.00,102.00,107.00,275,1,1,1
127,1199.00,1063.00,375.00,189.00,531,1,1,1
128,81.00,1249.00,147.00,120.00,321,1,1,1
128,116.00,1311.00,169.00,133.00,338,1,1,1
128,178.00,905.00,182.00,108.00,373,1,1,1
128,197.00,991.00,103.00,89.00,294,1,1,1
128,199.00,690.00,174.00,88.00,375,1,1,1
128,354.00,525.00,154.00,88.00,366,1,1,1
128,560.00,662.00,132.00,78.00,339,1,1,1
128,564.00,848.00,145.00,93.00,341,1,1,1
128,593.00,198.00,61.00,84.00,295,1,1,1
128,1019.00,357.00,96.00,84.00,319,1,1,1
128,1021.00,930.00,319.00,153.00,492,1,1,1
128,1035.00,1225.00,54.00,83.00,234,1,1,1
128,1169.00,225.00,35.00,75.00,268,1,1,1
128,1178.00,1280.00,88.00,99.00,264,1,1,1
128,1199.00,911.00,366.00,165.00,530,1,1,1
129,81.00,1249.00,147.00,120.00,321,1,1,1
129,116.00,1311.00,169.00,133.00,338,1,1,1
129,178.00,905.00,182.00,108.00,373,1,1,1
129,197.00,991.00,103.00,89.00,294,1,1,1
129,199.00,690.00,174.00,88.00,375,1,1,1
129,354.00,525.00,154.00,88.00,366,1,1,1
129,560.00,670.00,128.00,76.00,334,1,1,1
129,564.00,848.00,145.00,93.00,341,1,1,1
129,593.00,247.00,51.00,79.00,283,1,1,1
129,1019.00,365.00,94.00,83.00,318,1,1,1
129,1021.00,780.00,295.00,128.00,479,1,1,1
129,1035.00,1185.00,43.00,77.00,226,1,1,1
129,1121.00,175.00,24.00,74.00,260,1,1,1
129,1169.00,160.00,35.00,79.00,272,1,1,1
129,1178.00,1220.00,75.00,91.00,255,1,1,1
129,1199.00,727.00,346.00,136.00,525,1,1,1
130,81.00,1249.00,147.00,120.00,321,1,1,1
130,116.00,1311.00,169.00,133.00,338,1,1,1
130,178.00,905.00,182.00,108.00,373,1,1,1
130,197.00,991.00,103.00,89.00,294,1,1,1
130,199.00,690.00,174.00,88.00,375,1,1,1
130,354.00,525.00,154.00,88.00,366,1,1,1
130,564.00,848.00,145.00,93.00,341,1,1,1
130,593.00,255.00,50.00,78.00,282,1,1,1
130,1019.00,356.00,88.00,82.00,312,1,1,1
130,1021.00,596.00,280.00,113.00,474,1,1,1
130,1035.00,1165.00,34.00,74.00,218,1,1,1
130,1121.00,98.00,26.00,80.00,266,1,1,1
130,1169.00,70.00,35.00,85.00,277,1,1,1
130,1178.00,1168.00,59.00,83.00,242,1,1,1
130,1199.00,546.00,312.00,123.00,504,1,1,1
131,81.00,1249.00,147.00,120.00,321,1,1,1
131,116.00,1310.00,170.00,133.00,339,1,1,1
131,178.00,905.00,182.00,108.00,373,1,1,1
131,197.00,991.00,103.00,89.00,294,1,1,1
131,199.00,690.00,174.00,88.00,375,1,1,1
131,354.00,525.00,154.00,88.00,366,1,1,1
131,560.00,648.00,129.00,77.00,336,1,1,1
131,564.00,848.00,145.00,93.00,341,1,1,1
131,593.00,253.00,44.00,76.00,276,1,1,1
131,1019.00,356.00,88.00,82.00,312,1,1,1
131,1021.00,354.00,264.00,128.00,472,1,1,1
131,1035.00,1134.00,26.00,70.00,211,1,1,1
131,1121.00,12.00,28.00,88.00,271,1,1,1
131,1169.00,-18.00,35.00,93.00,282,1,1,1
131,1178.00,1136.00,48.00,77.00,234,1,1,1
131,1199.00,258.00,308.00,147.00,515,1,1,1
132,81.00,1249.00,147.00,120.00,321,1,1,1
132,116.00,1317.00,170.00,134.00,338,1,1,1
132,178.00,905.00,182.00,108.00,373,1,1,1
132,197.00,991.00,103.00,89.00,294,1,1,1
132,199.00,690.00,174.00,88.00,375,1,1,1
132,354.00,525.00,154.00,88.00,366,1,1,1
132,560.00,656.00,128.00,76.00,335,1,1,1
132,564.00,848.00,145.00,93.00,341,1,1,1
132,593.00,309.00,31.00,69.00,260,1,1,1
132,1019.00,365.00,81.00,79.00,305,1,1,1
132,1021.00,154.00,247.00,140.00,466,1,1,1
132,1035.00,1135.00,21.00,68.00,206,1,1,1
132,1178.00,1112.00,39.00,74.00,225,1,1,1
132,1199.00,40.00,302.00,170.00,519,1,1,1
133,81.00,1249.00,147.00,120.00,321,1,1,1
133,116.00,1317.00,170.00,134.00,338,1,1,1
133,178.00,905.00,182.00,108.00,373,1,1,1
133,197.00,991.00,103.00,89.00,294,1,1,1
133,199.00,690.00,174.00,88.00,375,1,1,1
133,354.00,525.00,154.00,88.00,366,1,1,1
133,560.00,677.00,126.00,76.00,332,1,1,1
133,564.00,840.00,144.00,92.00,339,1,1,1
133,593.00,308.00,30.00,69.00,259,1,1,1
133,1019.00,349.00,85.00,82.00,310,1,1,1
133,1021.00,4.00,240.00,156.00,468,1,1,1
133,1178.00,1100.00,31.00,70.00,218,1,1,1