1 116 1407 183 146 347
1 148 294 9 65 240
1 178 911 183 110 373
1 197 1015 104 91 293
1 199 718 175 90 375
1 354 514 155 89 366
1 560 637 128 77 337
1 564 854 149 95 344
1 593 1692 119 131 271
2 64 692 487 168 638
2 65 961 408 186 562
2 116 1401 181 145 345
2 148 294 9 64 239
2 178 913 184 110 374
2 197 1015 104 91 293
2 199 718 175 90 375
2 354 514 155 89 366
2 560 637 128 77 337
2 564 846 149 93 345
2 593 1743 128 138 278
3 64 702 428 153 591
3 65 834 378 159 544
3 116 1401 181 145 345
3 148 309 9 63 240
3 178 913 184 110 374
3 197 1015 104 91 293
3 199 715 173 90 373
3 354 515 156 89 367
3 560 641 127 76 336
3 564 846 149 93 345
3 593 1777 138 144 285
4 64 629 407 145 578
4 65 744 365 143 538
4 116 1401 181 145 345
4 148 309 9 63 240
4 178 913 184 110 374
4 197 1015 104 91 293
4 199 715 173 90 373
4 354 515 156 89 367
4 560 641 127 76 336
4 564 846 149 93 345
4 593 1791 145 148 291
5 64 532 376 138 557
5 65 680 336 128 518
5 116 1409 181 145 344
5 148 308 9 64 239
5 178 913 184 110 374
5 197 1015 104 91 293
5 199 710 170 89 370
5 354 515 156 89 367
5 560 641 127 76 336
5 564 846 149 93 345
5 593 1868 155 158 297
6 64 406 340 142 535
6 65 593 311 121 501
6 116 1415 183 146 346
6 148 308 9 64 239
6 178 913 184 110 374
6 197 1034 106 93 294
6 199 710 170 89 370
6 354 515 156 89 367
6 560 641 127 76 336
6 564 846 149 93 345
6 593 1914 162 163 300
7 64 333 332 146 530
7 65 483 290 123 488
7 68 978 491 216 627
7 116 1415 183 146 346
7 148 308 9 64 239
7 178 913 184 110 374
7 197 1055 104 94 291
7 199 710 170 89 370
7 354 515 156 89 367
7 560 641 127 76 336
7 564 846 149 93 345
8 64 289 299 142 504
8 65 379 270 127 476
8 68 810 436 173 592
8 116 1412 182 145 345
8 148 309 9 63 240
8 178 913 184 110 374
8 197 1050 106 94 294
8 199 709 169 88 369
8 354 515 156 89 367
8 560 643 129 77 337
8 564 846 149 93 345
9 64 155 276 148 491
9 65 252 248 131 462
9 68 758 379 149 550
9 116 1412 182 145 345
9 148 309 9 63 240
9 178 913 184 110 374
9 197 1045 104 93 292
9 199 709 169 88 369
9 354 515 156 89 367
9 560 644 130 77 337
9 564 844 148 93 344
10 64 131 273 149 491
10 65 198 236 133 455
10 68 686 342 130 524
10 116 1415 183 146 346
10 148 309 9 63 240
10 178 913 184 110 374
10 197 1040 108 93 295
10 199 709 169 88 369
10 354 515 156 89 367
10 560 644 130 77 337
10 564 844 148 93 344
11 64 154 250 141 470
11 65 188 216 129 438
11 68 579 304 119 496
11 116 1412 182 145 345
11 148 308 9 64 239
11 178 913 184 110 374
11 197 1038 107 93 295
11 199 709 169 88 369
11 354 516 156 89 369
11 560 644 130 77 337
11 564 842 147 93 343
12 64 246 224 126 441
12 65 188 209 126 432
12 68 519 277 117 475
12 116 1412 182 145 345
12 148 274 11 66 242
12 178 913 184 110 374
12 197 1038 107 93 295
12 199 709 169 88 369
12 354 527 156 88 368
12 560 644 130 77 337
12 564 842 147 93 343
13 64 308 190 112 408
13 65 199 196 122 419
13 68 454 258 118 461
13 116 1412 182 145 345
13 148 274 10 66 243
13 178 911 183 110 373
13 197 1038 107 93 295
13 199 709 169 88 369
13 354 527 156 88 368
13 560 644 130 77 337
13 564 842 147 93 343
14 64 353 168 104 388
14 65 221 175 115 399
14 68 433 236 114 445
14 70 1651 82 110 239
14 71 1551 70 102 231
14 116 1412 182 145 345
14 148 274 10 66 243
14 178 911 183 110 373
14 197 1038 107 93 295
14 199 710 170 89 370
14 354 537 156 88 367
14 560 644 130 77 337
14 564 842 147 93 343
15 64 391 146 95 365
15 65 290 145 102 370
15 68 337 212 116 427
15 70 1700 95 119 248
15 71 1562 83 108 244
15 116 1418 184 146 347
15 148 274 10 66 243
15 178 911 183 110 373
15 197 1038 107 93 295
15 199 712 171 89 371
15 354 538 157 88 368
15 560 641 127 76 336
15 564 844 148 93 344
16 64 480 131 86 346
16 65 334 124 94 348
16 68 303 192 113 411
16 70 1757 111 129 261
16 71 1611 98 117 256
16 116 1418 184 146 347
16 148 274 10 66 243
16 178 911 183 110 373
16 197 1038 107 93 295
16 199 716 174 90 374
16 354 538 157 88 368
16 560 641 127 76 336
16 564 844 148 93 344
17 64 535 113 78 327
17 65 367 103 85 326
17 68 264 172 111 395
17 70 1809 124 138 270
17 71 1645 116 128 271
17 116 1418 184 146 347
17 148 274 10 66 243
17 178 911 183 110 373
17 197 1038 107 93 295
17 199 716 174 90 374
17 354 558 155 87 366
17 560 641 127 76 336
17 564 844 148 93 344
18 64 598 107 73 319
18 65 459 95 78 314
18 68 223 155 109 382
18 70 1861 147 153 290
18 71 1705 134 138 284
18 116 1418 184 146 347
18 148 274 9 65 241
18 178 911 183 110 373
18 197 1038 107 93 295
18 199 713 172 90 372
18 354 551 154 86 364
18 560 641 127 76 336
18 564 844 148 93 344
19 64 661 96 69 305
19 65 540 84 71 300
19 68 213 136 105 364
19 71 1759 156 153 303
19 116 1415 183 146 346
19 148 274 9 65 241
19 178 911 183 110 373
19 197 1038 107 93 295
19 199 713 172 90 372
19 354 551 154 86 364
19 560 643 129 77 337
19 564 844 148 93 344
20 64 768 89 72 291
20 65 655 80 65 289
20 68 178 120 102 351
20 71 1842 177 168 319
20 116 1415 183 146 346
20 148 274 10 65 241
20 178 911 183 110 373
20 197 1038 107 93 295
20 199 713 172 90 372
20 354 525 154 88 366
20 560 643 129 77 337
20 564 844 148 93 344
20 618 1857 411 301 521
21 64 828 83 74 284
21 65 746 73 67 279
21 68 176 105 98 338
21 71 1890 205 186 342
21 116 1415 183 146 346
21 148 274 10 65 241
21 178 911 183 110 373
21 197 1038 107 93 295
21 199 713 172 90 372
21 354 524 153 88 365
21 560 643 129 77 337
21 564 844 148 93 344
21 618 1839 404 295 516
22 64 908 79 77 276
22 65 848 68 71 269
22 68 139 89 96 325
22 116 1415 183 146 346
22 148 274 10 65 241
22 178 911 183 110 373
22 197 1038 107 93 295
22 199 713 172 90 372
22 354 524 153 88 365
22 560 643 129 77 337
22 564 844 148 93 344
22 618 1839 404 295 516
23 64 933 77 79 272
23 65 912 63 73 260
23 68 124 76 93 313
23 116 1415 183 146 346
23 148 274 10 66 243
23 178 911 183 110 373
23 197 1038 107 93 295
23 199 713 172 90 372
23 354 524 153 88 365
23 560 643 129 77 337
23 564 844 148 93 344
23 618 1804 415 298 526
24 64 1056 72 82 261
24 65 960 60 75 254
24 68 82 64 93 304
24 116 1421 184 147 346
24 148 274 11 66 242
24 178 910 182 108 372
24 197 1038 107 93 295
24 199 713 172 90 372
24 354 524 153 88 365
24 560 643 129 77 337
24 564 844 148 93 344
24 618 1804 415 298 526
25 64 1117 69 84 254
25 65 1053 58 78 248
25 68 28 53 94 295
25 116 1421 184 147 346
25 148 274 11 66 242
25 178 910 182 108 372
25 197 1038 107 93 295
25 199 713 172 90 372
25 354 524 153 88 365
25 560 642 128 76 336
25 564 838 145 92 340
25 618 1804 415 298 526
26 64 1201 68 88 249
26 65 1128 58 81 242
26 68 9 42 93 286
26 116 1421 184 147 346
26 148 274 11 66 242
26 178 910 182 108 372
26 197 1038 107 93 295
26 199 712 171 89 371
26 354 524 153 88 365
26 560 641 127 76 336
26 564 838 145 92 340
26 618 1840 427 308 534
27 64 1273 64 89 242
27 65 1203 57 84 237
27 68 4 34 91 279
27 116 1421 184 147 346
27 148 274 11 66 242
27 178 910 182 108 372
27 197 1045 105 93 294
27 199 712 171 89 371
27 354 525 154 88 366
27 560 642 128 76 336
27 564 838 145 92 340
27 618 1822 422 304 532
28 64 1331 63 90 236
28 65 1277 55 86 233
28 68 -17 27 90 273
28 116 1421 184 147 346
28 148 296 11 64 241
28 178 910 182 108 372
28 197 1045 105 93 294
28 199 712 171 89 371
28 354 524 153 88 365
28 560 641 127 76 336
28 564 838 145 92 340
28 618 1822 422 304 532
29 64 1396 61 92 232
29 65 1342 54 87 227
29 68 -48 21 91 269
29 116 1421 184 147 346
29 148 296 11 64 241
29 178 910 182 108 372
29 197 1045 105 93 294
29 199 712 171 89 371
29 354 523 152 87 365
29 560 642 128 76 336
29 564 838 145 92 340
29 618 1816 420 302 530
30 64 1448 60 94 228
30 65 1390 53 88 223
30 116 1421 184 147 346
30 148 312 10 64 239
30 178 910 182 108 372
30 197 1048 107 94 294
30 199 710 170 89 370
30 354 523 152 87 365
30 560 642 128 76 336
30 564 838 145 92 340
30 618 1816 420 302 530
31 64 1482 59 95 226
31 65 1437 51 89 219
31 116 1421 184 147 346
31 148 312 10 64 239
31 178 910 182 108 372
31 197 1045 105 93 294
31 199 710 170 89 370
31 354 523 152 87 365
31 560 642 128 76 336
31 564 838 145 92 340
31 618 1816 420 302 530
32 64 1539 57 96 220
32 65 1493 49 91 215
32 76 1839 237 201 374
32 116 1421 184 147 346
32 148 312 10 64 239
32 178 910 182 108 372
32 197 1036 106 93 295
32 199 710 170 89 370
32 354 523 152 87 365
32 560 643 129 77 337
32 564 838 145 92 340
32 618 1822 419 301 529
33 64 1614 55 96 214
33 65 1549 49 92 211
33 76 1678 197 169 345
33 116 1421 184 147 346
33 148 312 10 64 239
33 178 910 182 108 372
33 197 1036 106 93 295
33 199 718 175 90 375
33 354 534 153 87 364
33 560 643 129 77 337
33 564 838 145 92 340
33 618 1822 419 301 529
34 64 1665 53 97 209
34 65 1612 46 92 205
34 76 1529 166 146 325
34 116 1421 184 147 346
34 148 312 10 64 239
34 178 910 182 108 372
34 197 1036 106 93 295
34 199 718 175 90 375
34 354 534 153 87 364
34 560 643 129 77 337
34 564 838 145 92 340
34 618 1822 419 301 529
35 64 1715 52 97 205
35 65 1659 45 93 201
35 76 1405 139 126 306
35 116 1421 184 147 346
35 148 312 10 64 239
35 178 910 182 108 372
35 197 1036 106 93 295
35 199 718 175 90 375
35 354 534 153 87 364
35 560 642 128 76 336
35 564 838 145 92 340
35 618 1822 419 301 529
36 64 1768 51 98 201
36 65 1697 42 92 196
36 76 1280 119 111 294
36 116 1421 184 147 346
36 148 312 9 64 240
36 178 908 181 108 371
36 197 1036 106 93 295
36 199 716 174 90 374
36 354 533 152 87 364
36 560 641 127 76 336
36 564 835 143 91 339
36 618 1822 419 301 529
37 64 1810 49 98 197
37 65 1744 40 92 192
37 76 1160 100 98 281
37 116 1421 184 147 346
37 148 312 9 64 240
37 178 908 181 108 371
37 197 1036 106 93 295
37 199 716 174 90 374
37 354 480 153 91 368
37 560 641 127 76 336
37 564 833 142 91 339
37 618 1828 422 304 530
38 64 1843 47 98 193
38 65 1795 39 93 189
38 76 1063 85 87 272
38 116 1421 184 147 346
38 148 312 9 64 240
38 178 908 181 108 371
38 197 1027 106 93 294
38 199 716 174 90 374
38 354 419 153 94 370
38 560 642 128 76 336
38 564 836 144 92 340
38 618 1828 422 304 530
39 64 1885 45 98 190
39 65 1850 38 93 185
39 76 962 71 77 265
39 116 1418 183 147 345
39 148 312 9 64 240
39 178 908 181 108 371
39 197 1027 106 93 294
39 199 706 174 90 375
39 354 419 153 94 370
39 560 641 127 76 336
39 564 836 144 92 340
39 618 1828 422 304 530
40 65 1876 38 93 183
40 76 874 59 70 257
40 116 1416 182 145 345
40 148 312 10 64 239
40 178 908 181 108 371
40 197 1027 106 93 294
40 199 706 174 90 375
40 354 448 155 94 371
40 560 644 130 77 337
40 564 836 144 92 340
40 618 1839 424 307 531
41 65 1916 37 93 180
41 76 797 45 62 248
41 116 1416 182 145 345
41 148 312 10 64 239
41 178 908 181 108 371
41 197 1027 106 93 294
41 199 706 174 90 375
41 354 480 160 92 372
41 560 644 130 77 337
41 564 836 144 92 340
41 618 1827 418 302 528
42 76 729 36 57 243
42 116 1418 183 147 345
42 148 312 10 64 239
42 178 908 181 108 371
42 197 1026 105 92 294
42 199 706 174 90 375
42 354 480 160 92 372
42 560 644 130 77 337
42 564 836 144 92 340
42 618 1827 418 302 528
43 76 626 24 53 238
43 116 1418 183 147 345
43 148 312 10 64 239
43 178 908 181 108 371
43 197 1026 105 92 294
43 199 706 174 90 375
43 354 549 152 86 362
43 560 644 130 77 337
43 564 836 144 92 340
43 618 1740 426 297 539
44 76 579 16 53 232
44 116 1418 183 147 345
44 148 312 10 64 239
44 178 908 181 108 371
44 197 1027 106 93 294
44 199 705 173 89 374
44 354 548 151 86 361
44 560 644 130 77 337
44 564 838 145 92 340
44 618 1740 426 297 539
45 76 506 8 54 228
45 116 1418 183 147 345
45 148 312 10 64 239
45 178 906 180 107 370
45 197 1027 106 93 294
45 199 705 173 89 374
45 354 547 155 87 365
45 560 643 129 77 337
45 564 838 145 92 340
45 618 1700 408 282 527
46 116 1418 183 147 345
46 148 328 12 63 240
46 178 904 179 107 369
46 197 1027 106 93 294
46 199 705 173 89 374
46 354 547 155 87 365
46 560 642 128 76 336
46 564 838 145 92 340
46 618 1684 392 271 514
47 116 1418 183 147 345
47 148 328 12 63 240
47 178 904 179 107 369
47 197 1027 106 93 294
47 199 704 172 88 373
47 354 547 155 87 365
47 560 641 127 76 336
47 564 838 145 92 340
47 618 1694 394 273 515
48 81 1801 274 219 407
48 116 1418 183 147 345
48 148 306 10 64 240
48 178 904 179 107 369
48 197 1029 106 93 296
48 199 704 172 88 373
48 354 547 155 87 365
48 560 643 129 77 337
48 564 838 145 92 340
48 618 1700 396 275 516
49 81 1632 242 189 388
49 116 1418 183 147 345
49 148 306 11 64 240
49 178 904 179 107 369
49 197 1031 106 93 294
49 199 704 172 88 373
49 354 547 155 87 365
49 560 643 129 77 337
49 564 839 145 93 342
49 618 1742 397 281 515
50 81 1521 224 172 377
50 116 1418 183 147 345
50 148 242 10 67 243
50 178 904 179 107 369
50 197 1031 106 93 294
50 199 704 172 88 373
50 354 547 155 87 365
50 560 643 129 77 337
50 564 838 145 92 340
50 618 1737 395 278 513
51 81 1446 217 163 376
51 116 1418 183 147 345
51 148 201 5 68 242
51 178 902 178 107 368
51 197 1031 106 93 294
51 199 704 172 88 373
51 354 547 155 87 365
51 560 643 129 77 337
51 564 838 145 92 340
51 618 1731 392 277 512
52 81 1446 217 163 376
52 116 1418 183 147 345
52 178 902 178 107 368
52 197 1031 106 93 294
52 199 704 172 88 373
52 354 547 155 87 365
52 560 643 129 77 337
52 564 838 145 92 340
52 618 1700 393 273 514
53 81 1405 207 156 369
53 116 1418 183 147 345
53 178 902 178 107 368
53 197 1031 106 93 294
53 199 704 172 88 373
53 354 547 155 87 365
53 560 643 129 77 337
53 564 840 144 92 339
53 618 1694 391 272 512
54 81 1373 203 152 366
54 116 1402 186 146 349
54 178 902 178 107 368
54 197 1031 106 93 294
54 199 704 172 88 373
54 354 493 156 91 369
54 560 643 129 77 337
54 564 840 144 92 339
54 618 1689 389 269 510
55 81 1404 209 156 370
55 116 1402 186 146 349
55 178 902 178 107 368
55 197 1031 106 93 294
55 199 704 172 88 373
55 354 439 158 95 373
55 560 650 127 76 335
55 564 840 144 92 339
55 618 1700 393 273 514
56 81 1404 209 156 370
56 116 1402 186 146 349
56 178 902 178 107 368
56 197 1031 106 93 294
56 199 704 172 88 373
56 354 406 158 97 376
56 560 650 127 76 335
56 564 840 144 92 339
56 618 1700 393 273 514
57 81 1404 209 156 370
57 116 1387 181 143 345
57 178 902 178 107 368
57 197 1031 106 93 294
57 199 704 172 88 373
57 354 384 152 97 371
57 560 650 127 76 335
57 564 840 144 92 339
57 618 1694 397 275 517
58 81 1404 209 156 370
58 82 1878 367 277 483
58 116 1387 181 143 345
58 178 902 178 107 368
58 197 1031 106 93 294
58 199 704 172 88 373
58 354 376 148 97 368
58 560 650 127 76 335
58 564 840 144 92 339
58 618 1629 408 273 529
59 81 1435 208 159 369
59 82 1835 372 276 489
59 116 1387 181 143 345
59 178 902 178 107 368
59 197 1031 106 93 294
59 199 704 172 88 373
59 354 438 150 93 366
59 560 650 127 76 335
59 564 840 144 92 339
59 618 1616 432 284 550
60 81 1482 215 165 372
60 82 1718 368 263 493
60 116 1387 181 143 345
60 178 902 178 107 368
60 197 1031 106 93 294
60 199 704 172 88 373
60 354 440 151 93 368
60 560 650 127 76 335
60 564 840 144 92 339
60 618 1616 432 284 550
61 81 1529 213 167 367
61 82 1642 363 251 492
61 83 1839 467 332 567
61 116 1387 181 143 345
61 178 902 178 107 368
61 197 1034 106 93 294
61 199 710 170 89 370
61 354 440 151 93 368
61 560 652 129 77 336
61 564 840 144 92 339
61 618 1568 445 284 563
62 81 1533 212 167 367
62 82 1558 372 247 503
62 83 1784 452 316 558
62 116 1387 181 143 345
62 178 902 178 107 368
62 197 1034 106 93 294
62 199 710 170 89 370
62 354 440 151 93 368
62 560 652 129 77 336
62 564 840 144 92 339
62 618 1524 455 283 572
63 81 1550 206 166 360
63 82 1469 368 235 504
63 83 1702 442 300 553
63 116 1387 181 143 345
63 178 902 178 107 368
63 197 1031 106 93 294
63 199 710 170 89 370
63 354 450 151 93 367
63 560 652 129 77 336
63 564 840 144 92 339
63 618 1470 473 285 589
64 81 1544 201 163 356
64 82 1393 359 222 502
64 83 1650 431 288 547
64 116 1388 175 141 340
64 178 902 178 107 368
64 197 1031 106 93 294
64 199 710 170 89 370
64 354 437 155 94 370
64 560 652 129 77 336
64 564 840 144 92 339
64 618 1462 502 297 613
65 81 1548 201 163 356
65 82 1293 349 206 498
65 83 1564 432 277 552
65 116 1388 175 141 340
65 178 902 178 107 368
65 197 1031 106 93 294
65 199 710 170 89 370
65 354 437 155 94 370
65 560 652 129 77 336
65 564 840 144 92 339
65 618 1450 500 294 611
66 81 1539 197 160 352
66 82 1206 337 191 493
66 83 1455 442 268 566
66 116 1369 172 138 338
66 178 902 178 107 368
66 197 1031 106 93 294
66 199 710 170 89 370
66 354 437 155 94 370
66 560 652 129 77 336
66 564 840 144 92 339
66 618 1362 539 298 646
67 81 1528 186 155 342
67 82 1041 335 171 499
67 83 1311 439 247 570
67 116 1369 172 138 338
67 178 902 178 107 368
67 197 1031 106 93 294
67 199 710 170 89 370
67 354 375 156 99 375
67 560 652 129 77 336
67 564 840 144 92 339
67 618 1196 570 283 676
68 81 1509 181 151 339
68 82 916 341 158 509
68 83 1157 437 225 576
68 116 1369 172 138 338
68 178 902 178 107 368
68 197 1031 106 93 294
68 199 708 167 88 369
68 354 384 152 97 371
68 560 652 129 77 336
68 564 840 144 92 339
68 618 1141 564 271 674
69 81 1497 177 148 336
69 82 838 347 150 519
69 83 1026 429 202 576
69 84 1910 73 113 216
69 116 1369 172 138 338
69 178 902 178 107 368
69 197 1031 106 93 294
69 199 708 167 88 369
69 354 384 152 97 371
69 560 652 129 77 336
69 564 840 144 92 339
69 618 924 562 232 683
70 81 1470 170 143 331
70 82 669 351 132 530
70 83 868 426 179 583
70 84 1837 70 110 217
70 116 1341 171 136 338
70 178 902 178 107 368
70 197 992 104 90 294
70 199 708 167 88 369
70 354 384 152 97 371
70 560 652 129 77 336
70 564 840 144 92 339
70 618 710 542 185 678
71 81 1471 167 143 328
71 82 488 349 137 537
71 83 721 420 154 584
71 84 1757 68 107 218
71 116 1339 170 135 337
71 178 902 178 107 368
71 197 992 104 90 294
71 199 708 167 88 369
71 354 384 152 97 371
71 560 651 128 77 335
71 564 840 144 92 339
71 618 495 549 180 692
72 81 1471 167 143 328
72 82 334 336 148 534
72 83 448 428 158 603
72 84 1703 66 104 220
72 116 1330 179 138 346
72 178 902 178 107 368
72 197 992 104 90 294
72 199 708 167 88 369
72 354 384 152 97 371
72 560 651 128 77 335
72 564 840 144 92 339
72 618 139 543 222 703
73 81 1435 160 137 324
73 82 148 334 165 540
73 83 293 419 173 603
73 84 1634 62 101 220
73 116 1310 176 136 346
73 178 902 178 107 368
73 197 992 104 90 294
73 199 708 167 88 369
73 354 383 150 96 369
73 560 650 127 76 335
73 564 840 144 92 339
73 618 -137 519 266 697
74 81 1435 160 137 324
74 82 -51 328 190 543
74 83 84 412 196 606
74 84 1562 58 96 220
74 116 1299 177 135 346
74 178 902 178 107 368
74 197 992 104 90 294
74 199 708 167 88 369
74 354 383 150 96 369
74 560 645 124 76 332
74 564 840 144 92 339
75 81 1413 162 136 327
75 82 -170 315 207 538
75 83 -160 408 236 614
75 84 1479 55 93 221
75 116 1299 177 135 346
75 178 902 178 107 368
75 197 992 104 90 294
75 199 708 167 88 369
75 354 383 150 96 369
75 560 645 124 76 332
75 564 840 144 92 339
76 81 1377 159 133 327
76 84 1401 52 88 222
76 116 1299 177 135 346
76 178 902 178 107 368
76 197 992 104 90 294
76 199 708 167 88 369
76 354 377 149 96 369
76 560 645 124 76 332
76 564 840 144 92 339
77 81 1349 155 130 324
77 84 1381 52 88 223
77 116 1282 179 135 349
77 178 902 178 107 368
77 197 992 104 90 294
77 199 709 169 88 369
77 354 377 150 97 370
77 560 642 121 75 330
77 564 840 144 92 339
78 81 1349 155 130 324
78 84 1381 52 88 223
78 116 1283 184 138 354
78 178 902 178 107 368
78 197 992 104 90 294
78 199 709 169 88 369
78 354 447 154 94 370
78 560 636 121 75 329
78 564 840 144 92 339
79 81 1327 157 129 327
79 84 1381 52 88 223
79 116 1287 191 141 360
79 178 902 178 107 368
79 197 992 104 90 294
79 199 709 169 88 369
79 354 475 155 92 368
79 560 638 122 75 331
79 564 840 144 92 339
80 81 1295 160 129 332
80 84 1379 51 88 223
80 116 1268 194 141 364
80 178 904 179 107 369
80 197 992 104 90 294
80 199 708 167 88 369
80 354 472 151 91 365
80 560 660 128 77 335
80 564 840 144 92 339
81 81 1290 168 132 338
81 84 1363 48 86 220
81 116 1252 199 140 368
81 178 904 179 107 369
81 197 991 103 89 294
81 199 710 170 89 370
81 354 520 149 87 362
81 560 657 129 77 336
81 564 840 144 92 339
82 81 1287 177 135 348
82 84 1332 45 84 219
82 116 1254 207 144 377
82 178 904 179 107 369
82 197 991 103 89 294
82 199 686 170 87 373
82 354 520 149 87 362
82 560 657 129 77 336
82 564 839 143 91 339
83 81 1274 186 137 355
83 84 1258 43 80 221
83 116 1264 209 146 378
83 178 910 180 108 370
83 197 991 103 89 294
83 199 675 174 88 377
83 354 520 149 87 362
83 560 657 129 77 336
83 564 839 143 91 339
84 81 1252 188 137 359
84 84 1191 41 77 223
84 85 1818 103 127 249
84 116 1275 214 149 382
84 178 907 178 107 368
84 197 991 103 89 294
84 199 675 174 88 377
84 354 520 149 87 362
84 560 656 128 76 335
84 564 839 143 91 339
85 81 1223 180 132 353
85 84 1122 38 74 223
85 85 1737 89 117 240
85 92 1629 512 327 611
85 116 1264 209 146 378
85 178 907 178 107 368
85 197 991 103 89 294
85 199 675 174 88 377
85 354 520 149 87 362
85 560 656 128 76 335
85 564 839 143 91 339
86 81 1206 170 127 345
86 84 1070 36 71 225
86 85 1670 75 108 231
86 92 1558 469 295 581
86 116 1242 197 139 367
86 178 907 178 107 368
86 197 991 103 89 294
86 199 666 180 89 383
86 354 520 149 87 362
86 560 656 128 76 335
86 564 839 143 91 339
87 81 1204 164 124 339
87 84 1004 34 68 225
87 85 1634 62 101 220
87 92 1497 466 285 582
87 116 1281 190 139 359
87 178 905 177 106 367
87 197 991 103 89 294
87 199 666 180 89 383
87 354 520 149 87 362
87 560 656 128 76 335
87 564 840 144 92 339
88 81 1189 166 124 343
88 84 939 34 65 229
88 85 1576 51 94 211
88 92 1473 465 281 583
88 116 1295 187 140 356
88 178 908 179 108 369
88 197 991 103 89 294
88 199 656 177 89 380
88 354 520 149 87 362
88 560 656 128 76 335
88 564 840 144 92 339
89 81 1189 166 124 343
89 84 842 34 61 235
89 85 1521 39 87 203
89 92 1447 450 270 573
89 116 1285 183 137 353
89 178 908 179 108 369
89 197 991 103 89 294
89 199 652 174 88 377
89 354 520 149 87 362
89 560 656 128 76 335
89 564 839 143 91 339
90 81 1203 162 123 337
90 84 769 34 58 240
90 85 1480 31 82 197
90 87 1893 217 194 351
90 92 1444 440 265 564
90 116 1290 182 137 351
90 178 907 178 107 368
90 197 991 103 89 294
90 199 685 169 87 372
90 354 520 149 87 362
90 560 656 128 76 335
90 564 839 143 91 339
91 81 1215 153 120 330
91 84 681 34 54 243
91 85 1451 25 79 193
91 87 1883 204 185 342
91 92 1429 432 259 559
91 116 1304 179 137 348
91 178 907 178 107 368
91 197 991 103 89 294
91 199 683 168 87 371
91 354 519 148 87 362
91 560 656 128 76 335
91 564 839 143 91 339
92 81 1232 151 121 326
92 84 566 33 57 249
92 85 1425 20 76 190
92 87 1860 188 175 326
92 92 1479 422 262 549
92 116 1298 173 135 344
92 178 907 178 107 368
92 197 991 103 89 294
92 199 686 170 87 373
92 354 519 148 87 362
92 560 656 128 76 335
92 564 839 143 91 339
93 81 1251 145 120 319
93 84 462 32 62 253
93 85 1410 17 74 187
93 87 1852 173 166 313
93 92 1464 415 256 543
93 116 1315 169 133 338
93 178 908 179 108 369
93 197 991 103 89 294
93 199 686 170 87 373
93 354 519 148 87 362
93 560 656 128 76 335
93 564 839 143 91 339
94 81 1259 142 119 316
94 84 346 30 67 257
94 87 1829 159 158 301
94 92 1527 392 253 522
94 95 1884 461 333 559
94 116 1331 178 138 345
94 178 908 181 108 371
94 197 996 105 90 296
94 199 703 175 89 377
94 354 509 155 89 367
94 560 642 132 77 339
94 564 841 142 92 338
94 593 1890 217 193 352
95 81 1251 148 121 322
95 84 232 32 74 265
95 87 1814 146 150 290
95 92 1503 361 235 498
95 95 1753 438 305 548
95 116 1339 177 138 345
95 178 908 181 108 371
95 197 996 105 90 296
95 199 692 175 88 376
95 354 509 155 89 367
95 560 644 130 77 337
95 564 841 142 92 338
95 593 1818 221 191 360
95 1020 290 704 242 811
96 81 1251 148 121 322
96 84 143 31 79 269
96 87 1856 141 150 283
96 92 1548 344 232 481
96 95 1792 433 306 542
96 116 1339 177 138 345
96 178 900 183 108 372
96 197 996 105 90 296
96 199 702 174 89 376
96 354 497 154 90 367
96 560 644 130 77 337
96 564 841 142 92 338
96 593 1700 215 180 360
96 1020 31 638 270 776
96 1021 1112 573 270 682
97 81 1251 148 121 322
97 84 92 33 83 273
97 87 1845 131 144 276
97 92 1561 334 228 471
97 95 1756 418 293 531
97 116 1325 172 136 341
97 178 900 183 108 372
97 197 996 105 90 296
97 199 705 173 89 374
97 354 497 154 90 367
97 560 644 130 77 337
97 564 841 142 92 338
97 593 1600 218 175 368
97 1020 -238 583 311 746
97 1021 978 483 214 621
98 81 1251 148 121 322
98 84 92 35 83 275
98 87 1812 124 138 270
98 92 1592 317 223 456
98 95 1733 408 285 524
98 116 1325 172 136 341
98 178 900 183 108 372
98 197 996 105 90 296
98 199 705 173 89 374
98 354 499 156 90 369
98 560 654 130 77 337
98 564 841 142 92 338
98 593 1515 219 169 373
98 1021 860 418 174 576
99 81 1251 148 121 322
99 84 91 38 85 278
99 87 1823 126 140 271
99 92 1581 303 215 444
99 95 1683 386 268 509
99 116 1325 172 136 341
99 178 900 183 108 372
99 197 996 105 90 296
99 199 699 172 88 374
99 354 499 156 90 369
99 560 651 128 77 335
99 564 841 142 92 338
99 593 1452 226 168 384
99 1021 812 364 152 534
100 81 1253 148 122 323
100 84 135 37 81 275
100 87 1903 134 148 275
100 92 1577 299 213 442
100 95 1642 366 253 494
100 116 1339 173 137 341
100 178 900 183 108 372
100 197 996 105 90 296
100 199 676 167 87 371
100 354 508 154 89 366
100 560 652 129 77 336
100 564 841 142 92 338
100 593 1374 222 160 384
100 1021 777 331 138 509
101 81 1253 148 122 323
101 84 168 35 78 271
101 92 1538 289 204 434
101 95 1698 357 254 484
101 116 1339 173 137 341
101 178 900 183 108 372
101 197 996 105 90 296
101 199 687 160 85 363
101 354 505 151 88 364
101 560 652 129 77 336
101 564 841 142 92 338
101 593 1331 235 162 398
101 1021 693 317 124 502
102 81 1253 148 122 323
102 84 212 33 75 266
102 92 1616 279 206 421
102 95 1653 337 239 469
102 116 1339 173 137 341
102 178 902 184 109 373
102 197 996 105 90 296
102 199 693 164 85 366
102 354 505 151 88 364
102 560 651 128 77 335
102 564 841 142 92 338
102 593 1258 239 158 405
102 1021 636 291 116 481
103 81 1253 148 122 323
103 84 235 30 73 264
103 92 1599 273 202 417
103 95 1672 319 232 453
103 116 1339 173 137 341
103 178 902 184 109 373
103 197 996 105 90 296
103 199 697 171 88 373
103 354 505 151 88 364
103 560 651 128 77 335
103 564 841 142 92 338
103 593 1196 252 157 420
103 1021 625 280 114 473
104 81 1266 147 121 321
104 84 239 31 74 264
104 92 1585 257 192 403
104 95 1685 296 221 434
104 116 1314 170 133 339
104 178 909 177 107 366
104 197 984 103 89 294
104 199 687 175 88 377
104 354 519 148 87 362
104 560 651 131 78 339
104 564 841 142 92 338
104 593 1140 261 155 430
104 1021 549 260 110 458
105 81 1249 147 120 321
105 84 216 31 74 265
105 92 1584 242 185 391
105 95 1701 274 211 413
105 116 1311 169 133 338
105 178 894 182 107 372
105 197 987 104 90 296
105 199 683 176 88 378
105 354 513 149 88 361
105 560 663 129 77 337
105 564 844 141 91 337
105 593 1073 265 150 438
105 1021 571 254 108 452
106 81 1250 146 120 320
106 84 239 30 73 262
106 92 1598 229 180 379
106 95 1748 257 206 395
106 116 1316 171 134 339
106 178 899 179 107 370
106 197 987 104 90 296
106 199 693 176 89 377
106 354 503 149 88 362
106 560 667 126 77 333
106 564 847 147 93 343
106 593 1016 289 152 461
106 1021 602 249 105 447
107 81 1249 144 119 319
107 84 270 30 71 261
107 92 1595 205 168 357
107 95 1764 240 198 378
107 116 1335 170 135 338
107 178 899 179 107 370
107 197 990 106 91 296
107 199 699 177 90 377
107 354 503 155 90 367
107 560 655 130 77 338
107 564 847 147 93 343
107 593 941 294 146 469
107 1019 1027 538 242 661
107 1021 641 253 107 450
108 81 1251 145 120 319
108 84 345 29 68 257
108 92 1615 195 164 348
108 95 1752 217 184 360
108 116 1332 169 135 337
108 178 908 179 108 369
108 197 987 106 90 297
108 199 694 172 88 374
108 354 496 165 93 378
108 560 671 128 77 335
108 564 846 144 93 341
108 593 889 294 141 471
108 1019 973 503 220 637
108 1021 675 260 109 453
109 81 1244 145 119 320
109 84 424 27 62 251
109 92 1596 184 157 337
109 95 1766 202 177 345
109 116 1338 171 135 339
109 178 907 178 107 368
109 197 997 106 91 296
109 199 699 172 88 374
109 354 491 166 93 378
109 560 670 131 78 337
109 564 853 143 93 339
109 593 815 303 135 483
109 1019 897 463 194 610
109 1021 686 258 109 450
109 1174 416 681 219 790
110 81 1251 145 120 319
110 84 508 27 59 246
110 92 1573 165 148 322
110 95 1718 183 165 331
110 116 1330 168 134 337
110 178 905 177 106 367
110 197 994 104 90 295
110 199 700 173 89 375
110 354 491 166 93 378
110 560 656 128 76 335
110 564 853 143 93 339
110 593 718 307 125 492
110 1019 816 442 175 597
110 1021 715 250 110 442
110 1174 123 655 255 784
111 81 1245 147 120 321
111 84 599 27 55 242
111 92 1523 150 138 310
111 95 1658 157 148 309
111 116 1331 170 135 338
111 178 905 177 106 367
111 197 991 103 89 294
111 199 700 173 89 375
111 354 484 152 91 367
111 560 663 129 77 337
111 564 857 143 93 339
111 593 639 310 121 499
111 1019 762 410 158 574
111 1021 719 248 110 440
111 1174 -80 650 295 788
112 81 1233 145 119 321
112 84 679 27 53 237
112 92 1436 132 125 298
112 95 1566 138 134 297
112 116 1339 173 137 341
112 178 905 177 106 367
112 197 991 103 89 294
112 199 700 173 89 375
112 354 478 146 89 360
112 560 642 128 76 336
112 564 847 142 92 339
112 593 581 298 118 490
112 1019 749 369 145 543
112 1021 722 245 108 437
112 1174 -240 616 322 769
112 1175 546 604 194 730
113 81 1248 145 119 320
113 84 777 27 57 231
113 92 1334 119 114 290
113 95 1475 120 122 284
113 116 1332 169 135 337
113 178 905 177 106 367
113 197 994 104 90 295
113 199 695 173 89 375
113 354 491 148 89 362
113 560 652 132 78 340
113 564 847 142 92 339
113 593 488 286 121 484
113 1019 681 345 130 526
113 1021 748 246 112 438
113 1175 412 553 191 700
114 81 1237 145 119 321
114 84 854 25 59 226
114 92 1247 109 106 286
114 95 1365 105 110 276
114 116 1340 172 137 339
114 178 907 178 107 368
114 197 998 104 90 295
114 199 678 173 88 375
114 354 526 150 87 363
114 560 652 129 77 336
114 564 845 146 93 342
114 593 396 273 126 477
114 1019 607 327 125 514
114 1021 750 248 112 438
114 1121 1171 25 71 208
114 1169 1195 36 76 218
114 1175 296 527 199 686
115 81 1247 148 121 322
115 84 924 25 62 222
115 92 1145 98 96 281
115 95 1261 93 100 269
115 116 1335 170 135 338
115 178 897 181 107 370
115 197 1008 105 91 296
115 199 678 173 88 375
115 354 524 153 88 365
115 560 649 130 77 337
115 564 855 147 94 342
115 593 345 261 128 470
115 1019 522 301 122 496
115 1021 762 263 118 453
115 1121 1135 26 70 210
115 1169 1147 38 75 223
115 1175 209 500 203 669
116 81 1237 145 119 321
116 84 971 21 62 215
116 92 1055 91 89 278
116 95 1151 84 91 266
116 116 1338 167 134 335
116 178 901 175 106 365
116 197 999 105 91 295
116 199 683 176 88 378
116 354 528 157 88 369
116 593 264 239 129 455
116 1019 497 278 119 477
116 1021 849 278 131 459
116 1121 1076 29 69 216
116 1169 1086 40 73 228
116 1175 -72 484 243 669
117 81 1248 145 119 320
117 84 1026 16 63 208
117 92 962 84 82 278
117 95 1038 75 83 265
117 116 1330 168 134 337
117 178 901 180 107 371
117 197 996 104 90 294
117 199 684 173 87 375
117 354 509 155 89 367
117 560 679 131 78 336
117 564 844 148 93 344
117 593 161 225 133 448
117 1019 436 252 118 458
117 1021 920 312 149 485
117 1039 403 643 213 764
117 1121 1026 31 68 222
117 1169 1032 41 72 233
117 1175 -204 467 265 660
118 81 1255 147 121 322
118 84 1049 14 63 204
118 92 861 80 75 280
118 95 939 67 75 263
118 178 900 177 106 367
118 197 997 106 91 296
118 199 684 173 87 375
118 354 535 154 88 365
118 560 656 128 76 335
118 564 854 149 95 344
118 593 173 204 127 429
118 1019 393 228 115 438
118 1021 1008 326 164 494
118 1035 1873 246 208 379
118 1039 -98 606 285 758
118 1121 968 32 66 225
118 1124 1331 170 135 338
118 1169 984 41 69 235
119 81 1249 147 120 321
119 92 753 77 68 282
119 95 821 61 68 263
119 116 1330 168 134 337
119 178 911 178 107 367
119 197 996 104 90 294
119 354 535 154 88 365
119 560 654 130 77 337
119 564 842 147 93 343
119 593 125 186 126 414
119 1019 347 205 113 420
119 1021 1099 342 180 502
119 1035 1763 218 185 360
119 1121 914 31 63 228
119 1169 909 41 66 239
120 81 1250 146 120 320
120 92 651 75 64 285
120 95 715 58 62 265
120 116 1319 164 132 334
120 178 907 178 107 368
120 197 998 104 90 295
120 199 694 165 86 367
120 354 524 153 88 365
120 560 651 128 77 335
120 564 847 147 93 343
120 593 139 161 117 392
120 1019 353 190 109 408
120 1021 1156 356 193 511
120 1035 1674 188 165 336
120 1121 840 30 60 231
120 1169 846 41 63 242
120 1178 1873 271 223 402
121 81 1261 148 121 322
121 92 523 71 68 288
121 95 586 55 62 269
121 116 1357 169 137 336
121 178 907 178 107 368
121 197 996 104 90 294
121 199 681 171 87 373
121 354 531 155 88 367
121 560 663 129 77 337
121 564 851 147 94 342
121 593 127 149 114 381
121 1019 344 173 105 392
121 1021 1236 367 207 515
121 1035 1606 164 149 319
121 1121 763 29 57 235
121 1169 759 41 60 246
121 1178 1798 237 198 375
122 81 1254 146 120 320
122 92 406 67 74 290
122 95 496 53 66 272
122 116 1365 169 136 335
122 178 907 178 107 368
122 197 996 104 90 294
122 199 699 169 88 370
122 354 524 153 88 365
122 560 664 130 77 337
122 593 115 134 111 368
122 1019 327 163 103 383
122 1021 1259 372 212 519
122 1035 1525 140 133 301
122 1121 705 27 53 236
122 1169 687 40 56 249
122 1178 1710 204 175 350
123 81 1247 148 121 322
123 92 279 65 81 295
123 95 358 50 72 277
123 116 1346 169 136 338
123 178 907 178 107 368
123 197 996 104 90 294
123 199 699 172 88 374
123 354 547 150 85 361
123 560 658 130 77 336
123 564 821 151 93 347
123 593 116 119 107 354
123 1019 298 150 102 374
123 1021 1270 366 210 514
123 1035 1476 123 123 287
123 1121 637 28 53 241
123 1169 627 39 55 251
123 1178 1620 179 157 332
124 81 1255 147 121 322
124 92 157 60 86 295
124 95 254 48 77 279
124 116 1320 171 134 339
124 178 905 182 108 373
124 197 991 103 89 294
124 199 702 171 89 372
124 354 525 154 88 366
124 560 657 129 77 336
124 564 848 145 93 341
124 593 139 103 100 338
124 1019 329 134 96 357
124 1021 1273 361 209 508
124 1035 1413 107 113 275
124 1121 578 26 55 242
124 1169 538 38 60 256
124 1178 1533 157 142 316
124 1199 1430 499 291 610
125 81 1255 147 121 322
125 92 40 57 95 299
125 95 130 43 83 281
125 116 1320 171 134 339
125 178 905 182 108 373
125 197 991 103 89 294
125 199 690 174 88 375
125 354 525 154 88 366
125 560 657 129 77 336
125 564 848 145 93 341
125 593 179 88 93 321
125 1019 340 124 92 347
125 1021 1244 363 206 513
125 1035 1358 91 104 263
125 1121 499 26 58 245
125 1169 456 36 63 258
125 1178 1439 133 125 298
125 1199 1321 431 245 564
126 81 1255 147 121 322
126 95 15 40 92 284
126 116 1320 171 134 339
126 178 905 182 108 373
126 197 991 103 89 294
126 199 690 174 88 375
126 354 525 154 88 366
126 560 656 128 76 335
126 564 848 145 93 341
126 593 178 79 90 312
126 1019 348 112 89 337
126 1021 1184 356 196 510
126 1035 1307 78 96 253
126 1121 432 26 62 248
126 1169 383 34 67 260
126 1178 1379 117 115 286
126 1199 1151 400 209 547
127 81 1255 147 121 322
127 116 1320 171 134 339
127 178 905 182 108 373
127 197 991 103 89 294
127 199 690 174 88 375
127 354 525 154 88 366
127 560 657 132 78 339
127 564 848 145 93 341
127 593 176 68 88 303
127 1019 329 106 89 330
127 1021 1065 352 181 512
127 1035 1261 65 89 243
127 1121 356 25 66 252
127 1169 311 34 71 264
127 1178 1327 102 107 275
127 1199 1063 375 189 531
128 81 1249 147 120 321
128 116 1311 169 133 338
128 178 905 182 108 373
128 197 991 103 89 294
128 199 690 174 88 375
128 354 525 154 88 366
128 560 662 132 78 339
128 564 848 145 93 341
128 593 198 61 84 295
128 1019 357 96 84 319
128 1021 930 319 153 492
128 1035 1225 54 83 234
128 1169 225 35 75 268
128 1178 1280 88 99 264
128 1199 911 366 165 530
129 81 1249 147 120 321
129 116 1311 169 133 338
129 178 905 182 108 373
129 197 991 103 89 294
129 199 690 174 88 375
129 354 525 154 88 366
129 560 670 128 76 334
129 564 848 145 93 341
129 593 247 51 79 283
129 1019 365 94 83 318
129 1021 780 295 128 479
129 1035 1185 43 77 226
129 1121 175 24 74 260
129 1169 160 35 79 272
129 1178 1220 75 91 255
129 1199 727 346 136 525
130 81 1249 147 120 321
130 116 1311 169 133 338
130 178 905 182 108 373
130 197 991 103 89 294
130 199 690 174 88 375
130 354 525 154 88 366
130 564 848 145 93 341
130 593 255 50 78 282
130 1019 356 88 82 312
130 1021 596 280 113 474
130 1035 1165 34 74 218
130 1121 98 26 80 266
130 1169 70 35 85 277
130 1178 1168 59 83 242
130 1199 546 312 123 504
131 81 1249 147 120 321
131 116 1310 170 133 339
131 178 905 182 108 373
131 197 991 103 89 294
131 199 690 174 88 375
131 354 525 154 88 366
131 560 648 129 77 336
131 564 848 145 93 341
131 593 253 44 76 276
131 1019 356 88 82 312
131 1021 354 264 128 472
131 1035 1134 26 70 211
131 1121 12 28 88 271
131 1169 -18 35 93 282
131 1178 1136 48 77 234
131 1199 258 308 147 515
132 81 1249 147 120 321
132 116 1317 170 134 338
132 178 905 182 108 373
132 197 991 103 89 294
132 199 690 174 88 375
132 354 525 154 88 366
132 560 656 128 76 335
132 564 848 145 93 341
132 593 309 31 69 260
132 1019 365 81 79 305
132 1021 154 247 140 466
132 1035 1135 21 68 206
132 1178 1112 39 74 225
132 1199 40 302 170 519
133 81 1249 147 120 321
133 116 1317 170 134 338
133 178 905 182 108 373
133 197 991 103 89 294
133 199 690 174 88 375
133 354 525 154 88 366
133 560 677 126 76 332
133 564 840 144 92 339
133 593 308 30 69 259
133 1019 349 85 82 310
133 1021 4 240 156 468
133 1178 1100 31 70 218
