1002,1,1616,361,178,376,1,1,1
1003,1,1616,361,187,377,1,1,1
1004,1,1617,360,195,378,1,1,1
1005,1,1617,360,204,379,1,1,1
1006,1,1616,359,212,379,1,1,1
1007,1,1623,359,207,373,1,1,1
1008,1,1629,357,202,368,1,1,1
1009,1,1635,356,197,362,1,1,1
1010,1,1641,355,192,356,1,1,1
1011,1,1647,353,186,350,1,1,1
1012,1,1653,351,180,355,1,1,1
1013,1,1659,349,173,359,1,1,1
1014,1,1664,347,167,364,1,1,1
1015,1,1670,344,160,369,1,1,1
1016,1,1675,342,153,373,1,1,1
1031,1,1720,326,139,367,1,1,1
1032,1,1723,327,135,366,1,1,1
1033,1,1725,328,132,366,1,1,1
1034,1,1727,329,128,365,1,1,1
1035,1,1730,330,123,364,1,1,1
1036,1,1732,331,119,363,1,1,1
1037,1,1734,330,118,364,1,1,1
1038,1,1736,330,116,363,1,1,1
1039,1,1738,329,114,363,1,1,1
1040,1,1739,328,113,364,1,1,1
1041,1,1741,327,111,363,1,1,1
1042,1,1741,327,112,361,1,1,1
1043,1,1742,326,112,360,1,1,1
1044,1,1742,325,112,359,1,1,1
1045,1,1742,324,113,357,1,1,1
1046,1,1742,322,113,355,1,1,1
1047,1,1742,322,117,354,1,1,1
1048,1,1742,322,119,350,1,1,1
1049,1,1742,321,122,348,1,1,1
1050,1,1741,321,125,345,1,1,1
1051,1,1741,320,127,342,1,1,1
1052,1,1742,320,133,342,1,1,1
1053,1,1742,321,140,341,1,1,1
1054,1,1743,321,145,341,1,1,1
1055,1,1743,321,152,341,1,1,1
1056,1,1743,321,157,340,1,1,1
1057,1,1746,319,156,342,1,1,1
1058,1,1747,317,156,344,1,1,1
1059,1,1749,316,154,344,1,1,1
1060,1,1751,314,153,346,1,1,1
1061,1,1753,312,151,346,1,1,1
1062,1,1756,312,148,346,1,1,1
1063,1,1758,311,145,346,1,1,1
1064,1,1761,311,141,346,1,1,1
1065,1,1764,310,137,346,1,1,1
1066,1,1766,309,133,345,1,1,1
1067,1,1769,308,131,346,1,1,1
1068,1,1772,305,127,347,1,1,1
1069,1,1775,303,124,348,1,1,1
1070,1,1777,301,122,348,1,1,1
1071,1,1780,298,118,349,1,1,1
1072,1,1782,298,117,348,1,1,1
1073,1,1783,297,116,348,1,1,1
1074,1,1785,296,114,348,1,1,1
1075,1,1786,295,113,347,1,1,1
1076,1,1787,294,111,346,1,1,1
1077,1,1788,294,112,345,1,1,1
1078,1,1788,293,113,344,1,1,1
1079,1,1789,292,113,343,1,1,1
1080,1,1789,292,114,341,1,1,1
1081,1,1789,290,114,340,1,1,1
1082,1,1789,291,115,341,1,1,1
1083,1,1789,291,113,341,1,1,1
1084,1,1789,291,112,341,1,1,1
1085,1,1788,291,112,342,1,1,1
1086,1,1787,290,111,342,1,1,1
1087,1,1787,292,110,341,1,1,1
1088,1,1787,292,108,341,1,1,1
1089,1,1786,293,107,340,1,1,1
1090,1,1785,293,106,340,1,1,1
1091,1,1784,293,104,339,1,1,1
1092,1,1785,293,104,341,1,1,1
1093,1,1785,293,103,342,1,1,1
1094,1,1785,292,102,344,1,1,1
1095,1,1785,292,101,345,1,1,1
1096,1,1785,291,100,347,1,1,1
1097,1,1784,291,100,347,1,1,1
1098,1,1783,292,101,347,1,1,1
1099,1,1782,292,101,347,1,1,1
1100,1,1782,292,100,347,1,1,1
1101,1,1780,292,100,346,1,1,1
1102,1,1779,293,102,347,1,1,1
1103,1,1777,293,103,347,1,1,1
1104,1,1776,293,102,347,1,1,1
1105,1,1774,294,103,346,1,1,1
1106,1,1772,293,104,346,1,1,1
1107,1,1771,294,102,346,1,1,1
1108,1,1770,293,100,346,1,1,1
1109,1,1768,293,99,346,1,1,1
1110,1,1767,293,97,346,1,1,1
1111,1,1765,292,94,345,1,1,1
1112,1,1765,293,92,345,1,1,1
1113,1,1763,293,91,345,1,1,1
1114,1,1762,293,89,344,1,1,1
1115,1,1760,293,87,344,1,1,1
1116,1,1758,293,85,343,1,1,1
1117,1,1753,294,92,343,1,1,1
1118,1,1747,294,98,344,1,1,1
1119,1,1741,295,105,343,1,1,1
1120,1,1735,295,111,344,1,1,1
1121,1,1728,295,118,343,1,1,1
1122,1,1728,296,119,345,1,1,1
1123,1,1728,296,118,346,1,1,1
1124,1,1727,296,119,347,1,1,1
1125,1,1726,297,120,347,1,1,1
1126,1,1725,296,119,348,1,1,1
1127,1,1726,297,119,349,1,1,1
1128,1,1726,296,119,350,1,1,1
1129,1,1725,296,119,351,1,1,1
1130,1,1725,296,119,351,1,1,1
1131,1,1725,296,118,351,1,1,1
1132,1,1721,296,123,352,1,1,1
1133,1,1717,296,127,352,1,1,1
1134,1,1713,296,131,352,1,1,1
1135,1,1709,296,136,352,1,1,1
1136,1,1705,296,139,351,1,1,1
1137,1,1697,297,147,351,1,1,1
1138,1,1689,297,154,352,1,1,1
1139,1,1682,297,161,352,1,1,1
1140,1,1674,297,168,352,1,1,1
1141,1,1665,297,175,351,1,1,1
1142,1,1667,297,172,351,1,1,1
1143,1,1668,298,168,350,1,1,1
1144,1,1669,298,165,349,1,1,1
1145,1,1670,298,161,348,1,1,1
1146,1,1671,298,157,347,1,1,1
1147,1,1660,299,165,346,1,1,1
1148,1,1650,299,171,346,1,1,1
1149,1,1639,299,178,346,1,1,1
1150,1,1628,300,186,344,1,1,1
1151,1,1617,300,192,344,1,1,1
1152,1,1621,299,188,344,1,1,1
1153,1,1624,298,184,345,1,1,1
1154,1,1628,298,180,344,1,1,1
1155,1,1631,297,176,344,1,1,1
1156,1,1634,295,171,344,1,1,1
1157,1,1637,298,170,343,1,1,1
1158,1,1639,299,168,343,1,1,1
1159,1,1641,301,166,341,1,1,1
1160,1,1643,302,165,340,1,1,1
1161,1,1644,304,163,338,1,1,1
1162,1,1644,304,164,340,1,1,1
1163,1,1644,303,163,341,1,1,1
1164,1,1644,303,163,342,1,1,1
1165,1,1643,302,164,344,1,1,1
1166,1,1642,302,163,344,1,1,1
1167,1,1643,301,164,346,1,1,1
1168,1,1643,300,164,347,1,1,1
1169,1,1643,298,164,349,1,1,1
1170,1,1643,297,165,350,1,1,1
1171,1,1642,295,165,351,1,1,1
1172,1,1644,296,166,351,1,1,1
1173,1,1646,297,166,350,1,1,1
1174,1,1648,297,166,350,1,1,1
1175,1,1649,298,167,349,1,1,1
1176,1,1651,297,167,348,1,1,1
1177,1,1654,298,166,350,1,1,1
1178,1,1657,298,164,351,1,1,1
1179,1,1660,298,162,351,1,1,1
1180,1,1662,298,161,352,1,1,1
1181,1,1665,297,159,353,1,1,1
1182,1,1670,297,155,355,1,1,1
1183,1,1675,296,150,357,1,1,1
1184,1,1680,294,146,361,1,1,1
1185,1,1685,293,141,363,1,1,1
1186,1,1689,291,136,365,1,1,1
1187,1,1695,293,135,363,1,1,1
1188,1,1700,294,134,362,1,1,1
1189,1,1704,296,134,359,1,1,1
1190,1,1709,297,132,357,1,1,1
1191,1,1714,297,130,355,1,1,1
1192,1,1719,297,130,357,1,1,1
1193,1,1723,296,130,360,1,1,1
1194,1,1728,294,129,363,1,1,1
1195,1,1732,293,129,365,1,1,1
1196,1,1736,291,128,367,1,1,1
1197,1,1737,292,130,369,1,1,1
1198,1,1737,293,131,370,1,1,1
1199,1,1737,293,132,372,1,1,1
1200,1,1737,293,133,374,1,1,1
1201,1,1736,293,134,375,1,1,1
1202,1,1738,295,134,374,1,1,1
1203,1,1740,296,133,374,1,1,1
1204,1,1742,298,132,372,1,1,1
1205,1,1743,299,132,371,1,1,1
1206,1,1744,300,131,369,1,1,1
1207,1,1745,300,130,368,1,1,1
1208,1,1745,301,129,364,1,1,1
1209,1,1746,301,127,362,1,1,1
1210,1,1746,302,126,359,1,1,1
1211,1,1745,302,124,356,1,1,1
1231,1,1772,292,200,387,1,1,1
1232,1,1777,292,197,390,1,1,1
1233,1,1781,292,195,392,1,1,1
1234,1,1786,291,191,394,1,1,1
1235,1,1790,290,189,396,1,1,1
1236,1,1794,289,185,398,1,1,1
1237,1,1801,288,180,401,1,1,1
1238,1,1807,286,174,403,1,1,1
1239,1,1813,285,169,405,1,1,1
1240,1,1819,283,164,408,1,1,1
1241,1,1825,281,157,410,1,1,1
1242,1,1832,280,154,412,1,1,1
1243,1,1838,279,151,413,1,1,1
1244,1,1844,279,147,413,1,1,1
1245,1,1851,278,143,414,1,1,1
1246,1,1856,276,140,415,1,1,1
1247,1,1861,277,139,419,1,1,1
1248,1,1865,278,139,420,1,1,1
1249,1,1870,278,137,423,1,1,1
1250,1,1874,279,137,425,1,1,1
1251,1,1878,279,136,427,1,1,1
1252,1,1884,283,138,428,1,1,1
1253,1,1889,287,141,427,1,1,1
1254,1,1894,291,144,427,1,1,1
1255,1,1899,295,147,426,1,1,1
1256,1,1904,299,149,425,1,1,1
1257,1,1909,302,152,427,1,1,1
1258,1,1913,306,155,428,1,1,1
1259,1,1918,309,157,430,1,1,1
1260,1,1922,312,160,431,1,1,1
1261,1,1926,315,162,432,1,1,1
1262,1,1931,318,161,434,1,1,1
1263,1,1935,320,160,437,1,1,1
1264,1,1938,322,161,440,1,1,1
1265,1,1942,325,160,441,1,1,1
1266,1,1946,326,158,444,1,1,1
1267,1,1949,328,158,444,1,1,1
1268,1,1952,330,157,444,1,1,1
1269,1,1955,331,156,444,1,1,1
1270,1,1958,333,155,443,1,1,1
1271,1,1961,333,153,443,1,1,1
1272,1,1964,334,158,443,1,1,1
1273,1,1966,334,164,444,1,1,1
1274,1,1968,334,169,444,1,1,1
1275,1,1970,334,175,444,1,1,1
1276,1,1972,333,180,444,1,1,1
1277,1,1973,333,194,446,1,1,1
1278,1,1974,332,206,448,1,1,1
1279,1,1976,331,218,450,1,1,1
1280,1,1977,330,231,452,1,1,1
1281,1,1977,328,244,453,1,1,1
1282,1,1979,328,246,454,1,1,1
1283,1,1981,326,247,454,1,1,1
1284,1,1982,325,248,454,1,1,1
1285,1,1983,324,250,454,1,1,1
1286,1,1984,322,250,454,1,1,1
1287,1,1989,320,245,458,1,1,1
1288,1,1993,318,239,462,1,1,1
1289,1,1996,316,234,465,1,1,1
1290,1,2000,314,228,468,1,1,1
1291,1,2003,311,222,471,1,1,1
1292,1,2008,309,217,475,1,1,1
1293,1,2013,306,211,479,1,1,1
1294,1,2017,303,206,484,1,1,1
1295,1,2022,300,200,488,1,1,1
1296,1,2026,296,195,492,1,1,1
1297,1,2029,294,193,493,1,1,1
1298,1,2032,291,191,495,1,1,1
1299,1,2035,288,188,497,1,1,1
1300,1,2038,286,186,497,1,1,1
1301,1,2040,282,183,499,1,1,1
1302,1,2043,282,184,500,1,1,1
1303,1,2045,281,184,501,1,1,1
1304,1,2047,280,184,502,1,1,1
1305,1,2049,279,184,503,1,1,1
1306,1,2050,278,184,503,1,1,1
1307,1,2051,277,186,507,1,1,1
1308,1,2052,276,185,510,1,1,1
1309,1,2052,275,186,513,1,1,1
1310,1,2053,273,186,517,1,1,1
1311,1,2053,272,186,519,1,1,1
1312,1,2053,272,187,522,1,1,1
1313,1,2053,272,188,523,1,1,1
1314,1,2053,272,188,525,1,1,1
1315,1,2053,272,188,527,1,1,1
1316,1,2052,272,188,528,1,1,1
1317,1,2053,271,189,532,1,1,1
1318,1,2053,270,189,535,1,1,1
1319,1,2053,269,190,538,1,1,1
1320,1,2053,268,190,541,1,1,1
1321,1,2052,267,190,543,1,1,1
1322,1,2052,266,193,543,1,1,1
1323,1,2051,264,195,544,1,1,1
1324,1,2050,263,197,544,1,1,1
1325,1,2049,262,199,544,1,1,1
1326,1,2047,260,201,544,1,1,1
1327,1,2046,260,207,545,1,1,1
1328,1,2045,259,213,545,1,1,1
1329,1,2044,258,218,546,1,1,1
1330,1,2042,257,224,547,1,1,1
1331,1,2040,256,229,546,1,1,1
1332,1,2041,256,225,549,1,1,1
1333,1,2042,256,219,552,1,1,1
1334,1,2042,256,215,554,1,1,1
1335,1,2042,256,211,556,1,1,1
1336,1,2042,255,205,558,1,1,1
1337,1,2043,255,205,563,1,1,1
1338,1,2044,255,204,567,1,1,1
1339,1,2045,255,204,571,1,1,1
1340,1,2045,254,204,576,1,1,1
1341,1,2045,254,203,580,1,1,1
1342,1,2047,252,202,586,1,1,1
1343,1,2047,250,202,591,1,1,1
1344,1,2048,247,201,597,1,1,1
1345,1,2049,245,200,602,1,1,1
1346,1,2050,242,198,607,1,1,1
1347,1,2050,241,199,609,1,1,1
1348,1,2049,240,200,610,1,1,1
1349,1,2049,238,200,613,1,1,1
1350,1,2048,237,201,614,1,1,1
1351,1,2047,235,201,615,1,1,1
1352,1,2046,236,201,615,1,1,1
1353,1,2044,237,202,615,1,1,1
1354,1,2042,237,202,615,1,1,1
1355,1,2040,238,202,615,1,1,1
1356,1,2037,238,202,614,1,1,1
1357,1,2032,240,205,618,1,1,1
1358,1,2026,242,208,621,1,1,1
1359,1,2021,244,210,623,1,1,1
1360,1,2015,246,212,626,1,1,1
1361,1,2009,247,214,628,1,1,1
1362,1,2002,252,218,629,1,1,1
1363,1,1995,256,222,630,1,1,1
1364,1,1988,260,225,631,1,1,1
1365,1,1981,264,229,631,1,1,1
1366,1,1973,267,233,632,1,1,1
1367,1,1968,269,236,632,1,1,1
1368,1,1963,270,238,633,1,1,1
1369,1,1958,271,240,633,1,1,1
1370,1,1953,272,242,634,1,1,1
1371,1,1947,272,244,634,1,1,1
1372,1,1941,275,244,633,1,1,1
1373,1,1934,277,243,631,1,1,1
1374,1,1927,280,242,628,1,1,1
1375,1,1920,282,241,627,1,1,1
1376,1,1913,284,239,624,1,1,1
1377,1,1909,285,232,629,1,1,1
1378,1,1904,286,225,633,1,1,1
1379,1,1899,288,218,635,1,1,1
1380,1,1894,289,212,639,1,1,1
1381,1,1889,289,204,642,1,1,1
1382,1,1887,291,202,647,1,1,1
1383,1,1885,292,199,652,1,1,1
1384,1,1882,293,197,657,1,1,1
1385,1,1880,295,194,661,1,1,1
1386,1,1877,295,191,665,1,1,1
1387,1,1875,297,190,669,1,1,1
1388,1,1873,298,187,673,1,1,1
1389,1,1870,298,186,678,1,1,1
1390,1,1868,299,183,682,1,1,1
1391,1,1865,300,181,685,1,1,1
1392,1,1863,299,183,687,1,1,1
1393,1,1860,298,185,689,1,1,1
1394,1,1858,296,186,691,1,1,1
1395,1,1856,295,188,692,1,1,1
1396,1,1853,293,189,693,1,1,1
1397,1,1848,293,188,696,1,1,1
1398,1,1843,292,186,697,1,1,1
1399,1,1838,291,184,699,1,1,1
1400,1,1833,291,182,700,1,1,1
1401,1,1828,289,179,702,1,1,1
1402,1,1824,291,183,700,1,1,1
1403,1,1819,292,187,699,1,1,1
1404,1,1814,293,190,698,1,1,1
1405,1,1809,295,194,695,1,1,1
1406,1,1804,295,197,693,1,1,1
1407,1,1787,297,213,695,1,1,1
1408,1,1771,298,228,696,1,1,1
1409,1,1754,298,243,698,1,1,1
1410,1,1737,299,259,699,1,1,1
1411,1,1720,300,273,700,1,1,1
1412,1,1718,301,276,702,1,1,1
1413,1,1715,302,280,704,1,1,1
1414,1,1712,304,283,705,1,1,1
1415,1,1709,305,287,706,1,1,1
1416,1,1706,306,289,708,1,1,1
1417,1,1707,307,287,710,1,1,1
1418,1,1707,309,285,711,1,1,1
1419,1,1707,310,283,713,1,1,1
1420,1,1708,311,280,715,1,1,1
1421,1,1708,312,277,716,1,1,1
1422,1,1703,313,275,716,1,1,1
1423,1,1698,314,272,715,1,1,1
1424,1,1693,315,269,714,1,1,1
1425,1,1689,316,266,713,1,1,1
1426,1,1683,316,263,712,1,1,1
1427,1,1680,318,252,712,1,1,1
1428,1,1676,321,241,711,1,1,1
1429,1,1672,323,230,711,1,1,1
1430,1,1668,325,219,711,1,1,1
1431,1,1663,327,208,710,1,1,1
1432,1,1659,328,203,721,1,1,1
1433,1,1655,328,198,732,1,1,1
1434,1,1650,328,194,743,1,1,1
1435,1,1646,329,188,753,1,1,1
1436,1,1641,329,183,763,1,1,1
1437,1,1632,332,193,764,1,1,1
1438,1,1623,334,202,765,1,1,1
1439,1,1615,337,210,765,1,1,1
1440,1,1606,339,219,766,1,1,1
1441,1,1596,341,227,767,1,1,1
1442,1,1592,342,232,769,1,1,1
1443,1,1588,342,235,772,1,1,1
1444,1,1583,343,238,773,1,1,1
1445,1,1579,343,241,776,1,1,1
1446,1,1573,343,245,778,1,1,1
1447,1,1569,343,243,779,1,1,1
1448,1,1564,342,241,780,1,1,1
1449,1,1559,341,239,781,1,1,1
1450,1,1554,340,238,782,1,1,1
1451,1,1549,338,235,783,1,1,1
1452,1,1543,340,228,783,1,1,1
1453,1,1537,341,219,783,1,1,1
1454,1,1532,341,210,783,1,1,1
1455,1,1526,342,202,783,1,1,1
1456,1,1519,343,194,782,1,1,1
1457,1,1507,345,206,781,1,1,1
1458,1,1495,347,218,779,1,1,1
1459,1,1483,349,230,778,1,1,1
1460,1,1470,350,243,777,1,1,1
1461,1,1457,352,254,775,1,1,1
1462,1,1444,354,268,773,1,1,1
1463,1,1430,356,282,770,1,1,1
1464,1,1416,358,296,768,1,1,1
1465,1,1403,360,309,765,1,1,1
1466,1,1388,362,323,762,1,1,1
1467,1,1388,365,324,760,1,1,1
1468,1,1386,368,325,758,1,1,1
1469,1,1385,371,325,756,1,1,1
1470,1,1384,373,325,754,1,1,1
1471,1,1382,376,326,751,1,1,1
1472,1,1378,377,327,751,1,1,1
1473,1,1374,379,328,750,1,1,1
1474,1,1370,380,329,749,1,1,1
1475,1,1366,381,330,749,1,1,1
1476,1,1362,382,330,747,1,1,1
1477,1,1353,385,324,744,1,1,1
1478,1,1345,387,316,742,1,1,1
1479,1,1336,390,310,738,1,1,1
1480,1,1327,392,303,735,1,1,1
1481,1,1318,394,295,731,1,1,1
1482,1,1311,395,280,741,1,1,1
1483,1,1303,396,265,749,1,1,1
1484,1,1296,396,249,759,1,1,1
1485,1,1288,396,233,768,1,1,1
1486,1,1280,396,217,776,1,1,1
1487,1,1270,398,227,775,1,1,1
1488,1,1259,400,237,772,1,1,1
1489,1,1249,401,246,771,1,1,1
1490,1,1238,403,256,769,1,1,1
1491,1,1227,404,265,767,1,1,1
1492,1,1225,406,269,765,1,1,1
1493,1,1223,409,271,761,1,1,1
1494,1,1220,411,275,758,1,1,1
1495,1,1218,413,278,756,1,1,1
1496,1,1215,415,281,752,1,1,1
1497,1,1204,416,291,753,1,1,1
1498,1,1192,417,301,752,1,1,1
1499,1,1181,418,310,752,1,1,1
1500,1,1169,419,320,751,1,1,1
1002,2,1245,470,125,257,1,1,1
1003,2,1249,469,130,258,1,1,1
1004,2,1253,468,135,259,1,1,1
1005,2,1257,466,140,261,1,1,1
1006,2,1260,465,145,262,1,1,1
1007,2,1264,464,143,261,1,1,1
1008,2,1268,462,141,261,1,1,1
1009,2,1272,461,138,260,1,1,1
1010,2,1275,459,136,260,1,1,1
1011,2,1278,457,133,258,1,1,1
1012,2,1282,456,130,259,1,1,1
1013,2,1285,454,127,260,1,1,1
1014,2,1287,452,126,261,1,1,1
1015,2,1290,450,123,262,1,1,1
1016,2,1293,448,119,262,1,1,1
1017,2,1297,446,115,263,1,1,1
1018,2,1300,445,112,262,1,1,1
1019,2,1304,443,107,262,1,1,1
1020,2,1307,441,104,262,1,1,1
1021,2,1310,439,100,262,1,1,1
1022,2,1314,438,103,262,1,1,1
1023,2,1317,437,107,262,1,1,1
1024,2,1320,436,111,262,1,1,1
1025,2,1322,435,115,262,1,1,1
1026,2,1325,433,118,262,1,1,1
1027,2,1330,433,119,262,1,1,1
1028,2,1334,434,120,261,1,1,1
1029,2,1338,434,121,260,1,1,1
1030,2,1342,434,122,260,1,1,1
1031,2,1345,433,122,259,1,1,1
1032,2,1349,434,122,259,1,1,1
1033,2,1352,435,121,257,1,1,1
1034,2,1355,436,120,255,1,1,1
1035,2,1358,436,120,255,1,1,1
1036,2,1361,436,118,253,1,1,1
1037,2,1364,434,115,256,1,1,1
1038,2,1367,432,112,257,1,1,1
1039,2,1370,430,108,259,1,1,1
1040,2,1372,428,106,260,1,1,1
1041,2,1375,425,101,262,1,1,1
1042,2,1377,425,101,263,1,1,1
1043,2,1380,424,98,263,1,1,1
1044,2,1382,423,97,263,1,1,1
1045,2,1384,423,95,263,1,1,1
1046,2,1386,422,93,263,1,1,1
1047,2,1388,422,103,262,1,1,1
1048,2,1390,421,111,262,1,1,1
1049,2,1392,421,120,262,1,1,1
1050,2,1394,421,129,261,1,1,1
1051,2,1396,420,137,260,1,1,1
1052,2,1399,420,139,261,1,1,1
1053,2,1402,419,140,262,1,1,1
1054,2,1405,418,141,263,1,1,1
1055,2,1408,418,142,263,1,1,1
1056,2,1411,416,142,264,1,1,1
1057,2,1414,414,139,267,1,1,1
1058,2,1417,412,136,268,1,1,1
1059,2,1420,409,133,271,1,1,1
1060,2,1423,406,130,273,1,1,1
1061,2,1426,403,126,274,1,1,1
1062,2,1429,402,123,275,1,1,1
1063,2,1432,400,120,276,1,1,1
1064,2,1434,399,117,275,1,1,1
1065,2,1437,397,113,276,1,1,1
1066,2,1439,395,109,276,1,1,1
1067,2,1441,395,107,277,1,1,1
1068,2,1443,395,104,277,1,1,1
1069,2,1445,394,101,278,1,1,1
1070,2,1446,394,99,278,1,1,1
1071,2,1447,392,95,278,1,1,1
1072,2,1449,393,99,277,1,1,1
1073,2,1451,393,101,276,1,1,1
1074,2,1452,393,104,275,1,1,1
1075,2,1454,393,107,273,1,1,1
1076,2,1454,392,109,271,1,1,1
1077,2,1456,392,109,273,1,1,1
1078,2,1457,392,109,274,1,1,1
1079,2,1458,391,109,275,1,1,1
1080,2,1459,391,108,276,1,1,1
1081,2,1460,389,107,277,1,1,1
1082,2,1461,389,107,278,1,1,1
1083,2,1462,387,105,280,1,1,1
1084,2,1463,386,104,280,1,1,1
1085,2,1464,385,102,281,1,1,1
1086,2,1464,383,101,282,1,1,1
1087,2,1465,383,106,283,1,1,1
1088,2,1466,383,109,283,1,1,1
1089,2,1467,383,113,282,1,1,1
1090,2,1468,383,117,282,1,1,1
1091,2,1469,382,120,281,1,1,1
1092,2,1470,382,125,282,1,1,1
1093,2,1471,381,129,283,1,1,1
1094,2,1472,380,134,284,1,1,1
1095,2,1473,379,138,284,1,1,1
1096,2,1474,378,143,285,1,1,1
1097,2,1476,378,142,286,1,1,1
1098,2,1477,378,142,287,1,1,1
1099,2,1479,377,140,289,1,1,1
1100,2,1481,377,139,290,1,1,1
1101,2,1482,377,138,290,1,1,1
1102,2,1484,376,137,292,1,1,1
1103,2,1485,376,135,292,1,1,1
1104,2,1486,375,134,294,1,1,1
1105,2,1487,374,132,295,1,1,1
1106,2,1488,373,129,295,1,1,1
1107,2,1491,372,128,297,1,1,1
1108,2,1494,371,125,298,1,1,1
1109,2,1497,370,123,300,1,1,1
1110,2,1499,369,121,301,1,1,1
1111,2,1502,368,118,302,1,1,1
1112,2,1505,367,116,305,1,1,1
1113,2,1508,367,112,307,1,1,1
1114,2,1511,366,109,309,1,1,1
1115,2,1514,365,106,312,1,1,1
1116,2,1516,364,103,314,1,1,1
1117,2,1519,365,107,313,1,1,1
1118,2,1522,365,109,313,1,1,1
1119,2,1525,365,112,312,1,1,1
1120,2,1528,366,115,311,1,1,1
1121,2,1530,365,117,310,1,1,1
1122,2,1535,366,122,309,1,1,1
1123,2,1540,366,126,308,1,1,1
1124,2,1544,366,131,306,1,1,1
1125,2,1548,366,136,305,1,1,1
1126,2,1552,366,140,303,1,1,1
1127,2,1556,364,140,305,1,1,1
1128,2,1560,363,138,306,1,1,1
1129,2,1563,361,137,308,1,1,1
1130,2,1566,360,136,309,1,1,1
1131,2,1569,357,134,311,1,1,1
1132,2,1573,356,131,313,1,1,1
1133,2,1576,354,129,315,1,1,1
1134,2,1579,352,126,318,1,1,1
1135,2,1582,350,124,320,1,1,1
1136,2,1585,348,121,321,1,1,1
1137,2,1589,347,124,323,1,1,1
1138,2,1593,345,128,325,1,1,1
1139,2,1597,344,131,326,1,1,1
1140,2,1601,343,134,327,1,1,1
1141,2,1604,341,137,328,1,1,1
1142,2,1606,340,131,329,1,1,1
1143,2,1608,339,125,329,1,1,1
1144,2,1609,338,119,329,1,1,1
1145,2,1611,337,112,329,1,1,1
1146,2,1612,335,106,328,1,1,1
1147,2,1614,336,119,329,1,1,1
1148,2,1615,336,132,330,1,1,1
1149,2,1617,336,144,330,1,1,1
1150,2,1618,335,157,331,1,1,1
1151,2,1619,335,169,331,1,1,1
1152,2,1621,335,165,330,1,1,1
1153,2,1622,334,162,329,1,1,1
1154,2,1623,334,158,327,1,1,1
1155,2,1624,333,154,326,1,1,1
1156,2,1624,332,151,324,1,1,1
1157,2,1626,333,149,323,1,1,1
1158,2,1628,333,146,322,1,1,1
1159,2,1629,333,144,320,1,1,1
1160,2,1631,333,141,319,1,1,1
1161,2,1632,332,138,318,1,1,1
1162,2,1633,333,138,318,1,1,1
1163,2,1633,333,138,319,1,1,1
1164,2,1633,333,137,319,1,1,1
1165,2,1633,333,137,320,1,1,1
1166,2,1632,332,136,320,1,1,1
1167,2,1633,333,138,320,1,1,1
1168,2,1633,334,140,319,1,1,1
1169,2,1633,335,141,318,1,1,1
1170,2,1633,336,143,317,1,1,1
1171,2,1632,336,144,316,1,1,1
1172,2,1633,336,146,318,1,1,1
1173,2,1633,336,148,319,1,1,1
1174,2,1633,336,149,320,1,1,1
1175,2,1633,335,151,321,1,1,1
1176,2,1632,334,153,322,1,1,1
1177,2,1631,336,159,323,1,1,1
1178,2,1630,336,164,325,1,1,1
1179,2,1629,337,169,326,1,1,1
1180,2,1628,338,174,327,1,1,1
1181,2,1626,338,179,328,1,1,1
1182,2,1627,339,177,328,1,1,1
1183,2,1627,339,174,328,1,1,1
1184,2,1628,339,171,327,1,1,1
1185,2,1628,339,168,327,1,1,1
1186,2,1628,338,165,326,1,1,1
1187,2,1624,340,160,327,1,1,1
1188,2,1620,341,153,328,1,1,1
1189,2,1616,342,147,329,1,1,1
1190,2,1612,344,141,329,1,1,1
1191,2,1608,344,134,330,1,1,1
1192,2,1604,346,138,329,1,1,1
1193,2,1601,347,141,328,1,1,1
1194,2,1597,349,145,325,1,1,1
1195,2,1593,350,148,324,1,1,1
1196,2,1589,351,151,322,1,1,1
1197,2,1587,352,152,322,1,1,1
1198,2,1584,353,154,322,1,1,1
1199,2,1581,355,155,321,1,1,1
1200,2,1578,356,156,321,1,1,1
1201,2,1575,357,157,320,1,1,1
1202,2,1574,358,148,319,1,1,1
1203,2,1572,359,139,318,1,1,1
1204,2,1571,360,129,317,1,1,1
1205,2,1569,361,121,316,1,1,1
1206,2,1567,362,111,314,1,1,1
1207,2,1566,364,112,314,1,1,1
1208,2,1564,366,113,312,1,1,1
1209,2,1562,367,113,312,1,1,1
1210,2,1560,369,114,310,1,1,1
1211,2,1557,370,115,309,1,1,1
1212,2,1555,372,118,308,1,1,1
1213,2,1552,374,121,307,1,1,1
1214,2,1549,375,125,306,1,1,1
1215,2,1547,377,127,305,1,1,1
1216,2,1543,378,130,304,1,1,1
1217,2,1541,378,130,303,1,1,1
1218,2,1538,378,130,302,1,1,1
1219,2,1535,378,130,301,1,1,1
1220,2,1533,377,129,300,1,1,1
1221,2,1529,377,128,298,1,1,1
1222,2,1525,377,125,299,1,1,1
1223,2,1521,376,121,301,1,1,1
1224,2,1516,376,117,301,1,1,1
1225,2,1512,376,113,301,1,1,1
1226,2,1507,375,109,301,1,1,1
1227,2,1505,376,107,302,1,1,1
1228,2,1503,377,104,302,1,1,1
1229,2,1501,378,102,302,1,1,1
1230,2,1499,379,99,302,1,1,1
1231,2,1496,379,97,302,1,1,1
1232,2,1492,380,102,301,1,1,1
1233,2,1487,381,106,299,1,1,1
1234,2,1482,382,111,297,1,1,1
1235,2,1477,383,116,295,1,1,1
1236,2,1471,384,120,293,1,1,1
1237,2,1471,386,122,293,1,1,1
1238,2,1470,387,123,294,1,1,1
1239,2,1469,389,124,294,1,1,1
1240,2,1467,390,126,295,1,1,1
1241,2,1466,391,126,294,1,1,1
1242,2,1463,393,126,294,1,1,1
1243,2,1460,394,125,293,1,1,1
1244,2,1457,395,124,292,1,1,1
1245,2,1454,396,123,291,1,1,1
1246,2,1450,396,123,290,1,1,1
1247,2,1448,399,120,290,1,1,1
1248,2,1446,401,117,289,1,1,1
1249,2,1444,402,114,289,1,1,1
1250,2,1442,404,110,289,1,1,1
1251,2,1439,406,107,287,1,1,1
1252,2,1438,412,109,286,1,1,1
1253,2,1437,417,111,285,1,1,1
1254,2,1436,423,112,283,1,1,1
1255,2,1434,428,114,282,1,1,1
1256,2,1433,433,115,279,1,1,1
1257,2,1433,440,118,278,1,1,1
1258,2,1433,445,120,278,1,1,1
1259,2,1434,451,122,276,1,1,1
1260,2,1434,457,124,274,1,1,1
1261,2,1433,462,126,273,1,1,1
1306,2,1290,495,121,261,1,1,1
1307,2,1285,496,124,261,1,1,1
1308,2,1280,496,127,262,1,1,1
1309,2,1275,497,130,262,1,1,1
1310,2,1270,497,132,262,1,1,1
1311,2,1264,497,135,262,1,1,1
1312,2,1261,496,132,263,1,1,1
1313,2,1257,495,129,263,1,1,1
1314,2,1253,494,126,263,1,1,1
1315,2,1249,493,123,263,1,1,1
1316,2,1244,491,120,262,1,1,1
1317,2,1240,491,116,264,1,1,1
1318,2,1236,490,110,265,1,1,1
1319,2,1232,490,104,265,1,1,1
1320,2,1227,489,99,266,1,1,1
1321,2,1223,488,93,266,1,1,1
1322,2,1219,489,97,267,1,1,1
1323,2,1215,489,100,269,1,1,1
1324,2,1210,490,105,269,1,1,1
1325,2,1206,490,108,270,1,1,1
1326,2,1202,490,111,270,1,1,1
1327,2,1199,491,114,271,1,1,1
1328,2,1195,491,117,272,1,1,1
1329,2,1192,491,119,273,1,1,1
1330,2,1188,491,123,274,1,1,1
1331,2,1184,491,125,274,1,1,1
1332,2,1181,491,124,274,1,1,1
1333,2,1178,490,122,275,1,1,1
1334,2,1174,490,120,274,1,1,1
1335,2,1171,490,118,274,1,1,1
1336,2,1167,489,116,273,1,1,1
1337,2,1163,490,111,273,1,1,1
1338,2,1158,490,107,273,1,1,1
1339,2,1154,490,101,272,1,1,1
1340,2,1149,491,97,271,1,1,1
1341,2,1144,491,91,270,1,1,1
1342,2,1140,492,95,271,1,1,1
1343,2,1136,492,97,273,1,1,1
1344,2,1132,493,100,274,1,1,1
1345,2,1127,493,104,276,1,1,1
1346,2,1122,493,106,277,1,1,1
1347,2,1119,494,109,279,1,1,1
1348,2,1115,495,112,279,1,1,1
1349,2,1112,495,114,281,1,1,1
1350,2,1108,496,117,281,1,1,1
1351,2,1104,496,119,282,1,1,1
1352,2,1100,496,120,283,1,1,1
1353,2,1095,497,120,282,1,1,1
1354,2,1090,497,121,283,1,1,1
1355,2,1086,497,120,283,1,1,1
1356,2,1080,497,120,282,1,1,1
1357,2,1078,499,122,282,1,1,1
1358,2,1076,500,123,281,1,1,1
1359,2,1073,501,125,281,1,1,1
1360,2,1070,502,127,281,1,1,1
1361,2,1067,503,128,280,1,1,1
1362,2,1067,505,129,280,1,1,1
1363,2,1066,506,130,281,1,1,1
1364,2,1065,508,131,280,1,1,1
1365,2,1064,509,132,281,1,1,1
1366,2,1063,511,132,280,1,1,1
1367,2,1064,512,131,281,1,1,1
1368,2,1064,512,131,283,1,1,1
1369,2,1065,513,130,283,1,1,1
1370,2,1066,513,129,285,1,1,1
1371,2,1066,513,129,285,1,1,1
1372,2,1067,514,129,286,1,1,1
1373,2,1069,514,127,287,1,1,1
1374,2,1070,514,126,287,1,1,1
1375,2,1071,514,125,288,1,1,1
1376,2,1072,514,123,288,1,1,1
1406,2,1077,508,187,306,1,1,1
1407,2,1078,507,190,304,1,1,1
1408,2,1079,507,191,302,1,1,1
1409,2,1080,506,193,300,1,1,1
1410,2,1081,505,194,298,1,1,1
1411,2,1081,504,195,295,1,1,1
1412,2,1082,503,196,298,1,1,1
1413,2,1083,502,195,300,1,1,1
1414,2,1084,502,195,302,1,1,1
1415,2,1085,501,194,304,1,1,1
1416,2,1085,500,193,306,1,1,1
1417,2,1090,499,190,306,1,1,1
1418,2,1094,498,186,306,1,1,1
1419,2,1098,498,182,306,1,1,1
1420,2,1102,497,178,306,1,1,1
1421,2,1106,495,173,306,1,1,1
1422,2,1110,494,170,307,1,1,1
1423,2,1114,493,166,307,1,1,1
1424,2,1118,491,163,309,1,1,1
1425,2,1122,489,159,310,1,1,1
1426,2,1126,487,155,310,1,1,1
1427,2,1134,488,148,309,1,1,1
1428,2,1142,488,140,309,1,1,1
1429,2,1149,489,134,307,1,1,1
1430,2,1157,489,126,307,1,1,1
1431,2,1164,489,118,305,1,1,1
1441,2,1193,484,131,304,1,1,1
1442,2,1195,483,130,306,1,1,1
1443,2,1197,481,128,308,1,1,1
1444,2,1198,480,126,309,1,1,1
1445,2,1200,478,124,311,1,1,1
1446,2,1201,476,121,312,1,1,1
1447,2,1205,476,125,313,1,1,1
1448,2,1209,476,129,313,1,1,1
1449,2,1213,476,132,313,1,1,1
1450,2,1217,476,135,312,1,1,1
1451,2,1221,475,137,312,1,1,1
1452,2,1225,475,146,314,1,1,1
1453,2,1229,474,154,315,1,1,1
1454,2,1233,473,163,317,1,1,1
1455,2,1237,473,171,317,1,1,1
1456,2,1240,471,179,318,1,1,1
1457,2,1245,471,178,319,1,1,1
1458,2,1250,469,175,321,1,1,1
1459,2,1254,468,174,322,1,1,1
1460,2,1259,467,172,323,1,1,1
1461,2,1263,465,170,324,1,1,1
1462,2,1268,464,166,325,1,1,1
1463,2,1272,462,162,326,1,1,1
1464,2,1276,461,158,326,1,1,1
1465,2,1280,459,154,327,1,1,1
1466,2,1284,457,150,326,1,1,1
1467,2,1288,456,145,328,1,1,1
1468,2,1292,454,140,329,1,1,1
1469,2,1296,452,134,330,1,1,1
1470,2,1300,450,129,331,1,1,1
1471,2,1304,448,122,332,1,1,1
1486,2,1369,437,150,315,1,1,1
1487,2,1373,435,149,317,1,1,1
1488,2,1377,433,148,319,1,1,1
1489,2,1381,432,146,319,1,1,1
1490,2,1386,430,143,321,1,1,1
1491,2,1389,427,142,322,1,1,1
1002,3,1103,502,149,320,1,1,1
1003,3,1108,499,143,321,1,1,1
1004,3,1114,497,136,321,1,1,1
1005,3,1119,495,130,321,1,1,1
1006,3,1124,492,124,321,1,1,1
1007,3,1128,491,124,322,1,1,1
1008,3,1131,490,124,322,1,1,1
1009,3,1134,489,124,322,1,1,1
1010,3,1138,488,124,322,1,1,1
1011,3,1141,486,123,321,1,1,1
1012,3,1144,486,127,322,1,1,1
1013,3,1147,485,129,322,1,1,1
1014,3,1149,484,133,322,1,1,1
1015,3,1152,482,135,323,1,1,1
1016,3,1154,481,138,322,1,1,1
1017,3,1158,480,137,323,1,1,1
1018,3,1162,478,134,324,1,1,1
1019,3,1165,477,132,324,1,1,1
1020,3,1169,475,130,325,1,1,1
1021,3,1172,473,127,324,1,1,1
1022,3,1175,472,125,322,1,1,1
1023,3,1178,471,123,319,1,1,1
1024,3,1182,469,119,317,1,1,1
1025,3,1185,467,116,315,1,1,1
1026,3,1187,465,114,312,1,1,1
1027,3,1190,466,118,311,1,1,1
1028,3,1193,465,120,311,1,1,1
1029,3,1195,465,124,310,1,1,1
1030,3,1198,465,127,309,1,1,1
1031,3,1200,464,130,308,1,1,1
1032,3,1204,465,135,308,1,1,1
1033,3,1207,465,140,308,1,1,1
1034,3,1211,465,144,308,1,1,1
1035,3,1214,465,149,308,1,1,1
1036,3,1217,464,153,308,1,1,1
1037,3,1221,465,152,308,1,1,1
1038,3,1224,464,152,308,1,1,1
1039,3,1227,464,151,308,1,1,1
1040,3,1231,463,149,309,1,1,1
1041,3,1234,462,148,308,1,1,1
1042,3,1237,461,145,307,1,1,1
1043,3,1240,460,142,306,1,1,1
1044,3,1243,459,138,304,1,1,1
1045,3,1246,457,135,303,1,1,1
1046,3,1249,455,130,302,1,1,1
1047,3,1252,454,128,300,1,1,1
1048,3,1254,452,127,299,1,1,1
1049,3,1256,451,125,297,1,1,1
1050,3,1258,449,123,296,1,1,1
1051,3,1260,447,120,293,1,1,1
1052,3,1261,447,119,294,1,1,1
1053,3,1262,447,116,294,1,1,1
1054,3,1262,446,115,295,1,1,1
1055,3,1263,446,113,295,1,1,1
1056,3,1263,445,111,295,1,1,1
1057,3,1265,444,109,296,1,1,1
1058,3,1267,443,107,297,1,1,1
1059,3,1269,443,104,296,1,1,1
1060,3,1271,442,102,297,1,1,1
1061,3,1272,440,100,297,1,1,1
1062,3,1273,440,99,298,1,1,1
1063,3,1274,439,98,298,1,1,1
1064,3,1275,438,96,299,1,1,1
1065,3,1276,437,95,299,1,1,1
1066,3,1277,436,92,298,1,1,1
1067,3,1277,436,93,298,1,1,1
1068,3,1277,436,92,296,1,1,1
1069,3,1277,436,92,295,1,1,1
1070,3,1277,435,91,295,1,1,1
1071,3,1277,435,90,292,1,1,1
1072,3,1279,434,90,291,1,1,1
1073,3,1280,433,90,290,1,1,1
1074,3,1281,432,91,288,1,1,1
1075,3,1282,431,91,286,1,1,1
1076,3,1283,429,91,284,1,1,1
1077,3,1284,430,96,283,1,1,1
1078,3,1284,429,101,283,1,1,1
1079,3,1284,429,106,283,1,1,1
1080,3,1285,429,111,282,1,1,1
1081,3,1285,429,115,280,1,1,1
1082,3,1287,429,119,281,1,1,1
1083,3,1290,429,122,281,1,1,1
1084,3,1292,428,125,282,1,1,1
1085,3,1294,428,129,282,1,1,1
1086,3,1295,427,132,282,1,1,1
1087,3,1298,426,130,283,1,1,1
1088,3,1301,425,128,282,1,1,1
1089,3,1304,424,125,282,1,1,1
1090,3,1306,423,124,281,1,1,1
1091,3,1309,421,121,281,1,1,1
1092,3,1311,420,119,281,1,1,1
1093,3,1313,419,116,279,1,1,1
1094,3,1316,417,113,279,1,1,1
1095,3,1318,416,110,277,1,1,1
1096,3,1320,414,108,277,1,1,1
1097,3,1322,414,106,276,1,1,1
1098,3,1324,413,104,276,1,1,1
1099,3,1327,413,101,275,1,1,1
1100,3,1329,412,99,274,1,1,1
1101,3,1331,411,96,273,1,1,1
1102,3,1333,412,96,273,1,1,1
1103,3,1336,412,95,272,1,1,1
1104,3,1338,412,95,271,1,1,1
1105,3,1340,412,95,271,1,1,1
1106,3,1342,412,94,269,1,1,1
1107,3,1344,412,95,270,1,1,1
1108,3,1346,411,95,272,1,1,1
1109,3,1348,410,95,273,1,1,1
1110,3,1350,409,95,274,1,1,1
1111,3,1351,408,95,275,1,1,1
1112,3,1352,407,95,276,1,1,1
1113,3,1353,407,94,276,1,1,1
1114,3,1353,406,94,277,1,1,1
1115,3,1354,405,93,278,1,1,1
1116,3,1354,404,92,278,1,1,1
1117,3,1354,404,93,279,1,1,1
1118,3,1353,404,95,279,1,1,1
1119,3,1352,404,96,280,1,1,1
1120,3,1351,404,97,280,1,1,1
1121,3,1350,403,97,280,1,1,1
1122,3,1349,403,99,281,1,1,1
1123,3,1347,403,101,281,1,1,1
1124,3,1345,403,103,281,1,1,1
1125,3,1344,403,104,281,1,1,1
1126,3,1342,402,105,280,1,1,1
1127,3,1341,403,107,281,1,1,1
1128,3,1340,403,108,282,1,1,1
1129,3,1338,404,110,282,1,1,1
1130,3,1337,404,111,283,1,1,1
1131,3,1335,404,112,282,1,1,1
1132,3,1335,405,114,282,1,1,1
1133,3,1334,405,115,282,1,1,1
1134,3,1333,405,116,283,1,1,1
1135,3,1332,404,118,284,1,1,1
1136,3,1331,404,118,283,1,1,1
1137,3,1332,405,119,282,1,1,1
1138,3,1333,405,120,281,1,1,1
1139,3,1333,405,121,281,1,1,1
1140,3,1334,406,121,279,1,1,1
1141,3,1334,405,122,278,1,1,1
1142,3,1331,406,125,280,1,1,1
1143,3,1328,406,127,282,1,1,1
1144,3,1324,407,130,283,1,1,1
1145,3,1321,407,132,284,1,1,1
1146,3,1317,407,134,285,1,1,1
1147,3,1321,406,131,287,1,1,1
1148,3,1323,405,129,288,1,1,1
1149,3,1326,404,126,288,1,1,1
1150,3,1329,403,124,289,1,1,1
1151,3,1332,401,120,290,1,1,1
1152,3,1328,401,124,293,1,1,1
1153,3,1323,400,128,296,1,1,1
1154,3,1319,400,132,298,1,1,1
1155,3,1315,399,135,301,1,1,1
1156,3,1310,397,138,304,1,1,1
1157,3,1297,398,153,303,1,1,1
1158,3,1283,399,168,301,1,1,1
1159,3,1270,399,181,299,1,1,1
1160,3,1256,400,196,297,1,1,1
1161,3,1242,400,210,295,1,1,1
1162,3,1246,400,206,297,1,1,1
1163,3,1249,399,202,299,1,1,1
1164,3,1253,399,198,299,1,1,1
1165,3,1256,398,194,301,1,1,1
1166,3,1259,397,189,302,1,1,1
1167,3,1262,398,187,303,1,1,1
1168,3,1264,398,186,304,1,1,1
1169,3,1267,398,183,304,1,1,1
1170,3,1269,398,182,305,1,1,1
1171,3,1271,397,179,306,1,1,1
1172,3,1273,398,178,307,1,1,1
1173,3,1274,399,177,307,1,1,1
1174,3,1275,399,176,308,1,1,1
1175,3,1276,400,175,307,1,1,1
1176,3,1277,400,173,308,1,1,1
1177,3,1277,400,175,309,1,1,1
1178,3,1277,399,176,310,1,1,1
1179,3,1276,399,177,310,1,1,1
1180,3,1276,398,178,312,1,1,1
1181,3,1275,397,179,312,1,1,1
1182,3,1278,398,180,313,1,1,1
1183,3,1280,399,181,312,1,1,1
1184,3,1282,399,182,312,1,1,1
1185,3,1284,400,183,312,1,1,1
1186,3,1285,400,183,312,1,1,1
1187,3,1286,400,190,312,1,1,1
1188,3,1287,400,195,311,1,1,1
1189,3,1287,400,201,311,1,1,1
1190,3,1287,400,207,311,1,1,1
1191,3,1287,400,212,310,1,1,1
1192,3,1290,400,211,309,1,1,1
1193,3,1293,400,209,308,1,1,1
1194,3,1295,400,207,307,1,1,1
1195,3,1298,400,205,305,1,1,1
1196,3,1300,400,204,304,1,1,1
1197,3,1310,400,195,305,1,1,1
1198,3,1320,400,187,306,1,1,1
1199,3,1331,400,177,307,1,1,1
1200,3,1341,400,168,307,1,1,1
1201,3,1351,400,159,308,1,1,1
1202,3,1353,401,157,309,1,1,1
1203,3,1355,403,155,309,1,1,1
1204,3,1358,404,152,309,1,1,1
1205,3,1360,406,149,309,1,1,1
1206,3,1361,407,147,309,1,1,1
1207,3,1367,409,142,310,1,1,1
1208,3,1372,410,137,312,1,1,1
1209,3,1376,411,134,313,1,1,1
1210,3,1381,412,129,315,1,1,1
1211,3,1386,413,123,315,1,1,1
1212,3,1383,414,128,316,1,1,1
1213,3,1379,414,132,318,1,1,1
1214,3,1375,415,136,318,1,1,1
1215,3,1372,415,140,319,1,1,1
1216,3,1368,415,144,319,1,1,1
1217,3,1365,415,144,320,1,1,1
1218,3,1363,414,144,320,1,1,1
1219,3,1360,414,144,320,1,1,1
1220,3,1357,413,144,320,1,1,1
1221,3,1354,412,143,320,1,1,1
1222,3,1354,413,139,321,1,1,1
1223,3,1353,414,135,322,1,1,1
1224,3,1352,414,131,323,1,1,1
1225,3,1351,415,127,324,1,1,1
1226,3,1350,415,122,324,1,1,1
1227,3,1350,416,124,327,1,1,1
1228,3,1349,417,125,328,1,1,1
1229,3,1348,417,127,330,1,1,1
1230,3,1348,418,127,332,1,1,1
1231,3,1346,418,128,333,1,1,1
1232,3,1346,417,129,336,1,1,1
1233,3,1344,416,130,338,1,1,1
1234,3,1343,415,129,340,1,1,1
1235,3,1342,414,129,342,1,1,1
1236,3,1340,413,129,343,1,1,1
1237,3,1341,413,126,345,1,1,1
1238,3,1342,414,122,345,1,1,1
1239,3,1343,414,119,345,1,1,1
1240,3,1344,414,115,346,1,1,1
1241,3,1345,414,110,346,1,1,1
1242,3,1343,417,113,347,1,1,1
1243,3,1341,419,114,348,1,1,1
1244,3,1340,421,115,350,1,1,1
1245,3,1338,423,117,351,1,1,1
1246,3,1335,425,118,351,1,1,1
1247,3,1334,428,123,354,1,1,1
1248,3,1333,432,127,356,1,1,1
1249,3,1332,435,130,358,1,1,1
1250,3,1330,438,135,360,1,1,1
1251,3,1328,440,138,362,1,1,1
1252,3,1328,446,141,363,1,1,1
1253,3,1327,450,143,365,1,1,1
1254,3,1325,455,146,366,1,1,1
1255,3,1324,460,148,366,1,1,1
1256,3,1322,464,150,367,1,1,1
1257,3,1323,469,153,368,1,1,1
1258,3,1322,473,156,369,1,1,1
1259,3,1322,477,159,369,1,1,1
1260,3,1321,482,162,369,1,1,1
1261,3,1321,486,164,369,1,1,1
1262,3,1322,490,161,370,1,1,1
1263,3,1322,493,159,370,1,1,1
1264,3,1323,496,156,371,1,1,1
1265,3,1323,500,154,371,1,1,1
1266,3,1323,503,150,371,1,1,1
1267,3,1325,505,150,374,1,1,1
1268,3,1326,507,149,377,1,1,1
1269,3,1327,509,149,379,1,1,1
1270,3,1328,511,149,382,1,1,1
1271,3,1328,512,148,384,1,1,1
1272,3,1330,513,148,387,1,1,1
1273,3,1331,512,148,390,1,1,1
1274,3,1332,512,148,392,1,1,1
1275,3,1333,512,149,395,1,1,1
1276,3,1333,511,148,397,1,1,1
1277,3,1332,510,150,399,1,1,1
1278,3,1331,509,151,400,1,1,1
1279,3,1330,508,151,401,1,1,1
1280,3,1328,507,153,402,1,1,1
1281,3,1326,505,153,403,1,1,1
1282,3,1326,505,153,408,1,1,1
1283,3,1325,505,153,412,1,1,1
1284,3,1324,505,152,417,1,1,1
1285,3,1323,505,152,421,1,1,1
1286,3,1322,504,151,425,1,1,1
1287,3,1322,505,150,428,1,1,1
1288,3,1321,505,149,432,1,1,1
1289,3,1320,505,148,435,1,1,1
1290,3,1319,505,148,438,1,1,1
1291,3,1318,504,146,441,1,1,1
1292,3,1318,502,147,444,1,1,1
1293,3,1318,500,146,445,1,1,1
1294,3,1318,498,146,447,1,1,1
1295,3,1318,495,146,449,1,1,1
1296,3,1317,492,146,451,1,1,1
1297,3,1320,491,149,452,1,1,1
1298,3,1322,489,152,453,1,1,1
1299,3,1325,488,155,453,1,1,1
1300,3,1327,486,158,454,1,1,1
1301,3,1329,484,160,454,1,1,1
1302,3,1334,483,167,454,1,1,1
1303,3,1339,481,174,454,1,1,1
1304,3,1343,480,181,453,1,1,1
1305,3,1348,478,187,453,1,1,1
1306,3,1352,476,194,452,1,1,1
1307,3,1356,475,190,452,1,1,1
1308,3,1361,472,184,453,1,1,1
1309,3,1365,470,180,453,1,1,1
1310,3,1370,468,174,453,1,1,1
1311,3,1374,465,169,452,1,1,1
1312,3,1376,465,169,452,1,1,1
1313,3,1378,463,169,453,1,1,1
1314,3,1379,462,169,453,1,1,1
1315,3,1381,461,169,452,1,1,1
1316,3,1382,459,168,452,1,1,1
1317,3,1380,458,171,453,1,1,1
1318,3,1377,456,173,455,1,1,1
1319,3,1374,455,176,455,1,1,1
1320,3,1371,454,178,455,1,1,1
1321,3,1368,452,180,456,1,1,1
1322,3,1363,452,185,455,1,1,1
1323,3,1358,452,189,455,1,1,1
1324,3,1352,452,194,454,1,1,1
1325,3,1347,452,198,453,1,1,1
1326,3,1341,452,202,452,1,1,1
1327,3,1333,453,210,448,1,1,1
1328,3,1325,453,218,445,1,1,1
1329,3,1317,454,225,441,1,1,1
1330,3,1309,455,233,436,1,1,1
1331,3,1301,455,239,432,1,1,1
1332,3,1295,455,234,431,1,1,1
1333,3,1289,455,228,429,1,1,1
1334,3,1283,454,222,428,1,1,1
1335,3,1277,454,215,425,1,1,1
1336,3,1271,453,209,424,1,1,1
1337,3,1267,455,199,422,1,1,1
1338,3,1263,456,188,420,1,1,1
1339,3,1259,458,177,417,1,1,1
1340,3,1255,459,167,416,1,1,1
1341,3,1251,460,155,413,1,1,1
1342,3,1248,461,157,412,1,1,1
1343,3,1244,462,160,410,1,1,1
1344,3,1240,462,163,409,1,1,1
1345,3,1236,463,165,407,1,1,1
1346,3,1232,463,167,405,1,1,1
1347,3,1229,464,165,402,1,1,1
1348,3,1226,464,162,399,1,1,1
1349,3,1223,464,160,395,1,1,1
1350,3,1219,464,158,392,1,1,1
1351,3,1215,463,155,389,1,1,1
1352,3,1211,463,153,388,1,1,1
1353,3,1207,463,150,386,1,1,1
1354,3,1202,463,148,384,1,1,1
1355,3,1197,462,146,382,1,1,1
1356,3,1192,461,142,380,1,1,1
1357,3,1187,467,148,375,1,1,1
1358,3,1182,473,152,370,1,1,1
1359,3,1177,478,157,365,1,1,1
1360,3,1171,483,162,360,1,1,1
1361,3,1166,488,166,355,1,1,1
1362,3,1162,490,166,353,1,1,1
1363,3,1157,491,167,351,1,1,1
1364,3,1152,493,168,349,1,1,1
1365,3,1148,494,168,347,1,1,1
1366,3,1143,495,168,344,1,1,1
1367,3,1138,496,162,345,1,1,1
1368,3,1133,496,155,346,1,1,1
1369,3,1128,496,148,347,1,1,1
1370,3,1123,496,141,348,1,1,1
1371,3,1118,496,134,348,1,1,1
1372,3,1116,500,136,345,1,1,1
1373,3,1113,503,138,343,1,1,1
1374,3,1111,506,139,341,1,1,1
1375,3,1108,510,141,338,1,1,1
1376,3,1105,513,142,335,1,1,1
1377,3,1102,514,141,334,1,1,1
1378,3,1099,515,140,332,1,1,1
1379,3,1096,516,139,331,1,1,1
1380,3,1093,517,138,329,1,1,1
1381,3,1089,518,136,326,1,1,1
1382,3,1087,519,136,323,1,1,1
1383,3,1084,519,135,319,1,1,1
1384,3,1081,520,135,315,1,1,1
1385,3,1078,520,134,312,1,1,1
1386,3,1075,520,132,308,1,1,1
1387,3,1074,521,134,308,1,1,1
1388,3,1073,521,135,309,1,1,1
1389,3,1072,522,136,309,1,1,1
1390,3,1071,522,137,310,1,1,1
1391,3,1069,522,138,310,1,1,1
1392,3,1069,521,140,311,1,1,1
1393,3,1069,520,140,312,1,1,1
1394,3,1068,519,141,312,1,1,1
1395,3,1068,518,142,313,1,1,1
1396,3,1067,516,142,314,1,1,1
1397,3,1068,517,142,313,1,1,1
1398,3,1068,517,142,312,1,1,1
1399,3,1069,518,141,310,1,1,1
1400,3,1069,518,141,309,1,1,1
1401,3,1069,518,140,308,1,1,1
1402,3,1069,518,139,309,1,1,1
1403,3,1069,518,136,309,1,1,1
1404,3,1068,518,135,310,1,1,1
1405,3,1068,518,132,310,1,1,1
1406,3,1067,518,130,310,1,1,1
1407,3,1068,518,132,311,1,1,1
1408,3,1069,517,133,312,1,1,1
1409,3,1070,516,134,314,1,1,1
1410,3,1071,515,135,315,1,1,1
1411,3,1071,514,136,316,1,1,1
1412,3,1071,514,141,316,1,1,1
1413,3,1070,514,146,315,1,1,1
1414,3,1069,514,151,314,1,1,1
1415,3,1068,514,156,313,1,1,1
1416,3,1067,514,161,312,1,1,1
1417,3,1067,516,160,310,1,1,1
1418,3,1067,517,159,309,1,1,1
1419,3,1066,518,159,307,1,1,1
1420,3,1066,519,158,306,1,1,1
1421,3,1065,520,157,304,1,1,1
1422,3,1064,519,157,305,1,1,1
1423,3,1063,518,157,306,1,1,1
1424,3,1062,517,157,306,1,1,1
1425,3,1060,516,158,307,1,1,1
1426,3,1059,514,157,308,1,1,1
1427,3,1060,515,148,310,1,1,1
1428,3,1061,515,138,313,1,1,1
1429,3,1062,516,129,314,1,1,1
1430,3,1064,516,119,317,1,1,1
1431,3,1064,516,109,318,1,1,1
1432,3,1088,511,113,315,1,1,1
1433,3,1110,505,118,312,1,1,1
1434,3,1133,500,122,308,1,1,1
1435,3,1156,494,126,305,1,1,1
1436,3,1178,488,130,301,1,1,1
1437,3,1151,495,127,307,1,1,1
1438,3,1123,501,124,313,1,1,1
1439,3,1094,507,122,319,1,1,1
1440,3,1066,513,119,325,1,1,1
1441,3,1038,519,115,330,1,1,1
1442,3,1035,520,122,330,1,1,1
1443,3,1032,520,128,330,1,1,1
1444,3,1029,520,134,330,1,1,1
1445,3,1026,520,141,330,1,1,1
1446,3,1023,520,146,328,1,1,1
1447,3,1023,521,148,329,1,1,1
1448,3,1022,522,151,328,1,1,1
1449,3,1021,523,153,327,1,1,1
1450,3,1021,524,154,326,1,1,1
1451,3,1020,524,156,325,1,1,1
1452,3,1020,525,159,325,1,1,1
1453,3,1020,525,162,325,1,1,1
1454,3,1020,525,165,325,1,1,1
1455,3,1020,525,168,325,1,1,1
1456,3,1020,524,170,325,1,1,1
1457,3,1022,524,168,327,1,1,1
1458,3,1024,523,166,330,1,1,1
1459,3,1025,522,164,332,1,1,1
1460,3,1027,521,162,334,1,1,1
1461,3,1028,520,160,336,1,1,1
1462,3,1030,519,159,338,1,1,1
1463,3,1032,517,157,340,1,1,1
1464,3,1033,516,156,341,1,1,1
1465,3,1034,515,155,343,1,1,1
1466,3,1035,513,153,344,1,1,1
1467,3,1036,513,152,349,1,1,1
1468,3,1037,512,151,354,1,1,1
1469,3,1037,512,151,358,1,1,1
1470,3,1038,511,149,364,1,1,1
1471,3,1038,510,148,368,1,1,1
1472,3,1038,512,149,370,1,1,1
1473,3,1038,514,148,370,1,1,1
1474,3,1037,516,149,371,1,1,1
1475,3,1036,518,150,371,1,1,1
1476,3,1035,520,150,371,1,1,1
1477,3,1034,521,151,372,1,1,1
1478,3,1032,521,153,374,1,1,1
1479,3,1030,521,154,375,1,1,1
1480,3,1028,522,155,375,1,1,1
1481,3,1026,522,155,376,1,1,1
1482,3,1025,522,157,376,1,1,1
1483,3,1023,521,159,376,1,1,1
1484,3,1022,521,159,376,1,1,1
1485,3,1020,520,161,377,1,1,1
1486,3,1018,520,161,376,1,1,1
1487,3,1020,519,165,377,1,1,1
1488,3,1021,518,168,378,1,1,1
1489,3,1022,517,172,379,1,1,1
1490,3,1023,516,176,380,1,1,1
1491,3,1023,515,180,380,1,1,1
1492,3,1026,515,185,380,1,1,1
1493,3,1029,514,190,380,1,1,1
1494,3,1032,514,194,380,1,1,1
1495,3,1035,513,199,380,1,1,1
1496,3,1038,512,203,380,1,1,1
1497,3,1042,510,199,383,1,1,1
1498,3,1046,508,194,385,1,1,1
1499,3,1050,506,189,387,1,1,1
1500,3,1054,504,184,389,1,1,1
1002,4,990,489,186,494,1,1,1
1003,4,992,488,184,495,1,1,1
1004,4,994,487,182,496,1,1,1
1005,4,996,486,180,496,1,1,1
1006,4,998,484,177,496,1,1,1
1007,4,1000,485,177,496,1,1,1
1008,4,1002,485,177,495,1,1,1
1009,4,1004,485,177,494,1,1,1
1010,4,1006,485,177,492,1,1,1
1011,4,1007,485,176,491,1,1,1
1012,4,1009,484,176,490,1,1,1
1013,4,1011,483,174,489,1,1,1
1014,4,1012,482,173,489,1,1,1
1015,4,1014,481,172,488,1,1,1
1016,4,1015,479,170,487,1,1,1
1017,4,1017,479,170,483,1,1,1
1018,4,1019,478,169,478,1,1,1
1019,4,1020,477,169,474,1,1,1
1020,4,1022,476,168,470,1,1,1
1021,4,1023,475,167,465,1,1,1
1022,4,1025,474,171,463,1,1,1
1023,4,1027,473,175,460,1,1,1
1024,4,1029,472,178,457,1,1,1
1025,4,1031,471,181,454,1,1,1
1026,4,1032,469,185,451,1,1,1
1027,4,1035,469,191,451,1,1,1
1028,4,1038,469,197,450,1,1,1
1029,4,1041,469,203,449,1,1,1
1030,4,1044,469,209,448,1,1,1
1031,4,1046,468,215,447,1,1,1
1032,4,1050,469,214,448,1,1,1
1033,4,1053,469,213,449,1,1,1
1034,4,1056,469,212,450,1,1,1
1035,4,1060,470,210,450,1,1,1
1036,4,1063,469,209,450,1,1,1
1037,4,1067,469,206,451,1,1,1
1038,4,1070,468,203,451,1,1,1
1039,4,1074,467,200,451,1,1,1
1040,4,1078,467,196,450,1,1,1
1041,4,1081,465,192,450,1,1,1
1042,4,1084,464,190,449,1,1,1
1043,4,1086,463,188,446,1,1,1
1044,4,1088,462,185,444,1,1,1
1045,4,1091,460,182,442,1,1,1
1046,4,1092,458,180,440,1,1,1
1047,4,1095,458,178,436,1,1,1
1048,4,1097,456,176,434,1,1,1
1049,4,1099,455,174,430,1,1,1
1050,4,1101,454,172,427,1,1,1
1051,4,1103,452,169,423,1,1,1
1052,4,1106,453,166,423,1,1,1
1053,4,1108,453,163,423,1,1,1
1054,4,1110,452,160,424,1,1,1
1055,4,1112,452,157,424,1,1,1
1056,4,1114,452,153,423,1,1,1
1057,4,1115,452,151,424,1,1,1
1058,4,1115,451,150,424,1,1,1
1059,4,1116,450,148,425,1,1,1
1060,4,1116,450,147,424,1,1,1
1061,4,1116,449,144,424,1,1,1
1062,4,1117,449,145,422,1,1,1
1063,4,1118,448,144,421,1,1,1
1064,4,1119,448,143,419,1,1,1
1065,4,1119,447,143,417,1,1,1
1066,4,1119,446,142,415,1,1,1
1067,4,1120,445,143,413,1,1,1
1068,4,1121,444,142,410,1,1,1
1069,4,1121,443,143,406,1,1,1
1070,4,1122,442,142,403,1,1,1
1071,4,1122,440,142,400,1,1,1
1072,4,1124,440,147,400,1,1,1
1073,4,1125,439,152,400,1,1,1
1074,4,1126,438,157,399,1,1,1
1075,4,1127,437,163,399,1,1,1
1076,4,1128,436,167,398,1,1,1
1077,4,1130,436,171,399,1,1,1
1078,4,1131,436,175,398,1,1,1
1079,4,1132,436,180,398,1,1,1
1080,4,1134,435,183,398,1,1,1
1081,4,1134,434,187,398,1,1,1
1082,4,1137,435,187,398,1,1,1
1083,4,1139,435,187,398,1,1,1
1084,4,1141,435,187,398,1,1,1
1085,4,1143,435,187,397,1,1,1
1086,4,1144,434,187,397,1,1,1
1087,4,1148,433,185,397,1,1,1
1088,4,1152,432,181,395,1,1,1
1089,4,1156,430,177,395,1,1,1
1090,4,1159,429,175,393,1,1,1
1091,4,1163,427,170,392,1,1,1
1092,4,1166,426,167,391,1,1,1
1093,4,1169,425,163,389,1,1,1
1094,4,1171,424,159,387,1,1,1
1095,4,1174,423,155,386,1,1,1
1096,4,1177,422,151,384,1,1,1
1097,4,1180,421,148,383,1,1,1
1098,4,1182,421,146,382,1,1,1
1099,4,1185,420,143,381,1,1,1
1100,4,1187,419,141,381,1,1,1
1101,4,1189,418,138,379,1,1,1
1102,4,1192,418,138,380,1,1,1
1103,4,1195,417,136,380,1,1,1
1104,4,1197,416,135,380,1,1,1
1105,4,1199,415,134,381,1,1,1
1106,4,1201,414,132,380,1,1,1
1107,4,1204,415,135,381,1,1,1
1108,4,1206,415,138,382,1,1,1
1109,4,1208,416,141,381,1,1,1
1110,4,1211,416,143,382,1,1,1
1111,4,1212,416,145,382,1,1,1
1112,4,1216,416,143,381,1,1,1
1113,4,1220,416,139,380,1,1,1
1114,4,1224,416,135,379,1,1,1
1115,4,1227,416,132,377,1,1,1
1116,4,1230,416,128,375,1,1,1
1117,4,1233,415,126,374,1,1,1
1118,4,1235,413,124,373,1,1,1
1119,4,1238,411,121,371,1,1,1
1120,4,1240,409,119,370,1,1,1
1121,4,1242,407,117,368,1,1,1
1122,4,1245,407,122,368,1,1,1
1123,4,1247,406,127,368,1,1,1
1124,4,1250,406,131,367,1,1,1
1125,4,1253,405,135,366,1,1,1
1126,4,1255,404,139,365,1,1,1
1127,4,1257,404,140,365,1,1,1
1128,4,1259,404,141,364,1,1,1
1129,4,1260,403,142,364,1,1,1
1130,4,1262,403,143,363,1,1,1
1131,4,1263,402,143,362,1,1,1
1132,4,1263,402,144,361,1,1,1
1133,4,1263,401,144,360,1,1,1
1134,4,1263,400,144,359,1,1,1
1135,4,1263,400,144,357,1,1,1
1136,4,1262,399,144,355,1,1,1
1137,4,1262,399,146,355,1,1,1
1138,4,1262,398,146,357,1,1,1
1139,4,1261,398,148,357,1,1,1
1140,4,1261,397,148,358,1,1,1
1141,4,1260,397,149,357,1,1,1
1142,4,1261,398,150,355,1,1,1
1143,4,1260,399,152,353,1,1,1
1144,4,1260,400,153,350,1,1,1
1145,4,1260,402,154,347,1,1,1
1146,4,1259,402,155,344,1,1,1
1147,4,1260,402,155,343,1,1,1
1148,4,1260,401,155,342,1,1,1
1149,4,1260,400,155,341,1,1,1
1150,4,1260,399,156,339,1,1,1
1151,4,1259,398,155,338,1,1,1
1152,4,1259,397,159,337,1,1,1
1153,4,1258,396,163,336,1,1,1
1154,4,1257,396,166,334,1,1,1
1155,4,1256,395,170,333,1,1,1
1156,4,1255,393,173,332,1,1,1
1157,4,1258,394,172,331,1,1,1
1158,4,1260,394,172,329,1,1,1
1159,4,1262,394,171,328,1,1,1
1160,4,1265,394,170,326,1,1,1
1161,4,1267,393,169,324,1,1,1
1162,4,1268,393,167,326,1,1,1
1163,4,1269,393,164,327,1,1,1
1164,4,1270,393,162,328,1,1,1
1165,4,1271,392,159,330,1,1,1
1166,4,1271,391,157,330,1,1,1
1167,4,1271,391,156,333,1,1,1
1168,4,1270,391,154,334,1,1,1
1169,4,1269,391,153,335,1,1,1
1170,4,1268,390,152,337,1,1,1
1171,4,1267,389,151,338,1,1,1
1172,4,1269,391,149,338,1,1,1
1173,4,1271,391,146,338,1,1,1
1174,4,1272,392,144,337,1,1,1
1175,4,1274,393,141,336,1,1,1
1176,4,1275,393,138,334,1,1,1
1177,4,1276,394,142,335,1,1,1
1178,4,1276,394,145,335,1,1,1
1179,4,1276,394,148,336,1,1,1
1180,4,1276,394,151,336,1,1,1
1181,4,1275,393,155,336,1,1,1
1182,4,1276,394,155,336,1,1,1
1183,4,1277,395,155,334,1,1,1
1184,4,1278,395,155,333,1,1,1
1185,4,1279,396,155,331,1,1,1
1186,4,1279,395,155,330,1,1,1
1187,4,1282,397,155,331,1,1,1
1188,4,1285,398,155,331,1,1,1
1189,4,1288,398,154,332,1,1,1
1190,4,1291,399,153,332,1,1,1
1191,4,1293,400,153,332,1,1,1
1192,4,1294,400,156,333,1,1,1
1193,4,1294,400,159,333,1,1,1
1194,4,1294,400,162,333,1,1,1
1195,4,1294,400,164,333,1,1,1
1196,4,1293,400,167,332,1,1,1
1197,4,1295,400,167,331,1,1,1
1198,4,1296,399,166,331,1,1,1
1199,4,1296,399,166,330,1,1,1
1200,4,1297,398,166,330,1,1,1
1201,4,1297,397,165,328,1,1,1
1202,4,1299,399,161,328,1,1,1
1203,4,1299,401,158,326,1,1,1
1204,4,1300,402,154,325,1,1,1
1205,4,1300,404,151,323,1,1,1
1206,4,1301,405,146,321,1,1,1
1207,4,1300,406,141,321,1,1,1
1208,4,1299,406,135,322,1,1,1
1209,4,1297,407,130,322,1,1,1
1210,4,1296,408,124,321,1,1,1
1211,4,1294,408,118,321,1,1,1
1212,4,1293,409,120,321,1,1,1
1213,4,1291,409,121,321,1,1,1
1214,4,1289,410,123,321,1,1,1
1215,4,1287,411,124,320,1,1,1
1216,4,1285,411,124,319,1,1,1
1217,4,1286,411,126,320,1,1,1
1218,4,1286,410,128,321,1,1,1
1219,4,1287,409,129,321,1,1,1
1220,4,1287,409,132,321,1,1,1
1221,4,1287,408,132,321,1,1,1
1222,4,1289,409,132,321,1,1,1
1223,4,1290,409,132,320,1,1,1
1224,4,1291,409,131,320,1,1,1
1225,4,1292,410,131,319,1,1,1
1226,4,1292,410,130,318,1,1,1
1227,4,1295,410,130,318,1,1,1
1228,4,1297,410,130,318,1,1,1
1229,4,1299,410,129,317,1,1,1
1230,4,1300,410,130,317,1,1,1
1231,4,1302,409,128,316,1,1,1
1232,4,1303,409,128,317,1,1,1
1233,4,1304,408,128,317,1,1,1
1234,4,1305,407,127,316,1,1,1
1235,4,1306,406,126,316,1,1,1
1236,4,1306,405,125,315,1,1,1
1261,4,1392,451,100,298,1,1,1
1262,4,1396,455,98,298,1,1,1
1263,4,1399,458,95,298,1,1,1
1264,4,1403,461,90,298,1,1,1
1265,4,1406,464,87,298,1,1,1
1266,4,1409,467,84,297,1,1,1
1267,4,1409,469,89,298,1,1,1
1268,4,1408,470,94,299,1,1,1
1269,4,1408,472,98,299,1,1,1
1270,4,1408,473,102,300,1,1,1
1271,4,1407,474,107,300,1,1,1
1272,4,1411,476,105,298,1,1,1
1273,4,1414,477,103,297,1,1,1
1274,4,1417,478,101,296,1,1,1
1275,4,1420,480,99,294,1,1,1
1276,4,1423,481,96,293,1,1,1
1277,4,1422,480,98,295,1,1,1
1278,4,1421,478,99,298,1,1,1
1279,4,1419,477,101,299,1,1,1
1280,4,1418,476,102,301,1,1,1
1281,4,1416,474,103,303,1,1,1
1282,4,1417,474,106,303,1,1,1
1283,4,1417,473,109,304,1,1,1
1284,4,1417,472,112,304,1,1,1
1285,4,1417,471,116,305,1,1,1
1286,4,1416,470,119,304,1,1,1
1287,4,1417,469,126,306,1,1,1
1288,4,1417,468,133,306,1,1,1
1289,4,1417,466,140,308,1,1,1
1290,4,1417,465,147,308,1,1,1
1291,4,1417,463,153,308,1,1,1
1292,4,1419,463,155,308,1,1,1
1293,4,1420,462,156,307,1,1,1
1294,4,1422,461,156,307,1,1,1
1295,4,1423,460,157,306,1,1,1
1296,4,1424,459,158,305,1,1,1
1297,4,1427,457,155,307,1,1,1
1298,4,1430,455,152,308,1,1,1
1299,4,1432,453,149,309,1,1,1
1300,4,1435,450,146,311,1,1,1
1301,4,1437,448,142,311,1,1,1
1302,4,1439,446,140,311,1,1,1
1303,4,1440,443,137,311,1,1,1
1304,4,1441,441,135,310,1,1,1
1305,4,1442,438,133,310,1,1,1
1306,4,1443,436,129,309,1,1,1
1307,4,1444,434,129,313,1,1,1
1308,4,1444,433,128,315,1,1,1
1309,4,1444,431,127,319,1,1,1
1310,4,1444,429,127,322,1,1,1
1311,4,1444,427,125,324,1,1,1
1312,4,1446,427,128,324,1,1,1
1313,4,1448,425,129,325,1,1,1
1314,4,1449,424,131,325,1,1,1
1315,4,1451,423,133,324,1,1,1
1316,4,1452,421,134,324,1,1,1
1317,4,1455,420,136,324,1,1,1
1318,4,1456,419,138,323,1,1,1
1319,4,1458,418,139,322,1,1,1
1320,4,1460,416,141,322,1,1,1
1321,4,1461,414,142,320,1,1,1
1322,4,1464,414,141,321,1,1,1
1323,4,1466,413,141,321,1,1,1
1324,4,1468,411,140,323,1,1,1
1325,4,1470,410,139,323,1,1,1
1326,4,1471,409,138,323,1,1,1
1327,4,1474,408,141,324,1,1,1
1328,4,1477,406,142,326,1,1,1
1329,4,1479,405,144,327,1,1,1
1330,4,1482,403,146,329,1,1,1
1331,4,1484,402,147,329,1,1,1
1332,4,1485,400,150,331,1,1,1
1333,4,1486,399,152,331,1,1,1
1334,4,1487,397,154,332,1,1,1
1335,4,1488,395,157,333,1,1,1
1336,4,1488,393,159,334,1,1,1
1356,4,1489,377,166,340,1,1,1
1357,4,1488,379,168,340,1,1,1
1358,4,1486,380,169,340,1,1,1
1359,4,1485,381,170,340,1,1,1
1360,4,1483,382,172,340,1,1,1
1361,4,1481,383,172,339,1,1,1
1362,4,1481,384,172,340,1,1,1
1363,4,1481,385,172,340,1,1,1
1364,4,1481,386,171,340,1,1,1
1365,4,1481,386,170,341,1,1,1
1366,4,1480,387,169,341,1,1,1
1367,4,1481,388,169,341,1,1,1
1368,4,1482,389,168,341,1,1,1
1369,4,1482,390,168,340,1,1,1
1370,4,1483,391,166,340,1,1,1
1371,4,1483,391,165,339,1,1,1
1372,4,1482,393,166,340,1,1,1
1373,4,1480,393,167,342,1,1,1
1374,4,1478,394,168,343,1,1,1
1375,4,1477,395,169,343,1,1,1
1376,4,1475,395,169,344,1,1,1
1377,4,1475,395,169,343,1,1,1
1378,4,1475,395,167,341,1,1,1
1379,4,1475,395,166,339,1,1,1
1380,4,1475,394,165,338,1,1,1
1381,4,1475,393,163,336,1,1,1
1382,4,1484,394,155,337,1,1,1
1383,4,1493,395,147,336,1,1,1
1384,4,1501,395,139,337,1,1,1
1385,4,1510,396,130,336,1,1,1
1386,4,1518,395,122,336,1,1,1
1387,4,1522,396,120,338,1,1,1
1388,4,1525,396,119,339,1,1,1
1389,4,1528,396,118,340,1,1,1
1390,4,1531,396,116,342,1,1,1
1391,4,1534,395,114,342,1,1,1
1392,4,1536,396,115,344,1,1,1
1393,4,1536,397,116,345,1,1,1
1394,4,1537,397,117,347,1,1,1
1395,4,1538,398,118,347,1,1,1
1396,4,1538,397,118,348,1,1,1
1397,4,1538,396,122,352,1,1,1
1398,4,1538,395,124,354,1,1,1
1399,4,1538,393,126,356,1,1,1
1400,4,1537,391,130,359,1,1,1
1401,4,1536,389,132,361,1,1,1
1402,4,1534,390,139,360,1,1,1
1403,4,1532,390,144,359,1,1,1
1404,4,1529,390,150,359,1,1,1
1405,4,1527,390,155,358,1,1,1
1406,4,1524,389,161,357,1,1,1
1407,4,1525,389,167,358,1,1,1
1408,4,1525,388,173,359,1,1,1
1409,4,1526,387,178,360,1,1,1
1410,4,1526,387,184,360,1,1,1
1411,4,1526,385,189,361,1,1,1
1412,4,1529,386,188,363,1,1,1
1413,4,1532,386,186,365,1,1,1
1414,4,1535,386,184,367,1,1,1
1415,4,1538,386,182,369,1,1,1
1416,4,1540,385,179,371,1,1,1
1417,4,1542,384,177,374,1,1,1
1418,4,1543,383,175,375,1,1,1
1419,4,1544,382,173,376,1,1,1
1420,4,1546,381,170,378,1,1,1
1421,4,1546,379,167,379,1,1,1
1422,4,1549,378,169,381,1,1,1
1423,4,1552,376,170,383,1,1,1
1424,4,1554,373,173,386,1,1,1
1425,4,1557,371,174,388,1,1,1
1426,4,1559,369,175,389,1,1,1
1427,4,1562,370,176,392,1,1,1
1428,4,1565,370,176,394,1,1,1
1429,4,1568,371,176,396,1,1,1
1430,4,1571,371,175,398,1,1,1
1431,4,1574,371,175,400,1,1,1
1432,4,1470,400,161,387,1,1,1
1433,4,1365,429,148,372,1,1,1
1434,4,1261,458,134,358,1,1,1
1435,4,1156,487,121,344,1,1,1
1436,4,1574,375,154,405,1,1,1
1466,4,1521,386,160,442,1,1,1
1467,4,1517,386,162,443,1,1,1
1468,4,1512,386,164,443,1,1,1
1469,4,1508,386,165,443,1,1,1
1470,4,1503,386,167,443,1,1,1
1471,4,1498,385,169,442,1,1,1
1472,4,1497,386,165,443,1,1,1
1473,4,1496,386,161,443,1,1,1
1474,4,1495,386,157,444,1,1,1
1475,4,1494,386,153,444,1,1,1
1476,4,1493,385,148,444,1,1,1
1477,4,1490,386,151,445,1,1,1
1478,4,1486,387,154,445,1,1,1
1479,4,1482,388,157,445,1,1,1
1480,4,1478,389,160,445,1,1,1
1481,4,1474,389,162,445,1,1,1
1482,4,1470,391,167,446,1,1,1
1483,4,1465,393,172,445,1,1,1
1484,4,1461,394,176,445,1,1,1
1485,4,1456,396,181,445,1,1,1
1486,4,1451,397,184,444,1,1,1
1487,4,1447,398,189,446,1,1,1
1488,4,1442,399,194,446,1,1,1
1489,4,1437,400,199,446,1,1,1
1490,4,1433,400,202,447,1,1,1
1491,4,1427,401,207,447,1,1,1
1492,4,1424,402,206,446,1,1,1
1493,4,1420,402,206,446,1,1,1
1494,4,1415,403,206,445,1,1,1
1495,4,1411,403,205,444,1,1,1
1496,4,1407,403,204,443,1,1,1
1497,4,1404,403,197,445,1,1,1
1498,4,1402,403,189,446,1,1,1
1499,4,1399,403,181,447,1,1,1
1500,4,1396,402,173,449,1,1,1
1002,5,1499,384,239,537,1,1,1
1003,5,1510,380,228,539,1,1,1
1004,5,1522,377,216,540,1,1,1
1005,5,1533,373,205,542,1,1,1
1006,5,1544,369,193,543,1,1,1
1007,5,1552,368,198,545,1,1,1
1008,5,1559,366,204,548,1,1,1
1009,5,1567,365,209,550,1,1,1
1010,5,1574,363,215,552,1,1,1
1011,5,1581,361,220,554,1,1,1
1012,5,1589,361,231,553,1,1,1
1013,5,1597,361,241,551,1,1,1
1014,5,1605,361,251,549,1,1,1
1015,5,1613,361,261,548,1,1,1
1016,5,1620,360,271,546,1,1,1
1017,5,1629,358,266,549,1,1,1
1018,5,1637,354,260,554,1,1,1
1019,5,1645,351,254,558,1,1,1
1020,5,1654,348,248,561,1,1,1
1021,5,1662,344,242,565,1,1,1
1022,5,1672,341,232,568,1,1,1
1023,5,1682,337,223,571,1,1,1
1024,5,1693,334,212,574,1,1,1
1025,5,1703,330,203,577,1,1,1
1026,5,1713,326,192,579,1,1,1
1027,5,1721,325,208,582,1,1,1
1028,5,1730,324,222,584,1,1,1
1029,5,1738,323,238,585,1,1,1
1030,5,1746,322,253,587,1,1,1
1031,5,1754,320,267,589,1,1,1
1032,5,1765,321,275,589,1,1,1
1033,5,1775,321,283,590,1,1,1
1034,5,1785,321,292,591,1,1,1
1035,5,1795,321,300,592,1,1,1
1036,5,1804,321,308,592,1,1,1
1037,5,1808,317,306,596,1,1,1
1038,5,1811,312,305,600,1,1,1
1039,5,1815,308,303,603,1,1,1
1040,5,1818,303,301,607,1,1,1
1041,5,1821,298,298,610,1,1,1
1042,5,1839,296,281,613,1,1,1
1043,5,1857,293,262,615,1,1,1
1044,5,1874,290,244,618,1,1,1
1045,5,1892,287,225,621,1,1,1
1046,5,1909,283,207,623,1,1,1
1047,5,1919,282,210,629,1,1,1
1048,5,1928,281,213,634,1,1,1
1049,5,1938,279,216,640,1,1,1
1050,5,1947,278,219,645,1,1,1
1051,5,1956,276,222,650,1,1,1
1052,5,1965,276,241,650,1,1,1
1053,5,1973,275,260,651,1,1,1
1054,5,1982,274,278,651,1,1,1
1055,5,1990,273,297,652,1,1,1
1056,5,1998,271,315,652,1,1,1
1057,5,2002,270,315,655,1,1,1
1058,5,2005,268,315,659,1,1,1
1059,5,2008,266,316,662,1,1,1
1060,5,2011,264,316,666,1,1,1
1061,5,2014,261,315,669,1,1,1
1062,5,2034,257,297,674,1,1,1
1063,5,2054,253,278,677,1,1,1
1064,5,2074,248,258,681,1,1,1
1065,5,2094,244,239,685,1,1,1
1066,5,2114,239,219,688,1,1,1
1067,5,2125,236,234,691,1,1,1
1068,5,2135,232,249,694,1,1,1
1069,5,2145,228,264,698,1,1,1
1070,5,2156,225,278,700,1,1,1
1071,5,2166,221,292,702,1,1,1
1072,5,2172,220,319,706,1,1,1
1073,5,2177,219,346,709,1,1,1
1074,5,2183,218,372,713,1,1,1
1075,5,2189,217,399,716,1,1,1
1076,5,2194,215,425,719,1,1,1
1077,5,2197,211,425,728,1,1,1
1078,5,2200,207,424,735,1,1,1
1079,5,2203,202,423,744,1,1,1
1080,5,2207,198,421,752,1,1,1
1081,5,2209,193,420,760,1,1,1
1082,5,2231,187,399,766,1,1,1
1083,5,2252,181,377,772,1,1,1
1084,5,2273,175,355,777,1,1,1
1085,5,2294,169,334,783,1,1,1
1086,5,2315,163,311,788,1,1,1
1087,5,2329,161,306,799,1,1,1
1088,5,2342,158,301,811,1,1,1
1089,5,2356,156,295,822,1,1,1
1090,5,2369,153,290,834,1,1,1
1091,5,2382,150,284,844,1,1,1
1092,5,2392,149,282,841,1,1,1
1093,5,2401,147,280,839,1,1,1
1094,5,2410,145,278,836,1,1,1
1095,5,2420,144,275,832,1,1,1
1096,5,2429,142,273,829,1,1,1
1097,5,2433,142,269,831,1,1,1
1098,5,2438,143,264,833,1,1,1
1099,5,2442,143,260,835,1,1,1
1100,5,2446,143,256,837,1,1,1
1101,5,2450,143,251,838,1,1,1
1102,5,2460,142,243,843,1,1,1
1103,5,2470,140,233,849,1,1,1
1104,5,2480,138,223,854,1,1,1
1105,5,2490,136,214,859,1,1,1
1106,5,2500,134,204,863,1,1,1
1156,5,2320,148,379,985,1,1,1
1157,5,2320,151,380,984,1,1,1
1158,5,2320,152,381,983,1,1,1
1159,5,2319,154,382,981,1,1,1
1160,5,2319,156,383,979,1,1,1
1161,5,2318,157,383,977,1,1,1
1162,5,2314,160,366,987,1,1,1
1163,5,2310,162,348,997,1,1,1
1164,5,2306,164,330,1007,1,1,1
1165,5,2302,167,312,1017,1,1,1
1166,5,2297,169,293,1026,1,1,1
1167,5,2255,173,323,1011,1,1,1
1168,5,2212,177,352,994,1,1,1
1169,5,2169,180,381,979,1,1,1
1170,5,2127,184,409,963,1,1,1
1171,5,2083,187,438,946,1,1,1
1172,5,2067,193,455,943,1,1,1
1173,5,2050,198,472,938,1,1,1
1174,5,2033,202,488,935,1,1,1
1175,5,2017,207,504,931,1,1,1
1176,5,2000,212,520,926,1,1,1
1177,5,1998,215,518,918,1,1,1
1178,5,1997,218,514,910,1,1,1
1179,5,1995,221,511,902,1,1,1
1180,5,1993,224,508,894,1,1,1
1181,5,1991,226,504,885,1,1,1
1182,5,1990,227,477,883,1,1,1
1183,5,1989,228,448,879,1,1,1
1184,5,1987,229,421,876,1,1,1
1185,5,1985,230,393,872,1,1,1
1186,5,1983,230,365,869,1,1,1
1187,5,1976,233,340,868,1,1,1
1188,5,1969,235,315,867,1,1,1
1189,5,1962,237,289,867,1,1,1
1190,5,1954,239,264,866,1,1,1
1191,5,1946,240,238,865,1,1,1
1192,5,1935,243,243,863,1,1,1
1193,5,1922,246,249,859,1,1,1
1194,5,1910,248,254,857,1,1,1
1195,5,1898,251,258,853,1,1,1
1196,5,1885,253,263,851,1,1,1
1197,5,1883,256,266,848,1,1,1
1198,5,1880,260,270,844,1,1,1
1199,5,1877,263,273,841,1,1,1
1200,5,1874,266,277,838,1,1,1
1201,5,1871,269,279,834,1,1,1
1202,5,1862,271,283,829,1,1,1
1203,5,1853,272,287,824,1,1,1
1204,5,1844,274,290,818,1,1,1
1205,5,1835,275,294,813,1,1,1
1206,5,1826,276,297,806,1,1,1
1207,5,1820,277,284,798,1,1,1
1208,5,1815,278,269,789,1,1,1
1209,5,1809,279,255,779,1,1,1
1210,5,1804,280,240,769,1,1,1
1211,5,1798,280,226,760,1,1,1
1212,5,1792,282,227,753,1,1,1
1213,5,1785,284,228,745,1,1,1
1214,5,1779,286,228,737,1,1,1
1215,5,1772,288,230,728,1,1,1
1216,5,1765,289,230,720,1,1,1
1217,5,1758,291,232,719,1,1,1
1218,5,1750,292,235,718,1,1,1
1219,5,1743,293,236,717,1,1,1
1220,5,1735,295,239,715,1,1,1
1221,5,1727,295,241,713,1,1,1
1222,5,1720,299,247,706,1,1,1
1223,5,1713,301,253,700,1,1,1
1224,5,1706,304,258,692,1,1,1
1225,5,1699,307,264,685,1,1,1
1226,5,1691,309,269,678,1,1,1
1227,5,1686,310,264,670,1,1,1
1228,5,1680,310,257,663,1,1,1
1229,5,1674,310,251,656,1,1,1
1230,5,1668,311,245,648,1,1,1
1231,5,1662,310,238,640,1,1,1
1232,5,1661,312,231,640,1,1,1
1233,5,1659,312,223,640,1,1,1
1234,5,1656,313,217,639,1,1,1
1235,5,1654,314,210,637,1,1,1
1236,5,1652,314,201,636,1,1,1
1237,5,1650,317,202,635,1,1,1
1238,5,1647,318,202,634,1,1,1
1239,5,1644,320,202,632,1,1,1
1240,5,1642,322,202,630,1,1,1
1241,5,1638,323,202,629,1,1,1
1242,5,1640,324,200,627,1,1,1
1243,5,1640,325,199,625,1,1,1
1244,5,1641,326,198,623,1,1,1
1245,5,1641,327,197,621,1,1,1
1246,5,1642,328,194,617,1,1,1
1247,5,1644,329,195,615,1,1,1
1248,5,1646,330,195,611,1,1,1
1249,5,1648,331,195,607,1,1,1
1250,5,1650,332,195,603,1,1,1
1251,5,1651,332,195,600,1,1,1
1252,5,1654,336,196,592,1,1,1
1253,5,1657,339,196,584,1,1,1
1254,5,1659,343,197,575,1,1,1
1255,5,1662,346,197,567,1,1,1
1256,5,1664,349,197,558,1,1,1
1257,5,1666,355,196,556,1,1,1
1258,5,1667,360,196,553,1,1,1
1259,5,1669,365,195,550,1,1,1
1260,5,1670,370,194,548,1,1,1
1261,5,1671,375,193,544,1,1,1
1262,5,1673,380,192,544,1,1,1
1263,5,1674,384,191,543,1,1,1
1264,5,1675,389,190,541,1,1,1
1265,5,1676,394,189,540,1,1,1
1266,5,1676,398,187,538,1,1,1
1267,5,1677,399,185,535,1,1,1
1268,5,1678,400,182,531,1,1,1
1269,5,1678,402,180,526,1,1,1
1270,5,1678,403,177,522,1,1,1
1271,5,1678,403,174,518,1,1,1
1272,5,1678,404,177,512,1,1,1
1273,5,1678,404,179,505,1,1,1
1274,5,1677,404,183,498,1,1,1
1275,5,1677,404,185,492,1,1,1
1276,5,1675,403,187,485,1,1,1
1277,5,1674,403,190,487,1,1,1
1278,5,1673,403,191,487,1,1,1
1279,5,1671,403,193,487,1,1,1
1280,5,1669,403,195,487,1,1,1
1281,5,1667,402,196,487,1,1,1
1282,5,1667,403,191,486,1,1,1
1283,5,1666,404,186,484,1,1,1
1284,5,1665,405,181,482,1,1,1
1285,5,1664,406,176,480,1,1,1
1286,5,1662,406,170,478,1,1,1
1287,5,1662,405,170,477,1,1,1
1288,5,1662,404,168,475,1,1,1
1289,5,1662,403,167,473,1,1,1
1290,5,1661,401,166,472,1,1,1
1291,5,1660,400,164,470,1,1,1
1292,5,1660,399,163,465,1,1,1
1293,5,1659,398,162,460,1,1,1
1294,5,1658,396,161,455,1,1,1
1295,5,1656,395,160,450,1,1,1
1296,5,1655,394,158,444,1,1,1
1297,5,1653,394,160,442,1,1,1
1298,5,1651,394,160,439,1,1,1
1299,5,1649,394,161,436,1,1,1
1300,5,1647,393,162,434,1,1,1
1301,5,1644,393,162,431,1,1,1
1302,5,1638,395,167,427,1,1,1
1303,5,1631,396,172,424,1,1,1
1304,5,1625,397,175,421,1,1,1
1305,5,1618,399,180,417,1,1,1
1306,5,1611,400,184,413,1,1,1
1307,5,1601,399,190,411,1,1,1
1308,5,1591,399,195,407,1,1,1
1309,5,1580,398,200,405,1,1,1
1310,5,1570,398,205,401,1,1,1
1311,5,1559,396,210,398,1,1,1
1312,5,1547,395,213,399,1,1,1
1313,5,1534,394,216,399,1,1,1
1314,5,1522,392,218,399,1,1,1
1315,5,1509,390,221,400,1,1,1
1316,5,1496,388,224,399,1,1,1
1317,5,1494,389,223,398,1,1,1
1318,5,1492,390,222,395,1,1,1
1319,5,1489,391,222,393,1,1,1
1320,5,1487,391,220,392,1,1,1
1321,5,1484,391,219,389,1,1,1
1322,5,1484,391,217,389,1,1,1
1323,5,1484,390,215,388,1,1,1
1324,5,1483,389,213,387,1,1,1
1325,5,1483,388,211,386,1,1,1
1326,5,1482,387,208,385,1,1,1
1327,5,1481,386,207,382,1,1,1
1328,5,1479,385,207,379,1,1,1
1329,5,1477,384,206,376,1,1,1
1330,5,1475,383,205,373,1,1,1
1331,5,1472,381,204,369,1,1,1
1332,5,1472,382,205,368,1,1,1
1333,5,1471,382,205,366,1,1,1
1334,5,1470,381,206,365,1,1,1
1335,5,1469,381,206,363,1,1,1
1336,5,1468,381,206,361,1,1,1
1337,5,1466,382,207,359,1,1,1
1338,5,1464,383,208,356,1,1,1
1339,5,1462,384,208,354,1,1,1
1340,5,1460,385,209,351,1,1,1
1341,5,1458,385,209,349,1,1,1
1342,5,1456,385,209,349,1,1,1
1343,5,1453,385,209,349,1,1,1
1344,5,1451,385,209,348,1,1,1
1345,5,1449,385,208,347,1,1,1
1346,5,1446,384,208,346,1,1,1
1347,5,1452,386,200,346,1,1,1
1348,5,1459,386,190,346,1,1,1
1349,5,1465,387,181,345,1,1,1
1350,5,1471,388,173,344,1,1,1
1351,5,1477,388,163,343,1,1,1
1352,5,1476,389,164,343,1,1,1
1353,5,1475,390,164,343,1,1,1
1354,5,1474,390,165,343,1,1,1
1355,5,1473,390,165,343,1,1,1
1356,5,1471,390,165,342,1,1,1
1357,5,1471,392,165,343,1,1,1
1358,5,1471,394,164,341,1,1,1
1359,5,1470,395,164,341,1,1,1
1360,5,1470,396,163,341,1,1,1
1361,5,1469,397,161,339,1,1,1
1362,5,1468,399,162,339,1,1,1
1363,5,1467,400,162,339,1,1,1
1364,5,1466,402,162,338,1,1,1
1365,5,1465,403,162,338,1,1,1
1366,5,1464,404,161,337,1,1,1
1367,5,1465,406,160,337,1,1,1
1368,5,1466,407,158,336,1,1,1
1369,5,1467,409,156,335,1,1,1
1370,5,1468,410,155,335,1,1,1
1371,5,1468,411,153,333,1,1,1
1372,5,1464,413,163,334,1,1,1
1373,5,1460,415,172,334,1,1,1
1374,5,1456,417,181,334,1,1,1
1375,5,1452,418,190,335,1,1,1
1376,5,1447,420,200,334,1,1,1
1377,5,1441,421,202,334,1,1,1
1378,5,1433,422,205,334,1,1,1
1379,5,1426,423,207,333,1,1,1
1380,5,1419,424,208,333,1,1,1
1381,5,1412,424,210,332,1,1,1
1382,5,1413,424,198,333,1,1,1
1383,5,1414,424,186,332,1,1,1
1384,5,1415,424,173,332,1,1,1
1385,5,1416,424,161,332,1,1,1
1386,5,1416,424,148,330,1,1,1
1387,5,1415,424,145,332,1,1,1
1388,5,1414,423,142,334,1,1,1
1389,5,1413,422,138,336,1,1,1
1390,5,1411,421,135,337,1,1,1
1391,5,1410,420,130,338,1,1,1
1392,5,1411,421,134,336,1,1,1
1393,5,1411,421,138,334,1,1,1
1394,5,1411,422,142,331,1,1,1
1395,5,1412,422,145,329,1,1,1
1396,5,1412,422,148,326,1,1,1
1397,5,1415,422,143,326,1,1,1
1398,5,1417,421,137,326,1,1,1
1399,5,1420,420,130,327,1,1,1
1400,5,1422,419,125,327,1,1,1
1401,5,1424,418,118,326,1,1,1
1402,5,1428,416,120,325,1,1,1
1403,5,1432,414,121,324,1,1,1
1404,5,1436,412,123,322,1,1,1
1405,5,1439,410,125,320,1,1,1
1406,5,1442,408,126,318,1,1,1
1407,5,1445,408,126,317,1,1,1
1408,5,1447,408,126,315,1,1,1
1409,5,1449,408,125,314,1,1,1
1410,5,1451,408,125,312,1,1,1
1411,5,1453,408,124,310,1,1,1
1412,5,1456,409,123,309,1,1,1
1413,5,1458,410,122,308,1,1,1
1414,5,1460,411,121,307,1,1,1
1415,5,1463,411,119,307,1,1,1
1416,5,1465,412,118,306,1,1,1
1417,5,1467,411,115,305,1,1,1
1418,5,1469,409,112,305,1,1,1
1419,5,1471,407,109,305,1,1,1
1420,5,1473,406,106,304,1,1,1
1421,5,1475,404,102,304,1,1,1
1422,5,1478,403,104,302,1,1,1
1423,5,1481,402,106,300,1,1,1
1424,5,1484,402,107,296,1,1,1
1425,5,1487,401,109,294,1,1,1
1426,5,1489,400,110,291,1,1,1
1427,5,1493,400,115,292,1,1,1
1428,5,1497,400,119,291,1,1,1
1429,5,1501,400,122,291,1,1,1
1430,5,1505,400,126,291,1,1,1
1431,5,1508,400,130,290,1,1,1
1432,5,1513,399,128,291,1,1,1
1433,5,1518,399,126,290,1,1,1
1434,5,1523,398,124,290,1,1,1
1435,5,1528,397,121,291,1,1,1
1436,5,1532,396,118,290,1,1,1
1461,5,1623,367,92,274,1,1,1
1462,5,1627,367,94,275,1,1,1
1463,5,1631,366,95,276,1,1,1
1464,5,1635,365,97,276,1,1,1
1465,5,1639,364,98,277,1,1,1
1466,5,1642,363,100,277,1,1,1
1467,5,1645,363,103,277,1,1,1
1468,5,1647,362,106,278,1,1,1
1469,5,1649,362,109,277,1,1,1
1470,5,1651,361,112,277,1,1,1
1471,5,1652,360,115,277,1,1,1
1472,5,1656,360,113,277,1,1,1
1473,5,1659,359,110,277,1,1,1
1474,5,1662,359,107,277,1,1,1
1475,5,1665,358,105,277,1,1,1
1476,5,1667,357,102,276,1,1,1
1477,5,1669,357,100,278,1,1,1
1478,5,1671,356,97,279,1,1,1
1479,5,1672,355,96,280,1,1,1
1480,5,1674,354,93,281,1,1,1
1481,5,1675,353,90,281,1,1,1
1482,5,1676,353,97,282,1,1,1
1483,5,1676,353,104,281,1,1,1
1484,5,1677,353,109,281,1,1,1
1485,5,1677,352,116,281,1,1,1
1486,5,1677,351,122,281,1,1,1
1487,5,1679,351,120,282,1,1,1
1488,5,1680,350,119,283,1,1,1
1489,5,1682,350,116,282,1,1,1
1490,5,1683,349,115,283,1,1,1
1491,5,1684,348,112,283,1,1,1
1492,5,1686,348,111,284,1,1,1
1493,5,1686,347,112,285,1,1,1
1494,5,1687,346,111,286,1,1,1
1495,5,1688,345,110,287,1,1,1
1496,5,1689,344,109,287,1,1,1
1497,5,1686,346,113,288,1,1,1
1498,5,1683,347,116,290,1,1,1
1499,5,1680,348,119,292,1,1,1
1500,5,1677,349,122,293,1,1,1
1011,7,1250,467,54,161,1,1,1
1012,7,1250,467,55,161,1,1,1
1013,7,1250,466,55,162,1,1,1
1014,7,1249,466,55,161,1,1,1
1015,7,1249,465,55,161,1,1,1
1016,7,1248,464,55,160,1,1,1
1017,7,1248,464,56,161,1,1,1
1018,7,1249,464,55,161,1,1,1
1019,7,1249,463,55,161,1,1,1
1020,7,1249,463,54,161,1,1,1
1021,7,1249,462,54,161,1,1,1
1022,7,1249,462,55,161,1,1,1
1023,7,1249,461,55,161,1,1,1
1024,7,1249,461,55,161,1,1,1
1025,7,1248,461,56,161,1,1,1
1026,7,1248,460,56,160,1,1,1
1027,7,1250,461,55,160,1,1,1
1028,7,1252,461,54,159,1,1,1
1029,7,1253,461,53,158,1,1,1
1030,7,1255,461,52,158,1,1,1
1031,7,1256,460,50,157,1,1,1
1032,7,1256,461,51,154,1,1,1
1033,7,1255,462,52,150,1,1,1
1034,7,1254,462,53,148,1,1,1
1035,7,1253,463,54,144,1,1,1
1036,7,1252,463,54,140,1,1,1
1056,7,1238,456,61,159,1,1,1
1057,7,1238,456,61,159,1,1,1
1058,7,1238,456,61,159,1,1,1
1059,7,1238,456,60,159,1,1,1
1060,7,1238,456,59,159,1,1,1
1061,7,1238,455,57,159,1,1,1
1062,7,1238,454,57,160,1,1,1
1063,7,1237,454,56,159,1,1,1
1064,7,1237,453,55,159,1,1,1
1065,7,1236,452,54,159,1,1,1
1066,7,1235,450,53,159,1,1,1
1067,7,1235,450,53,160,1,1,1
1068,7,1234,450,54,160,1,1,1
1069,7,1234,450,53,160,1,1,1
1070,7,1233,450,53,160,1,1,1
1071,7,1232,449,53,160,1,1,1
1072,7,1231,449,55,161,1,1,1
1073,7,1230,448,56,161,1,1,1
1074,7,1229,448,57,161,1,1,1
1075,7,1228,447,58,162,1,1,1
1076,7,1226,446,59,161,1,1,1
1077,7,1227,447,58,161,1,1,1
1078,7,1227,447,56,161,1,1,1
1079,7,1227,447,55,160,1,1,1
1080,7,1227,447,54,160,1,1,1
1081,7,1226,447,53,158,1,1,1
1082,7,1226,447,54,159,1,1,1
1083,7,1225,447,56,159,1,1,1
1084,7,1224,446,58,160,1,1,1
1085,7,1223,446,59,159,1,1,1
1086,7,1221,445,61,159,1,1,1
1121,7,1217,440,54,160,1,1,1
1122,7,1217,440,54,161,1,1,1
1123,7,1216,440,55,160,1,1,1
1124,7,1216,439,55,161,1,1,1
1125,7,1215,439,56,161,1,1,1
1126,7,1214,438,55,160,1,1,1
1127,7,1215,439,55,160,1,1,1
1128,7,1215,439,55,161,1,1,1
1129,7,1215,439,55,161,1,1,1
1130,7,1214,440,56,160,1,1,1
1131,7,1214,439,55,161,1,1,1
1132,7,1214,439,56,161,1,1,1
1133,7,1214,439,56,161,1,1,1
1134,7,1214,438,57,162,1,1,1
1135,7,1214,437,57,162,1,1,1
1136,7,1214,436,57,162,1,1,1
1137,7,1214,437,57,162,1,1,1
1138,7,1214,437,56,162,1,1,1
1139,7,1214,438,56,160,1,1,1
1140,7,1215,438,55,160,1,1,1
1141,7,1214,438,54,159,1,1,1
1142,7,1214,438,56,160,1,1,1
1143,7,1213,437,57,160,1,1,1
1144,7,1213,437,57,160,1,1,1
1145,7,1212,436,59,161,1,1,1
1146,7,1211,435,59,160,1,1,1
1147,7,1212,436,59,160,1,1,1
1148,7,1212,436,59,160,1,1,1
1149,7,1213,436,58,160,1,1,1
1150,7,1213,436,58,160,1,1,1
1151,7,1213,436,56,159,1,1,1
1152,7,1213,436,58,159,1,1,1
1153,7,1212,435,60,159,1,1,1
1154,7,1210,434,62,160,1,1,1
1155,7,1209,433,64,160,1,1,1
1156,7,1208,432,65,159,1,1,1
1157,7,1209,434,64,158,1,1,1
1158,7,1210,435,63,158,1,1,1
1159,7,1211,436,62,157,1,1,1
1160,7,1211,438,62,155,1,1,1
1161,7,1212,438,61,155,1,1,1
1162,7,1212,438,62,155,1,1,1
1163,7,1212,436,62,157,1,1,1
1164,7,1212,435,63,158,1,1,1
1165,7,1212,434,63,158,1,1,1
1166,7,1212,432,63,159,1,1,1
1167,7,1213,433,62,160,1,1,1
1168,7,1213,433,61,161,1,1,1
1169,7,1213,434,60,162,1,1,1
1170,7,1214,434,58,163,1,1,1
1171,7,1214,434,57,163,1,1,1
1172,7,1215,435,57,162,1,1,1
1173,7,1215,436,58,160,1,1,1
1174,7,1216,436,58,160,1,1,1
1175,7,1216,436,59,159,1,1,1
1176,7,1216,436,59,157,1,1,1
1177,7,1216,436,61,159,1,1,1
1178,7,1216,436,63,160,1,1,1
1179,7,1216,436,64,160,1,1,1
1180,7,1216,435,66,162,1,1,1
1181,7,1216,434,67,163,1,1,1
1182,7,1216,435,67,163,1,1,1
1183,7,1216,435,67,163,1,1,1
1184,7,1216,435,66,163,1,1,1
1185,7,1216,435,66,163,1,1,1
1186,7,1216,434,65,163,1,1,1
1187,7,1217,436,65,162,1,1,1
1188,7,1217,437,65,161,1,1,1
1189,7,1218,438,64,160,1,1,1
1190,7,1218,440,64,158,1,1,1
1191,7,1218,440,63,157,1,1,1
1192,7,1219,441,63,157,1,1,1
1193,7,1219,441,63,158,1,1,1
1194,7,1220,441,63,158,1,1,1
1195,7,1220,441,63,159,1,1,1
1196,7,1220,440,63,159,1,1,1
1197,7,1221,441,64,159,1,1,1
1198,7,1222,442,64,159,1,1,1
1199,7,1223,442,64,159,1,1,1
1200,7,1224,442,65,160,1,1,1
1201,7,1224,442,65,159,1,1,1
1202,7,1226,443,63,160,1,1,1
1203,7,1228,443,59,160,1,1,1
1204,7,1230,444,56,160,1,1,1
1205,7,1231,444,54,161,1,1,1
1206,7,1232,444,50,160,1,1,1
1207,7,1233,445,51,160,1,1,1
1208,7,1233,445,52,160,1,1,1
1209,7,1234,446,51,159,1,1,1
1210,7,1234,446,52,159,1,1,1
1211,7,1234,446,52,158,1,1,1
1212,7,1234,447,52,159,1,1,1
1213,7,1234,447,52,159,1,1,1
1214,7,1234,447,52,159,1,1,1
1215,7,1233,447,53,159,1,1,1
1216,7,1233,447,52,158,1,1,1
1217,7,1233,447,53,159,1,1,1
1218,7,1233,446,53,160,1,1,1
1219,7,1234,446,52,159,1,1,1
1220,7,1234,446,52,159,1,1,1
1221,7,1234,445,52,159,1,1,1
1222,7,1233,445,53,160,1,1,1
1223,7,1233,446,53,159,1,1,1
1224,7,1232,446,54,159,1,1,1
1225,7,1231,446,55,159,1,1,1
1226,7,1230,445,55,158,1,1,1
1227,7,1231,446,55,158,1,1,1
1228,7,1231,446,56,158,1,1,1
1229,7,1232,446,55,158,1,1,1
1230,7,1232,446,56,158,1,1,1
1231,7,1232,445,55,157,1,1,1
1232,7,1233,446,55,158,1,1,1
1233,7,1233,446,55,158,1,1,1
1234,7,1233,446,55,158,1,1,1
1235,7,1233,446,55,158,1,1,1
1236,7,1233,445,54,158,1,1,1
1237,7,1234,447,55,158,1,1,1
1238,7,1235,447,54,159,1,1,1
1239,7,1235,448,55,159,1,1,1
1240,7,1235,449,56,159,1,1,1
1241,7,1235,449,55,158,1,1,1
1242,7,1237,450,56,159,1,1,1
1243,7,1238,451,56,158,1,1,1
1244,7,1240,451,55,159,1,1,1
1245,7,1241,452,55,158,1,1,1
1246,7,1242,452,54,157,1,1,1
1247,7,1244,454,54,158,1,1,1
1248,7,1246,456,54,158,1,1,1
1249,7,1248,458,54,158,1,1,1
1250,7,1250,460,53,158,1,1,1
1251,7,1251,461,53,157,1,1,1
1252,7,1254,465,53,158,1,1,1
1253,7,1255,469,54,157,1,1,1
1254,7,1257,472,54,157,1,1,1
1255,7,1259,476,54,156,1,1,1
1256,7,1260,479,54,155,1,1,1
1257,7,1263,484,54,156,1,1,1
1258,7,1265,488,55,156,1,1,1
1259,7,1267,492,56,156,1,1,1
1260,7,1269,496,57,157,1,1,1
1261,7,1270,500,57,156,1,1,1
1262,7,1272,504,58,156,1,1,1
1263,7,1274,507,58,157,1,1,1
1264,7,1275,511,59,156,1,1,1
1265,7,1277,515,59,155,1,1,1
1266,7,1278,518,59,155,1,1,1
1267,7,1280,520,59,155,1,1,1
1268,7,1281,522,58,154,1,1,1
1269,7,1282,523,58,155,1,1,1
1270,7,1283,525,58,154,1,1,1
1271,7,1284,526,56,154,1,1,1
1272,7,1285,527,58,155,1,1,1
1273,7,1285,528,59,155,1,1,1
1274,7,1285,529,60,156,1,1,1
1275,7,1285,529,62,157,1,1,1
1276,7,1285,530,62,157,1,1,1
1277,7,1285,530,63,157,1,1,1
1278,7,1284,529,63,158,1,1,1
1279,7,1284,529,63,159,1,1,1
1280,7,1283,528,63,160,1,1,1
1281,7,1282,527,63,160,1,1,1
1282,7,1281,527,63,159,1,1,1
1283,7,1281,526,62,158,1,1,1
1284,7,1280,525,61,158,1,1,1
1285,7,1279,525,61,156,1,1,1
1286,7,1278,523,59,155,1,1,1
1287,7,1277,523,59,156,1,1,1
1288,7,1275,523,59,156,1,1,1
1289,7,1273,522,59,156,1,1,1
1290,7,1271,522,59,156,1,1,1
1291,7,1269,521,57,155,1,1,1
1292,7,1269,521,58,156,1,1,1
1293,7,1268,520,58,156,1,1,1
1294,7,1268,519,57,157,1,1,1
1295,7,1267,518,57,157,1,1,1
1296,7,1266,517,56,157,1,1,1
1297,7,1266,516,56,157,1,1,1
1298,7,1265,514,56,158,1,1,1
1299,7,1264,513,56,158,1,1,1
1300,7,1264,511,55,159,1,1,1
1301,7,1262,509,55,158,1,1,1
1302,7,1262,509,55,158,1,1,1
1303,7,1260,508,56,157,1,1,1
1304,7,1259,507,56,157,1,1,1
1305,7,1258,506,56,156,1,1,1
1306,7,1256,505,56,155,1,1,1
1307,7,1256,504,57,156,1,1,1
1308,7,1256,502,56,158,1,1,1
1309,7,1256,501,55,159,1,1,1
1310,7,1256,499,54,160,1,1,1
1311,7,1255,497,54,161,1,1,1
1326,7,1244,486,50,155,1,1,1
1327,7,1242,486,53,156,1,1,1
1328,7,1240,485,54,156,1,1,1
1329,7,1238,484,56,157,1,1,1
1330,7,1236,484,58,157,1,1,1
1331,7,1233,482,59,157,1,1,1
1332,7,1234,482,60,158,1,1,1
1333,7,1234,482,60,157,1,1,1
1334,7,1235,481,59,158,1,1,1
1335,7,1235,481,59,157,1,1,1
1336,7,1235,480,59,157,1,1,1
1337,7,1234,480,59,155,1,1,1
1338,7,1234,479,57,154,1,1,1
1339,7,1233,479,56,152,1,1,1
1340,7,1232,478,55,151,1,1,1
1341,7,1231,477,53,149,1,1,1
1366,7,1215,486,60,155,1,1,1
1367,7,1215,487,60,156,1,1,1
1368,7,1215,488,59,156,1,1,1
1369,7,1215,490,58,155,1,1,1
1370,7,1215,491,57,155,1,1,1
1371,7,1215,491,56,154,1,1,1
1372,7,1214,492,57,156,1,1,1
1373,7,1213,493,57,155,1,1,1
1374,7,1213,493,57,156,1,1,1
1375,7,1212,493,57,157,1,1,1
1376,7,1211,493,57,157,1,1,1
1377,7,1210,494,58,156,1,1,1
1378,7,1210,494,59,155,1,1,1
1379,7,1209,494,60,155,1,1,1
1380,7,1209,494,60,154,1,1,1
1381,7,1208,493,61,153,1,1,1
1382,7,1208,494,61,154,1,1,1
1383,7,1207,495,61,154,1,1,1
1384,7,1207,495,60,154,1,1,1
1385,7,1207,496,59,154,1,1,1
1386,7,1206,495,59,155,1,1,1
1387,7,1206,496,60,155,1,1,1
1388,7,1206,497,61,154,1,1,1
1389,7,1206,497,62,154,1,1,1
1390,7,1206,498,63,153,1,1,1
1391,7,1206,497,63,153,1,1,1
1392,7,1205,497,64,154,1,1,1
1393,7,1204,496,65,155,1,1,1
1394,7,1204,496,64,155,1,1,1
1395,7,1203,495,65,156,1,1,1
1396,7,1202,493,65,157,1,1,1
1397,7,1202,493,65,158,1,1,1
1398,7,1203,492,64,158,1,1,1
1399,7,1203,491,64,159,1,1,1
1400,7,1204,491,63,158,1,1,1
1401,7,1204,489,63,159,1,1,1
1402,7,1204,490,63,159,1,1,1
1403,7,1204,491,63,158,1,1,1
1404,7,1204,491,62,158,1,1,1
1405,7,1204,491,62,158,1,1,1
1406,7,1204,491,61,157,1,1,1
1407,7,1204,492,62,157,1,1,1
1408,7,1204,492,63,158,1,1,1
1409,7,1204,492,64,158,1,1,1
1410,7,1204,492,65,159,1,1,1
1411,7,1204,491,65,159,1,1,1
1412,7,1205,491,64,161,1,1,1
1413,7,1207,490,62,163,1,1,1
1414,7,1208,489,60,164,1,1,1
1415,7,1209,489,59,165,1,1,1
1416,7,1210,487,57,167,1,1,1
1417,7,1208,488,59,166,1,1,1
1418,7,1205,488,61,165,1,1,1
1419,7,1203,488,62,163,1,1,1
1420,7,1200,488,64,162,1,1,1
1421,7,1197,487,65,161,1,1,1
1422,7,1198,487,66,161,1,1,1
1423,7,1198,487,68,160,1,1,1
1424,7,1198,487,69,160,1,1,1
1425,7,1198,486,70,160,1,1,1
1426,7,1197,485,71,159,1,1,1
1456,7,1209,485,57,158,1,1,1
1457,7,1209,485,58,159,1,1,1
1458,7,1209,485,58,160,1,1,1
1459,7,1209,485,58,160,1,1,1
1460,7,1209,485,58,160,1,1,1
1461,7,1208,485,57,160,1,1,1
1462,7,1209,486,58,159,1,1,1
1463,7,1208,486,59,159,1,1,1
1464,7,1208,486,59,159,1,1,1
1465,7,1208,486,59,159,1,1,1
1466,7,1207,486,58,157,1,1,1
1467,7,1208,486,58,158,1,1,1
1468,7,1208,486,58,158,1,1,1
1469,7,1208,486,58,158,1,1,1
1470,7,1208,485,57,159,1,1,1
1471,7,1207,485,57,158,1,1,1
1472,7,1208,485,57,159,1,1,1
1473,7,1208,485,57,159,1,1,1
1474,7,1208,485,57,159,1,1,1
1475,7,1208,485,58,159,1,1,1
1476,7,1207,485,57,158,1,1,1
1477,7,1208,485,57,159,1,1,1
1478,7,1208,484,57,159,1,1,1
1479,7,1208,484,56,159,1,1,1
1480,7,1208,483,56,159,1,1,1
1481,7,1207,482,56,159,1,1,1
1482,7,1207,483,57,159,1,1,1
1483,7,1207,483,57,158,1,1,1
1484,7,1207,484,57,157,1,1,1
1485,7,1207,484,57,157,1,1,1
1486,7,1207,484,56,155,1,1,1
1487,7,1207,484,57,156,1,1,1
1488,7,1207,484,57,156,1,1,1
1489,7,1207,483,56,157,1,1,1
1490,7,1207,483,56,157,1,1,1
1491,7,1207,482,55,157,1,1,1
1002,9,1924,336,69,191,1,1,1
1003,9,1923,336,70,190,1,1,1
1004,9,1922,335,70,190,1,1,1
1005,9,1921,335,71,189,1,1,1
1006,9,1919,334,71,188,1,1,1
1007,9,1919,333,72,189,1,1,1
1008,9,1919,332,71,190,1,1,1
1009,9,1918,331,72,191,1,1,1
1010,9,1918,330,71,192,1,1,1
1011,9,1917,328,71,192,1,1,1
1012,9,1917,329,71,192,1,1,1
1013,9,1916,329,71,192,1,1,1
1014,9,1916,329,71,192,1,1,1
1015,9,1915,329,71,191,1,1,1
1016,9,1914,328,70,191,1,1,1
1017,9,1915,328,71,191,1,1,1
1018,9,1916,327,70,191,1,1,1
1019,9,1917,326,69,191,1,1,1
1020,9,1917,325,69,191,1,1,1
1021,9,1917,324,68,190,1,1,1
1022,9,1918,324,69,192,1,1,1
1023,9,1918,324,69,192,1,1,1
1024,9,1919,324,68,192,1,1,1
1025,9,1919,323,68,193,1,1,1
1026,9,1919,322,67,192,1,1,1
1027,9,1919,324,68,191,1,1,1
1028,9,1920,325,66,190,1,1,1
1029,9,1920,325,66,190,1,1,1
1030,9,1920,326,66,188,1,1,1
1031,9,1920,327,65,187,1,1,1
1032,9,1921,327,65,187,1,1,1
1033,9,1923,328,63,187,1,1,1
1034,9,1924,328,63,187,1,1,1
1035,9,1926,328,61,187,1,1,1
1036,9,1927,328,60,187,1,1,1
1051,9,1915,319,60,188,1,1,1
1052,9,1914,319,62,189,1,1,1
1053,9,1913,319,64,189,1,1,1
1054,9,1911,319,66,189,1,1,1
1055,9,1910,319,67,189,1,1,1
1056,9,1908,318,69,190,1,1,1
1057,9,1908,318,68,190,1,1,1
1058,9,1907,318,68,189,1,1,1
1059,9,1906,317,68,189,1,1,1
1060,9,1906,317,67,189,1,1,1
1061,9,1904,316,67,187,1,1,1
1062,9,1904,316,67,188,1,1,1
1063,9,1904,315,66,189,1,1,1
1064,9,1904,314,65,190,1,1,1
1065,9,1903,312,66,191,1,1,1
1066,9,1902,311,64,191,1,1,1
1067,9,1902,311,65,192,1,1,1
1068,9,1902,311,64,191,1,1,1
1069,9,1901,311,65,191,1,1,1
1070,9,1901,311,64,191,1,1,1
1071,9,1900,311,64,190,1,1,1
1072,9,1899,311,65,190,1,1,1
1073,9,1899,310,65,190,1,1,1
1074,9,1898,310,65,190,1,1,1
1075,9,1898,309,65,190,1,1,1
1076,9,1897,308,64,190,1,1,1
1077,9,1897,309,65,190,1,1,1
1078,9,1897,309,65,190,1,1,1
1079,9,1897,309,65,190,1,1,1
1080,9,1897,309,65,190,1,1,1
1081,9,1897,309,64,189,1,1,1
1082,9,1897,309,63,189,1,1,1
1083,9,1896,308,63,190,1,1,1
1084,9,1896,308,62,189,1,1,1
1085,9,1895,307,62,190,1,1,1
1086,9,1895,306,60,189,1,1,1
1087,9,1894,307,61,189,1,1,1
1088,9,1893,307,61,188,1,1,1
1089,9,1891,307,62,188,1,1,1
1090,9,1890,307,63,188,1,1,1
1091,9,1888,306,63,187,1,1,1
1092,9,1888,306,64,189,1,1,1
1093,9,1887,305,64,189,1,1,1
1094,9,1886,304,65,190,1,1,1
1095,9,1885,303,65,191,1,1,1
1096,9,1884,302,66,192,1,1,1
1097,9,1884,302,66,192,1,1,1
1098,9,1883,303,66,191,1,1,1
1099,9,1883,303,66,191,1,1,1
1100,9,1882,303,67,191,1,1,1
1101,9,1881,303,66,189,1,1,1
1102,9,1881,304,67,189,1,1,1
1103,9,1881,304,66,189,1,1,1
1104,9,1881,305,66,188,1,1,1
1105,9,1881,305,65,188,1,1,1
1106,9,1880,305,64,187,1,1,1
1107,9,1881,305,65,188,1,1,1
1108,9,1881,305,66,188,1,1,1
1109,9,1882,305,65,188,1,1,1
1110,9,1882,304,66,189,1,1,1
1111,9,1882,304,65,188,1,1,1
1112,9,1882,304,66,189,1,1,1
1113,9,1882,304,65,189,1,1,1
1114,9,1882,304,65,190,1,1,1
1115,9,1882,304,64,190,1,1,1
1116,9,1881,303,64,190,1,1,1
1117,9,1882,304,64,190,1,1,1
1118,9,1881,304,65,190,1,1,1
1119,9,1881,303,65,190,1,1,1
1120,9,1881,303,65,190,1,1,1
1121,9,1880,303,64,189,1,1,1
1122,9,1881,303,64,189,1,1,1
1123,9,1881,304,64,188,1,1,1
1124,9,1881,304,64,187,1,1,1
1125,9,1882,304,63,187,1,1,1
1126,9,1881,304,63,185,1,1,1
1127,9,1882,304,64,186,1,1,1
1128,9,1881,303,66,187,1,1,1
1129,9,1881,303,67,187,1,1,1
1130,9,1881,302,67,188,1,1,1
1131,9,1880,301,68,188,1,1,1
1132,9,1881,301,68,189,1,1,1
1133,9,1882,300,68,190,1,1,1
1134,9,1882,300,68,190,1,1,1
1135,9,1883,299,67,191,1,1,1
1136,9,1883,298,66,192,1,1,1
1137,9,1883,298,67,192,1,1,1
1138,9,1882,298,68,192,1,1,1
1139,9,1882,298,67,192,1,1,1
1140,9,1881,297,68,192,1,1,1
1141,9,1880,297,68,192,1,1,1
1142,9,1880,297,69,192,1,1,1
1143,9,1880,297,69,192,1,1,1
1144,9,1880,297,69,191,1,1,1
1145,9,1879,297,69,191,1,1,1
1146,9,1878,297,69,190,1,1,1
1147,9,1879,297,69,190,1,1,1
1148,9,1880,296,69,191,1,1,1
1149,9,1880,295,69,192,1,1,1
1150,9,1881,294,68,192,1,1,1
1151,9,1880,293,68,192,1,1,1
1152,9,1881,293,68,191,1,1,1
1153,9,1881,293,67,190,1,1,1
1154,9,1881,293,67,189,1,1,1
1155,9,1881,292,66,189,1,1,1
1156,9,1881,291,65,187,1,1,1
1157,9,1882,293,66,187,1,1,1
1158,9,1882,293,67,188,1,1,1
1159,9,1882,294,67,188,1,1,1
1160,9,1882,295,68,188,1,1,1
1161,9,1881,295,69,187,1,1,1
1162,9,1881,295,70,189,1,1,1
1163,9,1881,294,69,190,1,1,1
1164,9,1880,293,70,191,1,1,1
1165,9,1880,293,69,191,1,1,1
1166,9,1879,291,69,191,1,1,1
1167,9,1880,292,70,192,1,1,1
1168,9,1881,293,70,192,1,1,1
1169,9,1882,293,69,193,1,1,1
1170,9,1883,293,69,194,1,1,1
1171,9,1883,293,69,193,1,1,1
1172,9,1883,294,70,193,1,1,1
1173,9,1883,295,70,191,1,1,1
1174,9,1882,295,71,190,1,1,1
1175,9,1882,296,71,188,1,1,1
1176,9,1881,295,71,187,1,1,1
1177,9,1882,297,71,187,1,1,1
1178,9,1882,298,72,187,1,1,1
1179,9,1883,298,71,188,1,1,1
1180,9,1883,299,72,188,1,1,1
1181,9,1883,300,71,187,1,1,1
1182,9,1884,300,71,188,1,1,1
1183,9,1884,299,70,190,1,1,1
1184,9,1884,299,70,190,1,1,1
1185,9,1884,298,69,191,1,1,1
1186,9,1883,297,69,191,1,1,1
1187,9,1884,299,69,191,1,1,1
1188,9,1884,300,69,191,1,1,1
1189,9,1884,300,69,191,1,1,1
1190,9,1884,301,69,190,1,1,1
1191,9,1883,302,69,189,1,1,1
1192,9,1884,302,76,196,1,1,1
1193,9,1884,301,82,202,1,1,1
1194,9,1884,301,89,208,1,1,1
1195,9,1884,300,95,215,1,1,1
1196,9,1883,300,102,220,1,1,1
1216,9,1898,309,68,156,1,1,1
1217,9,1899,309,68,162,1,1,1
1218,9,1900,309,66,168,1,1,1
1219,9,1900,309,65,173,1,1,1
1220,9,1901,308,64,180,1,1,1
1221,9,1901,308,63,184,1,1,1
1222,9,1901,309,63,185,1,1,1
1223,9,1901,309,64,185,1,1,1
1224,9,1901,310,64,185,1,1,1
1225,9,1900,310,65,186,1,1,1
1226,9,1900,310,64,185,1,1,1
1227,9,1900,309,65,187,1,1,1
1228,9,1901,308,64,188,1,1,1
1229,9,1901,307,65,189,1,1,1
1230,9,1902,306,64,190,1,1,1
1231,9,1902,304,63,191,1,1,1
1232,9,1902,305,65,191,1,1,1
1233,9,1903,306,65,190,1,1,1
1234,9,1903,306,66,190,1,1,1
1235,9,1903,307,66,189,1,1,1
1236,9,1902,307,67,187,1,1,1
1276,9,1949,374,66,186,1,1,1
1277,9,1950,374,67,187,1,1,1
1278,9,1950,374,67,188,1,1,1
1279,9,1950,373,67,189,1,1,1
1280,9,1950,373,68,190,1,1,1
1281,9,1950,372,67,191,1,1,1
1282,9,1948,372,69,191,1,1,1
1283,9,1947,372,70,190,1,1,1
1284,9,1945,371,72,190,1,1,1
1285,9,1944,371,72,189,1,1,1
1286,9,1942,370,73,188,1,1,1
1287,9,1940,370,74,189,1,1,1
1288,9,1938,369,74,189,1,1,1
1289,9,1936,369,74,189,1,1,1
1290,9,1934,368,74,189,1,1,1
1291,9,1931,367,74,189,1,1,1
1292,9,1931,367,73,189,1,1,1
1293,9,1931,366,72,189,1,1,1
1294,9,1930,365,71,190,1,1,1
1295,9,1930,365,70,189,1,1,1
1296,9,1929,364,68,189,1,1,1
1297,9,1929,363,68,189,1,1,1
1298,9,1928,363,68,189,1,1,1
1299,9,1928,362,67,189,1,1,1
1300,9,1927,361,68,189,1,1,1
1301,9,1926,360,67,188,1,1,1
1302,9,1925,359,67,188,1,1,1
1303,9,1924,358,67,187,1,1,1
1304,9,1923,357,66,187,1,1,1
1305,9,1922,356,66,186,1,1,1
1306,9,1920,354,65,185,1,1,1
1307,9,1919,354,66,186,1,1,1
1308,9,1918,354,66,185,1,1,1
1309,9,1917,354,66,184,1,1,1
1310,9,1916,354,66,184,1,1,1
1311,9,1914,353,65,183,1,1,1
1312,9,1914,352,66,184,1,1,1
1313,9,1913,351,67,185,1,1,1
1314,9,1913,350,67,185,1,1,1
1315,9,1912,349,67,185,1,1,1
1316,9,1911,347,67,186,1,1,1
1317,9,1910,346,68,186,1,1,1
1318,9,1909,345,67,186,1,1,1
1319,9,1908,344,67,186,1,1,1
1320,9,1907,342,67,186,1,1,1
1321,9,1906,341,65,185,1,1,1
1322,9,1906,341,66,185,1,1,1
1323,9,1905,340,67,185,1,1,1
1324,9,1905,339,66,186,1,1,1
1325,9,1904,338,67,186,1,1,1
1326,9,1903,337,67,185,1,1,1
1327,9,1903,337,67,186,1,1,1
1328,9,1903,336,67,187,1,1,1
1329,9,1902,335,67,187,1,1,1
1330,9,1902,335,67,187,1,1,1
1331,9,1901,334,67,187,1,1,1
1332,9,1901,333,67,188,1,1,1
1333,9,1900,333,67,187,1,1,1
1334,9,1900,332,66,188,1,1,1
1335,9,1899,331,66,188,1,1,1
1336,9,1898,330,65,188,1,1,1
1337,9,1898,330,66,188,1,1,1
1338,9,1897,329,66,189,1,1,1
1339,9,1896,329,67,189,1,1,1
1340,9,1895,328,67,189,1,1,1
1341,9,1894,328,66,188,1,1,1
1342,9,1894,327,67,189,1,1,1
1343,9,1893,326,67,189,1,1,1
1344,9,1892,326,67,188,1,1,1
1345,9,1892,325,66,189,1,1,1
1346,9,1890,324,66,188,1,1,1
1347,9,1890,324,67,189,1,1,1
1348,9,1890,324,66,189,1,1,1
1349,9,1889,325,67,187,1,1,1
1350,9,1889,325,66,187,1,1,1
1351,9,1887,325,66,187,1,1,1
1352,9,1887,326,67,187,1,1,1
1353,9,1887,326,67,187,1,1,1
1354,9,1886,327,68,187,1,1,1
1355,9,1885,327,68,188,1,1,1
1356,9,1884,327,68,188,1,1,1
1357,9,1883,328,69,188,1,1,1
1358,9,1882,328,70,189,1,1,1
1359,9,1881,329,70,189,1,1,1
1360,9,1880,329,70,189,1,1,1
1361,9,1878,329,71,189,1,1,1
1362,9,1878,331,70,189,1,1,1
1363,9,1878,333,69,188,1,1,1
1364,9,1877,334,69,188,1,1,1
1365,9,1877,335,68,188,1,1,1
1366,9,1876,336,67,187,1,1,1
1367,9,1875,337,69,188,1,1,1
1368,9,1874,338,69,188,1,1,1
1369,9,1873,339,69,188,1,1,1
1370,9,1872,340,70,188,1,1,1
1371,9,1871,340,69,188,1,1,1
1372,9,1871,341,70,189,1,1,1
1373,9,1870,342,70,189,1,1,1
1374,9,1869,343,70,189,1,1,1
1375,9,1868,344,70,188,1,1,1
1376,9,1866,344,70,188,1,1,1
1377,9,1866,345,71,189,1,1,1
1378,9,1865,346,71,189,1,1,1
1379,9,1865,346,71,189,1,1,1
1380,9,1864,347,71,189,1,1,1
1381,9,1863,346,71,189,1,1,1
1421,9,1857,340,73,183,1,1,1
1422,9,1858,341,73,183,1,1,1
1423,9,1859,341,73,183,1,1,1
1424,9,1860,341,73,183,1,1,1
1425,9,1860,341,74,183,1,1,1
1426,9,1861,340,73,183,1,1,1
1427,9,1862,341,72,183,1,1,1
1428,9,1864,340,70,184,1,1,1
1429,9,1865,340,68,184,1,1,1
1430,9,1866,340,66,184,1,1,1
1431,9,1867,340,64,183,1,1,1
1432,9,1867,340,65,184,1,1,1
1433,9,1866,340,66,184,1,1,1
1434,9,1866,340,66,184,1,1,1
1435,9,1865,340,67,184,1,1,1
1436,9,1864,340,67,183,1,1,1
1437,9,1865,339,67,185,1,1,1
1438,9,1864,338,68,186,1,1,1
1439,9,1864,338,68,186,1,1,1
1440,9,1864,337,69,187,1,1,1
1441,9,1863,336,69,187,1,1,1
1442,9,1865,337,68,187,1,1,1
1443,9,1866,337,66,187,1,1,1
1444,9,1867,337,65,186,1,1,1
1445,9,1868,338,64,185,1,1,1
1446,9,1868,338,63,184,1,1,1
1447,9,1869,338,63,185,1,1,1
1448,9,1869,338,64,185,1,1,1
1449,9,1869,338,64,185,1,1,1
1450,9,1869,338,65,185,1,1,1
1451,9,1869,337,64,185,1,1,1
1452,9,1869,337,65,186,1,1,1
1453,9,1869,337,65,186,1,1,1
1454,9,1869,336,65,186,1,1,1
1455,9,1869,335,64,187,1,1,1
1456,9,1868,334,64,186,1,1,1
1457,9,1868,335,66,187,1,1,1
1458,9,1868,335,66,187,1,1,1
1459,9,1867,335,67,188,1,1,1
1460,9,1866,335,68,188,1,1,1
1461,9,1865,335,68,187,1,1,1
1462,9,1866,335,68,188,1,1,1
1463,9,1866,335,68,188,1,1,1
1464,9,1866,335,68,188,1,1,1
1465,9,1866,335,68,187,1,1,1
1466,9,1866,335,67,187,1,1,1
1467,9,1866,335,67,187,1,1,1
1468,9,1866,335,67,187,1,1,1
1469,9,1865,335,68,187,1,1,1
1470,9,1865,335,68,187,1,1,1
1471,9,1864,335,67,186,1,1,1
1472,9,1865,335,67,187,1,1,1
1473,9,1865,335,67,187,1,1,1
1474,9,1865,335,67,187,1,1,1
1475,9,1865,335,67,187,1,1,1
1476,9,1864,334,67,187,1,1,1
1477,9,1865,334,66,188,1,1,1
1478,9,1865,334,66,188,1,1,1
1479,9,1865,334,65,188,1,1,1
1480,9,1866,334,63,187,1,1,1
1481,9,1865,334,62,187,1,1,1
1482,9,1866,334,63,187,1,1,1
1483,9,1866,334,63,187,1,1,1
1484,9,1867,334,63,186,1,1,1
1485,9,1867,334,63,186,1,1,1
1486,9,1867,334,63,185,1,1,1
1487,9,1867,334,64,185,1,1,1
1488,9,1866,333,65,186,1,1,1
1489,9,1866,333,65,185,1,1,1
1490,9,1865,332,66,185,1,1,1
1491,9,1864,331,65,184,1,1,1
1492,9,1865,332,67,185,1,1,1
1493,9,1865,331,67,186,1,1,1
1494,9,1866,331,67,186,1,1,1
1495,9,1866,331,67,186,1,1,1
1496,9,1865,330,68,187,1,1,1
1497,9,1866,330,68,187,1,1,1
1498,9,1866,330,67,186,1,1,1
1499,9,1866,330,66,185,1,1,1
1500,9,1866,330,66,185,1,1,1