1 1 101 227 62 98
1 2 213 191 42 123
1 6 593 44 11 39
2 1 99 227 62 97
2 2 211 191 42 123
2 6 592 44 12 39
3 1 97 226 61 97
3 2 210 191 42 123
3 6 592 44 12 39
4 1 95 225 62 97
4 2 208 191 42 124
4 6 592 44 12 39
5 1 93 224 62 96
5 2 206 191 43 125
5 6 592 44 12 39
6 1 93 224 62 96
6 2 206 191 43 125
6 6 592 44 12 39
7 1 91 224 62 96
7 2 204 189 43 127
7 6 592 44 12 39
8 1 90 223 61 95
8 2 193 191 49 124
8 6 592 44 12 39
9 1 88 222 61 94
9 2 189 193 53 123
9 6 592 44 11 38
10 1 86 222 61 94
10 2 187 193 53 123
10 6 592 44 11 38
11 1 85 221 61 94
11 2 186 193 53 123
11 6 592 44 11 38
12 1 87 221 59 94
12 2 186 193 53 123
12 6 592 44 11 38
13 1 86 221 59 93
13 2 184 193 53 123
13 6 592 44 11 37
14 1 84 220 58 93
14 2 182 194 60 121
14 6 592 44 11 38
15 1 83 220 58 92
15 2 181 194 60 121
15 6 592 44 11 38
16 1 81 219 59 92
16 2 182 194 57 121
16 6 592 44 11 38
17 1 81 218 58 91
17 2 181 194 57 121
17 6 594 44 12 37
18 1 81 218 58 91
18 2 182 194 58 120
18 6 594 44 12 37
19 1 91 216 57 91
19 2 191 193 58 119
19 6 615 45 11 35
20 1 116 214 56 90
20 2 214 186 51 122
20 6 647 46 11 35
21 1 144 211 55 90
21 2 241 188 51 118
22 1 166 210 54 89
22 2 261 188 51 117
23 1 173 210 52 87
23 2 269 187 38 120
24 1 173 210 52 87
24 2 269 187 38 120
25 1 174 209 52 87
25 2 269 187 38 120
26 1 174 208 52 87
26 2 268 187 38 119
27 1 173 208 52 86
27 2 267 187 38 119
28 1 172 207 51 86
28 2 258 186 45 120
29 1 171 206 51 86
29 2 249 186 50 122
30 1 172 206 50 86
30 2 249 186 50 122
31 1 171 205 50 86
31 2 244 186 53 119
32 1 170 205 49 85
32 2 242 186 53 119
33 1 170 204 49 85
33 2 236 187 62 120
34 1 169 204 49 84
34 2 235 187 62 119
35 1 168 203 49 84
35 2 237 187 60 120
36 1 168 203 49 84
36 2 237 187 60 120
37 1 167 202 49 84
37 2 235 187 60 120
38 1 167 202 49 83
38 2 235 186 60 119
39 1 166 201 48 83
39 2 234 186 59 120
40 1 165 201 48 83
40 2 234 186 57 121
41 1 164 200 48 82
41 2 235 186 51 121
42 1 164 200 48 82
42 2 235 186 51 121
43 1 163 200 47 82
43 2 233 186 51 121
44 1 162 199 48 82
44 2 230 185 48 121
45 1 162 199 49 82
45 2 228 185 46 120
46 1 161 198 49 82
46 2 226 185 41 119
47 1 161 198 49 81
47 2 224 185 41 119
48 1 161 198 49 81
48 2 224 185 39 122
49 1 159 197 50 81
49 2 223 185 35 123
50 1 158 197 50 81
50 2 221 185 35 123
51 1 157 196 49 81
51 2 217 185 41 122
52 1 157 196 49 81
52 2 212 185 46 120
53 1 164 195 48 80
53 2 217 187 46 119
54 1 164 195 48 80
54 2 217 187 46 119
55 1 185 193 48 80
55 2 239 186 44 114
56 1 213 192 47 79
56 2 265 185 44 114
57 1 232 191 46 78
57 2 283 185 49 118
58 1 237 191 48 77
58 2 287 185 49 118
59 1 237 190 48 77
59 2 288 183 47 121
60 1 238 190 47 77
60 2 288 183 47 121
61 1 238 189 47 77
61 2 287 182 44 122
62 1 237 189 47 77
62 2 286 182 43 122
63 1 236 188 47 77
63 2 285 182 40 118
64 1 236 188 47 77
64 2 285 182 34 117
65 1 235 187 46 77
65 2 284 182 32 117
66 1 235 187 46 77
66 2 284 182 32 117
67 1 234 187 46 77
67 2 282 182 31 117
68 1 234 186 45 76
68 2 279 182 34 119
69 1 233 186 45 76
69 2 273 182 38 119
70 1 232 185 46 76
70 2 264 182 48 117
71 1 231 185 46 76
71 2 258 182 53 116
72 1 231 185 46 76
72 2 258 182 53 116
73 1 231 184 46 76
73 2 253 182 57 115
74 1 230 184 46 76
74 2 252 182 56 114
75 1 229 183 46 75
75 2 247 183 62 112
76 1 229 184 46 74
76 2 246 183 62 111
77 1 228 184 46 74
77 2 246 184 59 111
78 1 228 184 46 74
78 2 246 184 59 111
79 1 228 184 45 72
79 2 247 184 60 112
80 1 227 183 46 74
80 2 245 184 63 111
81 1 226 182 46 74
81 2 245 184 61 111
82 1 226 182 46 74
82 2 245 184 57 111
83 1 225 181 46 74
83 2 243 184 57 110
84 1 225 181 46 74
84 2 245 184 55 110
85 1 225 180 46 74
85 2 243 184 51 111
86 1 224 181 45 72
86 2 244 181 44 114
87 1 223 181 44 71
87 2 244 181 39 113
88 1 222 181 43 70
88 2 242 181 38 113
89 1 222 181 42 71
89 2 239 181 39 113
90 1 222 181 42 71
90 2 239 181 39 113
91 1 221 181 41 70
91 2 237 181 39 113
92 1 220 181 41 69
92 2 234 181 39 114
93 1 219 182 40 67
93 2 233 181 39 117
94 1 220 182 38 64
94 2 229 181 42 117
95 1 219 182 37 63
95 2 227 181 42 117
96 1 220 181 37 63
96 2 227 181 42 116
97 1 219 181 37 68
97 2 225 181 42 116
98 1 218 181 36 64
98 2 224 181 44 116
99 1 217 181 45 63
99 2 223 181 44 117
100 1 216 181 45 63
100 2 222 181 44 117
101 1 218 181 41 61
101 2 220 180 44 116
102 1 218 181 41 61
102 2 220 180 44 117
103 1 218 177 41 61
103 2 218 180 44 116
104 1 217 176 41 61
104 2 217 179 40 114
105 1 218 173 41 63
105 2 216 179 40 113
106 1 219 172 39 63
106 2 215 178 35 114
107 1 218 171 39 63
107 2 214 177 35 114
108 1 218 171 39 63
108 2 214 177 35 114
109 1 217 171 40 64
109 2 213 177 34 115
110 1 218 172 40 64
110 2 211 176 35 115
111 1 217 171 40 65
111 2 210 176 35 115
112 1 216 171 41 65
112 2 205 175 39 114
113 1 216 171 40 64
113 2 198 175 45 113
114 1 216 171 40 64
114 2 198 175 45 113
115 1 216 170 40 65
115 2 195 175 47 112
116 1 215 169 40 66
116 2 194 175 47 111
117 1 214 169 41 66
117 2 193 173 47 113
118 1 212 168 41 67
118 2 192 173 47 113
119 1 213 167 38 67
119 2 193 172 44 113
120 1 213 167 38 67
120 2 193 172 44 113
121 1 216 165 38 67
121 2 191 171 46 113
122 1 215 166 38 67
122 2 190 170 46 113
123 1 214 165 38 67
123 2 188 169 46 113
124 1 214 165 38 67
124 2 188 169 43 111
125 1 214 164 38 67
125 2 187 168 41 110
126 1 214 164 38 67
126 2 187 168 41 110
127 1 221 163 39 68
127 2 193 167 38 108
128 1 242 162 39 68
128 2 213 165 37 108
128 5 -24 39 27 41
129 1 272 162 39 66
129 2 240 164 37 107
129 5 8 39 28 40
130 1 297 162 37 66
130 2 266 164 38 108
130 5 43 39 22 39
131 1 308 162 40 64
131 2 278 163 40 107
131 5 55 39 21 40
132 1 308 162 40 64
132 2 278 163 40 107
132 5 57 41 20 42
133 1 311 162 40 64
133 2 280 163 40 107
133 5 59 41 20 42
134 1 311 161 40 64
134 2 280 163 40 107
134 5 59 40 20 43
135 1 310 161 41 65
135 2 279 163 40 107
135 5 59 40 20 43
136 1 310 160 40 64
136 2 279 162 40 106
136 5 59 40 20 44
137 1 310 160 40 64
137 2 277 162 40 106
137 5 59 40 20 44
138 1 310 160 40 64
138 2 277 162 40 107
138 5 59 40 20 44
139 1 309 160 40 64
139 2 277 161 40 106
139 5 59 40 20 44
140 1 309 159 40 64
140 2 276 161 39 103
140 5 59 40 20 44
141 1 308 159 40 64
141 2 274 159 37 103
141 5 59 40 20 44
142 1 308 159 40 64
142 2 273 158 37 102
142 5 59 40 20 44
143 1 307 158 40 66
143 2 273 157 37 102
143 5 59 40 20 44
144 1 307 158 40 66
144 2 273 157 37 103
144 5 59 40 19 42
145 1 306 158 41 64
145 2 272 156 37 102
145 5 58 39 20 43
146 1 305 158 41 64
146 2 272 155 38 104
146 5 58 39 20 43
147 1 305 157 41 66
147 2 271 156 39 104
147 5 58 39 20 43
148 1 304 157 41 66
148 2 270 156 39 104
148 5 58 39 20 43
149 1 304 157 41 66
149 2 270 155 39 104
149 5 58 39 18 42
150 1 304 157 41 66
150 2 270 156 39 104
150 5 58 39 18 42
151 1 303 156 41 66
151 2 269 155 39 105
151 5 58 39 18 42
152 1 302 157 41 65
152 2 266 155 41 104
152 5 58 39 18 42
153 1 301 157 41 65
153 2 265 155 41 104
153 5 58 39 18 42
154 1 301 156 41 65
154 2 266 155 39 103
154 5 58 39 18 42
155 1 300 156 41 65
155 2 265 155 39 102
155 5 58 39 18 42
156 1 300 156 41 65
156 2 265 155 39 103
156 5 58 39 18 42
157 1 299 156 41 65
157 2 264 154 39 103
157 5 58 39 18 42
158 1 299 155 41 65
158 2 263 155 39 101
158 5 58 39 18 41
159 1 298 155 40 64
159 2 262 154 39 101
159 5 58 39 18 41
160 1 297 155 40 64
160 2 261 153 39 101
160 5 58 39 18 41
161 1 297 155 40 64
161 2 262 153 36 100
161 5 58 39 18 41
162 1 297 155 40 64
162 2 262 153 36 100
162 5 58 39 18 41
163 1 296 155 40 64
163 2 261 153 36 100
163 5 58 39 18 42
164 1 295 155 40 64
164 2 260 153 36 99
164 5 58 39 18 41
165 1 294 155 40 64
165 2 259 153 33 96
165 5 58 40 18 41
166 1 294 156 40 64
166 2 258 153 33 96
166 5 58 40 18 42
167 1 293 156 40 64
167 2 257 153 33 96
167 5 58 40 18 42
168 1 293 156 40 64
168 2 257 153 33 96
168 5 58 40 18 42
169 1 292 156 40 64
169 2 256 154 34 99
169 5 58 40 18 42
170 1 292 156 40 64
170 2 254 154 35 99
170 5 58 40 18 42
171 1 291 156 40 64
171 2 253 154 35 98
171 5 58 40 18 42
172 1 291 156 40 63
172 2 252 154 35 98
172 5 58 40 18 42
173 1 290 156 40 63
173 2 251 154 34 97
173 5 58 40 18 41
174 1 290 156 40 63
174 2 251 154 34 98
174 5 58 40 18 41
175 1 289 155 40 63
175 2 250 154 34 97
175 5 58 40 18 41
176 1 288 155 39 63
176 2 249 154 34 97
176 5 58 40 18 41
177 1 288 155 39 63
177 2 249 154 34 97
177 5 58 40 18 41
178 1 287 155 39 63
178 2 248 153 33 96
178 5 58 40 18 41
179 1 286 155 39 63
179 2 248 153 34 90
179 5 58 40 18 41
180 1 286 155 39 63
180 2 248 153 34 90
180 5 58 40 18 41
181 1 286 155 39 62
181 2 247 153 34 90
181 5 58 40 18 41
182 1 285 156 39 62
182 2 247 153 34 89
182 5 58 40 18 41
183 1 284 156 39 62
183 2 245 153 36 89
183 5 58 41 18 41
184 1 284 157 39 62
184 2 245 153 36 89
184 5 58 41 18 42
185 1 283 158 39 62
185 2 244 154 34 92
185 5 58 41 18 42
186 1 283 158 39 62
186 2 244 154 34 92
186 5 58 41 18 41
187 1 282 158 38 61
187 2 243 154 34 92
187 5 58 41 18 42
188 1 282 159 36 62
188 2 243 155 34 92
188 5 58 41 18 42
189 1 281 159 36 62
189 2 242 155 34 92
189 5 59 41 18 42
190 1 281 159 36 62
190 2 243 155 33 93
190 5 59 42 18 41
191 1 280 159 37 62
191 2 239 155 36 91
191 5 59 42 18 41
192 1 280 159 37 62
192 2 239 155 36 91
192 5 59 41 18 42
193 1 279 159 37 62
193 2 237 155 38 94
193 5 59 42 18 41
194 1 278 159 37 62
194 2 236 155 38 94
194 5 59 42 18 41
195 1 277 158 37 62
195 2 238 155 35 93
195 5 59 42 18 41
196 1 277 158 37 62
196 2 237 154 35 93
196 5 59 42 18 42
197 1 276 158 36 61
197 2 236 154 35 93
197 5 60 42 18 41
198 1 276 158 36 61
198 2 236 154 35 93
198 5 60 42 18 41
199 1 275 158 36 61
199 2 234 153 35 93
199 5 60 42 18 41
200 1 275 158 35 61
200 2 233 153 35 92
200 5 60 42 18 42
201 1 274 157 35 61
201 2 232 153 35 91
201 5 60 42 18 42
202 1 273 158 36 61
202 2 231 153 33 90
202 5 60 42 18 42
203 1 272 159 36 61
203 2 230 153 33 90
203 5 60 42 18 42
204 1 272 159 36 61
204 2 230 153 33 90
204 5 60 42 18 42
205 1 272 159 36 61
205 2 229 154 32 88
205 5 60 42 18 41
206 1 271 160 36 60
206 2 228 155 32 88
206 5 60 42 18 41
207 1 270 161 36 60
207 2 227 156 32 88
207 5 61 43 17 41
208 1 270 162 36 60
208 2 226 157 33 90
208 5 61 43 17 41
209 1 269 162 36 60
209 2 225 158 33 90
209 5 61 43 17 41
210 1 269 162 36 60
210 2 225 158 33 90
210 5 61 43 17 41
211 1 268 162 35 60
211 2 224 158 33 90
211 5 61 44 17 41
212 1 268 163 36 60
212 2 223 159 33 90
212 5 61 44 17 41
213 1 267 163 36 60
213 2 223 159 33 90
213 5 61 44 17 41
214 1 267 163 35 59
214 2 222 159 33 90
214 5 61 44 17 41
215 1 266 163 35 59
215 2 221 159 34 88
215 5 61 44 17 41
216 1 266 163 35 59
216 2 221 159 34 88
216 5 61 44 17 41
217 1 265 163 35 59
217 2 220 159 34 88
217 5 61 44 17 41
218 1 265 163 35 59
218 2 220 158 34 87
218 5 61 44 17 41
219 1 264 162 35 59
219 2 219 158 32 88
219 5 61 44 17 41
220 1 264 162 35 59
220 2 219 157 32 88
220 5 61 44 17 41
221 1 263 162 34 58
221 2 218 157 32 87
221 5 61 44 17 42
222 1 263 162 34 58
222 2 218 157 32 88
222 5 61 44 17 42
223 1 263 162 34 58
223 2 218 156 32 87
223 5 61 44 17 42
224 1 262 161 34 58
224 2 218 156 32 87
224 5 61 44 17 42
225 1 262 161 34 58
225 2 217 155 32 87
225 5 61 44 17 41
226 1 261 160 34 58
226 2 217 155 32 87
226 5 61 44 17 41
227 1 260 160 34 58
227 2 217 155 31 86
227 5 61 44 17 41
228 1 260 160 34 58
228 2 217 155 31 86
228 5 61 44 17 41
229 1 260 160 34 58
229 2 217 154 31 86
229 5 61 44 17 41
230 1 260 159 34 58
230 2 217 154 31 86
230 5 61 44 16 41
231 1 258 159 34 57
231 2 216 154 31 85
231 5 61 44 16 41
232 1 259 158 34 57
232 2 215 153 32 87
232 5 61 44 16 41
233 1 258 158 34 57
233 2 215 153 32 87
233 5 61 44 17 41
234 1 258 158 34 57
234 2 215 153 32 87
234 5 61 44 17 41
235 1 258 158 34 57
235 2 214 152 33 85
235 5 61 44 17 41
236 1 257 157 33 57
236 2 212 151 34 85
236 5 61 44 17 41
237 1 257 157 33 57
237 2 212 151 34 85
237 5 61 44 17 41
238 1 256 157 34 56
238 2 211 150 34 85
238 5 61 44 17 41
239 1 256 157 34 56
239 2 210 149 34 84
239 5 61 43 17 41
240 1 255 157 34 56
240 2 210 149 34 84
240 5 61 43 17 41
241 1 255 156 34 56
241 2 209 149 34 84
241 5 61 43 17 41
242 1 254 156 34 56
242 2 209 147 34 85
242 5 61 43 16 41
243 1 254 156 34 56
243 2 208 147 34 85
243 5 61 43 17 41
244 1 253 155 34 55
244 2 207 146 33 85
244 5 61 43 16 40
245 1 253 155 34 55
245 2 207 146 33 85
245 5 61 43 16 40
246 1 253 155 34 55
246 2 207 146 32 85
246 5 61 43 16 40
247 1 252 155 34 55
247 2 207 146 32 85
247 5 61 43 16 39
248 1 252 154 34 55
248 2 206 146 32 85
248 5 61 43 16 39
249 1 251 154 33 55
249 2 206 146 32 85
249 5 61 43 16 39
250 1 251 153 33 55
250 2 205 146 33 85
250 5 61 43 16 40
251 1 250 153 33 55
251 2 205 146 33 84
251 5 61 43 16 40
252 1 250 153 33 55
252 2 204 146 34 83
252 5 61 43 16 40
253 1 250 153 33 55
253 2 204 146 34 83
253 5 61 43 16 40
254 1 249 153 33 55
254 2 203 146 34 83
254 5 61 43 16 40
255 1 249 152 33 55
255 2 203 145 34 83
255 5 61 43 16 40
256 1 248 152 33 54
256 2 203 145 34 83
256 5 61 43 16 40
257 1 247 152 33 54
257 2 203 143 34 83
257 5 59 43 17 40
258 1 247 152 33 54
258 2 203 143 34 83
258 5 59 43 17 40
259 1 247 151 33 54
259 2 203 142 34 83
259 5 59 43 17 40
260 1 246 151 33 54
260 2 202 142 34 83
260 5 59 43 17 40
261 1 246 151 33 54
261 2 202 142 33 83
261 5 59 43 17 40
262 1 245 151 33 54
262 2 202 141 31 83
262 5 59 43 17 40
263 1 245 151 33 54
263 2 202 141 31 83
263 5 59 43 17 39
264 1 245 151 33 54
264 2 202 141 31 83
264 5 59 43 17 39
265 1 244 151 33 54
265 2 202 141 31 83
265 5 59 43 17 39
266 1 243 149 33 55
266 2 201 140 31 84
266 5 59 43 17 39
267 1 242 149 33 55
267 2 201 140 31 83
267 5 59 43 17 39
268 1 242 149 33 55
268 2 201 140 31 83
268 5 59 43 17 39
269 1 241 148 33 55
269 2 200 140 31 84
269 5 59 43 17 39
270 1 241 148 33 55
270 2 200 140 31 83
270 5 59 43 17 40
271 1 241 148 33 55
271 2 200 140 31 84
271 5 59 43 17 39
272 1 240 148 33 55
272 2 200 141 31 82
272 5 58 43 17 39
273 1 239 148 33 55
273 2 199 140 31 83
273 5 58 43 17 39
274 1 239 148 33 55
274 2 199 140 31 83
274 5 58 43 17 38
275 1 238 148 34 56
275 2 198 140 31 83
275 5 57 43 17 38
276 1 238 148 34 56
276 2 198 140 31 83
276 5 57 43 17 38
277 1 237 148 34 56
277 2 198 140 31 82
277 5 57 43 17 38
278 1 237 148 34 56
278 2 197 140 31 82
278 5 57 43 17 38
279 1 237 148 34 56
279 2 197 140 31 82
279 5 57 43 17 40
280 1 236 148 34 56
280 2 196 140 31 83
280 5 57 43 17 40
281 1 236 148 34 56
281 2 195 140 31 82
281 5 56 43 17 40
282 1 236 148 34 56
282 2 195 140 31 82
282 5 56 43 18 41
283 1 235 148 34 56
283 2 195 139 31 83
283 5 56 43 18 41
284 1 235 148 34 56
284 2 194 139 31 83
284 5 56 43 18 41
285 1 234 148 34 56
285 2 193 140 31 83
285 5 55 43 18 40
286 1 234 148 34 56
286 2 193 140 31 84
286 5 55 43 18 40
287 1 234 148 34 56
287 2 193 140 31 83
287 5 54 43 16 40
288 1 233 148 34 56
288 2 192 140 31 83
288 5 54 43 16 40
289 1 233 148 34 55
289 2 192 140 30 82
289 5 53 43 16 40
290 1 232 148 34 56
290 2 192 140 30 82
290 5 53 43 16 40
291 1 232 149 34 56
291 2 191 141 30 82
291 5 51 43 17 40
292 1 231 149 34 56
292 2 191 141 30 83
292 5 51 43 17 40
293 1 231 149 34 56
293 2 191 141 30 83
293 5 51 43 17 40
294 1 231 149 34 56
294 2 190 142 30 83
294 5 50 42 17 41
295 1 231 150 34 56
295 2 189 143 30 83
295 5 50 42 17 41
296 1 230 150 34 56
296 2 189 144 30 83
296 5 49 44 17 40
297 1 230 151 34 56
297 2 188 144 31 84
297 5 49 44 17 40
298 1 229 152 33 57
298 2 188 145 31 84
298 5 48 43 17 42
299 1 229 152 33 57
299 2 188 145 31 84
299 5 48 43 17 42
300 1 229 153 33 57
300 2 187 146 31 84
300 5 48 43 17 40
301 1 228 154 33 57
301 2 187 146 31 84
301 5 47 43 17 40
302 1 227 155 34 55
302 2 186 147 31 84
302 5 46 43 18 42
303 1 226 156 34 55
303 2 185 148 31 85
303 5 45 43 18 41
304 1 226 157 34 55
304 2 185 149 31 85
304 5 45 44 18 42
305 1 226 157 34 55
305 2 185 149 31 86
305 5 45 44 18 42
306 1 225 156 34 57
306 2 184 150 31 86
306 5 45 44 18 40
307 1 224 157 34 57
307 2 184 151 31 86
307 5 44 44 18 42
308 1 225 158 33 57
308 2 183 152 32 86
308 5 43 43 20 43
309 1 224 159 33 57
309 2 182 153 32 87
309 5 43 43 20 43
310 1 224 160 34 57
310 2 182 154 33 87
310 5 42 44 20 43
311 1 224 160 34 57
311 2 182 154 33 87
311 5 42 44 19 43
312 1 223 161 34 57
312 2 181 155 33 87
312 5 42 44 19 43
313 1 223 162 34 57
313 2 181 156 33 88
313 5 41 45 18 43
314 1 222 163 34 58
314 2 180 157 34 89
314 5 41 45 18 43
315 1 222 164 35 58
315 2 179 158 34 89
315 5 41 45 18 43
316 1 221 164 35 58
316 2 179 159 34 90
316 5 40 45 18 43
317 1 221 164 34 58
317 2 179 159 34 90
317 5 40 45 18 43
318 1 221 165 35 58
318 2 178 159 34 90
318 3 -21 101 19 56
318 5 40 45 18 41
319 1 221 165 35 58
319 2 178 160 35 90
319 3 -20 101 19 56
319 5 40 45 18 43
320 1 220 165 35 58
320 2 177 160 35 95
320 3 -20 102 19 56
320 5 40 45 18 43
321 1 220 166 35 58
321 2 176 160 35 95
321 3 -20 102 19 58
321 5 40 45 17 41
322 1 220 166 35 58
322 2 176 160 35 95
322 3 -19 102 20 58
322 5 40 45 17 41
323 1 220 166 35 58
323 2 176 160 35 95
323 3 -20 102 24 55
323 5 40 45 17 41
324 1 219 166 35 60
324 2 175 160 35 96
324 3 -19 102 24 55
324 5 40 45 17 41
325 1 219 166 35 60
325 2 175 160 36 97
325 3 -21 102 27 55
325 5 40 45 17 41
326 1 218 166 35 60
326 2 175 160 36 97
326 3 -20 102 28 55
326 5 39 45 17 40
327 1 218 166 35 60
327 2 174 160 36 97
327 3 -20 102 25 55
327 5 39 45 17 40
328 1 218 166 35 60
328 2 174 160 36 97
328 3 -19 102 25 55
328 5 39 45 17 40
329 1 218 166 35 60
329 2 174 160 35 98
329 3 -19 102 25 55
329 5 39 45 17 40
330 1 218 166 35 60
330 2 174 160 34 95
330 3 -19 102 26 56
330 5 39 45 17 40
331 1 217 167 35 60
331 2 174 160 34 95
331 3 -16 102 25 55
331 5 39 45 17 40
332 1 217 167 38 59
332 2 173 160 34 95
332 3 -16 102 25 55
332 5 39 45 17 40
333 1 217 167 38 59
333 2 173 160 34 95
333 3 -15 101 27 57
333 5 39 45 17 40
334 1 217 167 36 60
334 2 173 160 34 95
334 3 -17 99 31 60
334 5 39 45 17 40
335 1 217 167 36 60
335 2 170 160 37 95
335 3 -17 99 31 60
335 5 39 45 17 40
336 1 217 167 36 60
336 2 170 160 37 95
336 3 -15 99 30 60
336 5 39 45 17 40
337 1 216 167 36 60
337 2 170 160 37 95
337 3 -14 99 30 60
337 5 39 45 17 40
338 1 216 167 36 60
338 2 169 160 37 95
338 3 -14 99 30 60
338 5 39 45 17 40
339 1 216 167 36 60
339 2 169 160 37 95
339 3 -12 100 30 59
339 5 39 45 17 40
340 1 215 167 36 60
340 2 169 160 36 92
340 3 -9 100 29 59
340 5 39 45 17 40
341 1 215 167 36 60
341 2 169 160 36 92
341 3 -9 100 29 59
341 5 39 45 17 40
342 1 215 167 36 60
342 2 169 160 36 92
342 3 -8 101 30 60
342 5 39 45 17 40
343 1 215 167 36 60
343 2 169 160 36 92
343 3 -7 102 30 59
343 5 39 45 17 40
344 1 215 167 36 60
344 2 169 160 36 92
344 3 -6 102 29 60
344 5 39 45 17 40
345 1 215 166 36 60
345 2 169 160 36 91
345 3 -4 102 28 61
345 5 38 45 17 40
346 1 214 166 36 60
346 2 170 160 35 90
346 3 -3 102 27 59
346 5 39 45 17 40
347 1 214 166 36 60
347 2 170 160 35 91
347 3 -3 102 27 57
347 5 39 45 17 40
348 1 214 166 36 60
348 2 170 160 35 90
348 3 -2 102 26 60
348 5 39 45 17 40
349 1 214 166 36 60
349 2 170 160 35 90
349 3 -1 102 26 60
349 5 39 45 16 40
350 1 214 166 36 59
350 2 170 159 35 90
350 3 0 102 26 60
350 5 39 45 16 39
351 1 214 166 36 59
351 2 170 159 35 89
351 3 1 103 29 59
351 5 39 45 16 39
352 1 214 166 35 59
352 2 170 159 35 89
352 3 2 103 29 59
352 5 39 45 16 39
353 1 214 166 35 59
353 2 170 159 35 89
353 3 2 103 29 59
353 5 39 45 16 39
354 1 213 166 35 59
354 2 170 158 35 89
354 3 4 104 28 59
354 5 39 45 16 39
355 1 213 166 35 59
355 2 170 158 35 89
355 3 5 105 28 58
355 5 39 45 16 39
356 1 213 166 35 59
356 2 171 158 35 92
356 3 8 106 27 58
356 5 39 45 16 39
357 1 213 166 35 59
357 2 171 158 35 93
357 3 9 106 27 58
357 5 39 45 16 39
358 1 212 165 35 59
358 2 171 158 35 93
358 3 11 106 29 57
358 5 39 45 16 39
359 1 212 165 35 59
359 2 171 158 35 93
359 3 11 106 29 57
359 5 39 45 16 39
360 1 212 165 35 59
360 2 171 158 35 93
360 3 11 106 30 56
360 5 39 45 16 39
361 1 212 165 35 59
361 2 171 158 35 93
361 3 12 106 30 56
361 5 40 45 16 39
362 1 211 164 35 59
362 2 170 157 32 89
362 3 15 106 29 56
362 5 39 45 16 39
363 1 211 164 35 59
363 2 170 157 32 89
363 3 16 106 27 57
363 5 40 45 16 39
364 1 211 164 35 59
364 2 169 157 32 89
364 3 17 106 27 57
364 5 40 45 16 39
365 1 211 164 35 59
365 2 169 157 32 89
365 3 17 106 28 58
365 5 40 45 16 39
366 1 211 164 35 59
366 2 169 157 32 89
366 3 18 106 29 58
366 5 40 45 16 39
367 1 210 164 35 59
367 2 169 157 34 90
367 3 21 106 30 59
367 5 40 45 16 39
368 1 210 163 35 59
368 2 168 157 34 90
368 3 23 106 30 60
368 5 40 45 16 39
369 1 210 163 35 58
369 2 168 157 34 90
369 3 24 106 31 61
369 5 40 45 16 39
370 1 210 163 35 59
370 2 167 156 34 90
370 3 25 106 32 61
370 5 40 45 16 39
371 1 210 163 35 58
371 2 167 156 34 90
371 3 25 106 32 61
371 5 40 45 16 39
372 1 210 163 35 58
372 2 167 156 34 90
372 3 26 107 32 60
372 5 40 45 16 39
373 1 210 163 35 58
373 2 166 156 34 90
373 3 29 108 31 60
373 5 39 45 16 39
374 1 209 162 35 58
374 2 165 155 34 90
374 3 30 108 31 60
374 5 39 45 16 39
375 1 209 162 35 58
375 2 165 156 33 87
375 3 31 108 31 60
375 4 -20 124 24 56
375 5 39 45 16 39
376 1 209 162 34 57
376 2 163 155 35 90
376 3 33 109 31 59
376 4 -19 124 24 56
376 5 39 45 16 39
377 1 209 162 34 57
377 2 163 155 35 90
377 3 32 109 30 58
377 4 -19 124 24 56
377 5 39 45 16 39
378 1 209 162 34 57
378 2 162 155 35 90
378 3 33 109 30 58
378 4 -18 124 24 56
378 5 39 45 16 39
379 1 209 162 33 57
379 2 162 155 35 90
379 3 35 110 29 59
379 4 -15 125 23 56
379 5 39 45 16 39
380 1 209 162 33 57
380 2 161 155 35 90
380 3 36 109 28 59
380 4 -19 125 28 54
380 5 39 45 16 39
381 1 209 161 33 58
381 2 161 155 35 90
381 3 37 109 28 59
381 4 -20 125 31 54
381 5 39 45 16 39
382 1 209 161 33 58
382 2 160 154 33 88
382 3 39 109 26 60
382 4 -19 125 31 50
382 5 40 45 16 39
383 1 209 161 33 58
383 2 160 154 33 88
383 3 39 109 26 60
383 4 -19 125 31 50
383 5 40 45 16 39
384 1 207 161 34 56
384 2 160 154 33 88
384 3 40 109 27 60
384 4 -18 125 31 50
384 5 40 45 16 39
385 1 207 161 34 56
385 2 159 154 33 88
385 3 41 110 27 59
385 4 -16 128 31 47
385 5 40 45 16 39
386 1 207 160 34 56
386 2 159 154 33 88
386 3 42 110 33 58
386 4 -15 128 31 47
386 5 40 45 16 39
387 1 206 160 34 55
387 2 159 154 33 87
387 3 44 112 32 57
387 4 -14 128 31 47
387 5 40 45 16 39
388 1 206 160 34 55
388 2 158 153 33 87
388 3 45 112 31 56
388 4 -13 130 32 46
388 5 40 45 16 39
389 1 206 159 34 56
389 2 158 153 33 87
389 3 45 112 31 56
389 4 -13 130 32 46
389 5 40 45 16 39
390 1 206 159 34 56
390 2 158 154 33 87
390 3 46 108 31 60
390 4 -10 130 31 46
390 5 40 45 16 39
391 1 206 159 34 56
391 2 158 153 33 87
391 3 47 108 32 60
391 4 -9 130 31 46
391 5 40 45 16 39
392 1 205 158 34 56
392 2 158 153 33 87
392 3 49 109 31 60
392 4 -8 131 30 45
392 5 40 45 16 39
393 1 205 158 34 55
393 2 157 153 32 86
393 3 49 109 32 59
393 4 -8 130 32 47
393 5 40 45 16 39
394 1 205 158 34 55
394 2 157 153 33 87
394 3 50 109 32 58
394 4 -4 132 28 42
394 5 40 45 16 39
395 1 205 158 34 55
395 2 157 153 32 86
395 3 51 109 31 60
395 4 -4 132 28 42
395 5 40 45 16 39
396 1 204 157 34 55
396 2 157 153 32 86
396 3 53 109 30 58
396 4 -4 131 33 51
396 5 40 45 16 39
397 1 204 157 34 55
397 2 157 153 32 86
397 3 55 109 27 57
397 4 -3 131 33 51
397 5 40 45 16 39
398 1 204 157 34 55
398 2 157 152 32 86
398 3 57 109 27 57
398 4 -2 132 33 51
398 5 40 45 16 39
399 1 203 157 34 55
399 2 157 152 32 86
399 3 59 109 29 62
399 4 0 132 32 51
399 5 41 45 16 39
400 1 203 157 33 55
400 2 156 152 32 86
400 3 60 109 29 62
400 4 0 133 32 51
400 5 41 45 16 39
401 1 203 157 33 55
401 2 157 152 32 86
401 3 60 109 30 60
401 4 0 133 32 51
401 5 41 45 16 39
402 1 203 157 33 55
402 2 157 152 32 86
402 3 61 109 31 60
402 4 0 133 34 51
402 5 41 45 16 39
403 1 203 157 33 55
403 2 156 152 32 86
403 3 64 110 32 60
403 4 1 134 34 51
403 5 41 45 16 39
404 1 202 157 33 55
404 2 156 152 32 85
404 3 65 110 32 59
404 4 1 135 34 51
404 5 41 45 16 39
405 1 202 157 33 55
405 2 156 152 32 86
405 3 66 111 33 59
405 4 3 136 32 52
405 5 41 45 16 39
406 1 202 157 33 55
406 2 156 152 32 85
406 3 67 112 33 59
406 4 5 136 31 52
406 5 41 45 16 38
407 1 202 157 33 55
407 2 156 152 32 85
407 3 67 111 33 59
407 4 5 137 31 52
407 5 41 45 16 38
408 1 201 156 33 55
408 2 156 151 32 85
408 3 68 112 33 59
408 4 5 137 31 52
408 5 41 46 16 38
409 1 201 156 33 54
409 2 156 152 32 84
409 3 69 112 33 60
409 4 6 137 31 52
409 5 41 46 16 38
410 1 201 156 33 54
410 2 156 151 32 85
410 3 72 112 34 60
410 4 7 138 31 52
410 5 41 46 16 38
411 1 200 156 33 54
411 2 156 151 32 85
411 3 73 113 29 60
411 4 7 138 32 53
411 5 41 46 16 38
412 1 200 156 33 54
412 2 155 151 31 85
412 3 74 113 29 60
412 4 7 139 32 53
412 5 41 46 16 38
413 1 200 156 33 54
413 2 157 151 29 85
413 3 76 113 27 61
413 4 7 139 31 53
413 5 41 46 16 38
414 1 200 156 33 54
414 2 157 151 29 85
414 3 77 113 24 60
414 4 8 139 31 53
414 5 41 46 16 38
415 1 199 155 33 54
415 2 157 151 29 85
415 3 78 113 24 60
415 4 8 139 32 53
415 5 41 46 16 38
416 1 199 155 33 54
416 2 156 151 29 85
416 3 79 113 24 60
416 4 9 140 33 54
416 5 41 46 16 38
417 1 199 155 33 54
417 2 156 150 29 85
417 3 80 113 30 61
417 4 9 140 33 54
417 5 41 45 16 38
418 1 198 155 33 54
418 2 156 151 29 83
418 3 81 113 30 61
418 4 11 141 32 55
418 5 41 45 16 38
419 1 198 155 33 54
419 2 156 151 29 83
419 3 81 113 30 61
419 4 11 141 32 55
419 5 41 45 16 38
420 1 198 155 33 54
420 2 155 151 30 83
420 3 83 114 29 61
420 4 11 141 32 55
420 5 41 45 16 38
421 1 197 153 33 55
421 2 155 151 30 83
421 3 84 114 29 61
421 4 12 142 32 55
421 5 41 45 16 38
422 1 197 153 32 54
422 2 154 150 31 82
422 3 86 114 29 61
422 4 12 142 32 55
422 5 41 45 16 38
423 1 197 153 32 54
423 2 154 149 31 82
423 3 88 114 29 61
423 4 13 143 32 55
423 5 41 45 16 38
424 1 196 153 33 55
424 2 153 149 31 82
424 3 87 114 32 62
424 4 13 143 32 55
424 5 41 45 16 38
425 1 196 153 32 54
425 2 153 149 31 82
425 3 87 114 32 62
425 4 14 143 32 55
425 5 41 45 16 38
426 1 196 152 33 54
426 2 153 149 31 81
426 3 89 114 33 62
426 4 15 143 33 58
426 5 41 45 16 38
427 1 196 152 32 54
427 2 153 148 31 82
427 3 88 114 35 60
427 4 16 143 33 58
427 5 41 45 16 37
428 1 195 151 33 54
428 2 152 148 30 81
428 3 89 114 29 61
428 4 16 145 35 58
428 5 41 45 16 37
429 1 194 151 33 54
429 2 152 147 31 81
429 3 93 114 26 61
429 4 18 145 34 58
429 5 41 45 16 37
430 1 196 151 32 54
430 2 152 147 31 81
430 3 98 114 26 60
430 4 18 146 34 58
430 5 41 45 16 38
431 1 196 151 32 53
431 2 152 147 31 81
431 3 98 114 26 60
431 4 18 142 32 62
431 5 41 45 16 38
432 1 193 150 32 54
432 2 149 146 33 81
432 3 99 112 26 62
432 4 19 143 32 61
432 5 41 45 16 38
433 1 193 150 32 54
433 2 149 146 33 83
433 3 100 112 29 63
433 4 19 144 32 61
433 5 41 44 16 38
434 1 194 150 31 55
434 2 149 146 33 83
434 3 101 112 29 63
434 4 20 145 32 61
434 5 41 44 16 37
435 1 193 150 31 55
435 2 148 146 33 83
435 3 102 113 31 62
435 4 20 145 32 61
435 5 40 44 16 38
436 1 193 150 31 55
436 2 148 146 33 83
436 3 103 113 31 62
436 4 21 146 32 61
436 5 40 44 16 37
437 1 193 150 32 55
437 2 148 146 33 83
437 3 103 113 31 62
437 4 21 146 32 61
437 5 40 44 16 37
438 1 192 150 32 55
438 2 148 146 33 83
438 3 104 115 31 61
438 4 21 147 32 61
438 5 40 44 16 38
439 1 192 150 32 55
439 2 147 147 33 83
439 3 106 115 31 61
439 4 22 149 32 60
439 5 40 44 16 38
440 1 191 151 32 55
440 2 147 147 33 84
440 3 107 116 31 61
440 4 22 150 32 61
440 5 40 44 16 38
441 1 190 151 31 56
441 2 147 147 32 84
441 3 109 117 30 61
441 4 24 151 31 60
441 5 39 44 16 37
442 1 189 151 31 56
442 2 147 147 32 84
442 3 105 118 34 60
442 4 24 152 31 60
442 5 39 44 16 37
443 1 189 151 31 56
443 2 147 147 32 84
443 3 105 118 34 60
443 4 24 152 31 60
443 5 39 44 16 37
444 1 188 152 31 56
444 2 146 147 32 84
444 3 109 119 32 60
444 4 24 153 31 60
444 5 39 45 16 37
445 1 187 152 31 56
445 2 146 147 32 85
445 3 110 120 32 59
445 4 25 154 31 60
445 5 38 45 16 37
446 1 186 153 31 57
446 2 145 148 32 84
446 3 111 120 25 61
446 4 25 156 31 61
446 5 38 45 16 37
447 1 185 153 31 57
447 2 145 148 32 85
447 3 112 120 25 61
447 4 25 157 31 61
447 5 37 45 15 37
448 1 184 153 32 57
448 2 144 148 32 85
448 3 112 121 25 61
448 4 26 160 31 62
448 5 37 45 15 37
449 1 184 154 32 56
449 2 144 148 32 84
449 3 112 121 25 62
449 4 26 160 31 62
449 5 37 45 15 37
450 1 183 154 32 56
450 2 144 148 32 84
450 3 112 122 25 61
450 4 26 161 31 62
450 5 37 45 15 37
451 1 181 155 32 57
451 2 143 149 32 84
451 3 116 122 27 62
451 4 26 162 33 62
451 5 36 45 15 37
452 1 180 156 32 57
452 2 142 149 32 85
452 3 117 123 27 62
452 4 27 164 33 63
452 5 34 45 16 37
453 1 179 156 32 57
453 2 141 150 30 82
453 3 117 124 27 63
453 4 26 165 33 63
453 5 34 45 16 37
454 1 177 157 32 58
454 2 140 151 30 82
454 3 117 125 27 63
454 4 27 167 33 64
454 5 33 45 16 37
455 1 177 157 32 58
455 2 140 151 30 82
455 3 117 125 27 63
455 4 27 167 33 63
455 5 33 45 16 38
456 1 176 157 32 58
456 2 139 151 30 82
456 3 118 126 27 63
456 4 28 168 32 64
456 5 33 45 16 38
457 1 175 158 33 58
457 2 138 152 30 83
457 3 121 126 27 65
457 4 28 170 33 64
457 5 32 46 16 38
458 1 174 159 33 58
458 2 138 153 30 82
458 3 116 127 33 62
458 4 29 171 33 65
458 5 32 46 16 38
459 1 173 160 33 58
459 2 136 153 30 83
459 3 116 128 33 62
459 4 29 173 33 65
459 5 31 46 16 38
460 1 170 160 34 59
460 2 135 154 30 83
460 3 120 129 31 62
460 4 29 175 33 66
460 5 31 46 16 38
461 1 170 160 34 59
461 2 135 154 30 83
461 3 120 129 31 62
461 4 29 175 33 65
461 5 31 46 16 38
462 1 169 162 34 58
462 2 134 155 31 84
462 3 121 130 30 62
462 4 29 178 33 65
462 5 30 46 16 37
463 1 168 163 34 58
463 2 133 156 31 84
463 3 123 131 32 62
463 4 30 180 34 65
463 5 30 46 16 38
464 1 166 164 34 58
464 2 131 157 31 84
464 3 124 131 32 62
464 4 30 182 34 67
464 5 29 46 16 38
465 1 165 165 34 59
465 2 130 158 31 85
465 3 124 133 30 61
465 4 30 184 34 67
465 5 27 46 17 38
466 1 163 166 34 59
466 2 128 159 31 84
466 3 124 131 30 63
466 4 30 186 35 69
466 5 28 47 16 38
467 1 163 166 34 59
467 2 128 159 31 84
467 3 124 131 30 63
467 4 30 186 35 69
467 5 28 47 16 38
468 1 162 167 35 59
468 2 127 160 31 85
468 3 124 132 30 63
468 4 30 188 35 70
468 5 26 47 16 37
469 1 161 168 35 59
469 2 124 160 32 86
469 3 123 134 30 62
469 4 30 189 36 72
469 5 26 47 16 38
470 1 159 169 35 60
470 2 122 162 32 85
470 3 122 135 30 62
470 4 30 191 36 73
470 5 25 46 16 39
471 1 158 170 35 60
471 2 120 163 31 85
471 3 124 137 27 62
471 4 30 194 37 74
471 5 24 46 16 39
472 1 156 171 35 60
472 2 118 164 31 86
472 3 123 138 27 63
472 4 30 196 37 75
472 5 23 46 16 38
473 1 156 171 35 60
473 2 118 164 31 86
473 3 123 138 30 65
473 4 30 196 37 75
473 5 24 46 16 39
474 1 155 172 35 60
474 2 116 166 32 87
474 3 122 139 30 66
474 4 30 199 38 75
474 5 23 46 16 38
475 1 153 173 35 60
475 2 114 167 32 88
475 3 129 140 26 63
475 4 30 203 38 75
475 5 22 46 16 38
476 1 152 174 34 61
476 2 111 169 34 88
476 3 129 141 26 64
476 4 31 205 37 76
476 5 22 47 16 39
477 1 150 176 35 61
477 2 109 170 34 89
477 3 129 143 26 63
477 4 32 208 39 77
477 5 21 47 16 38
478 1 149 177 35 61
478 2 107 172 35 89
478 3 129 144 26 63
478 4 32 211 39 78
478 5 19 47 17 38
479 1 149 177 35 61
479 2 107 172 34 89
479 3 130 143 26 68
479 4 32 211 39 78
479 5 19 47 17 38
480 1 147 178 35 62
480 2 103 173 36 91
480 3 131 144 25 68
480 4 32 214 39 79
480 5 19 47 17 38
481 1 146 179 35 62
481 2 101 173 36 92
481 3 131 146 28 67
481 4 32 217 40 80
481 5 18 47 17 38
482 1 144 181 35 63
482 2 99 175 36 90
482 3 134 148 25 68
482 4 32 221 40 81
482 5 17 48 16 38
483 1 143 182 36 63
483 2 96 175 37 93
483 3 134 151 25 66
483 4 33 224 40 82
483 5 17 48 16 39
484 1 141 183 36 63
484 2 94 177 35 91
484 3 136 154 24 68
484 4 33 228 41 82
484 5 16 48 16 39
485 1 141 183 36 64
485 2 94 177 35 91
485 3 136 154 24 68
485 4 33 228 41 82
485 5 16 48 16 39
486 1 139 185 36 64
486 2 92 178 35 90
486 3 136 157 24 67
486 4 33 232 40 83
486 5 15 49 16 39
487 1 138 187 36 64
487 2 90 179 35 91
487 3 137 159 23 66
487 4 34 236 42 84
487 5 14 49 16 39
488 1 136 189 37 63
488 2 87 181 36 91
488 3 137 162 23 63
488 4 34 240 42 86
488 5 14 50 16 39
489 1 135 192 37 63
489 2 85 182 36 91
489 3 137 164 23 63
489 4 35 244 42 85
489 5 13 50 16 39
490 1 133 193 37 63
490 2 83 183 36 92
490 3 141 162 23 66
490 4 36 247 43 88
490 5 13 50 16 39
491 1 133 193 37 63
491 2 83 183 36 92
491 3 141 162 23 66
491 4 36 247 43 88
491 5 13 50 16 39
492 1 132 194 37 63
492 2 82 184 36 92
492 3 141 163 25 62
492 4 38 250 43 89
492 5 11 50 17 40
493 1 131 195 37 64
493 2 80 186 36 92
493 3 141 164 25 63
493 4 39 255 43 89
493 5 10 50 18 40
494 1 130 196 37 64
494 2 78 186 36 92
494 3 143 164 27 71
494 4 40 258 44 90
494 5 10 50 18 40
495 1 129 197 37 64
495 2 77 187 37 92
495 3 143 165 31 67
495 4 42 260 44 90
495 5 10 50 18 40
496 1 128 197 37 63
496 2 75 187 36 94
496 3 147 166 33 64
496 4 44 263 45 92
496 5 9 50 18 40
497 1 128 197 37 63
497 2 75 187 36 94
497 3 147 166 32 68
497 4 44 263 45 86
497 5 9 50 18 40
498 1 127 197 37 63
498 2 73 188 37 93
498 3 148 167 35 69
498 4 46 265 45 87
498 5 9 51 18 40
499 1 126 198 37 63
499 2 71 188 37 92
499 3 148 168 40 76
499 4 50 268 45 88
499 5 9 51 18 40
500 1 126 198 37 63
500 2 70 188 37 93
500 3 149 169 40 77
500 4 52 270 46 89
500 5 9 51 18 40
501 1 125 198 37 63
501 2 69 188 37 93
501 3 146 168 45 77
501 4 55 273 47 89
501 5 8 50 18 40
502 1 124 198 37 63
502 2 67 188 37 92
502 3 147 169 45 77
502 4 59 275 46 90
502 5 8 50 18 40
503 1 124 198 37 63
503 2 67 188 37 92
503 3 147 169 45 77
503 4 59 275 46 91
503 5 8 51 18 40
504 1 124 198 37 63
504 2 66 188 37 90
504 3 148 170 45 77
504 4 62 277 47 91
504 5 8 51 16 39
505 1 123 198 37 63
505 2 65 188 37 90
505 3 150 171 46 80
505 4 67 280 45 89
505 5 8 51 16 39
506 1 123 198 37 63
506 2 64 188 37 89
506 3 151 172 46 80
506 4 71 282 45 91
506 5 8 51 16 39
507 1 123 198 37 63
507 2 62 186 38 91
507 3 156 173 43 81
507 4 74 283 48 93
507 5 8 51 16 39
508 1 122 198 37 63
508 2 62 186 38 91
508 3 158 174 42 78
508 4 78 285 48 93
508 5 8 51 16 39
509 1 122 198 37 63
509 2 62 186 38 91
509 3 158 174 42 78
509 4 78 285 48 94
509 5 8 51 16 39
510 1 122 198 37 63
510 2 61 186 38 91
510 3 161 175 36 77
510 4 83 287 47 94
510 5 8 51 16 39
511 1 122 198 37 63
511 2 60 186 38 91
511 3 165 175 33 77
511 4 87 289 48 95
511 5 8 51 16 39
512 1 121 197 37 63
512 2 60 186 38 91
512 3 167 175 32 77
512 4 86 291 54 96
512 5 8 51 16 39
513 1 121 196 37 63
513 2 59 186 38 91
513 3 169 176 33 78
513 4 90 293 55 97
513 5 8 51 16 39
514 1 121 196 37 63
514 2 59 186 38 91
514 3 171 177 34 78
514 4 95 294 56 97
514 5 8 51 18 40
515 1 121 196 37 63
515 2 59 186 38 91
515 3 171 177 34 78
515 4 95 294 56 97
515 5 8 51 18 40
516 1 121 196 36 63
516 2 59 186 38 90
516 3 173 178 37 77
516 4 101 295 55 98
516 5 8 51 16 38
517 1 120 196 36 63
517 2 58 185 37 91
517 3 175 179 39 80
517 4 106 297 53 95
517 5 8 50 18 40
518 1 120 195 36 63
518 2 59 185 39 94
518 3 177 180 39 80
518 4 111 298 53 96
518 5 8 50 18 40
519 1 120 195 36 63
519 2 59 184 39 94
519 3 179 181 39 80
519 4 117 299 54 96
519 5 8 50 18 40
520 1 120 194 36 63
520 2 59 184 39 94
520 3 175 181 45 77
520 4 122 301 54 97
520 5 8 50 16 39
521 1 120 194 36 63
521 2 59 184 39 94
521 3 175 181 44 80
521 4 122 301 54 97
521 5 8 50 16 39
522 1 120 194 36 63
522 2 59 183 39 94
522 3 177 181 44 80
522 4 128 302 54 97
522 5 8 50 16 39
523 1 119 194 36 62
523 2 59 182 39 94
523 3 179 181 40 81
523 4 133 303 54 97
523 5 8 50 16 39
524 1 119 193 36 62
524 2 59 181 39 93
524 3 186 181 34 82
524 4 140 304 53 98
524 5 8 50 16 39
525 1 119 193 36 62
525 2 59 180 39 93
525 3 190 181 31 82
525 4 142 306 57 98
525 5 8 50 16 39
526 1 119 192 36 61
526 2 59 179 40 90
526 3 194 181 31 81
526 4 148 307 58 98
526 5 8 50 16 39
527 1 119 192 36 61
527 2 59 179 40 90
527 3 194 181 31 81
527 4 148 307 58 98
527 5 8 50 16 39
528 1 119 192 36 61
528 2 59 178 40 90
528 3 199 181 32 73
528 4 153 308 59 99
528 5 8 50 16 39
529 1 119 192 35 61
529 2 59 177 40 90
529 3 202 181 31 82
529 4 159 309 59 99
529 5 8 50 16 39
530 1 119 191 35 61
530 2 60 177 40 89
530 3 204 182 35 77
530 4 166 310 58 100
530 5 8 50 16 39
531 1 119 191 35 61
531 2 60 177 40 89
531 3 206 183 35 81
531 4 172 311 58 100
531 5 9 50 17 39
532 1 119 190 35 61
532 2 60 177 39 88
532 3 206 184 38 80
532 4 178 312 59 101
532 5 9 50 17 39
533 1 119 190 35 61
533 2 60 177 41 93
533 3 206 184 38 80
533 4 178 312 58 100
533 5 9 50 17 39
534 1 119 190 35 61
534 2 60 177 41 93
534 3 208 185 38 80
534 4 184 314 58 100
534 5 9 50 17 39
535 1 119 189 35 61
535 2 60 177 41 92
535 3 210 186 37 79
535 4 190 314 60 101
535 5 9 50 17 39
536 1 118 189 34 60
536 2 61 177 40 92
536 3 209 187 42 80
536 4 196 315 60 110
536 5 9 50 17 39
537 1 118 189 34 60
537 2 61 176 40 91
537 3 211 188 41 79
537 4 203 316 59 111
537 5 9 50 17 39
538 1 117 188 35 60
538 2 61 176 40 91
538 3 213 189 41 79
538 4 209 317 59 111
538 5 9 50 17 39
539 1 117 188 35 60
539 2 61 176 40 91
539 3 213 189 41 79
539 4 209 317 59 112
539 5 9 50 17 40
540 1 117 188 35 60
540 2 60 175 40 91
540 3 216 189 41 80
540 4 216 318 59 112
540 5 9 50 18 40
541 1 117 187 35 60
541 2 60 174 40 91
541 3 221 190 36 79
541 4 222 319 66 115
541 5 9 49 18 40
542 1 117 187 35 60
542 2 60 173 40 91
542 3 224 191 34 79
542 4 228 320 66 116
542 5 9 49 18 40
543 1 117 186 35 60
543 2 60 173 40 89
543 3 228 185 28 86
543 4 235 321 66 116
543 5 9 49 16 39
544 1 117 186 35 60
544 2 60 172 40 89
544 3 229 185 28 85
544 4 241 322 67 116
544 5 9 49 16 39
545 1 117 186 35 60
545 2 60 172 40 89
545 3 229 185 28 85
545 4 241 322 66 120
545 5 9 49 16 39
546 1 117 186 35 59
546 2 60 172 40 88
546 3 231 186 31 84
546 4 247 323 66 120
546 5 9 49 16 39
547 1 117 185 35 59
547 2 60 171 40 88
547 3 232 187 36 84
547 4 254 324 67 121
547 5 10 49 17 39
548 1 117 185 34 59
548 2 59 171 40 89
548 3 232 187 41 83
548 4 260 325 68 121
548 5 10 49 17 39
549 1 117 185 34 59
549 2 59 170 40 88
549 3 234 187 41 83
549 4 267 326 65 118
549 5 10 49 17 39
550 1 117 184 34 59
550 2 59 170 40 89
550 3 235 188 41 82
550 4 274 327 65 118
550 5 10 49 17 39
551 1 116 184 34 59
551 2 59 170 40 88
551 3 235 188 41 82
551 4 274 327 65 118
551 5 10 49 17 39
552 1 116 184 34 59
552 2 59 170 37 88
552 3 237 189 41 82
552 4 280 328 65 118
552 5 10 49 17 39
553 1 116 183 38 60
553 2 59 170 37 88
553 3 235 189 44 82
553 4 287 329 65 119
553 5 10 49 17 39
554 1 116 183 38 60
554 2 59 170 37 87
554 3 237 189 44 81
554 4 294 330 65 119
554 5 10 49 17 39
555 1 116 182 38 60
555 2 59 170 35 87
555 3 242 191 41 80
555 4 301 331 65 119
555 5 10 49 17 39
556 1 116 182 38 60
556 2 59 170 35 87
556 3 243 191 36 79
556 4 308 332 66 107
556 5 10 49 17 39
557 1 116 182 38 60
557 2 59 170 35 87
557 3 247 191 32 80
557 4 308 332 66 107
557 5 10 49 17 39
558 1 116 182 38 60
558 2 59 170 35 86
558 3 249 191 32 80
558 4 315 333 66 107
558 5 10 49 17 39
559 1 116 182 38 60
559 2 59 170 35 86
559 3 251 191 29 80
559 4 315 333 66 107
559 5 11 49 17 39
560 1 116 182 38 60
560 2 59 170 35 86
560 3 251 191 29 80
560 4 315 333 66 107
560 5 11 49 17 39
561 1 116 182 38 60
561 2 59 170 35 86
561 3 251 191 29 80
561 4 315 333 66 107
561 5 11 49 17 39
562 1 116 182 38 60
562 2 59 170 35 86
562 3 251 191 29 80
562 4 315 333 66 107
562 5 11 49 17 39
563 1 116 182 38 60
563 2 59 170 35 86
563 3 251 191 29 80
563 4 315 333 66 107
563 5 11 49 17 39
564 1 116 182 38 60
564 2 59 170 35 86
564 3 251 191 29 80
564 4 315 333 66 107
564 5 11 49 17 39
565 1 116 182 38 60
565 2 59 170 35 86
565 3 251 191 29 80
565 4 315 333 66 107
565 5 11 49 17 39
566 1 116 182 38 60
566 2 59 170 35 86
566 3 251 191 29 80
566 4 315 333 66 107
566 5 11 49 17 39
567 1 116 182 38 60
567 2 59 170 35 86
567 3 251 191 29 80
567 4 315 333 66 107
567 5 11 49 17 39
568 1 116 182 38 60
568 2 59 170 35 86
568 3 251 191 29 80
568 4 315 333 66 107
568 5 11 49 17 39
569 1 116 182 38 60
569 2 59 170 35 86
569 3 251 191 29 80
569 4 315 333 66 107
569 5 11 49 17 39
570 1 116 182 38 60
570 2 59 170 35 86
570 3 251 191 29 80
570 4 315 333 66 107
570 5 11 49 17 39
571 1 116 182 38 60
571 2 59 170 35 86
571 3 251 191 29 80
571 4 315 333 66 107
571 5 11 49 17 39
572 1 116 182 38 60
572 2 59 170 35 86
572 3 251 191 29 80
572 4 315 333 66 107
572 5 11 49 17 39
573 1 116 182 38 60
573 2 59 170 35 86
573 3 251 191 29 80
573 4 315 333 66 107
573 5 11 49 17 39
574 1 116 182 38 60
574 2 59 170 35 86
574 3 251 191 29 80
574 4 315 333 66 107
574 5 11 49 17 39
575 1 116 182 38 60
575 2 59 170 35 86
575 3 251 191 29 80
575 4 315 333 66 107
575 5 11 49 17 39
576 1 116 182 38 60
576 2 59 170 35 86
576 3 251 191 29 80
576 4 315 333 66 107
576 5 11 49 17 39
577 1 116 182 38 60
577 2 59 170 35 87
577 3 241 191 37 80
577 4 301 331 65 107
577 5 10 49 17 40
578 1 116 182 38 60
578 2 59 170 35 87
578 3 247 191 33 79
578 4 308 332 66 107
578 5 10 49 17 39
579 1 116 182 38 60
579 2 59 170 35 86
579 3 251 190 31 80
579 4 315 333 66 107
579 5 11 49 17 39
580 1 116 182 38 60
580 2 59 170 35 87
580 3 241 186 37 82
580 4 301 331 65 107
580 5 10 49 17 39
581 1 116 182 38 60
581 2 59 170 35 87
581 3 245 186 35 84
581 4 308 332 66 107
581 5 11 49 17 39
582 1 116 182 38 60
582 2 59 170 35 87
582 3 245 186 35 84
582 4 308 332 66 107
582 5 11 49 17 39
583 1 116 182 38 60
583 2 59 170 35 87
583 3 245 186 35 84
583 4 308 332 66 107
583 5 11 49 17 39
584 1 116 182 38 60
584 2 59 170 35 87
584 3 245 186 35 84
584 4 308 332 66 107
584 5 11 49 17 39
585 1 116 182 38 60
585 2 59 170 35 87
585 3 245 186 35 84
585 4 308 332 66 107
585 5 11 49 17 39
586 1 111 173 35 57
586 2 62 154 34 82
586 3 294 196 45 87
586 4 492 351 76 130
586 5 15 48 16 39
587 1 111 173 35 57
587 2 62 154 34 82
587 3 294 194 46 88
587 4 492 351 76 130
587 5 15 48 16 39
588 1 110 172 35 57
588 2 62 154 34 82
588 3 298 194 43 88
588 4 499 351 77 131
588 5 15 48 16 39
589 1 110 172 35 57
589 2 62 154 34 82
589 3 302 194 40 88
589 4 508 353 78 130
589 5 15 48 16 39
590 1 109 172 35 57
590 2 62 154 34 81
590 3 308 194 35 89
590 4 515 353 79 131
590 5 15 48 16 39
591 1 109 171 35 57
591 2 62 154 34 81
591 3 314 196 30 87
591 4 522 354 81 132
591 5 16 48 16 39
592 1 108 171 35 57
592 2 62 155 34 79
592 3 319 196 28 87
592 4 531 354 81 133
592 5 16 48 16 39
593 1 108 171 35 57
593 2 62 155 34 79
593 3 319 196 28 87
593 4 531 354 81 132
593 5 16 48 16 39
594 1 108 171 35 57
594 2 62 155 34 79
594 3 321 196 34 91
594 4 539 355 82 133
594 5 16 48 16 39
595 1 108 171 35 56
595 2 62 155 34 79
595 3 322 197 40 88
595 4 546 355 82 132
595 5 16 48 16 39
596 1 107 170 35 57
596 2 63 155 34 78
596 3 323 198 41 88
596 4 554 357 83 133
596 5 16 48 16 39
597 1 107 170 35 56
597 2 63 153 34 80
597 3 325 198 44 90
597 4 563 358 83 132
597 5 17 48 16 38
598 1 106 170 35 56
598 2 64 153 34 80
598 3 325 199 42 89
598 4 570 358 86 133
598 5 17 48 16 38
599 1 106 170 35 56
599 2 63 153 34 80
599 3 325 199 42 89
599 4 570 358 86 133
599 5 17 48 16 38
600 1 105 169 36 56
600 2 64 152 34 79
600 3 327 199 42 89
600 4 578 359 88 135
600 5 17 48 16 38
601 1 104 169 36 56
601 2 65 151 33 78
601 3 323 200 46 92
601 4 584 358 87 129
601 5 17 48 16 38
602 1 103 169 36 56
602 2 65 150 35 77
602 3 326 200 44 91
602 4 591 359 90 128
602 5 17 48 16 38
603 1 103 169 36 56
603 2 66 149 35 77
603 3 330 203 44 89
603 4 601 360 91 129
603 5 18 48 17 37
604 1 103 169 36 56
604 2 67 148 35 76
604 3 333 203 43 91
604 4 609 360 96 135
604 5 18 48 17 37
605 1 103 169 36 56
605 2 67 148 35 76
605 3 333 203 43 91
605 4 610 360 95 133
605 5 18 48 17 37
606 1 103 168 36 56
606 2 67 148 34 76
606 3 340 203 38 91
606 4 618 361 99 133
606 5 18 48 17 38
607 1 103 168 36 56
607 2 68 147 34 75
607 3 347 203 33 88
607 5 19 48 17 39
608 1 103 168 36 56
608 2 69 148 34 74
608 3 350 203 30 89
608 5 21 48 16 37
609 1 102 167 36 57
609 2 69 146 35 78
609 3 354 203 32 90
609 5 22 48 16 38
610 1 102 166 36 57
610 2 72 147 33 75
610 3 356 203 32 90
610 5 21 48 16 37
611 1 103 166 35 58
611 2 72 147 33 75
611 3 356 203 32 90
611 5 21 48 16 37
612 1 103 166 35 58
612 2 73 147 33 74
612 3 359 203 37 89
612 5 21 47 16 38
613 1 103 165 35 58
613 2 73 147 33 74
613 3 358 203 48 90
613 5 22 47 16 39
614 1 103 165 35 58
614 2 75 148 31 71
614 3 360 203 48 90
614 5 23 47 16 39
615 1 102 165 35 58
615 2 75 146 32 73
615 3 363 203 49 91
615 5 23 47 16 39
616 1 102 165 35 58
616 2 75 145 32 73
616 3 360 204 51 90
616 5 23 47 16 39
617 1 102 165 35 58
617 2 75 146 32 73
617 3 360 204 51 90
617 5 23 47 16 39
618 1 102 164 35 58
618 2 75 145 32 73
618 3 362 204 51 90
618 5 24 48 16 37
619 1 101 164 35 58
619 2 74 144 32 72
619 3 367 205 50 89
619 5 24 48 16 38
620 1 101 164 35 58
620 2 75 143 32 72
620 3 371 204 47 92
620 5 24 48 16 38
621 1 101 164 35 58
621 2 75 142 32 73
621 3 376 204 43 92
621 5 25 48 16 37
622 1 102 163 35 58
622 2 77 141 32 73
622 3 384 204 41 93
622 5 29 48 15 36
623 1 102 163 35 58
623 2 77 141 32 73
623 3 384 204 41 93
623 5 29 47 16 37
624 1 112 163 34 57
624 2 88 140 32 73
624 3 398 204 38 94
624 5 43 48 14 35
625 1 122 162 35 57
625 2 99 138 32 73
625 3 414 204 37 95
625 5 54 47 14 37
626 1 127 162 34 57
626 2 104 139 32 72
626 3 420 204 42 92
626 5 58 46 16 37
627 1 127 162 34 57
627 2 105 139 32 72
627 3 421 204 46 94
627 5 60 46 15 37
628 1 127 162 34 57
628 2 106 139 32 71
628 3 423 204 51 94
628 5 60 46 15 37
629 1 127 161 34 57
629 2 106 139 32 71
629 3 423 204 51 94
629 5 60 46 15 37
630 1 128 162 34 56
630 2 106 138 32 71
630 3 425 210 54 92
630 5 60 46 15 37
631 1 127 161 30 57
631 2 106 138 32 71
631 3 424 210 57 93
631 5 60 46 15 37
632 1 127 161 30 57
632 2 106 138 32 71
632 3 426 210 60 95
632 5 60 46 15 38
633 1 126 161 29 57
633 2 107 138 32 71
633 3 428 210 60 95
633 5 60 46 15 38
634 1 124 160 30 57
634 2 107 138 32 71
634 3 432 212 59 94
634 5 61 46 15 38
635 1 124 160 30 57
635 2 107 138 32 70
635 3 432 212 59 94
635 5 61 46 15 38
636 1 123 160 30 57
636 2 107 138 32 71
636 3 434 213 58 93
636 5 61 46 15 37
637 1 123 161 30 56
637 2 107 137 32 70
637 3 438 213 54 92
637 5 62 46 15 37
638 1 128 158 31 59
638 2 117 135 31 71
638 3 454 214 43 93
638 5 72 46 14 35
639 1 149 157 30 58
639 2 139 133 31 71
639 3 476 216 43 93
639 5 99 46 13 32
640 1 176 156 29 57
640 2 166 132 31 70
640 3 506 219 43 92
640 5 127 46 11 33
641 1 175 156 30 58
641 2 166 132 31 70
641 3 507 219 42 92
641 5 127 46 11 33
642 1 185 155 29 58
642 2 177 132 31 70
642 3 523 220 43 89
642 5 135 45 13 35
643 1 186 155 30 58
643 2 178 131 31 71
643 3 524 221 46 92
643 5 136 45 13 35
644 1 183 156 33 57
644 2 178 130 32 72
644 3 524 221 49 90
644 5 137 45 13 35
645 1 183 156 33 57
645 2 182 131 29 71
645 3 525 221 56 92
645 5 137 45 13 35
646 1 182 156 33 57
646 2 182 131 29 71
646 3 527 221 58 94
646 5 137 45 13 35
647 1 182 156 33 57
647 2 182 131 29 71
647 3 527 221 57 94
647 5 137 45 13 35
648 1 180 155 33 57
648 2 182 131 29 71
648 3 526 222 61 92
648 5 136 45 14 36
649 1 179 155 33 57
649 2 181 130 29 71
649 3 529 223 61 95
649 5 137 45 14 36
650 1 178 154 33 57
650 2 184 128 29 71
650 3 531 225 62 95
650 5 137 45 14 36
651 1 177 154 33 57
651 2 184 128 29 71
651 3 536 226 59 95
651 5 137 45 13 35
652 1 176 154 33 57
652 2 188 128 24 71
652 3 542 226 54 94
652 5 137 45 14 36
653 1 176 154 33 57
653 2 187 128 25 71
653 3 544 226 52 95
653 5 137 45 13 35
654 1 176 154 33 57
654 2 187 128 25 71
654 3 549 226 48 96
654 5 138 46 13 34
655 1 175 154 33 57
655 2 185 127 26 71
655 3 557 226 44 98
655 5 138 46 13 35
656 1 172 153 34 58
656 2 187 127 27 71
656 3 565 226 39 94
656 5 138 46 13 34
657 1 171 152 35 58
657 2 187 126 27 71
657 3 569 226 45 97
657 5 138 46 13 35
658 1 171 152 34 58
658 2 187 126 27 72
658 3 568 226 53 97
658 5 138 44 14 36
659 1 170 152 32 58
659 2 187 126 27 72
659 3 568 226 53 97
659 5 138 44 14 36
660 1 169 152 32 58
660 2 187 126 27 71
660 3 570 226 58 100
660 5 138 44 14 36
661 1 168 153 34 56
661 2 188 125 27 71
661 3 569 226 63 100
661 5 138 44 14 36
662 1 167 153 34 56
662 2 185 124 29 73
662 3 571 226 69 102
662 5 138 44 14 36
663 1 166 152 34 56
663 2 188 124 27 71
663 3 573 226 69 102
663 5 138 44 14 36
664 1 166 152 34 56
664 2 188 124 27 70
664 3 571 228 78 103
664 5 139 44 14 36
665 1 166 153 34 55
665 2 188 124 27 71
665 3 571 228 78 103
665 5 139 44 14 36
666 1 165 153 34 55
666 2 187 123 28 70
666 3 573 229 78 103
666 5 139 44 14 36
667 1 165 152 34 55
667 2 187 123 27 70
667 3 581 228 70 106
667 5 139 44 14 36
668 1 163 152 34 55
668 2 187 123 27 70
668 3 589 228 63 106
668 5 139 44 14 36
669 1 163 152 33 55
669 2 187 123 27 70
669 3 597 228 55 108
669 5 139 44 14 36
670 1 162 152 33 55
670 2 187 122 27 70
670 3 598 228 51 103
670 5 139 44 13 35
671 1 162 152 33 55
671 2 187 123 27 70
671 3 604 228 45 103
671 5 139 44 13 35
672 1 161 151 33 54
672 2 189 123 26 69
672 3 610 228 41 105
672 5 139 44 13 35
673 1 160 151 33 54
673 2 187 122 27 70
673 3 612 228 44 107
673 5 139 44 14 36
674 1 159 150 32 54
674 2 189 122 26 70
674 3 612 229 46 106
674 5 139 44 14 36
675 1 159 150 32 54
675 2 190 122 27 67
675 3 612 230 46 105
675 5 139 44 14 36
676 1 158 150 32 53
676 2 190 122 27 67
676 3 614 230 47 103
676 5 140 45 14 35
677 1 158 149 32 54
677 2 190 122 27 67
677 3 614 230 45 103
677 5 140 45 14 35
678 1 157 149 32 54
678 2 191 121 27 67
678 3 615 229 47 104
678 5 140 45 13 35
679 1 156 149 32 53
679 2 191 121 27 67
679 3 617 229 46 105
679 5 139 43 14 36
680 1 156 149 31 53
680 2 192 121 27 67
680 5 140 43 14 36
681 1 155 149 31 53
681 2 192 120 26 66
681 5 140 43 14 36
682 1 154 150 31 53
682 2 192 120 26 66
682 5 139 43 14 36
683 1 154 150 31 53
683 2 192 120 26 66
683 5 139 43 14 36
684 1 153 150 32 52
684 2 192 120 26 66
684 5 139 43 14 36
685 1 152 150 32 52
685 2 193 119 26 66
685 5 139 43 14 36
686 1 151 151 32 52
686 2 192 120 27 66
686 5 139 43 14 36
687 1 150 151 32 52
687 2 192 120 27 66
687 5 139 43 14 37
688 1 149 151 32 51
688 2 192 121 27 66
688 5 138 43 14 36
689 1 149 151 32 51
689 2 192 121 27 66
689 5 138 43 14 36
690 1 147 152 33 51
690 2 192 121 27 66
690 5 138 43 14 36
691 1 146 152 33 51
691 2 192 122 27 65
691 5 138 44 14 36
692 1 145 153 33 51
692 2 193 122 27 65
692 5 138 44 14 36
693 1 144 153 33 51
693 2 192 122 27 66
693 5 137 44 14 36
694 1 143 153 33 51
694 2 192 123 27 66
694 5 137 44 13 36
695 1 143 153 33 51
695 2 192 123 27 66
695 5 137 44 14 36
696 1 142 154 33 51
696 2 192 123 27 66
696 5 137 44 14 36
697 1 141 155 33 51
697 2 191 123 27 67
697 5 136 44 14 36
698 1 139 155 33 51
698 2 190 124 27 66
698 5 136 44 14 36
699 1 137 156 33 52
699 2 190 124 27 66
699 5 136 45 14 36
700 1 137 156 33 52
700 2 189 124 27 67
700 5 135 45 14 37
701 1 137 156 33 52
701 2 189 124 27 67
701 5 135 45 14 36
702 1 135 157 33 52
702 2 188 124 27 67
702 5 135 45 14 37
703 1 134 158 33 52
703 2 188 125 27 67
703 5 134 45 14 36
704 1 133 159 33 52
704 2 186 125 29 67
704 5 134 45 14 37
705 1 131 160 33 52
705 2 185 126 30 70
705 5 133 46 14 37
706 1 130 161 33 52
706 2 184 127 30 70
706 5 133 46 14 37
707 1 128 161 33 52
707 2 184 127 30 70
707 5 133 46 14 36
708 1 128 162 33 52
708 2 183 128 30 71
708 5 132 46 14 36
709 1 127 163 33 52
709 2 183 129 30 71
709 5 132 46 14 37
710 1 125 164 33 52
710 2 182 130 30 71
710 5 131 47 14 37
711 1 123 165 34 52
711 2 180 131 30 71
711 5 131 47 14 36
712 1 121 167 35 53
712 2 180 132 29 71
712 5 130 47 14 37
713 1 120 167 34 53
713 2 180 132 29 71
713 5 130 47 14 37
714 1 119 168 34 53
714 2 179 133 29 71
714 5 130 47 14 38
715 1 118 169 34 53
715 2 178 134 29 72
715 5 129 48 14 37
716 1 116 171 34 53
716 2 176 135 31 72
716 5 128 48 14 37
717 1 113 172 34 54
717 2 175 136 31 72
717 5 128 48 14 37
718 1 112 174 34 54
718 2 174 137 31 73
718 5 127 48 14 37
719 1 111 174 34 54
719 2 174 137 31 73
719 5 127 48 14 38
720 1 111 175 34 54
720 2 174 137 32 74
720 5 127 49 14 37
721 1 106 177 35 56
721 2 173 138 32 74
721 5 126 49 14 37
722 1 108 177 33 57
722 2 172 139 32 74
722 5 126 49 14 37
723 1 106 179 33 57
723 2 171 140 32 74
723 5 125 50 14 38
724 1 104 181 33 58
724 2 170 141 32 75
724 5 125 50 14 37
725 1 104 181 33 58
725 2 170 141 32 75
725 5 125 50 14 38
726 1 101 183 35 58
726 2 169 143 32 75
726 5 124 51 14 38
727 1 99 185 35 58
727 2 169 145 33 76
727 5 124 53 14 36
728 1 97 188 35 59
728 2 168 147 33 77
728 5 123 52 14 37
729 1 95 191 34 59
729 2 167 150 33 76
729 5 123 54 14 37
730 1 93 193 34 59
730 2 166 151 33 78
730 5 122 55 15 38
731 1 93 193 34 59
731 2 166 151 33 78
731 5 122 55 14 37
732 1 91 195 35 61
732 2 165 153 34 78
732 5 120 55 15 38
733 1 88 196 35 61
733 2 164 154 34 79
733 5 120 56 15 36
734 1 87 198 35 62
734 2 163 155 34 79
734 5 120 56 15 37
735 1 84 199 36 62
735 2 161 156 34 80
735 5 119 56 14 36
736 1 82 200 36 62
736 2 160 156 34 80
736 5 119 56 15 37
737 1 82 200 36 62
737 2 160 156 34 80
737 5 119 56 16 38
738 1 81 201 37 63
738 2 159 156 35 81
738 5 118 56 16 38
739 1 79 201 37 63
739 2 158 156 35 81
739 5 118 56 16 38
740 1 78 202 37 63
740 2 157 157 35 81
740 5 117 56 15 38
741 1 77 202 38 63
741 2 156 157 35 81
741 5 117 56 15 38
742 1 76 202 38 63
742 2 155 157 35 81
742 5 117 56 15 38
743 1 76 202 38 63
743 2 155 157 35 81
743 5 117 56 15 38
744 1 75 203 38 63
744 2 154 157 35 82
744 5 117 56 15 38
745 1 74 203 38 63
745 2 153 157 35 82
745 5 117 56 15 38
746 1 73 203 37 63
746 2 152 157 34 82
746 5 116 55 15 39
747 1 73 203 37 63
747 2 152 158 34 82
747 5 116 55 15 39
748 1 71 203 38 63
748 2 152 158 34 82
748 5 116 55 15 39
749 1 71 203 38 63
749 2 152 158 34 82
749 5 116 55 15 39
750 1 71 203 38 63
750 2 152 159 34 81
750 5 116 55 15 39
751 1 70 203 38 63
751 2 152 159 34 81
751 5 116 57 15 38
752 1 70 203 38 63
752 2 152 160 34 81
752 5 116 57 15 38
753 1 70 203 38 63
753 2 151 160 34 80
753 5 116 57 15 38
754 1 70 203 38 63
754 2 151 160 34 81
754 5 116 57 15 38
755 1 70 203 38 63
755 2 151 160 34 80
755 5 116 57 15 38
756 1 69 203 38 63
756 2 151 160 34 80
756 5 116 57 15 39
757 1 69 203 38 63
757 2 151 160 33 80
757 5 116 57 15 39
758 1 69 203 38 63
758 2 151 160 33 80
758 5 116 57 15 39
759 1 69 202 38 63
759 2 152 159 33 78
759 5 116 57 15 39
760 1 69 202 38 61
760 2 151 159 33 78
760 5 116 57 15 39
761 1 69 202 38 61
761 2 152 159 32 77
761 5 116 57 15 39
762 1 69 202 38 61
762 2 151 158 33 79
762 5 116 57 15 39
763 1 69 201 38 61
763 2 152 158 33 78
763 5 116 57 15 39
764 1 69 200 38 61
764 2 152 158 33 78
764 5 116 57 15 39
765 1 69 200 38 61
765 2 151 157 33 78
765 5 116 57 15 39
766 1 69 199 38 60
766 2 152 157 33 79
766 5 116 57 15 39
767 1 69 199 38 60
767 2 152 157 33 79
767 5 116 57 15 39
768 1 69 199 38 60
768 2 152 158 30 77
768 5 116 57 15 39
769 1 69 198 38 60
769 2 152 158 30 77
769 5 116 57 15 39
770 1 69 198 37 60
770 2 152 158 30 77
770 5 116 57 15 39
771 1 69 197 37 60
771 2 151 158 30 77
771 5 116 57 15 39
772 1 70 197 37 60
772 2 151 157 30 76
772 5 116 57 15 39
773 1 70 197 37 60
773 2 151 158 30 76
773 5 116 57 15 39
774 1 70 196 37 60
774 2 151 157 30 76
774 5 116 57 15 39
775 1 70 195 37 60
775 2 150 156 30 77
775 5 116 57 15 39
776 1 70 195 37 59
776 2 149 156 30 76
776 5 116 57 15 39
777 1 70 194 37 58
777 2 149 156 30 76
777 5 116 57 15 39
778 1 70 193 37 58
778 2 148 155 30 75
778 5 116 57 15 39
779 1 70 193 37 58
779 2 148 155 30 75
779 5 116 57 15 39
780 1 70 192 37 58
780 2 148 155 30 75
780 5 117 57 16 39
781 1 70 192 37 58
781 2 148 155 29 75
781 5 117 57 16 39
782 1 70 191 37 58
782 2 146 155 30 75
782 5 117 57 16 40
783 1 71 189 37 60
783 2 146 154 30 78
783 5 117 57 16 39
784 1 71 188 37 60
784 2 146 154 28 79
784 5 117 57 16 39
785 1 71 188 37 60
785 2 146 154 28 79
785 5 117 57 16 39
786 1 71 188 37 60
786 2 146 154 28 79
786 5 117 56 16 40
787 1 71 187 37 60
787 2 146 154 28 79
787 5 117 56 16 40
788 1 71 186 37 59
788 2 145 153 28 79
788 5 117 56 16 40
789 1 71 185 37 59
789 2 145 153 28 79
789 5 117 56 16 40
790 1 71 185 36 59
790 2 145 153 28 79
790 5 117 56 16 40
791 1 71 185 36 59
791 2 145 153 28 79
791 5 117 56 16 39
792 1 72 184 36 59
792 2 145 152 28 78
792 5 117 56 16 40
793 1 72 184 36 59
793 2 144 151 28 79
793 5 118 56 16 40
794 1 72 182 36 60
794 2 144 150 28 79
794 5 118 56 16 40
795 1 72 181 36 60
795 2 144 150 28 79
795 5 118 56 16 40
796 1 72 181 36 59
796 2 144 149 28 74
796 5 118 56 16 40
797 1 72 181 36 59
797 2 144 149 28 74
797 5 118 56 16 39
798 1 72 180 36 59
798 2 144 148 28 74
798 5 118 56 16 39
799 1 72 180 36 59
799 2 144 148 28 74
799 5 118 56 16 39
800 1 72 179 36 58
800 2 144 148 28 74
800 5 118 56 16 39
801 1 72 178 36 58
801 2 143 147 28 75
801 5 118 56 16 39
