1 1 1009 467 146 338
1 2 774 516 180 363
2 1 1020 470 146 338
2 2 781 512 180 363
3 1 1004 465 146 338
3 2 780 505 180 363
4 1 1010 458 146 342
4 2 787 493 163 381
5 1 999 453 146 352
5 2 792 490 163 381
6 1 1001 452 146 352
6 2 791 485 163 381
7 1 998 448 146 352
7 2 792 479 163 381
8 1 996 442 144 352
8 2 793 488 155 363
9 1 994 437 146 352
9 2 798 475 155 369
10 1 1001 429 146 352
10 2 798 477 155 356
11 1 999 426 146 352
11 2 798 467 155 356
12 1 997 422 146 352
12 2 799 462 155 356
13 1 995 417 146 352
13 2 800 455 155 356
14 1 1003 414 129 325
14 2 799 449 155 356
15 1 1000 412 129 325
15 2 800 455 155 345
16 1 998 409 129 325
16 2 801 448 155 327
17 1 997 407 129 325
17 2 800 444 155 327
18 1 991 396 135 341
18 2 801 443 155 327
19 1 988 393 135 341
19 2 800 438 144 327
20 1 987 389 124 341
20 2 804 437 144 327
21 1 980 387 131 341
21 2 803 432 144 343
22 1 981 388 131 341
22 2 803 425 144 343
23 1 977 386 131 341
23 2 804 421 144 343
24 1 973 382 131 341
24 2 800 428 144 343
25 1 971 378 131 341
25 2 801 415 144 343
26 1 966 369 131 341
26 2 800 409 144 343
27 1 963 364 131 341
27 2 801 406 144 343
28 1 959 357 131 341
28 2 799 402 144 343
29 1 957 358 131 341
29 2 801 399 144 343
30 1 956 352 131 341
30 2 801 395 144 343
31 1 953 346 131 341
31 2 801 391 144 343
32 1 952 341 130 342
32 2 802 388 136 327
33 1 952 341 130 342
33 2 806 388 136 327
34 1 945 339 137 322
34 2 807 386 126 327
35 1 947 343 137 322
35 2 812 384 126 327
36 1 945 340 137 322
36 2 813 383 126 327
37 1 945 340 137 322
37 2 816 383 126 327
38 1 943 335 137 322
38 2 816 378 126 327
39 1 941 334 137 322
39 2 819 375 126 327
40 1 939 334 137 322
40 2 820 372 126 327
41 1 936 338 137 322
41 2 823 368 126 327
42 1 933 333 137 322
42 2 826 366 122 327
43 1 931 329 137 322
43 2 832 368 122 327
44 1 928 325 137 322
44 2 836 365 122 327
45 1 927 322 137 322
45 2 841 361 122 327
46 1 925 320 137 282
46 2 844 357 122 327
47 1 921 314 137 282
47 2 848 354 122 327
48 1 920 313 137 282
48 2 852 353 122 327
49 1 918 311 137 282
49 2 856 351 122 327
50 1 915 309 137 282
50 2 858 347 122 327
51 1 914 306 137 282
51 2 860 344 122 327
52 1 929 304 120 292
52 2 861 343 122 327
53 1 918 301 120 292
53 2 863 332 128 343
54 1 916 300 120 292
54 2 866 329 128 343
55 1 914 296 120 292
55 2 869 324 128 343
56 1 911 293 120 292
56 2 870 337 135 310
57 1 909 288 120 292
57 2 879 323 114 310
58 1 907 283 120 292
58 2 877 334 114 310
59 1 903 277 120 292
59 2 875 328 114 310
60 1 892 281 120 292
60 2 875 331 114 310
61 1 887 274 126 307
61 2 879 333 114 300
62 1 887 272 126 307
62 2 887 329 108 292
63 1 889 274 126 307
63 2 894 316 108 309
64 1 886 267 132 286
64 2 897 303 108 309
65 1 885 278 132 281
65 2 898 300 108 309
66 1 886 268 114 281
66 2 897 314 108 297
67 1 893 278 114 281
67 2 899 302 108 297
68 1 895 274 114 281
68 2 900 300 108 297
69 1 896 271 114 281
69 2 901 299 108 297
70 1 896 266 114 281
70 2 902 295 108 297
71 1 898 264 114 281
71 2 900 307 108 297
72 1 898 260 114 281
72 2 906 301 108 297
73 1 898 256 114 281
73 2 906 294 108 297
74 1 897 246 120 295
74 2 906 291 108 297
75 1 897 246 120 295
75 2 907 284 108 297
76 1 898 247 120 295
76 2 908 282 108 297
77 1 901 252 114 281
77 2 911 291 113 306
78 1 899 242 120 295
78 2 910 279 113 306
79 1 900 239 120 295
79 2 912 275 113 306
80 1 900 238 120 295
80 2 919 276 113 306
81 1 901 235 120 295
81 2 921 269 113 306
82 1 897 223 94 260
82 2 926 268 108 291
83 1 896 222 94 260
83 2 927 266 108 291
84 1 887 216 94 260
84 2 929 260 108 291
85 1 889 217 94 280
85 2 930 259 108 291
86 1 888 215 94 280
86 2 931 255 108 291
87 1 885 215 94 280
87 2 934 260 102 278
88 1 882 212 94 280
88 2 936 259 102 278
89 1 878 208 94 280
89 2 937 257 102 278
90 1 872 207 94 280
90 2 934 247 108 291
91 1 868 205 94 280
91 2 938 251 102 278
92 1 867 206 94 280
92 2 938 248 102 278
93 1 862 194 99 294
93 2 940 245 102 278
94 1 859 192 99 294
94 2 940 243 102 278
95 1 858 188 99 294
95 2 939 240 102 278
96 1 854 185 99 294
96 2 940 237 102 278
97 1 852 184 99 294
97 2 940 237 102 278
98 1 838 194 99 270
98 2 941 235 102 278
99 1 843 192 99 270
99 2 940 231 102 278
100 1 835 193 99 270
100 2 939 229 102 278
101 1 839 192 99 270
101 2 940 224 102 278
102 1 837 191 99 270
102 2 941 229 98 264
103 1 834 190 99 270
103 2 942 228 98 264
104 1 829 193 99 270
104 2 942 230 98 264
105 1 826 191 99 270
105 2 939 223 102 278
106 1 823 195 99 270
106 2 939 224 102 278
107 1 821 195 99 270
107 2 938 226 102 278
108 1 820 196 94 257
108 2 938 227 102 278
109 1 819 196 94 257
109 2 937 225 102 278
110 1 816 198 94 257
110 2 931 226 102 278
111 1 812 192 99 270
111 2 936 223 102 278
112 1 810 194 99 251
112 2 935 221 102 278
113 1 807 195 99 251
113 2 935 219 102 278
114 1 804 196 99 251
114 2 934 218 102 278
115 1 802 191 99 251
115 2 932 215 102 278
116 1 798 187 95 264
116 2 931 214 102 278
117 1 799 186 95 264
117 2 930 210 102 278
118 1 795 189 95 264
118 2 930 208 102 278
119 1 791 187 100 264
119 2 929 204 102 278
120 1 785 185 100 264
120 2 928 203 102 278
121 1 783 185 100 264
121 2 927 200 102 278
122 1 779 184 100 264
122 2 925 198 102 260
123 1 774 176 100 264
123 2 925 202 102 260
124 1 771 176 100 264
124 2 923 200 102 260
125 1 768 174 100 264
125 2 921 197 102 260
126 1 765 175 100 264
126 2 921 196 102 260
127 1 763 174 100 264
127 2 917 194 102 260
128 1 760 173 100 264
128 2 916 197 97 248
129 1 758 173 100 264
129 2 914 196 97 248
130 1 756 170 100 264
130 2 910 196 97 248
131 1 753 167 100 264
131 2 905 188 102 260
132 1 750 163 100 264
132 2 901 179 107 273
133 1 747 158 100 264
133 2 898 176 107 273
134 1 746 158 100 264
134 2 895 172 107 273
135 1 743 157 100 264
135 2 890 174 105 249
136 1 741 154 100 264
136 2 890 178 105 249
137 1 741 154 95 251
137 2 888 177 105 249
138 1 740 155 95 251
138 2 884 169 110 261
139 1 736 152 95 251
139 2 883 167 110 261
140 1 734 150 95 251
140 2 883 165 110 261
141 1 730 145 100 264
141 2 880 163 97 261
142 1 730 142 100 264
142 2 883 163 97 261
143 1 727 140 100 264
143 2 865 159 114 261
144 1 725 137 100 264
144 2 861 158 124 261
145 1 724 135 100 264
145 2 865 156 109 261
146 1 724 140 95 251
146 2 860 155 109 261
147 1 722 138 95 251
147 2 867 153 109 261
148 1 719 140 95 251
148 2 866 151 109 261
149 1 717 138 95 251
149 2 862 149 109 261
150 1 712 133 100 264
150 2 861 148 109 261
151 1 710 133 100 264
151 2 860 146 109 261
152 1 706 132 100 264
152 2 858 144 109 261
153 1 704 132 100 264
153 2 856 142 109 261
154 1 700 128 100 264
154 2 853 141 114 274
155 1 699 128 100 264
155 2 850 141 114 241
156 1 695 126 100 264
156 2 850 143 114 241
157 1 694 127 100 264
157 2 848 143 114 241
158 1 690 127 100 264
158 2 846 141 114 241
159 1 689 125 100 264
159 2 846 142 114 241
160 1 687 125 100 264
160 2 843 140 114 241
161 1 685 126 100 264
161 2 843 140 114 241
162 1 683 124 100 253
162 2 840 139 114 241
163 1 682 124 100 253
163 2 839 139 114 241
164 1 680 122 100 253
164 2 835 140 114 241
165 1 679 124 100 253
165 2 832 140 114 241
166 1 677 131 100 243
166 2 830 139 114 241
167 1 676 131 93 243
167 2 825 131 120 253
168 1 677 130 93 243
168 2 822 130 120 253
169 1 676 129 93 243
169 2 820 143 97 240
170 1 673 127 93 243
170 2 826 137 97 240
171 1 673 134 89 231
171 2 825 137 97 240
172 1 669 128 93 243
172 2 822 131 97 240
173 1 669 129 93 243
173 2 820 130 97 240
174 1 667 127 93 243
174 2 820 133 97 240
175 1 666 130 93 243
175 2 816 128 102 252
176 1 666 136 89 231
176 2 814 129 102 252
177 1 663 134 89 231
177 2 812 129 102 252
178 1 662 136 89 231
178 2 812 129 102 252
179 1 660 138 89 231
179 2 811 132 102 252
180 1 657 139 89 231
180 2 809 146 102 240
181 1 655 139 89 231
181 2 808 142 102 240
182 1 654 141 89 231
182 2 807 143 102 240
183 1 650 143 89 231
183 2 804 144 102 240
184 1 648 146 89 231
184 2 803 147 102 240
185 1 647 150 89 231
185 2 801 147 102 240
186 1 643 152 89 231
186 2 798 153 102 240
187 1 640 156 89 231
187 2 796 153 102 240
188 1 638 155 89 231
188 2 795 155 102 240
189 1 635 160 89 231
189 2 794 160 97 229
190 1 633 161 89 231
190 2 793 162 97 229
191 1 628 158 93 243
191 2 790 164 97 229
192 1 625 159 93 243
192 2 788 166 97 229
193 1 623 161 93 243
193 2 785 162 102 240
194 1 621 165 93 243
194 2 783 163 102 240
195 1 620 167 93 243
195 2 781 168 102 240
196 1 617 171 93 243
196 2 780 169 102 240
197 1 616 173 93 243
197 2 776 171 102 240
198 1 611 169 98 255
198 2 773 172 102 240
199 1 609 174 98 255
199 2 768 169 107 252
200 1 608 177 98 255
200 2 766 171 107 252
201 1 610 186 93 243
201 2 763 173 97 252
202 1 607 188 93 243
202 2 762 172 97 252
203 1 606 188 93 243
203 2 760 173 97 252
204 1 599 180 98 255
204 2 757 172 97 252
205 1 595 176 103 268
205 2 755 174 97 252
206 1 593 174 103 268
206 2 754 173 97 252
207 1 592 175 103 268
207 2 752 174 97 252
208 1 590 174 103 268
208 2 751 173 97 252
209 1 592 178 98 255
209 2 748 172 97 252
210 1 588 172 103 268
210 2 747 172 97 252
211 1 586 175 103 268
211 2 729 172 112 252
212 1 585 174 103 268
212 2 733 176 112 244
213 1 584 177 103 268
213 2 731 172 112 244
214 1 582 176 103 268
214 2 720 172 112 244
215 1 580 171 100 262
215 2 726 166 112 244
216 1 581 171 100 262
216 2 725 166 112 244
217 1 580 167 100 262
217 2 724 166 112 244
218 1 580 167 100 262
218 2 726 171 107 232
219 1 579 167 100 262
219 2 726 169 107 232
220 1 579 167 100 262
220 2 725 168 107 232
221 1 580 163 100 262
221 2 725 167 107 232
222 1 583 164 100 262
222 2 725 166 107 232
223 1 585 167 100 252
223 2 726 165 107 232
224 1 586 162 100 252
224 2 728 164 107 232
225 1 588 160 100 252
225 2 728 164 107 232
226 1 591 161 100 252
226 2 730 165 107 232
227 1 592 157 100 252
227 2 731 165 107 232
228 1 592 160 105 255
228 2 731 162 107 232
229 1 593 158 105 255
229 2 732 163 107 232
230 1 594 152 105 255
230 2 733 163 107 232
231 1 596 150 105 255
231 2 734 161 107 232
232 1 597 149 105 255
232 2 732 154 112 244
233 1 598 149 105 255
233 2 731 154 112 244
234 1 599 147 105 255
234 2 733 158 107 232
235 1 600 146 105 255
235 2 731 156 107 232
236 1 602 143 105 255
236 2 728 150 112 244
237 1 605 147 100 243
237 2 727 148 112 244
238 1 608 152 95 231
238 2 726 143 112 244
239 1 610 148 95 231
239 2 724 143 112 244
240 1 616 141 100 243
240 2 730 140 112 244
241 1 636 134 100 243
241 2 752 143 107 232
242 1 674 130 100 243
242 2 787 138 107 232
243 1 719 132 95 231
243 2 827 129 112 244
244 1 763 125 100 243
244 2 870 136 112 233
245 1 810 126 100 243
245 2 914 134 112 233
246 1 841 123 100 243
246 2 945 134 112 233
247 1 854 122 100 243
247 2 955 129 112 233
248 1 857 119 100 243
248 2 958 125 112 233
249 1 858 117 100 243
249 2 958 123 112 233
250 1 857 119 100 243
250 2 957 122 112 233
251 1 857 116 100 243
251 2 957 121 112 233
252 1 854 104 105 255
252 2 955 119 112 233
253 1 855 100 105 255
253 2 955 116 112 233
254 1 857 105 100 243
254 2 953 116 112 233
255 1 857 102 100 243
255 2 953 113 112 233
256 1 857 101 86 243
256 2 953 112 112 233
257 1 859 103 86 243
257 2 951 110 112 233
258 1 858 102 86 243
258 2 951 110 112 233
259 1 860 99 86 243
259 2 952 114 107 222
260 1 860 99 86 243
260 2 951 111 107 222
261 1 860 99 86 243
261 2 951 110 107 222
262 1 862 100 86 243
262 2 951 110 107 222
263 1 862 97 86 243
263 2 948 108 107 222
264 1 864 94 86 243
264 2 962 103 92 222
265 1 864 92 86 243
265 2 957 98 92 222
266 1 865 87 86 243
266 2 955 97 92 222
267 1 866 83 86 243
267 2 954 97 92 222
268 1 866 80 86 243
268 2 954 94 92 222
269 1 867 78 86 243
269 2 953 97 88 211
270 1 868 77 78 225
270 2 953 96 88 211
271 1 872 80 78 225
271 2 951 96 88 211
272 1 872 79 78 225
272 2 948 95 88 211
273 1 871 77 78 225
273 2 947 92 88 211
274 1 871 77 78 225
274 2 944 90 88 211
275 1 871 77 78 225
275 2 942 89 88 211
276 1 872 75 78 225
276 2 941 87 88 211
277 1 872 74 78 225
277 2 938 86 88 211
278 1 872 78 78 225
278 2 937 86 88 211
279 1 872 75 78 225
279 2 935 83 88 211
280 1 871 72 78 225
280 2 935 82 88 211
281 1 871 68 78 225
281 2 932 80 88 211
282 1 870 66 78 225
282 2 932 78 88 211
283 1 868 60 82 236
283 2 932 80 83 201
284 1 866 57 82 236
284 2 932 82 79 192
285 1 867 56 82 236
285 2 931 85 79 209
286 1 866 53 82 236
286 2 930 79 79 209
287 1 865 46 86 248
287 2 928 78 79 209
288 1 864 43 86 248
288 2 925 78 79 209
289 1 865 42 86 248
289 2 922 78 79 209
290 1 866 42 86 248
290 2 920 78 79 209
291 1 865 40 86 248
291 2 919 78 79 209
292 1 865 40 86 248
292 2 917 80 79 209
293 1 865 39 86 224
293 2 917 85 75 199
294 1 871 39 86 224
294 2 915 83 75 199
295 1 871 40 86 224
295 2 913 77 79 209
296 1 871 40 75 224
296 2 911 77 79 209
297 1 870 39 74 224
297 2 908 77 79 209
298 1 869 36 74 224
298 2 908 74 79 209
299 1 869 31 78 217
299 2 906 71 79 209
300 1 869 29 81 214
300 2 904 71 79 209
301 1 857 32 90 214
301 2 903 75 75 199
302 1 857 20 91 225
302 2 900 74 75 199
303 1 871 31 67 212
303 2 898 73 75 199
304 1 866 29 67 212
304 2 897 73 75 199
305 1 867 34 76 207
305 2 895 74 75 199
306 1 872 43 76 207
306 2 892 72 75 199
307 1 859 31 76 207
307 2 888 71 75 199
308 1 852 27 78 208
308 2 885 70 75 199
309 1 859 30 78 208
309 2 881 69 75 199
310 1 856 25 78 208
310 2 876 66 75 199
311 1 854 29 78 201
311 2 873 65 75 199
312 1 850 27 78 201
312 2 868 62 75 199
313 1 850 29 77 197
313 2 864 62 75 199
314 1 854 38 74 180
314 2 864 63 72 190
315 1 847 30 80 189
315 2 861 57 75 199
316 1 848 35 80 189
316 2 858 56 75 199
317 1 847 34 80 189
317 2 856 55 75 199
318 1 844 28 70 189
318 2 852 53 75 199
319 1 850 33 70 189
319 2 839 46 93 209
320 1 848 34 70 189
320 2 835 45 93 209
321 1 846 30 70 189
321 2 833 44 93 209
322 1 844 34 70 189
322 2 834 50 77 212
323 1 841 33 70 189
323 2 820 45 91 212
324 1 839 33 70 189
324 2 822 44 91 212
325 1 835 28 74 198
325 2 820 44 91 212
326 1 833 29 74 198
326 2 818 45 91 212
327 1 830 28 74 198
327 2 816 44 91 212
328 1 825 29 74 198
328 2 815 44 91 212
329 1 824 32 70 189
329 2 812 43 91 212
330 1 817 22 74 200
330 2 810 42 91 212
331 1 813 18 79 200
331 2 807 44 91 212
332 1 809 10 84 200
332 2 817 44 81 212
333 1 803 5 75 200
333 2 818 41 68 212
334 1 798 6 75 200
334 2 817 38 68 212
335 1 789 11 75 200
335 2 814 39 68 212
336 1 784 11 75 200
336 2 807 38 68 212
337 1 776 8 75 200
337 2 804 36 68 212
338 1 778 8 75 200
338 2 802 37 68 212
339 1 781 18 75 200
339 2 798 35 68 212
340 1 767 20 87 184
340 2 795 36 68 212
341 1 755 25 100 187
341 2 792 34 68 212
342 1 762 28 100 187
342 2 791 35 68 212
343 1 756 22 104 186
343 2 788 35 68 212
344 1 751 24 109 184
344 2 785 35 68 212
345 1 748 24 79 196
345 2 769 42 90 205
346 1 744 21 95 184
346 2 759 39 90 205
347 1 744 16 84 195
347 2 751 40 90 205
348 1 739 15 80 204
348 2 765 34 81 213
349 1 743 15 70 194
349 2 755 34 81 213
350 1 731 14 62 193
350 2 751 33 81 213
351 1 726 16 62 193
351 2 746 38 81 213
352 1 732 26 62 193
352 2 751 37 71 209
353 1 729 24 62 193
353 2 750 47 71 198
354 1 723 19 65 203
354 2 744 48 71 198
355 1 720 12 65 203
355 2 741 50 71 198
356 1 692 21 89 194
356 2 738 47 72 199
357 1 690 21 89 194
357 2 735 51 72 199
358 1 684 21 107 192
358 2 729 48 76 209
359 1 676 22 107 192
359 2 729 54 72 199
360 1 686 26 91 192
360 2 725 50 76 209
361 1 693 24 91 192
361 2 712 54 76 209
362 1 691 33 87 183
362 2 711 55 76 209
363 1 657 27 92 188
363 2 710 57 76 209
364 1 660 30 75 187
364 2 702 57 76 209
365 1 659 32 70 189
365 2 693 55 80 219
366 1 655 33 70 189
366 2 685 57 107 214
367 1 640 36 81 189
367 2 678 59 107 214
368 1 628 34 90 203
368 2 673 62 107 214
369 1 628 31 90 214
369 2 672 61 107 214
370 1 631 35 90 214
370 2 666 63 107 214
371 1 632 45 90 214
371 2 672 65 95 215
372 1 606 48 111 214
372 2 667 65 85 215
373 1 596 53 104 214
373 2 662 66 85 215
374 1 589 53 100 208
374 2 649 68 96 215
375 1 590 56 100 208
375 2 640 74 85 215
376 1 586 60 100 208
376 2 634 77 85 215
377 1 582 63 100 208
377 2 636 79 85 215
378 1 576 68 91 208
378 2 625 85 85 215
379 1 575 72 82 208
379 2 624 87 85 215
380 1 574 78 73 208
380 2 622 91 85 215
381 1 554 63 88 224
381 2 610 92 94 215
382 1 566 86 73 208
382 2 606 94 94 215
383 1 548 82 72 208
383 2 602 99 94 215
384 1 544 79 83 226
384 2 597 102 94 234
385 1 531 84 88 225
385 2 591 103 110 234
386 1 532 95 94 224
386 2 594 106 102 234
387 1 526 99 107 229
387 2 588 110 102 234
388 1 521 98 84 224
388 2 583 115 102 234
389 1 523 111 95 224
389 2 580 119 102 234
390 1 515 115 108 224
390 2 586 117 84 246
391 1 507 118 95 224
391 2 581 119 84 246
392 1 501 121 95 224
392 2 576 136 88 225
393 1 494 124 95 224
393 2 571 136 88 225
394 1 486 125 95 224
394 2 568 138 88 225
395 1 480 126 95 224
395 2 566 141 88 225
396 1 474 129 95 224
396 2 562 145 88 225
397 1 461 120 93 235
397 2 559 147 88 225
398 1 457 127 93 235
398 2 556 150 88 225
399 1 453 128 93 235
399 2 550 149 92 236
400 1 449 131 93 235
400 2 548 150 92 236
401 1 446 133 93 235
401 2 544 153 92 236
402 1 444 135 93 235
402 2 540 155 92 236
403 1 440 141 93 235
403 2 536 162 88 225
404 1 436 144 93 235
404 2 533 165 88 225
405 1 430 143 98 247
405 2 529 164 88 225
406 1 427 145 98 247
406 2 527 167 88 225
407 1 424 147 98 247
407 2 524 169 109 225
408 1 421 150 98 247
408 2 514 171 109 225
409 1 418 149 98 247
409 2 511 173 109 225
410 1 415 146 103 259
410 2 509 178 109 225
411 1 412 148 87 259
411 2 507 177 109 225
412 1 416 152 84 256
412 2 503 174 109 225
413 1 415 153 84 256
413 2 499 175 109 225
414 1 414 155 82 256
414 2 498 178 109 225
415 1 412 157 82 256
415 2 494 178 109 225
416 1 408 164 86 251
416 2 493 179 109 225
417 1 406 166 86 251
417 2 491 180 109 251
418 1 402 168 86 251
418 2 490 179 109 251
419 1 399 170 86 251
419 2 489 189 109 244
420 1 397 173 86 251
420 2 487 188 109 244
421 1 383 176 97 251
421 2 486 191 109 244
422 1 382 179 97 251
422 2 484 194 109 244
423 1 379 181 97 251
423 2 484 195 109 244
424 1 378 182 97 251
424 2 482 195 109 244
425 1 369 182 104 251
425 2 479 192 114 256
426 1 363 183 110 251
426 2 477 194 114 256
427 1 364 184 110 251
427 2 476 194 114 256
428 1 358 186 114 251
428 2 473 195 114 256
429 1 356 187 117 251
429 2 472 198 114 256
430 1 342 194 117 248
430 2 471 197 114 256
431 1 339 200 117 248
431 2 474 214 114 234
432 1 336 202 117 248
432 2 468 211 114 234
433 1 338 207 117 248
433 2 466 213 114 234
434 1 339 208 117 248
434 2 465 216 114 234
435 1 337 208 117 248
435 2 461 217 114 234
436 1 335 212 117 248
436 2 460 217 114 234
437 1 334 209 117 248
437 2 458 220 114 234
438 1 331 210 117 248
438 2 459 227 109 257
439 1 345 214 105 248
439 2 455 226 109 257
440 1 343 217 105 248
440 2 452 230 109 257
441 1 351 211 105 248
441 2 450 230 109 257
442 1 344 216 105 248
442 2 452 234 104 257
443 1 351 218 105 248
443 2 448 235 104 257
444 1 351 221 105 248
444 2 447 238 104 257
445 1 351 224 105 248
445 2 445 238 112 257
446 1 350 229 105 248
446 2 438 239 112 257
447 1 350 232 105 248
447 2 435 237 112 257
448 1 349 239 105 248
448 2 433 240 112 257
449 1 352 241 105 248
449 2 429 241 112 257
450 1 351 244 105 248
450 2 425 249 112 245
451 1 348 247 105 248
451 2 419 256 112 237
452 1 345 248 105 248
452 2 416 257 112 247
453 1 341 250 105 248
453 2 413 254 112 268
454 1 338 253 105 248
454 2 411 258 112 260
455 1 336 254 105 248
455 2 406 263 112 260
456 1 334 255 105 248
456 2 407 268 112 260
457 1 334 257 105 248
457 2 404 273 112 260
458 1 321 244 121 261
458 2 401 269 112 260
459 1 329 248 118 261
459 2 397 272 112 260
460 1 315 245 118 261
460 2 392 272 112 260
461 1 322 248 118 261
461 2 389 275 112 260
462 1 320 248 118 261
462 2 392 286 112 260
463 1 319 248 118 261
463 2 400 284 112 260
464 1 316 249 118 261
464 2 391 290 112 260
465 1 315 247 123 277
465 2 382 286 112 260
466 1 324 256 123 277
466 2 380 288 112 260
467 1 321 258 123 277
467 2 379 293 112 260
468 1 317 255 120 291
468 2 375 298 112 260
469 1 324 260 120 272
469 2 373 300 112 260
470 1 319 273 118 272
470 2 369 298 112 260
471 1 330 274 118 272
471 2 363 295 118 273
472 1 321 265 118 272
472 2 366 309 112 285
473 1 335 267 118 272
473 2 362 309 121 285
474 1 332 279 113 251
474 2 356 307 121 285
475 1 333 271 113 251
475 2 353 317 121 285
476 1 341 275 113 251
476 2 351 320 142 285
477 1 343 278 113 251
477 2 349 323 142 285
478 1 344 278 113 251
478 2 345 320 142 285
479 1 342 275 113 251
479 2 343 319 142 285
480 1 341 272 124 256
480 2 343 321 135 271
481 1 359 269 104 256
481 2 340 305 129 258
482 1 357 278 113 244
482 2 337 312 129 258
483 1 354 278 113 244
483 2 335 311 129 258
484 1 356 277 113 244
484 2 329 309 129 258
485 1 365 273 124 241
485 2 329 306 134 267
486 1 368 260 117 254
486 2 323 306 134 267
487 1 382 262 117 254
487 2 321 295 126 299
488 1 377 264 117 254
488 2 334 293 126 299
489 1 381 266 117 254
489 2 319 303 126 299
490 1 394 265 105 254
490 2 316 299 145 299
491 1 398 261 123 254
491 2 328 298 145 299
492 1 403 259 143 254
492 2 322 297 136 299
493 1 438 258 123 254
493 2 349 295 137 299
494 1 474 253 123 254
494 2 381 291 134 299
495 1 513 251 123 254
495 2 412 287 134 299
496 1 544 251 123 254
496 2 435 282 135 299
497 1 565 244 121 269
497 2 447 280 123 299
498 1 564 247 121 269
498 2 451 281 123 299
499 1 571 251 121 269
499 2 450 281 115 299
500 1 571 254 121 269
500 2 451 290 115 287
501 1 573 256 121 269
501 2 450 288 115 287
502 1 578 256 121 269
502 2 448 287 115 287
503 1 580 256 121 269
503 2 446 289 110 273
504 1 584 255 114 269
504 2 445 293 110 273
505 1 587 255 114 269
505 2 444 298 115 262
506 1 591 257 114 269
506 2 437 297 115 262
507 1 596 265 109 256
507 2 434 297 115 262
508 1 598 268 109 256
508 2 432 296 130 284
509 1 601 272 109 256
509 2 423 296 130 284
510 1 603 276 109 256
510 2 419 297 130 284
511 1 605 280 109 256
511 2 415 304 150 285
512 1 606 284 109 256
512 2 406 306 150 285
513 1 608 287 109 256
513 2 402 310 150 285
514 1 609 267 109 277
514 2 397 311 150 285
515 1 609 270 109 277
515 2 392 310 150 285
516 1 609 269 109 277
516 2 389 311 150 285
517 1 610 273 109 277
517 2 386 313 150 285
518 1 610 274 109 277
518 2 383 314 150 285
519 1 611 279 109 277
519 2 380 317 150 285
520 1 614 282 109 277
520 2 376 321 150 279
521 1 603 284 120 277
521 2 372 323 150 276
522 1 607 286 120 277
522 2 369 327 146 270
523 1 610 283 117 278
523 2 365 328 146 264
524 1 611 289 117 278
524 2 364 329 146 264
525 1 611 291 117 278
525 2 358 342 137 264
526 1 613 295 117 288
526 2 360 333 137 300
527 1 615 299 117 288
527 2 347 335 137 300
528 1 616 303 117 288
528 2 347 340 137 300
529 1 617 312 117 288
529 2 354 339 137 300
530 1 620 312 117 288
530 2 334 350 137 300
531 1 621 313 117 288
531 2 345 346 137 300
532 1 621 316 117 288
532 2 343 350 137 300
533 1 622 319 117 288
533 2 334 359 137 294
534 1 623 323 117 288
534 2 332 360 137 294
535 1 624 326 117 288
535 2 337 361 137 294
536 1 624 329 117 288
536 2 329 362 144 296
537 1 624 336 117 288
537 2 327 365 144 287
538 1 626 341 117 288
538 2 321 365 144 287
539 1 626 350 117 288
539 2 323 363 144 287
540 1 628 355 117 288
540 2 313 374 144 287
541 1 629 358 117 288
541 2 320 372 137 287
542 1 632 362 117 288
542 2 324 373 137 287
543 1 632 367 117 288
543 2 324 379 137 287
544 1 631 363 123 302
544 2 316 385 137 287
545 1 632 366 123 302
545 2 319 392 137 287
546 1 636 375 117 288
546 2 323 390 137 287
547 1 637 380 117 288
547 2 321 404 137 287
548 1 633 376 123 302
548 2 321 409 145 306
549 1 634 376 123 302
549 2 317 398 153 323
550 1 635 379 123 302
550 2 313 404 153 311
551 1 631 390 127 288
551 2 310 398 153 311
552 1 621 391 127 288
552 2 308 416 153 294
553 1 634 394 127 288
553 2 305 408 153 313
554 1 635 398 127 288
554 2 302 418 153 304
555 1 638 401 127 288
555 2 304 425 153 304
556 1 620 404 127 318
556 2 298 427 153 304
557 1 621 412 127 318
557 2 298 416 153 304
558 1 639 413 127 318
558 2 295 422 153 291
559 1 640 418 127 318
559 2 297 440 153 280
560 1 640 422 127 318
560 2 290 432 153 280
561 1 623 426 145 318
561 2 288 440 153 280
562 1 629 427 145 318
562 2 285 444 161 306
563 1 632 429 145 318
563 2 283 448 161 306
564 1 633 431 145 318
564 2 284 454 161 324
565 1 635 434 145 318
565 2 284 452 161 324
566 1 637 436 145 318
566 2 285 457 161 324
567 1 637 438 145 318
567 2 287 465 161 324
568 1 642 449 138 303
568 2 287 468 161 324
569 1 644 456 138 303
569 2 291 471 161 326
570 1 646 466 138 303
570 2 292 477 161 326
571 1 645 472 138 303
571 2 295 479 161 326
572 1 647 476 138 324
572 2 297 487 161 312
573 1 648 478 138 324
573 2 297 487 161 312
574 1 649 483 138 324
574 2 294 487 161 312
575 1 649 490 138 324
575 2 295 488 161 312
576 1 647 491 138 324
576 2 298 494 161 312
577 1 646 496 138 324
577 2 298 495 152 303
578 1 641 489 138 324
578 2 301 495 152 303
579 1 641 491 138 324
579 2 301 502 152 304
580 1 640 490 138 324
580 2 301 500 152 336
581 1 640 492 138 324
581 2 301 496 152 336
582 1 641 490 138 324
582 2 294 512 152 336
583 1 623 491 138 324
583 2 293 510 152 336
584 1 620 489 138 324
584 2 285 516 152 336
585 1 624 489 138 324
585 2 286 498 161 362
586 1 614 482 138 351
586 2 276 508 161 347
587 1 625 483 138 361
587 2 276 495 172 358
588 1 611 477 163 361
588 2 258 499 184 358
589 1 614 467 163 361
589 2 252 481 184 358
590 1 613 473 163 348
590 2 245 484 184 344
591 1 614 464 163 375
591 2 233 478 197 344
592 1 614 452 163 375
592 2 229 466 188 328
593 1 613 445 163 375
593 2 224 462 202 359
594 1 612 442 163 375
594 2 219 456 202 359
595 1 610 450 163 362
595 2 213 460 202 359
596 1 607 453 163 362
596 2 198 461 213 359
597 1 609 443 163 362
597 2 200 467 213 359
598 1 607 444 163 362
598 2 185 469 213 359
599 1 606 450 163 362
599 2 176 472 213 359
600 1 610 463 155 345
600 2 177 470 213 391
601 1 609 459 155 368
601 2 174 477 224 404
602 1 608 470 155 379
602 2 167 480 224 404
603 1 604 474 155 387
603 2 169 483 224 404
604 1 601 477 155 400
604 2 175 488 224 404
605 1 599 482 155 400
605 2 174 492 214 404
606 1 600 498 148 381
606 2 168 500 214 404
607 1 599 503 148 381
607 2 170 493 211 404
608 1 577 491 163 404
608 2 166 505 211 393
609 1 580 496 163 404
609 2 162 491 211 393
610 1 579 503 163 404
610 2 167 509 211 393
611 1 576 507 163 404
611 2 158 499 211 393
612 1 575 509 163 404
612 2 155 522 211 374
613 1 546 500 192 396
613 2 153 520 211 374
614 1 550 511 192 396
614 2 145 527 222 383
615 1 547 514 192 396
615 2 144 530 222 383
616 1 546 520 192 396
616 2 141 538 222 383
617 1 540 530 192 414
617 2 138 542 222 415
618 1 517 533 216 414
618 2 140 549 222 436
619 1 525 535 216 456
619 2 139 553 222 436
620 1 529 549 200 441
620 2 135 558 222 436
621 1 532 545 200 441
621 2 129 579 222 436
622 1 529 548 200 441
622 2 119 585 222 436
623 1 509 591 200 422
623 2 110 591 246 436
624 1 523 580 200 422
624 2 105 601 246 436
625 1 523 578 200 422
625 2 101 593 246 436
626 1 523 582 200 422
626 2 84 596 246 436
627 1 525 588 200 422
627 2 82 598 266 414
628 1 529 594 190 402
628 2 86 607 266 403
629 1 531 592 190 402
629 2 80 602 266 403
630 1 532 596 190 402
630 2 80 606 266 391
631 1 537 602 181 383
631 2 75 602 266 391
632 1 538 601 181 383
632 2 68 595 266 391
633 1 545 614 173 365
633 2 88 597 248 384
634 1 545 608 173 365
634 2 94 596 248 384
635 1 544 599 173 409
635 2 85 597 248 384
636 1 550 591 173 409
636 2 91 587 248 419
637 1 549 586 173 409
637 2 89 580 260 431
638 1 550 577 173 409
638 2 104 578 247 422
639 1 550 567 173 409
639 2 105 564 240 422
640 1 551 557 173 409
640 2 120 556 230 422
641 1 550 544 173 409
641 2 128 550 230 422
642 1 552 535 173 409
642 2 133 542 230 422
643 1 555 524 173 409
643 2 151 532 205 413
644 1 555 510 173 409
644 2 159 523 205 413
645 1 566 510 165 390
645 2 168 513 205 394
646 1 561 497 165 369
646 2 175 508 205 388
647 1 567 485 165 369
647 2 190 486 205 388
648 1 570 472 165 369
648 2 195 474 191 389
649 1 571 459 165 369
649 2 204 469 184 369
650 1 566 459 165 369
650 2 212 461 184 369
651 1 570 450 165 398
651 2 218 444 184 369
652 1 579 433 165 398
652 2 223 436 184 369
653 1 581 444 165 398
653 2 228 451 184 369
654 1 588 432 165 398
654 2 232 438 184 407
655 1 589 425 165 398
655 2 234 434 193 407
656 1 598 426 157 379
656 2 239 421 193 407
657 1 599 423 157 379
657 2 240 426 193 396
658 1 600 415 157 379
658 2 233 433 193 396
659 1 603 416 157 379
659 2 227 438 193 396
660 1 605 417 157 379
660 2 239 434 193 396
661 1 611 423 150 361
661 2 239 437 193 396
662 1 613 423 150 361
662 2 246 428 193 396
663 1 613 421 150 361
663 2 245 430 193 396
664 1 615 420 150 361
664 2 242 426 193 381
665 1 617 421 150 361
665 2 241 424 193 381
666 1 617 421 150 361
666 2 242 421 193 381
667 1 615 414 157 379
667 2 242 412 193 381
668 1 611 403 165 398
668 2 242 406 193 366
669 1 612 402 165 398
669 2 238 407 193 355
670 1 615 410 157 379
670 2 245 403 193 355
671 1 615 407 157 379
671 2 232 406 212 364
672 1 615 402 157 379
672 2 230 406 212 364
673 1 615 399 157 379
673 2 237 402 212 390
674 1 613 397 157 379
674 2 245 406 212 390
675 1 613 395 157 379
675 2 247 404 212 390
676 1 612 395 157 379
676 2 241 382 212 390
677 1 611 392 157 379
677 2 247 408 212 390
678 1 610 394 157 379
678 2 244 411 191 396
679 1 609 394 157 379
679 2 254 412 191 396
680 1 612 400 150 361
680 2 254 409 191 396
681 1 611 399 150 361
681 2 261 412 191 387
682 1 618 411 143 344
682 2 251 418 191 387
683 1 620 417 143 344
683 2 253 424 191 372
684 1 602 404 168 386
684 2 253 424 191 372
685 1 606 408 160 386
685 2 255 426 191 362
686 1 610 410 160 386
686 2 254 432 191 362
687 1 611 412 160 386
687 2 258 437 191 362
688 1 617 420 152 368
688 2 260 435 191 362
689 1 618 417 152 368
689 2 260 437 191 362
690 1 619 412 152 368
690 2 260 434 176 394
691 1 616 401 160 386
691 2 269 440 176 394
692 1 617 399 160 386
692 2 268 432 176 394
693 1 619 398 160 386
693 2 268 433 176 394
694 1 619 408 160 376
694 2 272 449 176 394
695 1 620 403 160 376
695 2 268 445 176 394
696 1 622 404 160 376
696 2 265 444 176 394
697 1 621 406 160 376
697 2 262 447 176 394
698 1 622 406 160 376
698 2 261 452 176 394
699 1 622 412 160 370
699 2 258 455 176 394
700 1 629 409 160 370
700 2 245 464 206 375
701 1 624 425 160 370
701 2 238 464 206 375
702 1 619 421 168 388
702 2 236 465 206 375
703 1 617 423 168 388
703 2 235 470 206 375
704 1 616 425 168 388
704 2 233 466 206 375
705 1 614 427 168 388
705 2 231 468 206 375
706 1 612 429 168 388
706 2 228 469 206 375
707 1 611 431 168 388
707 2 215 470 217 375
708 1 609 436 168 388
708 2 214 493 217 375
709 1 608 439 168 388
709 2 204 492 217 375
710 1 601 439 176 395
710 2 209 500 217 403
711 1 600 439 176 395
711 2 207 501 217 403
712 1 600 439 176 395
712 2 213 503 217 403
713 1 598 437 176 386
713 2 210 507 217 403
714 1 597 440 176 386
714 2 199 505 217 403
715 1 596 440 176 386
715 2 207 509 217 403
716 1 595 440 176 386
716 2 206 516 217 403
717 1 589 431 185 405
717 2 204 519 217 403
718 1 589 450 171 407
718 2 205 521 208 390
719 1 592 449 171 407
719 2 206 517 208 390
720 1 592 451 171 407
720 2 200 527 215 381
721 1 593 456 171 407
721 2 191 520 215 381
722 1 593 459 171 407
722 2 189 525 215 381
723 1 593 459 171 407
723 2 186 530 215 381
724 1 594 458 171 407
724 2 188 540 216 372
725 1 593 461 171 407
725 2 180 541 216 372
726 1 593 464 171 407
726 2 185 552 216 393
727 1 592 470 171 407
727 2 178 568 216 393
728 1 593 473 171 407
728 2 171 571 216 393
729 1 591 476 171 407
729 2 164 564 229 426
730 1 590 481 171 407
730 2 157 587 229 426
731 1 590 484 171 407
731 2 151 592 229 426
732 1 587 491 171 407
732 2 142 587 251 426
733 1 586 498 171 407
733 2 129 609 251 401
734 1 578 491 180 427
734 2 128 624 251 401
735 1 577 502 180 427
735 2 110 623 251 401
736 1 575 511 180 427
736 2 91 619 251 401
737 1 573 518 180 427
737 2 73 632 312 386
738 1 569 529 180 410
738 2 67 633 312 386
739 1 558 533 180 410
739 2 56 650 312 386
740 1 552 530 180 410
740 2 51 656 312 386
741 1 553 532 180 410
741 2 37 659 312 386
742 1 547 533 180 410
742 2 18 649 312 386
743 1 545 533 180 410
743 2 13 680 312 386
744 1 543 550 180 400
744 2 6 680 323 399
745 1 534 553 180 390
745 2 0 686 323 394
746 1 527 557 180 390
746 2 -4 690 323 394
747 1 534 572 180 390
747 2 -12 707 323 380
748 1 511 573 198 377
748 2 -19 710 323 380
749 1 506 577 207 388
749 2 -29 715 342 380
750 1 507 582 207 388
750 2 -37 730 342 369
751 1 506 593 207 388
751 2 -45 736 337 369
752 1 486 600 225 388
752 2 -51 741 313 369
753 1 489 616 225 424
753 2 -58 745 301 369
754 1 486 626 225 424
754 2 -65 768 301 351
755 1 482 633 225 414
755 2 -73 773 267 351
756 1 466 636 225 414
756 2 -78 778 241 351
757 2 -76 791 214 334
757 1 473 630 225 414
758 1 470 646 225 414
759 1 466 650 225 414
760 1 460 654 225 414
761 1 452 654 225 403
762 1 446 665 225 388
763 1 440 674 225 388
764 1 437 676 225 378
765 1 436 684 225 367
766 1 410 674 249 383
767 1 411 684 249 383
768 1 407 687 249 383
769 1 401 696 249 383
770 1 395 696 249 383
771 1 372 697 264 383
772 1 362 697 264 383
773 1 338 697 283 383
774 1 329 696 283 383
775 1 324 697 283 383
776 1 318 711 283 368
777 1 309 712 283 368
778 1 315 712 283 368
779 1 339 711 283 368
780 1 379 711 246 368
781 1 408 678 232 394
782 1 446 677 237 394
782 2 0 784 265 247
783 1 481 675 238 394
783 2 0 762 312 247
784 1 519 664 231 411
784 2 3 740 344 260
785 1 574 665 203 409
785 2 6 718 387 277
786 1 592 639 214 432
786 2 -1 701 418 252
787 1 641 644 197 432
787 2 28 672 418 252
788 1 661 627 212 432
788 2 77 658 418 252
789 1 694 626 192 432
789 2 102 634 418 252
790 1 700 625 208 432
790 2 104 628 397 282
791 1 706 627 187 432
791 2 97 619 398 290
792 1 714 628 178 432
792 2 98 626 396 290
793 1 694 634 202 432
793 2 103 608 367 306
794 1 701 634 202 432
794 2 100 609 357 302
795 1 699 642 202 416
795 2 97 607 343 304
796 1 701 640 202 416
796 2 85 600 343 323
797 1 698 640 202 416
797 2 62 597 343 334
798 1 697 641 202 416
798 2 65 597 343 334
799 1 694 639 175 416
799 2 72 589 343 334
800 1 697 639 175 416
800 2 69 590 307 359
801 1 694 639 175 416
801 2 79 586 307 359
802 1 693 637 175 416
802 2 75 586 307 371
803 1 677 637 187 416
803 2 79 582 307 371
804 1 682 634 187 416
804 2 80 579 307 371
805 1 683 634 187 416
805 2 84 575 307 371
806 1 688 633 187 416
806 2 117 572 278 371
807 1 696 630 187 416
807 2 148 564 256 371
808 1 713 625 187 416
808 2 166 552 256 371
809 1 738 621 187 416
809 2 193 535 256 371
810 1 768 617 187 416
810 2 260 530 220 371
811 1 802 620 187 416
811 2 295 514 220 371
812 1 837 626 187 416
812 2 333 505 220 371
813 1 865 594 186 433
813 2 336 496 237 374
814 1 871 597 186 433
814 2 335 500 237 374
815 1 871 597 186 433
815 2 303 503 278 374
816 1 870 594 186 433
816 2 328 504 254 374
817 1 870 600 186 433
817 2 327 513 254 374
818 1 871 600 186 433
818 2 336 510 254 389
819 1 870 600 173 433
819 2 344 511 254 389
820 1 873 584 161 449
820 2 342 513 254 389
821 1 876 587 161 449
821 2 346 522 254 408
822 1 877 590 161 449
822 2 355 532 222 418
823 1 877 589 139 449
823 2 361 529 222 423
824 1 866 592 140 449
824 2 361 538 222 423
825 1 866 600 140 449
825 2 357 518 222 423
826 1 878 595 140 449
826 2 362 549 222 423
827 1 880 598 140 449
827 2 364 549 215 423
828 1 857 598 163 449
828 2 351 551 215 423
829 1 868 597 146 449
829 2 347 554 215 417
830 1 877 599 146 449
830 2 341 558 226 413
831 1 868 616 146 420
831 2 339 556 226 413
832 1 876 615 146 420
832 2 340 565 226 406
833 1 877 617 146 420
833 2 336 575 226 397
834 1 876 616 146 420
834 2 333 582 226 392
835 1 878 620 146 420
835 2 333 563 226 392
836 1 878 621 146 420
836 2 332 578 226 392
837 1 883 619 146 420
837 2 339 585 226 392
838 1 896 641 153 408
838 2 365 590 226 392
839 1 924 638 153 408
839 2 404 578 226 392
840 1 956 638 153 408
840 2 431 578 226 392
841 1 987 640 153 408
841 2 482 570 226 410
842 1 1005 643 153 408
842 2 503 565 226 410
843 1 1012 648 153 408
843 2 508 567 226 410
844 1 1013 651 153 408
844 2 508 568 226 410
845 1 1007 645 161 428
845 2 520 582 226 410
846 1 1007 650 161 401
846 2 517 581 226 410
847 1 1008 654 161 415
847 2 529 580 226 410
848 1 1007 655 161 431
848 2 534 584 202 424
849 1 995 676 172 403
849 2 521 590 202 424
850 1 998 667 172 403
850 2 538 582 202 424
851 1 998 670 172 403
851 2 540 587 199 417
