1 1 1328 504 57 147
1 2 1348 534 64 161
2 1 1335 507 57 147
2 2 1334 525 76 161
3 1 1320 504 72 142
3 2 1330 525 76 161
4 1 1314 502 70 147
4 2 1327 539 77 152
5 1 1301 506 79 150
5 2 1324 526 76 161
6 1 1297 508 87 140
6 2 1317 538 87 152
7 1 1299 504 82 146
7 2 1316 523 76 161
8 1 1298 504 78 150
8 2 1313 522 76 161
9 1 1294 505 81 154
9 2 1309 523 76 161
10 1 1294 505 71 140
10 2 1307 522 76 161
11 1 1289 497 76 146
11 2 1315 536 75 149
12 1 1289 502 63 147
12 2 1319 538 65 147
13 1 1283 505 58 145
13 2 1307 540 62 146
14 1 1287 506 65 141
14 2 1316 542 53 144
15 1 1277 501 67 148
15 2 1302 536 62 150
16 1 1275 503 66 148
16 2 1305 540 56 146
17 1 1274 509 68 138
17 2 1300 539 61 152
18 1 1268 508 68 146
18 2 1297 536 51 153
19 1 1266 508 68 150
19 2 1292 535 57 149
20 1 1256 508 80 141
20 2 1292 534 58 153
21 1 1245 509 89 145
21 2 1272 540 75 147
22 1 1247 509 86 143
22 2 1269 539 75 147
23 1 1238 508 89 146
23 2 1265 534 76 152
24 1 1239 509 88 139
24 2 1270 537 67 149
25 1 1242 514 74 136
25 2 1267 539 76 147
26 1 1243 514 74 133
26 2 1265 539 66 147
27 1 1246 512 70 140
27 2 1262 537 66 149
28 1 1244 515 70 134
28 2 1266 539 65 139
29 1 1241 507 67 148
29 2 1262 536 62 155
30 1 1243 504 46 144
30 2 1259 536 62 156
31 1 1238 508 43 141
31 2 1264 533 52 149
32 1 1235 508 44 141
32 2 1266 538 44 144
33 1 1229 505 52 145
33 2 1261 533 49 152
34 1 1221 509 65 139
34 2 1258 530 50 150
35 1 1212 507 70 143
35 2 1251 529 57 157
36 1 1202 510 82 143
36 2 1244 533 62 153
37 1 1208 512 77 142
37 2 1241 535 63 151
38 1 1196 513 83 140
38 2 1232 534 71 144
39 1 1195 510 79 134
39 2 1222 527 80 158
40 1 1190 508 84 138
40 2 1232 527 68 155
41 1 1191 504 78 145
41 2 1230 526 67 159
42 1 1201 508 73 143
42 2 1234 529 62 154
43 1 1197 503 65 157
43 2 1229 527 63 158
44 1 1188 503 65 139
44 2 1231 527 58 160
45 1 1180 503 64 138
45 2 1233 529 53 150
46 1 1188 508 48 137
46 2 1235 523 47 158
47 1 1185 502 47 148
47 2 1234 524 50 150
48 1 1173 504 57 142
48 2 1233 523 50 152
49 1 1168 506 60 141
49 2 1225 527 49 142
50 1 1170 506 58 146
50 2 1223 527 57 145
51 1 1161 507 69 142
51 2 1227 532 51 134
52 1 1155 509 75 140
52 2 1224 528 53 152
53 1 1151 507 74 146
53 2 1215 527 51 139
54 1 1154 508 73 140
54 2 1211 527 53 138
55 1 1155 508 71 143
55 2 1205 531 65 136
56 1 1152 507 77 141
56 2 1204 531 61 135
57 1 1153 507 64 138
57 2 1203 520 61 141
58 1 1152 508 61 141
58 2 1200 517 69 145
59 1 1152 508 53 140
59 2 1200 519 69 146
60 1 1151 508 54 142
60 2 1199 522 66 139
61 1 1136 505 65 142
61 2 1197 513 66 147
62 1 1134 503 57 143
62 2 1195 513 66 147
63 1 1137 506 48 145
63 2 1192 513 57 146
64 1 1130 505 56 144
64 2 1190 513 56 147
65 1 1128 505 54 145
65 2 1187 511 57 145
66 1 1125 505 60 148
66 2 1184 512 49 144
67 1 1121 506 58 141
67 2 1182 510 66 147
68 1 1119 505 61 147
68 2 1181 508 56 147
69 1 1116 506 64 147
69 2 1178 509 58 146
70 1 1107 508 76 145
70 2 1176 509 56 147
71 1 1112 503 68 145
71 2 1173 509 54 142
72 1 1115 503 64 146
72 2 1165 509 66 147
73 1 1109 503 65 137
73 2 1165 506 62 146
74 1 1112 503 57 145
74 2 1160 509 68 141
75 1 1106 503 57 142
75 2 1157 508 75 147
76 1 1109 504 48 143
76 2 1154 508 75 147
77 1 1108 499 39 140
77 2 1150 507 75 147
78 1 1100 499 44 142
78 2 1154 505 64 144
79 1 1094 502 46 141
79 2 1154 506 62 137
80 1 1092 501 50 141
80 2 1151 500 61 149
81 1 1088 504 51 136
81 2 1157 506 47 137
82 1 1084 503 52 140
82 2 1151 499 53 142
83 1 1078 505 62 139
83 2 1149 503 63 138
84 1 1082 506 56 137
84 2 1146 499 43 142
85 1 1073 501 64 141
85 2 1139 500 46 138
86 1 1072 507 65 131
86 2 1137 500 80 137
87 1 1072 507 63 134
87 2 1135 500 47 140
88 1 1070 508 64 134
88 2 1133 497 44 137
89 1 1064 506 65 136
89 2 1120 498 58 135
90 1 1063 501 61 140
90 2 1116 492 65 137
91 1 1064 504 59 142
91 2 1116 499 64 134
92 1 1066 505 50 138
92 2 1110 492 71 140
93 1 1053 507 66 137
93 2 1108 497 68 140
94 1 1053 505 54 138
94 2 1107 497 69 139
95 1 1054 507 45 136
95 2 1101 496 64 133
96 1 1056 504 37 142
96 2 1105 497 66 128
97 1 1058 511 37 142
97 2 1098 499 66 128
98 1 1056 511 37 142
98 2 1100 499 66 128
99 1 1034 511 57 142
99 2 1095 502 66 128
100 1 1032 506 57 142
100 2 1091 497 66 128
101 1 1037 514 57 142
101 2 1097 498 45 131
102 1 1035 512 57 142
102 2 1094 498 45 131
103 1 1034 516 54 135
103 2 1092 499 45 131
104 1 1030 508 54 135
104 2 1089 500 45 131
105 1 1030 515 54 135
105 2 1086 500 45 131
106 1 1027 515 54 135
106 2 1084 500 45 131
107 1 1024 515 54 135
107 2 1081 497 45 131
108 1 1022 515 54 135
108 2 1078 497 45 131
109 1 1020 515 54 135
109 2 1064 494 57 134
110 1 1015 515 54 135
110 2 1065 496 57 134
111 1 1012 514 54 135
111 2 1061 496 57 134
112 1 1005 512 54 135
112 2 1058 495 57 134
113 1 1004 516 54 135
113 2 1054 493 60 141
114 1 1002 518 54 135
114 2 1051 493 60 141
115 1 999 519 54 135
115 2 1048 491 60 141
116 1 997 521 54 135
116 2 1052 488 52 142
117 1 997 524 51 129
117 2 1046 488 52 142
118 1 994 525 51 129
118 2 1044 487 52 142
119 1 991 520 54 135
119 2 1040 487 52 142
120 1 987 521 54 135
120 2 1036 486 52 142
121 1 985 521 54 135
121 2 1033 488 52 142
122 1 985 520 54 135
122 2 1030 489 52 142
123 1 982 520 54 135
123 2 1028 493 51 136
124 1 981 523 54 135
124 2 1025 494 51 136
125 1 979 522 54 135
125 2 1008 493 66 131
126 1 976 523 45 137
126 2 1008 496 66 131
127 1 973 525 45 137
127 2 1005 496 66 131
128 1 964 517 48 141
128 2 1003 497 66 131
129 1 961 512 51 149
129 2 999 497 66 131
130 1 966 533 45 137
130 2 996 498 66 131
131 1 952 514 58 152
131 2 999 495 61 128
132 1 961 529 47 144
132 2 1003 493 54 135
133 1 958 528 47 144
133 2 997 493 54 135
134 1 936 527 66 136
134 2 995 494 54 135
135 1 934 532 66 136
135 2 993 497 51 129
136 1 931 529 69 143
136 2 998 492 44 135
137 1 929 529 69 143
137 2 992 493 44 135
138 1 927 524 69 143
138 2 991 498 42 129
139 1 925 523 69 143
139 2 987 496 44 135
140 1 932 514 53 149
140 2 984 497 44 135
141 1 924 517 65 156
141 2 979 493 46 142
142 1 920 507 62 153
142 2 976 495 46 142
143 1 916 511 57 152
143 2 956 495 64 128
144 1 924 531 53 134
144 2 954 498 64 128
145 1 911 519 63 146
145 2 953 499 64 128
146 1 905 517 60 151
146 2 949 501 64 128
147 1 904 529 66 138
147 2 948 501 64 128
148 1 902 531 66 138
148 2 945 500 64 128
149 1 896 522 69 147
149 2 943 500 64 128
150 1 898 533 66 138
150 2 942 500 64 128
151 1 897 536 66 138
151 2 940 500 64 128
152 1 895 535 66 138
152 2 938 498 64 128
153 1 890 524 66 138
153 2 937 497 64 128
154 1 888 532 66 138
154 2 934 499 64 128
155 1 886 531 66 138
155 2 933 499 64 128
156 1 883 531 66 138
156 2 930 501 48 128
157 1 879 517 66 152
157 2 932 503 48 128
158 1 876 514 63 156
158 2 921 504 56 128
159 1 875 519 63 154
159 2 922 508 56 128
160 1 865 514 63 159
160 2 904 507 74 120
161 1 871 526 63 149
161 2 904 506 74 120
162 1 870 525 61 142
162 2 908 508 74 120
163 1 860 529 61 142
163 2 908 510 70 114
164 1 853 524 62 142
164 2 905 512 70 114
165 1 856 528 62 142
165 2 901 514 70 114
166 1 854 529 62 142
166 2 896 515 70 114
167 1 850 530 62 142
167 2 892 514 70 114
168 1 847 530 62 142
168 2 897 507 65 120
169 1 844 530 62 142
169 2 893 508 65 120
170 1 842 529 62 142
170 2 890 495 51 134
171 1 839 525 65 149
171 2 889 498 51 134
172 1 834 524 65 149
172 2 887 496 51 134
173 1 845 524 53 149
173 2 883 496 51 134
174 1 837 515 53 149
174 2 879 496 51 134
175 1 837 515 53 149
175 2 876 498 51 134
176 1 836 524 53 149
176 2 871 494 54 141
177 1 834 524 53 149
177 2 869 492 54 141
178 1 830 524 53 149
178 2 871 498 51 134
179 1 827 525 53 149
179 2 855 497 63 127
180 1 826 528 50 142
180 2 856 501 63 127
181 1 817 517 58 154
181 2 852 501 63 127
182 1 809 519 65 152
182 2 847 497 66 133
183 1 803 518 68 147
183 2 844 497 66 133
184 1 804 521 68 148
184 2 840 499 66 133
185 1 801 521 68 148
185 2 837 497 66 133
186 1 798 520 68 150
186 2 834 495 66 133
187 1 795 523 80 145
187 2 831 496 66 133
188 1 792 512 68 156
188 2 826 496 66 133
189 1 786 512 71 158
189 2 837 496 51 133
190 1 781 525 74 145
190 2 832 498 51 133
191 1 786 517 67 153
191 2 826 494 54 140
192 1 788 536 62 135
192 2 824 495 54 140
193 1 777 520 71 151
193 2 820 495 54 140
194 1 773 520 72 150
194 2 819 494 54 140
195 1 769 521 74 149
195 2 801 494 70 131
196 1 769 522 71 148
196 2 798 498 70 131
197 1 762 519 73 152
197 2 794 500 70 131
198 1 755 522 73 149
198 2 789 500 70 131
199 1 761 522 66 149
199 2 786 500 70 131
200 1 755 518 76 152
200 2 782 500 70 131
201 1 756 521 73 151
201 2 777 499 70 131
202 1 742 518 79 152
202 2 774 500 70 131
203 1 743 520 86 149
203 2 793 501 49 125
204 1 746 514 73 147
204 2 789 502 49 125
205 1 743 534 73 135
205 2 786 504 49 125
206 1 741 537 70 129
206 2 783 503 49 125
207 1 738 536 70 129
207 2 781 502 49 125
208 1 733 537 70 129
208 2 777 500 51 131
209 1 736 516 51 144
209 2 775 501 51 131
210 1 730 520 51 144
210 2 772 501 51 131
211 1 727 520 56 147
211 2 770 504 49 125
212 1 721 519 62 152
212 2 768 504 49 125
213 1 720 519 61 153
213 2 748 501 66 127
214 1 712 528 65 141
214 2 746 502 66 127
215 1 716 531 65 141
215 2 743 504 66 127
216 1 713 532 65 141
216 2 739 503 66 127
217 1 711 531 65 141
217 2 736 504 66 127
218 1 709 536 62 134
218 2 732 508 66 127
219 1 706 535 62 134
219 2 729 510 66 127
220 1 704 535 62 134
220 2 740 496 54 131
221 1 702 522 61 146
221 2 737 500 54 131
222 1 701 527 61 146
222 2 734 500 54 131
223 1 699 527 61 146
223 2 731 501 54 131
224 1 690 520 67 154
224 2 727 496 54 134
225 1 692 523 67 154
225 2 723 499 54 134
226 1 688 523 67 154
226 2 721 498 54 134
227 1 674 517 64 153
227 2 720 504 54 134
228 1 678 520 64 153
228 2 718 504 54 134
229 1 676 520 64 153
229 2 714 505 54 134
230 1 665 521 73 153
230 2 712 504 54 134
231 1 668 522 73 153
231 2 699 503 65 134
232 1 666 522 73 153
232 2 695 503 65 134
233 1 665 521 73 153
233 2 692 503 65 134
234 1 663 521 73 153
234 2 688 503 65 134
235 1 660 522 73 153
235 2 686 503 65 134
236 1 659 528 70 146
236 2 684 505 65 134
237 1 657 527 70 146
237 2 680 504 65 134
238 1 655 528 70 146
238 2 678 503 65 134
239 1 652 528 70 146
239 2 675 504 65 134
240 1 648 523 73 153
240 2 674 506 65 134
241 1 646 523 73 153
241 2 672 505 65 134
242 1 643 520 55 149
242 2 684 506 51 131
243 1 641 525 55 149
243 2 679 508 51 131
244 1 638 526 55 149
244 2 676 507 51 131
245 1 635 523 58 156
245 2 673 512 51 131
246 1 633 522 58 156
246 2 670 513 51 131
247 1 630 523 58 156
247 2 668 512 51 131
248 1 627 518 61 151
248 2 665 509 51 131
249 1 626 522 61 151
249 2 663 510 51 131
250 1 623 522 61 151
250 2 661 508 51 131
251 1 620 522 61 151
251 2 658 509 51 131
252 1 617 523 61 151
252 2 652 508 54 138
253 1 613 522 61 151
253 2 648 505 56 144
254 1 612 521 61 151
254 2 645 504 56 144
255 1 607 516 64 159
255 2 641 506 69 134
256 1 605 516 64 159
256 2 636 508 69 134
257 1 601 514 64 159
257 2 633 509 69 134
258 1 598 515 64 159
258 2 630 507 69 134
259 1 596 515 64 159
259 2 627 507 69 134
260 1 595 515 64 159
260 2 624 508 69 134
261 1 593 524 61 151
261 2 629 508 59 130
262 1 590 524 61 151
262 2 622 507 59 130
263 1 588 522 61 151
263 2 619 507 59 130
264 1 584 523 61 151
264 2 617 511 59 130
265 1 579 517 64 159
265 2 616 510 59 130
266 1 575 514 64 159
266 2 613 511 59 130
267 1 572 515 64 159
267 2 611 510 59 130
268 1 569 513 64 159
268 2 609 511 59 130
269 1 565 510 64 159
269 2 599 510 67 131
270 1 563 507 64 159
270 2 597 510 67 131
271 1 561 511 64 159
271 2 594 511 67 131
272 1 557 517 61 151
272 2 593 511 67 131
273 1 556 516 61 151
273 2 590 510 67 131
274 1 552 515 61 151
274 2 588 510 67 131
275 1 548 516 61 151
275 2 585 511 67 131
276 1 546 516 61 151
276 2 595 508 56 133
277 1 541 516 61 151
277 2 590 507 56 133
278 1 537 518 61 151
278 2 588 507 56 133
279 1 534 519 61 151
279 2 586 507 56 133
280 1 528 519 61 151
280 2 583 508 56 133
281 1 524 518 61 151
281 2 580 508 56 133
282 1 521 520 61 151
282 2 579 509 56 133
283 1 517 520 64 144
283 2 578 509 56 133
284 1 515 523 64 144
284 2 577 509 56 133
285 1 511 521 64 144
285 2 575 510 56 133
286 1 509 522 64 144
286 2 573 510 56 133
287 1 505 522 64 144
287 2 571 510 56 133
288 1 503 515 67 151
288 2 568 508 59 140
289 1 500 518 67 151
289 2 565 509 59 140
290 1 500 515 67 151
290 2 561 509 59 140
291 1 498 521 64 144
291 2 557 504 62 147
292 1 495 521 64 144
292 2 553 505 62 147
293 1 493 522 64 144
293 2 550 506 62 147
294 1 492 520 64 144
294 2 547 506 62 147
295 1 489 516 67 151
295 2 544 505 62 147
296 1 486 515 67 151
296 2 542 505 62 147
297 1 486 519 64 144
297 2 538 504 62 147
298 1 484 522 61 137
298 2 538 509 59 140
299 1 481 522 61 137
299 2 536 510 59 140
300 1 476 523 61 137
300 2 534 509 59 140
301 1 472 523 51 135
301 2 531 513 59 140
302 1 470 523 51 135
302 2 530 513 59 140
303 1 468 524 51 135
303 2 528 513 59 140
304 1 464 528 51 135
304 2 525 517 59 140
305 1 462 527 51 135
305 2 523 519 59 140
306 1 461 527 51 135
306 2 522 519 59 140
307 1 459 523 51 135
307 2 518 520 59 140
308 1 442 521 69 142
308 2 515 520 59 140
309 1 445 522 69 142
309 2 512 522 59 140
310 1 443 525 69 142
310 2 510 521 59 140
311 1 441 526 69 142
311 2 509 522 59 140
312 1 438 523 72 149
312 2 505 522 59 140
313 1 429 522 68 140
313 2 502 523 59 140
314 1 432 524 68 140
314 2 500 522 59 140
315 1 430 525 68 140
315 2 496 522 59 140
316 1 428 525 68 140
316 2 494 524 59 140
317 1 425 528 68 140
317 2 494 523 59 140
318 1 422 529 59 131
318 2 491 524 61 141
319 1 421 533 59 131
319 2 489 526 61 141
320 1 419 534 59 131
320 2 489 526 61 141
321 1 415 535 59 131
321 2 488 527 61 141
322 1 410 536 69 135
322 2 474 527 74 146
323 1 406 537 69 135
323 2 476 527 74 146
324 1 402 538 80 135
324 2 474 530 74 144
325 1 398 540 80 135
325 2 468 530 79 146
326 1 394 540 80 135
326 2 467 530 79 146
327 1 390 542 80 135
327 2 464 533 79 146
328 1 386 544 80 135
328 2 457 533 79 146
329 1 383 545 80 135
329 2 453 536 75 139
330 1 382 546 80 135
330 2 449 539 75 139
331 1 378 546 80 135
331 2 451 535 75 144
332 1 376 545 80 135
332 2 447 535 75 144
333 1 373 545 80 135
333 2 446 535 75 144
334 1 370 545 80 135
334 2 446 534 65 144
335 1 363 545 70 135
335 2 446 535 65 144
336 1 359 546 70 135
336 2 444 535 65 144
337 1 356 543 70 151
337 2 434 536 60 144
338 1 358 545 70 151
338 2 435 536 60 144
339 1 355 546 70 151
339 2 435 537 60 144
340 1 353 549 70 151
340 2 433 541 60 144
341 1 350 552 70 151
341 2 431 542 60 144
342 1 349 552 70 151
342 2 430 543 60 144
343 1 347 554 67 151
343 2 429 544 60 144
344 1 346 555 67 151
344 2 427 543 60 144
345 1 345 556 67 151
345 2 425 547 60 144
346 1 342 559 67 151
346 2 422 546 60 144
347 1 333 557 59 151
347 2 421 546 60 144
348 1 337 559 59 151
348 2 418 543 63 151
349 1 334 555 62 159
349 2 414 548 63 151
350 1 332 557 62 159
350 2 414 550 63 151
351 1 330 558 62 159
351 2 412 551 63 151
352 1 329 560 55 159
352 2 412 553 63 151
353 1 333 563 55 159
353 2 409 553 63 151
354 1 331 564 55 159
354 2 408 553 63 151
355 1 325 566 60 159
355 2 407 553 63 151
356 1 326 569 60 159
356 2 405 553 63 151
357 1 320 570 60 159
357 2 405 554 63 151
358 1 313 573 69 159
358 2 403 556 63 151
359 1 314 574 69 159
359 2 403 558 63 151
360 1 313 575 69 159
360 2 402 560 63 151
361 1 312 577 69 159
361 2 400 560 63 151
362 1 311 577 69 159
362 2 399 562 63 151
363 1 311 578 69 159
363 2 398 564 63 151
364 1 311 579 69 159
364 2 397 565 63 151
365 1 310 580 69 159
365 2 397 565 63 151
366 1 311 581 69 159
366 2 395 566 63 151
367 1 303 578 69 159
367 2 395 567 63 151
368 1 306 583 69 159
368 2 385 568 71 151
369 1 308 585 69 159
369 2 386 571 71 151
370 1 308 586 69 159
370 2 385 573 71 151
371 1 308 588 69 159
371 2 385 573 71 151
372 1 309 588 69 159
372 2 383 572 71 151
373 1 310 593 69 159
373 2 383 574 71 151
374 1 310 594 69 159
374 2 384 573 71 151
375 1 312 594 69 159
375 2 384 574 71 151
376 1 313 595 69 159
376 2 384 575 71 151
377 1 310 591 72 161
377 2 385 574 71 151
378 1 313 594 72 161
378 2 383 575 71 151
379 1 314 594 72 161
379 2 385 575 71 151
380 1 315 595 72 161
380 2 386 576 71 151
381 1 316 595 72 161
381 2 386 577 71 151
382 1 316 596 72 161
382 2 388 578 71 151
383 1 311 600 72 161
383 2 390 581 71 151
384 1 312 603 72 161
384 2 390 584 71 151
385 1 310 604 72 161
385 2 392 585 71 151
386 1 313 605 72 174
386 2 395 588 71 151
387 1 317 604 72 174
387 2 395 589 71 151
388 1 318 606 72 174
388 2 397 590 71 151
389 1 319 607 72 174
389 2 397 591 71 151
390 1 324 607 72 174
390 2 399 590 71 151
391 1 319 606 72 174
391 2 399 590 71 151
392 1 323 607 72 174
392 2 401 588 71 151
393 1 329 607 72 174
393 2 401 590 71 151
394 1 326 607 72 174
394 2 402 590 71 151
395 1 328 608 72 169
395 2 403 589 71 151
396 1 329 608 72 169
396 2 407 589 71 162
397 1 333 610 72 169
397 2 410 591 71 162
398 1 340 614 72 169
398 2 415 589 71 162
399 1 344 614 72 169
399 2 412 591 71 162
400 1 348 615 72 169
400 2 414 595 68 154
401 1 350 615 72 169
401 2 416 597 68 154
402 1 352 616 72 169
402 2 416 598 68 154
403 1 354 617 72 169
403 2 418 594 71 162
404 1 357 618 72 169
404 2 419 596 71 162
405 1 359 619 72 169
405 2 428 595 63 162
406 1 362 621 72 169
406 2 426 596 63 162
407 1 364 622 72 169
407 2 428 597 63 162
408 1 367 622 72 169
408 2 430 595 63 162
409 1 369 624 72 169
409 2 431 597 63 162
410 1 370 623 72 169
410 2 432 596 63 162
411 1 372 622 72 169
411 2 434 597 63 162
412 1 375 623 63 169
412 2 441 598 58 162
413 1 380 624 63 169
413 2 443 600 58 162
414 1 383 625 63 169
414 2 443 602 58 162
415 1 385 626 63 169
415 2 446 605 55 154
416 1 374 631 87 176
416 2 447 604 55 154
417 1 380 631 87 176
417 2 449 603 84 156
418 1 384 632 87 176
418 2 457 606 84 156
419 1 385 632 87 176
419 2 456 607 84 156
420 1 389 633 87 176
420 2 463 606 84 156
421 1 393 632 85 174
421 2 462 608 84 156
422 1 403 633 69 174
422 2 459 608 81 156
423 1 408 634 65 174
423 2 464 610 74 156
424 1 413 631 65 174
424 2 463 611 74 156
425 1 417 632 65 174
425 2 467 610 74 156
426 1 420 634 65 174
426 2 469 610 74 156
427 1 422 635 65 174
427 2 472 611 74 156
428 1 426 635 65 174
428 2 475 610 74 156
429 1 430 636 74 174
429 2 476 612 74 156
430 1 430 637 74 174
430 2 488 611 66 156
431 1 431 637 92 174
431 2 495 609 60 156
432 1 430 638 92 174
432 2 494 609 74 156
433 1 434 637 92 174
433 2 493 611 74 156
434 1 438 637 92 174
434 2 495 611 74 156
435 1 440 638 92 174
435 2 498 612 74 156
436 1 442 637 92 174
436 2 500 612 74 156
437 1 446 638 92 174
437 2 501 613 74 156
438 1 448 635 92 174
438 2 504 612 74 156
439 1 452 634 92 174
439 2 506 611 74 156
440 1 453 635 92 174
440 2 512 615 70 149
441 1 466 634 69 174
441 2 513 617 70 149
442 1 472 633 69 174
442 2 516 615 70 149
443 1 477 634 69 174
443 2 518 615 84 158
444 1 480 634 69 174
444 2 517 615 84 158
445 1 483 634 69 174
445 2 520 613 84 158
446 1 487 636 69 174
446 2 523 612 84 158
447 1 489 636 84 175
447 2 543 612 67 165
448 1 488 636 84 175
448 2 542 612 67 165
449 1 489 634 84 175
449 2 544 613 67 165
450 1 493 637 84 175
450 2 548 613 67 165
451 1 495 636 84 175
451 2 550 616 67 165
452 1 499 639 84 175
452 2 568 614 67 165
453 1 503 637 84 175
453 2 564 616 82 157
454 1 507 635 84 175
454 2 559 619 82 157
455 1 514 638 80 167
455 2 571 620 88 157
456 1 514 632 84 175
456 2 569 624 88 157
457 1 518 631 84 175
457 2 572 622 88 157
458 1 520 634 69 176
458 2 575 624 88 157
459 1 527 632 69 176
459 2 578 624 88 157
460 1 531 633 69 176
460 2 581 625 88 157
461 1 533 634 69 176
461 2 583 625 88 157
462 1 536 636 69 176
462 2 585 625 88 157
463 1 537 638 69 176
463 2 588 624 88 157
464 1 539 634 69 176
464 2 591 624 88 157
465 1 541 637 69 176
465 2 594 621 88 157
466 1 542 643 69 176
466 2 597 620 88 157
467 1 545 634 80 177
467 2 620 619 68 169
468 1 545 642 80 177
468 2 614 619 68 169
469 1 547 641 80 177
469 2 618 622 68 169
470 1 550 640 80 177
470 2 621 623 68 169
471 1 552 639 80 177
471 2 624 622 85 169
472 1 554 639 80 177
472 2 622 625 85 169
473 1 558 636 80 177
473 2 624 626 85 169
474 1 560 632 84 186
474 2 627 626 85 169
475 1 564 630 84 186
475 2 630 628 85 169
476 1 569 630 70 176
476 2 632 627 85 175
477 1 579 636 70 176
477 2 633 628 85 175
478 1 582 635 70 176
478 2 641 627 80 171
479 1 585 635 70 176
479 2 642 628 80 171
480 1 588 633 70 176
480 2 646 629 80 171
481 1 592 634 70 176
481 2 649 627 80 171
482 1 594 633 70 176
482 2 652 631 80 166
483 1 598 631 70 176
483 2 654 631 80 166
484 1 602 630 70 176
484 2 656 632 80 166
485 1 607 629 70 176
485 2 661 635 80 166
486 1 610 629 70 176
486 2 663 635 80 166
487 1 613 628 70 176
487 2 666 637 80 166
488 1 619 625 70 176
488 2 669 639 80 166
489 1 622 626 70 176
489 2 671 639 80 166
490 1 625 625 70 176
490 2 672 635 84 174
491 1 629 623 70 176
491 2 676 635 84 174
492 1 632 624 70 176
492 2 680 636 84 174
493 1 635 623 70 176
493 2 683 636 84 174
494 1 638 622 70 176
494 2 685 636 84 174
495 1 641 622 70 176
495 2 688 634 84 174
496 1 647 621 70 176
496 2 690 634 84 174
497 1 652 616 70 176
497 2 693 633 84 174
498 1 658 619 67 168
498 2 705 635 75 174
499 1 663 618 67 168
499 2 704 637 75 174
500 1 666 616 67 168
500 2 707 637 75 174
501 1 671 616 67 168
501 2 708 638 75 174
502 1 674 616 67 168
502 2 712 637 75 174
503 1 677 617 67 168
503 2 713 637 75 174
504 1 681 616 67 168
504 2 715 641 75 174
505 1 683 607 70 176
505 2 732 643 75 174
506 1 687 609 67 168
506 2 724 645 75 174
507 1 691 613 67 168
507 2 736 651 75 174
508 1 695 620 63 160
508 2 742 648 75 174
509 1 696 616 67 168
509 2 740 650 75 174
510 1 701 621 63 160
510 2 741 657 75 174
511 1 706 622 63 160
511 2 745 661 75 174
512 1 708 620 93 149
512 2 739 660 75 174
513 1 714 631 93 149
513 2 741 661 75 174
514 1 718 633 93 149
514 2 744 660 75 174
515 1 721 634 93 149
515 2 746 659 75 174
516 1 724 634 93 149
516 2 747 658 75 174
517 1 728 634 93 149
517 2 750 660 75 174
518 1 741 607 83 149
518 2 760 661 75 174
519 1 742 622 83 149
519 2 758 657 75 174
520 1 744 602 83 158
520 2 761 655 75 174
521 1 745 609 83 158
521 2 763 659 75 174
522 1 749 604 71 153
522 2 775 660 66 177
523 1 760 609 71 153
523 2 773 660 66 177
524 1 762 621 71 153
524 2 776 660 66 177
525 1 766 606 88 156
525 2 777 661 82 177
526 1 763 620 88 156
526 2 789 658 82 177
527 1 766 620 88 156
527 2 793 661 82 177
528 1 770 622 88 156
528 2 794 665 82 177
529 1 775 608 88 156
529 2 798 666 82 177
530 1 777 599 88 163
530 2 788 666 82 177
531 1 778 614 88 163
531 2 793 667 82 177
532 1 781 614 88 163
532 2 797 666 82 177
533 1 795 594 67 163
533 2 802 665 82 177
534 1 805 593 55 166
534 2 797 665 82 177
535 1 814 591 55 166
535 2 800 666 82 177
536 1 816 589 55 166
536 2 804 665 82 177
537 1 823 591 55 166
537 2 813 664 74 177
538 1 825 603 55 166
538 2 819 661 66 178
539 1 827 605 55 166
539 2 825 660 61 183
540 1 831 606 55 166
540 2 828 658 61 183
541 1 833 596 74 166
541 2 831 658 61 183
542 1 833 606 74 166
542 2 833 662 61 183
543 1 835 608 74 166
543 2 836 660 61 183
544 1 840 611 74 166
544 2 842 663 65 191
545 1 843 615 74 166
545 2 850 668 65 191
546 1 848 617 70 158
546 2 849 669 85 182
547 1 851 600 65 171
547 2 843 670 85 182
548 1 855 606 65 171
548 2 847 668 85 182
549 1 859 608 65 171
549 2 854 674 81 173
550 1 863 608 65 171
550 2 858 671 81 173
551 1 866 609 62 160
551 2 861 670 81 173
552 1 871 613 62 160
552 2 861 665 85 182
553 1 874 613 62 160
553 2 866 665 85 182
554 1 879 614 62 160
554 2 870 666 85 182
555 1 883 613 62 160
555 2 874 669 81 173
556 1 886 614 62 160
556 2 879 669 81 173
557 1 890 614 85 147
557 2 893 666 53 184
558 1 888 621 85 147
558 2 897 656 53 184
559 1 892 620 85 147
559 2 901 655 53 184
560 1 896 621 85 147
560 2 905 657 53 184
561 1 898 623 85 147
561 2 909 658 53 184
562 1 902 593 71 165
562 2 914 669 62 181
563 1 906 598 71 163
563 2 917 671 62 181
564 1 909 598 71 163
564 2 914 669 84 181
565 1 914 607 71 163
565 2 909 670 84 181
566 1 919 606 71 163
566 2 913 670 84 181
567 1 923 599 71 163
567 2 917 671 84 181
568 1 934 592 62 174
568 2 920 670 84 181
569 1 934 599 62 174
569 2 923 668 84 181
570 1 937 600 62 174
570 2 927 665 84 181
571 1 940 597 65 183
571 2 930 665 84 181
572 1 943 597 76 170
572 2 934 656 67 188
573 1 942 600 76 170
573 2 939 654 67 188
574 1 946 603 76 170
574 2 942 655 67 188
575 1 950 603 76 170
575 2 944 652 70 197
576 1 952 600 76 170
576 2 948 653 70 197
577 1 955 601 76 170
577 2 953 650 70 197
578 1 960 604 76 170
578 2 959 658 67 188
579 1 962 603 76 170
579 2 964 657 67 188
580 1 972 596 58 160
580 2 964 650 70 197
581 1 975 610 58 160
581 2 967 650 87 199
582 1 979 609 58 160
582 2 967 651 87 199
583 1 983 611 58 160
583 2 970 651 87 199
584 1 986 611 58 160
584 2 977 656 83 190
585 1 990 612 58 160
585 2 979 655 83 190
586 1 994 614 58 160
586 2 982 654 83 190
587 1 994 602 72 155
587 2 986 655 83 190
588 1 995 598 72 171
588 2 988 655 83 190
589 1 996 597 72 171
589 2 991 657 83 190
590 1 1001 607 72 171
590 2 994 655 83 190
591 1 1003 607 72 171
591 2 996 654 83 190
592 1 1007 607 72 171
592 2 1000 652 83 190
593 1 1010 609 72 171
593 2 1003 650 83 190
594 1 1011 599 63 168
594 2 1008 651 74 190
595 1 1019 605 63 168
595 2 1029 652 56 193
596 1 1023 605 63 168
596 2 1029 649 56 193
597 1 1027 594 65 172
597 2 1033 655 69 193
598 1 1032 603 65 172
598 2 1034 668 69 181
599 1 1034 606 65 172
599 2 1034 666 69 181
600 1 1039 593 65 166
600 2 1039 670 66 172
601 1 1041 595 65 166
601 2 1043 666 80 173
602 1 1044 606 65 166
602 2 1039 666 80 173
603 1 1049 608 65 166
603 2 1043 667 80 173
604 1 1051 597 71 166
604 2 1046 666 80 173
605 1 1053 607 71 166
605 2 1049 666 80 173
606 1 1057 607 71 166
606 2 1051 660 84 182
607 1 1060 608 71 166
607 2 1054 660 84 182
608 1 1066 614 68 158
608 2 1057 658 84 182
609 1 1068 600 62 167
609 2 1063 662 72 174
610 1 1074 605 62 167
610 2 1068 661 72 174
611 1 1077 598 62 160
611 2 1072 659 72 174
612 1 1080 606 62 160
612 2 1076 659 72 174
613 1 1082 603 65 174
613 2 1080 660 72 174
614 1 1086 602 65 180
614 2 1085 661 72 174
615 1 1097 599 55 169
615 2 1095 664 68 187
616 1 1099 604 55 169
616 2 1095 658 68 187
617 1 1103 601 55 169
617 2 1098 659 68 187
618 1 1103 600 69 159
618 2 1100 668 87 183
619 1 1103 601 69 159
619 2 1102 669 88 182
620 1 1098 605 80 159
620 2 1098 668 88 182
621 1 1101 603 80 171
621 2 1099 667 88 182
622 1 1104 597 80 186
622 2 1103 667 88 182
623 1 1108 604 80 168
623 2 1106 667 88 182
624 1 1104 603 80 168
624 2 1111 668 88 182
625 1 1111 599 80 168
625 2 1114 667 88 182
626 1 1116 598 80 168
626 2 1116 668 88 182
627 1 1119 600 80 168
627 2 1119 666 88 182
628 1 1123 603 69 162
628 2 1124 668 88 182
629 1 1136 611 61 157
629 2 1127 668 84 182
630 1 1144 615 61 157
630 2 1132 663 84 182
631 1 1147 616 61 157
631 2 1155 660 67 201
632 1 1150 617 61 157
632 2 1164 656 64 198
633 1 1153 616 61 157
633 2 1160 654 64 198
634 1 1157 618 61 157
634 2 1163 655 64 198
635 1 1160 618 61 157
635 2 1164 668 81 180
636 1 1162 619 61 157
636 2 1160 666 81 180
637 1 1167 623 61 157
637 2 1161 662 81 180
638 1 1151 607 81 167
638 2 1167 668 77 171
639 1 1153 606 81 167
639 2 1171 669 77 171
640 1 1157 607 81 167
640 2 1176 670 77 171
641 1 1165 607 81 167
641 2 1180 668 77 171
642 1 1164 605 81 167
642 2 1184 670 77 171
643 1 1176 603 78 166
643 2 1186 666 81 180
644 1 1184 610 66 164
644 2 1190 663 81 180
645 1 1192 620 66 164
645 2 1193 663 81 180
646 1 1197 619 66 164
646 2 1196 663 81 180
647 1 1201 606 61 168
647 2 1200 660 81 180
648 1 1205 598 61 190
648 2 1204 664 81 175
649 1 1210 607 61 190
649 2 1205 659 81 175
650 1 1200 608 74 173
650 2 1210 663 81 190
651 1 1208 617 74 173
651 2 1211 659 81 190
652 1 1212 616 74 173
652 2 1215 657 81 190
653 1 1217 618 74 173
653 2 1218 655 81 190
654 1 1221 619 74 173
654 2 1221 653 81 190
655 1 1209 605 82 170
655 2 1233 667 100 190
656 1 1205 603 89 174
656 2 1226 668 100 190
657 1 1213 601 89 174
657 2 1228 666 100 190
658 1 1220 611 89 174
658 2 1231 666 100 190
659 1 1220 609 89 174
659 2 1234 667 100 190
660 1 1226 596 71 174
660 2 1239 667 100 190
661 1 1237 600 71 174
661 2 1243 667 100 190
662 1 1245 604 71 174
662 2 1245 669 100 190
663 1 1246 600 71 174
663 2 1250 668 100 190
664 1 1258 597 62 174
664 2 1253 666 88 190
665 1 1260 610 65 164
665 2 1257 657 88 190
666 1 1265 616 65 164
666 2 1260 651 88 190
667 1 1269 617 65 164
667 2 1277 672 80 184
668 1 1273 618 65 164
668 2 1279 666 80 184
669 1 1257 599 86 174
669 2 1296 671 74 184
670 1 1268 607 86 174
670 2 1295 667 74 184
671 1 1273 610 86 174
671 2 1298 665 74 184
672 1 1255 602 82 174
672 2 1304 668 70 175
673 1 1258 607 82 174
673 2 1303 665 74 184
674 1 1265 606 82 174
674 2 1307 666 74 184
675 1 1274 611 82 160
675 2 1306 671 87 184
676 1 1281 611 82 160
676 2 1306 669 87 184
677 1 1283 607 69 169
677 2 1309 669 87 184
678 1 1291 603 61 177
678 2 1314 668 87 184
679 1 1298 609 61 177
679 2 1318 669 87 184
680 1 1301 611 61 177
680 2 1320 663 91 193
681 1 1303 612 61 177
681 2 1320 660 91 193
682 1 1306 614 61 177
682 2 1324 662 85 191
683 1 1308 614 61 177
683 2 1329 660 77 189
684 1 1310 613 61 177
684 2 1345 663 66 182
685 1 1313 613 61 177
685 2 1350 665 64 184
686 1 1315 613 61 177
686 2 1362 666 64 190
687 1 1318 613 61 177
687 2 1365 665 64 190
688 1 1321 609 64 186
688 2 1369 665 64 190
689 1 1324 608 64 186
689 2 1371 665 64 190
690 1 1326 606 64 186
690 2 1374 665 64 190
691 1 1329 605 64 186
691 2 1375 664 64 190
692 1 1333 606 64 186
692 2 1378 663 64 190
693 1 1335 604 64 186
693 2 1381 664 64 190
694 1 1338 606 59 170
694 2 1367 672 104 179
695 1 1349 613 59 170
695 2 1373 673 104 179
696 1 1352 614 59 170
696 2 1376 673 104 179
697 1 1354 613 59 170
697 2 1379 673 104 179
698 1 1356 612 59 170
698 2 1380 672 104 179
699 1 1358 614 59 170
699 2 1386 672 104 179
700 1 1361 615 59 170
700 2 1389 672 86 174
701 1 1364 613 59 170
701 2 1398 673 86 174
702 1 1366 614 59 170
702 2 1403 674 86 174
703 1 1370 614 59 170
703 2 1408 671 86 174
704 1 1373 614 59 170
704 2 1412 672 86 174
705 1 1376 616 59 170
705 2 1429 672 72 176
706 1 1378 616 59 170
706 2 1431 674 72 176
707 1 1381 617 59 170
707 2 1433 672 85 174
708 1 1385 617 59 170
708 2 1434 673 85 174
709 1 1387 617 59 170
709 2 1435 674 85 174
710 1 1389 616 59 170
710 2 1437 675 85 174
711 1 1393 617 59 170
711 2 1442 676 85 174
712 1 1395 610 55 169
712 2 1447 675 85 174
713 1 1402 616 55 169
713 2 1452 675 85 174
714 1 1404 615 55 169
714 2 1457 675 85 174
715 1 1407 614 55 169
715 2 1461 676 85 174
716 1 1409 614 55 169
716 2 1467 676 85 174
717 1 1411 614 55 169
717 2 1470 675 85 174
718 1 1413 616 55 169
718 2 1474 676 85 174
719 1 1415 619 55 169
719 2 1464 678 85 174
720 1 1418 619 55 169
720 2 1475 677 85 174
721 1 1420 620 55 169
721 2 1478 672 89 183
722 1 1423 623 52 161
722 2 1481 673 89 183
723 1 1427 618 52 161
723 2 1483 672 89 183
724 1 1429 616 52 161
724 2 1487 672 89 183
725 1 1430 616 52 161
725 2 1491 672 89 183
726 1 1432 614 52 161
726 2 1494 672 89 183
727 1 1435 614 52 161
727 2 1497 672 89 183
728 1 1434 611 55 169
728 2 1498 672 89 183
729 1 1437 616 52 161
729 2 1502 673 89 183
730 1 1441 615 52 161
730 2 1507 672 89 183
731 1 1444 607 52 169
731 2 1514 678 85 174
732 1 1446 606 52 177
732 2 1522 683 85 168
733 1 1448 611 52 177
733 2 1528 684 85 168
734 1 1452 614 52 177
734 2 1511 683 105 168
735 1 1455 614 52 177
735 2 1519 683 105 168
736 1 1459 614 52 177
736 2 1526 683 105 168
737 1 1462 615 52 177
737 2 1531 684 100 168
738 1 1465 615 52 177
738 2 1540 684 100 168
739 1 1467 615 52 177
739 2 1542 684 100 168
740 1 1470 612 56 182
740 2 1547 684 100 168
741 1 1472 615 56 182
741 2 1554 684 100 168
742 1 1475 615 56 182
742 2 1558 694 100 159
743 1 1477 616 56 182
743 2 1564 693 100 159
744 1 1480 618 56 182
744 2 1567 692 93 171
745 1 1482 617 56 182
745 2 1575 695 93 162
746 1 1485 619 56 182
746 2 1580 700 93 162
747 1 1488 619 56 182
747 2 1584 698 93 176
748 1 1490 618 56 182
748 2 1590 696 93 176
749 1 1493 619 56 182
749 2 1593 697 93 176
750 1 1497 624 53 173
750 2 1597 697 93 176
751 1 1497 622 56 182
751 2 1602 699 93 176
752 1 1501 621 56 182
752 2 1606 714 93 162
753 1 1503 621 56 182
753 2 1609 714 93 162
754 1 1506 621 56 182
754 2 1613 716 93 162
755 1 1509 622 56 182
755 2 1615 716 93 162
756 1 1513 622 56 182
756 2 1617 716 93 162
757 1 1516 620 56 182
757 2 1627 730 93 162
758 1 1518 620 56 182
758 2 1625 728 93 162
759 1 1512 620 64 170
759 2 1627 728 93 162
760 1 1519 621 64 170
760 2 1630 729 93 190
761 1 1520 619 67 178
761 2 1630 729 93 190
762 1 1523 619 67 178
762 2 1631 742 93 190
763 1 1523 616 71 187
763 2 1632 748 93 190
764 1 1525 619 71 187
764 2 1634 753 93 190
765 1 1528 620 71 187
765 2 1635 756 93 190
766 1 1532 622 71 187
766 2 1637 768 93 180
767 1 1533 620 75 196
767 2 1640 784 93 180
768 1 1535 621 75 196
768 2 1644 785 93 170
769 1 1538 619 75 196
769 2 1641 791 93 164
770 1 1541 621 75 196
770 2 1642 790 93 164
771 1 1542 619 75 196
771 2 1643 802 93 156
772 1 1544 621 75 196
772 2 1644 815 105 145
773 1 1543 631 75 178
773 2 1640 815 105 145
774 1 1548 633 75 178
774 2 1638 819 105 145
775 1 1550 632 75 178
775 2 1639 817 105 145
776 1 1552 632 75 178
776 2 1639 822 105 145
777 1 1554 632 75 178
777 2 1639 824 105 145
778 1 1554 632 75 178
778 2 1637 821 105 142
779 1 1557 635 75 178
779 2 1639 819 105 142
780 1 1557 637 75 178
780 2 1639 820 105 142
781 1 1560 637 75 178
781 2 1639 825 105 136
782 1 1561 637 75 178
782 2 1641 825 105 137
783 1 1561 634 79 179
783 2 1640 828 105 133
784 1 1562 633 79 177
784 2 1641 819 105 142
785 1 1564 635 79 177
785 2 1643 817 105 142
786 1 1566 635 79 177
786 2 1643 816 105 142
787 1 1568 636 79 177
787 2 1645 812 105 142
788 1 1569 635 79 177
788 2 1645 806 105 142
789 1 1571 636 79 177
789 2 1645 804 105 142
790 1 1571 634 79 177
790 2 1646 803 105 142
791 1 1573 636 79 177
791 2 1646 801 123 151
792 1 1575 634 79 177
792 2 1645 815 123 140
793 1 1575 635 79 177
793 2 1654 808 123 145
794 1 1575 636 79 177
794 2 1656 810 123 145
795 1 1577 635 79 177
795 2 1655 800 123 145
796 1 1577 634 79 177
796 2 1654 801 123 145
797 1 1578 635 79 177
797 2 1653 793 123 145
798 1 1579 635 79 177
798 2 1657 789 123 145
799 1 1580 634 79 177
799 2 1660 786 123 145
800 1 1579 634 79 177
800 2 1662 782 123 145
801 1 1580 635 79 177
801 2 1663 772 114 165
802 1 1580 636 79 177
802 2 1664 767 114 165
803 1 1580 636 79 177
803 2 1667 768 114 165
804 1 1580 637 79 177
804 2 1669 766 114 165
805 1 1580 638 79 177
805 2 1671 763 114 165
806 1 1581 636 79 177
806 2 1673 752 114 202
807 1 1581 638 79 177
807 2 1676 750 114 202
808 1 1582 638 79 177
808 2 1668 749 109 203
809 1 1582 638 79 177
809 2 1677 743 109 203
810 1 1582 646 79 177
810 2 1681 741 109 203
811 1 1583 645 79 177
811 2 1682 739 109 203
812 1 1583 645 79 177
812 2 1699 741 109 203
813 1 1584 644 79 177
813 2 1694 736 133 203
814 1 1585 645 79 177
814 2 1700 737 133 203
815 1 1584 644 79 177
815 2 1698 737 133 203
816 1 1586 645 72 177
816 2 1690 734 133 203
817 1 1588 647 72 177
817 2 1699 737 133 203
818 1 1588 647 72 177
818 2 1695 735 133 203
819 1 1590 642 72 177
819 2 1702 732 123 203
820 1 1590 646 72 177
820 2 1702 731 123 203
821 1 1589 644 72 177
821 2 1702 731 117 203
822 1 1589 645 72 177
822 2 1705 731 117 203
823 1 1590 645 72 177
823 2 1707 731 117 203
824 1 1590 644 72 177
824 2 1709 730 106 203
825 1 1590 646 72 177
825 2 1714 728 106 203
826 1 1591 645 72 177
826 2 1710 730 106 203
827 1 1593 645 72 177
827 2 1718 729 106 203
828 1 1594 644 72 177
828 2 1719 729 106 203
829 1 1594 646 72 177
829 2 1722 727 106 203
830 1 1596 644 72 177
830 2 1724 727 106 203
831 1 1597 644 72 177
831 2 1725 727 106 203
832 1 1598 643 72 177
832 2 1726 724 106 203
833 1 1599 644 72 177
833 2 1728 725 106 203
834 1 1600 643 72 177
834 2 1730 724 106 203
835 1 1601 643 72 177
835 2 1730 724 106 203
836 1 1602 644 72 177
836 2 1731 723 106 203
837 1 1603 644 72 177
837 2 1734 721 106 203
838 1 1604 643 72 177
838 2 1734 723 106 203
839 1 1605 646 72 177
839 2 1735 721 106 203
840 1 1605 643 72 177
840 2 1736 719 106 203
841 1 1606 646 72 177
841 2 1737 720 106 203
842 1 1605 646 72 177
842 2 1736 719 106 203
843 1 1607 650 69 169
843 2 1737 718 106 203
844 1 1608 651 69 169
844 2 1738 717 106 203
845 1 1611 651 69 169
845 2 1739 717 106 203
846 1 1612 652 69 169
846 2 1739 714 106 203
847 1 1613 650 69 169
847 2 1740 711 106 203
848 1 1616 647 69 169
848 2 1741 710 96 203
849 1 1617 649 69 169
849 2 1746 707 96 203
850 1 1617 645 72 177
850 2 1752 706 96 203
851 1 1609 639 85 186
851 2 1749 705 96 203
