802,1,540,676,176,293,1,1,1
802,2,1480,487,85,215,1,1,1
802,3,1028,582,98,259,1,1,1
802,4,1410,486,125,345,1,1,1
802,5,1546,464,168,310,1,1,1
802,6,2617,273,87,407,1,1,1
802,7,1069,588,58,146,1,1,1
802,9,1662,460,56,163,1,1,1
803,1,542,675,177,293,1,1,1
803,2,1482,487,86,215,1,1,1
803,3,1029,583,100,258,1,1,1
803,4,1408,487,124,344,1,1,1
803,5,1550,462,164,312,1,1,1
803,6,2614,273,90,407,1,1,1
803,7,1069,588,58,145,1,1,1
803,9,1662,460,56,163,1,1,1
804,1,545,675,178,293,1,1,1
804,2,1483,486,89,216,1,1,1
804,3,1029,583,103,257,1,1,1
804,4,1407,487,122,343,1,1,1
804,5,1554,460,160,314,1,1,1
804,6,2611,273,93,408,1,1,1
804,7,1070,587,58,146,1,1,1
804,9,1662,460,57,162,1,1,1
805,1,547,674,179,293,1,1,1
805,2,1485,486,90,217,1,1,1
805,3,1030,583,104,257,1,1,1
805,4,1406,488,121,342,1,1,1
805,5,1558,459,156,314,1,1,1
805,6,2608,273,95,408,1,1,1
805,7,1071,587,57,146,1,1,1
805,9,1663,460,56,162,1,1,1
806,1,549,673,180,293,1,1,1
806,2,1486,485,91,217,1,1,1
806,3,1030,583,106,256,1,1,1
806,4,1404,488,120,342,1,1,1
806,5,1561,457,152,315,1,1,1
806,6,2605,273,97,408,1,1,1
806,7,1071,586,55,145,1,1,1
806,9,1662,460,56,161,1,1,1
807,1,553,673,178,294,1,1,1
807,2,1488,486,97,216,1,1,1
807,3,1032,584,109,256,1,1,1
807,4,1402,489,123,341,1,1,1
807,5,1564,456,150,318,1,1,1
807,6,2606,274,97,407,1,1,1
807,9,1663,460,56,161,1,1,1
808,1,557,672,175,294,1,1,1
808,2,1490,486,102,216,1,1,1
808,3,1033,585,112,255,1,1,1
808,4,1400,489,126,340,1,1,1
808,5,1567,455,147,320,1,1,1
808,6,2606,274,97,406,1,1,1
808,9,1663,460,56,161,1,1,1
809,1,561,672,173,294,1,1,1
809,2,1492,486,106,216,1,1,1
809,3,1035,585,114,255,1,1,1
809,4,1398,490,129,339,1,1,1
809,5,1570,453,144,324,1,1,1
809,6,2606,275,98,404,1,1,1
809,9,1663,460,56,161,1,1,1
810,1,565,671,170,295,1,1,1
810,2,1494,486,111,216,1,1,1
810,3,1037,586,116,254,1,1,1
810,4,1396,490,132,338,1,1,1
810,5,1573,452,140,326,1,1,1
810,6,2606,275,98,403,1,1,1
810,9,1664,459,55,162,1,1,1
811,1,568,670,167,295,1,1,1
811,2,1495,486,116,214,1,1,1
811,3,1038,586,118,252,1,1,1
811,4,1393,490,135,337,1,1,1
811,5,1576,450,136,328,1,1,1
811,6,2606,275,97,401,1,1,1
811,9,1663,459,55,161,1,1,1
812,1,571,669,166,294,1,1,1
812,2,1497,486,116,215,1,1,1
812,3,1041,586,116,253,1,1,1
812,4,1392,491,137,337,1,1,1
812,5,1580,451,134,330,1,1,1
812,6,2606,275,98,403,1,1,1
812,9,1664,459,55,161,1,1,1
813,1,574,667,163,294,1,1,1
813,2,1499,486,114,215,1,1,1
813,3,1043,586,115,252,1,1,1
813,4,1390,491,139,337,1,1,1
813,5,1583,451,131,331,1,1,1
813,6,2605,275,99,404,1,1,1
813,9,1665,459,54,161,1,1,1
814,1,577,666,160,293,1,1,1
814,2,1500,485,114,216,1,1,1
814,3,1045,586,114,252,1,1,1
814,4,1389,491,140,337,1,1,1
814,5,1586,451,128,333,1,1,1
814,6,2605,275,99,406,1,1,1
814,9,1665,458,54,162,1,1,1
815,1,580,664,157,293,1,1,1
815,2,1502,485,113,216,1,1,1
815,3,1048,586,112,251,1,1,1
815,4,1387,491,142,337,1,1,1
815,5,1589,451,125,335,1,1,1
815,6,2605,274,99,408,1,1,1
815,9,1666,458,53,162,1,1,1
816,1,582,662,154,291,1,1,1
816,2,1503,484,112,216,1,1,1
816,3,1050,585,110,251,1,1,1
816,4,1385,491,143,336,1,1,1
816,5,1592,451,121,335,1,1,1
816,6,2604,274,98,409,1,1,1
816,9,1666,457,52,162,1,1,1
817,1,586,663,151,289,1,1,1
817,2,1505,484,110,217,1,1,1
817,3,1052,584,108,250,1,1,1
817,4,1384,493,142,335,1,1,1
817,5,1595,452,123,336,1,1,1
817,6,2604,275,100,408,1,1,1
818,1,589,663,148,286,1,1,1
818,2,1507,483,108,219,1,1,1
818,3,1054,583,106,249,1,1,1
818,4,1384,494,138,335,1,1,1
818,5,1598,453,124,337,1,1,1
818,6,2604,275,100,408,1,1,1
819,1,592,663,145,283,1,1,1
819,2,1509,482,106,220,1,1,1
819,3,1056,582,104,247,1,1,1
819,4,1383,495,136,334,1,1,1
819,5,1601,454,125,337,1,1,1
819,6,2604,276,100,407,1,1,1
820,1,595,662,141,281,1,1,1
820,2,1511,482,104,220,1,1,1
820,3,1058,581,101,246,1,1,1
820,4,1382,496,134,333,1,1,1
820,5,1604,455,126,337,1,1,1
820,6,2604,276,100,407,1,1,1
821,1,597,662,138,278,1,1,1
821,2,1512,480,102,221,1,1,1
821,3,1059,579,99,244,1,1,1
821,4,1380,496,131,332,1,1,1
821,5,1606,455,128,337,1,1,1
821,6,2603,276,100,405,1,1,1
822,1,600,662,136,278,1,1,1
822,2,1514,480,101,222,1,1,1
822,3,1062,580,97,243,1,1,1
822,4,1378,497,129,332,1,1,1
822,5,1608,454,127,340,1,1,1
822,6,2603,276,101,406,1,1,1
823,1,603,662,134,278,1,1,1
823,2,1515,479,100,223,1,1,1
823,3,1063,580,96,242,1,1,1
823,4,1376,497,125,332,1,1,1
823,5,1610,453,125,342,1,1,1
823,6,2603,276,101,406,1,1,1
824,1,605,662,132,278,1,1,1
824,2,1517,478,99,225,1,1,1
824,3,1065,581,94,240,1,1,1
824,4,1373,498,123,331,1,1,1
824,5,1612,452,123,343,1,1,1
824,6,2603,275,101,407,1,1,1
825,1,608,662,129,278,1,1,1
825,2,1518,478,98,225,1,1,1
825,3,1067,581,92,239,1,1,1
825,4,1370,498,120,331,1,1,1
825,5,1614,451,122,345,1,1,1
825,6,2603,275,101,406,1,1,1
826,1,610,661,127,278,1,1,1
826,2,1519,476,96,226,1,1,1
826,3,1068,581,90,237,1,1,1
826,4,1367,498,117,330,1,1,1
826,5,1615,450,120,346,1,1,1
826,6,2602,274,101,407,1,1,1
827,1,614,662,127,278,1,1,1
827,2,1521,477,96,227,1,1,1
827,3,1070,582,89,237,1,1,1
827,4,1366,500,118,329,1,1,1
827,5,1617,450,123,347,1,1,1
827,6,2607,275,96,406,1,1,1
828,1,617,662,128,279,1,1,1
828,2,1523,478,95,228,1,1,1
828,3,1072,582,87,237,1,1,1
828,4,1365,501,118,328,1,1,1
828,5,1617,450,128,347,1,1,1
828,6,2611,276,92,404,1,1,1
829,1,621,662,128,279,1,1,1
829,2,1525,479,94,228,1,1,1
829,3,1073,583,86,236,1,1,1
829,4,1363,502,120,327,1,1,1
829,5,1618,450,131,347,1,1,1
829,6,2615,276,88,404,1,1,1
830,1,624,662,129,280,1,1,1
830,2,1527,479,93,229,1,1,1
830,3,1075,584,84,235,1,1,1
830,4,1362,503,120,326,1,1,1
830,5,1619,450,135,347,1,1,1
830,6,2620,277,83,402,1,1,1
831,1,627,662,129,280,1,1,1
831,2,1528,480,92,229,1,1,1
831,3,1076,584,82,234,1,1,1
831,4,1360,504,121,325,1,1,1
831,5,1620,449,137,347,1,1,1
831,6,2624,277,78,401,1,1,1
832,1,630,662,129,279,1,1,1
832,2,1530,480,92,228,1,1,1
832,3,1078,584,82,235,1,1,1
832,4,1359,505,122,324,1,1,1
832,5,1622,449,145,348,1,1,1
832,6,2624,278,79,401,1,1,1
833,1,632,662,129,278,1,1,1
833,2,1532,480,91,227,1,1,1
833,3,1079,584,82,235,1,1,1
833,4,1357,505,125,324,1,1,1
833,5,1624,449,152,348,1,1,1
833,6,2625,277,78,402,1,1,1
834,1,634,661,129,279,1,1,1
834,2,1534,479,90,227,1,1,1
834,3,1079,584,84,234,1,1,1
834,4,1356,506,126,323,1,1,1
834,5,1626,448,159,349,1,1,1
834,6,2625,277,78,403,1,1,1
835,1,637,661,127,278,1,1,1
835,2,1536,479,89,226,1,1,1
835,3,1080,583,84,235,1,1,1
835,4,1355,507,128,322,1,1,1
835,5,1628,448,166,349,1,1,1
835,6,2625,277,77,403,1,1,1
836,1,638,661,127,276,1,1,1
836,2,1537,478,88,225,1,1,1
836,3,1081,583,84,234,1,1,1
836,4,1353,507,129,321,1,1,1
836,5,1629,447,173,349,1,1,1
836,6,2625,276,76,403,1,1,1
837,1,641,660,126,276,1,1,1
837,2,1538,479,88,227,1,1,1
837,3,1082,582,83,234,1,1,1
837,4,1353,507,129,321,1,1,1
837,5,1632,447,173,351,1,1,1
837,6,2625,276,77,403,1,1,1
838,1,643,659,124,276,1,1,1
838,2,1539,479,87,228,1,1,1
838,3,1084,581,81,234,1,1,1
838,4,1352,507,129,321,1,1,1
838,5,1636,447,171,352,1,1,1
838,6,2625,276,77,402,1,1,1
839,1,645,658,123,275,1,1,1
839,2,1539,479,87,229,1,1,1
839,3,1085,580,79,233,1,1,1
839,4,1352,507,128,321,1,1,1
839,5,1639,447,170,353,1,1,1
839,6,2625,275,77,402,1,1,1
840,1,647,658,121,274,1,1,1
840,2,1539,478,87,232,1,1,1
840,3,1087,578,77,233,1,1,1
840,4,1351,506,128,322,1,1,1
840,5,1642,447,169,354,1,1,1
840,6,2624,274,78,402,1,1,1
841,1,649,656,119,273,1,1,1
841,2,1539,478,85,232,1,1,1
841,3,1087,577,75,232,1,1,1
841,4,1350,506,127,321,1,1,1
841,5,1644,446,168,355,1,1,1
841,6,2624,273,78,401,1,1,1
842,1,651,657,119,271,1,1,1
842,2,1541,478,85,233,1,1,1
842,3,1089,577,76,231,1,1,1
842,4,1349,507,126,320,1,1,1
842,5,1648,447,166,357,1,1,1
842,6,2625,274,77,401,1,1,1
843,1,653,657,118,268,1,1,1
843,2,1541,477,85,233,1,1,1
843,3,1089,578,77,228,1,1,1
843,4,1348,508,124,319,1,1,1
843,5,1651,446,163,361,1,1,1
843,6,2626,275,77,401,1,1,1
844,1,655,656,116,267,1,1,1
844,2,1542,476,85,234,1,1,1
844,3,1090,578,78,226,1,1,1
844,4,1347,508,122,318,1,1,1
844,5,1654,446,161,363,1,1,1
844,6,2627,275,76,401,1,1,1
845,1,657,656,115,265,1,1,1
845,2,1543,475,85,235,1,1,1
845,3,1091,579,78,223,1,1,1
845,4,1346,509,119,317,1,1,1
845,5,1657,445,158,366,1,1,1
845,6,2627,276,76,401,1,1,1
846,1,659,656,114,261,1,1,1
846,2,1543,474,84,235,1,1,1
846,3,1091,578,78,221,1,1,1
846,4,1345,509,116,315,1,1,1
846,5,1660,445,154,367,1,1,1
846,6,2628,276,74,401,1,1,1
846,7,1070,590,57,143,1,1,1
847,1,661,656,116,262,1,1,1
847,2,1545,475,89,236,1,1,1
847,3,1094,578,83,223,1,1,1
847,4,1344,510,114,317,1,1,1
847,5,1663,443,153,370,1,1,1
847,6,2627,277,76,401,1,1,1
847,7,1070,591,58,143,1,1,1
848,1,663,656,118,262,1,1,1
848,2,1545,475,94,237,1,1,1
848,3,1095,578,89,224,1,1,1
848,4,1342,510,112,318,1,1,1
848,5,1665,442,151,372,1,1,1
848,6,2626,277,77,402,1,1,1
848,7,1070,591,58,144,1,1,1
849,1,664,655,121,262,1,1,1
849,2,1546,475,99,237,1,1,1
849,3,1097,577,94,226,1,1,1
849,4,1341,511,109,319,1,1,1
849,5,1667,440,149,374,1,1,1
849,6,2626,278,78,402,1,1,1
849,7,1070,592,57,143,1,1,1
850,1,666,655,123,262,1,1,1
850,2,1547,476,104,237,1,1,1
850,3,1099,577,98,226,1,1,1
850,4,1339,511,107,320,1,1,1
850,5,1670,438,147,377,1,1,1
850,6,2625,278,79,403,1,1,1
850,7,1070,592,57,144,1,1,1
851,1,667,654,125,261,1,1,1
851,2,1547,476,108,238,1,1,1
851,3,1101,576,102,228,1,1,1
851,4,1338,511,104,321,1,1,1
851,5,1671,436,145,378,1,1,1
851,6,2623,278,80,402,1,1,1
851,7,1070,592,56,143,1,1,1
852,1,670,655,131,263,1,1,1
852,2,1550,477,111,237,1,1,1
852,3,1104,577,105,228,1,1,1
852,4,1336,513,106,318,1,1,1
852,5,1674,437,143,383,1,1,1
852,6,2624,279,80,404,1,1,1
852,7,1070,593,57,144,1,1,1
853,1,673,656,137,262,1,1,1
853,2,1552,477,113,238,1,1,1
853,3,1106,578,108,227,1,1,1
853,4,1335,514,107,316,1,1,1
853,5,1676,438,141,386,1,1,1
853,6,2625,280,79,404,1,1,1
853,7,1070,593,57,145,1,1,1
854,1,675,656,143,263,1,1,1
854,2,1554,478,116,237,1,1,1
854,3,1108,579,112,226,1,1,1
854,4,1333,515,109,314,1,1,1
854,5,1679,438,138,390,1,1,1
854,6,2625,281,79,404,1,1,1
854,7,1070,594,57,144,1,1,1
855,1,678,656,149,263,1,1,1
855,2,1556,478,118,237,1,1,1
855,3,1111,580,114,226,1,1,1
855,4,1331,517,111,311,1,1,1
855,5,1681,439,136,393,1,1,1
855,6,2626,281,78,405,1,1,1
855,7,1070,594,57,145,1,1,1
856,1,680,656,155,263,1,1,1
856,2,1558,478,120,236,1,1,1
856,3,1113,580,116,225,1,1,1
856,4,1329,517,111,309,1,1,1
856,5,1683,439,133,396,1,1,1
856,6,2626,281,77,405,1,1,1
856,7,1070,594,57,145,1,1,1
857,1,683,657,155,263,1,1,1
857,2,1560,479,119,237,1,1,1
857,3,1116,581,116,225,1,1,1
857,4,1327,519,115,309,1,1,1
857,5,1683,442,134,396,1,1,1
857,6,2626,283,78,405,1,1,1
857,7,1071,594,56,146,1,1,1
858,1,687,657,154,263,1,1,1
858,2,1562,479,117,238,1,1,1
858,3,1118,581,116,226,1,1,1
858,4,1325,520,118,309,1,1,1
858,5,1683,444,134,396,1,1,1
858,6,2626,284,78,404,1,1,1
858,7,1072,595,56,146,1,1,1
859,1,690,657,153,263,1,1,1
859,2,1564,479,115,239,1,1,1
859,3,1121,581,115,226,1,1,1
859,4,1322,522,121,308,1,1,1
859,5,1682,446,136,396,1,1,1
859,6,2626,285,78,403,1,1,1
859,7,1073,595,55,146,1,1,1
860,1,694,657,152,264,1,1,1
860,2,1566,479,113,240,1,1,1
860,3,1123,581,116,226,1,1,1
860,4,1319,523,125,308,1,1,1
860,5,1682,449,136,394,1,1,1
860,6,2625,286,78,402,1,1,1
860,7,1073,596,55,146,1,1,1
861,1,696,657,152,263,1,1,1
861,2,1567,479,111,239,1,1,1
861,3,1125,581,114,225,1,1,1
861,4,1316,524,127,307,1,1,1
861,5,1681,450,137,394,1,1,1
861,6,2625,286,78,401,1,1,1
861,7,1074,596,53,146,1,1,1
861,9,1663,469,55,157,1,1,1
862,1,701,657,149,262,1,1,1
862,2,1569,480,109,240,1,1,1
862,3,1129,581,112,226,1,1,1
862,4,1314,526,131,306,1,1,1
862,5,1681,452,138,397,1,1,1
862,6,2626,287,77,402,1,1,1
862,7,1074,597,54,146,1,1,1
863,1,704,656,146,262,1,1,1
863,2,1571,479,107,242,1,1,1
863,3,1132,580,110,226,1,1,1
863,4,1311,528,134,305,1,1,1
863,5,1680,453,139,399,1,1,1
863,6,2627,288,76,402,1,1,1
863,7,1074,598,55,146,1,1,1
864,1,708,655,143,262,1,1,1
864,2,1573,479,105,243,1,1,1
864,3,1135,579,107,226,1,1,1
864,4,1309,530,136,304,1,1,1
864,5,1679,454,140,401,1,1,1
864,6,2628,288,75,402,1,1,1
864,7,1073,599,57,146,1,1,1
865,1,712,655,140,260,1,1,1
865,2,1575,479,102,243,1,1,1
865,3,1139,578,103,227,1,1,1
865,4,1306,531,139,304,1,1,1
865,5,1679,455,141,403,1,1,1
865,6,2628,289,74,402,1,1,1
865,7,1073,599,58,146,1,1,1
866,1,715,654,137,259,1,1,1
866,2,1577,479,100,243,1,1,1
866,3,1141,577,101,227,1,1,1
866,4,1303,533,141,302,1,1,1
866,5,1678,456,141,405,1,1,1
866,6,2629,289,72,402,1,1,1
866,7,1072,600,58,145,1,1,1
867,1,719,654,135,259,1,1,1
867,2,1579,479,99,246,1,1,1
867,3,1145,577,98,226,1,1,1
867,4,1301,534,142,302,1,1,1
867,5,1677,456,146,407,1,1,1
867,6,2629,290,73,402,1,1,1
867,7,1073,601,58,145,1,1,1
868,1,723,655,132,257,1,1,1
868,2,1581,479,97,248,1,1,1
868,3,1149,577,95,224,1,1,1
868,4,1299,534,142,302,1,1,1
868,5,1676,456,151,408,1,1,1
868,6,2630,291,73,402,1,1,1
868,7,1074,601,58,146,1,1,1
869,1,727,655,128,256,1,1,1
869,2,1583,479,96,250,1,1,1
869,3,1153,576,91,224,1,1,1
869,4,1297,535,143,302,1,1,1
869,5,1675,456,156,409,1,1,1
869,6,2630,292,73,402,1,1,1
869,7,1074,602,58,146,1,1,1
870,1,731,655,125,255,1,1,1
870,2,1585,480,95,251,1,1,1
870,3,1156,576,89,223,1,1,1
870,4,1295,536,143,301,1,1,1
870,5,1674,456,160,410,1,1,1
870,6,2630,293,74,401,1,1,1
870,7,1075,603,57,145,1,1,1
871,1,735,655,121,254,1,1,1
871,2,1587,479,93,253,1,1,1
871,3,1160,575,85,221,1,1,1
871,4,1293,536,142,301,1,1,1
871,5,1673,455,164,412,1,1,1
871,6,2630,293,74,401,1,1,1
871,7,1075,603,57,145,1,1,1
872,1,738,655,120,254,1,1,1
872,2,1588,480,93,255,1,1,1
872,3,1163,576,83,221,1,1,1
872,4,1291,538,141,301,1,1,1
872,5,1672,457,167,412,1,1,1
872,6,2630,295,74,401,1,1,1
872,7,1076,604,57,146,1,1,1
873,1,741,655,117,253,1,1,1
873,2,1589,481,93,255,1,1,1
873,3,1165,577,81,221,1,1,1
873,4,1289,539,139,302,1,1,1
873,5,1671,458,169,413,1,1,1
873,6,2630,296,74,400,1,1,1
873,7,1076,605,57,146,1,1,1
874,1,744,654,114,254,1,1,1
874,2,1590,482,93,255,1,1,1
874,3,1168,578,78,220,1,1,1
874,4,1287,541,137,301,1,1,1
874,5,1670,459,171,414,1,1,1
874,6,2630,297,73,400,1,1,1
874,7,1077,606,57,145,1,1,1
875,1,747,654,111,254,1,1,1
875,2,1591,483,93,256,1,1,1
875,3,1171,578,76,220,1,1,1
875,4,1285,542,135,301,1,1,1
875,5,1669,460,173,415,1,1,1
875,6,2629,299,74,399,1,1,1
875,7,1078,607,56,145,1,1,1
876,1,750,653,108,253,1,1,1
876,2,1591,483,92,256,1,1,1
876,3,1173,578,74,219,1,1,1
876,4,1283,543,132,300,1,1,1
876,5,1668,461,175,415,1,1,1
876,6,2629,300,73,398,1,1,1
876,7,1078,607,55,145,1,1,1
877,1,753,654,111,254,1,1,1
877,2,1593,485,92,256,1,1,1
877,3,1176,579,80,220,1,1,1
877,4,1282,545,130,300,1,1,1
877,5,1668,463,168,418,1,1,1
877,7,1079,608,56,145,1,1,1
878,1,757,654,113,254,1,1,1
878,2,1594,486,91,257,1,1,1
878,3,1179,580,85,221,1,1,1
878,4,1280,546,128,300,1,1,1
878,5,1668,465,161,420,1,1,1
878,7,1079,609,56,145,1,1,1
879,1,760,654,116,255,1,1,1
879,2,1595,487,91,257,1,1,1
879,3,1182,580,90,222,1,1,1
879,4,1279,547,125,300,1,1,1
879,5,1668,467,154,423,1,1,1
879,7,1079,609,56,145,1,1,1
880,1,763,654,118,256,1,1,1
880,2,1596,489,90,257,1,1,1
880,3,1185,581,96,222,1,1,1
880,4,1277,549,123,298,1,1,1
880,5,1668,469,147,425,1,1,1
880,7,1079,610,57,145,1,1,1
881,1,766,654,120,255,1,1,1
881,2,1597,489,89,257,1,1,1
881,3,1187,581,100,223,1,1,1
881,4,1275,550,120,298,1,1,1
881,5,1667,470,140,427,1,1,1
881,7,1078,610,57,145,1,1,1
882,1,770,655,122,255,1,1,1
882,2,1597,491,91,258,1,1,1
882,3,1191,582,100,223,1,1,1
882,4,1274,551,123,298,1,1,1
882,5,1667,472,142,430,1,1,1
882,7,1079,611,58,146,1,1,1
883,1,773,655,123,256,1,1,1
883,2,1597,491,92,259,1,1,1
883,3,1194,582,99,222,1,1,1
883,4,1272,553,125,296,1,1,1
883,5,1666,473,143,434,1,1,1
883,7,1080,612,57,146,1,1,1
884,1,776,656,124,255,1,1,1
884,2,1596,492,94,260,1,1,1
884,3,1198,583,98,221,1,1,1
884,4,1270,554,128,296,1,1,1
884,5,1666,474,144,437,1,1,1
884,7,1080,612,58,146,1,1,1
885,1,779,656,126,255,1,1,1
885,2,1596,493,95,261,1,1,1
885,3,1201,583,97,221,1,1,1
885,4,1268,556,130,294,1,1,1
885,5,1665,476,145,439,1,1,1
885,7,1081,613,58,146,1,1,1
886,1,782,656,127,255,1,1,1
886,2,1595,493,95,261,1,1,1
886,3,1204,583,95,220,1,1,1
886,4,1265,557,133,293,1,1,1
886,5,1664,477,145,442,1,1,1
886,7,1081,613,58,146,1,1,1
887,1,786,656,126,255,1,1,1
887,2,1596,494,101,262,1,1,1
887,3,1207,583,93,220,1,1,1
887,4,1265,558,134,293,1,1,1
887,5,1663,477,145,443,1,1,1
887,7,1082,614,58,146,1,1,1
888,1,790,656,124,255,1,1,1
888,2,1596,494,106,262,1,1,1
888,3,1211,582,90,220,1,1,1
888,4,1264,559,135,293,1,1,1
888,5,1661,477,145,444,1,1,1
888,7,1082,615,58,145,1,1,1
889,1,794,657,122,253,1,1,1
889,2,1596,495,111,262,1,1,1
889,3,1214,581,87,219,1,1,1
889,4,1263,560,136,292,1,1,1
889,5,1659,477,144,445,1,1,1
889,7,1082,616,57,145,1,1,1
890,1,798,657,120,253,1,1,1
890,2,1596,495,116,263,1,1,1
890,3,1217,580,85,219,1,1,1
890,4,1262,561,137,292,1,1,1
890,5,1657,477,144,445,1,1,1
890,7,1082,617,57,144,1,1,1
891,1,801,656,118,252,1,1,1
891,2,1596,495,120,262,1,1,1
891,3,1220,579,81,218,1,1,1
891,4,1260,562,138,290,1,1,1
891,5,1654,477,143,445,1,1,1
891,7,1082,617,56,143,1,1,1
892,1,804,656,117,252,1,1,1
892,3,1222,579,82,217,1,1,1
892,4,1259,562,139,291,1,1,1
892,5,1649,479,148,444,1,1,1
892,7,1083,618,56,143,1,1,1
893,1,806,655,115,252,1,1,1
893,3,1223,579,84,215,1,1,1
893,4,1258,563,140,291,1,1,1
893,5,1643,480,152,443,1,1,1
893,7,1083,618,57,144,1,1,1
894,1,809,654,112,252,1,1,1
894,3,1225,579,84,213,1,1,1
894,4,1256,563,141,291,1,1,1
894,5,1637,481,157,443,1,1,1
894,7,1083,618,57,144,1,1,1
895,1,811,653,111,252,1,1,1
895,3,1226,578,85,212,1,1,1
895,4,1255,563,141,292,1,1,1
895,5,1631,483,161,441,1,1,1
895,7,1083,618,57,145,1,1,1
896,1,813,652,108,251,1,1,1
896,3,1227,577,85,210,1,1,1
896,4,1252,563,142,291,1,1,1
896,5,1625,483,164,440,1,1,1
896,7,1083,618,56,145,1,1,1
897,1,816,652,105,250,1,1,1
897,4,1251,565,142,290,1,1,1
897,5,1617,486,173,440,1,1,1
897,7,1083,618,56,146,1,1,1
898,1,819,652,102,247,1,1,1
898,4,1249,566,141,289,1,1,1
898,5,1608,489,181,438,1,1,1
898,7,1083,619,56,145,1,1,1
899,1,821,652,99,244,1,1,1
899,4,1248,567,140,288,1,1,1
899,5,1599,491,189,437,1,1,1
899,7,1083,619,56,145,1,1,1
900,1,824,652,95,242,1,1,1
900,4,1246,568,140,287,1,1,1
900,5,1590,494,198,435,1,1,1
900,7,1082,619,56,145,1,1,1
901,1,826,651,92,239,1,1,1
901,4,1244,568,139,285,1,1,1
901,5,1581,496,205,434,1,1,1
901,7,1082,618,55,145,1,1,1
901,9,1671,495,55,141,1,1,1
902,1,828,652,98,239,1,1,1
902,4,1243,568,134,288,1,1,1
902,5,1576,498,211,435,1,1,1
902,7,1082,619,56,145,1,1,1
902,9,1672,496,55,145,1,1,1
903,1,830,651,103,241,1,1,1
903,4,1241,568,130,290,1,1,1
903,5,1571,500,217,436,1,1,1
903,7,1083,620,55,145,1,1,1
903,9,1672,496,55,148,1,1,1
904,1,832,651,109,241,1,1,1
904,4,1240,568,125,292,1,1,1
904,5,1566,501,222,437,1,1,1
904,7,1083,620,55,145,1,1,1
904,9,1673,496,55,152,1,1,1
905,1,834,651,114,241,1,1,1
905,4,1238,568,121,294,1,1,1
905,5,1561,503,227,437,1,1,1
905,7,1083,621,55,144,1,1,1
905,9,1673,496,55,156,1,1,1
906,1,836,650,119,242,1,1,1
906,4,1236,567,116,295,1,1,1
906,5,1555,504,232,437,1,1,1
906,7,1083,620,55,144,1,1,1
906,9,1673,496,55,158,1,1,1
907,1,838,650,124,242,1,1,1
907,4,1235,568,115,296,1,1,1
907,5,1549,506,232,437,1,1,1
907,7,1083,621,56,145,1,1,1
907,9,1673,496,56,159,1,1,1
908,1,841,650,127,242,1,1,1
908,4,1234,568,113,297,1,1,1
908,5,1542,506,232,437,1,1,1
908,7,1084,621,55,145,1,1,1
908,9,1672,496,57,159,1,1,1
909,1,843,650,131,242,1,1,1
909,4,1233,568,111,298,1,1,1
909,5,1536,507,231,436,1,1,1
909,7,1084,621,55,145,1,1,1
909,9,1672,496,57,159,1,1,1
910,1,845,650,135,242,1,1,1
910,4,1232,568,109,299,1,1,1
910,5,1529,508,231,435,1,1,1
910,7,1084,621,56,145,1,1,1
910,9,1671,496,58,158,1,1,1
911,1,847,649,138,242,1,1,1
911,2,1610,498,87,279,1,1,1
911,4,1231,567,106,300,1,1,1
911,5,1522,508,230,434,1,1,1
911,7,1084,621,55,145,1,1,1
911,9,1670,495,58,158,1,1,1
912,1,850,649,137,243,1,1,1
912,2,1608,498,90,280,1,1,1
912,4,1230,568,108,300,1,1,1
912,5,1517,509,221,436,1,1,1
912,7,1084,621,56,145,1,1,1
912,9,1671,495,58,159,1,1,1
913,1,852,648,137,243,1,1,1
913,2,1606,498,92,281,1,1,1
913,4,1228,569,110,300,1,1,1
913,5,1511,510,212,437,1,1,1
913,7,1084,621,56,145,1,1,1
913,9,1672,495,58,159,1,1,1
914,1,854,647,136,244,1,1,1
914,2,1603,498,94,281,1,1,1
914,4,1226,570,112,299,1,1,1
914,5,1506,510,202,439,1,1,1
914,7,1084,621,56,145,1,1,1
914,9,1672,495,58,159,1,1,1
915,1,857,647,135,244,1,1,1
915,2,1601,498,96,282,1,1,1
915,4,1224,570,115,299,1,1,1
915,5,1501,511,192,439,1,1,1
915,7,1084,621,56,145,1,1,1
915,9,1673,495,57,158,1,1,1
916,1,858,645,134,244,1,1,1
916,2,1598,498,99,282,1,1,1
916,3,1283,571,85,207,1,1,1
916,4,1222,570,115,299,1,1,1
916,5,1495,511,182,441,1,1,1
916,7,1083,620,55,145,1,1,1
916,9,1672,495,57,157,1,1,1
917,1,862,645,131,244,1,1,1
917,2,1598,499,99,282,1,1,1
917,3,1286,571,83,208,1,1,1
917,4,1219,571,119,298,1,1,1
917,5,1490,511,181,445,1,1,1
917,7,1084,620,56,145,1,1,1
917,9,1673,495,58,158,1,1,1
918,1,865,644,129,244,1,1,1
918,2,1597,500,100,283,1,1,1
918,3,1288,570,81,208,1,1,1
918,4,1216,571,122,298,1,1,1
918,5,1484,511,181,448,1,1,1
918,7,1084,620,56,145,1,1,1
918,9,1672,494,58,159,1,1,1
919,1,868,643,126,243,1,1,1
919,2,1597,500,100,284,1,1,1
919,3,1291,569,79,209,1,1,1
919,4,1213,571,125,297,1,1,1
919,5,1479,511,180,451,1,1,1
919,7,1084,620,56,145,1,1,1
919,9,1672,493,58,159,1,1,1
920,1,871,642,123,243,1,1,1
920,2,1597,501,99,284,1,1,1
920,3,1294,568,76,209,1,1,1
920,4,1210,572,128,296,1,1,1
920,5,1474,510,178,456,1,1,1
920,7,1083,620,57,145,1,1,1
920,9,1671,492,59,160,1,1,1
921,1,873,641,120,242,1,1,1
921,2,1596,501,100,284,1,1,1
921,3,1296,567,73,209,1,1,1
921,4,1206,571,130,295,1,1,1
921,5,1468,510,177,458,1,1,1
921,7,1083,619,56,145,1,1,1
921,9,1671,491,58,159,1,1,1
922,1,876,640,118,241,1,1,1
922,2,1593,503,103,285,1,1,1
922,3,1298,566,80,210,1,1,1
922,4,1205,572,130,295,1,1,1
922,5,1463,513,183,457,1,1,1
922,7,1083,619,57,146,1,1,1
922,9,1671,492,59,160,1,1,1
923,1,879,639,115,239,1,1,1
923,2,1591,504,105,286,1,1,1
923,3,1300,565,85,211,1,1,1
923,4,1203,572,130,295,1,1,1
923,5,1457,517,188,455,1,1,1
923,7,1084,619,56,146,1,1,1
923,9,1671,492,59,160,1,1,1
924,1,882,639,112,236,1,1,1
924,2,1588,505,108,288,1,1,1
924,3,1302,564,91,212,1,1,1
924,4,1201,572,130,295,1,1,1
924,5,1452,520,193,453,1,1,1
924,7,1084,618,56,147,1,1,1
924,9,1672,492,57,160,1,1,1
925,1,884,638,110,235,1,1,1
925,2,1585,506,111,289,1,1,1
925,3,1304,564,96,212,1,1,1
925,4,1200,572,128,295,1,1,1
925,5,1447,523,198,451,1,1,1
925,7,1084,618,56,147,1,1,1
925,9,1672,492,57,160,1,1,1
926,1,886,636,107,232,1,1,1
926,2,1582,507,114,289,1,1,1
926,3,1306,562,100,213,1,1,1
926,4,1198,571,128,294,1,1,1
926,5,1441,526,203,449,1,1,1
926,7,1084,617,56,147,1,1,1
926,9,1671,492,57,159,1,1,1
927,1,888,637,105,232,1,1,1
927,2,1578,508,117,289,1,1,1
927,3,1308,562,104,214,1,1,1
927,4,1197,572,129,294,1,1,1
927,5,1434,527,210,452,1,1,1
927,7,1084,618,57,147,1,1,1
927,9,1672,492,56,160,1,1,1
928,1,889,636,103,233,1,1,1
928,2,1573,508,120,290,1,1,1
928,3,1310,561,106,215,1,1,1
928,4,1196,572,130,293,1,1,1
928,5,1427,529,216,452,1,1,1
928,7,1083,618,58,146,1,1,1
928,9,1673,491,55,161,1,1,1
929,1,891,636,101,232,1,1,1
929,2,1568,508,123,290,1,1,1
929,3,1312,561,108,216,1,1,1
929,4,1194,572,132,293,1,1,1
929,5,1420,530,222,454,1,1,1
929,7,1083,618,59,145,1,1,1
929,9,1673,491,55,161,1,1,1
930,1,892,635,99,233,1,1,1
930,2,1564,508,125,290,1,1,1
930,3,1314,560,110,217,1,1,1
930,4,1193,572,133,292,1,1,1
930,5,1413,531,229,456,1,1,1
930,7,1082,618,60,144,1,1,1
930,9,1673,490,54,161,1,1,1
931,1,893,634,95,232,1,1,1
931,2,1559,508,128,289,1,1,1
931,3,1316,559,112,218,1,1,1
931,4,1191,571,134,291,1,1,1
931,5,1406,532,234,457,1,1,1
931,7,1081,618,61,142,1,1,1
931,9,1673,489,53,161,1,1,1
932,1,897,635,101,233,1,1,1
932,2,1557,509,128,290,1,1,1
932,3,1319,558,111,219,1,1,1
932,4,1192,571,135,293,1,1,1
932,5,1400,532,232,458,1,1,1
932,7,1082,618,59,144,1,1,1
932,9,1673,490,54,161,1,1,1
933,1,900,635,105,234,1,1,1
933,2,1554,510,128,290,1,1,1
933,3,1321,558,111,218,1,1,1
933,4,1192,571,135,295,1,1,1
933,5,1394,532,229,458,1,1,1
933,7,1082,618,58,145,1,1,1
933,9,1673,491,54,161,1,1,1
934,1,902,635,111,235,1,1,1
934,2,1552,511,127,289,1,1,1
934,3,1324,557,109,218,1,1,1
934,4,1192,571,135,296,1,1,1
934,5,1388,531,226,459,1,1,1
934,7,1082,618,56,146,1,1,1
934,9,1673,491,55,161,1,1,1
935,1,905,635,116,236,1,1,1
935,2,1549,511,127,290,1,1,1
935,3,1326,556,109,218,1,1,1
935,4,1192,571,135,297,1,1,1
935,5,1382,531,223,459,1,1,1
935,7,1082,618,54,146,1,1,1
935,9,1673,491,55,162,1,1,1
936,1,908,634,120,236,1,1,1
936,2,1546,512,126,289,1,1,1
936,3,1328,555,108,218,1,1,1
936,4,1191,571,134,297,1,1,1
936,5,1375,530,220,459,1,1,1
936,7,1081,618,53,146,1,1,1
936,9,1673,491,55,161,1,1,1
937,1,910,635,123,236,1,1,1
937,2,1545,513,124,290,1,1,1
937,4,1192,572,135,297,1,1,1
937,5,1369,532,211,459,1,1,1
937,7,1081,620,56,145,1,1,1
937,9,1673,492,56,161,1,1,1
938,1,912,635,125,236,1,1,1
938,2,1544,514,121,290,1,1,1
938,4,1193,572,134,297,1,1,1
938,5,1362,533,203,458,1,1,1
938,7,1081,621,58,143,1,1,1
938,9,1672,492,57,161,1,1,1
939,1,914,635,127,236,1,1,1
939,2,1542,515,119,291,1,1,1
939,4,1193,573,135,295,1,1,1
939,5,1355,534,194,458,1,1,1
939,7,1080,622,61,142,1,1,1
939,9,1671,492,58,161,1,1,1
940,1,916,635,129,236,1,1,1
940,2,1540,516,117,291,1,1,1
940,4,1193,573,135,295,1,1,1
940,5,1348,536,186,457,1,1,1
940,7,1080,623,63,141,1,1,1
940,9,1670,492,59,161,1,1,1
941,1,918,634,130,236,1,1,1
941,2,1538,516,114,291,1,1,1
941,4,1193,573,134,293,1,1,1
941,5,1340,536,177,457,1,1,1
941,7,1079,624,65,138,1,1,1
941,9,1669,491,59,161,1,1,1
942,1,921,634,129,237,1,1,1
942,2,1539,516,112,293,1,1,1
942,4,1195,573,135,295,1,1,1
942,5,1335,539,181,456,1,1,1
942,7,1080,624,64,140,1,1,1
942,9,1670,491,58,162,1,1,1
943,1,924,634,127,237,1,1,1
943,2,1539,515,111,296,1,1,1
943,4,1196,573,135,296,1,1,1
943,5,1329,541,184,455,1,1,1
943,7,1081,624,61,140,1,1,1
943,9,1670,491,57,162,1,1,1
944,1,927,633,126,238,1,1,1
944,2,1539,514,109,298,1,1,1
944,4,1198,572,134,298,1,1,1
944,5,1324,543,187,453,1,1,1
944,7,1082,623,59,141,1,1,1
944,9,1671,491,55,162,1,1,1
945,1,930,633,124,238,1,1,1
945,2,1539,513,108,300,1,1,1
945,4,1199,572,134,299,1,1,1
945,5,1318,545,191,452,1,1,1
945,7,1083,623,57,142,1,1,1
945,9,1671,490,54,163,1,1,1
946,1,932,632,122,238,1,1,1
946,2,1538,512,106,302,1,1,1
946,4,1200,571,134,300,1,1,1
946,5,1312,546,193,451,1,1,1
946,7,1083,622,55,142,1,1,1
946,9,1671,489,53,163,1,1,1
947,1,935,631,119,239,1,1,1
947,2,1539,513,106,303,1,1,1
947,4,1202,571,133,301,1,1,1
947,5,1305,550,202,450,1,1,1
947,7,1083,622,56,144,1,1,1
947,9,1670,490,55,163,1,1,1
948,1,937,630,116,239,1,1,1
948,2,1539,513,107,305,1,1,1
948,4,1204,571,131,301,1,1,1
948,5,1298,553,209,449,1,1,1
948,7,1082,622,57,144,1,1,1
948,9,1669,491,56,162,1,1,1
949,1,939,629,112,239,1,1,1
949,2,1539,513,107,306,1,1,1
949,4,1206,570,129,303,1,1,1
949,5,1291,556,216,448,1,1,1
949,7,1081,622,58,145,1,1,1
949,9,1668,491,58,162,1,1,1
950,1,941,628,109,239,1,1,1
950,2,1539,514,108,307,1,1,1
950,4,1208,570,127,303,1,1,1
950,5,1284,558,224,448,1,1,1
950,7,1080,622,59,145,1,1,1
950,9,1667,491,59,162,1,1,1
951,1,942,626,106,238,1,1,1
951,2,1538,514,108,308,1,1,1
951,3,1357,548,79,220,1,1,1
951,4,1210,569,124,304,1,1,1
951,5,1277,561,230,446,1,1,1
951,7,1079,622,59,144,1,1,1
951,9,1665,491,61,161,1,1,1
952,1,945,627,106,239,1,1,1
952,2,1539,514,106,308,1,1,1
952,3,1358,550,79,220,1,1,1
952,4,1213,569,120,304,1,1,1
952,5,1269,562,233,450,1,1,1
952,7,1079,623,59,145,1,1,1
952,9,1666,492,60,161,1,1,1
953,1,947,628,105,238,1,1,1
953,2,1540,514,102,308,1,1,1
953,3,1359,551,77,220,1,1,1
953,4,1215,569,116,304,1,1,1
953,5,1260,563,236,452,1,1,1
953,7,1079,623,59,145,1,1,1
953,9,1667,493,59,161,1,1,1
954,1,949,628,105,238,1,1,1
954,2,1541,514,99,308,1,1,1
954,3,1359,552,77,220,1,1,1
954,4,1218,568,112,304,1,1,1
954,5,1251,563,238,455,1,1,1
954,7,1079,623,58,146,1,1,1
954,9,1667,493,58,161,1,1,1
955,1,951,629,104,237,1,1,1
955,2,1541,514,96,308,1,1,1
955,3,1360,553,76,220,1,1,1
955,4,1221,568,107,304,1,1,1
955,5,1242,564,241,458,1,1,1
955,7,1079,623,57,146,1,1,1
955,9,1668,494,57,161,1,1,1
956,1,953,629,103,237,1,1,1
956,2,1541,513,93,309,1,1,1
956,3,1360,554,75,219,1,1,1
956,4,1223,567,103,304,1,1,1
956,5,1232,565,244,460,1,1,1
956,6,2620,308,83,400,1,1,1
956,7,1078,623,57,146,1,1,1
956,9,1668,494,55,160,1,1,1
957,1,955,629,101,235,1,1,1
957,2,1540,513,94,309,1,1,1
957,3,1361,554,75,219,1,1,1
957,5,1224,566,236,459,1,1,1
957,6,2619,309,85,401,1,1,1
957,7,1078,624,58,146,1,1,1
957,9,1668,494,56,161,1,1,1
958,1,956,628,100,233,1,1,1
958,2,1538,514,96,308,1,1,1
958,3,1360,554,77,220,1,1,1
958,5,1216,568,227,456,1,1,1
958,6,2618,309,86,402,1,1,1
958,7,1078,624,57,145,1,1,1
958,9,1667,495,56,159,1,1,1
959,1,957,628,98,231,1,1,1
959,2,1536,514,97,307,1,1,1
959,3,1360,553,77,221,1,1,1
959,5,1208,569,218,455,1,1,1
959,6,2617,310,87,403,1,1,1
959,7,1077,624,58,145,1,1,1
959,9,1667,495,55,159,1,1,1
960,1,958,627,97,229,1,1,1
960,2,1534,514,98,307,1,1,1
960,3,1360,553,78,221,1,1,1
960,5,1200,570,209,454,1,1,1
960,6,2615,311,89,403,1,1,1
960,7,1077,625,58,144,1,1,1
960,9,1666,495,56,159,1,1,1
961,1,959,626,95,226,1,1,1
961,2,1531,513,100,306,1,1,1
961,3,1359,552,78,221,1,1,1
961,5,1191,571,200,451,1,1,1
961,6,2613,311,89,404,1,1,1
961,7,1076,625,57,143,1,1,1
961,9,1665,495,55,158,1,1,1
962,1,961,626,97,228,1,1,1
962,2,1530,514,101,307,1,1,1
962,3,1359,552,83,222,1,1,1
962,5,1185,573,199,457,1,1,1
962,6,2614,309,90,405,1,1,1
962,7,1077,625,57,144,1,1,1
962,9,1665,495,56,159,1,1,1
963,1,963,625,99,229,1,1,1
963,2,1528,514,103,308,1,1,1
963,3,1359,552,87,221,1,1,1
963,5,1178,575,198,461,1,1,1
963,6,2615,307,89,406,1,1,1
963,7,1077,624,56,145,1,1,1
963,9,1665,494,56,160,1,1,1
964,1,964,625,101,229,1,1,1
964,2,1526,514,105,309,1,1,1
964,3,1359,552,92,221,1,1,1
964,5,1171,577,197,466,1,1,1
964,6,2616,306,88,406,1,1,1
964,7,1077,624,56,145,1,1,1
964,9,1664,493,57,161,1,1,1
965,1,966,624,103,230,1,1,1
965,2,1524,514,107,309,1,1,1
965,3,1359,551,96,222,1,1,1
965,5,1164,579,195,470,1,1,1
965,6,2616,304,88,407,1,1,1
965,7,1077,624,55,145,1,1,1
965,9,1664,492,57,162,1,1,1
966,1,967,623,104,231,1,1,1
966,2,1522,513,109,310,1,1,1
966,3,1358,550,100,221,1,1,1
966,4,1237,565,99,286,1,1,1
966,5,1156,581,194,474,1,1,1
966,6,2616,302,87,408,1,1,1
966,7,1076,623,54,145,1,1,1
966,9,1662,491,57,162,1,1,1
967,1,968,623,107,231,1,1,1
967,2,1518,515,113,309,1,1,1
967,3,1359,551,105,221,1,1,1
967,4,1239,565,100,286,1,1,1
967,5,1148,584,203,473,1,1,1
967,6,2617,303,87,407,1,1,1
967,7,1076,623,55,145,1,1,1
967,9,1663,492,57,162,1,1,1
968,1,969,622,109,232,1,1,1
968,2,1514,516,117,308,1,1,1
968,3,1360,550,108,222,1,1,1
968,4,1239,564,102,287,1,1,1
968,5,1139,587,212,471,1,1,1
968,6,2617,304,87,406,1,1,1
968,7,1076,623,55,144,1,1,1
968,9,1663,492,57,162,1,1,1
969,1,969,622,112,232,1,1,1
969,2,1509,517,121,307,1,1,1
969,3,1361,550,112,222,1,1,1
969,4,1240,564,104,286,1,1,1
969,5,1130,590,221,469,1,1,1
969,6,2617,304,87,405,1,1,1
969,7,1076,623,55,144,1,1,1
969,9,1662,492,58,162,1,1,1
970,1,970,622,113,231,1,1,1
970,2,1505,518,125,305,1,1,1
970,3,1361,549,116,222,1,1,1
970,4,1241,563,105,287,1,1,1
970,5,1122,593,229,467,1,1,1
970,6,2617,305,87,404,1,1,1
970,7,1075,622,56,144,1,1,1
970,9,1662,492,58,161,1,1,1
971,1,970,621,115,231,1,1,1
971,2,1500,519,128,303,1,1,1
971,3,1362,549,119,222,1,1,1
971,4,1241,562,106,287,1,1,1
971,5,1112,595,237,465,1,1,1
971,6,2616,305,86,402,1,1,1
971,7,1075,622,55,143,1,1,1
971,9,1662,492,58,160,1,1,1
972,1,972,621,113,232,1,1,1
972,2,1498,521,131,304,1,1,1
972,3,1363,548,119,223,1,1,1
972,4,1242,563,107,286,1,1,1
972,5,1104,596,244,468,1,1,1
972,6,2616,305,87,403,1,1,1
972,9,1662,493,58,160,1,1,1
973,1,973,621,111,231,1,1,1
973,2,1496,522,133,306,1,1,1
973,3,1364,546,119,225,1,1,1
973,4,1243,563,108,286,1,1,1
973,5,1095,598,251,468,1,1,1
973,6,2614,305,89,403,1,1,1
973,9,1662,493,58,160,1,1,1
974,1,974,621,109,231,1,1,1
974,2,1493,523,135,307,1,1,1
974,3,1365,545,118,226,1,1,1
974,4,1244,564,108,286,1,1,1
974,5,1086,599,257,470,1,1,1
974,6,2613,304,90,403,1,1,1
974,9,1662,493,57,160,1,1,1
975,1,975,620,107,232,1,1,1
975,2,1490,525,138,307,1,1,1
975,3,1366,543,118,227,1,1,1
975,4,1244,564,109,286,1,1,1
975,5,1077,600,263,472,1,1,1
975,6,2612,303,91,404,1,1,1
975,9,1662,493,57,160,1,1,1
976,1,976,620,104,231,1,1,1
976,2,1487,525,140,308,1,1,1
976,3,1367,541,116,228,1,1,1
976,4,1245,565,109,285,1,1,1
976,5,1068,600,269,473,1,1,1
976,6,2611,302,91,404,1,1,1
976,9,1662,492,55,160,1,1,1
977,1,977,620,103,230,1,1,1
977,2,1483,525,141,309,1,1,1
977,3,1364,541,120,228,1,1,1
977,4,1246,564,108,283,1,1,1
977,5,1060,600,260,474,1,1,1
977,6,2610,302,93,404,1,1,1
977,9,1662,492,56,159,1,1,1
978,1,977,619,103,230,1,1,1
978,2,1479,525,142,308,1,1,1
978,3,1360,540,124,229,1,1,1
978,4,1248,563,105,281,1,1,1
978,5,1051,600,252,473,1,1,1
978,6,2608,301,95,404,1,1,1
978,9,1662,491,56,159,1,1,1
979,1,977,619,102,229,1,1,1
979,2,1475,524,143,309,1,1,1
979,3,1356,539,128,229,1,1,1
979,4,1249,562,104,279,1,1,1
979,5,1043,600,243,472,1,1,1
979,6,2607,300,96,405,1,1,1
979,9,1662,490,56,159,1,1,1
980,1,977,618,102,228,1,1,1
980,2,1471,524,144,308,1,1,1
980,3,1352,538,131,230,1,1,1
980,4,1250,561,102,278,1,1,1
980,5,1034,600,235,471,1,1,1
980,6,2606,299,97,405,1,1,1
980,9,1661,490,58,158,1,1,1
981,1,977,617,100,227,1,1,1
981,2,1467,523,144,308,1,1,1
981,3,1348,536,134,230,1,1,1
981,4,1251,560,100,275,1,1,1
981,5,1025,599,225,471,1,1,1
981,6,2604,297,98,405,1,1,1
981,9,1660,489,57,158,1,1,1
982,2,1463,523,140,308,1,1,1
982,3,1352,535,131,232,1,1,1
982,4,1253,559,101,275,1,1,1
982,5,1019,600,221,470,1,1,1
982,6,2607,297,96,405,1,1,1
982,9,1661,489,57,158,1,1,1
983,2,1458,523,136,307,1,1,1
983,3,1355,534,127,233,1,1,1
983,4,1254,557,101,275,1,1,1
983,5,1011,602,218,468,1,1,1
983,6,2610,297,93,404,1,1,1
983,9,1661,488,57,158,1,1,1
984,2,1453,523,132,307,1,1,1
984,3,1358,532,124,235,1,1,1
984,4,1255,556,102,274,1,1,1
984,5,1004,603,213,466,1,1,1
984,6,2613,297,90,404,1,1,1
984,9,1662,487,55,159,1,1,1
985,2,1448,523,128,306,1,1,1
985,3,1362,531,119,236,1,1,1
985,4,1256,555,103,274,1,1,1
985,5,997,604,209,465,1,1,1
985,6,2616,297,88,403,1,1,1
985,9,1662,487,55,158,1,1,1
986,2,1443,523,123,305,1,1,1
986,3,1364,529,115,237,1,1,1
986,4,1257,553,103,273,1,1,1
986,5,989,605,204,462,1,1,1
986,6,2618,296,85,402,1,1,1
986,9,1662,486,54,158,1,1,1
987,2,1427,524,135,308,1,1,1
987,3,1368,529,114,237,1,1,1
987,4,1258,553,108,273,1,1,1
987,5,983,607,212,463,1,1,1
987,6,2619,296,84,402,1,1,1
987,9,1662,485,55,159,1,1,1
988,2,1410,525,148,310,1,1,1
988,3,1371,529,112,237,1,1,1
988,4,1259,552,113,272,1,1,1
988,5,975,608,220,463,1,1,1
988,6,2619,295,84,402,1,1,1
988,9,1662,484,55,159,1,1,1
989,2,1394,526,159,313,1,1,1
989,3,1374,529,110,237,1,1,1
989,4,1260,551,117,272,1,1,1
989,5,968,609,227,463,1,1,1
989,6,2619,294,84,402,1,1,1
989,9,1663,483,54,160,1,1,1
990,2,1377,528,172,314,1,1,1
990,3,1377,529,108,237,1,1,1
990,4,1261,551,122,271,1,1,1
990,5,961,611,234,462,1,1,1
990,6,2619,293,83,402,1,1,1
990,9,1663,482,54,160,1,1,1
991,2,1360,528,184,316,1,1,1
991,3,1380,528,105,237,1,1,1
991,4,1262,550,125,270,1,1,1
991,5,953,611,241,461,1,1,1
991,6,2619,292,82,401,1,1,1
991,7,1074,613,57,144,1,1,1
991,9,1662,480,54,161,1,1,1
992,2,1358,529,186,317,1,1,1
992,4,1263,549,125,271,1,1,1
992,5,947,614,245,461,1,1,1
992,6,2620,292,82,402,1,1,1
992,7,1074,614,57,144,1,1,1
992,9,1663,481,55,161,1,1,1
993,2,1356,529,187,318,1,1,1
993,4,1264,548,124,272,1,1,1
993,5,941,616,247,459,1,1,1
993,6,2620,292,82,402,1,1,1
993,7,1074,613,57,144,1,1,1
993,9,1663,481,55,160,1,1,1
994,2,1354,528,189,320,1,1,1
994,4,1264,547,124,272,1,1,1
994,5,935,618,249,458,1,1,1
994,6,2620,292,83,401,1,1,1
994,7,1074,613,57,143,1,1,1
994,9,1664,481,55,160,1,1,1
995,2,1352,528,190,320,1,1,1
995,4,1265,547,123,272,1,1,1
995,5,929,620,251,457,1,1,1
995,6,2621,292,82,401,1,1,1
995,7,1073,613,58,143,1,1,1
995,9,1664,481,55,160,1,1,1
996,1,977,611,134,225,1,1,1
996,2,1350,528,191,320,1,1,1
996,4,1265,545,121,272,1,1,1
996,5,922,621,254,455,1,1,1
996,6,2620,291,82,400,1,1,1
996,7,1073,612,57,142,1,1,1
996,9,1664,481,55,159,1,1,1
997,1,979,611,134,226,1,1,1
997,2,1350,529,190,321,1,1,1
997,4,1267,545,121,273,1,1,1
997,5,916,621,245,456,1,1,1
997,6,2621,292,82,400,1,1,1
997,7,1074,612,57,143,1,1,1
997,9,1664,481,55,159,1,1,1
998,1,980,610,134,226,1,1,1
998,2,1349,529,188,321,1,1,1
998,4,1267,544,122,273,1,1,1
998,5,909,621,236,456,1,1,1
998,6,2622,292,82,399,1,1,1
998,7,1074,611,57,144,1,1,1
998,9,1665,480,54,160,1,1,1
999,1,981,610,135,225,1,1,1
999,2,1349,529,186,322,1,1,1
999,4,1268,544,122,272,1,1,1
999,5,902,620,227,457,1,1,1
999,6,2622,292,82,399,1,1,1
999,7,1075,610,56,144,1,1,1
999,9,1665,479,54,160,1,1,1
1000,1,982,609,135,225,1,1,1
1000,2,1348,529,185,323,1,1,1
1000,4,1269,543,121,272,1,1,1
1000,5,895,620,217,456,1,1,1
1000,6,2622,292,82,398,1,1,1
1000,7,1075,609,56,145,1,1,1
1000,9,1665,479,55,159,1,1,1
1001,1,982,608,135,225,1,1,1
1001,2,1347,529,183,322,1,1,1
1001,4,1269,542,121,271,1,1,1
1001,5,888,619,208,457,1,1,1
1001,6,2622,291,81,397,1,1,1
1001,7,1075,608,55,145,1,1,1
1001,9,1665,478,54,159,1,1,1
1002,1,984,608,133,225,1,1,1
1002,2,1343,529,179,323,1,1,1
1002,4,1270,542,120,273,1,1,1
1002,5,880,621,207,460,1,1,1
1002,6,2623,291,81,399,1,1,1
1002,7,1075,608,56,145,1,1,1
1002,9,1665,478,54,160,1,1,1
1003,1,984,607,131,226,1,1,1
1003,2,1339,529,173,323,1,1,1
1003,4,1271,541,119,274,1,1,1
1003,5,872,622,206,463,1,1,1
1003,6,2624,290,79,400,1,1,1
1003,7,1075,608,56,145,1,1,1
1003,9,1665,478,54,159,1,1,1
1004,1,985,606,128,227,1,1,1
1004,2,1334,529,169,322,1,1,1
1004,4,1272,540,118,276,1,1,1
1004,5,864,624,205,466,1,1,1
1004,6,2624,290,79,400,1,1,1
1004,7,1074,608,57,145,1,1,1
1004,9,1665,478,54,159,1,1,1
1005,1,986,605,126,228,1,1,1
1005,2,1330,528,164,323,1,1,1
1005,4,1273,539,116,277,1,1,1
1005,5,856,625,204,469,1,1,1
1005,6,2625,289,78,401,1,1,1
1005,7,1074,607,57,145,1,1,1
1005,9,1665,478,54,159,1,1,1
1006,1,987,604,122,228,1,1,1
1006,2,1325,528,159,322,1,1,1
1006,3,1415,521,67,232,1,1,1
1006,4,1273,538,115,278,1,1,1
1006,5,847,626,202,471,1,1,1
1006,6,2625,288,77,401,1,1,1
1006,7,1073,607,57,145,1,1,1
1006,9,1664,477,53,159,1,1,1
1007,1,988,604,119,229,1,1,1
1007,2,1323,529,155,322,1,1,1
1007,3,1411,522,73,232,1,1,1
1007,4,1274,539,115,278,1,1,1
1007,5,841,630,210,468,1,1,1
1007,6,2627,289,76,401,1,1,1
1007,7,1074,607,57,145,1,1,1
1007,9,1665,478,54,159,1,1,1
1008,1,989,603,116,230,1,1,1
1008,2,1320,531,152,320,1,1,1
1008,3,1406,522,79,233,1,1,1
1008,4,1274,539,116,277,1,1,1
1008,5,833,633,218,465,1,1,1
1008,6,2628,289,75,400,1,1,1
1008,7,1075,607,57,144,1,1,1
1008,9,1665,478,55,159,1,1,1
1009,1,990,603,113,231,1,1,1
1009,2,1318,532,148,319,1,1,1
1009,3,1401,523,85,233,1,1,1
1009,4,1275,540,115,276,1,1,1
1009,5,826,636,225,462,1,1,1
1009,6,2629,289,74,400,1,1,1
1009,7,1076,607,56,144,1,1,1
1009,9,1665,478,56,159,1,1,1
1010,1,991,603,109,231,1,1,1
1010,2,1315,533,145,318,1,1,1
1010,3,1396,524,91,233,1,1,1
1010,4,1275,540,116,276,1,1,1
1010,5,819,639,232,459,1,1,1
1010,6,2630,288,73,401,1,1,1
1010,7,1077,606,55,145,1,1,1
1010,9,1665,478,56,160,1,1,1
1011,1,991,602,106,232,1,1,1
1011,2,1312,534,141,315,1,1,1
1011,3,1391,524,95,233,1,1,1
1011,4,1275,541,115,274,1,1,1
1011,5,811,642,240,455,1,1,1
1011,6,2631,288,71,400,1,1,1
1011,7,1077,606,54,144,1,1,1
1011,9,1665,477,56,160,1,1,1
1012,1,992,601,106,234,1,1,1
1012,2,1308,536,146,315,1,1,1
1012,3,1391,524,96,234,1,1,1
1012,4,1276,541,115,275,1,1,1
1012,5,803,643,246,456,1,1,1
1012,6,2632,289,71,401,1,1,1
1012,7,1079,606,54,144,1,1,1
1012,9,1665,478,58,160,1,1,1
1013,1,993,600,105,236,1,1,1
1013,2,1304,536,150,315,1,1,1
1013,3,1390,523,97,234,1,1,1
1013,4,1276,541,115,274,1,1,1
1013,5,795,644,252,456,1,1,1
1013,6,2632,290,71,401,1,1,1
1013,7,1079,606,54,144,1,1,1
1013,9,1665,477,58,160,1,1,1
1014,1,993,600,105,237,1,1,1
1014,2,1300,537,154,314,1,1,1
1014,3,1389,523,98,234,1,1,1
1014,4,1276,540,114,275,1,1,1
1014,5,786,645,258,456,1,1,1
1014,6,2632,291,71,401,1,1,1
1014,7,1080,606,53,144,1,1,1
1014,9,1665,477,58,160,1,1,1
1015,1,994,599,104,238,1,1,1
1015,2,1296,538,159,313,1,1,1
1015,3,1388,523,99,234,1,1,1
1015,4,1277,540,113,275,1,1,1
1015,5,778,645,263,457,1,1,1
1015,6,2632,292,71,401,1,1,1
1015,7,1080,605,53,145,1,1,1
1015,9,1665,477,59,160,1,1,1
1016,1,994,597,103,240,1,1,1
1016,2,1291,538,163,312,1,1,1
1016,3,1387,522,98,234,1,1,1
1016,4,1276,540,112,274,1,1,1
1016,5,769,646,269,456,1,1,1
1016,6,2631,292,71,402,1,1,1
1016,7,1081,605,52,144,1,1,1
1016,9,1665,476,58,160,1,1,1
1017,1,996,597,102,241,1,1,1
1017,2,1289,539,166,313,1,1,1
1017,3,1389,522,98,234,1,1,1
1017,4,1277,539,113,275,1,1,1
1017,5,762,646,263,457,1,1,1
1017,6,2632,293,71,401,1,1,1
1017,7,1081,605,53,144,1,1,1
1017,9,1666,477,58,159,1,1,1
1018,1,997,595,101,242,1,1,1
1018,2,1286,540,169,312,1,1,1
1018,3,1390,522,98,233,1,1,1
1018,4,1277,539,114,275,1,1,1
1018,5,755,647,257,456,1,1,1
1018,6,2633,293,70,399,1,1,1
1018,7,1081,605,53,145,1,1,1
1018,9,1666,477,57,159,1,1,1
1019,1,998,594,100,243,1,1,1
1019,2,1284,540,170,312,1,1,1
1019,3,1392,523,97,232,1,1,1
1019,4,1277,538,114,275,1,1,1
1019,5,747,647,251,456,1,1,1
1019,6,2634,293,70,398,1,1,1
1019,7,1081,605,54,145,1,1,1
1019,9,1666,477,57,158,1,1,1
1020,1,999,593,100,243,1,1,1
1020,2,1281,541,173,312,1,1,1
1020,3,1394,523,96,231,1,1,1
1020,4,1277,538,115,275,1,1,1
1020,5,740,647,245,457,1,1,1
1020,6,2635,292,69,398,1,1,1
1020,7,1081,605,54,145,1,1,1
1020,9,1667,477,55,158,1,1,1
1021,1,1000,591,98,244,1,1,1
1021,2,1278,540,175,312,1,1,1
1021,3,1395,522,95,230,1,1,1
1021,4,1277,537,115,274,1,1,1
1021,5,732,646,238,456,1,1,1
1021,6,2636,292,67,396,1,1,1
1021,7,1080,605,54,144,1,1,1
1021,9,1667,476,54,157,1,1,1
1022,1,1001,592,98,245,1,1,1
1022,2,1272,542,176,312,1,1,1
1022,3,1394,523,97,231,1,1,1
1022,5,728,647,229,456,1,1,1
1022,6,2636,293,68,396,1,1,1
1022,7,1081,605,55,145,1,1,1
1022,9,1668,476,55,159,1,1,1
1023,1,1002,593,97,244,1,1,1
1023,2,1266,543,176,312,1,1,1
1023,3,1394,524,98,231,1,1,1
1023,5,723,648,220,455,1,1,1
1023,6,2635,293,69,396,1,1,1
1023,7,1082,605,54,145,1,1,1
1023,9,1668,476,55,159,1,1,1
1024,1,1003,593,97,244,1,1,1
1024,2,1259,544,177,312,1,1,1
1024,3,1393,524,100,231,1,1,1
1024,5,717,648,211,455,1,1,1
1024,6,2635,294,69,395,1,1,1
1024,7,1082,604,54,146,1,1,1
1024,9,1669,475,55,160,1,1,1
1025,1,1004,594,96,244,1,1,1
1025,2,1253,546,177,311,1,1,1
1025,3,1392,525,102,231,1,1,1
1025,5,712,648,202,455,1,1,1
1025,6,2634,294,70,396,1,1,1
1025,7,1083,604,53,146,1,1,1
1025,9,1670,475,55,160,1,1,1
1026,1,1004,594,95,243,1,1,1
1026,2,1246,546,176,311,1,1,1
1026,3,1391,525,103,231,1,1,1
1026,5,707,648,192,454,1,1,1
1026,6,2633,294,70,395,1,1,1
1026,7,1083,603,53,145,1,1,1
1026,9,1670,474,55,160,1,1,1
1027,1,1004,594,96,247,1,1,1
1027,2,1251,548,163,312,1,1,1
1027,3,1394,525,101,233,1,1,1
1027,5,703,651,197,452,1,1,1
1027,7,1082,604,55,146,1,1,1
1027,9,1670,475,56,161,1,1,1
1028,1,1004,594,96,249,1,1,1
1028,2,1256,549,149,313,1,1,1
1028,3,1397,524,98,235,1,1,1
1028,5,699,653,202,451,1,1,1
1028,7,1082,604,56,146,1,1,1
1028,9,1670,476,57,160,1,1,1
1029,1,1004,594,97,252,1,1,1
1029,2,1260,551,136,312,1,1,1
1029,3,1399,523,96,237,1,1,1
1029,5,694,656,207,448,1,1,1
1029,7,1081,604,58,146,1,1,1
1029,9,1670,476,57,161,1,1,1
1030,1,1004,594,97,255,1,1,1
1030,2,1265,552,121,313,1,1,1
1030,3,1402,522,93,239,1,1,1
1030,5,690,658,212,446,1,1,1
1030,7,1080,604,60,147,1,1,1
1030,9,1670,477,58,160,1,1,1
1031,1,1003,594,97,256,1,1,1
1031,2,1269,553,107,313,1,1,1
1031,3,1404,521,89,240,1,1,1
1031,5,685,660,217,444,1,1,1
1031,7,1079,604,61,146,1,1,1
1031,9,1670,477,57,160,1,1,1
1032,1,1002,595,99,256,1,1,1
1032,2,1265,553,111,316,1,1,1
1032,3,1405,521,91,241,1,1,1
1032,5,682,662,217,443,1,1,1
1032,7,1080,604,61,147,1,1,1
1032,9,1670,477,59,160,1,1,1
1033,1,1000,596,101,255,1,1,1
1033,2,1261,553,113,318,1,1,1
1033,3,1406,521,92,241,1,1,1
1033,5,679,664,217,441,1,1,1
1033,7,1081,604,59,146,1,1,1
1033,9,1670,476,59,161,1,1,1
1034,1,999,597,102,254,1,1,1
1034,2,1257,553,116,320,1,1,1
1034,3,1407,521,93,241,1,1,1
1034,5,675,665,218,441,1,1,1
1034,7,1082,603,58,147,1,1,1
1034,9,1669,475,60,161,1,1,1
1035,1,998,598,103,253,1,1,1
1035,2,1253,553,118,321,1,1,1
1035,3,1407,521,95,241,1,1,1
1035,5,672,667,218,439,1,1,1
1035,7,1082,603,58,146,1,1,1
1035,9,1669,475,60,161,1,1,1
1036,1,996,598,105,252,1,1,1
1036,2,1248,552,121,323,1,1,1
1036,3,1408,520,96,241,1,1,1
1036,4,1282,542,114,258,1,1,1
1036,5,668,668,218,438,1,1,1
1036,7,1082,602,56,146,1,1,1
1036,9,1668,474,60,161,1,1,1
1037,1,994,599,108,254,1,1,1
1037,2,1244,554,126,322,1,1,1
1037,3,1407,520,101,241,1,1,1
1037,4,1280,543,115,260,1,1,1
1037,5,665,667,209,439,1,1,1
1037,7,1083,602,57,146,1,1,1
1037,9,1669,474,60,161,1,1,1
1038,1,992,600,110,254,1,1,1
1038,2,1240,555,130,321,1,1,1
1038,3,1406,520,105,241,1,1,1
1038,4,1279,543,115,262,1,1,1
1038,5,662,667,200,439,1,1,1
1038,7,1083,602,57,146,1,1,1
1038,9,1669,474,60,161,1,1,1
1039,1,990,601,112,254,1,1,1
1039,2,1236,556,133,320,1,1,1
1039,3,1405,519,110,242,1,1,1
1039,4,1277,542,115,265,1,1,1
1039,5,658,666,191,439,1,1,1
1039,7,1083,601,57,147,1,1,1
1039,9,1670,474,60,161,1,1,1
1040,1,988,602,114,255,1,1,1
1040,2,1232,557,137,318,1,1,1
1040,3,1404,519,114,242,1,1,1
1040,4,1276,542,115,267,1,1,1
1040,5,655,665,181,440,1,1,1
1040,7,1083,601,58,147,1,1,1
1040,9,1670,474,60,160,1,1,1
1041,1,986,602,115,255,1,1,1
1041,2,1227,557,142,317,1,1,1
1041,3,1403,518,118,242,1,1,1
1041,4,1273,542,115,268,1,1,1
1041,5,651,663,172,440,1,1,1
1041,7,1082,600,57,147,1,1,1
1041,9,1670,473,59,160,1,1,1
1042,1,984,603,118,254,1,1,1
1042,2,1224,559,144,317,1,1,1
1042,3,1405,518,120,242,1,1,1
1042,4,1274,542,114,268,1,1,1
1042,5,646,664,173,443,1,1,1
1042,7,1083,600,58,147,1,1,1
1042,9,1671,474,58,160,1,1,1
1043,1,981,603,120,254,1,1,1
1043,2,1221,560,146,316,1,1,1
1043,3,1407,518,122,242,1,1,1
1043,4,1273,541,113,269,1,1,1
1043,5,641,665,174,444,1,1,1
1043,7,1083,600,57,147,1,1,1
1043,9,1671,474,58,160,1,1,1
1044,1,978,604,122,252,1,1,1
1044,2,1218,561,147,316,1,1,1
1044,3,1409,519,123,241,1,1,1
1044,4,1273,541,111,269,1,1,1
1044,5,635,665,175,446,1,1,1
1044,7,1084,599,56,148,1,1,1
1044,9,1671,473,58,162,1,1,1
1045,1,975,604,125,252,1,1,1
1045,2,1215,562,149,315,1,1,1
1045,3,1411,519,125,241,1,1,1
1045,4,1273,541,109,269,1,1,1
1045,5,630,666,175,448,1,1,1
1045,7,1084,599,56,148,1,1,1
1045,9,1671,473,58,162,1,1,1
1046,1,972,604,126,250,1,1,1
1046,2,1211,563,150,314,1,1,1
1046,3,1413,518,125,241,1,1,1
1046,4,1272,540,108,269,1,1,1
1046,5,625,666,175,450,1,1,1
1046,7,1083,599,55,147,1,1,1
1046,9,1671,473,57,161,1,1,1
1047,1,968,605,129,251,1,1,1
1047,2,1207,563,149,315,1,1,1
1047,3,1416,518,123,242,1,1,1
1047,4,1272,540,106,269,1,1,1
1047,5,619,666,182,449,1,1,1
1047,7,1084,599,55,147,1,1,1
1047,9,1672,473,57,162,1,1,1
1048,1,965,605,131,251,1,1,1
1048,2,1203,562,147,315,1,1,1
1048,3,1418,518,121,242,1,1,1
1048,4,1273,541,104,268,1,1,1
1048,5,613,667,188,446,1,1,1
1048,7,1084,599,55,146,1,1,1
1048,9,1672,472,57,162,1,1,1
1049,1,961,606,133,251,1,1,1
1049,2,1198,562,146,315,1,1,1
1049,3,1420,517,119,244,1,1,1
1049,4,1273,541,102,267,1,1,1
1049,5,607,667,194,445,1,1,1
1049,7,1083,598,56,147,1,1,1
1049,9,1672,472,57,162,1,1,1
1050,1,957,606,135,251,1,1,1
1050,2,1194,561,143,316,1,1,1
1050,3,1422,517,117,244,1,1,1
1050,4,1273,541,100,267,1,1,1
1050,5,601,667,200,444,1,1,1
1050,7,1083,598,56,146,1,1,1
1050,9,1672,471,58,163,1,1,1
1051,1,953,606,137,251,1,1,1
1051,2,1189,561,142,316,1,1,1
1051,3,1424,516,115,245,1,1,1
1051,4,1273,541,98,266,1,1,1
1051,5,595,667,206,442,1,1,1
1051,7,1083,598,56,146,1,1,1
1051,9,1672,471,58,163,1,1,1
1052,1,952,606,133,250,1,1,1
1052,2,1185,562,136,315,1,1,1
1052,3,1427,515,112,245,1,1,1
1052,4,1273,540,97,266,1,1,1
1052,5,592,668,206,443,1,1,1
1052,7,1083,598,55,146,1,1,1
1052,9,1672,471,57,162,1,1,1
1053,1,950,605,129,250,1,1,1
1053,2,1180,563,132,313,1,1,1
1053,3,1429,514,111,245,1,1,1
1053,4,1274,539,95,265,1,1,1
1053,5,589,670,206,442,1,1,1
1053,7,1083,598,54,145,1,1,1
1053,9,1672,470,56,162,1,1,1
1054,1,949,605,124,249,1,1,1
1054,2,1176,564,126,312,1,1,1
1054,3,1432,514,108,244,1,1,1
1054,4,1274,539,94,264,1,1,1
1054,5,586,671,205,442,1,1,1
1054,7,1083,597,53,146,1,1,1
1054,9,1672,470,56,161,1,1,1
1055,1,947,605,120,247,1,1,1
1055,2,1171,566,121,309,1,1,1
1055,3,1434,513,106,244,1,1,1
1055,4,1275,538,93,263,1,1,1
1055,5,584,672,204,442,1,1,1
1055,7,1083,597,52,145,1,1,1
1055,9,1672,470,55,161,1,1,1
1056,1,945,604,115,246,1,1,1
1056,2,1166,566,115,308,1,1,1
1056,3,1437,512,103,244,1,1,1
1056,4,1275,537,91,262,1,1,1
1056,5,580,673,204,441,1,1,1
1056,6,2637,283,65,402,1,1,1
1056,7,1083,596,51,144,1,1,1
1056,9,1672,469,53,160,1,1,1
1057,1,944,605,114,248,1,1,1
1057,2,1162,568,120,307,1,1,1
1057,3,1438,511,103,245,1,1,1
1057,4,1275,537,92,262,1,1,1
1057,5,580,674,207,441,1,1,1
1057,6,2637,284,66,402,1,1,1
1057,7,1083,597,52,145,1,1,1
1057,9,1672,469,54,161,1,1,1
1058,1,942,605,113,250,1,1,1
1058,2,1158,570,124,305,1,1,1
1058,3,1440,511,101,245,1,1,1
1058,4,1275,537,91,261,1,1,1
1058,5,579,674,211,441,1,1,1
1058,6,2636,284,67,401,1,1,1
1058,7,1083,596,52,146,1,1,1
1058,9,1673,469,53,160,1,1,1
1059,1,940,606,112,251,1,1,1
1059,2,1153,571,129,303,1,1,1
1059,3,1441,510,100,246,1,1,1
1059,4,1275,536,91,261,1,1,1
1059,5,579,674,214,441,1,1,1
1059,6,2636,285,67,399,1,1,1
1059,7,1083,596,53,146,1,1,1
1059,9,1673,469,52,160,1,1,1
1060,1,939,607,110,252,1,1,1
1060,2,1149,573,133,301,1,1,1
1060,3,1443,509,98,246,1,1,1
1060,4,1274,536,92,259,1,1,1
1060,5,578,674,218,441,1,1,1
1060,6,2635,285,68,399,1,1,1
1060,7,1083,596,54,146,1,1,1
1060,9,1673,469,52,160,1,1,1
1061,1,936,607,109,253,1,1,1
1061,2,1144,574,137,300,1,1,1
1061,3,1444,508,97,246,1,1,1
1061,4,1274,535,91,258,1,1,1
1061,5,577,673,220,441,1,1,1
1061,6,2634,285,69,397,1,1,1
1061,7,1082,595,54,146,1,1,1
1061,9,1673,469,51,160,1,1,1
1062,1,936,607,110,253,1,1,1
1062,2,1140,575,141,301,1,1,1
1062,3,1445,507,96,249,1,1,1
1062,4,1273,535,92,258,1,1,1
1062,5,580,673,227,442,1,1,1
1062,6,2635,286,68,397,1,1,1
1062,7,1083,595,54,146,1,1,1
1062,9,1673,469,52,160,1,1,1
1063,1,935,607,111,253,1,1,1
1063,2,1135,577,145,301,1,1,1
1063,3,1445,506,96,250,1,1,1
1063,4,1272,535,93,258,1,1,1
1063,5,583,673,232,443,1,1,1
1063,6,2635,285,68,398,1,1,1
1063,7,1083,595,53,145,1,1,1
1063,9,1672,468,53,160,1,1,1
1064,1,935,608,111,252,1,1,1
1064,2,1130,578,150,303,1,1,1
1064,3,1445,505,95,252,1,1,1
1064,4,1271,535,94,257,1,1,1
1064,5,586,673,237,443,1,1,1
1064,6,2635,285,68,398,1,1,1
1064,7,1083,595,53,144,1,1,1
1064,9,1671,468,53,160,1,1,1
1065,1,934,608,112,251,1,1,1
1065,2,1126,580,153,303,1,1,1
1065,3,1446,504,94,253,1,1,1
1065,4,1270,534,94,257,1,1,1
1065,5,588,672,243,444,1,1,1
1065,6,2636,285,67,398,1,1,1
1065,7,1083,594,52,145,1,1,1
1065,9,1671,467,53,160,1,1,1
1066,1,933,608,113,251,1,1,1
1066,2,1121,581,158,304,1,1,1
1066,3,1446,503,93,255,1,1,1
1066,4,1269,534,95,256,1,1,1
1066,5,591,672,248,444,1,1,1
1066,6,2636,285,67,398,1,1,1
1066,7,1083,594,52,144,1,1,1
1066,9,1670,467,54,160,1,1,1
1067,1,932,608,114,253,1,1,1
1067,2,1116,582,156,304,1,1,1
1067,3,1447,504,93,255,1,1,1
1067,4,1267,535,97,256,1,1,1
1067,5,598,671,250,445,1,1,1
1067,6,2636,285,67,397,1,1,1
1067,7,1083,595,54,143,1,1,1
1067,9,1670,468,54,159,1,1,1
1068,1,931,609,114,255,1,1,1
1068,2,1111,582,154,305,1,1,1
1068,3,1447,504,93,255,1,1,1
1068,4,1266,537,98,255,1,1,1
1068,5,604,671,252,444,1,1,1
1068,6,2635,286,68,396,1,1,1
1068,7,1084,596,54,143,1,1,1
1068,9,1670,468,54,160,1,1,1
1069,1,929,609,116,257,1,1,1
1069,2,1106,583,152,305,1,1,1
1069,3,1448,505,93,255,1,1,1
1069,4,1264,538,101,255,1,1,1
1069,5,611,670,254,445,1,1,1
1069,6,2635,286,69,395,1,1,1
1069,7,1084,596,56,143,1,1,1
1069,9,1670,469,55,159,1,1,1
1070,1,928,610,116,258,1,1,1
1070,2,1100,584,151,305,1,1,1
1070,3,1449,505,92,256,1,1,1
1070,4,1262,539,103,254,1,1,1
1070,5,617,670,256,444,1,1,1
1070,6,2635,286,69,395,1,1,1
1070,7,1084,597,57,142,1,1,1
1070,9,1670,469,55,159,1,1,1
1071,1,927,610,116,260,1,1,1
1071,2,1095,584,148,305,1,1,1
1071,3,1449,505,92,255,1,1,1
1071,4,1260,540,104,253,1,1,1
1071,5,623,669,258,444,1,1,1
1071,6,2634,286,69,393,1,1,1
1071,7,1084,598,58,141,1,1,1
1071,9,1670,470,55,158,1,1,1
1072,1,925,611,118,261,1,1,1
1072,2,1091,586,142,305,1,1,1
1072,3,1450,507,92,256,1,1,1
1072,4,1258,542,107,253,1,1,1
1072,5,632,668,253,443,1,1,1
1072,6,2635,286,69,396,1,1,1
1072,9,1670,470,55,158,1,1,1
1073,1,924,611,119,261,1,1,1
1073,2,1086,587,137,305,1,1,1
1073,3,1450,508,92,257,1,1,1
1073,4,1255,543,110,252,1,1,1
1073,5,640,667,247,441,1,1,1
1073,6,2635,286,68,397,1,1,1
1073,9,1671,470,54,158,1,1,1
1074,1,922,612,121,261,1,1,1
1074,2,1081,588,131,304,1,1,1
1074,3,1451,510,91,256,1,1,1
1074,4,1253,544,112,252,1,1,1
1074,5,649,666,241,440,1,1,1
1074,6,2636,286,67,399,1,1,1
1074,9,1671,470,54,158,1,1,1
1075,1,920,612,122,262,1,1,1
1075,2,1076,590,126,303,1,1,1
1075,3,1452,511,90,256,1,1,1
1075,4,1250,545,115,251,1,1,1
1075,5,657,665,236,438,1,1,1
1075,6,2636,286,67,400,1,1,1
1075,9,1672,470,54,158,1,1,1
1076,1,918,612,122,262,1,1,1
1076,2,1071,590,120,303,1,1,1
1076,3,1452,512,89,256,1,1,1
1076,4,1246,546,118,250,1,1,1
1076,5,665,663,230,436,1,1,1
1076,6,2636,285,65,402,1,1,1
1076,9,1671,469,53,158,1,1,1
1077,1,917,613,122,263,1,1,1
1077,2,1067,593,124,306,1,1,1
1077,3,1451,513,91,258,1,1,1
1077,4,1244,547,120,251,1,1,1
1077,5,671,662,226,436,1,1,1
1077,6,2634,286,69,403,1,1,1
1077,9,1672,470,55,159,1,1,1
1078,1,916,614,121,263,1,1,1
1078,2,1063,594,128,309,1,1,1
1078,3,1451,513,92,260,1,1,1
1078,4,1242,547,120,253,1,1,1
1078,5,677,660,221,436,1,1,1
1078,6,2630,286,73,404,1,1,1
1078,9,1672,471,55,159,1,1,1
1079,1,915,614,119,265,1,1,1
1079,2,1058,596,133,312,1,1,1
1079,3,1450,513,93,263,1,1,1
1079,4,1239,548,122,253,1,1,1
1079,5,683,658,216,436,1,1,1
1079,6,2627,286,76,405,1,1,1
1079,9,1671,471,57,160,1,1,1
1080,1,914,615,117,265,1,1,1
1080,2,1054,598,136,315,1,1,1
1080,3,1449,514,95,264,1,1,1
1080,4,1237,548,122,254,1,1,1
1080,5,688,656,212,436,1,1,1
1080,6,2623,287,81,405,1,1,1
1080,9,1671,471,58,161,1,1,1
1081,1,912,615,116,265,1,1,1
1081,2,1049,600,140,317,1,1,1
1081,3,1447,514,96,266,1,1,1
1081,4,1233,548,123,254,1,1,1
1081,5,694,654,206,435,1,1,1
1081,6,2620,286,84,406,1,1,1
1081,9,1671,471,58,161,1,1,1
1082,1,912,617,114,265,1,1,1
1082,2,1046,602,144,317,1,1,1
1082,3,1448,514,99,267,1,1,1
1082,4,1233,550,121,254,1,1,1
1082,5,703,653,198,434,1,1,1
1082,9,1672,472,58,162,1,1,1
1083,1,912,619,112,264,1,1,1
1083,2,1041,604,149,316,1,1,1
1083,3,1447,515,102,266,1,1,1
1083,4,1231,551,120,254,1,1,1
1083,5,712,652,189,432,1,1,1
1083,9,1673,473,58,162,1,1,1
1084,1,912,620,109,264,1,1,1
1084,2,1037,606,154,316,1,1,1
1084,3,1447,515,104,267,1,1,1
1084,4,1230,553,117,253,1,1,1
1084,5,720,651,181,430,1,1,1
1084,9,1674,473,58,162,1,1,1
1085,1,912,621,107,263,1,1,1
1085,2,1033,608,158,315,1,1,1
1085,3,1446,515,108,268,1,1,1
1085,4,1229,554,115,253,1,1,1
1085,5,729,650,172,428,1,1,1
1085,9,1674,474,58,162,1,1,1
1086,1,911,622,104,262,1,1,1
1086,2,1029,610,161,314,1,1,1
1086,3,1445,515,110,267,1,1,1
1086,4,1227,555,112,252,1,1,1
1086,5,737,648,163,426,1,1,1
1086,7,1088,602,55,148,1,1,1
1086,9,1675,474,57,162,1,1,1
1087,1,911,623,106,264,1,1,1
1087,2,1025,610,162,316,1,1,1
1087,3,1447,516,112,267,1,1,1
1087,4,1226,555,111,252,1,1,1
1087,5,744,648,168,427,1,1,1
1087,7,1088,603,56,148,1,1,1
1087,9,1676,474,57,163,1,1,1
1088,1,910,623,107,266,1,1,1
1088,2,1021,610,162,317,1,1,1
1088,3,1447,516,115,267,1,1,1
1088,4,1225,556,109,251,1,1,1
1088,5,750,648,174,427,1,1,1
1088,7,1088,604,56,147,1,1,1
1088,9,1676,475,58,161,1,1,1
1089,1,909,623,108,268,1,1,1
1089,2,1016,610,164,318,1,1,1
1089,3,1448,516,117,267,1,1,1
1089,4,1224,556,106,251,1,1,1
1089,5,756,648,180,427,1,1,1
1089,7,1088,604,57,146,1,1,1
1089,9,1677,475,57,161,1,1,1
1090,1,908,623,109,270,1,1,1
1090,2,1012,610,164,318,1,1,1
1090,3,1449,516,119,267,1,1,1
1090,4,1223,557,104,250,1,1,1
1090,5,762,647,185,428,1,1,1
1090,7,1087,605,58,145,1,1,1
1090,9,1677,475,57,161,1,1,1
1091,1,907,622,110,271,1,1,1
1091,2,1007,610,165,319,1,1,1
1091,3,1449,516,121,266,1,1,1
1091,4,1222,556,101,250,1,1,1
1091,5,767,646,190,428,1,1,1
1091,7,1087,605,58,144,1,1,1
1091,9,1677,475,56,160,1,1,1
1092,1,905,623,113,272,1,1,1
1092,2,1003,611,160,318,1,1,1
1092,3,1450,516,120,267,1,1,1
1092,4,1220,557,104,250,1,1,1
1092,5,775,646,193,428,1,1,1
1092,7,1088,605,58,144,1,1,1
1092,9,1678,475,58,160,1,1,1
1093,1,903,624,116,271,1,1,1
1093,2,998,611,156,317,1,1,1
1093,3,1451,515,118,268,1,1,1
1093,4,1218,557,107,250,1,1,1
1093,5,781,645,197,427,1,1,1
1093,7,1089,604,57,145,1,1,1
1093,9,1678,474,58,161,1,1,1
1094,1,901,625,118,271,1,1,1
1094,2,993,612,151,315,1,1,1
1094,3,1451,514,117,269,1,1,1
1094,4,1217,556,109,251,1,1,1
1094,5,788,643,200,427,1,1,1
1094,7,1089,603,57,145,1,1,1
1094,9,1679,474,58,161,1,1,1
1095,1,899,625,121,271,1,1,1
1095,2,988,612,147,314,1,1,1
1095,3,1452,514,116,269,1,1,1
1095,4,1215,556,111,251,1,1,1
1095,5,795,642,203,427,1,1,1
1095,7,1090,603,57,145,1,1,1
1095,9,1679,473,59,161,1,1,1
1096,1,896,625,123,270,1,1,1
1096,2,983,612,142,312,1,1,1
1096,3,1452,512,114,269,1,1,1
1096,4,1212,555,113,250,1,1,1
1096,5,801,641,205,425,1,1,1
1096,7,1090,601,55,145,1,1,1
1096,9,1678,472,59,161,1,1,1
1097,1,892,626,129,272,1,1,1
1097,2,979,614,142,311,1,1,1
1097,3,1454,512,112,272,1,1,1
1097,4,1211,556,116,251,1,1,1
1097,5,808,639,200,423,1,1,1
1097,7,1091,601,57,146,1,1,1
1097,9,1679,472,60,161,1,1,1
1098,1,889,626,132,274,1,1,1
1098,2,974,614,143,311,1,1,1
1098,3,1456,512,109,273,1,1,1
1098,4,1209,556,118,252,1,1,1
1098,5,814,637,195,421,1,1,1
1098,7,1091,600,57,147,1,1,1
1098,9,1680,471,59,162,1,1,1
1099,1,885,626,136,275,1,1,1
1099,2,970,615,142,310,1,1,1
1099,3,1457,512,107,274,1,1,1
1099,4,1207,555,120,254,1,1,1
1099,5,819,634,191,419,1,1,1
1099,7,1091,600,58,147,1,1,1
1099,9,1680,470,59,162,1,1,1
1100,1,881,626,141,277,1,1,1
1100,2,965,616,143,308,1,1,1
1100,3,1459,511,104,277,1,1,1
1100,4,1205,555,122,255,1,1,1
1100,5,825,632,185,417,1,1,1
1100,7,1092,599,58,147,1,1,1
1100,9,1681,469,58,162,1,1,1
1101,1,877,626,144,277,1,1,1
1101,2,960,616,143,307,1,1,1
1101,3,1460,511,101,277,1,1,1
1101,4,1202,555,124,255,1,1,1
1101,5,831,629,179,414,1,1,1
1101,7,1091,598,58,147,1,1,1
1101,9,1680,467,58,162,1,1,1
1102,2,956,618,147,306,1,1,1
1102,3,1462,510,100,280,1,1,1
1102,4,1200,555,128,256,1,1,1
1102,5,836,627,175,410,1,1,1
1102,7,1092,598,57,147,1,1,1
1102,9,1682,467,58,163,1,1,1
1103,2,951,620,151,304,1,1,1
1103,3,1462,509,100,281,1,1,1
1103,4,1198,555,130,257,1,1,1
1103,5,841,625,170,406,1,1,1
1103,7,1092,597,56,147,1,1,1
1103,9,1682,467,58,162,1,1,1
1104,2,946,621,155,303,1,1,1
1104,3,1463,508,99,283,1,1,1
1104,4,1195,555,133,257,1,1,1
1104,5,846,623,165,401,1,1,1
1104,7,1092,597,55,146,1,1,1
1104,9,1683,466,57,162,1,1,1
1105,2,941,623,160,301,1,1,1
1105,3,1464,507,97,284,1,1,1
1105,4,1192,555,136,257,1,1,1
1105,5,850,621,160,396,1,1,1
1105,7,1092,596,54,146,1,1,1
1105,9,1683,466,58,161,1,1,1
1106,2,936,624,163,300,1,1,1
1106,3,1465,506,95,285,1,1,1
1106,4,1189,555,138,257,1,1,1
1106,5,855,618,155,391,1,1,1
1106,7,1091,595,53,144,1,1,1
1106,9,1683,465,57,161,1,1,1
1107,3,1465,504,97,287,1,1,1
1107,4,1187,554,139,258,1,1,1
1107,5,861,617,169,392,1,1,1
1107,7,1092,596,55,144,1,1,1
1107,9,1684,464,57,162,1,1,1
1108,3,1465,503,99,287,1,1,1
1108,4,1185,553,139,259,1,1,1
1108,5,867,616,182,393,1,1,1
1108,7,1093,595,55,145,1,1,1
1108,9,1684,464,57,161,1,1,1
1109,3,1465,501,100,288,1,1,1
1109,4,1182,553,139,259,1,1,1
1109,5,872,615,197,393,1,1,1
1109,7,1093,595,57,145,1,1,1
1109,9,1685,463,56,161,1,1,1
1110,3,1465,500,101,289,1,1,1
1110,4,1180,552,139,260,1,1,1
1110,5,878,613,211,394,1,1,1
1110,7,1093,594,58,145,1,1,1
1110,9,1685,462,56,161,1,1,1
1111,1,834,626,124,275,1,1,1
1111,3,1465,497,102,289,1,1,1
1111,4,1177,551,138,261,1,1,1
1111,5,883,612,224,393,1,1,1
1111,7,1093,593,59,144,1,1,1
1111,9,1685,461,55,161,1,1,1
1112,1,833,627,125,274,1,1,1
1112,3,1465,498,102,291,1,1,1
1112,4,1176,550,134,261,1,1,1
1112,5,890,611,223,394,1,1,1
1112,7,1093,593,60,145,1,1,1
1112,9,1685,460,55,162,1,1,1
1113,1,831,627,127,273,1,1,1
1113,3,1465,497,102,293,1,1,1
1113,4,1174,549,129,262,1,1,1
1113,5,896,609,222,395,1,1,1
1113,7,1092,592,60,144,1,1,1
1113,9,1685,460,55,162,1,1,1
1114,1,829,627,128,273,1,1,1
1114,3,1465,497,101,294,1,1,1
1114,4,1173,549,124,261,1,1,1
1114,5,902,607,221,397,1,1,1
1114,7,1091,591,61,144,1,1,1
1114,9,1684,459,56,163,1,1,1
1115,1,827,627,129,272,1,1,1
1115,3,1465,496,101,297,1,1,1
1115,4,1171,548,119,261,1,1,1
1115,5,908,606,220,397,1,1,1
1115,7,1091,591,60,143,1,1,1
1115,9,1684,458,55,164,1,1,1
1116,1,824,626,130,271,1,1,1
1116,3,1465,495,100,297,1,1,1
1116,4,1169,546,114,261,1,1,1
1116,5,914,604,218,397,1,1,1
1116,7,1089,589,61,142,1,1,1
1116,9,1683,457,55,165,1,1,1
1117,1,822,627,131,272,1,1,1
1117,3,1464,496,101,299,1,1,1
1117,4,1169,547,113,263,1,1,1
1117,5,922,602,212,394,1,1,1
1117,7,1089,589,62,143,1,1,1
1117,9,1684,457,55,165,1,1,1
1118,1,820,627,130,273,1,1,1
1118,3,1462,497,102,299,1,1,1
1118,4,1168,548,113,263,1,1,1
1118,5,931,599,204,392,1,1,1
1118,7,1089,587,63,145,1,1,1
1118,9,1684,456,56,166,1,1,1
1119,1,818,627,130,273,1,1,1
1119,3,1460,497,104,299,1,1,1
1119,4,1167,548,113,265,1,1,1
1119,5,939,597,197,388,1,1,1
1119,7,1089,586,63,145,1,1,1
1119,9,1684,456,56,165,1,1,1
1120,1,816,627,129,274,1,1,1
1120,3,1459,498,105,299,1,1,1
1120,4,1166,549,113,266,1,1,1
1120,5,947,594,191,385,1,1,1
1120,7,1088,585,65,146,1,1,1
1120,9,1684,456,56,165,1,1,1
1121,1,814,626,128,275,1,1,1
1121,2,869,624,138,320,1,1,1
1121,3,1457,497,106,300,1,1,1
1121,4,1165,548,112,267,1,1,1
1121,5,955,591,183,381,1,1,1
1121,7,1087,583,65,146,1,1,1
1121,9,1683,455,57,165,1,1,1
1122,1,813,626,130,276,1,1,1
1122,2,866,626,142,319,1,1,1
1122,3,1456,498,107,301,1,1,1
1122,4,1164,550,113,266,1,1,1
1122,5,960,590,178,380,1,1,1
1122,7,1089,583,63,148,1,1,1
1122,9,1683,454,57,166,1,1,1
1123,1,812,625,132,278,1,1,1
1123,2,862,627,146,319,1,1,1
1123,3,1454,498,109,302,1,1,1
1123,4,1163,551,113,265,1,1,1
1123,5,965,589,173,377,1,1,1
1123,7,1089,583,62,148,1,1,1
1123,9,1683,453,57,167,1,1,1
1124,1,811,624,133,279,1,1,1
1124,2,858,628,150,318,1,1,1
1124,3,1452,498,111,304,1,1,1
1124,4,1162,551,113,265,1,1,1
1124,5,970,587,168,375,1,1,1
1124,7,1090,582,59,149,1,1,1
1124,9,1682,453,58,166,1,1,1
1125,1,809,623,135,281,1,1,1
1125,2,855,629,153,318,1,1,1
1125,3,1451,498,112,305,1,1,1
1125,4,1160,552,114,264,1,1,1
1125,5,975,585,162,374,1,1,1
1125,7,1091,582,57,149,1,1,1
1125,9,1682,452,57,167,1,1,1
1126,1,808,622,136,281,1,1,1
1126,2,851,630,157,316,1,1,1
1126,3,1448,497,114,306,1,1,1
1126,4,1159,553,114,263,1,1,1
1126,5,979,583,157,371,1,1,1
1126,7,1091,581,55,148,1,1,1
1126,9,1681,451,57,167,1,1,1
1127,2,846,632,160,317,1,1,1
1127,3,1446,499,115,304,1,1,1
1127,4,1156,554,116,262,1,1,1
1127,5,983,583,153,371,1,1,1
1127,7,1092,582,55,148,1,1,1
1127,9,1682,452,57,166,1,1,1
1128,2,840,633,164,318,1,1,1
1128,3,1444,500,115,302,1,1,1
1128,4,1154,554,117,262,1,1,1
1128,5,986,582,150,371,1,1,1
1128,7,1092,583,55,147,1,1,1
1128,9,1683,453,55,164,1,1,1
1129,2,835,633,168,321,1,1,1
1129,3,1441,501,115,301,1,1,1
1129,4,1151,555,118,261,1,1,1
1129,5,989,582,146,369,1,1,1
1129,7,1093,584,54,146,1,1,1
1129,9,1684,454,54,162,1,1,1
1130,2,829,634,172,322,1,1,1
1130,3,1438,502,116,299,1,1,1
1130,4,1148,555,120,261,1,1,1
1130,5,993,581,142,369,1,1,1
1130,7,1093,584,54,146,1,1,1
1130,9,1684,455,54,161,1,1,1
1131,2,823,635,175,322,1,1,1
1131,3,1435,503,115,296,1,1,1
1131,4,1145,555,121,260,1,1,1
1131,5,995,580,138,368,1,1,1
1131,7,1093,585,54,145,1,1,1
1131,9,1684,456,53,159,1,1,1
1132,2,819,636,169,322,1,1,1
1132,3,1432,503,114,298,1,1,1
1132,4,1143,556,122,260,1,1,1
1132,5,998,580,140,369,1,1,1
1132,7,1092,585,55,145,1,1,1
1132,9,1684,456,53,159,1,1,1
1133,2,814,637,164,321,1,1,1
1133,3,1428,503,112,300,1,1,1
1133,4,1141,556,123,260,1,1,1
1133,5,1000,581,141,368,1,1,1
1133,7,1091,585,55,145,1,1,1
1133,9,1684,455,53,160,1,1,1
1134,2,809,638,158,320,1,1,1
1134,3,1425,503,109,301,1,1,1
1134,4,1139,557,124,260,1,1,1
1134,5,1002,581,143,367,1,1,1
1134,7,1090,585,56,145,1,1,1
1134,9,1683,455,53,161,1,1,1
1135,2,804,639,153,318,1,1,1
1135,3,1421,504,107,301,1,1,1
1135,4,1137,557,124,260,1,1,1
1135,5,1004,581,145,367,1,1,1
1135,7,1089,585,56,145,1,1,1
1135,9,1682,455,54,161,1,1,1
1136,2,798,639,147,317,1,1,1
1136,3,1417,503,104,302,1,1,1
1136,4,1135,557,125,260,1,1,1
1136,5,1006,581,145,366,1,1,1
1136,7,1087,585,56,144,1,1,1
1136,9,1681,454,53,161,1,1,1
1137,2,795,640,144,318,1,1,1
1137,3,1416,505,106,304,1,1,1
1137,4,1133,558,122,259,1,1,1
1137,5,1008,581,144,365,1,1,1
1137,7,1087,585,57,145,1,1,1
1137,9,1681,455,54,161,1,1,1
1138,2,790,641,141,317,1,1,1
1138,3,1414,507,108,304,1,1,1
1138,4,1131,558,118,259,1,1,1
1138,5,1009,581,144,363,1,1,1
1138,7,1087,585,57,145,1,1,1
1138,9,1681,454,53,162,1,1,1
1139,2,786,642,138,317,1,1,1
1139,3,1412,509,109,304,1,1,1
1139,4,1128,558,115,259,1,1,1
1139,5,1010,581,143,360,1,1,1
1139,7,1086,585,57,145,1,1,1
1139,9,1680,454,53,162,1,1,1
1140,2,782,642,134,317,1,1,1
1140,3,1410,511,111,304,1,1,1
1140,4,1126,558,112,259,1,1,1
1140,5,1012,581,141,358,1,1,1
1140,7,1086,585,57,145,1,1,1
1140,9,1680,454,53,162,1,1,1
1141,2,777,643,130,316,1,1,1
1141,3,1408,512,112,304,1,1,1
1141,4,1123,558,108,258,1,1,1
1141,5,1013,580,140,355,1,1,1
1141,7,1085,585,57,144,1,1,1
1141,9,1679,454,53,162,1,1,1
1142,2,772,645,136,317,1,1,1
1142,3,1406,512,113,307,1,1,1
1142,4,1122,559,104,259,1,1,1
1142,5,1014,580,139,353,1,1,1
1142,9,1678,455,53,161,1,1,1
1143,2,766,648,141,315,1,1,1
1143,3,1403,512,115,308,1,1,1
1143,4,1121,559,99,260,1,1,1
1143,5,1015,579,138,350,1,1,1
1143,9,1677,455,53,161,1,1,1
1144,2,760,650,147,315,1,1,1
1144,3,1401,512,116,310,1,1,1
1144,4,1119,559,96,261,1,1,1
1144,5,1016,579,136,346,1,1,1
1144,9,1676,456,52,160,1,1,1
1145,2,755,653,152,314,1,1,1
1145,3,1398,511,117,313,1,1,1
1145,4,1117,560,92,261,1,1,1
1145,5,1018,578,134,343,1,1,1
1145,9,1675,456,52,160,1,1,1
1146,2,748,655,157,313,1,1,1
1146,3,1395,511,118,314,1,1,1
1146,4,1115,560,87,262,1,1,1
1146,5,1018,577,132,339,1,1,1
1146,9,1674,456,51,159,1,1,1
1147,2,745,657,161,317,1,1,1
1147,3,1393,512,115,314,1,1,1
1147,4,1112,561,90,262,1,1,1
1147,5,1020,577,139,341,1,1,1
1147,9,1674,457,52,159,1,1,1
1148,2,740,659,165,319,1,1,1
1148,3,1392,512,111,315,1,1,1
1148,4,1109,562,92,263,1,1,1
1148,5,1022,577,144,342,1,1,1
1148,9,1673,457,53,160,1,1,1
1149,2,736,661,169,322,1,1,1
1149,3,1390,513,107,314,1,1,1
1149,4,1106,563,94,263,1,1,1
1149,5,1023,577,151,343,1,1,1
1149,9,1672,458,54,159,1,1,1
1150,2,732,662,172,326,1,1,1
1150,3,1388,514,103,313,1,1,1
1150,4,1102,564,98,263,1,1,1
1150,5,1025,577,157,344,1,1,1
1150,9,1672,458,54,159,1,1,1
1151,2,727,664,176,328,1,1,1
1151,3,1385,514,100,313,1,1,1
1151,4,1098,565,100,263,1,1,1
1151,5,1026,577,163,345,1,1,1
1151,9,1671,458,54,159,1,1,1
1152,2,721,665,179,329,1,1,1
1152,3,1382,515,103,315,1,1,1
1152,4,1097,567,102,265,1,1,1
1152,5,1028,578,162,345,1,1,1
1152,9,1671,459,55,160,1,1,1
1153,2,715,666,182,330,1,1,1
1153,3,1378,516,106,317,1,1,1
1153,4,1096,568,103,267,1,1,1
1153,5,1030,578,161,345,1,1,1
1153,9,1670,459,55,161,1,1,1
1154,2,709,667,185,330,1,1,1
1154,3,1374,517,110,319,1,1,1
1154,4,1095,569,103,269,1,1,1
1154,5,1032,579,160,344,1,1,1
1154,9,1670,460,55,160,1,1,1
1155,2,703,668,187,331,1,1,1
1155,3,1370,518,113,321,1,1,1
1155,4,1093,570,105,271,1,1,1
1155,5,1033,579,160,345,1,1,1
1155,9,1669,461,55,160,1,1,1
1156,2,696,669,190,330,1,1,1
1156,3,1365,518,116,323,1,1,1
1156,4,1091,571,106,273,1,1,1
1156,5,1035,579,159,344,1,1,1
1156,9,1668,461,55,161,1,1,1
1157,2,692,671,189,330,1,1,1
1157,3,1355,521,127,324,1,1,1
1157,5,1038,580,155,344,1,1,1
1157,9,1668,462,56,160,1,1,1
1158,2,689,672,186,330,1,1,1
1158,3,1344,524,138,324,1,1,1
1158,5,1041,580,151,343,1,1,1
1158,9,1668,463,55,160,1,1,1
1159,2,685,674,184,329,1,1,1
1159,3,1334,527,147,324,1,1,1
1159,5,1044,581,147,342,1,1,1
1159,9,1668,463,55,160,1,1,1
1160,2,681,676,181,327,1,1,1
1160,3,1323,530,158,324,1,1,1
1160,5,1047,581,143,341,1,1,1
1160,9,1668,464,55,159,1,1,1
1161,2,677,677,179,327,1,1,1
1161,3,1312,532,168,324,1,1,1
1161,5,1050,581,139,340,1,1,1
1161,9,1668,465,54,158,1,1,1
1162,2,673,678,181,327,1,1,1
1162,3,1301,533,179,326,1,1,1
1162,5,1053,581,137,338,1,1,1
1162,9,1668,465,54,159,1,1,1
1163,2,670,680,183,327,1,1,1
1163,3,1289,534,191,327,1,1,1
1163,5,1055,581,135,336,1,1,1
1163,9,1668,466,54,159,1,1,1
1164,2,666,681,185,327,1,1,1
1164,3,1277,535,202,328,1,1,1
1164,5,1058,580,133,334,1,1,1
1164,9,1668,466,54,160,1,1,1
1165,2,662,682,187,327,1,1,1
1165,3,1265,536,214,329,1,1,1
1165,5,1061,580,130,332,1,1,1
1165,9,1668,466,54,161,1,1,1
1166,2,658,683,188,327,1,1,1
1166,3,1253,536,225,331,1,1,1
1166,5,1063,579,128,330,1,1,1
1166,9,1667,466,54,161,1,1,1
1167,2,658,685,189,326,1,1,1
1167,3,1255,537,216,331,1,1,1
1167,5,1066,580,126,328,1,1,1
1167,9,1668,467,54,162,1,1,1
1168,2,658,686,188,326,1,1,1
1168,3,1257,539,207,330,1,1,1
1168,5,1067,580,124,327,1,1,1
1168,9,1668,468,54,161,1,1,1
1169,2,657,687,189,326,1,1,1
1169,3,1258,540,199,330,1,1,1
1169,5,1069,580,122,326,1,1,1
1169,9,1668,469,54,161,1,1,1
1170,2,657,689,188,325,1,1,1
1170,3,1260,541,190,330,1,1,1
1170,5,1071,580,120,325,1,1,1
1170,9,1668,469,54,161,1,1,1
1171,2,656,690,188,325,1,1,1
1171,3,1261,541,181,330,1,1,1
1171,5,1073,580,117,322,1,1,1
1171,9,1667,470,54,160,1,1,1
1172,2,659,690,186,326,1,1,1
1172,3,1257,542,179,331,1,1,1
1172,5,1074,581,117,322,1,1,1
1172,9,1667,470,55,161,1,1,1
1173,2,662,691,184,325,1,1,1
1173,3,1253,542,175,332,1,1,1
1173,5,1075,582,116,321,1,1,1
1173,9,1667,471,55,160,1,1,1
1174,2,665,691,181,326,1,1,1
1174,3,1249,542,172,334,1,1,1
1174,5,1076,582,115,321,1,1,1
1174,9,1666,471,56,160,1,1,1
1175,2,667,691,180,326,1,1,1
1175,3,1245,542,169,335,1,1,1
1175,5,1076,583,116,320,1,1,1
1175,9,1666,472,57,159,1,1,1
1176,2,669,691,177,326,1,1,1
1176,3,1240,542,165,335,1,1,1
1176,5,1077,583,114,319,1,1,1
1176,9,1665,471,57,159,1,1,1
1177,2,674,691,173,327,1,1,1
1177,3,1239,544,167,337,1,1,1
1177,5,1079,584,115,319,1,1,1
1177,9,1665,472,58,160,1,1,1
1178,2,677,690,169,328,1,1,1
1178,3,1237,546,168,337,1,1,1
1178,5,1081,585,116,317,1,1,1
1178,9,1665,472,58,160,1,1,1
1179,2,681,690,165,328,1,1,1
1179,3,1236,548,169,337,1,1,1
1179,5,1082,586,118,316,1,1,1
1179,9,1664,473,59,160,1,1,1
1180,2,685,689,160,329,1,1,1
1180,3,1234,549,171,339,1,1,1
1180,5,1084,587,119,315,1,1,1
1180,9,1664,473,59,160,1,1,1
1181,1,601,700,163,292,1,1,1
1181,2,688,688,156,329,1,1,1
1181,3,1232,550,171,339,1,1,1
1181,5,1085,587,119,314,1,1,1
1181,6,2634,280,68,397,1,1,1
1181,9,1663,473,59,160,1,1,1
1182,1,599,701,164,295,1,1,1
1182,2,691,688,154,331,1,1,1
1182,3,1232,551,172,342,1,1,1
1182,5,1087,587,119,313,1,1,1
1182,6,2635,280,68,399,1,1,1
1182,9,1664,474,58,160,1,1,1
1183,1,597,703,164,295,1,1,1
1183,2,693,687,152,333,1,1,1
1183,3,1231,551,173,345,1,1,1
1183,5,1089,586,117,312,1,1,1
1183,6,2636,280,67,400,1,1,1
1183,9,1665,474,57,160,1,1,1
1184,1,596,704,163,297,1,1,1
1184,2,695,686,150,335,1,1,1
1184,3,1231,552,173,347,1,1,1
1184,5,1090,585,116,311,1,1,1
1184,6,2636,279,67,401,1,1,1
1184,9,1665,475,57,159,1,1,1
1185,1,594,705,163,299,1,1,1
1185,2,698,685,147,336,1,1,1
1185,3,1230,552,174,349,1,1,1
1185,5,1091,585,115,309,1,1,1
1185,6,2636,279,66,402,1,1,1
1185,9,1666,475,56,159,1,1,1
1186,1,591,706,163,300,1,1,1
1186,2,700,684,145,337,1,1,1
1186,3,1229,552,174,351,1,1,1
1186,5,1092,584,113,308,1,1,1
1186,6,2636,278,65,403,1,1,1
1186,9,1666,475,55,157,1,1,1
1187,1,588,707,165,301,1,1,1
1187,2,702,684,143,339,1,1,1
1187,3,1228,553,174,351,1,1,1
1187,5,1094,584,115,307,1,1,1
1187,6,2637,280,65,402,1,1,1
1187,9,1667,477,56,157,1,1,1
1188,1,585,708,167,302,1,1,1
1188,2,704,683,141,340,1,1,1
1188,3,1227,554,172,350,1,1,1
1188,5,1095,584,117,305,1,1,1
1188,6,2637,280,66,402,1,1,1
1188,9,1667,477,56,158,1,1,1
1189,1,582,708,169,304,1,1,1
1189,2,706,683,139,340,1,1,1
1189,3,1226,554,171,351,1,1,1
1189,5,1096,584,120,303,1,1,1
1189,6,2637,281,66,401,1,1,1
1189,9,1667,478,56,157,1,1,1
1190,1,579,709,171,305,1,1,1
1190,2,708,682,137,342,1,1,1
1190,3,1224,555,170,350,1,1,1
1190,5,1097,584,122,301,1,1,1
1190,6,2637,281,66,401,1,1,1
1190,9,1667,479,57,157,1,1,1
1191,1,575,709,172,306,1,1,1
1191,2,709,681,134,342,1,1,1
1191,3,1222,555,168,349,1,1,1
1191,5,1097,584,124,298,1,1,1
1191,6,2637,281,66,400,1,1,1
1191,9,1667,479,56,156,1,1,1
1192,1,573,710,169,307,1,1,1
1192,2,712,682,141,341,1,1,1
1192,3,1222,556,166,349,1,1,1
1192,5,1100,585,128,298,1,1,1
1192,6,2637,282,66,400,1,1,1
1192,9,1668,479,56,157,1,1,1
1193,1,569,711,167,307,1,1,1
1193,2,713,683,148,338,1,1,1
1193,3,1221,556,163,349,1,1,1
1193,5,1103,585,131,299,1,1,1
1193,6,2638,282,65,400,1,1,1
1193,9,1668,479,56,157,1,1,1
1194,1,566,711,164,308,1,1,1
1194,2,715,683,154,337,1,1,1
1194,3,1221,557,159,349,1,1,1
1194,5,1106,585,135,299,1,1,1
1194,6,2638,283,65,399,1,1,1
1194,9,1669,479,55,157,1,1,1
1195,1,562,712,162,308,1,1,1
1195,2,717,684,160,334,1,1,1
1195,3,1220,557,156,349,1,1,1
1195,5,1109,585,138,299,1,1,1
1195,6,2638,283,64,399,1,1,1
1195,9,1669,478,55,158,1,1,1
1196,1,558,712,158,308,1,1,1
1196,2,718,684,166,332,1,1,1
1196,3,1218,557,153,348,1,1,1
1196,4,1066,591,124,270,1,1,1
1196,5,1111,585,142,298,1,1,1
1196,6,2637,283,64,398,1,1,1
1196,9,1669,477,54,157,1,1,1
1197,1,556,713,155,307,1,1,1
1197,2,721,684,169,332,1,1,1
1197,3,1217,558,156,350,1,1,1
1197,4,1067,591,123,271,1,1,1
1197,5,1115,584,141,300,1,1,1
1197,6,2637,282,65,400,1,1,1
1197,9,1669,477,55,158,1,1,1
1198,1,553,713,152,306,1,1,1
1198,2,724,683,170,331,1,1,1
1198,3,1214,557,160,353,1,1,1
1198,4,1067,590,123,272,1,1,1
1198,5,1118,583,140,300,1,1,1
1198,6,2636,282,67,400,1,1,1
1198,9,1669,476,56,158,1,1,1
1199,1,550,713,148,306,1,1,1
1199,2,726,682,172,331,1,1,1
1199,3,1212,557,163,355,1,1,1
1199,4,1068,589,122,273,1,1,1
1199,5,1121,583,139,299,1,1,1
1199,6,2635,281,68,400,1,1,1
1199,9,1669,475,56,159,1,1,1
1200,1,546,713,146,305,1,1,1
1200,2,729,681,174,331,1,1,1
1200,3,1210,557,165,357,1,1,1
1200,4,1068,588,121,274,1,1,1
1200,5,1124,582,138,299,1,1,1
1200,6,2635,280,68,401,1,1,1
1200,9,1669,473,56,160,1,1,1
1201,1,543,713,142,303,1,1,1
1201,2,731,680,175,330,1,1,1
1201,3,1207,556,168,359,1,1,1
1201,4,1068,586,120,274,1,1,1
1201,5,1127,580,136,300,1,1,1
1201,6,2633,279,69,401,1,1,1
1201,9,1668,472,56,160,1,1,1
1202,1,540,714,146,305,1,1,1
1202,2,735,680,176,330,1,1,1
1202,3,1205,559,171,357,1,1,1
1202,4,1068,586,122,275,1,1,1
1202,5,1130,579,134,300,1,1,1
1202,9,1669,472,56,160,1,1,1
1203,1,537,714,149,308,1,1,1
1203,2,738,679,176,330,1,1,1
1203,3,1202,561,174,356,1,1,1
1203,4,1067,585,124,275,1,1,1
1203,5,1132,578,131,299,1,1,1
1203,9,1669,472,57,160,1,1,1
1204,1,533,714,153,311,1,1,1
1204,2,742,678,175,331,1,1,1
1204,3,1200,563,177,355,1,1,1
1204,4,1067,585,124,275,1,1,1
1204,5,1135,576,128,299,1,1,1
1204,9,1669,471,57,160,1,1,1
1205,1,530,715,156,312,1,1,1
1205,2,745,677,175,331,1,1,1
1205,3,1197,565,180,354,1,1,1
1205,4,1066,584,126,275,1,1,1
1205,5,1137,574,126,299,1,1,1
1205,9,1669,471,57,160,1,1,1
1206,1,526,715,160,315,1,1,1
1206,2,748,676,175,330,1,1,1
1206,3,1194,567,182,352,1,1,1
1206,4,1065,583,127,275,1,1,1
1206,5,1139,572,122,297,1,1,1
1206,9,1668,470,57,159,1,1,1
1207,1,522,716,165,315,1,1,1
1207,2,752,675,171,331,1,1,1
1207,3,1189,567,187,356,1,1,1
1207,4,1066,584,127,274,1,1,1
1207,5,1142,572,121,295,1,1,1
1207,9,1670,470,56,160,1,1,1
1208,1,518,716,170,316,1,1,1
1208,2,755,673,167,333,1,1,1
1208,3,1184,567,192,359,1,1,1
1208,4,1066,584,127,273,1,1,1
1208,5,1145,571,118,291,1,1,1
1208,9,1670,470,56,160,1,1,1
1209,1,514,717,175,316,1,1,1
1209,2,758,671,164,334,1,1,1
1209,3,1178,567,197,362,1,1,1
1209,4,1066,584,127,273,1,1,1
1209,5,1148,570,115,288,1,1,1
1209,9,1671,470,55,160,1,1,1
1210,1,510,717,180,317,1,1,1
1210,2,761,670,160,335,1,1,1
1210,3,1172,567,203,365,1,1,1
1210,4,1066,584,128,273,1,1,1
1210,5,1150,569,113,285,1,1,1
1210,9,1672,469,54,161,1,1,1
1211,1,505,718,184,316,1,1,1
1211,2,763,668,156,336,1,1,1
1211,3,1166,566,207,368,1,1,1
1211,4,1066,584,127,271,1,1,1
1211,5,1153,567,110,282,1,1,1
1211,9,1672,468,53,161,1,1,1
1212,1,501,717,188,320,1,1,1
1212,2,766,666,156,337,1,1,1
1212,3,1161,566,210,369,1,1,1
1212,4,1067,584,127,270,1,1,1
1212,9,1673,468,53,161,1,1,1
1213,1,496,716,192,323,1,1,1
1213,2,768,664,154,337,1,1,1
1213,3,1154,566,213,369,1,1,1
1213,4,1067,583,127,270,1,1,1
1213,9,1672,467,54,161,1,1,1
1214,1,491,716,195,325,1,1,1
1214,2,771,662,152,338,1,1,1
1214,3,1148,566,216,368,1,1,1
1214,4,1068,582,126,269,1,1,1
1214,9,1672,466,53,160,1,1,1
1215,1,487,715,198,329,1,1,1
1215,2,773,660,151,339,1,1,1
1215,3,1142,566,218,368,1,1,1
1215,4,1068,581,126,268,1,1,1
1215,9,1671,465,54,160,1,1,1
1216,1,481,713,201,331,1,1,1
1216,2,775,658,150,338,1,1,1
1216,3,1136,565,220,368,1,1,1
1216,4,1068,580,126,266,1,1,1
1216,9,1670,463,54,159,1,1,1
1217,1,478,712,200,333,1,1,1
1217,2,778,657,159,339,1,1,1
1217,3,1142,565,208,367,1,1,1
1217,4,1067,580,128,267,1,1,1
1217,9,1671,463,55,159,1,1,1
1218,1,473,711,200,332,1,1,1
1218,2,782,655,166,341,1,1,1
1218,3,1148,564,194,366,1,1,1
1218,4,1067,579,128,267,1,1,1
1218,9,1672,461,55,159,1,1,1
1219,1,469,710,199,332,1,1,1
1219,2,785,653,175,342,1,1,1
1219,3,1154,564,181,365,1,1,1
1219,4,1066,578,130,267,1,1,1
1219,9,1673,460,56,159,1,1,1
1220,1,464,708,199,333,1,1,1
1220,2,788,652,184,342,1,1,1
1220,3,1160,564,168,364,1,1,1
1220,4,1065,577,131,268,1,1,1
1220,9,1673,458,57,159,1,1,1
1221,1,460,706,198,333,1,1,1
1221,2,791,650,191,343,1,1,1
1221,3,1165,563,154,363,1,1,1
1221,4,1064,576,132,267,1,1,1
1221,9,1673,457,57,158,1,1,1
1222,1,457,706,192,332,1,1,1
1222,2,796,649,195,343,1,1,1
1222,3,1163,563,154,366,1,1,1
1222,4,1064,576,131,267,1,1,1
1222,9,1674,456,57,159,1,1,1
1223,1,453,706,186,331,1,1,1
1223,2,800,647,200,344,1,1,1
1223,3,1160,563,153,368,1,1,1
1223,4,1063,576,130,266,1,1,1
1223,9,1674,455,56,160,1,1,1
1224,1,450,706,179,329,1,1,1
1224,2,805,646,203,343,1,1,1
1224,3,1158,564,152,370,1,1,1
1224,4,1063,575,129,267,1,1,1
1224,9,1674,455,56,160,1,1,1
1225,1,446,706,173,328,1,1,1
1225,2,809,644,207,344,1,1,1
1225,3,1155,564,151,372,1,1,1
1225,4,1062,575,128,266,1,1,1
1225,9,1674,454,55,160,1,1,1
1226,1,443,705,166,326,1,1,1
1226,2,813,642,210,344,1,1,1
1226,3,1152,563,150,375,1,1,1
1226,4,1062,575,126,264,1,1,1
1226,9,1674,452,54,161,1,1,1
1227,1,439,705,164,330,1,1,1
1227,2,817,641,208,346,1,1,1
1227,3,1150,564,151,379,1,1,1
1227,4,1059,574,126,266,1,1,1
1227,9,1673,452,55,161,1,1,1
1228,1,436,705,160,332,1,1,1
1228,2,821,639,206,347,1,1,1
1228,3,1148,564,152,382,1,1,1
1228,4,1057,573,124,267,1,1,1
1228,9,1672,451,56,161,1,1,1
1229,1,432,705,157,335,1,1,1
1229,2,825,637,203,349,1,1,1
1229,3,1146,565,153,385,1,1,1
1229,4,1054,572,123,268,1,1,1
1229,9,1671,450,56,160,1,1,1
1230,1,428,704,154,338,1,1,1
1230,2,829,635,200,351,1,1,1
1230,3,1143,565,154,388,1,1,1
1230,4,1052,571,121,270,1,1,1
1230,9,1670,450,57,159,1,1,1
1231,1,424,704,151,340,1,1,1
1231,2,832,632,197,353,1,1,1
1231,3,1140,565,155,391,1,1,1
1231,4,1048,569,120,271,1,1,1
1231,5,1185,534,118,271,1,1,1
1231,9,1669,448,57,159,1,1,1
1232,1,422,704,154,341,1,1,1
1232,2,838,629,193,355,1,1,1
1232,3,1139,564,155,392,1,1,1
1232,4,1047,570,120,273,1,1,1
1232,5,1191,534,118,271,1,1,1
1232,9,1670,449,56,159,1,1,1
1233,1,420,704,156,342,1,1,1
1233,2,843,626,188,356,1,1,1
1233,3,1138,564,154,391,1,1,1
1233,4,1045,570,120,275,1,1,1
1233,5,1196,533,118,271,1,1,1
1233,9,1670,448,56,160,1,1,1
1234,1,418,704,158,342,1,1,1
1234,2,849,623,183,358,1,1,1
1234,3,1136,563,154,390,1,1,1
1234,4,1043,571,120,276,1,1,1
1234,5,1202,532,117,270,1,1,1
1234,9,1671,448,54,160,1,1,1
1235,1,416,704,160,343,1,1,1
1235,2,854,620,178,359,1,1,1
1235,3,1134,562,154,390,1,1,1
1235,4,1041,571,120,278,1,1,1
1235,5,1207,531,117,270,1,1,1
1235,9,1671,447,54,161,1,1,1
1236,1,414,704,161,342,1,1,1
1236,2,859,616,173,361,1,1,1
1236,3,1132,561,153,389,1,1,1
1236,4,1038,571,120,279,1,1,1
1236,5,1212,530,116,269,1,1,1
1236,9,1671,446,53,161,1,1,1
1237,1,412,706,163,343,1,1,1
1237,2,864,616,169,360,1,1,1
1237,3,1130,561,152,391,1,1,1
1237,4,1037,572,123,281,1,1,1
1237,5,1216,530,121,270,1,1,1
1237,9,1671,446,54,161,1,1,1
1238,1,410,707,165,343,1,1,1
1238,2,869,616,164,358,1,1,1
1238,3,1128,561,150,392,1,1,1
1238,4,1036,573,125,281,1,1,1
1238,5,1219,530,127,270,1,1,1
1238,9,1670,445,55,162,1,1,1
1239,1,408,709,166,343,1,1,1
1239,2,874,615,160,358,1,1,1
1239,3,1125,561,150,392,1,1,1
1239,4,1034,574,128,282,1,1,1
1239,5,1222,529,132,271,1,1,1
1239,9,1669,444,57,162,1,1,1
1240,1,406,711,168,342,1,1,1
1240,2,879,615,155,356,1,1,1
1240,3,1123,561,148,393,1,1,1
1240,4,1032,575,130,283,1,1,1
1240,5,1225,529,138,271,1,1,1
1240,9,1668,444,58,161,1,1,1
1241,1,404,712,169,342,1,1,1
1241,2,883,614,151,355,1,1,1
1241,3,1120,561,146,393,1,1,1
1241,4,1030,575,132,283,1,1,1
1241,5,1228,528,142,271,1,1,1
1241,7,1073,581,65,142,1,1,1
1241,9,1667,442,59,161,1,1,1
1242,1,403,710,167,346,1,1,1
1242,2,889,613,153,355,1,1,1
1242,3,1118,562,148,394,1,1,1
1242,4,1028,575,136,284,1,1,1
1242,5,1234,528,139,272,1,1,1
1242,7,1075,582,64,143,1,1,1
1242,9,1667,443,60,162,1,1,1
1243,1,402,708,165,349,1,1,1
1243,2,893,611,155,356,1,1,1
1243,3,1116,563,150,394,1,1,1
1243,4,1026,575,138,284,1,1,1
1243,5,1239,527,136,273,1,1,1
1243,7,1076,581,63,144,1,1,1
1243,9,1667,443,60,162,1,1,1
1244,1,402,706,162,351,1,1,1
1244,2,898,609,157,357,1,1,1
1244,3,1114,563,151,395,1,1,1
1244,4,1024,575,141,283,1,1,1
1244,5,1244,526,133,274,1,1,1
1244,7,1077,581,63,144,1,1,1
1244,9,1667,442,60,164,1,1,1
1245,1,401,704,159,354,1,1,1
1245,2,903,608,159,356,1,1,1
1245,3,1112,564,152,395,1,1,1
1245,4,1022,575,143,283,1,1,1
1245,5,1249,525,129,275,1,1,1
1245,7,1078,581,62,144,1,1,1
1245,9,1667,442,61,164,1,1,1
1246,1,400,702,157,357,1,1,1
1246,2,908,606,161,357,1,1,1
1246,3,1110,565,153,395,1,1,1
1246,4,1020,575,146,283,1,1,1
1246,5,1254,524,126,276,1,1,1
1246,7,1079,581,61,144,1,1,1
1246,9,1667,442,61,165,1,1,1
1247,1,399,703,153,355,1,1,1
1247,2,913,606,169,356,1,1,1
1247,3,1107,566,156,396,1,1,1
1247,4,1017,576,144,282,1,1,1
1247,5,1256,523,123,275,1,1,1
1247,9,1667,443,61,163,1,1,1
1248,1,398,704,148,353,1,1,1
1248,2,917,606,178,355,1,1,1
1248,3,1104,568,160,396,1,1,1
1248,4,1014,576,142,282,1,1,1
1248,5,1259,523,119,272,1,1,1
1248,9,1667,445,60,161,1,1,1
1249,1,398,704,143,351,1,1,1
1249,2,922,606,186,353,1,1,1
1249,3,1102,569,162,397,1,1,1
1249,4,1012,577,139,280,1,1,1
1249,5,1261,522,116,271,1,1,1
1249,9,1667,446,60,159,1,1,1
1250,1,397,705,139,349,1,1,1
1250,2,926,606,196,352,1,1,1
1250,3,1099,570,166,398,1,1,1
1250,4,1009,577,137,280,1,1,1
1250,5,1263,521,113,269,1,1,1
1250,9,1667,448,60,157,1,1,1
1251,1,395,706,134,346,1,1,1
1251,2,930,606,204,351,1,1,1
1251,3,1095,571,169,397,1,1,1
1251,4,1006,577,134,279,1,1,1
1251,5,1265,520,110,267,1,1,1
1251,9,1667,448,59,155,1,1,1
1252,1,392,706,139,352,1,1,1
1252,2,937,606,201,350,1,1,1
1252,3,1091,572,175,399,1,1,1
1252,4,1002,579,134,279,1,1,1
1252,5,1269,520,107,266,1,1,1
1252,9,1669,449,58,156,1,1,1
1253,1,389,706,142,357,1,1,1
1253,2,944,605,197,349,1,1,1
1253,3,1086,573,180,400,1,1,1
1253,4,998,580,134,278,1,1,1
1253,5,1273,519,104,265,1,1,1
1253,9,1670,449,58,156,1,1,1
1254,1,385,706,146,362,1,1,1
1254,2,950,605,195,348,1,1,1
1254,3,1081,574,186,400,1,1,1
1254,4,995,581,132,278,1,1,1
1254,5,1276,519,102,263,1,1,1
1254,9,1671,450,57,156,1,1,1
1255,1,381,706,150,367,1,1,1
1255,2,957,604,191,347,1,1,1
1255,3,1075,574,192,402,1,1,1
1255,4,991,582,131,277,1,1,1
1255,5,1280,518,99,262,1,1,1
1255,9,1673,450,56,157,1,1,1
1256,1,377,705,153,372,1,1,1
1256,2,963,603,188,346,1,1,1
1256,3,1070,575,197,402,1,1,1
1256,4,986,583,130,276,1,1,1
1256,5,1283,517,96,260,1,1,1
1256,9,1673,450,55,157,1,1,1
1257,1,375,707,156,372,1,1,1
1257,2,969,601,182,348,1,1,1
1257,3,1067,576,198,402,1,1,1
1257,5,1287,519,99,260,1,1,1
1257,9,1673,450,57,158,1,1,1
1258,1,373,709,158,371,1,1,1
1258,2,974,599,178,348,1,1,1
1258,3,1064,577,198,402,1,1,1
1258,5,1290,520,102,259,1,1,1
1258,9,1672,450,58,159,1,1,1
1259,1,370,710,162,370,1,1,1
1259,2,980,596,172,350,1,1,1
1259,3,1061,578,198,402,1,1,1
1259,5,1293,521,105,258,1,1,1
1259,9,1672,450,58,160,1,1,1
1260,1,368,712,164,368,1,1,1
1260,2,985,594,167,350,1,1,1
1260,3,1058,579,197,401,1,1,1
1260,5,1297,522,108,258,1,1,1
1260,9,1671,450,60,161,1,1,1