802,1,1904,1032,107,309,1,1,1
802,2,1281,1024,173,496,1,1,1
802,3,1695,1040,123,397,1,1,1
802,4,1007,1047,148,375,1,1,1
802,5,830,1056,166,427,1,1,1
802,8,788,1073,67,203,1,1,1
803,1,1905,1032,107,311,1,1,1
803,2,1271,1026,176,494,1,1,1
803,3,1698,1042,126,397,1,1,1
803,4,1010,1048,146,375,1,1,1
803,5,829,1057,163,426,1,1,1
803,8,788,1074,66,202,1,1,1
804,1,1907,1033,106,312,1,1,1
804,2,1262,1028,178,492,1,1,1
804,3,1700,1043,130,399,1,1,1
804,4,1014,1048,142,375,1,1,1
804,5,829,1058,158,425,1,1,1
804,8,788,1074,65,203,1,1,1
805,1,1908,1033,106,314,1,1,1
805,2,1253,1030,180,490,1,1,1
805,3,1703,1045,133,399,1,1,1
805,4,1017,1049,139,375,1,1,1
805,5,828,1059,155,424,1,1,1
805,8,788,1075,64,202,1,1,1
806,1,1908,1033,105,315,1,1,1
806,2,1243,1032,183,487,1,1,1
806,3,1705,1046,136,400,1,1,1
806,4,1020,1050,136,374,1,1,1
806,5,827,1060,151,423,1,1,1
806,8,787,1075,63,202,1,1,1
807,1,1910,1033,105,317,1,1,1
807,2,1238,1034,181,486,1,1,1
807,3,1709,1048,134,402,1,1,1
807,4,1022,1050,134,375,1,1,1
807,5,824,1060,150,424,1,1,1
807,8,787,1077,64,201,1,1,1
808,1,1911,1033,104,318,1,1,1
808,2,1232,1035,179,485,1,1,1
808,3,1712,1049,132,404,1,1,1
808,4,1024,1050,131,376,1,1,1
808,5,819,1061,150,423,1,1,1
808,8,787,1077,64,202,1,1,1
809,1,1912,1033,103,319,1,1,1
809,2,1227,1037,176,483,1,1,1
809,3,1716,1050,129,407,1,1,1
809,4,1026,1049,128,377,1,1,1
809,5,815,1061,149,424,1,1,1
809,8,787,1078,64,202,1,1,1
810,1,1913,1033,102,321,1,1,1
810,2,1221,1039,174,481,1,1,1
810,3,1719,1051,127,409,1,1,1
810,4,1028,1049,126,378,1,1,1
810,5,811,1061,148,424,1,1,1
810,8,787,1079,64,202,1,1,1
811,1,1913,1033,101,321,1,1,1
811,2,1215,1040,171,479,1,1,1
811,3,1722,1051,124,411,1,1,1
811,4,1029,1049,123,378,1,1,1
811,5,806,1061,147,423,1,1,1
811,8,786,1080,64,200,1,1,1
812,1,1915,1035,103,321,1,1,1
812,2,1204,1042,175,478,1,1,1
812,3,1725,1053,124,412,1,1,1
812,4,1032,1051,122,377,1,1,1
812,5,804,1065,145,422,1,1,1
813,1,1916,1037,104,320,1,1,1
813,2,1192,1043,178,477,1,1,1
813,3,1727,1053,124,413,1,1,1
813,4,1035,1053,119,376,1,1,1
813,5,800,1067,144,422,1,1,1
814,1,1917,1038,105,320,1,1,1
814,2,1180,1044,181,476,1,1,1
814,3,1730,1054,123,413,1,1,1
814,4,1038,1056,117,374,1,1,1
814,5,797,1070,142,421,1,1,1
815,1,1918,1040,106,319,1,1,1
815,2,1168,1046,184,474,1,1,1
815,3,1732,1055,122,414,1,1,1
815,4,1041,1058,115,373,1,1,1
815,5,794,1073,140,420,1,1,1
816,1,1919,1041,107,318,1,1,1
816,2,1156,1047,187,472,1,1,1
816,3,1734,1055,121,414,1,1,1
816,4,1043,1060,113,372,1,1,1
816,5,790,1075,138,418,1,1,1
817,1,1921,1044,111,318,1,1,1
817,2,1143,1049,194,471,1,1,1
817,3,1736,1058,126,414,1,1,1
817,4,1048,1061,116,376,1,1,1
817,5,789,1078,137,418,1,1,1
818,1,1922,1046,116,318,1,1,1
818,2,1130,1050,200,470,1,1,1
818,3,1737,1060,130,415,1,1,1
818,4,1052,1062,120,379,1,1,1
818,5,787,1079,136,418,1,1,1
819,1,1924,1049,119,317,1,1,1
819,2,1117,1052,207,468,1,1,1
819,3,1738,1063,134,414,1,1,1
819,4,1057,1063,123,382,1,1,1
819,5,785,1081,134,417,1,1,1
820,1,1925,1051,124,318,1,1,1
820,2,1104,1053,213,467,1,1,1
820,3,1739,1065,139,415,1,1,1
820,4,1061,1064,127,385,1,1,1
820,5,783,1083,132,417,1,1,1
821,1,1927,1053,127,317,1,1,1
821,2,1090,1054,220,465,1,1,1
821,3,1740,1067,142,414,1,1,1
821,4,1065,1065,129,388,1,1,1
821,5,780,1084,130,416,1,1,1
822,1,1928,1055,134,319,1,1,1
822,2,1080,1058,224,462,1,1,1
822,3,1743,1070,154,416,1,1,1
822,5,778,1087,131,414,1,1,1
823,1,1928,1057,142,320,1,1,1
823,2,1069,1061,229,459,1,1,1
823,3,1745,1072,166,418,1,1,1
823,5,776,1088,130,412,1,1,1
824,1,1929,1059,149,321,1,1,1
824,2,1059,1064,233,456,1,1,1
824,3,1747,1075,178,418,1,1,1
824,5,773,1090,130,409,1,1,1
825,1,1930,1061,156,322,1,1,1
825,2,1048,1067,237,453,1,1,1
825,3,1749,1077,189,420,1,1,1
825,5,771,1092,129,406,1,1,1
826,1,1930,1063,163,321,1,1,1
826,2,1037,1069,241,450,1,1,1
826,3,1751,1079,201,421,1,1,1
826,5,768,1094,128,403,1,1,1
827,1,1933,1065,164,322,1,1,1
827,2,1032,1073,240,447,1,1,1
827,3,1754,1081,203,424,1,1,1
827,5,760,1096,134,402,1,1,1
828,1,1936,1066,164,323,1,1,1
828,2,1027,1076,238,444,1,1,1
828,3,1756,1082,206,426,1,1,1
828,5,752,1097,140,402,1,1,1
829,1,1939,1068,164,323,1,1,1
829,2,1021,1079,238,441,1,1,1
829,3,1759,1084,208,428,1,1,1
829,5,744,1099,146,401,1,1,1
830,1,1941,1069,165,324,1,1,1
830,2,1016,1082,236,438,1,1,1
830,3,1762,1085,209,430,1,1,1
830,5,736,1101,152,399,1,1,1
831,1,1944,1070,165,325,1,1,1
831,2,1010,1085,234,434,1,1,1
831,3,1764,1086,211,432,1,1,1
831,5,728,1102,157,398,1,1,1
832,1,1947,1071,162,328,1,1,1
832,2,1006,1089,232,431,1,1,1
832,3,1768,1088,205,431,1,1,1
832,5,725,1105,157,398,1,1,1
833,1,1951,1073,158,330,1,1,1
833,2,1002,1092,230,428,1,1,1
833,3,1772,1089,199,430,1,1,1
833,5,722,1107,156,397,1,1,1
834,1,1954,1074,155,332,1,1,1
834,2,998,1096,228,423,1,1,1
834,3,1776,1090,192,430,1,1,1
834,5,719,1110,156,395,1,1,1
835,1,1957,1075,152,335,1,1,1
835,2,994,1099,225,420,1,1,1
835,3,1780,1092,185,428,1,1,1
835,5,716,1113,155,394,1,1,1
836,1,1960,1076,148,337,1,1,1
836,2,989,1102,223,416,1,1,1
836,3,1784,1092,178,427,1,1,1
836,5,712,1115,155,392,1,1,1
836,10,1757,1105,64,186,1,1,1
837,1,1963,1076,146,339,1,1,1
837,2,988,1102,215,417,1,1,1
837,3,1789,1093,173,427,1,1,1
837,5,712,1118,151,391,1,1,1
837,10,1758,1108,63,185,1,1,1
838,1,1965,1076,144,341,1,1,1
838,2,987,1102,207,417,1,1,1
838,3,1794,1093,167,427,1,1,1
838,5,712,1120,147,390,1,1,1
838,10,1758,1110,62,183,1,1,1
839,1,1967,1077,142,342,1,1,1
839,2,986,1102,198,418,1,1,1
839,3,1799,1093,161,427,1,1,1
839,5,711,1122,144,389,1,1,1
839,10,1758,1112,61,182,1,1,1
840,1,1969,1077,140,344,1,1,1
840,2,985,1102,189,418,1,1,1
840,3,1804,1094,155,426,1,1,1
840,5,711,1125,139,387,1,1,1
840,10,1758,1114,60,181,1,1,1
841,1,1970,1077,137,345,1,1,1
841,2,983,1102,181,417,1,1,1
841,3,1808,1093,150,426,1,1,1
841,4,1100,1093,108,408,1,1,1
841,5,710,1127,135,385,1,1,1
841,10,1758,1116,58,179,1,1,1
842,1,1974,1080,132,346,1,1,1
842,2,976,1103,185,417,1,1,1
842,3,1811,1096,149,424,1,1,1
842,4,1105,1097,106,405,1,1,1
842,5,709,1128,134,385,1,1,1
842,10,1759,1119,58,180,1,1,1
843,1,1977,1083,126,346,1,1,1
843,2,969,1105,188,415,1,1,1
843,3,1813,1098,148,422,1,1,1
843,4,1110,1100,103,403,1,1,1
843,5,708,1129,132,384,1,1,1
843,10,1760,1121,58,181,1,1,1
844,1,1980,1086,121,346,1,1,1
844,2,962,1106,191,413,1,1,1
844,3,1816,1100,146,420,1,1,1
844,4,1115,1104,101,399,1,1,1
844,5,707,1130,130,384,1,1,1
844,10,1761,1123,57,182,1,1,1
845,1,1983,1089,115,346,1,1,1
845,2,955,1107,195,412,1,1,1
845,3,1818,1102,145,418,1,1,1
845,4,1120,1107,98,397,1,1,1
845,5,705,1130,129,384,1,1,1
845,10,1762,1125,56,183,1,1,1
846,1,1985,1091,110,345,1,1,1
846,2,947,1108,197,410,1,1,1
846,3,1820,1104,143,415,1,1,1
846,4,1125,1110,95,393,1,1,1
846,5,704,1131,127,383,1,1,1
846,10,1762,1127,56,183,1,1,1
847,1,1988,1093,111,348,1,1,1
847,2,942,1111,200,408,1,1,1
847,3,1821,1106,145,414,1,1,1
847,4,1126,1113,103,394,1,1,1
847,5,703,1134,126,382,1,1,1
847,10,1761,1129,57,184,1,1,1
848,1,1990,1094,112,350,1,1,1
848,2,936,1114,202,405,1,1,1
848,3,1821,1107,146,413,1,1,1
848,4,1127,1115,110,395,1,1,1
848,5,703,1136,124,381,1,1,1
848,10,1759,1130,59,185,1,1,1
849,1,1992,1096,113,352,1,1,1
849,2,930,1117,204,403,1,1,1
849,3,1821,1108,147,412,1,1,1
849,4,1128,1118,118,395,1,1,1
849,5,702,1138,122,379,1,1,1
849,10,1757,1132,61,186,1,1,1
850,1,1994,1097,114,354,1,1,1
850,2,924,1121,206,399,1,1,1
850,3,1821,1110,149,410,1,1,1
850,4,1129,1120,125,396,1,1,1
850,5,701,1141,121,377,1,1,1
850,10,1755,1133,62,187,1,1,1
851,1,1995,1098,115,355,1,1,1
851,2,918,1123,208,396,1,1,1
851,3,1820,1111,150,408,1,1,1
851,4,1130,1122,131,397,1,1,1
851,5,700,1143,119,376,1,1,1
851,10,1752,1134,63,187,1,1,1
852,1,1997,1101,117,355,1,1,1
852,2,912,1127,209,393,1,1,1
852,3,1822,1113,150,407,1,1,1
852,4,1133,1123,135,396,1,1,1
852,5,699,1145,119,374,1,1,1
852,10,1753,1136,64,187,1,1,1
853,1,1998,1102,119,357,1,1,1
853,2,906,1131,209,389,1,1,1
853,3,1823,1115,151,405,1,1,1
853,4,1136,1124,137,395,1,1,1
853,5,697,1148,120,371,1,1,1
853,10,1754,1138,63,186,1,1,1
854,1,1999,1104,121,357,1,1,1
854,2,901,1134,209,386,1,1,1
854,3,1824,1117,152,403,1,1,1
854,4,1138,1125,140,394,1,1,1
854,5,696,1150,119,369,1,1,1
854,10,1754,1139,63,186,1,1,1
855,1,2000,1106,123,357,1,1,1
855,2,895,1138,209,382,1,1,1
855,3,1825,1119,153,401,1,1,1
855,4,1141,1126,143,392,1,1,1
855,5,694,1152,120,367,1,1,1
855,10,1755,1140,62,186,1,1,1
856,1,2001,1108,125,356,1,1,1
856,2,888,1141,209,378,1,1,1
856,3,1826,1120,152,399,1,1,1
856,4,1143,1126,145,391,1,1,1
856,5,693,1154,119,365,1,1,1
856,8,769,1156,61,205,1,1,1
856,10,1755,1141,61,184,1,1,1
857,1,2002,1109,125,359,1,1,1
857,2,881,1141,211,379,1,1,1
857,3,1826,1121,155,399,1,1,1
857,4,1142,1128,147,390,1,1,1
857,5,693,1155,120,364,1,1,1
857,8,768,1158,62,205,1,1,1
857,10,1756,1142,61,186,1,1,1
858,1,2003,1110,124,360,1,1,1
858,2,874,1141,211,379,1,1,1
858,3,1825,1122,158,398,1,1,1
858,4,1142,1129,148,389,1,1,1
858,5,694,1156,119,363,1,1,1
858,8,766,1160,64,204,1,1,1
858,10,1756,1143,61,186,1,1,1
859,1,2004,1111,124,362,1,1,1
859,2,866,1140,213,379,1,1,1
859,3,1825,1123,160,397,1,1,1
859,4,1141,1130,150,389,1,1,1
859,5,694,1157,120,362,1,1,1
859,8,765,1161,65,204,1,1,1
859,10,1756,1144,61,187,1,1,1
860,1,2005,1112,123,363,1,1,1
860,2,859,1140,213,379,1,1,1
860,3,1824,1123,162,397,1,1,1
860,4,1140,1131,151,388,1,1,1
860,5,695,1158,119,361,1,1,1
860,8,763,1163,67,203,1,1,1
860,10,1756,1145,61,187,1,1,1
861,1,2005,1113,122,364,1,1,1
861,2,851,1139,214,379,1,1,1
861,3,1823,1123,164,396,1,1,1
861,4,1139,1132,152,386,1,1,1
861,5,695,1159,119,359,1,1,1
861,8,761,1164,67,202,1,1,1
861,10,1755,1145,60,188,1,1,1
862,1,2006,1113,124,366,1,1,1
862,2,847,1139,214,380,1,1,1
862,3,1823,1123,165,397,1,1,1
862,4,1140,1133,152,386,1,1,1
862,5,695,1160,120,359,1,1,1
862,10,1756,1146,60,188,1,1,1
863,1,2007,1113,124,367,1,1,1
863,2,844,1139,212,380,1,1,1
863,3,1822,1122,166,397,1,1,1
863,4,1141,1133,151,386,1,1,1
863,5,694,1160,122,359,1,1,1
863,10,1755,1147,60,187,1,1,1
864,1,2007,1113,125,368,1,1,1
864,2,840,1138,211,381,1,1,1
864,3,1821,1122,168,397,1,1,1
864,4,1142,1134,150,385,1,1,1
864,5,693,1160,123,359,1,1,1
864,10,1755,1148,59,186,1,1,1
865,1,2007,1112,126,370,1,1,1
865,2,836,1138,210,381,1,1,1
865,3,1821,1121,168,398,1,1,1
865,4,1143,1135,149,384,1,1,1
865,5,693,1160,124,359,1,1,1
865,10,1754,1149,60,186,1,1,1
866,1,2007,1112,126,371,1,1,1
866,2,832,1137,208,381,1,1,1
866,3,1819,1120,169,398,1,1,1
866,4,1143,1135,148,383,1,1,1
866,5,692,1160,125,358,1,1,1
866,10,1753,1149,58,185,1,1,1
867,1,2007,1112,131,371,1,1,1
867,2,829,1139,209,380,1,1,1
867,3,1819,1120,170,399,1,1,1
867,4,1149,1135,143,384,1,1,1
867,5,692,1160,126,359,1,1,1
867,10,1753,1149,59,186,1,1,1
868,1,2007,1112,135,371,1,1,1
868,2,826,1140,208,379,1,1,1
868,3,1819,1119,171,400,1,1,1
868,4,1154,1135,138,384,1,1,1
868,5,691,1159,128,360,1,1,1
868,10,1753,1149,59,186,1,1,1
869,1,2007,1111,139,372,1,1,1
869,2,823,1141,207,378,1,1,1
869,3,1818,1118,172,401,1,1,1
869,4,1160,1135,132,385,1,1,1
869,5,690,1159,129,360,1,1,1
869,10,1753,1149,58,186,1,1,1
870,1,2006,1111,144,372,1,1,1
870,2,820,1143,206,376,1,1,1
870,3,1817,1117,173,402,1,1,1
870,4,1165,1135,127,385,1,1,1
870,5,689,1159,130,360,1,1,1
870,10,1752,1149,59,186,1,1,1
871,1,2005,1110,148,371,1,1,1
871,2,816,1143,205,375,1,1,1
871,3,1816,1115,174,403,1,1,1
871,4,1170,1135,120,384,1,1,1
871,5,688,1158,131,360,1,1,1
871,10,1751,1149,58,186,1,1,1
872,1,2007,1111,155,373,1,1,1
872,2,815,1144,204,375,1,1,1
872,3,1817,1115,173,404,1,1,1
872,4,1179,1135,114,385,1,1,1
872,5,694,1159,126,360,1,1,1
872,10,1751,1149,59,186,1,1,1
873,1,2007,1110,163,375,1,1,1
873,2,813,1145,203,374,1,1,1
873,3,1817,1115,173,404,1,1,1
873,4,1186,1135,109,385,1,1,1
873,5,698,1159,122,360,1,1,1
873,10,1751,1149,59,186,1,1,1
874,1,2008,1110,169,376,1,1,1
874,2,811,1145,202,373,1,1,1
874,3,1817,1114,173,405,1,1,1
874,4,1194,1135,102,384,1,1,1
874,5,703,1159,117,359,1,1,1
874,10,1750,1149,60,186,1,1,1
875,1,2009,1110,176,377,1,1,1
875,2,809,1145,201,373,1,1,1
875,3,1817,1114,173,405,1,1,1
875,4,1202,1134,96,385,1,1,1
875,5,708,1160,113,358,1,1,1
875,10,1750,1149,60,186,1,1,1
876,1,2010,1110,182,378,1,1,1
876,2,806,1145,200,372,1,1,1
876,3,1817,1113,171,405,1,1,1
876,4,1210,1134,89,385,1,1,1
876,5,713,1160,107,358,1,1,1
876,10,1749,1148,60,186,1,1,1
877,1,2011,1110,184,378,1,1,1
877,2,807,1145,199,373,1,1,1
877,3,1818,1113,169,406,1,1,1
877,4,1212,1133,99,386,1,1,1
877,5,714,1160,107,357,1,1,1
877,10,1749,1148,61,186,1,1,1
878,1,2011,1109,186,378,1,1,1
878,2,806,1144,198,375,1,1,1
878,3,1819,1113,166,406,1,1,1
878,4,1214,1132,109,387,1,1,1
878,5,716,1159,105,356,1,1,1
878,10,1749,1147,61,186,1,1,1
879,1,2012,1109,187,378,1,1,1
879,2,806,1143,196,376,1,1,1
879,3,1820,1113,163,406,1,1,1
879,4,1216,1130,120,389,1,1,1
879,5,717,1159,104,355,1,1,1
879,10,1749,1146,60,186,1,1,1
880,1,2013,1108,188,378,1,1,1
880,2,806,1143,194,376,1,1,1
880,3,1821,1112,160,406,1,1,1
880,4,1218,1129,130,391,1,1,1
880,5,718,1158,103,354,1,1,1
880,10,1749,1145,60,186,1,1,1
881,1,2013,1107,189,378,1,1,1
881,2,806,1141,191,377,1,1,1
881,3,1821,1112,157,406,1,1,1
881,4,1220,1128,139,391,1,1,1
881,5,718,1157,102,353,1,1,1
881,10,1748,1144,60,185,1,1,1
882,1,2016,1106,185,380,1,1,1
882,2,806,1140,191,379,1,1,1
882,3,1822,1110,158,408,1,1,1
882,4,1220,1127,144,392,1,1,1
882,5,720,1156,103,351,1,1,1
882,10,1749,1143,60,186,1,1,1
883,1,2019,1104,180,381,1,1,1
883,2,806,1138,190,381,1,1,1
883,3,1823,1107,158,411,1,1,1
883,4,1220,1127,147,392,1,1,1
883,5,722,1155,103,349,1,1,1
883,10,1748,1141,60,186,1,1,1
884,1,2022,1102,175,383,1,1,1
884,2,807,1136,188,383,1,1,1
884,3,1823,1104,158,414,1,1,1
884,4,1220,1126,151,393,1,1,1
884,5,723,1153,104,348,1,1,1
884,10,1748,1140,60,186,1,1,1
885,1,2025,1101,170,384,1,1,1
885,2,807,1134,187,386,1,1,1
885,3,1824,1102,158,416,1,1,1
885,4,1219,1126,156,392,1,1,1
885,5,725,1152,103,345,1,1,1
885,10,1748,1139,59,185,1,1,1
886,1,2027,1099,165,386,1,1,1
886,2,806,1132,186,387,1,1,1
886,3,1824,1099,158,419,1,1,1
886,4,1218,1125,159,393,1,1,1
886,5,726,1150,103,343,1,1,1
886,10,1747,1137,59,185,1,1,1
887,1,2030,1097,163,388,1,1,1
887,2,806,1131,186,389,1,1,1
887,3,1824,1099,158,420,1,1,1
887,4,1220,1123,159,393,1,1,1
887,5,731,1149,100,341,1,1,1
887,10,1747,1136,59,185,1,1,1
888,1,2032,1094,161,391,1,1,1
888,2,806,1130,185,389,1,1,1
888,3,1824,1099,158,420,1,1,1
888,4,1221,1121,159,394,1,1,1
888,5,736,1147,96,338,1,1,1
888,10,1747,1135,59,184,1,1,1
889,1,2034,1092,158,394,1,1,1
889,2,806,1129,184,390,1,1,1
889,3,1825,1099,157,420,1,1,1
889,4,1222,1119,159,394,1,1,1
889,5,741,1145,92,336,1,1,1
889,10,1746,1134,59,183,1,1,1
890,1,2036,1090,156,396,1,1,1
890,2,806,1128,183,391,1,1,1
890,3,1825,1099,157,421,1,1,1
890,4,1223,1117,159,394,1,1,1
890,5,745,1143,89,333,1,1,1
890,10,1746,1133,59,182,1,1,1
891,1,2038,1087,153,398,1,1,1
891,2,805,1127,183,391,1,1,1
891,3,1825,1099,156,420,1,1,1
891,4,1223,1114,158,394,1,1,1
891,5,750,1141,85,330,1,1,1
891,10,1745,1131,59,181,1,1,1
892,1,2041,1086,150,398,1,1,1
892,2,805,1126,183,393,1,1,1
892,3,1824,1097,157,423,1,1,1
892,4,1225,1113,157,394,1,1,1
892,5,750,1140,94,330,1,1,1
892,10,1745,1130,59,182,1,1,1
893,1,2043,1085,148,397,1,1,1
893,2,805,1125,183,394,1,1,1
893,3,1823,1095,156,425,1,1,1
893,4,1225,1112,157,393,1,1,1
893,5,751,1138,101,330,1,1,1
893,10,1745,1128,59,183,1,1,1
894,1,2046,1084,145,396,1,1,1
894,2,805,1124,183,395,1,1,1
894,3,1821,1092,157,428,1,1,1
894,4,1226,1110,156,393,1,1,1
894,5,751,1136,109,330,1,1,1
894,10,1745,1127,58,182,1,1,1
895,1,2049,1083,142,395,1,1,1
895,2,805,1122,182,397,1,1,1
895,3,1820,1090,157,430,1,1,1
895,4,1227,1109,155,392,1,1,1
895,5,751,1134,117,330,1,1,1
895,10,1745,1125,58,183,1,1,1
896,1,2051,1081,139,394,1,1,1
896,2,804,1121,182,398,1,1,1
896,3,1818,1087,157,432,1,1,1
896,4,1227,1107,153,391,1,1,1
896,5,751,1132,124,329,1,1,1
896,8,755,1141,54,205,1,1,1
896,10,1744,1123,58,183,1,1,1
897,1,2053,1078,138,396,1,1,1
897,2,806,1121,179,398,1,1,1
897,3,1816,1087,159,433,1,1,1
897,4,1234,1105,148,392,1,1,1
897,5,752,1131,124,329,1,1,1
897,8,756,1140,56,205,1,1,1
897,10,1745,1122,58,183,1,1,1
898,1,2054,1075,136,397,1,1,1
898,2,808,1121,175,398,1,1,1
898,3,1814,1087,160,433,1,1,1
898,4,1239,1103,143,392,1,1,1
898,5,753,1130,124,329,1,1,1
898,8,756,1138,58,205,1,1,1
898,10,1745,1120,59,183,1,1,1
899,1,2055,1073,135,397,1,1,1
899,2,810,1120,171,399,1,1,1
899,3,1811,1086,163,434,1,1,1
899,4,1245,1101,137,393,1,1,1
899,5,753,1129,125,328,1,1,1
899,8,756,1136,60,205,1,1,1
899,10,1745,1119,59,182,1,1,1
900,1,2057,1070,133,399,1,1,1
900,2,811,1120,169,399,1,1,1
900,3,1809,1086,164,434,1,1,1
900,4,1251,1099,131,393,1,1,1
900,5,753,1128,125,327,1,1,1
900,8,756,1134,62,204,1,1,1
900,10,1746,1117,59,182,1,1,1
901,1,2058,1066,131,400,1,1,1
901,2,812,1119,164,400,1,1,1
901,3,1806,1085,165,434,1,1,1
901,4,1256,1096,125,393,1,1,1
901,5,753,1126,125,326,1,1,1
901,8,756,1131,63,204,1,1,1
901,10,1745,1115,59,181,1,1,1
902,1,2060,1065,132,400,1,1,1
902,2,813,1117,163,403,1,1,1
902,3,1801,1085,169,435,1,1,1
902,4,1265,1095,120,394,1,1,1
902,8,757,1130,64,204,1,1,1
902,10,1745,1114,60,181,1,1,1
903,1,2061,1063,132,400,1,1,1
903,2,814,1115,161,405,1,1,1
903,3,1795,1085,174,435,1,1,1
903,4,1274,1094,113,393,1,1,1
903,8,757,1128,64,204,1,1,1
903,10,1745,1112,60,181,1,1,1
904,1,2062,1060,133,402,1,1,1
904,2,814,1113,160,407,1,1,1
904,3,1790,1084,177,435,1,1,1
904,4,1283,1092,106,394,1,1,1
904,8,758,1126,64,205,1,1,1
904,10,1744,1110,61,182,1,1,1
905,1,2063,1058,133,402,1,1,1
905,2,814,1111,158,409,1,1,1
905,3,1785,1084,181,435,1,1,1
905,4,1291,1091,100,394,1,1,1
905,8,758,1125,64,204,1,1,1
905,10,1744,1108,61,182,1,1,1
906,1,2064,1056,133,402,1,1,1
906,2,814,1108,156,411,1,1,1
906,3,1779,1083,185,435,1,1,1
906,4,1300,1089,93,393,1,1,1
906,8,758,1122,64,204,1,1,1
906,10,1743,1106,61,181,1,1,1
907,1,2064,1056,134,404,1,1,1
907,2,815,1107,154,413,1,1,1
907,3,1774,1080,187,438,1,1,1
907,4,1301,1087,101,395,1,1,1
907,8,759,1121,65,205,1,1,1
908,1,2064,1056,135,406,1,1,1
908,2,816,1105,151,415,1,1,1
908,3,1768,1077,190,440,1,1,1
908,4,1303,1085,107,395,1,1,1
908,8,759,1119,66,206,1,1,1
909,1,2064,1056,135,408,1,1,1
909,2,817,1103,149,416,1,1,1
909,3,1763,1073,192,443,1,1,1
909,4,1304,1082,113,396,1,1,1
909,8,760,1117,65,206,1,1,1
910,1,2064,1056,136,410,1,1,1
910,2,818,1102,146,417,1,1,1
910,3,1757,1070,194,445,1,1,1
910,4,1305,1080,120,397,1,1,1
910,8,760,1115,66,207,1,1,1
911,1,2063,1055,136,412,1,1,1
911,2,818,1100,143,418,1,1,1
911,3,1752,1066,195,447,1,1,1
911,4,1306,1077,127,397,1,1,1
911,8,760,1112,66,208,1,1,1
912,1,2064,1054,137,414,1,1,1
912,2,821,1099,143,420,1,1,1
912,3,1747,1066,194,449,1,1,1
912,4,1307,1077,126,396,1,1,1
912,8,761,1112,66,208,1,1,1
913,1,2064,1052,138,417,1,1,1
913,2,823,1099,142,420,1,1,1
913,3,1741,1066,192,450,1,1,1
913,4,1308,1077,126,395,1,1,1
913,8,761,1112,66,206,1,1,1
914,1,2065,1051,138,418,1,1,1
914,2,826,1098,140,422,1,1,1
914,3,1736,1065,190,452,1,1,1
914,4,1308,1076,126,394,1,1,1
914,8,762,1112,65,205,1,1,1
915,1,2065,1049,138,421,1,1,1
915,2,828,1098,140,422,1,1,1
915,3,1730,1065,188,452,1,1,1
915,4,1309,1076,125,392,1,1,1
915,8,762,1111,65,205,1,1,1
916,1,2065,1047,138,422,1,1,1
916,2,830,1097,138,422,1,1,1
916,3,1725,1064,186,453,1,1,1
916,4,1309,1075,124,390,1,1,1
916,8,762,1111,64,203,1,1,1
917,1,2065,1046,142,423,1,1,1
917,2,834,1097,140,423,1,1,1
917,3,1720,1063,183,455,1,1,1
917,4,1312,1075,122,390,1,1,1
917,8,763,1110,64,204,1,1,1
918,1,2065,1044,144,424,1,1,1
918,2,837,1097,142,422,1,1,1
918,3,1715,1062,180,456,1,1,1
918,4,1313,1074,122,390,1,1,1
918,8,763,1109,64,204,1,1,1
919,1,2065,1043,146,424,1,1,1
919,2,841,1096,143,423,1,1,1
919,3,1710,1061,178,458,1,1,1
919,4,1315,1073,120,390,1,1,1
919,8,763,1107,65,204,1,1,1
920,1,2065,1041,149,425,1,1,1
920,2,844,1096,145,423,1,1,1
920,3,1706,1060,174,459,1,1,1
920,4,1317,1072,118,390,1,1,1
920,8,763,1106,65,204,1,1,1
921,1,2064,1039,151,425,1,1,1
921,2,847,1095,146,422,1,1,1
921,3,1700,1058,171,460,1,1,1
921,4,1318,1070,116,390,1,1,1
921,8,763,1104,64,204,1,1,1
922,1,2064,1039,157,424,1,1,1
922,2,848,1094,148,424,1,1,1
922,3,1696,1059,171,460,1,1,1
922,4,1320,1069,116,390,1,1,1
922,8,764,1104,65,204,1,1,1
923,1,2063,1038,163,424,1,1,1
923,2,848,1093,150,425,1,1,1
923,3,1692,1059,170,460,1,1,1
923,4,1321,1067,115,390,1,1,1
923,8,765,1103,64,204,1,1,1
924,1,2062,1037,169,424,1,1,1
924,2,848,1092,152,426,1,1,1
924,3,1687,1059,170,460,1,1,1
924,4,1322,1066,115,389,1,1,1
924,8,765,1102,65,204,1,1,1
925,1,2061,1036,175,424,1,1,1
925,2,848,1090,154,428,1,1,1
925,3,1683,1060,169,459,1,1,1
925,4,1322,1064,115,389,1,1,1
925,8,766,1101,64,203,1,1,1
926,1,2060,1035,180,424,1,1,1
926,2,847,1089,156,428,1,1,1
926,3,1678,1060,169,459,1,1,1
926,4,1323,1062,114,389,1,1,1
926,8,766,1100,64,203,1,1,1
927,1,2060,1034,182,426,1,1,1
927,2,851,1087,157,431,1,1,1
927,3,1673,1059,171,460,1,1,1
927,4,1324,1062,115,388,1,1,1
927,8,766,1099,65,203,1,1,1
928,1,2060,1034,184,428,1,1,1
928,2,855,1085,156,433,1,1,1
928,3,1668,1059,172,460,1,1,1
928,4,1325,1061,116,388,1,1,1
928,8,767,1098,64,203,1,1,1
929,1,2060,1033,186,430,1,1,1
929,2,859,1083,156,435,1,1,1
929,3,1662,1058,175,461,1,1,1
929,4,1326,1060,116,387,1,1,1
929,8,767,1096,64,204,1,1,1
930,1,2059,1032,189,432,1,1,1
930,2,863,1081,155,437,1,1,1
930,3,1657,1057,176,462,1,1,1
930,4,1327,1059,117,387,1,1,1
930,8,767,1095,65,204,1,1,1
931,1,2059,1031,190,433,1,1,1
931,2,866,1079,155,439,1,1,1
931,3,1651,1056,177,462,1,1,1
931,4,1327,1058,117,385,1,1,1
931,8,767,1093,64,204,1,1,1
932,1,2060,1031,185,433,1,1,1
932,2,872,1078,152,439,1,1,1
932,3,1647,1054,174,465,1,1,1
932,4,1329,1058,117,386,1,1,1
932,8,768,1093,64,204,1,1,1
933,1,2060,1029,181,433,1,1,1
933,2,876,1078,151,439,1,1,1
933,3,1642,1050,172,469,1,1,1
933,4,1330,1057,116,386,1,1,1
933,8,768,1092,64,204,1,1,1
934,1,2060,1028,177,433,1,1,1
934,2,881,1077,148,439,1,1,1
934,3,1637,1047,169,472,1,1,1
934,4,1332,1056,115,387,1,1,1
934,8,769,1091,63,204,1,1,1
935,1,2060,1027,172,433,1,1,1
935,2,886,1076,146,439,1,1,1
935,3,1632,1044,166,474,1,1,1
935,4,1333,1056,115,386,1,1,1
935,8,769,1090,64,203,1,1,1
936,1,2060,1025,167,432,1,1,1
936,2,890,1075,143,439,1,1,1
936,3,1626,1040,163,477,1,1,1
936,4,1334,1055,114,386,1,1,1
936,8,769,1088,63,203,1,1,1
936,10,1750,1075,57,180,1,1,1
937,1,2063,1025,162,435,1,1,1
937,2,892,1075,142,438,1,1,1
937,3,1622,1040,162,478,1,1,1
937,4,1334,1053,115,387,1,1,1
937,8,770,1088,63,203,1,1,1
937,10,1750,1074,58,181,1,1,1
938,1,2065,1025,157,437,1,1,1
938,2,894,1074,139,439,1,1,1
938,3,1616,1040,162,479,1,1,1
938,4,1334,1051,115,388,1,1,1
938,8,770,1087,63,203,1,1,1
938,10,1750,1073,58,180,1,1,1
939,1,2066,1024,153,440,1,1,1
939,2,896,1074,136,438,1,1,1
939,3,1611,1039,161,480,1,1,1
939,4,1334,1049,115,389,1,1,1
939,8,771,1086,63,202,1,1,1
939,10,1749,1071,59,181,1,1,1
940,1,2068,1023,148,443,1,1,1
940,2,897,1073,135,438,1,1,1
940,3,1606,1039,161,480,1,1,1
940,4,1334,1047,116,390,1,1,1
940,8,771,1085,63,202,1,1,1
940,10,1749,1070,59,181,1,1,1
941,1,2070,1022,142,445,1,1,1
941,2,898,1072,132,438,1,1,1
941,3,1601,1038,159,480,1,1,1
941,4,1334,1045,115,390,1,1,1
941,8,771,1084,63,201,1,1,1
941,10,1748,1069,59,180,1,1,1
942,1,2071,1022,144,446,1,1,1
942,2,896,1072,137,437,1,1,1
942,3,1598,1038,159,481,1,1,1
942,4,1334,1046,115,391,1,1,1
942,8,772,1084,64,201,1,1,1
942,10,1749,1069,59,181,1,1,1
943,1,2072,1022,145,447,1,1,1
943,2,894,1072,142,435,1,1,1
943,3,1594,1039,160,480,1,1,1
943,4,1333,1046,116,391,1,1,1
943,8,772,1083,65,201,1,1,1
943,10,1749,1069,59,180,1,1,1
944,1,2073,1021,145,448,1,1,1
944,2,892,1072,146,433,1,1,1
944,3,1590,1039,160,480,1,1,1
944,4,1332,1047,116,391,1,1,1
944,8,773,1083,65,200,1,1,1
944,10,1750,1069,58,180,1,1,1
945,1,2074,1021,146,449,1,1,1
945,2,889,1072,152,431,1,1,1
945,3,1587,1040,160,478,1,1,1
945,4,1331,1048,116,391,1,1,1
945,8,773,1082,66,200,1,1,1
945,10,1750,1068,58,181,1,1,1
946,1,2075,1020,146,450,1,1,1
946,2,886,1071,156,430,1,1,1
946,3,1583,1040,160,478,1,1,1
946,4,1330,1048,116,391,1,1,1
946,5,963,1065,138,293,1,1,1
946,8,773,1081,66,200,1,1,1
946,10,1750,1068,58,180,1,1,1
947,1,2075,1017,148,452,1,1,1
947,2,888,1070,153,429,1,1,1
947,3,1577,1041,163,477,1,1,1
947,4,1329,1048,117,393,1,1,1
947,5,965,1065,136,290,1,1,1
947,8,773,1081,67,200,1,1,1
947,10,1750,1067,58,180,1,1,1
948,1,2075,1014,149,455,1,1,1
948,2,889,1068,150,428,1,1,1
948,3,1570,1041,167,477,1,1,1
948,4,1327,1048,119,393,1,1,1
948,5,967,1066,134,286,1,1,1
948,8,773,1080,67,201,1,1,1
948,10,1751,1066,57,180,1,1,1
949,1,2075,1011,150,457,1,1,1
949,2,891,1067,145,427,1,1,1
949,3,1563,1042,171,476,1,1,1
949,4,1326,1047,120,395,1,1,1
949,5,969,1066,132,283,1,1,1
949,8,772,1079,68,202,1,1,1
949,10,1751,1064,57,181,1,1,1
950,1,2075,1008,152,459,1,1,1
950,2,892,1065,142,426,1,1,1
950,3,1557,1043,174,475,1,1,1
950,4,1325,1047,120,396,1,1,1
950,5,971,1066,129,280,1,1,1
950,8,772,1078,68,202,1,1,1
950,10,1751,1063,57,181,1,1,1
951,1,2075,1005,152,461,1,1,1
951,2,893,1063,138,425,1,1,1
951,3,1550,1043,178,475,1,1,1
951,4,1323,1046,121,396,1,1,1
951,5,973,1066,126,276,1,1,1
951,8,771,1076,68,203,1,1,1
951,10,1751,1061,56,181,1,1,1
952,1,2076,1006,152,460,1,1,1
952,2,896,1062,134,423,1,1,1
952,3,1545,1042,175,476,1,1,1
952,4,1322,1045,122,397,1,1,1
952,5,981,1065,120,277,1,1,1
952,8,773,1076,67,203,1,1,1
952,10,1751,1061,57,182,1,1,1
953,1,2076,1006,152,460,1,1,1
953,2,899,1061,129,421,1,1,1
953,3,1539,1040,172,478,1,1,1
953,4,1320,1044,123,398,1,1,1
953,5,988,1064,114,278,1,1,1
953,8,774,1075,66,204,1,1,1
953,10,1751,1060,57,183,1,1,1
954,1,2077,1006,151,459,1,1,1
954,2,901,1060,126,419,1,1,1
954,3,1534,1039,168,479,1,1,1
954,4,1319,1043,123,398,1,1,1
954,5,995,1063,108,278,1,1,1
954,8,775,1075,65,203,1,1,1
954,10,1751,1060,57,183,1,1,1
955,1,2077,1006,151,458,1,1,1
955,2,904,1059,121,416,1,1,1
955,3,1529,1038,164,480,1,1,1
955,4,1317,1042,124,398,1,1,1
955,5,1002,1061,101,279,1,1,1
955,8,775,1074,65,203,1,1,1
955,10,1750,1059,58,184,1,1,1
956,1,2077,1005,150,458,1,1,1
956,2,906,1058,116,413,1,1,1
956,3,1523,1036,161,481,1,1,1
956,4,1315,1040,125,398,1,1,1
956,5,1009,1059,94,279,1,1,1
956,8,776,1073,63,202,1,1,1
956,10,1750,1058,58,185,1,1,1
957,1,2078,1005,151,458,1,1,1
957,2,909,1058,116,412,1,1,1
957,3,1518,1035,157,483,1,1,1
957,4,1314,1038,126,400,1,1,1
957,5,1017,1059,89,279,1,1,1
957,8,776,1073,64,203,1,1,1
957,10,1751,1058,58,184,1,1,1
958,1,2077,1005,152,458,1,1,1
958,2,910,1058,116,410,1,1,1
958,3,1512,1035,154,484,1,1,1
958,4,1312,1037,128,401,1,1,1
958,5,1024,1058,84,280,1,1,1
958,8,776,1072,65,203,1,1,1
958,10,1751,1058,58,183,1,1,1
959,1,2077,1004,153,459,1,1,1
959,2,912,1058,115,408,1,1,1
959,3,1506,1034,150,485,1,1,1
959,4,1310,1035,130,402,1,1,1
959,5,1031,1057,79,280,1,1,1
959,8,776,1072,65,202,1,1,1
959,10,1752,1058,57,182,1,1,1
960,1,2077,1004,154,458,1,1,1
960,2,914,1057,114,407,1,1,1
960,3,1500,1033,146,487,1,1,1
960,4,1309,1033,131,403,1,1,1
960,5,1038,1056,73,280,1,1,1
960,8,776,1071,65,203,1,1,1
960,10,1753,1057,56,182,1,1,1
961,1,2076,1003,155,458,1,1,1
961,2,915,1057,113,404,1,1,1
961,3,1494,1032,142,487,1,1,1
961,4,1307,1030,133,404,1,1,1
961,5,1045,1054,67,280,1,1,1
961,8,776,1070,64,202,1,1,1
961,10,1753,1057,55,180,1,1,1
962,1,2075,1002,154,459,1,1,1
962,2,919,1057,119,404,1,1,1
962,3,1489,1032,146,488,1,1,1
962,4,1307,1031,134,405,1,1,1
962,5,1049,1055,73,279,1,1,1
962,8,776,1070,65,202,1,1,1
962,10,1753,1057,57,181,1,1,1
963,1,2073,1001,153,458,1,1,1
963,2,923,1057,124,404,1,1,1
963,3,1483,1032,150,487,1,1,1
963,4,1306,1031,136,405,1,1,1
963,5,1052,1056,80,277,1,1,1
963,8,776,1070,65,201,1,1,1
963,10,1753,1056,58,181,1,1,1
964,1,2071,1001,153,457,1,1,1
964,2,927,1056,129,405,1,1,1
964,3,1478,1032,154,487,1,1,1
964,4,1305,1031,138,405,1,1,1
964,5,1055,1056,86,276,1,1,1
964,8,777,1070,64,200,1,1,1
964,10,1753,1056,58,180,1,1,1
965,1,2069,1000,152,457,1,1,1
965,2,931,1056,134,404,1,1,1
965,3,1473,1032,157,487,1,1,1
965,4,1305,1030,139,406,1,1,1
965,5,1058,1057,92,274,1,1,1
965,8,777,1070,64,200,1,1,1
965,10,1753,1055,59,181,1,1,1
966,1,2066,998,152,457,1,1,1
966,2,934,1055,139,404,1,1,1
966,3,1467,1032,160,485,1,1,1
966,4,1304,1030,140,406,1,1,1
966,5,1061,1057,97,271,1,1,1
966,8,776,1069,64,198,1,1,1
966,10,1752,1054,59,180,1,1,1
967,1,2062,998,156,457,1,1,1
967,2,935,1056,144,403,1,1,1
967,3,1459,1033,164,485,1,1,1
967,4,1305,1030,143,408,1,1,1
967,5,1062,1057,100,271,1,1,1
967,8,777,1069,64,199,1,1,1
967,10,1753,1054,59,181,1,1,1
968,1,2058,998,160,457,1,1,1
968,2,935,1056,148,402,1,1,1
968,3,1450,1033,168,484,1,1,1
968,4,1307,1030,144,410,1,1,1
968,5,1062,1056,103,271,1,1,1
968,8,778,1068,63,200,1,1,1
968,10,1754,1054,57,180,1,1,1
969,1,2054,997,164,457,1,1,1
969,2,936,1056,152,402,1,1,1
969,3,1442,1034,171,483,1,1,1
969,4,1308,1030,147,412,1,1,1
969,5,1062,1055,105,271,1,1,1
969,8,779,1067,62,200,1,1,1
969,10,1755,1054,55,179,1,1,1
970,1,2049,997,169,456,1,1,1
970,2,936,1056,157,401,1,1,1
970,3,1433,1034,175,483,1,1,1
970,4,1309,1031,149,412,1,1,1
970,5,1062,1054,108,271,1,1,1
970,8,779,1066,62,201,1,1,1
970,10,1756,1054,54,179,1,1,1
971,1,2044,996,172,456,1,1,1
971,2,936,1056,161,400,1,1,1
971,3,1424,1034,179,481,1,1,1
971,4,1310,1030,150,414,1,1,1
971,5,1061,1052,111,271,1,1,1
971,8,779,1065,61,201,1,1,1
971,10,1756,1054,52,178,1,1,1
972,1,2044,997,173,455,1,1,1
972,2,938,1056,161,398,1,1,1
972,3,1416,1033,181,484,1,1,1
972,4,1313,1030,152,415,1,1,1
972,5,1067,1052,106,270,1,1,1
972,8,780,1066,61,200,1,1,1
972,10,1756,1053,54,178,1,1,1
973,1,2043,997,173,454,1,1,1
973,2,939,1055,160,397,1,1,1
973,3,1408,1031,183,486,1,1,1
973,4,1315,1029,153,416,1,1,1
973,5,1072,1051,101,270,1,1,1
973,8,779,1066,62,200,1,1,1
973,10,1756,1053,54,177,1,1,1
974,1,2041,997,174,454,1,1,1
974,2,940,1055,160,394,1,1,1
974,3,1399,1030,187,487,1,1,1
974,4,1317,1029,154,417,1,1,1
974,5,1078,1050,95,269,1,1,1
974,8,779,1065,62,200,1,1,1
974,10,1756,1052,55,177,1,1,1
975,1,2040,997,174,453,1,1,1
975,2,941,1054,160,393,1,1,1
975,3,1391,1028,189,490,1,1,1
975,4,1319,1028,156,418,1,1,1
975,5,1083,1049,89,268,1,1,1
975,8,779,1065,62,200,1,1,1
975,10,1755,1051,56,177,1,1,1
976,1,2039,996,174,452,1,1,1
976,2,942,1053,158,390,1,1,1
976,3,1382,1026,190,491,1,1,1
976,4,1320,1027,157,418,1,1,1
976,5,1088,1048,83,266,1,1,1
976,8,778,1065,62,198,1,1,1
976,10,1755,1050,56,175,1,1,1
977,1,2032,996,182,453,1,1,1
977,2,950,1052,153,389,1,1,1
977,3,1376,1026,191,492,1,1,1
977,5,1096,1048,81,266,1,1,1
977,8,779,1064,63,200,1,1,1
977,10,1755,1050,56,176,1,1,1
978,1,2024,996,189,452,1,1,1
978,2,957,1050,148,388,1,1,1
978,3,1369,1025,192,493,1,1,1
978,5,1103,1047,78,266,1,1,1
978,8,779,1063,63,200,1,1,1
978,10,1755,1049,56,177,1,1,1
979,1,2017,996,196,451,1,1,1
979,2,965,1048,142,387,1,1,1
979,3,1363,1024,192,494,1,1,1
979,5,1110,1046,75,265,1,1,1
979,8,779,1062,64,201,1,1,1
979,10,1754,1049,57,176,1,1,1
980,1,2010,996,203,451,1,1,1
980,2,972,1047,137,385,1,1,1
980,3,1356,1023,193,495,1,1,1
980,5,1117,1046,72,264,1,1,1
980,8,779,1061,64,201,1,1,1
980,10,1754,1048,57,177,1,1,1
981,1,2002,995,210,450,1,1,1
981,2,979,1044,131,383,1,1,1
981,3,1349,1021,193,496,1,1,1
981,5,1124,1044,68,264,1,1,1
981,8,779,1059,64,202,1,1,1
981,10,1754,1047,56,177,1,1,1
982,1,1988,995,222,451,1,1,1
982,2,990,1045,138,383,1,1,1
982,3,1348,1021,188,498,1,1,1
982,5,1126,1046,78,263,1,1,1
982,8,779,1060,64,201,1,1,1
982,10,1754,1047,56,177,1,1,1
983,1,1974,995,233,451,1,1,1
983,2,1001,1046,145,381,1,1,1
983,3,1346,1020,184,499,1,1,1
983,5,1128,1047,87,261,1,1,1
983,8,779,1060,64,200,1,1,1
983,10,1754,1047,55,177,1,1,1
984,1,1960,995,243,451,1,1,1
984,2,1012,1046,151,381,1,1,1
984,3,1345,1018,179,501,1,1,1
984,5,1130,1048,95,260,1,1,1
984,8,779,1061,64,198,1,1,1
984,10,1754,1047,55,177,1,1,1
985,1,1946,995,254,450,1,1,1
985,2,1023,1046,158,380,1,1,1
985,3,1343,1017,175,503,1,1,1
985,5,1133,1048,103,259,1,1,1
985,8,779,1061,64,197,1,1,1
985,10,1753,1047,55,177,1,1,1
986,1,1932,994,265,450,1,1,1
986,2,1033,1046,165,378,1,1,1
986,3,1341,1016,170,504,1,1,1
986,5,1134,1049,112,257,1,1,1
986,8,778,1061,64,196,1,1,1
986,10,1753,1046,54,177,1,1,1
987,1,1937,995,251,451,1,1,1
987,2,1034,1046,168,379,1,1,1
987,3,1340,1017,170,503,1,1,1
987,5,1135,1048,114,258,1,1,1
987,8,779,1061,63,196,1,1,1
987,10,1754,1046,54,178,1,1,1
988,1,1943,995,236,452,1,1,1
988,2,1035,1045,170,379,1,1,1
988,3,1339,1017,169,503,1,1,1
988,5,1135,1046,117,259,1,1,1
988,8,779,1060,63,197,1,1,1
988,10,1754,1046,55,177,1,1,1
989,1,1948,995,222,453,1,1,1
989,2,1037,1045,172,378,1,1,1
989,3,1338,1018,168,502,1,1,1
989,5,1135,1045,120,259,1,1,1
989,8,780,1060,62,197,1,1,1
989,10,1754,1045,55,178,1,1,1
990,1,1954,994,207,454,1,1,1
990,2,1038,1044,174,378,1,1,1
990,3,1337,1019,167,501,1,1,1
990,5,1135,1043,122,260,1,1,1
990,8,780,1059,62,197,1,1,1
990,10,1755,1045,55,177,1,1,1
991,1,1959,994,192,454,1,1,1
991,2,1038,1043,176,378,1,1,1
991,3,1335,1019,166,500,1,1,1
991,5,1135,1041,124,259,1,1,1
991,8,780,1058,61,197,1,1,1
991,10,1755,1044,55,177,1,1,1
992,1,1956,994,189,454,1,1,1
992,2,1040,1042,173,378,1,1,1
992,3,1334,1018,168,502,1,1,1
992,5,1141,1041,119,259,1,1,1
992,8,780,1058,62,198,1,1,1
992,10,1755,1044,55,177,1,1,1
993,1,1953,994,185,452,1,1,1
993,2,1041,1041,171,378,1,1,1
993,3,1333,1016,169,503,1,1,1
993,5,1145,1040,114,259,1,1,1
993,8,780,1057,62,199,1,1,1
993,10,1755,1044,55,177,1,1,1
994,1,1950,993,181,452,1,1,1
994,2,1042,1041,168,376,1,1,1
994,3,1332,1015,169,504,1,1,1
994,5,1150,1039,109,258,1,1,1
994,8,780,1056,62,199,1,1,1
994,10,1755,1043,55,178,1,1,1
995,1,1947,993,177,450,1,1,1
995,2,1043,1040,165,376,1,1,1
995,3,1330,1013,171,505,1,1,1
995,5,1155,1038,104,258,1,1,1
995,8,780,1055,62,200,1,1,1
995,10,1755,1043,54,178,1,1,1
996,1,1944,992,173,449,1,1,1
996,2,1044,1038,162,375,1,1,1
996,3,1328,1012,171,505,1,1,1
996,5,1160,1037,98,257,1,1,1
996,8,779,1054,62,200,1,1,1
996,10,1755,1042,53,177,1,1,1
997,1,1942,993,175,448,1,1,1
997,2,1051,1035,158,378,1,1,1
997,3,1328,1012,172,506,1,1,1
997,5,1169,1036,91,258,1,1,1
997,8,780,1054,62,200,1,1,1
997,10,1756,1042,54,178,1,1,1
998,1,1939,993,178,447,1,1,1
998,2,1058,1031,153,380,1,1,1
998,3,1328,1012,172,506,1,1,1
998,5,1178,1035,84,258,1,1,1
998,8,781,1054,61,199,1,1,1
998,10,1756,1041,54,178,1,1,1
999,1,1937,993,180,446,1,1,1
999,2,1065,1028,149,381,1,1,1
999,3,1328,1013,173,506,1,1,1
999,5,1186,1034,77,259,1,1,1
999,8,782,1054,60,198,1,1,1
999,10,1757,1040,53,178,1,1,1
1000,1,1934,993,183,445,1,1,1
1000,2,1072,1024,144,383,1,1,1
1000,3,1327,1013,174,506,1,1,1
1000,5,1195,1033,70,259,1,1,1
1000,8,783,1054,59,197,1,1,1
1000,10,1757,1039,54,178,1,1,1
1001,1,1931,992,185,444,1,1,1
1001,2,1078,1020,139,384,1,1,1
1001,3,1326,1012,174,506,1,1,1
1001,5,1203,1031,62,260,1,1,1
1001,8,783,1053,59,196,1,1,1
1001,10,1757,1037,53,178,1,1,1
1002,1,1929,992,187,444,1,1,1
1002,2,1085,1023,138,379,1,1,1
1002,3,1326,1014,174,505,1,1,1
1002,5,1207,1032,70,260,1,1,1
1002,8,783,1053,60,197,1,1,1
1002,10,1757,1038,54,178,1,1,1
1003,1,1927,992,189,443,1,1,1
1003,2,1091,1026,137,374,1,1,1
1003,3,1325,1015,174,504,1,1,1
1003,5,1210,1033,77,259,1,1,1
1003,8,783,1053,61,197,1,1,1
1003,10,1757,1038,54,178,1,1,1
1004,1,1925,992,191,442,1,1,1
1004,2,1096,1028,137,370,1,1,1
1004,3,1325,1016,173,503,1,1,1
1004,5,1213,1033,84,259,1,1,1
1004,8,782,1053,62,196,1,1,1
1004,10,1757,1037,54,179,1,1,1
1005,1,1923,992,193,441,1,1,1
1005,2,1102,1031,136,365,1,1,1
1005,3,1324,1017,173,502,1,1,1
1005,5,1216,1034,91,258,1,1,1
1005,8,782,1052,63,197,1,1,1
1005,10,1757,1037,54,179,1,1,1
1006,1,1920,991,195,440,1,1,1
1006,2,1108,1033,134,360,1,1,1
1006,3,1323,1017,173,501,1,1,1
1006,5,1218,1034,99,257,1,1,1
1006,8,781,1051,63,197,1,1,1
1006,10,1756,1037,54,178,1,1,1
1007,1,1915,991,201,441,1,1,1
1007,2,1113,1032,135,360,1,1,1
1007,3,1322,1018,170,502,1,1,1
1007,5,1219,1035,102,256,1,1,1
1007,8,782,1051,63,198,1,1,1
1007,10,1756,1037,55,179,1,1,1
1008,1,1910,991,206,441,1,1,1
1008,2,1117,1031,136,360,1,1,1
1008,3,1321,1018,168,502,1,1,1
1008,5,1219,1035,106,254,1,1,1
1008,8,782,1051,63,198,1,1,1
1008,10,1756,1037,55,179,1,1,1
1009,1,1904,991,212,441,1,1,1
1009,2,1122,1029,137,361,1,1,1
1009,3,1320,1018,165,502,1,1,1
1009,5,1219,1036,110,252,1,1,1
1009,8,783,1051,62,199,1,1,1
1009,10,1756,1037,55,179,1,1,1
1010,1,1899,991,217,441,1,1,1
1010,2,1126,1028,138,361,1,1,1
1010,3,1319,1018,162,502,1,1,1
1010,5,1219,1036,113,251,1,1,1
1010,8,783,1050,62,200,1,1,1
1010,10,1756,1037,55,179,1,1,1
1011,1,1893,990,222,441,1,1,1
1011,2,1130,1026,138,361,1,1,1
1011,3,1317,1018,159,501,1,1,1
1011,5,1219,1036,116,249,1,1,1
1011,8,783,1050,61,200,1,1,1
1011,10,1755,1037,55,178,1,1,1
1012,1,1893,989,222,442,1,1,1
1012,2,1131,1027,143,361,1,1,1
1012,3,1316,1018,159,502,1,1,1
1012,5,1224,1035,113,250,1,1,1
1012,8,783,1050,62,200,1,1,1
1012,10,1756,1037,55,178,1,1,1
1013,1,1893,988,220,442,1,1,1
1013,2,1132,1026,147,361,1,1,1
1013,3,1314,1017,159,503,1,1,1
1013,5,1229,1034,110,250,1,1,1
1013,8,783,1050,62,199,1,1,1
1013,10,1756,1037,55,178,1,1,1
1014,1,1892,987,220,442,1,1,1
1014,2,1132,1026,151,361,1,1,1
1014,3,1312,1016,159,504,1,1,1
1014,5,1234,1032,107,252,1,1,1
1014,8,783,1049,62,200,1,1,1
1014,10,1756,1036,56,179,1,1,1
1015,1,1891,985,219,443,1,1,1
1015,2,1133,1026,155,360,1,1,1
1015,3,1310,1016,159,504,1,1,1
1015,5,1238,1031,105,252,1,1,1
1015,8,783,1049,62,199,1,1,1
1015,10,1756,1036,56,179,1,1,1
1016,1,1890,984,217,443,1,1,1
1016,2,1133,1025,159,360,1,1,1
1016,3,1307,1015,160,505,1,1,1
1016,5,1243,1029,100,253,1,1,1
1016,8,783,1048,61,198,1,1,1
1016,10,1755,1035,56,178,1,1,1
1017,1,1892,985,210,441,1,1,1
1017,2,1136,1026,161,358,1,1,1
1017,3,1306,1016,158,504,1,1,1
1017,8,783,1048,63,199,1,1,1
1017,10,1756,1035,57,179,1,1,1
1018,1,1894,985,202,440,1,1,1
1018,2,1139,1026,162,357,1,1,1
1018,3,1304,1018,156,501,1,1,1
1018,8,784,1048,62,199,1,1,1
1018,10,1756,1035,57,179,1,1,1
1019,1,1895,986,195,437,1,1,1
1019,2,1141,1027,164,355,1,1,1
1019,3,1302,1019,154,500,1,1,1
1019,8,784,1047,63,200,1,1,1
1019,10,1756,1034,57,180,1,1,1
1020,1,1897,986,186,436,1,1,1
1020,2,1144,1027,165,354,1,1,1
1020,3,1300,1021,152,497,1,1,1
1020,8,784,1047,63,200,1,1,1
1020,10,1757,1033,56,181,1,1,1
1021,1,1897,986,179,434,1,1,1
1021,2,1146,1027,166,352,1,1,1
1021,3,1298,1022,150,495,1,1,1
1021,8,783,1046,63,200,1,1,1
1021,10,1756,1032,55,181,1,1,1
1022,1,1895,987,171,434,1,1,1
1022,2,1156,1027,163,351,1,1,1
1022,3,1296,1021,152,497,1,1,1
1022,8,784,1046,63,200,1,1,1
1022,10,1757,1033,56,181,1,1,1
1023,1,1892,988,163,433,1,1,1
1023,2,1166,1027,159,351,1,1,1
1023,3,1293,1020,155,498,1,1,1
1023,8,784,1046,64,200,1,1,1
1023,10,1757,1033,56,180,1,1,1
1024,1,1890,989,154,432,1,1,1
1024,2,1176,1027,155,350,1,1,1
1024,3,1290,1019,158,500,1,1,1
1024,8,784,1046,64,199,1,1,1
1024,10,1757,1033,56,180,1,1,1
1025,1,1887,989,146,432,1,1,1
1025,2,1186,1027,151,349,1,1,1
1025,3,1287,1018,160,501,1,1,1
1025,8,784,1046,64,199,1,1,1
1025,10,1758,1034,55,179,1,1,1
1026,1,1884,990,137,430,1,1,1
1026,2,1195,1026,146,349,1,1,1
1026,3,1284,1017,162,501,1,1,1
1026,8,784,1045,63,198,1,1,1
1026,10,1757,1033,55,178,1,1,1
1027,1,1883,990,138,431,1,1,1
1027,2,1200,1026,139,350,1,1,1
1027,3,1281,1017,165,502,1,1,1
1027,8,785,1045,63,199,1,1,1
1027,10,1758,1034,55,179,1,1,1
1028,1,1881,990,138,431,1,1,1
1028,2,1205,1026,130,349,1,1,1
1028,3,1278,1017,166,502,1,1,1
1028,8,785,1045,63,199,1,1,1
1028,10,1758,1034,56,178,1,1,1
1029,1,1880,991,138,430,1,1,1
1029,2,1210,1025,121,350,1,1,1
1029,3,1275,1016,168,503,1,1,1
1029,8,785,1045,62,198,1,1,1
1029,10,1758,1034,56,178,1,1,1
1030,1,1878,991,139,430,1,1,1
1030,2,1215,1025,112,350,1,1,1
1030,3,1271,1016,171,503,1,1,1
1030,8,786,1045,61,198,1,1,1
1030,10,1759,1033,55,179,1,1,1
1031,1,1876,990,139,430,1,1,1
1031,2,1220,1024,103,350,1,1,1
1031,3,1268,1015,171,503,1,1,1
1031,4,1351,1008,122,426,1,1,1
1031,8,786,1044,61,197,1,1,1
1031,10,1758,1033,55,178,1,1,1
1032,1,1876,992,140,429,1,1,1
1032,3,1265,1014,171,505,1,1,1
1032,4,1352,1008,123,429,1,1,1
1032,8,786,1044,62,198,1,1,1
1032,10,1759,1033,55,179,1,1,1
1033,1,1875,992,140,429,1,1,1
1033,3,1262,1012,170,507,1,1,1
1033,4,1352,1008,124,431,1,1,1
1033,8,786,1044,62,198,1,1,1
1033,10,1759,1034,55,178,1,1,1
1034,1,1875,993,140,429,1,1,1
1034,3,1259,1011,168,508,1,1,1
1034,4,1353,1008,124,433,1,1,1
1034,8,786,1044,62,198,1,1,1
1034,10,1759,1034,55,178,1,1,1
1035,1,1874,994,141,428,1,1,1
1035,3,1256,1010,167,509,1,1,1
1035,4,1354,1007,124,435,1,1,1
1035,8,786,1044,63,198,1,1,1
1035,10,1759,1034,55,178,1,1,1
1036,1,1873,994,140,427,1,1,1
1036,3,1253,1008,165,510,1,1,1
1036,4,1354,1006,125,437,1,1,1
1036,8,786,1043,62,198,1,1,1
1036,10,1759,1034,55,178,1,1,1
1037,1,1873,995,140,426,1,1,1
1037,3,1245,1011,173,508,1,1,1
1037,4,1356,1006,125,440,1,1,1
1037,8,786,1044,63,199,1,1,1
1037,10,1758,1035,57,177,1,1,1
1038,1,1873,995,138,425,1,1,1
1038,3,1238,1013,179,506,1,1,1
1038,4,1357,1005,125,443,1,1,1
1038,8,786,1044,64,199,1,1,1
1038,10,1757,1035,58,178,1,1,1
1039,1,1873,995,137,425,1,1,1
1039,3,1230,1015,187,504,1,1,1
1039,4,1358,1005,125,446,1,1,1
1039,8,786,1045,64,198,1,1,1
1039,10,1757,1036,59,177,1,1,1
1040,1,1872,995,136,424,1,1,1
1040,3,1223,1018,193,500,1,1,1
1040,4,1359,1004,125,449,1,1,1
1040,8,785,1045,65,198,1,1,1
1040,10,1756,1036,60,177,1,1,1
1041,1,1871,995,135,423,1,1,1
1041,3,1215,1020,200,498,1,1,1
1041,4,1360,1003,125,451,1,1,1
1041,8,785,1045,65,198,1,1,1
1041,10,1755,1036,61,176,1,1,1
1042,1,1870,995,136,422,1,1,1
1042,3,1206,1020,204,498,1,1,1
1042,4,1361,1004,129,451,1,1,1
1042,8,785,1045,65,198,1,1,1
1042,10,1756,1036,60,177,1,1,1
1043,1,1869,994,136,421,1,1,1
1043,3,1197,1020,207,498,1,1,1
1043,4,1361,1004,133,452,1,1,1
1043,8,785,1044,64,199,1,1,1
1043,10,1756,1036,60,178,1,1,1
1044,1,1868,994,136,419,1,1,1
1044,3,1188,1020,211,498,1,1,1
1044,4,1362,1005,137,451,1,1,1
1044,8,786,1044,63,198,1,1,1
1044,10,1757,1036,59,178,1,1,1
1045,1,1867,993,137,418,1,1,1
1045,3,1180,1021,213,496,1,1,1
1045,4,1362,1005,142,452,1,1,1
1045,8,786,1043,63,199,1,1,1
1045,10,1758,1035,58,179,1,1,1
1046,1,1865,993,137,416,1,1,1
1046,3,1170,1020,216,496,1,1,1
1046,4,1362,1005,145,451,1,1,1
1046,8,786,1043,62,198,1,1,1
1046,10,1758,1034,56,179,1,1,1
1047,1,1866,993,137,414,1,1,1
1047,3,1170,1020,213,498,1,1,1
1047,4,1366,1005,146,453,1,1,1
1047,8,788,1042,62,199,1,1,1
1047,10,1759,1034,57,180,1,1,1
1048,1,1867,993,137,411,1,1,1
1048,3,1169,1018,209,500,1,1,1
1048,4,1370,1004,145,454,1,1,1
1048,8,789,1042,63,199,1,1,1
1048,10,1760,1033,58,180,1,1,1
1049,1,1867,993,138,408,1,1,1
1049,3,1168,1017,205,502,1,1,1
1049,4,1374,1003,144,456,1,1,1
1049,8,791,1041,62,199,1,1,1
1049,10,1761,1031,58,182,1,1,1
1050,1,1868,994,138,405,1,1,1
1050,3,1168,1016,200,503,1,1,1
1050,4,1378,1003,144,457,1,1,1
1050,8,792,1040,63,200,1,1,1
1050,10,1762,1030,58,183,1,1,1
1051,1,1868,993,137,402,1,1,1
1051,2,1300,1025,93,333,1,1,1
1051,3,1166,1014,195,505,1,1,1
1051,4,1381,1002,143,458,1,1,1
1051,5,1381,1018,79,252,1,1,1
1051,8,793,1039,62,200,1,1,1
1051,10,1762,1029,58,183,1,1,1
1052,1,1869,995,137,402,1,1,1
1052,2,1305,1025,99,334,1,1,1
1052,3,1169,1016,191,504,1,1,1
1052,4,1389,1003,140,459,1,1,1
1052,5,1383,1020,80,252,1,1,1
1052,8,795,1040,63,200,1,1,1
1052,10,1764,1031,59,183,1,1,1
1053,1,1868,996,137,401,1,1,1
1053,2,1310,1025,105,336,1,1,1
1053,3,1171,1017,187,503,1,1,1
1053,4,1398,1004,135,459,1,1,1
1053,5,1385,1021,80,251,1,1,1
1053,8,796,1041,64,200,1,1,1
1053,10,1766,1032,59,183,1,1,1
1054,1,1868,997,136,401,1,1,1
1054,2,1315,1025,110,337,1,1,1
1054,3,1173,1018,182,502,1,1,1
1054,4,1406,1005,131,459,1,1,1
1054,5,1387,1023,80,250,1,1,1
1054,8,798,1042,64,200,1,1,1
1054,10,1767,1033,60,183,1,1,1
1055,1,1868,998,135,401,1,1,1
1055,2,1320,1025,115,338,1,1,1
1055,3,1174,1020,179,500,1,1,1
1055,4,1414,1006,127,459,1,1,1
1055,5,1388,1024,81,250,1,1,1
1055,8,799,1043,64,200,1,1,1
1055,10,1769,1035,60,182,1,1,1
1056,1,1868,998,134,401,1,1,1
1056,2,1325,1025,120,338,1,1,1
1056,3,1176,1020,173,499,1,1,1
1056,4,1422,1006,122,459,1,1,1
1056,5,1390,1025,80,250,1,1,1
1056,8,800,1043,65,200,1,1,1
1056,10,1770,1036,59,181,1,1,1
1057,1,1865,998,135,402,1,1,1
1057,2,1327,1026,124,337,1,1,1
1057,3,1172,1021,170,496,1,1,1
1057,4,1425,1006,124,460,1,1,1
1057,5,1391,1025,81,251,1,1,1
1057,8,800,1042,65,201,1,1,1
1057,10,1770,1036,60,182,1,1,1
1058,1,1863,998,135,402,1,1,1
1058,2,1328,1027,129,336,1,1,1
1058,3,1167,1022,166,493,1,1,1
1058,4,1428,1006,125,459,1,1,1
1058,5,1392,1025,80,252,1,1,1
1058,8,799,1041,66,202,1,1,1
1058,10,1770,1036,60,182,1,1,1
1059,1,1860,998,135,402,1,1,1
1059,2,1330,1028,132,334,1,1,1
1059,3,1162,1022,163,490,1,1,1
1059,4,1431,1005,127,459,1,1,1
1059,5,1392,1025,81,253,1,1,1
1059,8,799,1040,66,202,1,1,1
1059,10,1770,1036,60,181,1,1,1
1060,1,1857,998,135,402,1,1,1
1060,2,1332,1028,136,333,1,1,1
1060,3,1157,1023,160,486,1,1,1
1060,4,1434,1005,128,458,1,1,1
1060,5,1393,1025,81,253,1,1,1
1060,8,798,1039,67,203,1,1,1
1060,10,1769,1036,60,181,1,1,1
1061,1,1854,997,135,402,1,1,1
1061,2,1333,1029,139,331,1,1,1
1061,3,1152,1022,156,483,1,1,1
1061,4,1437,1004,129,458,1,1,1
1061,5,1393,1025,81,254,1,1,1
1061,8,797,1037,66,204,1,1,1
1061,10,1768,1035,60,181,1,1,1
1062,1,1852,999,136,401,1,1,1
1062,2,1336,1030,138,330,1,1,1
1062,3,1150,1023,155,484,1,1,1
1062,4,1443,1005,140,459,1,1,1
1062,8,798,1039,66,203,1,1,1
1062,10,1769,1036,60,181,1,1,1
1063,1,1850,1001,136,399,1,1,1
1063,2,1338,1031,138,328,1,1,1
1063,3,1147,1022,154,485,1,1,1
1063,4,1448,1006,150,459,1,1,1
1063,8,798,1040,66,202,1,1,1
1063,10,1770,1037,59,181,1,1,1
1064,1,1848,1003,137,397,1,1,1
1064,2,1341,1031,137,327,1,1,1
1064,3,1145,1022,153,486,1,1,1
1064,4,1454,1007,160,459,1,1,1
1064,8,799,1042,64,200,1,1,1
1064,10,1770,1038,58,181,1,1,1
1065,1,1846,1004,137,396,1,1,1
1065,2,1344,1032,135,325,1,1,1
1065,3,1143,1022,151,486,1,1,1
1065,4,1459,1007,171,460,1,1,1
1065,8,799,1043,64,200,1,1,1
1065,10,1771,1039,57,180,1,1,1
1066,1,1844,1005,137,394,1,1,1
1066,2,1346,1032,134,323,1,1,1
1066,3,1140,1021,150,487,1,1,1
1066,4,1464,1008,181,459,1,1,1
1066,8,799,1044,62,198,1,1,1
1066,10,1771,1039,56,180,1,1,1
1067,1,1841,1006,140,393,1,1,1
1067,2,1354,1033,128,324,1,1,1
1067,3,1138,1022,150,487,1,1,1
1067,4,1465,1009,183,459,1,1,1
1067,8,799,1044,63,199,1,1,1
1067,10,1771,1040,56,180,1,1,1
1068,1,1838,1007,142,391,1,1,1
1068,2,1361,1032,123,325,1,1,1
1068,3,1136,1023,149,487,1,1,1
1068,4,1465,1010,185,457,1,1,1
1068,8,799,1045,63,198,1,1,1
1068,10,1771,1041,56,179,1,1,1
1069,1,1834,1007,145,390,1,1,1
1069,2,1369,1032,116,326,1,1,1
1069,3,1134,1024,148,486,1,1,1
1069,4,1465,1011,187,456,1,1,1
1069,8,799,1045,62,198,1,1,1
1069,10,1770,1041,56,179,1,1,1
1070,1,1831,1008,147,388,1,1,1
1070,2,1376,1032,111,326,1,1,1
1070,3,1132,1025,147,486,1,1,1
1070,4,1465,1011,189,456,1,1,1
1070,8,799,1045,62,199,1,1,1
1070,10,1770,1041,56,180,1,1,1
1071,1,1827,1008,149,386,1,1,1
1071,2,1383,1032,104,326,1,1,1
1071,3,1130,1025,146,485,1,1,1
1071,4,1464,1012,191,454,1,1,1
1071,8,798,1045,61,198,1,1,1
1071,10,1770,1041,55,179,1,1,1
1072,1,1825,1008,149,387,1,1,1
1072,2,1387,1032,106,326,1,1,1
1072,3,1128,1026,146,484,1,1,1
1072,4,1467,1012,189,456,1,1,1
1072,8,799,1046,62,198,1,1,1
1072,10,1770,1042,55,179,1,1,1
1073,1,1823,1008,148,386,1,1,1
1073,2,1390,1032,108,326,1,1,1
1073,3,1126,1027,145,481,1,1,1
1073,4,1469,1011,187,457,1,1,1
1073,8,798,1046,63,198,1,1,1
1073,10,1770,1042,55,179,1,1,1
1074,1,1820,1008,148,386,1,1,1
1074,2,1393,1032,110,326,1,1,1
1074,3,1124,1028,144,479,1,1,1
1074,4,1470,1011,186,458,1,1,1
1074,8,798,1046,64,198,1,1,1
1074,10,1770,1042,55,179,1,1,1
1075,1,1818,1008,147,385,1,1,1
1075,2,1396,1032,112,326,1,1,1
1075,3,1122,1028,143,478,1,1,1
1075,4,1472,1010,184,460,1,1,1
1075,8,797,1046,65,198,1,1,1
1075,10,1770,1042,56,179,1,1,1
1076,1,1815,1008,147,384,1,1,1
1076,2,1399,1032,113,325,1,1,1
1076,3,1120,1029,142,475,1,1,1
1076,4,1474,1010,182,460,1,1,1
1076,5,1365,1033,101,256,1,1,1
1076,8,797,1046,64,198,1,1,1
1076,10,1770,1041,55,179,1,1,1
1077,1,1813,1009,147,381,1,1,1
1077,2,1402,1033,112,325,1,1,1
1077,3,1119,1029,142,472,1,1,1
1077,4,1485,1010,172,461,1,1,1
1077,5,1363,1033,100,257,1,1,1
1077,8,797,1047,64,198,1,1,1
1077,10,1770,1042,56,179,1,1,1
1078,1,1811,1009,147,379,1,1,1
1078,2,1405,1034,111,324,1,1,1
1078,3,1117,1029,143,469,1,1,1
1078,4,1496,1010,160,462,1,1,1
1078,5,1361,1033,97,257,1,1,1
1078,8,797,1047,64,198,1,1,1
1078,10,1769,1043,57,179,1,1,1
1079,1,1809,1010,146,375,1,1,1
1079,2,1408,1034,109,323,1,1,1
1079,3,1116,1030,143,465,1,1,1
1079,4,1507,1010,149,463,1,1,1
1079,5,1359,1032,95,258,1,1,1
1079,8,797,1047,63,198,1,1,1
1079,10,1769,1043,57,179,1,1,1
1080,1,1806,1010,147,373,1,1,1
1080,2,1411,1035,108,322,1,1,1
1080,3,1115,1030,142,461,1,1,1
1080,4,1518,1010,138,463,1,1,1
1080,5,1357,1032,93,259,1,1,1
1080,8,797,1047,63,199,1,1,1
1080,10,1769,1044,57,179,1,1,1
1081,1,1804,1010,146,370,1,1,1
1081,2,1413,1035,106,320,1,1,1
1081,3,1113,1029,142,458,1,1,1
1081,4,1528,1009,127,464,1,1,1
1081,5,1355,1031,90,258,1,1,1
1081,8,796,1047,63,198,1,1,1
1081,10,1768,1044,57,178,1,1,1
1082,1,1804,1012,141,369,1,1,1
1082,2,1417,1036,104,321,1,1,1
1082,3,1112,1030,142,456,1,1,1
1082,4,1531,1009,134,465,1,1,1
1082,5,1354,1032,88,260,1,1,1
1082,8,796,1048,64,198,1,1,1
1082,10,1768,1045,57,178,1,1,1
1083,1,1804,1013,135,369,1,1,1
1083,2,1420,1037,102,320,1,1,1
1083,3,1111,1030,142,454,1,1,1
1083,4,1534,1009,139,465,1,1,1
1083,5,1353,1032,85,261,1,1,1
1083,8,796,1048,64,198,1,1,1
1083,10,1768,1045,57,179,1,1,1
1084,1,1803,1014,130,368,1,1,1
1084,2,1423,1037,99,320,1,1,1
1084,3,1109,1030,142,452,1,1,1
1084,4,1536,1009,146,465,1,1,1
1084,5,1352,1033,82,262,1,1,1
1084,8,796,1048,64,198,1,1,1
1084,10,1768,1045,57,179,1,1,1
1085,1,1803,1015,124,367,1,1,1
1085,2,1426,1038,97,319,1,1,1
1085,3,1108,1030,142,450,1,1,1
1085,4,1538,1009,153,465,1,1,1
1085,5,1350,1033,80,263,1,1,1
1085,8,796,1049,64,197,1,1,1
1085,10,1768,1045,57,179,1,1,1
1086,1,1803,1015,118,366,1,1,1
1086,2,1429,1038,94,319,1,1,1
1086,3,1106,1030,141,448,1,1,1
1086,4,1540,1009,158,464,1,1,1
1086,5,1348,1033,77,264,1,1,1
1086,8,795,1048,64,197,1,1,1
1086,10,1768,1044,56,179,1,1,1
1087,1,1802,1016,117,367,1,1,1
1087,2,1433,1039,94,317,1,1,1
1087,3,1101,1031,145,448,1,1,1
1087,4,1542,1010,164,463,1,1,1
1087,5,1347,1034,78,264,1,1,1
1087,8,795,1049,64,198,1,1,1
1087,10,1768,1045,57,180,1,1,1
1088,1,1801,1016,117,368,1,1,1
1088,2,1436,1039,94,314,1,1,1
1088,3,1096,1032,148,448,1,1,1
1088,4,1543,1010,169,463,1,1,1
1088,5,1346,1036,78,263,1,1,1
1088,8,795,1050,64,197,1,1,1
1088,10,1768,1046,58,179,1,1,1
1089,1,1801,1017,115,367,1,1,1
1089,2,1439,1040,94,311,1,1,1
1089,3,1091,1034,150,447,1,1,1
1089,4,1544,1011,175,462,1,1,1
1089,5,1344,1037,78,263,1,1,1
1089,8,794,1050,64,198,1,1,1
1089,10,1767,1046,61,180,1,1,1
1090,1,1800,1017,114,368,1,1,1
1090,2,1442,1040,94,309,1,1,1
1090,3,1086,1035,153,447,1,1,1
1090,4,1545,1011,181,462,1,1,1
1090,5,1343,1038,78,262,1,1,1
1090,8,794,1050,63,198,1,1,1
1090,10,1767,1047,62,179,1,1,1
1091,1,1798,1017,113,367,1,1,1
1091,2,1444,1040,94,306,1,1,1
1091,3,1080,1035,156,447,1,1,1
1091,4,1545,1011,186,460,1,1,1
1091,5,1341,1039,78,262,1,1,1
1091,8,793,1050,63,197,1,1,1
1091,10,1766,1047,63,179,1,1,1
1092,1,1799,1018,113,367,1,1,1
1092,2,1447,1040,95,308,1,1,1
1092,3,1080,1037,153,445,1,1,1
1092,4,1548,1012,183,461,1,1,1
1092,5,1340,1039,79,264,1,1,1
1092,8,793,1051,63,198,1,1,1
1092,10,1766,1048,63,178,1,1,1
1093,1,1799,1019,113,366,1,1,1
1093,2,1449,1040,96,309,1,1,1
1093,3,1080,1038,150,444,1,1,1
1093,4,1551,1013,179,460,1,1,1
1093,5,1339,1038,79,266,1,1,1
1093,8,792,1051,64,199,1,1,1
1093,10,1766,1049,62,177,1,1,1
1094,1,1799,1020,112,364,1,1,1
1094,2,1452,1040,96,310,1,1,1
1094,3,1079,1039,148,443,1,1,1
1094,4,1553,1014,176,459,1,1,1
1094,5,1337,1038,80,268,1,1,1
1094,8,792,1051,64,200,1,1,1
1094,10,1766,1049,61,177,1,1,1
1095,1,1799,1021,112,363,1,1,1
1095,2,1454,1040,98,311,1,1,1
1095,3,1079,1040,144,442,1,1,1
1095,4,1555,1015,173,458,1,1,1
1095,5,1336,1038,81,270,1,1,1
1095,8,791,1052,65,199,1,1,1
1095,10,1766,1050,60,176,1,1,1
1096,1,1798,1021,112,362,1,1,1
1096,2,1456,1040,98,312,1,1,1
1096,3,1078,1041,141,440,1,1,1
1096,4,1557,1016,169,457,1,1,1
1096,5,1334,1037,81,272,1,1,1
1096,8,790,1052,65,200,1,1,1
1096,10,1765,1050,60,174,1,1,1
1097,1,1800,1021,110,362,1,1,1
1097,2,1459,1041,105,311,1,1,1
1097,3,1079,1041,137,438,1,1,1
1097,4,1559,1016,163,457,1,1,1
1097,5,1334,1037,81,273,1,1,1
1097,8,791,1052,65,199,1,1,1
1097,10,1766,1051,59,175,1,1,1
1098,1,1801,1022,109,360,1,1,1
1098,2,1462,1042,111,309,1,1,1
1098,3,1078,1041,134,436,1,1,1
1098,4,1561,1016,156,456,1,1,1
1098,5,1333,1037,81,274,1,1,1
1098,8,791,1053,64,198,1,1,1
1098,10,1766,1051,59,175,1,1,1
1099,1,1802,1022,108,359,1,1,1
1099,2,1464,1043,118,308,1,1,1
1099,3,1078,1041,130,434,1,1,1
1099,4,1562,1017,151,454,1,1,1
1099,5,1332,1036,81,275,1,1,1
1099,8,791,1053,64,197,1,1,1
1099,10,1766,1051,59,176,1,1,1
1100,1,1802,1022,107,358,1,1,1
1100,2,1467,1044,124,307,1,1,1
1100,3,1078,1041,126,432,1,1,1
1100,4,1564,1017,144,454,1,1,1
1100,5,1332,1036,80,276,1,1,1
1100,8,791,1054,63,196,1,1,1
1100,10,1766,1051,58,176,1,1,1
1101,1,1803,1021,105,357,1,1,1
1101,2,1470,1044,129,305,1,1,1
1101,3,1078,1041,121,429,1,1,1
1101,4,1565,1017,137,452,1,1,1
1101,5,1331,1035,80,277,1,1,1
1101,8,790,1054,63,195,1,1,1
1101,10,1766,1050,57,177,1,1,1
1102,1,1803,1022,106,356,1,1,1
1102,2,1474,1045,127,304,1,1,1
1102,3,1075,1042,122,426,1,1,1
1102,4,1568,1017,136,452,1,1,1
1102,5,1330,1036,81,277,1,1,1
1102,8,791,1054,63,196,1,1,1
1102,10,1766,1050,59,178,1,1,1
1103,1,1803,1021,106,356,1,1,1
1103,2,1479,1044,122,303,1,1,1
1103,3,1071,1042,124,422,1,1,1
1103,4,1571,1016,133,451,1,1,1
1103,5,1329,1036,82,277,1,1,1
1103,8,792,1054,62,196,1,1,1
1103,10,1766,1050,60,178,1,1,1
1104,1,1803,1021,106,355,1,1,1
1104,2,1483,1044,119,302,1,1,1
1104,3,1068,1042,124,419,1,1,1
1104,4,1573,1016,132,449,1,1,1
1104,5,1328,1036,82,277,1,1,1
1104,8,792,1055,62,196,1,1,1
1104,10,1765,1050,62,178,1,1,1
1105,1,1803,1021,106,354,1,1,1
1105,2,1488,1044,115,300,1,1,1
1105,3,1064,1042,126,415,1,1,1
1105,4,1576,1015,129,449,1,1,1
1105,5,1327,1036,83,278,1,1,1
1105,8,793,1055,61,196,1,1,1
1105,10,1765,1050,63,179,1,1,1
1106,1,1803,1020,105,352,1,1,1
1106,2,1491,1043,111,298,1,1,1
1106,3,1060,1042,126,411,1,1,1
1106,4,1578,1014,127,447,1,1,1
1106,5,1326,1035,82,278,1,1,1
1106,8,793,1055,60,196,1,1,1
1106,10,1764,1049,64,179,1,1,1
1107,1,1806,1021,107,351,1,1,1
1107,2,1498,1043,109,300,1,1,1
1107,3,1063,1043,126,411,1,1,1
1107,4,1583,1015,128,445,1,1,1
1107,5,1329,1037,82,278,1,1,1
1107,8,796,1054,61,198,1,1,1
1107,10,1768,1049,63,180,1,1,1
1108,1,1809,1022,108,349,1,1,1
1108,2,1503,1041,108,302,1,1,1
1108,3,1064,1043,127,412,1,1,1
1108,4,1588,1015,128,443,1,1,1
1108,5,1331,1037,83,280,1,1,1
1108,8,800,1054,60,198,1,1,1
1108,10,1771,1049,63,181,1,1,1
1109,1,1812,1022,109,347,1,1,1
1109,2,1509,1040,105,303,1,1,1
1109,3,1066,1043,126,412,1,1,1
1109,4,1593,1015,129,441,1,1,1
1109,5,1333,1038,83,281,1,1,1
1109,8,803,1053,60,199,1,1,1
1109,10,1775,1049,61,181,1,1,1
1110,1,1814,1023,111,345,1,1,1
1110,2,1515,1039,103,304,1,1,1
1110,3,1067,1043,127,413,1,1,1
1110,4,1598,1015,129,439,1,1,1
1110,5,1335,1039,83,281,1,1,1
1110,8,806,1052,60,200,1,1,1
1110,10,1778,1049,61,182,1,1,1
1111,1,1817,1022,111,343,1,1,1
1111,2,1520,1037,101,304,1,1,1
1111,3,1068,1043,126,412,1,1,1
1111,4,1603,1014,128,436,1,1,1
1111,5,1336,1040,83,281,1,1,1
1111,8,809,1051,59,200,1,1,1
1111,10,1781,1049,59,181,1,1,1
1112,1,1820,1023,113,344,1,1,1
1112,2,1527,1038,98,304,1,1,1
1112,3,1073,1044,126,411,1,1,1
1112,4,1608,1015,130,438,1,1,1
1112,5,1338,1040,85,283,1,1,1
1112,8,813,1051,61,200,1,1,1
1112,10,1785,1050,59,181,1,1,1
1113,1,1824,1023,113,345,1,1,1
1113,2,1534,1038,95,304,1,1,1
1113,3,1076,1044,126,410,1,1,1
1113,4,1612,1015,133,440,1,1,1
1113,5,1339,1039,85,286,1,1,1
1113,8,817,1051,62,199,1,1,1
1113,10,1788,1050,59,181,1,1,1
1114,1,1827,1023,114,346,1,1,1
1114,2,1540,1038,93,304,1,1,1
1114,3,1080,1044,125,409,1,1,1
1114,4,1616,1015,135,442,1,1,1
1114,5,1340,1038,86,289,1,1,1
1114,8,821,1051,64,199,1,1,1
1114,10,1791,1051,60,180,1,1,1
1115,1,1830,1023,116,346,1,1,1
1115,2,1547,1038,89,304,1,1,1
1115,3,1083,1045,125,406,1,1,1
1115,4,1621,1015,136,443,1,1,1
1115,5,1341,1037,87,291,1,1,1
1115,8,825,1050,65,199,1,1,1
1115,10,1794,1051,60,181,1,1,1
1116,1,1833,1023,116,346,1,1,1
1116,2,1553,1038,86,303,1,1,1
1116,3,1086,1045,125,405,1,1,1
1116,4,1625,1015,138,445,1,1,1
1116,5,1341,1036,88,293,1,1,1
1116,8,828,1050,66,198,1,1,1
1116,10,1796,1051,60,180,1,1,1
1117,1,1837,1022,117,348,1,1,1
1117,2,1558,1037,88,304,1,1,1
1117,3,1091,1044,124,405,1,1,1
1117,4,1629,1015,139,444,1,1,1
1117,5,1343,1035,91,294,1,1,1
1117,8,832,1049,67,198,1,1,1
1117,10,1801,1051,60,180,1,1,1
1118,1,1841,1021,117,349,1,1,1
1118,2,1564,1036,88,304,1,1,1
1118,3,1095,1044,124,404,1,1,1
1118,4,1633,1016,140,443,1,1,1
1118,5,1344,1033,93,295,1,1,1
1118,8,836,1048,67,198,1,1,1
1118,10,1806,1050,60,181,1,1,1
1119,1,1845,1021,116,348,1,1,1
1119,2,1569,1035,88,304,1,1,1
1119,3,1100,1043,122,403,1,1,1
1119,4,1637,1016,141,442,1,1,1
1119,5,1345,1031,96,296,1,1,1
1119,8,840,1046,67,200,1,1,1
1119,10,1810,1049,60,181,1,1,1
1120,1,1848,1020,117,349,1,1,1
1120,2,1574,1034,89,304,1,1,1
1120,3,1104,1042,122,403,1,1,1
1120,4,1642,1016,141,441,1,1,1
1120,5,1347,1029,97,297,1,1,1
1120,8,844,1045,67,200,1,1,1
1120,10,1814,1049,61,181,1,1,1
1121,1,1852,1018,116,350,1,1,1
1121,2,1579,1033,89,304,1,1,1
1121,3,1108,1041,120,402,1,1,1
1121,4,1645,1016,141,439,1,1,1
1121,5,1347,1027,100,297,1,1,1
1121,8,847,1043,66,200,1,1,1
1121,10,1818,1047,60,181,1,1,1
1122,1,1855,1019,117,350,1,1,1
1122,2,1584,1034,88,304,1,1,1
1122,3,1113,1041,121,399,1,1,1
1122,4,1651,1017,141,440,1,1,1
1122,5,1350,1027,100,298,1,1,1
1122,8,852,1044,65,199,1,1,1
1122,10,1822,1047,60,183,1,1,1
1123,1,1858,1019,117,350,1,1,1
1123,2,1590,1035,86,303,1,1,1
1123,3,1118,1040,120,396,1,1,1
1123,4,1655,1017,141,440,1,1,1
1123,5,1352,1028,101,297,1,1,1
1123,8,855,1045,65,198,1,1,1
1123,10,1825,1047,61,183,1,1,1
1124,1,1861,1020,116,350,1,1,1
1124,2,1595,1036,85,302,1,1,1
1124,3,1122,1039,121,394,1,1,1
1124,4,1660,1017,140,440,1,1,1
1124,5,1354,1028,101,297,1,1,1
1124,8,859,1046,64,197,1,1,1
1124,10,1829,1046,60,185,1,1,1
1125,1,1864,1020,116,350,1,1,1
1125,2,1600,1037,83,301,1,1,1
1125,3,1127,1038,120,391,1,1,1
1125,4,1665,1017,139,441,1,1,1
1125,5,1356,1028,102,297,1,1,1
1125,8,863,1046,63,196,1,1,1
1125,10,1832,1046,60,185,1,1,1
1126,1,1866,1020,116,350,1,1,1
1126,2,1605,1038,81,300,1,1,1
1126,3,1131,1036,120,388,1,1,1
1126,4,1670,1016,138,441,1,1,1
1126,5,1358,1028,101,296,1,1,1
1126,8,866,1046,61,195,1,1,1
1126,10,1835,1045,60,186,1,1,1
1127,1,1868,1019,116,350,1,1,1
1127,2,1608,1037,82,300,1,1,1
1127,3,1136,1036,118,387,1,1,1
1127,4,1673,1016,137,441,1,1,1
1127,5,1360,1029,103,297,1,1,1
1127,8,869,1046,61,195,1,1,1
1127,10,1838,1045,59,186,1,1,1
1128,1,1869,1019,116,348,1,1,1
1128,2,1610,1036,84,300,1,1,1
1128,3,1141,1035,115,386,1,1,1
1128,4,1676,1016,136,440,1,1,1
1128,5,1361,1029,104,297,1,1,1
1128,8,871,1045,61,195,1,1,1
1128,10,1840,1045,60,186,1,1,1
1129,1,1871,1018,115,348,1,1,1
1129,2,1613,1034,85,300,1,1,1
1129,3,1146,1035,113,384,1,1,1
1129,4,1679,1016,135,438,1,1,1
1129,5,1362,1029,106,298,1,1,1
1129,8,874,1045,60,194,1,1,1
1129,10,1843,1045,59,186,1,1,1
1130,1,1872,1017,115,348,1,1,1
1130,2,1616,1033,85,300,1,1,1
1130,3,1150,1034,111,383,1,1,1
1130,4,1682,1015,134,438,1,1,1
1130,5,1364,1030,107,298,1,1,1
1130,8,876,1044,60,194,1,1,1
1130,10,1846,1045,58,185,1,1,1
1131,1,1873,1016,115,346,1,1,1
1131,2,1618,1031,86,300,1,1,1
1131,3,1155,1033,108,381,1,1,1
1131,4,1685,1015,133,436,1,1,1
1131,5,1365,1030,108,298,1,1,1
1131,8,878,1043,60,193,1,1,1
1131,10,1848,1045,58,185,1,1,1
1132,1,1873,1017,115,345,1,1,1
1132,2,1621,1031,89,299,1,1,1
1132,3,1158,1033,106,381,1,1,1
1132,4,1687,1015,133,433,1,1,1
1132,5,1368,1029,108,300,1,1,1
1132,8,880,1043,61,193,1,1,1
1133,1,1873,1017,115,344,1,1,1
1133,2,1623,1030,93,298,1,1,1
1133,3,1160,1032,104,381,1,1,1
1133,4,1688,1015,134,430,1,1,1
1133,5,1371,1029,107,301,1,1,1
1133,8,881,1042,62,194,1,1,1
1134,1,1873,1018,114,342,1,1,1
1134,2,1625,1030,96,296,1,1,1
1134,3,1163,1031,101,381,1,1,1
1134,4,1690,1015,134,427,1,1,1
1134,5,1374,1028,106,302,1,1,1
1134,8,882,1041,63,195,1,1,1
1135,1,1873,1018,114,341,1,1,1
1135,2,1628,1029,98,295,1,1,1
1135,3,1166,1031,99,380,1,1,1
1135,4,1692,1015,134,423,1,1,1
1135,5,1377,1027,106,304,1,1,1
1135,8,884,1041,64,194,1,1,1
1136,1,1873,1018,113,340,1,1,1
1136,2,1630,1028,101,293,1,1,1
1136,3,1168,1030,96,380,1,1,1
1136,4,1693,1015,135,420,1,1,1
1136,5,1380,1026,105,305,1,1,1
1136,8,885,1040,65,195,1,1,1
1137,1,1872,1017,114,338,1,1,1
1137,2,1631,1029,103,291,1,1,1
1137,3,1169,1030,96,379,1,1,1
1137,4,1694,1014,135,419,1,1,1
1137,5,1381,1025,106,306,1,1,1
1137,8,885,1040,65,194,1,1,1
1138,1,1871,1017,114,335,1,1,1
1138,2,1633,1030,103,289,1,1,1
1138,3,1170,1031,95,376,1,1,1
1138,4,1694,1013,135,418,1,1,1
1138,5,1382,1024,107,307,1,1,1
1138,8,886,1039,63,193,1,1,1
1139,1,1870,1016,114,333,1,1,1
1139,2,1634,1031,103,287,1,1,1
1139,3,1171,1031,94,375,1,1,1
1139,4,1695,1012,134,417,1,1,1
1139,5,1384,1023,107,308,1,1,1
1139,8,886,1039,63,192,1,1,1
1140,1,1869,1015,115,331,1,1,1
1140,2,1635,1032,104,284,1,1,1
1140,3,1172,1032,93,373,1,1,1
1140,4,1695,1011,135,416,1,1,1
1140,5,1385,1022,107,308,1,1,1
1140,8,887,1038,62,192,1,1,1
1141,1,1867,1013,114,328,1,1,1
1141,2,1636,1033,104,281,1,1,1
1141,3,1172,1032,93,371,1,1,1
1141,4,1695,1010,134,414,1,1,1
1141,5,1386,1020,108,309,1,1,1
1141,8,887,1037,60,190,1,1,1
1142,1,1868,1014,117,329,1,1,1
1142,2,1638,1033,104,283,1,1,1
1142,3,1172,1031,95,370,1,1,1
1142,4,1698,1010,133,415,1,1,1
1142,5,1389,1021,107,310,1,1,1
1142,8,888,1039,60,190,1,1,1
1143,1,1868,1015,120,329,1,1,1
1143,2,1639,1033,103,283,1,1,1
1143,3,1171,1030,98,368,1,1,1
1143,4,1700,1009,132,417,1,1,1
1143,5,1391,1020,107,312,1,1,1
1143,8,888,1040,59,189,1,1,1
1144,1,1868,1015,123,330,1,1,1
1144,2,1640,1033,102,284,1,1,1
1144,3,1171,1028,100,367,1,1,1
1144,4,1702,1009,132,417,1,1,1
1144,5,1393,1020,107,314,1,1,1
1144,8,889,1040,58,189,1,1,1
1145,1,1868,1016,125,329,1,1,1
1145,2,1641,1032,101,285,1,1,1
1145,3,1170,1027,102,366,1,1,1
1145,4,1704,1008,131,418,1,1,1
1145,5,1396,1020,106,315,1,1,1
1145,8,889,1041,57,189,1,1,1
1146,1,1868,1016,128,330,1,1,1
1146,2,1642,1032,100,286,1,1,1
1146,3,1170,1026,104,364,1,1,1
1146,4,1706,1008,130,418,1,1,1
1146,5,1398,1020,106,316,1,1,1
1146,8,890,1042,56,188,1,1,1
1147,1,1869,1018,126,329,1,1,1
1147,2,1643,1033,100,285,1,1,1
1147,3,1172,1029,104,360,1,1,1
1147,4,1704,1011,129,416,1,1,1
1147,5,1402,1021,103,317,1,1,1
1147,8,890,1043,58,189,1,1,1
1148,1,1870,1021,123,327,1,1,1
1148,2,1645,1035,100,283,1,1,1
1148,3,1175,1032,102,356,1,1,1
1148,4,1703,1013,126,415,1,1,1
1148,5,1406,1023,100,316,1,1,1
1148,8,890,1044,59,190,1,1,1
1149,1,1871,1023,121,326,1,1,1
1149,2,1646,1036,100,282,1,1,1
1149,3,1177,1035,102,353,1,1,1
1149,4,1701,1016,125,413,1,1,1
1149,5,1410,1024,97,317,1,1,1
1149,8,890,1044,61,191,1,1,1
1150,1,1872,1025,118,325,1,1,1
1150,2,1647,1038,100,279,1,1,1
1150,3,1179,1037,101,350,1,1,1
1150,4,1699,1018,124,412,1,1,1
1150,5,1413,1025,95,317,1,1,1
1150,8,891,1045,61,192,1,1,1
1151,1,1872,1027,116,322,1,1,1
1151,2,1648,1039,100,278,1,1,1
1151,3,1181,1040,100,345,1,1,1
1151,4,1697,1020,121,410,1,1,1
1151,5,1417,1026,91,317,1,1,1
1151,8,890,1045,63,193,1,1,1
1152,1,1874,1028,114,322,1,1,1
1152,2,1650,1040,98,278,1,1,1
1152,3,1183,1042,106,347,1,1,1
1152,4,1697,1022,119,409,1,1,1
1152,5,1420,1028,91,319,1,1,1
1152,8,891,1047,62,193,1,1,1
1153,1,1875,1029,112,320,1,1,1
1153,2,1652,1040,96,278,1,1,1
1153,3,1184,1043,112,348,1,1,1
1153,4,1696,1023,117,407,1,1,1
1153,5,1422,1029,90,322,1,1,1
1153,8,890,1048,63,194,1,1,1
1154,1,1876,1030,110,319,1,1,1
1154,2,1654,1041,94,278,1,1,1
1154,3,1185,1044,119,349,1,1,1
1154,4,1695,1023,114,407,1,1,1
1154,5,1425,1030,88,324,1,1,1
1154,8,890,1049,62,194,1,1,1
1155,1,1877,1030,109,318,1,1,1
1155,2,1656,1042,91,277,1,1,1
1155,3,1186,1046,125,349,1,1,1
1155,4,1694,1024,112,405,1,1,1
1155,5,1427,1031,88,326,1,1,1
1155,8,890,1050,61,195,1,1,1
1156,1,1878,1031,106,316,1,1,1
1156,2,1657,1042,89,277,1,1,1
1156,3,1187,1047,131,350,1,1,1
1156,4,1693,1025,109,403,1,1,1
1156,5,1429,1032,86,328,1,1,1
1156,8,889,1050,60,195,1,1,1
1157,1,1878,1031,105,315,1,1,1
1157,3,1188,1047,136,349,1,1,1
1157,4,1691,1024,108,402,1,1,1
1157,5,1430,1032,86,330,1,1,1
1157,8,888,1051,61,195,1,1,1
1158,1,1878,1030,104,314,1,1,1
1158,3,1188,1047,142,348,1,1,1
1158,4,1688,1022,109,401,1,1,1
1158,5,1431,1032,84,330,1,1,1
1158,8,887,1052,60,195,1,1,1
1159,1,1878,1030,102,313,1,1,1
1159,3,1189,1046,146,348,1,1,1
1159,4,1686,1021,108,400,1,1,1
1159,5,1431,1031,84,332,1,1,1
1159,8,885,1053,60,194,1,1,1
1160,1,1878,1029,100,313,1,1,1
1160,3,1190,1046,151,346,1,1,1
1160,4,1683,1019,108,399,1,1,1
1160,5,1431,1031,83,332,1,1,1
1160,8,884,1054,59,194,1,1,1
1161,1,1878,1028,98,311,1,1,1
1161,3,1190,1045,156,345,1,1,1
1161,4,1681,1018,107,397,1,1,1
1161,5,1431,1030,81,333,1,1,1
1161,8,882,1054,58,193,1,1,1
1162,1,1877,1028,99,311,1,1,1
1162,3,1191,1045,152,343,1,1,1
1162,4,1678,1017,105,398,1,1,1
1162,5,1431,1030,83,333,1,1,1
1162,8,881,1054,59,194,1,1,1
1163,1,1875,1028,100,310,1,1,1
1163,3,1192,1044,148,341,1,1,1
1163,4,1675,1016,103,399,1,1,1
1163,5,1430,1030,85,332,1,1,1
1163,8,879,1054,59,195,1,1,1
1164,1,1874,1028,101,309,1,1,1
1164,3,1193,1043,144,339,1,1,1
1164,4,1671,1016,101,399,1,1,1
1164,5,1430,1029,86,333,1,1,1
1164,8,877,1053,60,196,1,1,1
1165,1,1872,1027,102,309,1,1,1
1165,3,1193,1042,140,338,1,1,1
1165,4,1668,1015,99,399,1,1,1
1165,5,1429,1029,88,332,1,1,1
1165,8,874,1053,61,196,1,1,1
1166,1,1870,1026,102,308,1,1,1
1166,3,1194,1040,135,335,1,1,1
1166,4,1665,1014,96,400,1,1,1
1166,5,1428,1028,90,331,1,1,1
1166,8,872,1052,61,196,1,1,1
1166,10,1842,1047,55,183,1,1,1
1167,1,1870,1027,102,306,1,1,1
1167,3,1194,1040,135,336,1,1,1
1167,4,1663,1014,97,400,1,1,1
1167,5,1428,1028,94,333,1,1,1
1167,8,871,1053,61,196,1,1,1
1167,10,1841,1047,56,183,1,1,1
1168,1,1868,1027,102,304,1,1,1
1168,3,1194,1040,134,335,1,1,1
1168,4,1660,1014,98,400,1,1,1
1168,5,1428,1027,99,335,1,1,1
1168,8,869,1053,61,196,1,1,1
1168,10,1839,1047,56,183,1,1,1
1169,1,1867,1027,101,302,1,1,1
1169,3,1194,1039,133,336,1,1,1
1169,4,1658,1014,98,399,1,1,1
1169,5,1427,1027,104,336,1,1,1
1169,8,867,1053,61,196,1,1,1
1169,10,1837,1046,57,183,1,1,1
1170,1,1866,1027,101,300,1,1,1
1170,3,1193,1039,134,335,1,1,1
1170,4,1655,1014,99,399,1,1,1
1170,5,1427,1026,108,337,1,1,1
1170,8,866,1053,60,195,1,1,1
1170,10,1835,1046,57,183,1,1,1
1171,1,1865,1026,100,298,1,1,1
1171,3,1193,1038,132,335,1,1,1
1171,4,1652,1014,100,398,1,1,1
1171,5,1426,1025,112,338,1,1,1
1171,8,864,1053,59,194,1,1,1
1171,10,1832,1045,58,182,1,1,1
1172,1,1863,1026,100,299,1,1,1
1172,3,1192,1039,132,335,1,1,1
1172,4,1651,1014,100,398,1,1,1
1172,5,1427,1027,112,339,1,1,1
1172,8,862,1053,60,195,1,1,1
1172,10,1831,1046,58,182,1,1,1
1173,1,1861,1026,100,299,1,1,1
1173,3,1191,1039,131,335,1,1,1
1173,4,1649,1014,100,398,1,1,1
1173,5,1428,1027,112,340,1,1,1
1173,8,861,1053,60,195,1,1,1
1173,10,1830,1046,58,182,1,1,1
1174,1,1859,1026,101,299,1,1,1
1174,3,1191,1039,129,335,1,1,1
1174,4,1647,1014,101,397,1,1,1
1174,5,1428,1028,112,341,1,1,1
1174,8,859,1053,61,196,1,1,1
1174,10,1828,1046,59,181,1,1,1
1175,1,1857,1026,101,298,1,1,1
1175,3,1190,1039,128,336,1,1,1
1175,4,1645,1014,101,397,1,1,1
1175,5,1428,1029,112,341,1,1,1
1175,8,857,1053,62,196,1,1,1
1175,10,1827,1046,58,181,1,1,1
1176,1,1854,1025,101,298,1,1,1
1176,2,1592,1038,106,268,1,1,1
1176,3,1188,1039,127,335,1,1,1
1176,4,1643,1014,101,396,1,1,1
1176,5,1428,1029,111,342,1,1,1
1176,8,855,1052,61,196,1,1,1
1176,10,1825,1045,59,181,1,1,1
1177,1,1852,1026,101,298,1,1,1
1177,2,1588,1038,109,270,1,1,1
1177,3,1187,1040,127,334,1,1,1
1177,4,1641,1014,102,397,1,1,1
1177,5,1430,1029,109,344,1,1,1
1177,8,854,1053,62,196,1,1,1
1177,10,1824,1045,59,182,1,1,1
1178,1,1850,1026,101,299,1,1,1
1178,2,1584,1038,111,269,1,1,1
1178,3,1186,1041,126,332,1,1,1
1178,4,1638,1014,104,396,1,1,1
1178,5,1431,1028,107,346,1,1,1
1178,8,852,1053,62,196,1,1,1
1178,10,1822,1045,61,181,1,1,1
1179,1,1847,1027,101,298,1,1,1
1179,2,1580,1038,113,269,1,1,1
1179,3,1185,1041,126,331,1,1,1
1179,4,1635,1014,106,396,1,1,1
1179,5,1431,1028,105,347,1,1,1
1179,8,851,1053,61,196,1,1,1
1179,10,1821,1045,61,181,1,1,1
1180,1,1845,1027,100,298,1,1,1
1180,2,1576,1037,115,270,1,1,1
1180,3,1184,1042,125,329,1,1,1
1180,4,1633,1014,107,396,1,1,1
1180,5,1432,1027,103,349,1,1,1
1180,8,849,1053,62,196,1,1,1
1180,10,1820,1045,62,181,1,1,1
1181,1,1842,1027,100,297,1,1,1
1181,2,1571,1036,118,270,1,1,1
1181,3,1182,1042,125,327,1,1,1
1181,4,1630,1013,108,396,1,1,1
1181,5,1433,1026,100,350,1,1,1
1181,8,847,1053,61,195,1,1,1
1181,10,1818,1044,62,181,1,1,1
1182,1,1839,1027,101,296,1,1,1
1182,2,1568,1037,113,270,1,1,1
1182,3,1181,1042,125,327,1,1,1
1182,4,1630,1014,107,396,1,1,1
1182,5,1433,1026,101,351,1,1,1
1182,8,847,1053,61,196,1,1,1
1183,1,1836,1027,102,294,1,1,1
1183,2,1565,1037,108,270,1,1,1
1183,3,1180,1041,125,327,1,1,1
1183,4,1630,1014,107,395,1,1,1
1183,5,1433,1025,101,351,1,1,1
1183,8,846,1053,61,196,1,1,1
1184,1,1833,1027,102,292,1,1,1
1184,2,1562,1037,102,270,1,1,1
1184,3,1178,1040,126,326,1,1,1
1184,4,1629,1013,107,396,1,1,1
1184,5,1433,1024,101,351,1,1,1
1184,8,845,1052,61,197,1,1,1
1185,1,1830,1027,103,291,1,1,1
1185,2,1559,1037,97,270,1,1,1
1185,3,1177,1039,126,325,1,1,1
1185,4,1629,1013,106,395,1,1,1
1185,5,1433,1023,101,352,1,1,1
1185,8,844,1052,61,197,1,1,1
1186,1,1826,1026,103,288,1,1,1
1186,2,1556,1037,90,269,1,1,1
1186,3,1175,1038,126,324,1,1,1
1186,4,1628,1012,105,394,1,1,1
1186,5,1432,1022,101,351,1,1,1
1186,8,843,1051,61,196,1,1,1
1187,1,1824,1026,104,289,1,1,1
1187,2,1554,1037,91,269,1,1,1
1187,3,1175,1039,125,323,1,1,1
1187,4,1628,1014,105,393,1,1,1
1187,5,1433,1023,102,353,1,1,1
1187,8,842,1052,61,196,1,1,1
1188,1,1821,1026,105,288,1,1,1
1188,2,1551,1038,92,267,1,1,1
1188,3,1174,1039,123,321,1,1,1
1188,4,1626,1014,106,393,1,1,1
1188,5,1434,1023,102,355,1,1,1
1188,8,841,1053,61,195,1,1,1
1189,1,1819,1025,104,288,1,1,1
1189,2,1548,1038,93,267,1,1,1
1189,3,1174,1039,121,320,1,1,1
1189,4,1625,1015,105,392,1,1,1
1189,5,1435,1023,103,357,1,1,1
1189,8,840,1054,61,194,1,1,1
1190,1,1816,1025,105,288,1,1,1
1190,2,1545,1038,94,266,1,1,1
1190,3,1173,1039,119,318,1,1,1
1190,4,1624,1015,105,392,1,1,1
1190,5,1435,1023,104,359,1,1,1
1190,8,839,1055,61,193,1,1,1
1191,1,1813,1024,105,288,1,1,1
1191,2,1542,1038,94,265,1,1,1
1191,3,1172,1038,117,317,1,1,1
1191,4,1622,1016,105,390,1,1,1
1191,5,1436,1022,104,361,1,1,1
1191,8,837,1056,61,192,1,1,1
1192,1,1812,1024,105,286,1,1,1
1192,2,1539,1039,98,264,1,1,1
1192,3,1171,1039,117,316,1,1,1
1192,4,1623,1015,104,391,1,1,1
1192,5,1435,1023,106,362,1,1,1
1192,8,837,1056,61,192,1,1,1
1193,1,1811,1024,105,284,1,1,1
1193,2,1536,1038,100,265,1,1,1
1193,3,1170,1040,118,313,1,1,1
1193,4,1623,1014,103,392,1,1,1
1193,5,1435,1024,106,363,1,1,1
1193,8,837,1055,60,193,1,1,1
1194,1,1809,1023,106,283,1,1,1
1194,2,1532,1038,103,264,1,1,1
1194,3,1169,1041,118,311,1,1,1
1194,4,1623,1013,101,393,1,1,1
1194,5,1434,1025,108,363,1,1,1
1194,8,837,1055,59,193,1,1,1
1195,1,1808,1023,106,281,1,1,1
1195,2,1529,1038,105,264,1,1,1
1195,3,1169,1042,117,309,1,1,1
1195,4,1623,1011,100,395,1,1,1
1195,5,1434,1026,109,363,1,1,1
1195,8,836,1055,59,193,1,1,1
1196,1,1806,1022,105,279,1,1,1
1196,2,1525,1037,108,263,1,1,1
1196,3,1167,1042,117,306,1,1,1
1196,4,1622,1010,98,395,1,1,1
1196,5,1433,1026,110,364,1,1,1
1196,8,836,1054,58,193,1,1,1
1197,1,1806,1023,103,279,1,1,1
1197,2,1520,1038,113,264,1,1,1
1197,3,1169,1043,117,307,1,1,1
1197,4,1623,1011,99,395,1,1,1
1197,5,1432,1027,113,366,1,1,1
1197,8,836,1055,58,193,1,1,1
1198,1,1805,1023,101,279,1,1,1
1198,2,1515,1039,118,264,1,1,1
1198,3,1170,1043,117,307,1,1,1
1198,4,1624,1011,98,395,1,1,1
1198,5,1430,1027,117,368,1,1,1
1198,8,835,1055,59,194,1,1,1
1199,1,1805,1023,97,279,1,1,1
1199,2,1510,1039,122,265,1,1,1
1199,3,1171,1043,117,307,1,1,1
1199,4,1624,1012,97,395,1,1,1
1199,5,1428,1027,120,370,1,1,1
1199,8,835,1056,59,193,1,1,1
1200,1,1804,1023,94,278,1,1,1
1200,2,1505,1040,127,265,1,1,1
1200,3,1172,1043,117,307,1,1,1
1200,4,1625,1013,96,394,1,1,1
1200,5,1427,1027,123,372,1,1,1
1200,8,835,1056,58,193,1,1,1
1201,1,1803,1023,91,277,1,1,1
1201,2,1500,1040,131,265,1,1,1
1201,3,1172,1043,117,307,1,1,1
1201,4,1625,1013,95,393,1,1,1
1201,5,1425,1027,126,373,1,1,1
1201,8,834,1056,58,192,1,1,1
1202,1,1803,1024,90,278,1,1,1
1202,2,1499,1040,129,266,1,1,1
1202,3,1173,1044,117,307,1,1,1
1202,4,1624,1013,96,394,1,1,1
1202,5,1424,1027,127,375,1,1,1
1202,8,833,1057,59,193,1,1,1
1203,1,1802,1024,90,279,1,1,1
1203,2,1498,1040,127,265,1,1,1
1203,3,1172,1045,119,307,1,1,1
1203,4,1623,1014,97,393,1,1,1
1203,5,1423,1026,128,377,1,1,1
1203,8,832,1057,59,194,1,1,1
1204,1,1802,1024,88,280,1,1,1
1204,2,1497,1040,124,265,1,1,1
1204,3,1172,1045,119,307,1,1,1
1204,4,1621,1014,98,394,1,1,1
1204,5,1421,1025,130,379,1,1,1
1204,8,831,1057,60,195,1,1,1
1205,1,1802,1025,86,281,1,1,1
1205,2,1496,1040,122,264,1,1,1
1205,3,1172,1046,120,307,1,1,1
1205,4,1620,1014,98,394,1,1,1
1205,5,1420,1025,131,379,1,1,1
1205,8,830,1057,60,196,1,1,1
1206,1,1801,1025,85,281,1,1,1
1206,2,1494,1040,120,264,1,1,1
1206,3,1172,1046,120,306,1,1,1
1206,4,1618,1014,98,393,1,1,1
1206,5,1418,1024,132,381,1,1,1
1206,8,829,1057,60,196,1,1,1
1207,1,1801,1025,86,280,1,1,1
1207,3,1174,1046,120,305,1,1,1
1207,4,1618,1015,101,392,1,1,1
1207,5,1419,1024,136,381,1,1,1
1207,8,829,1057,60,196,1,1,1
1208,1,1801,1025,85,279,1,1,1
1208,3,1177,1045,120,304,1,1,1
1208,4,1618,1015,103,392,1,1,1
1208,5,1419,1023,141,381,1,1,1
1208,8,829,1057,59,195,1,1,1
1209,1,1801,1025,85,278,1,1,1
1209,3,1179,1045,120,303,1,1,1
1209,4,1618,1015,104,391,1,1,1
1209,5,1420,1023,145,381,1,1,1
1209,8,829,1057,58,195,1,1,1
1210,1,1800,1025,86,276,1,1,1
1210,3,1182,1044,119,302,1,1,1
1210,4,1618,1015,106,390,1,1,1
1210,5,1420,1022,150,381,1,1,1
1210,8,829,1057,58,194,1,1,1
1211,1,1800,1025,86,274,1,1,1
1211,3,1183,1043,119,300,1,1,1
1211,4,1617,1014,108,389,1,1,1
1211,5,1420,1021,154,380,1,1,1
1211,8,828,1056,57,194,1,1,1
1212,1,1801,1024,87,275,1,1,1
1212,3,1185,1043,118,299,1,1,1
1212,4,1618,1015,111,390,1,1,1
1212,5,1423,1022,152,383,1,1,1
1212,8,829,1056,57,195,1,1,1
1213,1,1803,1022,86,276,1,1,1
1213,3,1187,1042,116,298,1,1,1
1213,4,1618,1015,115,391,1,1,1
1213,5,1425,1022,151,385,1,1,1
1213,8,829,1055,56,196,1,1,1
1214,1,1804,1021,86,276,1,1,1
1214,3,1189,1041,114,298,1,1,1
1214,4,1619,1015,117,391,1,1,1
1214,5,1427,1022,150,387,1,1,1
1214,8,829,1055,55,196,1,1,1
1215,1,1805,1019,86,278,1,1,1
1215,3,1190,1040,113,297,1,1,1
1215,4,1619,1015,121,392,1,1,1
1215,5,1429,1022,148,389,1,1,1
1215,8,829,1054,55,197,1,1,1
1216,1,1806,1017,86,278,1,1,1
1216,3,1191,1039,111,295,1,1,1
1216,4,1619,1015,123,391,1,1,1
1216,5,1431,1021,146,391,1,1,1
1216,8,828,1053,54,197,1,1,1
1217,1,1810,1017,85,278,1,1,1
1217,3,1195,1040,109,295,1,1,1
1217,4,1622,1015,126,391,1,1,1
1217,5,1436,1022,144,395,1,1,1
1217,8,832,1053,56,198,1,1,1
1218,1,1813,1016,84,277,1,1,1
1218,3,1198,1040,107,295,1,1,1
1218,4,1625,1015,126,390,1,1,1
1218,5,1441,1023,140,397,1,1,1
1218,8,834,1053,58,197,1,1,1
1219,1,1817,1016,82,276,1,1,1
1219,3,1201,1040,104,296,1,1,1
1219,4,1627,1014,128,390,1,1,1
1219,5,1446,1023,137,401,1,1,1
1219,8,837,1052,59,197,1,1,1
1220,1,1820,1015,81,276,1,1,1
1220,3,1204,1041,102,295,1,1,1
1220,4,1630,1013,129,390,1,1,1
1220,5,1451,1023,133,404,1,1,1
1220,8,840,1051,60,197,1,1,1
1221,1,1823,1014,79,275,1,1,1
1221,3,1206,1040,100,294,1,1,1
1221,4,1632,1012,130,388,1,1,1
1221,5,1456,1023,129,406,1,1,1
1221,8,842,1050,62,196,1,1,1
1222,1,1826,1014,80,275,1,1,1
1222,3,1210,1041,99,295,1,1,1
1222,4,1636,1013,131,388,1,1,1
1222,5,1461,1022,130,409,1,1,1
1222,8,846,1050,62,197,1,1,1
1223,1,1828,1014,82,275,1,1,1
1223,3,1213,1041,97,295,1,1,1
1223,4,1639,1013,131,388,1,1,1
1223,5,1465,1021,131,411,1,1,1
1223,8,850,1050,62,197,1,1,1
1224,1,1830,1014,83,275,1,1,1
1224,3,1216,1041,96,296,1,1,1
1224,4,1642,1013,132,388,1,1,1
1224,5,1470,1019,131,414,1,1,1
1224,8,853,1049,63,198,1,1,1
1225,1,1832,1014,85,275,1,1,1
1225,3,1219,1041,95,296,1,1,1
1225,4,1645,1013,133,387,1,1,1
1225,5,1475,1018,131,415,1,1,1
1225,8,857,1048,62,198,1,1,1
1226,1,1834,1013,85,275,1,1,1
1226,3,1221,1040,94,296,1,1,1
1226,4,1647,1013,134,386,1,1,1
1226,5,1479,1016,132,417,1,1,1
1226,8,860,1047,62,197,1,1,1
1227,1,1834,1013,88,277,1,1,1
1227,3,1224,1040,92,295,1,1,1
1227,4,1650,1013,134,388,1,1,1
1227,5,1484,1016,131,418,1,1,1
1227,8,864,1048,62,197,1,1,1
1228,1,1834,1014,91,276,1,1,1
1228,3,1227,1040,89,293,1,1,1
1228,4,1653,1012,134,389,1,1,1
1228,5,1488,1015,131,418,1,1,1
1228,8,867,1047,62,196,1,1,1
1229,1,1834,1014,93,276,1,1,1
1229,3,1229,1039,87,291,1,1,1
1229,4,1655,1012,135,390,1,1,1
1229,5,1493,1014,130,419,1,1,1
1229,8,871,1047,61,195,1,1,1
1230,1,1833,1014,96,276,1,1,1
1230,3,1232,1039,85,289,1,1,1
1230,4,1658,1011,134,391,1,1,1
1230,5,1497,1013,129,419,1,1,1
1230,8,874,1046,61,195,1,1,1
1231,1,1833,1014,98,276,1,1,1
1231,2,1481,1034,102,280,1,1,1
1231,3,1234,1038,82,287,1,1,1
1231,4,1660,1010,135,391,1,1,1
1231,5,1501,1011,128,420,1,1,1
1231,8,877,1045,60,194,1,1,1
1232,1,1834,1014,100,276,1,1,1
1232,2,1481,1034,99,280,1,1,1
1232,3,1236,1038,82,285,1,1,1
1232,4,1662,1011,134,390,1,1,1
1232,5,1504,1011,129,423,1,1,1
1232,8,880,1045,61,194,1,1,1
1233,1,1834,1014,102,275,1,1,1
1233,2,1481,1034,95,279,1,1,1
1233,3,1238,1037,80,283,1,1,1
1233,4,1664,1011,132,389,1,1,1
1233,5,1505,1011,131,425,1,1,1
1233,8,882,1044,61,195,1,1,1
1234,1,1835,1014,104,274,1,1,1
1234,2,1481,1034,91,279,1,1,1
1234,3,1240,1036,79,281,1,1,1
1234,4,1666,1011,131,387,1,1,1
1234,5,1507,1011,131,428,1,1,1
1234,8,885,1043,60,195,1,1,1
1235,1,1836,1013,105,275,1,1,1
1235,2,1481,1033,87,279,1,1,1
1235,3,1242,1035,78,280,1,1,1
1235,4,1668,1011,130,386,1,1,1
1235,5,1509,1010,132,431,1,1,1
1235,8,887,1043,61,194,1,1,1
1236,1,1836,1013,106,273,1,1,1
1236,2,1480,1033,83,277,1,1,1
1236,3,1243,1034,77,277,1,1,1
1236,4,1670,1011,128,384,1,1,1
1236,5,1511,1009,132,433,1,1,1
1236,8,889,1041,60,194,1,1,1
1237,1,1836,1012,107,274,1,1,1
1237,2,1479,1032,82,278,1,1,1
1237,3,1245,1034,77,277,1,1,1
1237,4,1672,1011,127,384,1,1,1
1237,5,1511,1010,133,435,1,1,1
1237,8,890,1041,62,195,1,1,1
1238,1,1836,1011,108,274,1,1,1
1238,2,1477,1031,81,279,1,1,1
1238,3,1246,1033,78,277,1,1,1
1238,4,1673,1010,127,384,1,1,1
1238,5,1510,1010,134,437,1,1,1
1238,8,892,1040,62,195,1,1,1
1239,1,1836,1011,108,273,1,1,1
1239,2,1475,1030,79,279,1,1,1
1239,3,1247,1032,78,277,1,1,1
1239,4,1675,1010,126,382,1,1,1
1239,5,1510,1010,135,439,1,1,1
1239,8,893,1039,62,195,1,1,1
1240,1,1836,1010,109,273,1,1,1
1240,2,1473,1029,78,279,1,1,1
1240,3,1248,1031,79,277,1,1,1
1240,4,1676,1009,125,382,1,1,1
1240,5,1509,1010,136,441,1,1,1
1240,8,894,1038,63,195,1,1,1
1241,1,1836,1008,108,273,1,1,1
1241,2,1470,1028,77,279,1,1,1
1241,3,1249,1030,79,276,1,1,1
1241,4,1677,1008,124,381,1,1,1
1241,5,1508,1009,136,443,1,1,1
1241,8,895,1037,63,195,1,1,1
1242,1,1835,1008,108,272,1,1,1
1242,2,1463,1028,83,280,1,1,1
1242,3,1251,1030,81,277,1,1,1
1242,4,1679,1008,123,380,1,1,1
1242,5,1508,1009,136,445,1,1,1
1242,8,896,1036,64,195,1,1,1
1243,1,1834,1008,106,270,1,1,1
1243,2,1455,1028,89,280,1,1,1
1243,3,1253,1029,82,277,1,1,1
1243,4,1680,1007,122,380,1,1,1
1243,5,1507,1009,136,445,1,1,1
1243,8,896,1035,64,195,1,1,1
1244,1,1832,1008,106,268,1,1,1
1244,2,1447,1027,95,280,1,1,1
1244,3,1254,1028,84,278,1,1,1
1244,4,1682,1006,120,379,1,1,1
1244,5,1506,1008,136,447,1,1,1
1244,8,897,1034,64,195,1,1,1
1245,1,1831,1007,104,267,1,1,1
1245,2,1439,1027,101,280,1,1,1
1245,3,1256,1027,85,279,1,1,1
1245,4,1683,1005,119,378,1,1,1
1245,5,1505,1008,136,448,1,1,1
1245,8,898,1033,64,195,1,1,1
1246,1,1829,1007,102,264,1,1,1
1246,2,1430,1026,107,280,1,1,1
1246,3,1257,1026,86,278,1,1,1
1246,4,1684,1003,117,378,1,1,1
1246,5,1503,1007,136,449,1,1,1
1246,8,898,1032,64,194,1,1,1
1246,10,1878,1031,50,185,1,1,1
1247,1,1829,1006,98,266,1,1,1
1247,2,1429,1026,110,281,1,1,1
1247,3,1260,1026,86,279,1,1,1
1247,4,1685,1003,117,376,1,1,1
1247,5,1502,1005,140,451,1,1,1
1247,8,899,1032,63,194,1,1,1
1247,10,1879,1031,51,186,1,1,1
1248,1,1829,1005,92,267,1,1,1
1248,2,1428,1026,111,281,1,1,1
1248,3,1262,1026,86,278,1,1,1
1248,4,1687,1003,116,373,1,1,1
1248,5,1501,1002,142,454,1,1,1
1248,8,900,1031,63,194,1,1,1
1248,10,1879,1031,51,185,1,1,1
1249,1,1829,1004,86,267,1,1,1
1249,2,1427,1025,113,282,1,1,1
1249,3,1264,1026,86,277,1,1,1
1249,4,1688,1002,115,372,1,1,1
1249,5,1499,1000,146,456,1,1,1
1249,8,901,1031,62,194,1,1,1
1249,10,1879,1030,51,185,1,1,1
1250,1,1828,1004,81,267,1,1,1
1250,2,1426,1025,114,282,1,1,1
1250,3,1266,1026,86,276,1,1,1
1250,4,1689,1002,115,369,1,1,1
1250,5,1498,997,148,458,1,1,1
1250,8,902,1030,61,194,1,1,1
1250,10,1879,1029,52,186,1,1,1
1251,1,1828,1002,75,268,1,1,1
1251,2,1424,1024,115,282,1,1,1
1251,3,1268,1025,85,276,1,1,1
1251,4,1690,1001,114,366,1,1,1
1251,5,1496,994,150,460,1,1,1
1251,8,902,1029,60,192,1,1,1
1251,10,1878,1028,51,185,1,1,1
1252,1,1826,1002,75,269,1,1,1
1252,2,1425,1024,114,283,1,1,1
1252,3,1270,1025,84,275,1,1,1
1252,4,1692,1001,118,367,1,1,1
1252,5,1496,995,149,464,1,1,1
1252,8,903,1030,61,193,1,1,1
1252,10,1878,1029,53,185,1,1,1
1253,1,1824,1002,75,268,1,1,1
1253,2,1425,1022,112,286,1,1,1
1253,3,1272,1024,82,275,1,1,1
1253,4,1694,1001,121,367,1,1,1
1253,5,1495,994,147,469,1,1,1
1253,8,904,1029,60,194,1,1,1
1253,10,1877,1028,55,185,1,1,1
1254,1,1822,1002,74,267,1,1,1
1254,2,1425,1021,110,287,1,1,1
1254,3,1273,1024,82,274,1,1,1
1254,4,1696,1001,124,366,1,1,1
1254,5,1494,994,146,473,1,1,1
1254,8,905,1029,59,194,1,1,1
1254,10,1876,1028,57,184,1,1,1
1255,1,1820,1002,74,267,1,1,1
1255,2,1425,1020,108,288,1,1,1
1255,3,1275,1023,80,273,1,1,1
1255,4,1697,1000,128,367,1,1,1
1255,5,1494,994,144,477,1,1,1
1255,8,905,1029,60,194,1,1,1
1255,10,1875,1028,59,184,1,1,1
1256,1,1817,1001,73,266,1,1,1
1256,2,1424,1019,107,289,1,1,1
1256,3,1276,1022,78,271,1,1,1
1256,4,1699,1000,131,366,1,1,1
1256,5,1492,993,142,480,1,1,1
1256,8,906,1028,58,193,1,1,1
1256,10,1874,1027,59,184,1,1,1
1257,1,1813,1002,76,266,1,1,1
1257,2,1419,1019,105,289,1,1,1
1257,3,1276,1022,78,272,1,1,1
1257,4,1700,1000,133,366,1,1,1
1257,5,1491,995,141,482,1,1,1
1257,8,904,1029,60,194,1,1,1
1257,10,1873,1027,59,184,1,1,1
1258,1,1808,1002,80,266,1,1,1
1258,2,1414,1020,102,288,1,1,1
1258,3,1276,1022,77,271,1,1,1
1258,4,1700,1001,136,364,1,1,1
1258,5,1489,996,139,484,1,1,1
1258,8,902,1029,60,194,1,1,1
1258,10,1870,1027,60,183,1,1,1
1259,1,1803,1003,83,265,1,1,1
1259,2,1409,1020,100,287,1,1,1
1259,3,1276,1021,76,271,1,1,1
1259,4,1701,1001,138,364,1,1,1
1259,5,1487,998,138,484,1,1,1
1259,8,900,1029,61,194,1,1,1
1259,10,1868,1027,60,183,1,1,1
1260,1,1798,1003,86,265,1,1,1
1260,2,1404,1020,97,287,1,1,1
1260,3,1276,1021,74,270,1,1,1
1260,4,1701,1002,141,362,1,1,1
1260,5,1485,999,137,486,1,1,1
1260,8,897,1029,63,194,1,1,1
1260,10,1866,1027,61,182,1,1,1