802,1,1584,553,93,263,1,1,1
803,1,1584,553,95,264,1,1,1
804,1,1584,554,97,264,1,1,1
805,1,1584,554,98,265,1,1,1
806,1,1584,554,100,264,1,1,1
807,1,1585,555,99,266,1,1,1
808,1,1586,554,98,268,1,1,1
809,1,1587,554,97,269,1,1,1
810,1,1588,554,96,270,1,1,1
811,1,1588,553,95,271,1,1,1
812,1,1595,553,91,272,1,1,1
813,1,1601,554,87,270,1,1,1
814,1,1607,554,83,270,1,1,1
815,1,1613,554,79,270,1,1,1
816,1,1619,554,74,269,1,1,1
817,1,1623,554,76,270,1,1,1
818,1,1628,555,76,269,1,1,1
819,1,1632,555,77,269,1,1,1
820,1,1636,555,78,269,1,1,1
821,1,1639,555,79,268,1,1,1
822,1,1642,555,86,269,1,1,1
823,1,1643,555,94,269,1,1,1
824,1,1645,555,100,268,1,1,1
825,1,1647,555,106,268,1,1,1
826,1,1648,554,113,268,1,1,1
827,1,1649,555,115,269,1,1,1
828,1,1649,554,116,271,1,1,1
829,1,1649,554,118,271,1,1,1
830,1,1649,554,120,272,1,1,1
831,1,1649,553,120,273,1,1,1
832,1,1653,552,118,274,1,1,1
833,1,1656,551,115,275,1,1,1
834,1,1659,550,112,276,1,1,1
835,1,1662,549,110,277,1,1,1
836,1,1664,547,107,277,1,1,1
837,1,1672,547,101,278,1,1,1
838,1,1680,546,95,279,1,1,1
839,1,1688,545,88,280,1,1,1
840,1,1696,544,82,281,1,1,1
841,1,1703,543,75,280,1,1,1
842,1,1706,543,77,282,1,1,1
843,1,1708,542,78,284,1,1,1
844,1,1710,542,79,285,1,1,1
845,1,1712,541,81,287,1,1,1
846,1,1714,540,81,287,1,1,1
847,1,1716,541,83,288,1,1,1
848,1,1717,542,85,288,1,1,1
849,1,1718,542,86,289,1,1,1
850,1,1719,542,88,290,1,1,1
851,1,1720,542,89,289,1,1,1
852,1,1722,543,89,290,1,1,1
853,1,1724,543,88,290,1,1,1
854,1,1727,543,86,291,1,1,1
855,1,1729,543,84,291,1,1,1
856,1,1730,542,83,291,1,1,1
857,1,1732,542,84,292,1,1,1
858,1,1733,541,85,293,1,1,1
859,1,1734,540,85,293,1,1,1
860,1,1736,540,85,293,1,1,1
861,1,1736,538,85,293,1,1,1
862,1,1738,538,87,295,1,1,1
863,1,1738,537,89,296,1,1,1
864,1,1739,536,91,297,1,1,1
865,1,1740,536,92,297,1,1,1
866,1,1740,534,93,297,1,1,1
867,1,1743,535,95,298,1,1,1
868,1,1745,535,96,298,1,1,1
869,1,1747,535,97,299,1,1,1
870,1,1748,536,99,298,1,1,1
871,1,1750,535,99,298,1,1,1
872,1,1752,536,101,298,1,1,1
873,1,1753,536,103,297,1,1,1
874,1,1755,535,104,298,1,1,1
875,1,1756,535,107,297,1,1,1
876,1,1757,535,107,296,1,1,1
877,1,1760,535,106,296,1,1,1
878,1,1762,535,105,297,1,1,1
879,1,1764,535,103,297,1,1,1
880,1,1766,535,101,297,1,1,1
881,1,1768,535,99,296,1,1,1
896,1,1795,524,102,318,1,1,1
897,1,1797,524,103,319,1,1,1
898,1,1798,524,105,319,1,1,1
899,1,1800,523,105,320,1,1,1
900,1,1801,523,107,320,1,1,1
901,1,1802,522,108,320,1,1,1
902,1,1802,523,109,321,1,1,1
903,1,1801,523,111,321,1,1,1
904,1,1801,524,112,321,1,1,1
905,1,1800,524,113,322,1,1,1
906,1,1800,524,114,322,1,1,1
907,1,1801,524,114,325,1,1,1
908,1,1802,523,114,327,1,1,1
909,1,1802,522,115,330,1,1,1
910,1,1803,521,115,332,1,1,1
911,1,1804,520,114,334,1,1,1
912,1,1803,520,115,335,1,1,1
913,1,1802,519,116,335,1,1,1
914,1,1800,518,118,336,1,1,1
915,1,1799,517,119,336,1,1,1
916,1,1797,516,120,336,1,1,1
917,1,1798,516,121,337,1,1,1
918,1,1798,516,121,337,1,1,1
919,1,1799,516,120,337,1,1,1
920,1,1799,516,121,337,1,1,1
921,1,1799,515,120,337,1,1,1
922,1,1801,516,120,339,1,1,1
923,1,1802,516,120,342,1,1,1
924,1,1804,516,119,344,1,1,1
925,1,1806,517,118,345,1,1,1
926,1,1807,516,117,347,1,1,1
927,1,1809,517,117,350,1,1,1
928,1,1811,518,116,351,1,1,1
929,1,1813,519,115,353,1,1,1
930,1,1815,519,115,356,1,1,1
931,1,1816,520,114,357,1,1,1
932,1,1817,519,116,359,1,1,1
933,1,1818,518,117,360,1,1,1
934,1,1818,516,119,362,1,1,1
935,1,1819,515,121,363,1,1,1
936,1,1819,513,122,364,1,1,1
937,1,1819,513,124,366,1,1,1
938,1,1819,512,125,367,1,1,1
939,1,1819,512,127,367,1,1,1
940,1,1819,511,128,368,1,1,1
941,1,1819,510,128,369,1,1,1
942,1,1817,509,131,371,1,1,1
943,1,1814,509,134,372,1,1,1
944,1,1811,508,138,374,1,1,1
945,1,1809,507,140,376,1,1,1
946,1,1806,506,142,377,1,1,1
947,1,1805,507,143,379,1,1,1
948,1,1804,509,143,379,1,1,1
949,1,1802,510,143,380,1,1,1
950,1,1801,511,143,381,1,1,1
951,1,1800,512,142,381,1,1,1
952,1,1796,513,145,383,1,1,1
953,1,1793,513,147,384,1,1,1
954,1,1789,513,149,386,1,1,1
955,1,1785,514,151,386,1,1,1
956,1,1781,514,153,387,1,1,1
957,1,1781,513,152,390,1,1,1
958,1,1780,512,151,392,1,1,1
959,1,1779,511,150,393,1,1,1
960,1,1778,509,149,396,1,1,1
961,1,1777,508,146,397,1,1,1
962,1,1775,507,147,401,1,1,1
963,1,1773,507,147,403,1,1,1
964,1,1770,506,148,406,1,1,1
965,1,1768,505,148,409,1,1,1
966,1,1765,504,148,412,1,1,1
967,1,1764,506,147,414,1,1,1
968,1,1762,508,146,416,1,1,1
969,1,1760,510,144,419,1,1,1
970,1,1759,512,142,421,1,1,1
971,1,1757,514,140,422,1,1,1
972,1,1755,515,141,425,1,1,1
973,1,1752,516,143,428,1,1,1
974,1,1750,517,143,431,1,1,1
975,1,1747,518,144,433,1,1,1
976,1,1744,518,144,436,1,1,1
977,1,1741,518,146,439,1,1,1
978,1,1737,518,148,440,1,1,1
979,1,1733,518,149,442,1,1,1
980,1,1729,518,151,444,1,1,1
981,1,1724,518,153,444,1,1,1
982,1,1718,518,156,447,1,1,1
983,1,1711,518,159,449,1,1,1
984,1,1704,518,163,450,1,1,1
985,1,1697,518,166,452,1,1,1
986,1,1689,518,169,453,1,1,1
987,1,1679,521,177,452,1,1,1
988,1,1668,524,185,450,1,1,1
989,1,1657,527,194,448,1,1,1
990,1,1646,530,202,446,1,1,1
991,1,1634,532,210,444,1,1,1
992,1,1632,533,208,448,1,1,1
993,1,1630,534,204,451,1,1,1
994,1,1628,534,201,455,1,1,1
995,1,1626,535,197,458,1,1,1
996,1,1623,535,194,461,1,1,1
997,1,1609,535,202,463,1,1,1
998,1,1594,535,209,463,1,1,1
999,1,1579,535,217,464,1,1,1
1000,1,1564,535,224,464,1,1,1
1001,1,1549,534,231,465,1,1,1
1002,1,1542,534,234,468,1,1,1
1003,1,1535,533,236,472,1,1,1
1004,1,1528,532,238,475,1,1,1
1005,1,1521,531,241,479,1,1,1
1006,1,1514,530,242,481,1,1,1
1007,1,1513,531,240,483,1,1,1
1008,1,1512,531,237,485,1,1,1
1009,1,1510,531,235,486,1,1,1
1010,1,1509,531,233,488,1,1,1
1011,1,1507,531,229,489,1,1,1
1012,1,1507,532,227,490,1,1,1
1013,1,1506,533,225,491,1,1,1
1014,1,1504,533,224,492,1,1,1
1015,1,1503,534,221,493,1,1,1
1016,1,1501,534,218,493,1,1,1
1017,1,1501,534,216,496,1,1,1
1018,1,1500,532,213,499,1,1,1
1019,1,1499,531,210,502,1,1,1
1020,1,1498,530,207,504,1,1,1
1021,1,1497,528,203,506,1,1,1
1022,1,1495,528,203,507,1,1,1
1023,1,1493,527,202,508,1,1,1
1024,1,1491,526,201,509,1,1,1
1025,1,1489,524,200,510,1,1,1
1026,1,1486,523,199,510,1,1,1
1027,1,1486,524,196,510,1,1,1
1028,1,1485,525,194,509,1,1,1
1029,1,1484,525,191,508,1,1,1
1030,1,1483,526,189,507,1,1,1
1031,1,1481,526,186,506,1,1,1
1032,1,1476,526,187,507,1,1,1
1033,1,1470,525,187,507,1,1,1
1034,1,1463,524,188,508,1,1,1
1035,1,1457,523,188,508,1,1,1
1036,1,1451,522,187,508,1,1,1
1037,1,1442,523,194,509,1,1,1
1038,1,1433,523,200,510,1,1,1
1039,1,1423,524,208,510,1,1,1
1040,1,1414,524,214,511,1,1,1
1041,1,1404,524,220,511,1,1,1
1042,1,1403,524,221,512,1,1,1
1043,1,1401,523,222,514,1,1,1
1044,1,1399,522,223,516,1,1,1
1045,1,1398,521,223,517,1,1,1
1046,1,1395,520,224,518,1,1,1
1047,1,1396,519,216,520,1,1,1
1048,1,1397,518,207,521,1,1,1
1049,1,1397,517,199,522,1,1,1
1050,1,1398,516,190,523,1,1,1
1051,1,1397,514,181,524,1,1,1
1052,1,1395,514,174,526,1,1,1
1053,1,1392,513,166,529,1,1,1
1054,1,1389,513,159,531,1,1,1
1055,1,1387,513,150,532,1,1,1
1056,1,1383,512,142,534,1,1,1
1057,1,1368,512,152,537,1,1,1
1058,1,1352,511,161,541,1,1,1
1059,1,1336,511,170,543,1,1,1
1060,1,1320,511,179,546,1,1,1
1061,1,1304,510,187,548,1,1,1
1062,1,1293,510,198,550,1,1,1
1063,1,1282,509,208,552,1,1,1
1064,1,1271,509,218,553,1,1,1
1065,1,1260,509,229,553,1,1,1
1066,1,1248,508,238,555,1,1,1
1067,1,1249,507,235,557,1,1,1
1068,1,1250,505,231,560,1,1,1
1069,1,1250,504,227,562,1,1,1
1070,1,1250,502,224,565,1,1,1
1071,1,1250,500,219,567,1,1,1
1072,1,1251,500,204,568,1,1,1
1073,1,1251,498,189,571,1,1,1
1074,1,1251,497,174,572,1,1,1
1075,1,1251,496,159,573,1,1,1
1076,1,1251,494,143,574,1,1,1
1077,1,1238,494,149,575,1,1,1
1078,1,1225,494,154,575,1,1,1
1079,1,1212,493,159,576,1,1,1
1080,1,1199,493,164,576,1,1,1
1081,1,1185,492,169,576,1,1,1
1082,1,1166,493,187,576,1,1,1
1083,1,1146,493,204,576,1,1,1
1084,1,1126,494,221,575,1,1,1
1085,1,1106,494,239,575,1,1,1
1086,1,1085,494,256,574,1,1,1
1087,1,1081,495,260,574,1,1,1
1088,1,1076,496,265,573,1,1,1
1089,1,1071,497,269,572,1,1,1
1090,1,1065,498,275,571,1,1,1
1091,1,1060,498,278,570,1,1,1
1092,1,1058,498,278,572,1,1,1
1093,1,1057,497,275,574,1,1,1
1094,1,1055,496,274,576,1,1,1
1095,1,1053,495,273,578,1,1,1
1096,1,1051,493,271,579,1,1,1
1097,1,1051,493,254,579,1,1,1
1098,1,1051,491,237,580,1,1,1
1099,1,1051,490,220,580,1,1,1
1100,1,1051,488,202,581,1,1,1
1101,1,1051,487,185,581,1,1,1
1102,1,1041,488,179,584,1,1,1
1103,1,1031,488,173,588,1,1,1
1104,1,1020,489,169,591,1,1,1
1105,1,1010,489,163,595,1,1,1
1106,1,1000,489,157,597,1,1,1
1107,1,976,491,180,596,1,1,1
1108,1,953,492,203,595,1,1,1
1109,1,929,493,226,594,1,1,1
1110,1,905,495,249,591,1,1,1
1111,1,881,495,271,589,1,1,1
1112,1,876,496,277,589,1,1,1
1113,1,869,495,284,589,1,1,1
1114,1,863,495,290,588,1,1,1
1115,1,857,494,296,588,1,1,1
1116,1,851,493,302,587,1,1,1
1117,1,850,493,300,590,1,1,1
1118,1,849,493,298,591,1,1,1
1119,1,849,493,295,592,1,1,1
1120,1,848,492,293,594,1,1,1
1121,1,846,491,290,595,1,1,1
1122,1,847,490,279,597,1,1,1
1123,1,847,489,267,598,1,1,1
1124,1,846,488,257,598,1,1,1
1125,1,846,486,245,600,1,1,1
1126,1,845,485,233,600,1,1,1
1127,1,842,485,217,601,1,1,1
1128,1,838,485,202,602,1,1,1
1129,1,834,485,186,603,1,1,1
1130,1,831,485,169,603,1,1,1
1131,1,826,485,153,603,1,1,1
1132,1,818,485,156,603,1,1,1
1133,1,810,486,157,602,1,1,1
1134,1,802,486,158,602,1,1,1
1135,1,793,486,160,601,1,1,1
1136,1,785,486,161,600,1,1,1
1137,1,775,488,170,599,1,1,1
1138,1,765,489,179,598,1,1,1
1139,1,755,490,187,597,1,1,1
1140,1,745,491,196,597,1,1,1
1141,1,735,491,203,596,1,1,1
1142,1,733,492,205,596,1,1,1
1143,1,730,492,207,597,1,1,1
1144,1,727,492,210,597,1,1,1
1145,1,724,492,212,598,1,1,1
1146,1,721,492,213,598,1,1,1
1147,1,717,493,208,595,1,1,1
1148,1,713,494,203,592,1,1,1
1149,1,708,494,198,590,1,1,1
1150,1,704,495,193,587,1,1,1
1151,1,700,495,187,583,1,1,1
1152,1,692,496,187,582,1,1,1
1153,1,684,497,186,579,1,1,1
1154,1,677,497,184,576,1,1,1
1155,1,669,498,183,573,1,1,1
1156,1,661,497,181,571,1,1,1
1157,1,650,498,190,571,1,1,1
1158,1,639,499,199,569,1,1,1
1159,1,628,499,208,568,1,1,1
1160,1,617,500,216,566,1,1,1
1161,1,606,500,224,565,1,1,1
1162,1,601,501,225,565,1,1,1
1163,1,596,502,226,564,1,1,1
1164,1,591,504,226,563,1,1,1
1165,1,587,505,226,562,1,1,1
1166,1,581,506,226,561,1,1,1
1167,1,580,506,224,561,1,1,1
1168,1,578,506,221,562,1,1,1
1169,1,576,507,219,561,1,1,1
1170,1,575,507,215,561,1,1,1
1171,1,573,507,213,561,1,1,1
1172,1,566,507,215,558,1,1,1
1173,1,558,507,217,556,1,1,1
1174,1,551,506,219,554,1,1,1
1175,1,544,506,221,552,1,1,1
1176,1,536,506,222,548,1,1,1
1177,1,534,506,218,550,1,1,1
1178,1,532,506,212,550,1,1,1
1179,1,529,506,208,550,1,1,1
1180,1,527,506,203,551,1,1,1
1181,1,524,506,197,551,1,1,1
1182,1,522,508,198,550,1,1,1
1183,1,520,509,197,550,1,1,1
1184,1,517,511,197,549,1,1,1
1185,1,515,513,196,547,1,1,1
1186,1,512,514,195,546,1,1,1
1187,1,510,515,195,547,1,1,1
1188,1,508,516,194,546,1,1,1
1189,1,506,517,194,545,1,1,1
1190,1,504,518,193,545,1,1,1
1191,1,502,518,191,544,1,1,1
1192,1,502,520,191,542,1,1,1
1193,1,503,522,190,539,1,1,1
1194,1,503,523,190,538,1,1,1
1195,1,504,525,188,535,1,1,1
1196,1,504,526,187,531,1,1,1
1197,1,505,526,186,531,1,1,1
1198,1,505,526,186,529,1,1,1
1199,1,506,525,184,527,1,1,1
1200,1,507,525,183,525,1,1,1
1201,1,507,524,181,524,1,1,1
1202,1,507,523,182,520,1,1,1
1203,1,507,522,181,516,1,1,1
1204,1,507,522,180,511,1,1,1
1205,1,507,521,180,507,1,1,1
1206,1,507,520,178,503,1,1,1
1207,1,506,520,180,502,1,1,1
1208,1,504,519,181,503,1,1,1
1209,1,503,519,181,502,1,1,1
1210,1,501,519,183,501,1,1,1
1211,1,500,518,183,501,1,1,1
1212,1,499,520,182,499,1,1,1
1213,1,497,522,183,496,1,1,1
1214,1,496,523,182,494,1,1,1
1215,1,495,525,181,492,1,1,1
1216,1,493,526,181,489,1,1,1
1217,1,492,526,180,487,1,1,1
1218,1,491,525,179,486,1,1,1
1219,1,490,524,177,484,1,1,1
1220,1,489,524,176,481,1,1,1
1221,1,487,522,174,479,1,1,1
1222,1,485,520,174,480,1,1,1
1223,1,483,518,172,480,1,1,1
1224,1,481,515,171,481,1,1,1
1225,1,478,513,170,480,1,1,1
1226,1,476,510,169,481,1,1,1
1227,1,475,509,169,478,1,1,1
1228,1,474,509,169,474,1,1,1
1229,1,472,508,170,472,1,1,1
1230,1,471,507,170,469,1,1,1
1231,1,469,506,169,465,1,1,1
1232,1,470,507,169,466,1,1,1
1233,1,470,508,169,465,1,1,1
1234,1,470,508,168,466,1,1,1
1235,1,470,509,168,465,1,1,1
1236,1,469,509,167,465,1,1,1
1237,1,471,510,167,465,1,1,1
1238,1,471,511,168,465,1,1,1
1239,1,472,512,168,464,1,1,1
1240,1,473,513,168,464,1,1,1
1241,1,474,514,167,463,1,1,1
1242,1,476,515,167,462,1,1,1
1243,1,477,516,167,461,1,1,1
1244,1,479,517,166,459,1,1,1
1245,1,480,517,166,459,1,1,1
1246,1,481,518,165,457,1,1,1
1247,1,485,517,165,456,1,1,1
1248,1,488,517,164,454,1,1,1
1249,1,491,516,164,453,1,1,1
1250,1,494,515,163,452,1,1,1
1251,1,497,514,163,451,1,1,1
1252,1,501,515,160,445,1,1,1
1253,1,505,516,157,440,1,1,1
1254,1,510,518,154,433,1,1,1
1255,1,514,519,151,428,1,1,1
1256,1,518,520,148,422,1,1,1
1257,1,520,520,148,423,1,1,1
1258,1,521,521,149,423,1,1,1
1259,1,523,521,149,424,1,1,1
1260,1,525,522,149,424,1,1,1
1261,1,526,522,148,424,1,1,1
1262,1,528,522,148,425,1,1,1
1263,1,530,522,147,424,1,1,1
1264,1,531,522,147,424,1,1,1
1265,1,533,522,146,423,1,1,1
1266,1,534,522,144,422,1,1,1
1267,1,536,524,144,420,1,1,1
1268,1,537,525,144,418,1,1,1
1269,1,539,526,142,416,1,1,1
1270,1,540,528,142,413,1,1,1
1271,1,541,528,141,410,1,1,1
1272,1,543,528,139,409,1,1,1
1273,1,545,528,137,407,1,1,1
1274,1,546,528,136,405,1,1,1
1275,1,548,527,134,404,1,1,1
1276,1,549,527,132,401,1,1,1
1277,1,550,527,134,399,1,1,1
1278,1,550,527,136,397,1,1,1
1279,1,550,527,138,394,1,1,1
1280,1,550,527,141,392,1,1,1
1281,1,550,526,142,389,1,1,1
1282,1,552,527,144,390,1,1,1
1283,1,554,528,145,389,1,1,1
1284,1,555,529,148,388,1,1,1
1285,1,557,529,149,388,1,1,1
1286,1,558,529,150,387,1,1,1
1287,1,560,531,153,387,1,1,1
1288,1,562,532,155,386,1,1,1
1289,1,564,534,157,384,1,1,1
1290,1,565,535,160,383,1,1,1
1291,1,566,536,162,381,1,1,1
1292,1,571,536,159,383,1,1,1
1293,1,574,536,157,383,1,1,1
1294,1,578,536,155,383,1,1,1
1295,1,582,537,152,383,1,1,1
1296,1,585,536,148,383,1,1,1
1297,1,590,536,145,382,1,1,1
1298,1,594,536,141,380,1,1,1
1299,1,598,536,137,377,1,1,1
1300,1,602,535,133,376,1,1,1
1301,1,606,534,128,373,1,1,1
1302,1,609,536,128,371,1,1,1
1303,1,613,536,127,369,1,1,1
1304,1,616,537,126,366,1,1,1
1305,1,619,538,125,364,1,1,1
1306,1,622,538,124,361,1,1,1
1307,1,625,539,123,361,1,1,1
1308,1,628,539,121,361,1,1,1
1309,1,631,539,120,361,1,1,1
1310,1,634,539,118,361,1,1,1
1311,1,636,538,116,361,1,1,1
1312,1,639,540,114,360,1,1,1
1313,1,641,540,113,360,1,1,1
1314,1,643,541,111,359,1,1,1
1315,1,645,542,110,358,1,1,1
1316,1,646,542,108,357,1,1,1
1317,1,649,543,107,355,1,1,1
1318,1,650,543,108,354,1,1,1
1319,1,652,543,107,352,1,1,1
1320,1,653,543,107,350,1,1,1
1321,1,655,542,106,348,1,1,1
1322,1,656,543,106,347,1,1,1
1323,1,656,543,107,345,1,1,1
1324,1,656,543,108,343,1,1,1
1325,1,657,543,107,341,1,1,1
1326,1,657,542,108,338,1,1,1
1327,1,657,542,112,339,1,1,1
1328,1,657,541,116,340,1,1,1
1329,1,657,540,119,340,1,1,1
1330,1,657,540,123,340,1,1,1
1331,1,657,538,126,340,1,1,1
1332,1,659,540,130,338,1,1,1
1333,1,660,541,134,335,1,1,1
1334,1,662,542,138,333,1,1,1
1335,1,664,544,141,329,1,1,1
1336,1,665,544,144,326,1,1,1
1337,1,667,545,146,327,1,1,1
1338,1,669,545,146,327,1,1,1
1339,1,671,545,147,328,1,1,1
1340,1,673,545,147,328,1,1,1
1341,1,675,544,146,328,1,1,1
1342,1,680,546,143,327,1,1,1
1343,1,685,547,138,327,1,1,1
1344,1,690,548,133,326,1,1,1
1345,1,694,549,129,325,1,1,1
1346,1,699,549,123,323,1,1,1
1347,1,702,549,121,324,1,1,1
1348,1,705,549,118,323,1,1,1
1349,1,708,548,115,323,1,1,1
1350,1,710,548,113,322,1,1,1
802,2,2022,534,225,512,1,1,1
803,2,2021,535,224,514,1,1,1
804,2,2021,536,223,517,1,1,1
805,2,2020,537,223,519,1,1,1
806,2,2019,538,222,521,1,1,1
807,2,2019,538,223,525,1,1,1
808,2,2018,537,224,530,1,1,1
809,2,2017,537,225,534,1,1,1
810,2,2016,536,225,538,1,1,1
811,2,2015,535,225,542,1,1,1
812,2,2014,535,228,543,1,1,1
813,2,2013,535,229,543,1,1,1
814,2,2012,535,231,543,1,1,1
815,2,2011,534,232,544,1,1,1
816,2,2010,533,233,544,1,1,1
817,2,2010,534,231,546,1,1,1
818,2,2010,533,228,548,1,1,1
819,2,2010,533,225,550,1,1,1
820,2,2010,533,223,552,1,1,1
821,2,2009,532,219,553,1,1,1
822,2,2010,532,220,561,1,1,1
823,2,2010,532,220,567,1,1,1
824,2,2010,532,220,574,1,1,1
825,2,2010,531,220,581,1,1,1
826,2,2010,530,219,587,1,1,1
827,2,2011,531,219,588,1,1,1
828,2,2011,532,219,588,1,1,1
829,2,2011,532,219,589,1,1,1
830,2,2011,532,219,590,1,1,1
831,2,2011,532,217,589,1,1,1
832,2,2009,531,221,594,1,1,1
833,2,2007,529,224,598,1,1,1
834,2,2005,528,228,602,1,1,1
835,2,2002,526,232,606,1,1,1
836,2,2000,524,234,610,1,1,1
837,2,1997,523,238,611,1,1,1
838,2,1994,521,241,613,1,1,1
839,2,1991,519,244,614,1,1,1
840,2,1989,518,245,614,1,1,1
841,2,1985,515,248,615,1,1,1
842,2,1982,515,249,616,1,1,1
843,2,1978,514,250,617,1,1,1
844,2,1973,514,252,616,1,1,1
845,2,1969,513,253,616,1,1,1
846,2,1965,512,253,616,1,1,1
847,2,1949,513,265,616,1,1,1
848,2,1933,515,276,614,1,1,1
849,2,1918,516,287,613,1,1,1
850,2,1902,517,298,612,1,1,1
851,2,1885,518,310,610,1,1,1
852,2,1884,518,303,611,1,1,1
853,2,1882,518,297,611,1,1,1
854,2,1881,518,289,611,1,1,1
855,2,1879,518,283,611,1,1,1
856,2,1877,518,275,610,1,1,1
857,2,1877,518,272,610,1,1,1
858,2,1877,518,267,609,1,1,1
859,2,1876,517,264,609,1,1,1
860,2,1876,517,259,608,1,1,1
861,2,1875,516,255,608,1,1,1
862,2,1875,516,245,613,1,1,1
863,2,1875,515,234,618,1,1,1
864,2,1874,514,224,624,1,1,1
865,2,1874,513,213,629,1,1,1
866,2,1873,512,202,634,1,1,1
867,2,1867,512,201,637,1,1,1
868,2,1860,512,201,639,1,1,1
869,2,1853,511,200,642,1,1,1
870,2,1847,511,199,644,1,1,1
871,2,1840,510,198,646,1,1,1
872,2,1821,512,209,644,1,1,1
873,2,1802,513,220,641,1,1,1
874,2,1783,514,232,639,1,1,1
875,2,1764,515,243,636,1,1,1
876,2,1745,516,253,632,1,1,1
877,2,1743,515,254,635,1,1,1
878,2,1740,514,256,638,1,1,1
879,2,1737,513,257,640,1,1,1
880,2,1734,512,259,642,1,1,1
881,2,1731,510,259,645,1,1,1
882,2,1731,509,251,646,1,1,1
883,2,1731,508,242,647,1,1,1
884,2,1731,507,233,648,1,1,1
885,2,1731,506,224,648,1,1,1
886,2,1730,504,215,649,1,1,1
887,2,1725,504,206,650,1,1,1
888,2,1719,503,196,650,1,1,1
889,2,1713,503,187,650,1,1,1
890,2,1707,502,177,650,1,1,1
891,2,1701,501,167,649,1,1,1
892,2,1677,502,184,648,1,1,1
893,2,1653,502,200,647,1,1,1
894,2,1628,502,218,646,1,1,1
895,2,1604,502,234,644,1,1,1
896,2,1579,502,251,642,1,1,1
897,2,1568,504,262,641,1,1,1
898,2,1556,507,274,638,1,1,1
899,2,1544,509,285,636,1,1,1
900,2,1532,512,297,633,1,1,1
901,2,1520,514,308,630,1,1,1
902,2,1520,512,301,631,1,1,1
903,2,1520,509,294,633,1,1,1
904,2,1519,507,288,633,1,1,1
905,2,1519,504,280,634,1,1,1
906,2,1518,502,273,634,1,1,1
907,2,1518,502,252,634,1,1,1
908,2,1518,501,230,634,1,1,1
909,2,1518,501,208,633,1,1,1
910,2,1518,500,186,633,1,1,1
911,2,1518,500,163,632,1,1,1
912,2,1497,499,174,634,1,1,1
913,2,1476,498,185,635,1,1,1
914,2,1455,498,196,635,1,1,1
915,2,1433,497,208,636,1,1,1
916,2,1412,495,218,636,1,1,1
917,2,1394,497,235,632,1,1,1
918,2,1376,497,251,628,1,1,1
919,2,1358,498,267,623,1,1,1
920,2,1340,498,283,620,1,1,1
921,2,1322,499,299,614,1,1,1
922,2,1322,499,299,616,1,1,1
923,2,1321,499,299,617,1,1,1
924,2,1321,500,298,618,1,1,1
925,2,1320,500,298,619,1,1,1
926,2,1319,500,298,620,1,1,1
927,2,1319,498,293,622,1,1,1
928,2,1319,497,288,624,1,1,1
929,2,1319,495,283,626,1,1,1
930,2,1319,493,277,628,1,1,1
931,2,1319,491,271,629,1,1,1
932,2,1316,491,260,630,1,1,1
933,2,1313,489,249,632,1,1,1
934,2,1310,488,237,633,1,1,1
935,2,1308,487,224,633,1,1,1
936,2,1304,486,212,634,1,1,1
937,2,1300,487,215,633,1,1,1
938,2,1295,487,217,633,1,1,1
939,2,1291,488,218,632,1,1,1
940,2,1286,488,220,632,1,1,1
941,2,1281,488,221,630,1,1,1
942,2,1282,489,219,630,1,1,1
943,2,1283,488,217,631,1,1,1
944,2,1284,488,215,631,1,1,1
945,2,1285,488,212,631,1,1,1
946,2,1285,487,210,630,1,1,1
947,2,1288,489,206,630,1,1,1
948,2,1290,489,203,631,1,1,1
949,2,1292,490,199,631,1,1,1
950,2,1294,491,195,631,1,1,1
951,2,1295,491,191,630,1,1,1
952,2,1296,493,190,629,1,1,1
953,2,1296,493,188,629,1,1,1
954,2,1296,494,187,627,1,1,1
955,2,1296,495,185,626,1,1,1
956,2,1295,495,183,624,1,1,1
957,2,1291,497,188,623,1,1,1
958,2,1286,498,192,622,1,1,1
959,2,1281,498,196,621,1,1,1
960,2,1276,499,200,620,1,1,1
961,2,1271,500,204,618,1,1,1
962,2,1271,500,205,615,1,1,1
963,2,1270,501,207,610,1,1,1
964,2,1269,501,209,606,1,1,1
965,2,1268,502,211,602,1,1,1
966,2,1267,502,212,597,1,1,1
967,2,1268,503,210,593,1,1,1
968,2,1268,504,209,589,1,1,1
969,2,1269,506,207,583,1,1,1
970,2,1269,507,206,578,1,1,1
971,2,1269,508,204,573,1,1,1
972,2,1266,510,205,572,1,1,1
973,2,1263,512,206,570,1,1,1
974,2,1260,514,207,569,1,1,1
975,2,1256,516,209,567,1,1,1
976,2,1253,518,210,565,1,1,1
977,2,1253,520,207,564,1,1,1
978,2,1254,522,203,563,1,1,1
979,2,1254,524,199,562,1,1,1
980,2,1255,527,195,560,1,1,1
981,2,1255,528,191,559,1,1,1
982,2,1253,529,191,557,1,1,1
983,2,1252,529,189,555,1,1,1
984,2,1250,529,188,554,1,1,1
985,2,1249,529,187,552,1,1,1
986,2,1246,528,185,551,1,1,1
987,2,1247,530,188,546,1,1,1
988,2,1246,532,191,541,1,1,1
989,2,1246,533,193,537,1,1,1
990,2,1245,535,196,532,1,1,1
991,2,1244,536,197,526,1,1,1
992,2,1246,538,205,525,1,1,1
993,2,1246,540,214,523,1,1,1
994,2,1247,542,221,520,1,1,1
995,2,1248,543,229,519,1,1,1
996,2,1248,544,236,516,1,1,1
997,2,1250,546,240,516,1,1,1
998,2,1252,547,242,515,1,1,1
999,2,1254,549,244,513,1,1,1
1000,2,1256,550,246,513,1,1,1
1001,2,1257,551,249,511,1,1,1
1002,2,1260,553,251,510,1,1,1
1003,2,1264,555,250,507,1,1,1
1004,2,1267,556,251,506,1,1,1
1005,2,1270,558,252,504,1,1,1
1006,2,1272,559,253,502,1,1,1
1007,2,1274,559,253,499,1,1,1
1008,2,1276,559,251,495,1,1,1
1009,2,1278,559,250,492,1,1,1
1010,2,1279,558,250,489,1,1,1
1011,2,1281,557,248,485,1,1,1
1012,2,1282,558,246,484,1,1,1
1013,2,1283,559,243,482,1,1,1
1014,2,1284,559,241,481,1,1,1
1015,2,1286,559,237,479,1,1,1
1016,2,1286,559,234,477,1,1,1
1017,2,1287,559,234,477,1,1,1
1018,2,1287,559,234,477,1,1,1
1019,2,1287,559,234,476,1,1,1
1020,2,1287,559,233,475,1,1,1
1021,2,1286,558,233,474,1,1,1
1022,2,1288,559,231,474,1,1,1
1023,2,1288,559,230,473,1,1,1
1024,2,1289,559,228,473,1,1,1
1025,2,1290,559,225,472,1,1,1
1026,2,1290,559,223,471,1,1,1
1027,2,1291,559,224,472,1,1,1
1028,2,1290,559,225,472,1,1,1
1029,2,1290,559,225,471,1,1,1
1030,2,1290,559,225,471,1,1,1
1031,2,1289,559,226,470,1,1,1
1032,2,1288,558,228,471,1,1,1
1033,2,1287,557,228,471,1,1,1
1034,2,1286,556,229,470,1,1,1
1035,2,1285,555,230,470,1,1,1
1036,2,1283,553,231,470,1,1,1
1037,2,1280,553,231,468,1,1,1
1038,2,1276,552,231,466,1,1,1
1039,2,1273,552,230,463,1,1,1
1040,2,1270,551,229,460,1,1,1
1041,2,1266,550,229,457,1,1,1
1042,2,1263,550,225,457,1,1,1
1043,2,1261,550,220,456,1,1,1
1044,2,1258,550,216,455,1,1,1
1045,2,1256,549,210,454,1,1,1
1046,2,1253,548,206,453,1,1,1
1047,2,1251,549,201,453,1,1,1
1048,2,1248,549,197,454,1,1,1
1049,2,1246,549,192,454,1,1,1
1050,2,1243,549,188,455,1,1,1
1051,2,1240,548,183,455,1,1,1
1052,2,1238,550,182,454,1,1,1
1053,2,1234,551,182,452,1,1,1
1054,2,1231,551,181,452,1,1,1
1055,2,1228,552,180,450,1,1,1
1056,2,1224,553,179,448,1,1,1
1057,2,1224,552,176,448,1,1,1
1058,2,1223,551,172,446,1,1,1
1059,2,1222,551,169,444,1,1,1
1060,2,1221,550,165,442,1,1,1
1061,2,1220,548,161,440,1,1,1
1062,2,1223,548,159,439,1,1,1
1063,2,1225,547,158,437,1,1,1
1064,2,1228,545,156,436,1,1,1
1065,2,1230,544,155,434,1,1,1
1066,2,1232,542,153,432,1,1,1
1067,2,1233,544,151,428,1,1,1
1068,2,1233,545,149,423,1,1,1
1069,2,1234,546,146,419,1,1,1
1070,2,1234,547,144,414,1,1,1
1071,2,1234,547,142,410,1,1,1
1096,2,1163,542,128,402,1,1,1
1097,2,1162,544,127,399,1,1,1
1098,2,1162,545,124,395,1,1,1
1099,2,1161,546,122,392,1,1,1
1100,2,1160,547,120,388,1,1,1
1101,2,1159,548,118,385,1,1,1
1102,2,1155,548,121,385,1,1,1
1103,2,1151,548,124,385,1,1,1
1104,2,1147,547,127,386,1,1,1
1105,2,1143,547,130,386,1,1,1
1106,2,1138,546,132,385,1,1,1
1107,2,1137,547,132,382,1,1,1
1108,2,1135,547,132,379,1,1,1
1109,2,1133,547,132,376,1,1,1
1110,2,1131,547,132,373,1,1,1
1111,2,1128,546,132,369,1,1,1
1112,2,1127,547,133,368,1,1,1
1113,2,1126,546,133,368,1,1,1
1114,2,1125,546,133,367,1,1,1
1115,2,1124,545,132,366,1,1,1
1116,2,1122,544,132,365,1,1,1
1117,2,1122,546,132,364,1,1,1
1118,2,1122,547,130,364,1,1,1
1119,2,1122,548,129,363,1,1,1
1120,2,1122,549,127,362,1,1,1
1121,2,1121,550,125,361,1,1,1
1122,2,1121,550,125,360,1,1,1
1123,2,1119,551,124,357,1,1,1
1124,2,1118,551,123,355,1,1,1
1125,2,1117,551,122,353,1,1,1
1126,2,1115,551,121,351,1,1,1
1127,2,1114,551,121,351,1,1,1
1128,2,1112,551,121,351,1,1,1
1129,2,1110,551,122,350,1,1,1
1130,2,1109,551,121,350,1,1,1
1131,2,1107,551,120,348,1,1,1
1132,2,1105,551,124,348,1,1,1
1133,2,1104,551,125,346,1,1,1
1134,2,1102,551,128,345,1,1,1
1135,2,1100,551,130,344,1,1,1
1136,2,1098,550,132,342,1,1,1
1137,2,1097,551,133,342,1,1,1
1138,2,1096,551,133,342,1,1,1
1139,2,1095,552,133,340,1,1,1
1140,2,1094,552,134,340,1,1,1
1141,2,1092,552,133,338,1,1,1
1142,2,1094,553,140,338,1,1,1
1143,2,1094,554,147,338,1,1,1
1144,2,1095,554,153,338,1,1,1
1145,2,1096,555,159,337,1,1,1
1146,2,1096,555,165,336,1,1,1
1147,2,1099,556,162,337,1,1,1
1148,2,1102,557,159,336,1,1,1
1149,2,1105,558,156,335,1,1,1
1150,2,1107,559,154,335,1,1,1
1151,2,1110,559,151,334,1,1,1
1152,2,1113,560,143,335,1,1,1
1153,2,1116,561,135,335,1,1,1
1154,2,1119,562,126,336,1,1,1
1155,2,1122,562,118,337,1,1,1
1156,2,1124,563,110,336,1,1,1
1157,2,1124,564,113,334,1,1,1
1158,2,1124,565,115,332,1,1,1
1159,2,1124,566,117,329,1,1,1
1160,2,1124,567,119,326,1,1,1
1161,2,1124,567,120,324,1,1,1
1162,2,1129,568,117,323,1,1,1
1163,2,1133,568,114,323,1,1,1
1164,2,1137,569,112,322,1,1,1
1165,2,1141,569,109,321,1,1,1
1166,2,1144,569,106,320,1,1,1
1167,2,1150,570,104,321,1,1,1
1168,2,1154,570,102,323,1,1,1
1169,2,1159,570,100,324,1,1,1
1170,2,1163,570,98,326,1,1,1
1171,2,1168,570,96,327,1,1,1
1172,2,1172,571,95,325,1,1,1
1173,2,1175,572,95,323,1,1,1
1174,2,1179,573,94,321,1,1,1
1175,2,1182,574,94,319,1,1,1
1176,2,1185,575,93,316,1,1,1
1177,2,1186,576,98,316,1,1,1
1178,2,1187,577,101,315,1,1,1
1179,2,1187,578,105,314,1,1,1
1180,2,1187,579,109,313,1,1,1
1181,2,1187,579,112,312,1,1,1
1182,2,1189,580,112,312,1,1,1
1183,2,1189,581,113,311,1,1,1
1184,2,1190,582,112,310,1,1,1
1185,2,1191,583,112,309,1,1,1
1186,2,1191,583,112,308,1,1,1
1187,2,1197,582,108,309,1,1,1
1188,2,1202,581,104,308,1,1,1
1189,2,1207,580,100,308,1,1,1
1190,2,1211,579,96,308,1,1,1
1191,2,1216,577,91,308,1,1,1
1192,2,1223,579,89,308,1,1,1
1193,2,1229,580,86,309,1,1,1
1194,2,1236,581,82,309,1,1,1
1195,2,1242,583,80,309,1,1,1
1196,2,1248,584,76,309,1,1,1
1197,2,1249,584,87,308,1,1,1
1198,2,1249,585,98,306,1,1,1
1199,2,1248,585,110,305,1,1,1
1200,2,1248,585,121,304,1,1,1
1201,2,1248,585,131,302,1,1,1
1202,2,1248,586,135,302,1,1,1
1203,2,1248,586,138,303,1,1,1
1204,2,1248,587,141,302,1,1,1
1205,2,1248,587,145,303,1,1,1
1206,2,1248,587,147,303,1,1,1
1207,2,1249,587,147,303,1,1,1
1208,2,1250,586,145,304,1,1,1
1209,2,1251,586,144,304,1,1,1
1210,2,1251,585,144,304,1,1,1
1211,2,1252,584,142,304,1,1,1
1306,2,1457,587,102,291,1,1,1
1307,2,1455,589,101,288,1,1,1
1308,2,1453,589,100,285,1,1,1
1309,2,1451,590,98,281,1,1,1
1310,2,1449,591,97,277,1,1,1
1311,2,1446,591,95,273,1,1,1
1312,2,1448,591,94,273,1,1,1
1313,2,1449,591,91,273,1,1,1
1314,2,1449,591,90,272,1,1,1
1315,2,1450,590,88,272,1,1,1
1316,2,1451,589,85,271,1,1,1
1317,2,1450,589,86,270,1,1,1
1318,2,1449,587,87,270,1,1,1
1319,2,1449,586,87,269,1,1,1
1320,2,1448,585,87,268,1,1,1
1321,2,1446,583,87,267,1,1,1
1322,2,1446,584,87,267,1,1,1
1323,2,1444,584,88,267,1,1,1
1324,2,1443,584,88,267,1,1,1
1325,2,1442,584,88,267,1,1,1
1326,2,1440,583,87,267,1,1,1
1327,2,1435,583,91,266,1,1,1
1328,2,1429,583,95,265,1,1,1
1329,2,1422,582,99,264,1,1,1
1330,2,1416,582,103,262,1,1,1
1331,2,1410,581,106,261,1,1,1
1332,2,1410,582,105,261,1,1,1
1333,2,1409,583,105,260,1,1,1
1334,2,1409,584,104,259,1,1,1
1335,2,1409,585,102,258,1,1,1
1336,2,1408,585,102,257,1,1,1
1337,2,1408,585,101,257,1,1,1
1338,2,1407,585,102,257,1,1,1
1339,2,1407,584,101,258,1,1,1
1340,2,1407,584,100,257,1,1,1
1341,2,1406,583,100,257,1,1,1
1342,2,1405,583,98,257,1,1,1
1343,2,1403,583,97,256,1,1,1
1344,2,1401,582,95,256,1,1,1
1345,2,1400,582,93,255,1,1,1
1346,2,1398,580,91,255,1,1,1
1347,2,1395,581,92,255,1,1,1
1348,2,1391,581,92,255,1,1,1
1349,2,1388,581,92,254,1,1,1
1350,2,1384,581,93,254,1,1,1
802,3,1052,563,124,259,1,1,1
803,3,1055,563,121,260,1,1,1
804,3,1058,564,119,260,1,1,1
805,3,1060,564,117,261,1,1,1
806,3,1063,564,114,261,1,1,1
807,3,1072,564,106,263,1,1,1
808,3,1080,564,98,264,1,1,1
809,3,1089,564,90,264,1,1,1
810,3,1097,564,82,265,1,1,1
811,3,1105,563,74,266,1,1,1
812,3,1110,563,77,266,1,1,1
813,3,1115,564,80,265,1,1,1
814,3,1120,564,82,264,1,1,1
815,3,1125,564,85,264,1,1,1
816,3,1130,564,87,263,1,1,1
817,3,1132,565,94,262,1,1,1
818,3,1134,565,100,262,1,1,1
819,3,1135,565,108,262,1,1,1
820,3,1137,565,114,262,1,1,1
821,3,1138,565,120,260,1,1,1
822,3,1139,566,122,260,1,1,1
823,3,1140,566,122,260,1,1,1
824,3,1140,567,124,258,1,1,1
825,3,1141,567,124,258,1,1,1
826,3,1141,567,125,257,1,1,1
827,3,1147,566,120,258,1,1,1
828,3,1152,565,115,258,1,1,1
829,3,1158,564,109,258,1,1,1
830,3,1163,563,105,258,1,1,1
831,3,1168,561,99,258,1,1,1
832,3,1177,561,91,259,1,1,1
833,3,1185,561,83,259,1,1,1
834,3,1193,560,75,261,1,1,1
835,3,1200,560,68,261,1,1,1
836,3,1208,558,60,262,1,1,1
837,3,1211,559,65,262,1,1,1
838,3,1213,559,70,262,1,1,1
839,3,1216,559,74,263,1,1,1
840,3,1218,559,79,263,1,1,1
841,3,1220,558,83,263,1,1,1
842,3,1220,559,88,264,1,1,1
843,3,1220,559,91,264,1,1,1
844,3,1219,559,96,265,1,1,1
845,3,1219,559,100,265,1,1,1
846,3,1218,559,104,265,1,1,1
847,3,1220,559,103,266,1,1,1
848,3,1222,558,101,268,1,1,1
849,3,1224,558,100,269,1,1,1
850,3,1227,558,97,270,1,1,1
851,3,1228,557,95,271,1,1,1
852,3,1235,556,92,271,1,1,1
853,3,1241,556,89,270,1,1,1
854,3,1247,555,86,270,1,1,1
855,3,1253,554,83,270,1,1,1
856,3,1259,553,79,269,1,1,1
857,3,1263,553,83,269,1,1,1
858,3,1267,553,86,269,1,1,1
859,3,1271,553,90,269,1,1,1
860,3,1276,553,92,269,1,1,1
861,3,1279,553,95,269,1,1,1
862,3,1281,553,102,270,1,1,1
863,3,1283,552,108,271,1,1,1
864,3,1284,552,115,272,1,1,1
865,3,1286,551,121,273,1,1,1
866,3,1287,551,126,273,1,1,1
867,3,1289,552,126,272,1,1,1
868,3,1291,552,124,272,1,1,1
869,3,1292,553,124,271,1,1,1
870,3,1294,553,122,270,1,1,1
871,3,1295,553,120,269,1,1,1
872,3,1299,553,118,270,1,1,1
873,3,1303,553,113,270,1,1,1
874,3,1306,552,110,271,1,1,1
875,3,1310,551,106,272,1,1,1
876,3,1313,550,102,272,1,1,1
877,3,1322,550,95,273,1,1,1
878,3,1330,550,87,273,1,1,1
879,3,1338,550,80,274,1,1,1
880,3,1346,549,72,275,1,1,1
881,3,1353,549,64,274,1,1,1
882,3,1356,549,68,275,1,1,1
883,3,1358,549,72,276,1,1,1
884,3,1360,549,75,276,1,1,1
885,3,1363,548,78,277,1,1,1
886,3,1364,548,81,277,1,1,1
887,3,1366,549,83,277,1,1,1
888,3,1367,550,85,276,1,1,1
889,3,1368,550,87,277,1,1,1
890,3,1369,551,88,276,1,1,1
891,3,1369,551,90,275,1,1,1
892,3,1370,551,91,277,1,1,1
893,3,1370,550,91,279,1,1,1
894,3,1369,549,93,280,1,1,1
895,3,1369,548,94,282,1,1,1
896,3,1369,546,93,283,1,1,1
897,3,1373,547,92,283,1,1,1
898,3,1378,546,89,283,1,1,1
899,3,1382,546,87,282,1,1,1
900,3,1386,545,85,282,1,1,1
901,3,1389,544,83,281,1,1,1
902,3,1393,544,84,282,1,1,1
903,3,1397,544,84,281,1,1,1
904,3,1401,544,83,280,1,1,1
905,3,1404,543,84,280,1,1,1
906,3,1408,542,83,279,1,1,1
907,3,1408,543,90,280,1,1,1
908,3,1408,543,97,281,1,1,1
909,3,1408,543,103,282,1,1,1
910,3,1408,543,110,283,1,1,1
911,3,1408,542,116,283,1,1,1
912,3,1411,543,114,284,1,1,1
913,3,1415,543,111,284,1,1,1
914,3,1418,543,109,284,1,1,1
915,3,1421,543,107,284,1,1,1
916,3,1424,542,104,283,1,1,1
936,3,1464,540,94,299,1,1,1
937,3,1463,541,96,299,1,1,1
938,3,1461,541,99,299,1,1,1
939,3,1459,541,101,299,1,1,1
940,3,1457,541,103,300,1,1,1
941,3,1454,541,105,299,1,1,1
942,3,1455,540,107,301,1,1,1
943,3,1456,539,107,302,1,1,1
944,3,1456,537,108,304,1,1,1
945,3,1457,536,109,305,1,1,1
946,3,1457,534,110,306,1,1,1
947,3,1459,537,112,304,1,1,1
948,3,1460,539,114,302,1,1,1
949,3,1462,541,115,300,1,1,1
950,3,1464,543,116,298,1,1,1
951,3,1465,544,118,295,1,1,1
971,3,1536,546,89,314,1,1,1
972,3,1537,548,90,315,1,1,1
973,3,1537,549,90,316,1,1,1
974,3,1537,551,91,316,1,1,1
975,3,1537,552,91,317,1,1,1
976,3,1536,553,91,318,1,1,1
977,3,1541,554,93,319,1,1,1
978,3,1545,555,95,321,1,1,1
979,3,1549,556,97,322,1,1,1
980,3,1553,556,98,324,1,1,1
981,3,1557,557,100,324,1,1,1
982,3,1557,559,102,326,1,1,1
983,3,1557,561,104,327,1,1,1
984,3,1557,563,106,328,1,1,1
985,3,1557,565,108,330,1,1,1
986,3,1557,567,110,330,1,1,1
987,3,1559,569,112,330,1,1,1
988,3,1561,571,113,329,1,1,1
989,3,1563,572,114,328,1,1,1
990,3,1565,574,115,327,1,1,1
991,3,1567,575,116,326,1,1,1
992,3,1568,576,116,327,1,1,1
993,3,1569,576,116,329,1,1,1
994,3,1570,576,115,330,1,1,1
995,3,1571,576,114,332,1,1,1
996,3,1571,576,114,332,1,1,1
997,3,1572,577,110,333,1,1,1
998,3,1572,577,106,333,1,1,1
999,3,1571,578,104,332,1,1,1
1000,3,1571,578,100,332,1,1,1
1001,3,1570,578,96,332,1,1,1
1002,3,1572,578,95,332,1,1,1
1003,3,1572,578,95,332,1,1,1
1004,3,1573,579,93,331,1,1,1
1005,3,1573,579,93,331,1,1,1
1006,3,1574,578,91,331,1,1,1
1036,3,1578,577,135,336,1,1,1
1037,3,1582,577,137,336,1,1,1
1038,3,1585,577,138,336,1,1,1
1039,3,1588,577,140,336,1,1,1
1040,3,1591,577,141,335,1,1,1
1041,3,1594,577,142,334,1,1,1
1042,3,1598,577,140,335,1,1,1
1043,3,1602,576,138,336,1,1,1
1044,3,1606,576,136,336,1,1,1
1045,3,1610,576,133,336,1,1,1
1046,3,1614,575,130,336,1,1,1
1047,3,1617,575,130,338,1,1,1
1048,3,1619,575,129,338,1,1,1
1049,3,1622,574,128,339,1,1,1
1050,3,1624,574,127,340,1,1,1
1051,3,1626,573,126,340,1,1,1
1052,3,1628,574,126,341,1,1,1
1053,3,1630,575,125,341,1,1,1
1054,3,1631,576,125,341,1,1,1
1055,3,1633,577,123,341,1,1,1
1056,3,1634,577,122,340,1,1,1
1057,3,1636,577,122,342,1,1,1
1058,3,1636,576,124,344,1,1,1
1059,3,1637,575,124,346,1,1,1
1060,3,1638,574,124,348,1,1,1
1061,3,1638,573,124,348,1,1,1
1062,3,1640,571,124,351,1,1,1
1063,3,1640,569,125,353,1,1,1
1064,3,1641,567,125,355,1,1,1
1065,3,1642,565,125,357,1,1,1
1066,3,1642,563,124,359,1,1,1
1067,3,1645,563,123,359,1,1,1
1068,3,1647,563,123,359,1,1,1
1069,3,1649,562,122,360,1,1,1
1070,3,1650,562,122,360,1,1,1
1071,3,1652,561,120,359,1,1,1
1072,3,1654,562,122,361,1,1,1
1073,3,1655,562,123,362,1,1,1
1074,3,1656,562,125,364,1,1,1
1075,3,1658,562,125,365,1,1,1
1076,3,1658,562,127,366,1,1,1
1077,3,1662,564,127,368,1,1,1
1078,3,1664,564,128,371,1,1,1
1079,3,1667,565,127,372,1,1,1
1080,3,1670,566,127,374,1,1,1
1081,3,1672,567,127,375,1,1,1
1082,3,1674,567,130,377,1,1,1
1083,3,1675,567,133,379,1,1,1
1084,3,1676,567,136,380,1,1,1
1085,3,1677,567,139,381,1,1,1
1086,3,1677,567,142,382,1,1,1
1087,3,1683,566,141,383,1,1,1
1088,3,1688,564,139,385,1,1,1
1089,3,1693,563,137,386,1,1,1
1090,3,1698,562,135,387,1,1,1
1091,3,1703,560,132,388,1,1,1
1092,3,1704,560,134,391,1,1,1
1093,3,1704,561,135,392,1,1,1
1094,3,1705,561,136,394,1,1,1
1095,3,1706,561,137,396,1,1,1
1096,3,1706,561,138,397,1,1,1
1097,3,1706,562,140,399,1,1,1
1098,3,1706,562,140,400,1,1,1
1099,3,1706,562,141,402,1,1,1
1100,3,1706,563,141,402,1,1,1
1101,3,1706,563,142,404,1,1,1
1102,3,1707,562,142,407,1,1,1
1103,3,1708,561,141,409,1,1,1
1104,3,1709,561,141,411,1,1,1
1105,3,1709,560,141,414,1,1,1
1106,3,1710,559,140,416,1,1,1
1107,3,1709,558,142,418,1,1,1
1108,3,1708,557,143,419,1,1,1
1109,3,1707,556,144,421,1,1,1
1110,3,1705,554,146,423,1,1,1
1111,3,1704,553,146,424,1,1,1
1112,3,1704,552,147,427,1,1,1
1113,3,1705,551,147,429,1,1,1
1114,3,1705,551,147,430,1,1,1
1115,3,1706,550,147,432,1,1,1
1116,3,1706,548,146,434,1,1,1
1117,3,1708,549,145,437,1,1,1
1118,3,1710,548,143,441,1,1,1
1119,3,1712,548,141,444,1,1,1
1120,3,1715,548,138,447,1,1,1
1121,3,1716,547,136,450,1,1,1
1122,3,1718,547,136,454,1,1,1
1123,3,1720,547,135,458,1,1,1
1124,3,1722,546,135,462,1,1,1
1125,3,1723,546,135,466,1,1,1
1126,3,1725,545,134,470,1,1,1
1127,3,1727,545,132,471,1,1,1
1128,3,1728,544,131,472,1,1,1
1129,3,1730,544,130,473,1,1,1
1130,3,1731,543,129,474,1,1,1
1131,3,1732,542,127,475,1,1,1
1132,3,1730,543,128,474,1,1,1
1133,3,1728,543,127,474,1,1,1
1134,3,1726,543,127,474,1,1,1
1135,3,1724,543,126,474,1,1,1
1136,3,1721,543,126,473,1,1,1
1137,3,1720,544,125,473,1,1,1
1138,3,1719,545,123,472,1,1,1
1139,3,1718,545,121,472,1,1,1
1140,3,1716,546,120,471,1,1,1
1141,3,1715,546,118,471,1,1,1
1142,3,1713,547,118,471,1,1,1
1143,3,1711,547,117,471,1,1,1
1144,3,1710,547,115,472,1,1,1
1145,3,1708,548,114,471,1,1,1
1146,3,1705,548,113,471,1,1,1
1147,3,1704,549,115,470,1,1,1
1148,3,1703,549,116,471,1,1,1
1149,3,1701,550,118,470,1,1,1
1150,3,1700,550,119,470,1,1,1
1151,3,1697,551,120,469,1,1,1
1152,3,1692,551,121,468,1,1,1
1153,3,1686,551,121,466,1,1,1
1154,3,1680,551,121,465,1,1,1
1155,3,1673,551,123,463,1,1,1
1156,3,1667,551,122,461,1,1,1
1157,3,1664,553,125,461,1,1,1
1158,3,1660,554,127,462,1,1,1
1159,3,1656,556,130,462,1,1,1
1160,3,1653,558,132,462,1,1,1
1161,3,1648,559,134,463,1,1,1
1162,3,1649,560,131,464,1,1,1
1163,3,1648,560,129,465,1,1,1
1164,3,1648,560,126,466,1,1,1
1165,3,1647,561,124,466,1,1,1
1166,3,1646,561,120,467,1,1,1
1167,3,1647,564,122,465,1,1,1
1168,3,1646,566,124,463,1,1,1
1169,3,1646,568,125,461,1,1,1
1170,3,1645,571,128,458,1,1,1
1171,3,1645,573,129,456,1,1,1
1172,3,1644,572,130,456,1,1,1
1173,3,1643,572,131,454,1,1,1
1174,3,1641,571,133,454,1,1,1
1175,3,1640,570,134,454,1,1,1
1176,3,1638,569,134,453,1,1,1
1177,3,1638,569,136,448,1,1,1
1178,3,1638,569,136,443,1,1,1
1179,3,1638,569,137,438,1,1,1
1180,3,1637,569,138,432,1,1,1
1181,3,1636,569,138,426,1,1,1
1182,3,1632,570,144,427,1,1,1
1183,3,1628,571,148,427,1,1,1
1184,3,1623,572,153,426,1,1,1
1185,3,1619,573,157,426,1,1,1
1186,3,1614,573,161,426,1,1,1
1187,3,1611,574,160,426,1,1,1
1188,3,1608,575,158,424,1,1,1
1189,3,1604,576,157,423,1,1,1
1190,3,1601,577,155,421,1,1,1
1191,3,1597,577,153,420,1,1,1
1192,3,1599,579,146,417,1,1,1
1193,3,1599,580,140,415,1,1,1
1194,3,1600,581,134,412,1,1,1
1195,3,1600,582,128,410,1,1,1
1196,3,1600,583,121,406,1,1,1
1197,3,1598,582,120,404,1,1,1
1198,3,1595,581,119,401,1,1,1
1199,3,1592,580,118,399,1,1,1
1200,3,1589,579,117,396,1,1,1
1201,3,1585,578,116,392,1,1,1
1202,3,1584,579,116,392,1,1,1
1203,3,1582,580,116,391,1,1,1
1204,3,1580,581,116,390,1,1,1
1205,3,1579,582,115,389,1,1,1
1206,3,1576,583,114,387,1,1,1
1207,3,1577,583,112,385,1,1,1
1208,3,1576,583,111,382,1,1,1
1209,3,1576,583,109,379,1,1,1
1210,3,1576,583,107,377,1,1,1
1211,3,1575,582,105,374,1,1,1
1212,3,1575,582,102,372,1,1,1
1213,3,1574,581,100,369,1,1,1
1214,3,1573,580,97,366,1,1,1
1215,3,1572,580,95,363,1,1,1
1216,3,1571,578,91,360,1,1,1
1217,3,1564,578,97,360,1,1,1
1218,3,1556,577,102,360,1,1,1
1219,3,1549,577,107,359,1,1,1
1220,3,1541,576,112,358,1,1,1
1221,3,1533,575,117,358,1,1,1
1222,3,1527,576,124,355,1,1,1
1223,3,1520,578,130,351,1,1,1
1224,3,1513,579,137,348,1,1,1
1225,3,1506,580,144,344,1,1,1
1226,3,1499,581,151,341,1,1,1
1227,3,1496,580,149,339,1,1,1
1228,3,1493,579,146,336,1,1,1
1229,3,1491,577,143,335,1,1,1
1230,3,1488,576,140,332,1,1,1
1231,3,1485,574,137,330,1,1,1
1232,3,1484,574,132,331,1,1,1
1233,3,1482,573,127,333,1,1,1
1234,3,1480,572,123,334,1,1,1
1235,3,1479,572,117,334,1,1,1
1236,3,1477,570,112,336,1,1,1
1237,3,1479,572,109,336,1,1,1
1238,3,1481,573,106,336,1,1,1
1239,3,1483,574,103,336,1,1,1
1240,3,1484,576,101,335,1,1,1
1241,3,1486,576,97,335,1,1,1
1242,3,1487,576,96,336,1,1,1
1243,3,1487,576,96,335,1,1,1
1244,3,1487,576,95,335,1,1,1
1245,3,1487,576,95,335,1,1,1
1246,3,1487,575,93,334,1,1,1
1247,3,1489,576,92,334,1,1,1
1248,3,1490,576,89,334,1,1,1
1249,3,1491,576,87,333,1,1,1
1250,3,1492,577,85,332,1,1,1
1251,3,1493,577,83,332,1,1,1
1252,3,1490,577,86,332,1,1,1
1253,3,1487,578,89,330,1,1,1
1254,3,1483,578,94,330,1,1,1
1255,3,1480,579,97,328,1,1,1
1256,3,1477,579,100,328,1,1,1
1257,3,1478,579,98,329,1,1,1
1258,3,1478,578,97,331,1,1,1
1259,3,1479,578,95,332,1,1,1
1260,3,1479,578,94,333,1,1,1
1261,3,1479,577,91,334,1,1,1
1296,3,1336,579,155,322,1,1,1
1297,3,1334,580,154,321,1,1,1
1298,3,1331,580,153,320,1,1,1
1299,3,1328,580,152,320,1,1,1
1300,3,1325,580,151,319,1,1,1
1301,3,1322,579,148,318,1,1,1
1346,3,1116,569,146,329,1,1,1
1347,3,1116,569,135,330,1,1,1
1348,3,1115,568,124,331,1,1,1
1349,3,1114,568,113,331,1,1,1
1350,3,1113,567,102,332,1,1,1
802,4,1392,531,117,392,1,1,1
803,4,1391,532,125,391,1,1,1
804,4,1391,533,132,390,1,1,1
805,4,1391,534,139,389,1,1,1
806,4,1390,535,146,387,1,1,1
807,4,1391,536,147,389,1,1,1
808,4,1391,537,147,389,1,1,1
809,4,1391,537,148,391,1,1,1
810,4,1391,538,148,392,1,1,1
811,4,1390,538,148,392,1,1,1
812,4,1392,538,148,394,1,1,1
813,4,1393,537,148,395,1,1,1
814,4,1394,536,148,396,1,1,1
815,4,1394,536,149,397,1,1,1
816,4,1395,534,148,398,1,1,1
817,4,1402,535,143,398,1,1,1
818,4,1410,534,137,398,1,1,1
819,4,1417,534,131,398,1,1,1
820,4,1424,534,126,398,1,1,1
821,4,1430,533,120,397,1,1,1
822,4,1439,533,116,398,1,1,1
823,4,1446,533,113,397,1,1,1
824,4,1454,533,109,397,1,1,1
825,4,1462,533,105,396,1,1,1
826,4,1469,532,101,396,1,1,1
827,4,1472,532,111,396,1,1,1
828,4,1474,532,122,396,1,1,1
829,4,1476,531,133,397,1,1,1
830,4,1479,531,142,397,1,1,1
831,4,1480,530,152,396,1,1,1
832,4,1482,531,154,396,1,1,1
833,4,1483,531,156,396,1,1,1
834,4,1485,532,156,395,1,1,1
835,4,1486,532,158,395,1,1,1
836,4,1487,532,158,394,1,1,1
837,4,1488,532,159,395,1,1,1
838,4,1488,531,159,396,1,1,1
839,4,1489,530,158,397,1,1,1
840,4,1490,529,157,398,1,1,1
841,4,1490,528,157,398,1,1,1
842,4,1495,527,153,400,1,1,1
843,4,1501,526,148,401,1,1,1
844,4,1506,525,144,403,1,1,1
845,4,1511,524,139,404,1,1,1
846,4,1516,522,134,406,1,1,1
847,4,1525,522,128,407,1,1,1
848,4,1533,522,123,408,1,1,1
849,4,1542,521,116,410,1,1,1
850,4,1551,521,110,411,1,1,1
851,4,1559,520,104,412,1,1,1
852,4,1562,521,109,412,1,1,1
853,4,1566,521,114,412,1,1,1
854,4,1569,522,119,412,1,1,1
855,4,1572,522,124,412,1,1,1
856,4,1575,522,128,412,1,1,1
857,4,1576,522,134,413,1,1,1
858,4,1576,522,140,413,1,1,1
859,4,1576,521,145,414,1,1,1
860,4,1576,521,151,414,1,1,1
861,4,1575,520,157,414,1,1,1
862,4,1577,521,156,414,1,1,1
863,4,1579,521,155,415,1,1,1
864,4,1580,522,155,414,1,1,1
865,4,1582,522,154,414,1,1,1
866,4,1583,522,153,414,1,1,1
867,4,1584,522,152,414,1,1,1
868,4,1585,521,151,415,1,1,1
869,4,1586,521,150,415,1,1,1
870,4,1587,520,148,416,1,1,1
871,4,1587,519,147,415,1,1,1
872,4,1593,519,143,416,1,1,1
873,4,1599,519,138,417,1,1,1
874,4,1605,519,133,417,1,1,1
875,4,1611,518,129,418,1,1,1
876,4,1617,517,123,417,1,1,1
877,4,1624,517,120,419,1,1,1
878,4,1630,517,117,419,1,1,1
879,4,1636,516,114,419,1,1,1
880,4,1642,516,111,419,1,1,1
881,4,1648,515,107,419,1,1,1
882,4,1648,515,110,420,1,1,1
883,4,1647,515,113,420,1,1,1
884,4,1646,515,115,420,1,1,1
885,4,1645,515,118,420,1,1,1
886,4,1643,514,120,419,1,1,1
887,4,1643,515,123,419,1,1,1
888,4,1643,516,125,418,1,1,1
889,4,1642,516,127,417,1,1,1
890,4,1642,517,129,416,1,1,1
891,4,1640,517,131,414,1,1,1
911,4,1612,510,112,432,1,1,1
912,4,1604,509,115,433,1,1,1
913,4,1595,507,119,435,1,1,1
914,4,1587,505,122,437,1,1,1
915,4,1578,504,125,437,1,1,1
916,4,1569,502,128,438,1,1,1
917,4,1568,503,130,437,1,1,1
918,4,1567,504,131,434,1,1,1
919,4,1566,505,132,432,1,1,1
920,4,1565,506,132,430,1,1,1
921,4,1563,507,133,426,1,1,1
922,4,1562,507,133,427,1,1,1
923,4,1561,507,133,427,1,1,1
924,4,1559,506,133,428,1,1,1
925,4,1558,506,132,428,1,1,1
926,4,1556,505,131,428,1,1,1
927,4,1556,506,132,429,1,1,1
928,4,1555,506,132,429,1,1,1
929,4,1554,506,133,429,1,1,1
930,4,1553,506,134,430,1,1,1
931,4,1552,505,134,430,1,1,1
932,4,1550,507,135,429,1,1,1
933,4,1548,508,136,428,1,1,1
934,4,1546,508,137,427,1,1,1
935,4,1544,509,138,426,1,1,1
936,4,1541,510,138,425,1,1,1
937,4,1540,511,139,423,1,1,1
938,4,1538,512,140,421,1,1,1
939,4,1536,513,141,419,1,1,1
940,4,1534,514,141,417,1,1,1
941,4,1532,514,141,414,1,1,1
942,4,1530,514,142,412,1,1,1
943,4,1528,513,141,409,1,1,1
944,4,1525,512,141,406,1,1,1
945,4,1523,511,141,403,1,1,1
946,4,1520,510,140,400,1,1,1
947,4,1517,510,141,399,1,1,1
948,4,1513,509,141,399,1,1,1
949,4,1509,509,141,398,1,1,1
950,4,1506,509,141,396,1,1,1
951,4,1502,508,140,395,1,1,1
952,4,1499,509,140,396,1,1,1
953,4,1496,509,140,397,1,1,1
954,4,1493,509,139,398,1,1,1
955,4,1491,510,137,397,1,1,1
956,4,1487,510,136,397,1,1,1
957,4,1487,512,135,395,1,1,1
958,4,1486,514,133,392,1,1,1
959,4,1485,516,131,388,1,1,1
960,4,1484,518,129,385,1,1,1
961,4,1483,520,126,381,1,1,1
962,4,1482,519,127,380,1,1,1
963,4,1480,518,128,378,1,1,1
964,4,1478,517,129,375,1,1,1
965,4,1476,516,129,373,1,1,1
966,4,1473,514,130,371,1,1,1
967,4,1473,515,128,372,1,1,1
968,4,1473,516,125,372,1,1,1
969,4,1472,517,124,372,1,1,1
970,4,1472,518,121,373,1,1,1
971,4,1471,518,118,373,1,1,1
972,4,1471,520,118,374,1,1,1
973,4,1470,521,118,376,1,1,1
974,4,1469,522,118,377,1,1,1
975,4,1468,523,119,379,1,1,1
976,4,1467,524,118,379,1,1,1
977,4,1467,526,119,379,1,1,1
978,4,1467,528,120,378,1,1,1
979,4,1466,529,121,378,1,1,1
980,4,1466,531,121,376,1,1,1
981,4,1465,532,122,375,1,1,1
982,4,1465,534,122,375,1,1,1
983,4,1465,535,120,375,1,1,1
984,4,1465,536,119,375,1,1,1
985,4,1465,538,118,373,1,1,1
986,4,1465,538,116,373,1,1,1
987,4,1466,540,121,373,1,1,1
988,4,1467,542,125,373,1,1,1
989,4,1468,544,130,372,1,1,1
990,4,1469,545,134,372,1,1,1
991,4,1469,546,138,371,1,1,1
992,4,1470,548,138,372,1,1,1
993,4,1470,550,137,371,1,1,1
994,4,1471,551,136,372,1,1,1
995,4,1471,553,136,371,1,1,1
996,4,1471,554,135,372,1,1,1
997,4,1472,554,132,372,1,1,1
998,4,1472,555,130,372,1,1,1
999,4,1472,555,128,372,1,1,1
1000,4,1473,556,125,372,1,1,1
1001,4,1472,556,122,372,1,1,1
1002,4,1473,556,123,373,1,1,1
1003,4,1474,557,122,372,1,1,1
1004,4,1475,557,121,373,1,1,1
1005,4,1475,557,121,373,1,1,1
1006,4,1476,557,119,373,1,1,1
1007,4,1476,557,121,373,1,1,1
1008,4,1477,557,121,373,1,1,1
1009,4,1477,557,122,373,1,1,1
1010,4,1478,557,122,373,1,1,1
1011,4,1478,557,122,372,1,1,1
1012,4,1478,557,122,373,1,1,1
1013,4,1479,557,120,373,1,1,1
1014,4,1479,558,119,373,1,1,1
1015,4,1479,558,118,373,1,1,1
1016,4,1479,557,115,373,1,1,1
1017,4,1480,557,115,375,1,1,1
1018,4,1481,557,114,374,1,1,1
1019,4,1482,556,113,375,1,1,1
1020,4,1483,556,111,374,1,1,1
1021,4,1483,555,110,374,1,1,1
1022,4,1484,555,110,375,1,1,1
1023,4,1484,555,110,375,1,1,1
1024,4,1484,556,110,373,1,1,1
1025,4,1485,556,109,373,1,1,1
1026,4,1484,555,109,373,1,1,1
1051,4,1473,548,108,373,1,1,1
1052,4,1470,549,113,374,1,1,1
1053,4,1467,550,118,373,1,1,1
1054,4,1464,550,123,374,1,1,1
1055,4,1460,551,128,373,1,1,1
1056,4,1457,551,132,373,1,1,1
1057,4,1457,550,127,374,1,1,1
1058,4,1456,549,123,374,1,1,1
1059,4,1456,549,118,373,1,1,1
1060,4,1456,548,113,373,1,1,1
1061,4,1455,546,108,373,1,1,1
1062,4,1453,546,107,374,1,1,1
1063,4,1450,545,108,375,1,1,1
1064,4,1448,544,107,376,1,1,1
1065,4,1445,544,107,376,1,1,1
1066,4,1442,542,106,377,1,1,1
1067,4,1439,543,109,376,1,1,1
1068,4,1435,543,112,374,1,1,1
1069,4,1432,542,113,373,1,1,1
1070,4,1428,542,116,372,1,1,1
1071,4,1424,542,118,370,1,1,1
1072,4,1423,542,120,370,1,1,1
1073,4,1422,542,121,370,1,1,1
1074,4,1421,541,122,371,1,1,1
1075,4,1420,541,123,370,1,1,1
1076,4,1418,541,124,370,1,1,1
1077,4,1418,541,123,370,1,1,1
1078,4,1417,541,123,371,1,1,1
1079,4,1416,541,122,371,1,1,1
1080,4,1415,541,121,371,1,1,1
1081,4,1414,541,120,371,1,1,1
1082,4,1414,541,121,371,1,1,1
1083,4,1414,541,122,372,1,1,1
1084,4,1414,541,123,372,1,1,1
1085,4,1414,541,124,372,1,1,1
1086,4,1414,541,124,371,1,1,1
1087,4,1414,541,124,373,1,1,1
1088,4,1415,541,123,374,1,1,1
1089,4,1415,541,123,375,1,1,1
1090,4,1415,541,123,376,1,1,1
1091,4,1415,540,122,377,1,1,1
1092,4,1415,541,123,378,1,1,1
1093,4,1416,541,122,378,1,1,1
1094,4,1416,541,122,379,1,1,1
1095,4,1416,541,123,379,1,1,1
1096,4,1416,540,122,379,1,1,1
1097,4,1418,541,122,381,1,1,1
1098,4,1420,540,121,384,1,1,1
1099,4,1422,540,120,386,1,1,1
1100,4,1424,540,119,387,1,1,1
1101,4,1426,540,118,389,1,1,1
1102,4,1426,539,119,390,1,1,1
1103,4,1426,538,119,391,1,1,1
1104,4,1426,537,120,392,1,1,1
1105,4,1426,536,120,393,1,1,1
1106,4,1426,534,120,393,1,1,1
1107,4,1427,535,121,392,1,1,1
1108,4,1428,536,121,390,1,1,1
1109,4,1429,536,120,389,1,1,1
1110,4,1430,536,120,388,1,1,1
1111,4,1430,536,120,385,1,1,1
1112,4,1429,537,121,386,1,1,1
1113,4,1427,537,122,386,1,1,1
1114,4,1426,537,123,387,1,1,1
1115,4,1424,537,124,387,1,1,1
1116,4,1422,536,124,387,1,1,1
1117,4,1419,536,127,389,1,1,1
1118,4,1415,536,130,390,1,1,1
1119,4,1411,536,132,390,1,1,1
1120,4,1408,536,134,391,1,1,1
1121,4,1404,535,136,391,1,1,1
1122,4,1402,535,137,392,1,1,1
1123,4,1401,535,136,392,1,1,1
1124,4,1399,535,135,392,1,1,1
1125,4,1397,535,135,392,1,1,1
1126,4,1395,535,134,390,1,1,1
1127,4,1395,535,132,391,1,1,1
1128,4,1395,536,129,391,1,1,1
1129,4,1395,536,126,391,1,1,1
1130,4,1395,536,122,391,1,1,1
1131,4,1394,535,119,391,1,1,1
1132,4,1394,536,118,391,1,1,1
1133,4,1394,536,116,392,1,1,1
1134,4,1394,535,114,393,1,1,1
1135,4,1393,535,112,393,1,1,1
1136,4,1392,535,110,393,1,1,1
1137,4,1393,535,109,394,1,1,1
1138,4,1393,535,107,394,1,1,1
1139,4,1394,535,105,395,1,1,1
1140,4,1394,535,103,395,1,1,1
1141,4,1394,535,101,394,1,1,1
1142,4,1392,535,101,398,1,1,1
1143,4,1390,534,101,402,1,1,1
1144,4,1388,534,101,405,1,1,1
1145,4,1387,533,100,408,1,1,1
1146,4,1384,532,100,411,1,1,1
1147,4,1383,534,101,410,1,1,1
1148,4,1382,534,102,410,1,1,1
1149,4,1380,535,104,408,1,1,1
1150,4,1379,536,105,407,1,1,1
1151,4,1377,536,106,406,1,1,1
1152,4,1378,537,104,407,1,1,1
1153,4,1378,538,102,407,1,1,1
1154,4,1379,538,100,409,1,1,1
1155,4,1379,538,98,410,1,1,1
1156,4,1379,538,95,410,1,1,1
1157,4,1380,539,96,411,1,1,1
1158,4,1380,540,96,411,1,1,1
1159,4,1380,540,97,411,1,1,1
1160,4,1380,540,97,412,1,1,1
1161,4,1379,540,97,412,1,1,1
1162,4,1379,542,99,410,1,1,1
1163,4,1379,542,100,409,1,1,1
1164,4,1378,543,102,408,1,1,1
1165,4,1378,544,103,406,1,1,1
1166,4,1377,544,104,404,1,1,1
1167,4,1378,546,105,405,1,1,1
1168,4,1379,547,106,406,1,1,1
1169,4,1380,547,106,409,1,1,1
1170,4,1380,548,108,410,1,1,1
1171,4,1381,549,108,411,1,1,1
1172,4,1380,550,110,409,1,1,1
1173,4,1379,551,112,406,1,1,1
1174,4,1378,551,114,405,1,1,1
1175,4,1377,552,116,402,1,1,1
1176,4,1375,553,118,400,1,1,1
1177,4,1375,553,120,403,1,1,1
1178,4,1375,554,121,404,1,1,1
1179,4,1374,554,122,406,1,1,1
1180,4,1374,555,123,408,1,1,1
1181,4,1373,555,124,410,1,1,1
1182,4,1373,555,125,409,1,1,1
1183,4,1372,555,127,408,1,1,1
1184,4,1371,555,128,407,1,1,1
1185,4,1370,555,130,405,1,1,1
1186,4,1369,555,130,404,1,1,1
1187,4,1367,556,133,404,1,1,1
1188,4,1365,556,134,404,1,1,1
1189,4,1363,556,136,404,1,1,1
1190,4,1361,557,137,404,1,1,1
1191,4,1359,557,138,404,1,1,1
1192,4,1358,558,139,403,1,1,1
1193,4,1358,558,138,403,1,1,1
1194,4,1357,559,138,402,1,1,1
1195,4,1356,560,138,401,1,1,1
1196,4,1355,560,137,400,1,1,1
1197,4,1354,560,137,401,1,1,1
1198,4,1353,559,135,402,1,1,1
1199,4,1352,559,133,402,1,1,1
1200,4,1351,558,131,403,1,1,1
1201,4,1349,557,130,403,1,1,1
1202,4,1349,558,130,403,1,1,1
1203,4,1349,558,129,403,1,1,1
1204,4,1348,559,130,402,1,1,1
1205,4,1348,559,129,401,1,1,1
1206,4,1347,558,129,401,1,1,1
1207,4,1348,558,128,401,1,1,1
1208,4,1348,558,127,401,1,1,1
1209,4,1348,557,126,401,1,1,1
1210,4,1348,556,125,401,1,1,1
1211,4,1348,555,122,400,1,1,1
1212,4,1347,555,123,401,1,1,1
1213,4,1345,555,124,401,1,1,1
1214,4,1343,555,125,400,1,1,1
1215,4,1341,555,125,400,1,1,1
1216,4,1338,554,126,400,1,1,1
1217,4,1338,554,126,400,1,1,1
1218,4,1337,553,126,401,1,1,1
1219,4,1337,552,125,401,1,1,1
1220,4,1336,551,124,402,1,1,1
1221,4,1335,550,123,401,1,1,1
1222,4,1334,549,125,403,1,1,1
1223,4,1333,548,127,403,1,1,1
1224,4,1332,547,128,403,1,1,1
1225,4,1331,545,129,405,1,1,1
1226,4,1330,544,130,405,1,1,1
1227,4,1329,543,130,405,1,1,1
1228,4,1329,543,129,405,1,1,1
1229,4,1328,542,129,405,1,1,1
1230,4,1327,542,129,405,1,1,1
1231,4,1326,541,128,405,1,1,1
1232,4,1326,541,128,405,1,1,1
1233,4,1325,541,129,404,1,1,1
1234,4,1324,541,129,404,1,1,1
1235,4,1324,541,129,404,1,1,1
1236,4,1322,541,129,402,1,1,1
1237,4,1322,542,128,403,1,1,1
1238,4,1322,543,125,403,1,1,1
1239,4,1321,544,124,403,1,1,1
1240,4,1321,545,122,403,1,1,1
1241,4,1320,545,120,403,1,1,1
1242,4,1320,546,123,404,1,1,1
1243,4,1319,547,126,403,1,1,1
1244,4,1318,548,129,402,1,1,1
1245,4,1317,548,132,403,1,1,1
1246,4,1316,548,134,402,1,1,1
1247,4,1317,548,133,403,1,1,1
1248,4,1317,547,133,404,1,1,1
1249,4,1317,546,132,404,1,1,1
1250,4,1318,545,131,405,1,1,1
1251,4,1318,544,130,406,1,1,1
1252,4,1317,544,131,406,1,1,1
1253,4,1316,544,133,406,1,1,1
1254,4,1316,544,133,406,1,1,1
1255,4,1315,544,135,406,1,1,1
1256,4,1314,544,136,406,1,1,1
1257,4,1314,545,136,406,1,1,1
1258,4,1315,546,135,405,1,1,1
1259,4,1315,547,136,405,1,1,1
1260,4,1316,548,135,404,1,1,1
1261,4,1316,548,134,404,1,1,1
1262,4,1317,549,134,405,1,1,1
1263,4,1318,549,134,406,1,1,1
1264,4,1319,549,133,407,1,1,1
1265,4,1320,549,133,407,1,1,1
1266,4,1320,548,132,408,1,1,1
1267,4,1322,549,132,410,1,1,1
1268,4,1323,550,131,411,1,1,1
1269,4,1324,550,131,413,1,1,1
1270,4,1325,550,131,415,1,1,1
1271,4,1326,550,130,416,1,1,1
1272,4,1328,551,130,417,1,1,1
1273,4,1330,551,129,418,1,1,1
1274,4,1332,551,128,419,1,1,1
1275,4,1333,551,129,420,1,1,1
1276,4,1335,551,127,420,1,1,1
1277,4,1335,550,125,421,1,1,1
1278,4,1334,549,124,422,1,1,1
1279,4,1333,549,122,422,1,1,1
1280,4,1332,548,120,423,1,1,1
1281,4,1331,546,118,423,1,1,1
1282,4,1326,547,124,424,1,1,1
1283,4,1322,547,128,425,1,1,1
1284,4,1317,547,133,425,1,1,1
1285,4,1312,546,137,427,1,1,1
1286,4,1307,546,142,426,1,1,1
1287,4,1304,546,143,427,1,1,1
1288,4,1302,546,142,428,1,1,1
1289,4,1299,545,142,429,1,1,1
1290,4,1296,545,143,429,1,1,1
1291,4,1293,544,142,430,1,1,1
1292,4,1293,545,143,430,1,1,1
1293,4,1293,545,143,431,1,1,1
1294,4,1292,546,143,432,1,1,1
1295,4,1292,546,143,433,1,1,1
1296,4,1291,546,142,432,1,1,1
1297,4,1292,546,142,435,1,1,1
1298,4,1293,545,141,437,1,1,1
1299,4,1293,544,140,439,1,1,1
1300,4,1293,544,140,440,1,1,1
1301,4,1293,542,138,442,1,1,1
1302,4,1291,543,137,442,1,1,1
1303,4,1287,543,136,442,1,1,1
1304,4,1284,543,134,441,1,1,1
1305,4,1281,543,132,441,1,1,1
1306,4,1277,542,130,440,1,1,1
1307,4,1276,543,127,440,1,1,1
1308,4,1275,543,123,440,1,1,1
1309,4,1274,543,119,439,1,1,1
1310,4,1273,543,116,439,1,1,1
1311,4,1271,542,112,438,1,1,1
1312,4,1256,543,126,439,1,1,1
1313,4,1240,543,141,439,1,1,1
1314,4,1225,543,155,440,1,1,1
1315,4,1209,543,170,440,1,1,1
1316,4,1193,542,183,440,1,1,1
1317,4,1190,544,187,440,1,1,1
1318,4,1187,544,190,440,1,1,1
1319,4,1183,545,193,440,1,1,1
1320,4,1179,546,197,439,1,1,1
1321,4,1175,546,200,438,1,1,1
1322,4,1175,546,198,439,1,1,1
1323,4,1174,544,196,440,1,1,1
1324,4,1173,543,194,440,1,1,1
1325,4,1172,542,192,440,1,1,1
1326,4,1171,540,189,440,1,1,1
1327,4,1170,540,182,441,1,1,1
1328,4,1168,538,174,442,1,1,1
1329,4,1167,537,166,442,1,1,1
1330,4,1165,536,159,442,1,1,1
1331,4,1163,534,151,442,1,1,1
1332,4,1156,535,145,443,1,1,1
1333,4,1149,535,139,443,1,1,1
1334,4,1142,535,133,443,1,1,1
1335,4,1136,535,126,443,1,1,1
1336,4,1128,534,120,442,1,1,1
1337,4,1110,536,137,442,1,1,1
1338,4,1092,537,154,442,1,1,1
1339,4,1073,538,171,442,1,1,1
1340,4,1055,540,187,441,1,1,1
1341,4,1036,540,204,440,1,1,1
1342,4,1037,540,203,442,1,1,1
1343,4,1037,540,202,443,1,1,1
1344,4,1037,539,201,444,1,1,1
1345,4,1036,539,201,445,1,1,1
1346,4,1036,538,200,446,1,1,1
1347,4,1036,537,190,447,1,1,1
1348,4,1036,536,180,448,1,1,1
1349,4,1036,535,169,448,1,1,1
1350,4,1036,533,159,450,1,1,1
802,5,721,535,164,375,1,1,1
803,5,721,535,159,374,1,1,1
804,5,721,535,154,374,1,1,1
805,5,720,534,150,375,1,1,1
806,5,720,533,145,374,1,1,1
807,5,716,534,143,375,1,1,1
808,5,712,534,141,375,1,1,1
809,5,708,533,139,377,1,1,1
810,5,703,533,137,377,1,1,1
811,5,699,533,134,377,1,1,1
812,5,697,533,135,378,1,1,1
813,5,695,533,135,378,1,1,1
814,5,693,534,135,376,1,1,1
815,5,691,534,135,376,1,1,1
816,5,688,533,134,376,1,1,1
817,5,688,535,134,374,1,1,1
818,5,688,535,131,374,1,1,1
819,5,687,536,130,372,1,1,1
820,5,687,537,128,371,1,1,1
821,5,686,537,126,369,1,1,1
822,5,687,538,125,368,1,1,1
823,5,687,538,124,367,1,1,1
824,5,688,539,123,366,1,1,1
825,5,688,539,122,365,1,1,1
826,5,689,539,120,363,1,1,1
827,5,690,539,121,361,1,1,1
828,5,692,538,120,359,1,1,1
829,5,693,537,120,357,1,1,1
830,5,695,536,119,355,1,1,1
831,5,696,535,119,352,1,1,1
832,5,695,535,121,351,1,1,1
833,5,693,535,124,350,1,1,1
834,5,692,534,126,349,1,1,1
835,5,691,534,128,348,1,1,1
836,5,689,533,130,346,1,1,1
837,5,693,533,128,346,1,1,1
838,5,697,533,124,346,1,1,1
839,5,701,533,121,345,1,1,1
840,5,705,532,118,345,1,1,1
841,5,709,532,114,344,1,1,1
842,5,710,531,113,346,1,1,1
843,5,711,531,112,346,1,1,1
844,5,712,530,111,347,1,1,1
845,5,713,529,110,348,1,1,1
846,5,714,528,108,348,1,1,1
847,5,717,530,108,347,1,1,1
848,5,719,532,108,344,1,1,1
849,5,722,533,108,342,1,1,1
850,5,724,535,108,339,1,1,1
851,5,726,536,108,336,1,1,1
852,5,730,535,106,336,1,1,1
853,5,734,533,104,336,1,1,1
854,5,738,531,102,336,1,1,1
855,5,741,529,100,336,1,1,1
856,5,744,526,97,336,1,1,1
857,5,746,527,99,334,1,1,1
858,5,747,527,101,331,1,1,1
859,5,749,528,101,328,1,1,1
860,5,750,528,103,325,1,1,1
861,5,751,528,104,322,1,1,1
862,5,753,528,109,323,1,1,1
863,5,754,528,114,324,1,1,1
864,5,756,527,119,325,1,1,1
865,5,758,527,123,326,1,1,1
866,5,759,526,128,326,1,1,1
867,5,761,527,129,325,1,1,1
868,5,764,528,128,323,1,1,1
869,5,766,529,128,321,1,1,1
870,5,768,529,128,319,1,1,1
871,5,770,529,127,317,1,1,1
872,5,774,531,123,316,1,1,1
873,5,777,531,119,315,1,1,1
874,5,780,532,115,314,1,1,1
875,5,783,533,111,312,1,1,1
876,5,786,533,106,311,1,1,1
877,5,789,533,106,311,1,1,1
878,5,792,533,104,310,1,1,1
879,5,795,533,102,309,1,1,1
880,5,798,533,101,307,1,1,1
881,5,801,532,98,306,1,1,1
882,5,804,531,98,306,1,1,1
883,5,806,530,98,305,1,1,1
884,5,809,529,97,304,1,1,1
885,5,811,528,97,302,1,1,1
886,5,813,527,95,300,1,1,1
887,5,816,528,94,300,1,1,1
888,5,817,528,94,299,1,1,1
889,5,819,528,93,299,1,1,1
890,5,821,528,91,299,1,1,1
891,5,822,528,90,297,1,1,1
892,5,824,529,91,297,1,1,1
893,5,826,529,90,297,1,1,1
894,5,827,530,91,296,1,1,1
895,5,829,530,90,296,1,1,1
896,5,830,530,89,295,1,1,1
897,5,833,531,88,295,1,1,1
898,5,836,531,86,295,1,1,1
899,5,838,532,85,293,1,1,1
900,5,840,532,84,293,1,1,1
901,5,842,532,81,291,1,1,1
902,5,844,533,81,289,1,1,1
903,5,845,533,81,286,1,1,1
904,5,847,534,80,282,1,1,1
905,5,848,534,80,279,1,1,1
906,5,848,534,79,275,1,1,1
907,5,850,534,80,276,1,1,1
908,5,851,533,81,276,1,1,1
909,5,853,532,80,277,1,1,1
910,5,854,531,81,278,1,1,1
911,5,855,530,81,277,1,1,1
912,5,857,530,89,277,1,1,1
913,5,858,530,97,277,1,1,1
914,5,860,529,104,277,1,1,1
915,5,862,529,111,276,1,1,1
916,5,863,528,118,275,1,1,1
917,5,867,529,121,275,1,1,1
918,5,871,530,123,275,1,1,1
919,5,875,531,125,274,1,1,1
920,5,879,532,128,273,1,1,1
921,5,883,532,129,272,1,1,1
922,5,884,533,130,272,1,1,1
923,5,884,533,132,271,1,1,1
924,5,885,533,132,271,1,1,1
925,5,886,533,132,270,1,1,1
926,5,886,533,133,269,1,1,1
927,5,890,533,129,269,1,1,1
928,5,895,532,124,268,1,1,1
929,5,899,531,120,268,1,1,1
930,5,903,531,116,267,1,1,1
931,5,907,530,110,266,1,1,1
932,5,916,530,103,267,1,1,1
933,5,924,531,96,266,1,1,1
934,5,932,531,88,266,1,1,1
935,5,940,531,81,266,1,1,1
936,5,948,531,72,265,1,1,1
937,5,951,531,75,265,1,1,1
938,5,954,531,77,265,1,1,1
939,5,957,532,79,264,1,1,1
940,5,960,532,81,264,1,1,1
941,5,962,531,82,263,1,1,1
942,5,964,532,89,264,1,1,1
943,5,965,531,95,265,1,1,1
944,5,967,531,100,265,1,1,1
945,5,968,531,106,265,1,1,1
946,5,969,530,112,265,1,1,1
947,5,969,531,115,265,1,1,1
948,5,969,532,117,263,1,1,1
949,5,968,533,120,262,1,1,1
950,5,968,534,122,260,1,1,1
951,5,967,534,124,259,1,1,1
952,5,969,534,123,260,1,1,1
953,5,971,533,121,261,1,1,1
954,5,973,532,119,262,1,1,1
955,5,976,531,116,263,1,1,1
956,5,977,530,114,263,1,1,1
957,5,984,531,109,263,1,1,1
958,5,991,531,102,263,1,1,1
959,5,998,531,96,263,1,1,1
960,5,1005,531,90,263,1,1,1
961,5,1012,530,83,263,1,1,1
962,5,1017,531,85,262,1,1,1
963,5,1021,531,87,261,1,1,1
964,5,1026,532,88,259,1,1,1
965,5,1030,532,90,259,1,1,1
966,5,1034,532,91,257,1,1,1
967,5,1036,534,100,257,1,1,1
968,5,1037,535,108,257,1,1,1
969,5,1038,536,117,257,1,1,1
970,5,1040,538,124,257,1,1,1
971,5,1040,538,132,257,1,1,1
972,5,1042,541,133,256,1,1,1
973,5,1042,544,134,254,1,1,1
974,5,1043,546,134,254,1,1,1
975,5,1044,549,134,252,1,1,1
976,5,1044,551,134,251,1,1,1
977,5,1049,552,131,252,1,1,1
978,5,1053,553,128,252,1,1,1
979,5,1057,553,125,254,1,1,1
980,5,1061,554,122,255,1,1,1
981,5,1065,555,118,255,1,1,1
982,5,1074,555,109,256,1,1,1
983,5,1082,555,101,257,1,1,1
984,5,1091,555,91,258,1,1,1
985,5,1100,555,82,258,1,1,1
986,5,1108,555,73,259,1,1,1
987,5,1113,557,77,258,1,1,1
988,5,1117,558,81,258,1,1,1
989,5,1122,560,84,257,1,1,1
990,5,1126,562,88,256,1,1,1
991,5,1130,563,91,255,1,1,1
992,5,1131,566,99,254,1,1,1
993,5,1132,569,105,252,1,1,1
994,5,1132,571,112,251,1,1,1
995,5,1133,574,118,249,1,1,1
996,5,1133,576,125,247,1,1,1
997,5,1134,577,125,248,1,1,1
998,5,1135,577,125,249,1,1,1
999,5,1136,577,125,249,1,1,1
1000,5,1137,578,126,249,1,1,1
1001,5,1137,577,125,249,1,1,1
1002,5,1145,578,119,249,1,1,1
1003,5,1152,577,111,250,1,1,1
1004,5,1159,577,104,250,1,1,1
1005,5,1166,577,97,249,1,1,1
1006,5,1173,576,89,249,1,1,1
1007,5,1181,576,85,251,1,1,1
1008,5,1189,576,80,252,1,1,1
1009,5,1197,576,75,253,1,1,1
1010,5,1204,576,71,254,1,1,1
1011,5,1212,576,65,254,1,1,1
1012,5,1213,577,74,254,1,1,1
1013,5,1215,577,81,253,1,1,1
1014,5,1216,578,89,252,1,1,1
1015,5,1217,578,97,251,1,1,1
1016,5,1218,578,105,249,1,1,1
1017,5,1218,579,109,249,1,1,1
1018,5,1219,579,110,249,1,1,1
1019,5,1219,580,113,248,1,1,1
1020,5,1219,580,116,248,1,1,1
1021,5,1219,580,119,247,1,1,1
1022,5,1222,579,117,249,1,1,1
1023,5,1226,578,114,250,1,1,1
1024,5,1229,578,112,249,1,1,1
1025,5,1232,577,110,250,1,1,1
1026,5,1235,575,107,251,1,1,1
1027,5,1244,576,98,251,1,1,1
1028,5,1253,575,88,252,1,1,1
1029,5,1262,575,78,252,1,1,1
1030,5,1271,575,68,252,1,1,1
1031,5,1279,574,58,252,1,1,1
1051,5,1351,569,85,253,1,1,1
1096,5,1489,561,85,273,1,1,1
1097,5,1491,561,86,273,1,1,1
1098,5,1492,561,86,273,1,1,1
1099,5,1493,561,86,272,1,1,1
1100,5,1494,561,87,272,1,1,1
1101,5,1495,561,87,271,1,1,1
1102,5,1501,561,85,273,1,1,1
1103,5,1507,561,84,275,1,1,1
1104,5,1513,561,82,276,1,1,1
1105,5,1519,561,81,278,1,1,1
1106,5,1524,561,79,279,1,1,1
1107,5,1526,562,80,280,1,1,1
1108,5,1528,563,80,280,1,1,1
1109,5,1529,564,81,280,1,1,1
1110,5,1531,564,81,282,1,1,1
1111,5,1532,565,81,281,1,1,1
1112,5,1533,564,84,283,1,1,1
1113,5,1534,564,86,283,1,1,1
1114,5,1535,563,88,284,1,1,1
1115,5,1536,562,90,285,1,1,1
1116,5,1536,561,91,285,1,1,1
1117,5,1538,561,92,286,1,1,1
1118,5,1540,562,91,285,1,1,1
1119,5,1542,562,90,286,1,1,1
1120,5,1544,562,89,286,1,1,1
1121,5,1545,562,88,286,1,1,1
1122,5,1546,561,92,288,1,1,1
1123,5,1546,561,96,288,1,1,1
1124,5,1546,560,100,290,1,1,1
1125,5,1546,560,104,290,1,1,1
1126,5,1546,559,106,291,1,1,1
1127,5,1547,560,105,292,1,1,1
1128,5,1548,561,103,292,1,1,1
1129,5,1548,562,102,292,1,1,1
1130,5,1549,562,100,293,1,1,1
1131,5,1549,563,98,292,1,1,1
1132,5,1550,563,99,295,1,1,1
1133,5,1551,563,100,296,1,1,1
1134,5,1552,563,100,298,1,1,1
1135,5,1553,563,100,300,1,1,1
1136,5,1554,562,100,301,1,1,1
1137,5,1556,562,100,303,1,1,1
1138,5,1557,561,100,305,1,1,1
1139,5,1558,560,100,306,1,1,1
1140,5,1559,559,100,308,1,1,1
1141,5,1559,558,100,308,1,1,1
1142,5,1559,558,101,309,1,1,1
1143,5,1558,558,101,309,1,1,1
1144,5,1557,558,102,309,1,1,1
1145,5,1557,558,101,309,1,1,1
1146,5,1555,557,101,309,1,1,1
1147,5,1549,559,107,311,1,1,1
1148,5,1542,561,113,312,1,1,1
1149,5,1536,562,118,314,1,1,1
1150,5,1529,564,123,315,1,1,1
1151,5,1522,565,128,316,1,1,1
1152,5,1522,565,126,317,1,1,1
1153,5,1522,565,123,318,1,1,1
1154,5,1522,565,120,319,1,1,1
1155,5,1522,565,118,320,1,1,1
1156,5,1522,565,114,320,1,1,1
1157,5,1520,565,116,322,1,1,1
1158,5,1518,565,118,322,1,1,1
1159,5,1516,565,120,323,1,1,1
1160,5,1514,565,121,324,1,1,1
1161,5,1512,565,122,324,1,1,1
1162,5,1508,566,122,324,1,1,1
1163,5,1503,566,123,325,1,1,1
1164,5,1499,567,122,324,1,1,1
1165,5,1494,567,123,324,1,1,1
1166,5,1489,567,122,324,1,1,1
1167,5,1489,569,123,326,1,1,1
1168,5,1488,571,123,328,1,1,1
1169,5,1487,573,123,329,1,1,1
1170,5,1486,574,124,332,1,1,1
1171,5,1485,576,124,333,1,1,1
1172,5,1483,576,123,333,1,1,1
1173,5,1481,576,123,333,1,1,1
1174,5,1479,576,122,332,1,1,1
1175,5,1477,576,122,332,1,1,1
1176,5,1475,575,120,332,1,1,1
1177,5,1473,575,122,335,1,1,1
1178,5,1470,574,123,337,1,1,1
1179,5,1467,573,125,340,1,1,1
1180,5,1464,572,127,343,1,1,1
1181,5,1461,571,128,344,1,1,1
1182,5,1462,572,128,345,1,1,1
1183,5,1462,572,128,345,1,1,1
1184,5,1462,573,128,345,1,1,1
1185,5,1463,573,127,345,1,1,1
1186,5,1463,573,126,344,1,1,1
1187,5,1461,573,126,345,1,1,1
1188,5,1458,573,125,345,1,1,1
1189,5,1456,573,124,344,1,1,1
1190,5,1453,573,124,344,1,1,1
1191,5,1451,573,122,342,1,1,1
1192,5,1447,574,125,343,1,1,1
1193,5,1443,575,128,343,1,1,1
1194,5,1440,576,129,343,1,1,1
1195,5,1436,577,132,343,1,1,1
1196,5,1431,578,134,342,1,1,1
1197,5,1432,578,131,343,1,1,1
1198,5,1432,578,127,342,1,1,1
1199,5,1432,578,123,342,1,1,1
1200,5,1432,578,119,342,1,1,1
1201,5,1432,578,114,340,1,1,1
1202,5,1430,577,115,342,1,1,1
1203,5,1428,576,115,344,1,1,1
1204,5,1425,576,115,344,1,1,1
1205,5,1423,575,115,345,1,1,1
1206,5,1420,573,115,346,1,1,1
1207,5,1420,573,113,348,1,1,1
1208,5,1419,572,111,350,1,1,1
1209,5,1419,571,107,352,1,1,1
1210,5,1419,571,104,353,1,1,1
1211,5,1418,569,101,355,1,1,1
1221,5,1421,568,93,359,1,1,1
1222,5,1421,567,94,359,1,1,1
1223,5,1420,566,95,359,1,1,1
1224,5,1419,565,96,359,1,1,1
1225,5,1418,564,96,359,1,1,1
1226,5,1417,563,97,359,1,1,1
1227,5,1414,563,100,359,1,1,1
1228,5,1411,563,103,358,1,1,1
1229,5,1408,562,106,359,1,1,1
1230,5,1405,562,109,358,1,1,1
1231,5,1401,561,111,358,1,1,1
1232,5,1403,561,111,359,1,1,1
1233,5,1404,561,111,359,1,1,1
1234,5,1405,560,110,360,1,1,1
1235,5,1407,559,108,361,1,1,1
1236,5,1407,558,108,361,1,1,1
1237,5,1406,559,110,362,1,1,1
1238,5,1404,560,113,361,1,1,1
1239,5,1402,561,115,360,1,1,1
1240,5,1400,561,118,360,1,1,1
1241,5,1398,561,119,359,1,1,1
1242,5,1399,561,120,361,1,1,1
1243,5,1400,561,120,362,1,1,1
1244,5,1400,560,121,363,1,1,1
1245,5,1401,560,121,364,1,1,1
1246,5,1402,559,120,365,1,1,1
1247,5,1404,560,120,364,1,1,1
1248,5,1406,560,119,363,1,1,1
1249,5,1408,560,119,363,1,1,1
1250,5,1410,561,118,361,1,1,1
1251,5,1412,561,118,361,1,1,1
1252,5,1412,561,119,363,1,1,1
1253,5,1413,561,119,364,1,1,1
1254,5,1413,561,119,366,1,1,1
1255,5,1414,561,119,367,1,1,1
1256,5,1414,561,120,369,1,1,1
1257,5,1415,561,120,372,1,1,1
1258,5,1416,562,121,373,1,1,1
1259,5,1417,562,121,376,1,1,1
1260,5,1417,563,122,377,1,1,1
1261,5,1418,563,122,379,1,1,1
1262,5,1419,564,123,380,1,1,1
1263,5,1420,565,122,379,1,1,1
1264,5,1421,566,122,379,1,1,1
1265,5,1422,567,122,379,1,1,1
1266,5,1422,567,122,379,1,1,1
1267,5,1424,566,121,381,1,1,1
1268,5,1425,566,119,381,1,1,1
1269,5,1426,565,118,382,1,1,1
1270,5,1428,564,116,383,1,1,1
1271,5,1428,563,115,383,1,1,1
1272,5,1429,563,115,384,1,1,1
1273,5,1430,563,115,384,1,1,1
1274,5,1430,563,116,385,1,1,1
1275,5,1431,563,115,385,1,1,1
1276,5,1431,562,115,386,1,1,1
1277,5,1432,563,116,387,1,1,1
1278,5,1433,563,117,388,1,1,1
1279,5,1434,564,118,389,1,1,1
1280,5,1435,565,118,389,1,1,1
1281,5,1435,565,119,389,1,1,1
1282,5,1437,565,123,392,1,1,1
1283,5,1439,565,125,394,1,1,1
1284,5,1440,565,128,396,1,1,1
1285,5,1442,565,131,398,1,1,1
1286,5,1443,564,134,400,1,1,1
1287,5,1444,567,137,400,1,1,1
1288,5,1445,568,140,401,1,1,1
1289,5,1446,570,143,401,1,1,1
1290,5,1447,571,145,402,1,1,1
1291,5,1447,572,148,402,1,1,1
1292,5,1449,571,150,407,1,1,1
1293,5,1450,570,153,411,1,1,1
1294,5,1451,568,155,416,1,1,1
1295,5,1452,567,157,420,1,1,1
1296,5,1453,565,159,424,1,1,1
1297,5,1456,564,159,425,1,1,1
1298,5,1460,563,158,426,1,1,1
1299,5,1463,562,158,427,1,1,1
1300,5,1466,560,158,428,1,1,1
1301,5,1469,559,157,428,1,1,1
1302,5,1472,559,158,430,1,1,1
1303,5,1475,559,159,432,1,1,1
1304,5,1478,559,160,434,1,1,1
1305,5,1481,559,160,435,1,1,1
1306,5,1483,559,161,436,1,1,1
1307,5,1484,560,163,439,1,1,1
1308,5,1484,560,166,442,1,1,1
1309,5,1484,560,168,444,1,1,1
1310,5,1484,561,171,446,1,1,1
1311,5,1483,561,173,448,1,1,1
1312,5,1483,562,173,451,1,1,1
1313,5,1483,564,173,453,1,1,1
1314,5,1482,565,173,455,1,1,1
1315,5,1482,566,172,457,1,1,1
1316,5,1481,567,171,459,1,1,1
1317,5,1482,565,172,463,1,1,1
1318,5,1483,563,172,466,1,1,1
1319,5,1484,561,172,469,1,1,1
1320,5,1485,559,171,472,1,1,1
1321,5,1485,557,171,475,1,1,1
1322,5,1486,556,170,476,1,1,1
1323,5,1487,554,169,477,1,1,1
1324,5,1487,552,168,478,1,1,1
1325,5,1487,551,167,478,1,1,1
1326,5,1487,548,165,479,1,1,1
1327,5,1487,548,166,485,1,1,1
1328,5,1486,547,168,491,1,1,1
1329,5,1485,547,169,495,1,1,1
1330,5,1484,546,171,501,1,1,1
1331,5,1483,544,171,506,1,1,1
1332,5,1485,545,168,508,1,1,1
1333,5,1486,546,166,508,1,1,1
1334,5,1487,546,163,510,1,1,1
1335,5,1489,547,160,511,1,1,1
1336,5,1489,546,157,512,1,1,1
1337,5,1488,546,157,517,1,1,1
1338,5,1486,544,158,523,1,1,1
1339,5,1484,543,158,528,1,1,1
1340,5,1482,542,158,534,1,1,1
1341,5,1479,540,159,538,1,1,1
1342,5,1479,539,159,540,1,1,1
1343,5,1478,537,158,542,1,1,1
1344,5,1478,536,157,543,1,1,1
1345,5,1477,534,157,545,1,1,1
1346,5,1476,532,156,546,1,1,1
1347,5,1469,532,161,547,1,1,1
1348,5,1461,531,166,548,1,1,1
1349,5,1453,530,171,549,1,1,1
1350,5,1444,530,177,549,1,1,1
802,7,2325,587,91,223,1,1,1
803,7,2325,587,91,224,1,1,1
804,7,2325,587,91,224,1,1,1
805,7,2324,588,92,224,1,1,1
806,7,2324,587,91,224,1,1,1
807,7,2324,588,92,224,1,1,1
808,7,2323,588,93,224,1,1,1
809,7,2323,588,93,225,1,1,1
810,7,2322,588,94,225,1,1,1
811,7,2322,588,93,224,1,1,1
812,7,2322,589,93,224,1,1,1
813,7,2323,589,92,224,1,1,1
814,7,2323,590,92,223,1,1,1
815,7,2323,590,92,224,1,1,1
816,7,2323,590,90,222,1,1,1
817,7,2324,591,90,222,1,1,1
818,7,2324,591,90,222,1,1,1
819,7,2324,591,90,222,1,1,1
820,7,2324,591,90,222,1,1,1
821,7,2324,590,89,221,1,1,1
822,7,2325,590,89,222,1,1,1
823,7,2325,590,89,222,1,1,1
824,7,2325,590,89,222,1,1,1
825,7,2325,589,90,222,1,1,1
826,7,2325,588,89,222,1,1,1
827,7,2325,588,90,223,1,1,1
828,7,2325,588,90,222,1,1,1
829,7,2325,588,90,222,1,1,1
830,7,2325,587,90,223,1,1,1
831,7,2324,587,90,222,1,1,1
832,7,2325,586,91,223,1,1,1
833,7,2326,586,90,223,1,1,1
834,7,2327,585,89,224,1,1,1
835,7,2328,585,89,224,1,1,1
836,7,2328,584,87,224,1,1,1
837,7,2329,584,88,224,1,1,1
838,7,2328,583,88,224,1,1,1
839,7,2328,583,88,224,1,1,1
840,7,2328,583,88,223,1,1,1
841,7,2327,582,88,223,1,1,1
842,7,2327,581,89,225,1,1,1
843,7,2326,580,91,226,1,1,1
844,7,2326,579,91,227,1,1,1
845,7,2325,579,93,227,1,1,1
846,7,2324,577,93,228,1,1,1
847,7,2324,578,95,228,1,1,1
848,7,2324,578,96,227,1,1,1
849,7,2323,578,98,227,1,1,1
850,7,2323,578,99,226,1,1,1
851,7,2322,577,100,226,1,1,1
852,7,2324,578,98,227,1,1,1
853,7,2325,578,96,228,1,1,1
854,7,2326,579,94,228,1,1,1
855,7,2327,579,92,228,1,1,1
856,7,2328,579,89,228,1,1,1
857,7,2328,580,91,228,1,1,1
858,7,2328,580,91,227,1,1,1
859,7,2327,580,93,227,1,1,1
860,7,2327,580,93,227,1,1,1
861,7,2326,579,93,226,1,1,1
862,7,2327,580,95,226,1,1,1
863,7,2327,580,96,225,1,1,1
864,7,2328,580,96,225,1,1,1
865,7,2328,580,97,224,1,1,1
866,7,2328,579,97,224,1,1,1
867,7,2329,579,97,225,1,1,1
868,7,2330,579,95,224,1,1,1
869,7,2331,579,94,224,1,1,1
870,7,2332,579,92,224,1,1,1
871,7,2333,578,90,223,1,1,1
872,7,2333,578,91,224,1,1,1
873,7,2333,578,91,224,1,1,1
874,7,2333,578,91,224,1,1,1
875,7,2333,577,91,225,1,1,1
876,7,2333,576,91,225,1,1,1
877,7,2334,577,91,225,1,1,1
878,7,2334,577,91,224,1,1,1
879,7,2334,577,91,224,1,1,1
880,7,2334,577,91,224,1,1,1
881,7,2333,576,91,224,1,1,1
882,7,2334,576,91,225,1,1,1
883,7,2334,576,91,224,1,1,1
884,7,2333,576,92,224,1,1,1
885,7,2333,575,92,225,1,1,1
886,7,2332,575,91,225,1,1,1
887,7,2333,575,91,225,1,1,1
888,7,2333,574,90,225,1,1,1
889,7,2332,574,91,225,1,1,1
890,7,2332,573,90,225,1,1,1
891,7,2332,572,89,225,1,1,1
892,7,2332,573,89,225,1,1,1
893,7,2332,573,89,225,1,1,1
894,7,2331,573,90,225,1,1,1
895,7,2331,573,90,225,1,1,1
896,7,2330,573,89,224,1,1,1
897,7,2331,573,88,225,1,1,1
898,7,2331,572,87,225,1,1,1
899,7,2331,571,86,226,1,1,1
900,7,2331,570,85,226,1,1,1
901,7,2330,569,83,226,1,1,1
902,7,2330,569,86,227,1,1,1
903,7,2330,569,87,226,1,1,1
904,7,2329,568,89,227,1,1,1
905,7,2329,568,90,226,1,1,1
906,7,2328,567,91,226,1,1,1
907,7,2328,567,92,226,1,1,1
908,7,2327,567,92,226,1,1,1
909,7,2326,567,92,226,1,1,1
910,7,2325,567,92,225,1,1,1
911,7,2324,567,91,224,1,1,1
912,7,2325,567,92,224,1,1,1
913,7,2325,566,93,224,1,1,1
914,7,2326,565,93,224,1,1,1
915,7,2326,564,94,225,1,1,1
916,7,2326,563,93,224,1,1,1
917,7,2327,563,93,225,1,1,1
918,7,2327,564,93,224,1,1,1
919,7,2327,564,93,224,1,1,1
920,7,2327,564,93,224,1,1,1
921,7,2326,564,93,223,1,1,1
922,7,2327,564,93,224,1,1,1
923,7,2327,564,93,224,1,1,1
924,7,2327,564,93,224,1,1,1
925,7,2328,564,92,224,1,1,1
926,7,2327,563,91,224,1,1,1
927,7,2328,564,92,224,1,1,1
928,7,2328,564,92,224,1,1,1
929,7,2329,564,92,224,1,1,1
930,7,2329,564,92,224,1,1,1
931,7,2329,564,92,222,1,1,1
932,7,2329,565,93,222,1,1,1
933,7,2329,565,93,222,1,1,1
934,7,2329,565,93,222,1,1,1
935,7,2329,565,92,222,1,1,1
936,7,2328,564,92,222,1,1,1
937,7,2329,565,92,222,1,1,1
938,7,2329,565,92,223,1,1,1
939,7,2329,565,92,223,1,1,1
940,7,2329,565,92,224,1,1,1
941,7,2328,564,92,224,1,1,1
942,7,2329,565,93,224,1,1,1
943,7,2329,566,94,223,1,1,1
944,7,2330,566,94,223,1,1,1
945,7,2330,567,95,223,1,1,1
946,7,2330,567,95,222,1,1,1
947,7,2331,567,95,223,1,1,1
948,7,2331,566,94,224,1,1,1
949,7,2331,565,93,225,1,1,1
950,7,2331,564,92,226,1,1,1
951,7,2330,563,91,226,1,1,1
952,7,2329,563,93,226,1,1,1
953,7,2327,563,95,226,1,1,1
954,7,2326,563,95,226,1,1,1
955,7,2324,563,97,225,1,1,1
956,7,2322,563,97,224,1,1,1
957,7,2323,564,97,224,1,1,1
958,7,2324,564,96,224,1,1,1
959,7,2325,564,95,224,1,1,1
960,7,2326,565,94,223,1,1,1
961,7,2326,565,93,222,1,1,1
962,7,2326,567,94,221,1,1,1
963,7,2325,568,95,221,1,1,1
964,7,2324,569,96,220,1,1,1
965,7,2323,570,97,219,1,1,1
966,7,2322,571,97,218,1,1,1
967,7,2323,571,96,219,1,1,1
968,7,2323,571,95,220,1,1,1
969,7,2324,570,93,221,1,1,1
970,7,2324,570,92,221,1,1,1
971,7,2324,569,89,222,1,1,1
972,7,2323,572,92,222,1,1,1
973,7,2322,574,94,222,1,1,1
974,7,2321,577,96,221,1,1,1
975,7,2320,579,98,221,1,1,1
976,7,2318,581,100,220,1,1,1
977,7,2320,582,97,222,1,1,1
978,7,2321,583,94,223,1,1,1
979,7,2322,584,91,224,1,1,1
980,7,2323,585,89,225,1,1,1
981,7,2324,585,85,226,1,1,1
982,7,2323,587,87,226,1,1,1
983,7,2321,587,89,227,1,1,1
984,7,2320,588,90,227,1,1,1
985,7,2318,589,92,227,1,1,1
986,7,2316,589,93,226,1,1,1
987,7,2316,592,95,225,1,1,1
988,7,2316,595,96,223,1,1,1
989,7,2316,597,97,222,1,1,1
990,7,2316,600,97,220,1,1,1
991,7,2316,602,97,218,1,1,1
992,7,2317,603,97,219,1,1,1
993,7,2318,604,96,220,1,1,1
994,7,2319,604,94,222,1,1,1
995,7,2320,605,93,223,1,1,1
996,7,2320,605,92,224,1,1,1
997,7,2319,606,95,223,1,1,1
998,7,2318,607,97,220,1,1,1
999,7,2317,608,99,217,1,1,1
1000,7,2316,609,101,215,1,1,1
1001,7,2314,609,103,212,1,1,1
1002,7,2316,610,101,214,1,1,1
1003,7,2316,610,100,217,1,1,1
1004,7,2317,610,97,219,1,1,1
1005,7,2318,610,95,221,1,1,1
1006,7,2318,610,92,222,1,1,1
1007,7,2319,611,92,222,1,1,1
1008,7,2319,611,92,223,1,1,1
1009,7,2319,611,92,223,1,1,1
1010,7,2319,611,92,223,1,1,1
1011,7,2319,611,92,222,1,1,1
1012,7,2319,611,92,223,1,1,1
1013,7,2318,611,93,224,1,1,1
1014,7,2318,611,93,224,1,1,1
1015,7,2317,611,94,224,1,1,1
1016,7,2316,610,94,225,1,1,1
1017,7,2317,610,94,225,1,1,1
1018,7,2316,610,95,224,1,1,1
1019,7,2316,610,95,224,1,1,1
1020,7,2316,609,95,224,1,1,1
1021,7,2315,609,95,223,1,1,1
1022,7,2316,609,95,223,1,1,1
1023,7,2317,608,94,224,1,1,1
1024,7,2318,608,94,223,1,1,1
1025,7,2318,608,94,223,1,1,1
1026,7,2318,607,93,223,1,1,1
1027,7,2319,608,93,223,1,1,1
1028,7,2318,608,94,223,1,1,1
1029,7,2318,608,94,222,1,1,1
1030,7,2318,608,95,222,1,1,1
1031,7,2318,607,94,222,1,1,1
1032,7,2318,607,95,223,1,1,1
1033,7,2318,606,95,223,1,1,1
1034,7,2318,606,95,223,1,1,1
1035,7,2318,605,95,223,1,1,1
1036,7,2318,604,94,223,1,1,1
1037,7,2318,604,95,224,1,1,1
1038,7,2319,604,95,223,1,1,1
1039,7,2319,603,95,224,1,1,1
1040,7,2320,603,95,224,1,1,1
1041,7,2320,602,95,223,1,1,1
1042,7,2321,603,95,224,1,1,1
1043,7,2323,602,94,225,1,1,1
1044,7,2324,602,93,226,1,1,1
1045,7,2325,602,93,226,1,1,1
1046,7,2326,602,91,226,1,1,1
1047,7,2326,602,92,226,1,1,1
1048,7,2326,601,91,227,1,1,1
1049,7,2325,601,91,226,1,1,1
1050,7,2325,600,90,227,1,1,1
1051,7,2324,600,89,226,1,1,1
1052,7,2324,600,92,227,1,1,1
1053,7,2323,600,94,227,1,1,1
1054,7,2322,600,96,227,1,1,1
1055,7,2321,600,98,227,1,1,1
1056,7,2320,600,100,226,1,1,1
1057,7,2320,600,101,226,1,1,1
1058,7,2320,599,102,226,1,1,1
1059,7,2320,599,103,225,1,1,1
1060,7,2320,598,104,225,1,1,1
1061,7,2320,597,104,224,1,1,1
1062,7,2322,598,102,224,1,1,1
1063,7,2323,598,101,224,1,1,1
1064,7,2324,598,100,224,1,1,1
1065,7,2325,598,99,224,1,1,1
1066,7,2326,597,97,224,1,1,1
1067,7,2327,598,98,224,1,1,1
1068,7,2328,598,97,224,1,1,1
1069,7,2329,598,96,224,1,1,1
1070,7,2330,597,95,225,1,1,1
1071,7,2330,597,94,225,1,1,1
1072,7,2331,597,94,225,1,1,1
1073,7,2331,597,95,225,1,1,1
1074,7,2331,597,95,224,1,1,1
1075,7,2332,597,94,224,1,1,1
1076,7,2331,597,94,223,1,1,1
1077,7,2332,597,94,224,1,1,1
1078,7,2332,597,94,224,1,1,1
1079,7,2332,597,94,224,1,1,1
1080,7,2332,597,93,224,1,1,1
1081,7,2331,597,93,224,1,1,1
1082,7,2332,598,93,224,1,1,1
1083,7,2332,598,93,224,1,1,1
1084,7,2332,599,93,223,1,1,1
1085,7,2333,599,92,223,1,1,1
1086,7,2332,600,92,222,1,1,1
1087,7,2333,600,93,223,1,1,1
1088,7,2333,600,93,223,1,1,1
1089,7,2333,600,94,223,1,1,1
1090,7,2333,600,94,223,1,1,1
1091,7,2333,600,93,222,1,1,1
1092,7,2333,600,94,223,1,1,1
1093,7,2332,599,94,224,1,1,1
1094,7,2332,599,94,224,1,1,1
1095,7,2331,598,94,225,1,1,1
1096,7,2330,597,93,224,1,1,1
1097,7,2330,597,95,225,1,1,1
1098,7,2330,596,95,226,1,1,1
1099,7,2330,596,95,226,1,1,1
1100,7,2330,595,95,227,1,1,1
1101,7,2330,594,95,228,1,1,1
1102,7,2331,595,95,227,1,1,1
1103,7,2332,596,95,227,1,1,1
1104,7,2333,596,95,227,1,1,1
1105,7,2334,597,95,227,1,1,1
1106,7,2334,597,95,226,1,1,1
1107,7,2335,598,94,226,1,1,1
1108,7,2336,597,92,226,1,1,1
1109,7,2336,597,91,225,1,1,1
1110,7,2336,596,90,225,1,1,1
1111,7,2336,595,87,224,1,1,1
1112,7,2337,596,88,225,1,1,1
1113,7,2337,596,88,225,1,1,1
1114,7,2337,596,89,226,1,1,1
1115,7,2337,596,89,226,1,1,1
1116,7,2336,595,89,226,1,1,1
1117,7,2336,596,90,226,1,1,1
1118,7,2335,596,91,225,1,1,1
1119,7,2334,597,92,224,1,1,1
1120,7,2333,597,93,223,1,1,1
1121,7,2331,597,94,222,1,1,1
1122,7,2331,597,95,222,1,1,1
1123,7,2331,596,95,223,1,1,1
1124,7,2331,596,95,223,1,1,1
1125,7,2330,595,96,224,1,1,1
1126,7,2330,595,95,223,1,1,1
1127,7,2330,595,95,223,1,1,1
1128,7,2330,596,95,222,1,1,1
1129,7,2330,596,95,223,1,1,1
1130,7,2330,597,94,222,1,1,1
1131,7,2330,596,93,221,1,1,1
1132,7,2330,596,94,223,1,1,1
1133,7,2330,596,93,222,1,1,1
1134,7,2330,595,93,223,1,1,1
1135,7,2330,595,93,223,1,1,1
1136,7,2330,594,91,223,1,1,1
1137,7,2330,595,92,223,1,1,1
1138,7,2330,595,92,223,1,1,1
1139,7,2329,595,93,223,1,1,1
1140,7,2329,596,93,223,1,1,1
1141,7,2328,595,93,222,1,1,1
1142,7,2329,595,93,224,1,1,1
1143,7,2329,594,93,226,1,1,1
1144,7,2330,593,91,227,1,1,1
1145,7,2330,591,91,230,1,1,1
1146,7,2330,590,90,230,1,1,1
1147,7,2330,592,91,230,1,1,1
1148,7,2329,593,93,229,1,1,1
1149,7,2328,595,94,228,1,1,1
1150,7,2327,596,95,228,1,1,1
1151,7,2326,597,95,226,1,1,1
1152,7,2327,598,96,227,1,1,1
1153,7,2327,598,96,227,1,1,1
1154,7,2328,598,96,228,1,1,1
1155,7,2328,598,96,228,1,1,1
1156,7,2328,597,95,228,1,1,1
1157,7,2329,599,95,228,1,1,1
1158,7,2329,600,95,228,1,1,1
1159,7,2329,602,94,227,1,1,1
1160,7,2329,603,94,227,1,1,1
1161,7,2328,604,93,226,1,1,1
1162,7,2328,605,96,226,1,1,1
1163,7,2328,606,97,225,1,1,1
1164,7,2327,607,99,225,1,1,1
1165,7,2327,607,100,225,1,1,1
1166,7,2326,608,102,224,1,1,1
1167,7,2327,609,100,225,1,1,1
1168,7,2328,610,97,224,1,1,1
1169,7,2329,610,94,225,1,1,1
1170,7,2329,611,93,225,1,1,1
1171,7,2330,612,90,225,1,1,1
1172,7,2329,612,91,225,1,1,1
1173,7,2328,613,92,225,1,1,1
1174,7,2327,613,93,225,1,1,1
1175,7,2326,614,94,224,1,1,1
1176,7,2324,614,95,224,1,1,1
1177,7,2325,615,95,224,1,1,1
1178,7,2325,615,95,225,1,1,1
1179,7,2326,616,93,224,1,1,1
1180,7,2326,616,93,224,1,1,1
1181,7,2326,616,91,224,1,1,1
1182,7,2325,618,94,223,1,1,1
1183,7,2324,619,95,223,1,1,1
1184,7,2323,620,97,222,1,1,1
1185,7,2322,621,98,221,1,1,1
1186,7,2320,622,100,220,1,1,1
1187,7,2321,623,99,219,1,1,1
1188,7,2322,623,98,219,1,1,1
1189,7,2323,624,96,218,1,1,1
1190,7,2324,624,95,217,1,1,1
1191,7,2324,624,93,216,1,1,1
1192,7,2325,624,93,217,1,1,1
1193,7,2325,623,93,219,1,1,1
1194,7,2325,623,93,220,1,1,1
1195,7,2326,622,92,221,1,1,1
1196,7,2326,621,91,221,1,1,1
1197,7,2326,622,91,222,1,1,1
1198,7,2325,622,92,222,1,1,1
1199,7,2325,622,91,222,1,1,1
1200,7,2324,622,92,221,1,1,1
1201,7,2324,621,91,221,1,1,1
1202,7,2323,622,92,221,1,1,1
1203,7,2323,622,92,221,1,1,1
1204,7,2322,623,93,220,1,1,1
1205,7,2322,623,93,219,1,1,1
1206,7,2321,623,93,218,1,1,1
1207,7,2321,622,93,220,1,1,1
1208,7,2321,621,93,220,1,1,1
1209,7,2322,620,92,221,1,1,1
1210,7,2322,619,92,222,1,1,1
1211,7,2321,618,91,221,1,1,1
1212,7,2321,619,92,221,1,1,1
1213,7,2321,619,92,221,1,1,1
1214,7,2321,619,91,221,1,1,1
1215,7,2320,619,92,221,1,1,1
1216,7,2320,618,91,221,1,1,1
1217,7,2320,618,92,222,1,1,1
1218,7,2320,618,92,221,1,1,1
1219,7,2320,617,93,222,1,1,1
1220,7,2320,616,93,222,1,1,1
1221,7,2319,615,93,222,1,1,1
1222,7,2319,614,93,222,1,1,1
1223,7,2318,612,94,223,1,1,1
1224,7,2318,611,93,223,1,1,1
1225,7,2317,609,93,224,1,1,1
1226,7,2317,608,92,224,1,1,1
1227,7,2317,608,92,223,1,1,1
1228,7,2316,607,93,224,1,1,1
1229,7,2316,607,92,223,1,1,1
1230,7,2315,606,93,223,1,1,1
1231,7,2314,605,93,223,1,1,1
1232,7,2314,606,94,223,1,1,1
1233,7,2314,606,93,223,1,1,1
1234,7,2314,606,93,223,1,1,1
1235,7,2314,606,93,223,1,1,1
1236,7,2314,606,92,222,1,1,1
1237,7,2314,607,92,223,1,1,1
1238,7,2314,608,92,222,1,1,1
1239,7,2314,609,91,222,1,1,1
1240,7,2314,610,91,222,1,1,1
1241,7,2314,610,90,222,1,1,1
1242,7,2312,611,93,222,1,1,1
1243,7,2311,610,94,224,1,1,1
1244,7,2309,610,97,224,1,1,1
1245,7,2308,610,98,224,1,1,1
1246,7,2306,610,100,224,1,1,1
1247,7,2306,610,99,225,1,1,1
1248,7,2307,610,98,224,1,1,1
1249,7,2307,610,97,224,1,1,1
1250,7,2308,610,96,224,1,1,1
1251,7,2308,610,95,224,1,1,1
1252,7,2308,610,95,224,1,1,1
1253,7,2308,611,95,223,1,1,1
1254,7,2308,611,95,223,1,1,1
1255,7,2308,612,95,222,1,1,1
1256,7,2308,612,95,222,1,1,1
1257,7,2308,612,96,223,1,1,1
1258,7,2307,613,98,223,1,1,1
1259,7,2307,613,99,224,1,1,1
1260,7,2306,614,101,224,1,1,1
1261,7,2306,614,102,224,1,1,1
1262,7,2307,614,102,224,1,1,1
1263,7,2309,613,101,225,1,1,1
1264,7,2310,613,101,225,1,1,1
1265,7,2311,613,100,224,1,1,1
1266,7,2312,612,100,224,1,1,1
1267,7,2314,613,98,224,1,1,1
1268,7,2315,613,97,223,1,1,1
1269,7,2317,613,94,223,1,1,1
1270,7,2319,614,92,222,1,1,1
1271,7,2320,614,90,221,1,1,1
1272,7,2321,614,91,222,1,1,1
1273,7,2321,614,92,222,1,1,1
1274,7,2321,614,93,222,1,1,1
1275,7,2322,614,93,222,1,1,1
1276,7,2321,614,93,221,1,1,1
1277,7,2322,614,94,222,1,1,1
1278,7,2323,614,94,223,1,1,1
1279,7,2324,615,93,222,1,1,1
1280,7,2324,615,94,222,1,1,1
1281,7,2324,614,93,222,1,1,1
1282,7,2325,615,93,223,1,1,1
1283,7,2325,615,92,223,1,1,1
1284,7,2325,616,92,222,1,1,1
1285,7,2325,616,91,222,1,1,1
1286,7,2324,616,90,221,1,1,1
1287,7,2325,617,91,221,1,1,1
1288,7,2324,617,92,222,1,1,1
1289,7,2324,617,93,222,1,1,1
1290,7,2324,617,93,222,1,1,1
1291,7,2324,616,93,222,1,1,1
1292,7,2324,616,94,223,1,1,1
1293,7,2323,616,96,224,1,1,1
1294,7,2323,615,97,225,1,1,1
1295,7,2323,615,98,225,1,1,1
1296,7,2322,614,100,226,1,1,1
1297,7,2323,615,99,226,1,1,1
1298,7,2324,615,98,226,1,1,1
1299,7,2325,616,96,225,1,1,1
1300,7,2326,616,95,225,1,1,1
1301,7,2326,616,93,224,1,1,1
1302,7,2326,617,96,223,1,1,1
1303,7,2325,618,98,222,1,1,1
1304,7,2324,619,100,221,1,1,1
1305,7,2323,620,102,219,1,1,1
1306,7,2322,620,104,218,1,1,1
1307,7,2323,620,103,220,1,1,1
1308,7,2323,620,102,220,1,1,1
1309,7,2324,620,100,221,1,1,1
1310,7,2324,620,99,222,1,1,1
1311,7,2324,620,97,222,1,1,1
1312,7,2324,618,98,224,1,1,1
1313,7,2324,616,98,225,1,1,1
1314,7,2324,614,98,226,1,1,1
1315,7,2324,612,98,228,1,1,1
1316,7,2324,610,97,228,1,1,1
1317,7,2324,611,98,228,1,1,1
1318,7,2324,611,98,228,1,1,1
1319,7,2324,611,97,228,1,1,1
1320,7,2324,612,97,227,1,1,1
1321,7,2324,612,95,226,1,1,1
1322,7,2324,611,96,226,1,1,1
1323,7,2324,611,96,225,1,1,1
1324,7,2324,610,96,224,1,1,1
1325,7,2324,609,96,223,1,1,1
1326,7,2324,608,95,222,1,1,1
1327,7,2324,608,95,222,1,1,1
1328,7,2323,607,94,223,1,1,1
1329,7,2322,607,94,222,1,1,1
1330,7,2321,607,93,222,1,1,1
1331,7,2320,606,91,222,1,1,1
1332,7,2320,605,93,224,1,1,1
1333,7,2320,604,93,225,1,1,1
1334,7,2320,604,93,225,1,1,1
1335,7,2320,603,94,226,1,1,1
1336,7,2320,602,93,226,1,1,1
1337,7,2321,602,94,226,1,1,1
1338,7,2321,601,94,227,1,1,1
1339,7,2322,601,94,226,1,1,1
1340,7,2322,600,94,227,1,1,1
1341,7,2322,600,93,226,1,1,1
1342,7,2322,600,94,226,1,1,1
1343,7,2322,600,93,226,1,1,1
1344,7,2321,600,94,225,1,1,1
1345,7,2321,601,94,224,1,1,1
1346,7,2320,600,93,223,1,1,1
1347,7,2320,600,94,224,1,1,1
1348,7,2320,600,94,224,1,1,1
1349,7,2320,600,94,224,1,1,1
1350,7,2320,600,93,223,1,1,1
802,10,827,572,68,190,1,1,1
803,10,827,572,68,190,1,1,1
804,10,826,572,69,191,1,1,1
805,10,826,573,69,190,1,1,1
806,10,825,572,69,190,1,1,1
807,10,825,573,70,191,1,1,1
808,10,825,574,70,190,1,1,1
809,10,825,574,70,191,1,1,1
810,10,825,575,70,190,1,1,1
811,10,824,575,69,189,1,1,1
812,10,825,575,69,190,1,1,1
813,10,825,575,69,190,1,1,1
814,10,825,575,69,190,1,1,1
815,10,826,575,68,190,1,1,1
816,10,825,575,68,189,1,1,1
817,10,826,575,68,190,1,1,1
818,10,827,575,67,190,1,1,1
819,10,827,575,66,189,1,1,1
820,10,828,575,65,189,1,1,1
821,10,827,574,64,188,1,1,1
822,10,828,575,65,188,1,1,1
823,10,828,574,65,189,1,1,1
824,10,829,574,64,188,1,1,1
825,10,829,574,65,188,1,1,1
826,10,829,573,65,187,1,1,1
827,10,829,573,65,188,1,1,1
828,10,829,572,65,189,1,1,1
829,10,829,572,65,188,1,1,1
830,10,829,571,65,189,1,1,1
831,10,829,570,64,189,1,1,1
832,10,829,570,65,189,1,1,1
833,10,829,570,65,188,1,1,1
834,10,829,570,65,188,1,1,1
835,10,829,570,66,187,1,1,1
836,10,829,569,65,187,1,1,1
837,10,830,569,65,187,1,1,1
838,10,830,568,64,188,1,1,1
839,10,830,568,64,188,1,1,1
840,10,830,567,64,188,1,1,1
841,10,829,566,64,188,1,1,1
842,10,829,566,66,189,1,1,1
843,10,828,566,68,190,1,1,1
844,10,828,566,68,190,1,1,1
845,10,827,566,70,191,1,1,1
846,10,826,565,71,191,1,1,1
847,10,827,565,71,192,1,1,1
848,10,827,564,70,192,1,1,1
849,10,828,564,69,192,1,1,1
850,10,828,564,68,192,1,1,1
851,10,828,563,67,191,1,1,1
852,10,829,563,67,192,1,1,1
853,10,829,562,67,193,1,1,1
854,10,830,562,66,193,1,1,1
855,10,830,562,66,193,1,1,1
856,10,830,561,65,193,1,1,1
857,10,831,561,65,193,1,1,1
858,10,831,561,65,192,1,1,1
859,10,831,561,65,192,1,1,1
860,10,831,561,65,191,1,1,1
861,10,830,561,65,189,1,1,1
862,10,831,561,66,190,1,1,1
863,10,831,561,67,191,1,1,1
864,10,832,561,66,191,1,1,1
865,10,832,561,67,192,1,1,1
866,10,832,561,67,191,1,1,1
867,10,833,561,67,191,1,1,1
868,10,833,561,67,191,1,1,1
869,10,834,560,66,191,1,1,1
870,10,834,560,65,190,1,1,1
871,10,834,559,64,189,1,1,1
906,10,826,548,51,187,1,1,1
907,10,826,549,52,188,1,1,1
908,10,826,549,53,188,1,1,1
909,10,825,549,55,188,1,1,1
910,10,825,549,56,188,1,1,1
911,10,824,548,57,187,1,1,1
912,10,825,549,58,189,1,1,1
913,10,825,550,59,189,1,1,1
914,10,826,550,59,190,1,1,1
915,10,826,551,61,191,1,1,1
916,10,826,551,61,191,1,1,1
917,10,827,551,62,191,1,1,1
918,10,827,551,64,191,1,1,1
919,10,828,552,64,190,1,1,1
920,10,828,552,66,189,1,1,1
921,10,828,551,66,189,1,1,1
922,10,829,552,67,189,1,1,1
923,10,828,551,68,190,1,1,1
924,10,828,551,68,190,1,1,1
925,10,828,551,68,190,1,1,1
926,10,827,550,68,190,1,1,1
927,10,828,551,68,190,1,1,1
928,10,828,551,68,190,1,1,1
929,10,828,551,68,190,1,1,1
930,10,828,551,67,189,1,1,1
931,10,828,551,66,188,1,1,1
932,10,829,551,66,189,1,1,1
933,10,829,551,66,189,1,1,1
934,10,829,550,67,190,1,1,1
935,10,829,550,67,190,1,1,1
936,10,829,549,66,190,1,1,1
937,10,829,550,67,190,1,1,1
938,10,829,550,67,190,1,1,1
939,10,829,551,67,189,1,1,1
940,10,829,551,67,188,1,1,1
941,10,829,551,66,187,1,1,1
942,10,828,552,68,187,1,1,1
943,10,827,551,70,188,1,1,1
944,10,826,551,71,188,1,1,1
945,10,825,551,73,188,1,1,1
946,10,824,551,73,187,1,1,1
947,10,824,551,74,189,1,1,1
948,10,823,550,74,190,1,1,1
949,10,822,550,75,191,1,1,1
950,10,821,549,75,193,1,1,1
951,10,820,548,75,193,1,1,1
952,10,821,549,75,193,1,1,1
953,10,822,549,73,193,1,1,1
954,10,823,549,72,193,1,1,1
955,10,824,549,70,192,1,1,1
956,10,824,548,69,191,1,1,1
957,10,824,549,70,192,1,1,1
958,10,823,549,72,193,1,1,1
959,10,822,549,73,193,1,1,1
960,10,821,549,75,193,1,1,1
961,10,820,548,75,193,1,1,1
962,10,821,550,76,193,1,1,1
963,10,821,551,77,193,1,1,1
964,10,822,553,76,191,1,1,1
965,10,822,554,77,190,1,1,1
966,10,822,555,77,189,1,1,1
967,10,822,556,75,189,1,1,1
968,10,822,556,72,190,1,1,1
969,10,821,556,70,190,1,1,1
970,10,821,557,68,190,1,1,1
971,10,820,557,65,189,1,1,1
972,10,821,558,66,191,1,1,1
973,10,822,560,67,191,1,1,1
974,10,823,561,68,192,1,1,1
975,10,824,562,68,193,1,1,1
976,10,824,563,69,193,1,1,1
977,10,824,564,69,194,1,1,1
978,10,823,565,69,195,1,1,1
979,10,822,566,69,195,1,1,1
980,10,821,567,70,195,1,1,1
981,10,820,567,69,195,1,1,1
982,10,820,569,70,195,1,1,1
983,10,820,571,71,194,1,1,1
984,10,820,572,71,194,1,1,1
985,10,820,574,71,193,1,1,1
986,10,820,575,71,191,1,1,1
987,10,821,577,70,192,1,1,1
988,10,822,579,67,191,1,1,1
989,10,823,580,65,191,1,1,1
990,10,824,582,63,190,1,1,1
991,10,824,583,61,189,1,1,1
992,10,824,585,63,189,1,1,1
993,10,824,586,64,189,1,1,1
994,10,824,587,65,189,1,1,1
995,10,824,588,67,189,1,1,1
996,10,824,589,67,188,1,1,1
997,10,824,590,68,189,1,1,1
998,10,824,590,68,189,1,1,1
999,10,824,591,69,189,1,1,1
1000,10,824,591,69,189,1,1,1
1001,10,824,591,69,189,1,1,1
1002,10,824,592,69,189,1,1,1
1003,10,824,592,69,189,1,1,1
1004,10,824,592,69,190,1,1,1
1005,10,824,592,68,190,1,1,1
1006,10,823,592,68,189,1,1,1
1007,10,824,593,68,189,1,1,1
1008,10,824,593,68,189,1,1,1
1009,10,824,593,68,189,1,1,1
1010,10,824,593,69,189,1,1,1
1011,10,823,593,68,188,1,1,1
1012,10,824,593,69,189,1,1,1
1013,10,824,593,68,190,1,1,1
1014,10,824,593,68,190,1,1,1
1015,10,824,593,68,191,1,1,1
1016,10,823,592,68,190,1,1,1
1017,10,823,593,69,190,1,1,1
1018,10,823,593,69,190,1,1,1
1019,10,823,593,70,189,1,1,1
1020,10,823,593,70,189,1,1,1
1021,10,822,593,71,187,1,1,1
1022,10,823,593,70,188,1,1,1
1023,10,823,592,70,189,1,1,1
1024,10,823,591,71,190,1,1,1
1025,10,824,591,70,190,1,1,1
1026,10,823,589,69,190,1,1,1
1027,10,824,590,69,190,1,1,1
1028,10,823,590,70,190,1,1,1
1029,10,823,590,70,190,1,1,1
1030,10,823,590,70,189,1,1,1
1031,10,822,590,69,188,1,1,1
1032,10,823,590,70,189,1,1,1
1033,10,823,589,70,189,1,1,1
1034,10,823,589,70,189,1,1,1
1035,10,824,589,69,188,1,1,1
1036,10,823,588,68,188,1,1,1
1037,10,824,588,69,189,1,1,1
1038,10,824,588,70,189,1,1,1
1039,10,824,588,70,189,1,1,1
1040,10,825,587,70,189,1,1,1
1041,10,824,587,70,188,1,1,1
1042,10,824,586,71,191,1,1,1
1043,10,824,586,71,192,1,1,1
1044,10,823,585,71,194,1,1,1
1045,10,823,584,71,197,1,1,1
1046,10,822,583,71,197,1,1,1
1047,10,823,583,70,197,1,1,1
1048,10,824,583,69,196,1,1,1
1049,10,825,582,68,196,1,1,1
1050,10,826,582,66,195,1,1,1
1051,10,826,581,65,193,1,1,1
1052,10,826,581,67,194,1,1,1
1053,10,826,581,67,194,1,1,1
1054,10,825,580,69,194,1,1,1
1055,10,825,580,70,194,1,1,1
1056,10,824,579,71,193,1,1,1
1057,10,824,580,72,193,1,1,1
1058,10,824,580,72,193,1,1,1
1059,10,823,581,73,191,1,1,1
1060,10,823,581,73,191,1,1,1
1061,10,822,581,73,189,1,1,1
1062,10,823,580,75,191,1,1,1
1063,10,823,579,76,192,1,1,1
1064,10,824,578,77,193,1,1,1
1065,10,824,577,78,194,1,1,1
1066,10,824,575,79,195,1,1,1
1067,10,826,576,77,194,1,1,1
1068,10,827,576,75,192,1,1,1
1069,10,828,576,73,191,1,1,1
1070,10,829,576,71,189,1,1,1
1071,10,829,575,69,187,1,1,1
1072,10,830,576,69,188,1,1,1
1073,10,830,575,69,189,1,1,1
1074,10,830,575,69,189,1,1,1
1075,10,830,575,69,189,1,1,1
1076,10,829,574,69,188,1,1,1
1077,10,830,575,69,188,1,1,1
1078,10,830,575,69,188,1,1,1
1079,10,830,575,70,188,1,1,1
1080,10,831,575,69,188,1,1,1
1081,10,830,574,69,187,1,1,1
1082,10,831,575,69,188,1,1,1
1083,10,832,574,68,189,1,1,1
1084,10,832,574,68,189,1,1,1
1085,10,832,574,68,189,1,1,1
1086,10,832,573,67,189,1,1,1
1087,10,833,574,67,189,1,1,1
1088,10,832,574,68,189,1,1,1
1089,10,832,574,68,189,1,1,1
1090,10,832,573,69,189,1,1,1
1091,10,832,573,68,188,1,1,1
1092,10,831,573,70,189,1,1,1
1093,10,831,573,70,189,1,1,1
1094,10,830,572,72,191,1,1,1
1095,10,829,572,73,191,1,1,1
1096,10,828,571,73,191,1,1,1
1097,10,829,571,72,192,1,1,1
1098,10,829,570,72,193,1,1,1
1099,10,829,569,71,194,1,1,1
1100,10,830,568,70,194,1,1,1
1101,10,830,567,69,195,1,1,1
1102,10,830,567,70,196,1,1,1
1103,10,829,568,71,195,1,1,1
1104,10,829,568,72,196,1,1,1
1105,10,829,569,72,196,1,1,1
1106,10,828,569,73,195,1,1,1
1107,10,829,569,73,196,1,1,1
1108,10,829,569,73,195,1,1,1
1109,10,830,569,72,195,1,1,1
1110,10,830,569,72,195,1,1,1
1111,10,830,569,71,193,1,1,1
1112,10,830,569,72,194,1,1,1
1113,10,830,569,71,193,1,1,1
1114,10,829,568,72,194,1,1,1
1115,10,829,568,71,194,1,1,1
1116,10,828,567,71,193,1,1,1
1117,10,829,568,71,193,1,1,1
1118,10,830,569,70,192,1,1,1
1119,10,831,570,69,190,1,1,1
1120,10,832,571,67,189,1,1,1
1121,10,832,572,66,187,1,1,1
1122,10,832,572,68,188,1,1,1
1123,10,832,572,69,188,1,1,1
1124,10,832,572,70,188,1,1,1
1125,10,831,572,72,188,1,1,1
1126,10,830,571,72,188,1,1,1
1146,10,826,576,71,188,1,1,1
1147,10,828,578,70,189,1,1,1
1148,10,829,579,68,190,1,1,1
1149,10,830,580,67,190,1,1,1
1150,10,832,581,64,191,1,1,1
1151,10,832,581,63,191,1,1,1
1152,10,832,581,64,192,1,1,1
1153,10,831,581,66,192,1,1,1
1154,10,830,580,67,193,1,1,1
1155,10,829,580,69,193,1,1,1
1156,10,828,579,69,193,1,1,1
1157,10,828,580,70,194,1,1,1
1158,10,827,581,72,194,1,1,1
1159,10,826,582,73,194,1,1,1
1160,10,825,583,75,194,1,1,1
1161,10,824,583,75,193,1,1,1
1162,10,825,584,75,194,1,1,1
1163,10,826,584,75,194,1,1,1
1164,10,827,585,74,193,1,1,1
1165,10,828,585,74,193,1,1,1
1166,10,828,585,73,191,1,1,1
1167,10,828,586,74,193,1,1,1
1168,10,828,585,73,195,1,1,1
1169,10,828,585,73,196,1,1,1
1170,10,828,585,72,197,1,1,1
1171,10,828,585,72,198,1,1,1
1172,10,828,586,71,197,1,1,1
1173,10,828,588,70,195,1,1,1
1174,10,828,589,70,194,1,1,1
1175,10,828,590,69,194,1,1,1
1176,10,828,591,67,191,1,1,1
1177,10,828,593,67,191,1,1,1
1178,10,828,593,66,192,1,1,1
1179,10,827,594,66,192,1,1,1
1180,10,827,595,66,192,1,1,1
1181,10,826,595,65,191,1,1,1
1182,10,826,596,67,193,1,1,1
1183,10,826,596,68,193,1,1,1
1184,10,825,596,71,194,1,1,1
1185,10,825,596,72,195,1,1,1
1186,10,824,595,73,195,1,1,1
1187,10,825,596,73,194,1,1,1
1188,10,826,596,71,193,1,1,1
1189,10,827,596,70,191,1,1,1
1190,10,828,596,68,189,1,1,1
1191,10,828,595,67,187,1,1,1
1192,10,829,597,67,188,1,1,1
1193,10,829,598,67,187,1,1,1
1194,10,829,598,67,188,1,1,1
1195,10,829,599,67,188,1,1,1
1196,10,828,600,68,188,1,1,1
1197,10,828,600,68,188,1,1,1
1198,10,828,599,68,189,1,1,1
1199,10,827,599,69,188,1,1,1
1200,10,827,598,68,189,1,1,1
1201,10,826,597,68,189,1,1,1
1202,10,826,598,69,188,1,1,1
1203,10,826,598,68,188,1,1,1
1204,10,826,598,68,188,1,1,1
1205,10,826,599,67,187,1,1,1
1206,10,826,598,66,186,1,1,1
1207,10,826,598,67,187,1,1,1
1208,10,826,597,67,188,1,1,1
1209,10,826,596,67,188,1,1,1
1210,10,826,595,68,189,1,1,1
1211,10,825,594,68,189,1,1,1
1212,10,824,594,70,189,1,1,1
1213,10,824,593,69,190,1,1,1
1214,10,823,592,70,190,1,1,1
1215,10,822,591,70,191,1,1,1
1216,10,821,590,70,190,1,1,1
1217,10,822,590,70,191,1,1,1
1218,10,823,589,69,191,1,1,1
1219,10,823,589,69,190,1,1,1
1220,10,824,588,69,191,1,1,1
1221,10,824,587,67,190,1,1,1
1222,10,824,587,68,190,1,1,1
1223,10,823,586,68,190,1,1,1
1224,10,822,585,69,190,1,1,1
1225,10,821,584,69,190,1,1,1
1226,10,820,583,69,190,1,1,1
1227,10,820,583,69,190,1,1,1
1228,10,819,582,69,190,1,1,1
1229,10,819,582,69,190,1,1,1
1230,10,819,581,69,190,1,1,1
1231,10,818,580,69,189,1,1,1
1232,10,818,581,69,190,1,1,1
1233,10,818,581,69,190,1,1,1
1234,10,817,580,70,190,1,1,1
1235,10,817,580,70,190,1,1,1
1236,10,816,579,69,190,1,1,1
1237,10,817,581,69,190,1,1,1
1238,10,817,581,69,191,1,1,1
1239,10,817,582,69,190,1,1,1
1240,10,816,583,69,190,1,1,1
1241,10,816,583,68,190,1,1,1
1242,10,816,584,68,190,1,1,1
1243,10,816,584,67,190,1,1,1
1244,10,815,584,67,190,1,1,1
1245,10,815,584,66,190,1,1,1
1246,10,814,583,65,189,1,1,1
1247,10,813,584,68,190,1,1,1
1248,10,813,585,69,189,1,1,1
1249,10,812,586,71,189,1,1,1
1250,10,811,586,73,189,1,1,1
1251,10,810,587,75,189,1,1,1
1252,10,811,587,74,189,1,1,1
1253,10,812,586,73,189,1,1,1
1254,10,814,586,71,189,1,1,1
1255,10,815,585,70,189,1,1,1
1256,10,816,585,69,189,1,1,1
1257,10,816,585,70,189,1,1,1
1258,10,815,585,71,189,1,1,1
1259,10,815,585,72,189,1,1,1
1260,10,815,586,72,188,1,1,1
1261,10,814,585,73,187,1,1,1
1262,10,815,587,73,188,1,1,1
1263,10,815,587,73,189,1,1,1
1264,10,816,588,72,189,1,1,1
1265,10,816,589,72,189,1,1,1
1266,10,816,589,71,189,1,1,1
1267,10,816,589,72,190,1,1,1
1268,10,816,588,72,190,1,1,1
1269,10,816,588,72,189,1,1,1
1270,10,816,587,72,189,1,1,1
1271,10,816,586,71,189,1,1,1
1272,10,817,586,71,189,1,1,1
1273,10,818,587,71,189,1,1,1
1274,10,819,587,70,189,1,1,1
1275,10,820,587,70,189,1,1,1
1276,10,821,587,69,188,1,1,1
1277,10,822,587,68,189,1,1,1
1278,10,822,587,68,189,1,1,1
1279,10,823,587,68,189,1,1,1
1280,10,823,587,68,189,1,1,1
1281,10,823,587,66,188,1,1,1
1282,10,824,588,67,188,1,1,1
1283,10,823,588,67,188,1,1,1
1284,10,823,589,67,187,1,1,1
1285,10,823,589,67,187,1,1,1
1286,10,822,589,67,186,1,1,1
1287,10,823,589,67,187,1,1,1
1288,10,824,589,67,187,1,1,1
1289,10,824,589,67,188,1,1,1
1290,10,824,589,67,188,1,1,1
1291,10,824,588,66,187,1,1,1
1292,10,824,589,68,188,1,1,1
1293,10,824,589,69,189,1,1,1
1294,10,823,589,70,189,1,1,1
1295,10,823,590,70,189,1,1,1
1296,10,822,589,71,189,1,1,1
1297,10,823,590,71,190,1,1,1
1298,10,823,591,71,189,1,1,1
1299,10,824,591,70,190,1,1,1
1300,10,824,591,70,190,1,1,1
1301,10,824,591,69,189,1,1,1
1302,10,824,592,69,190,1,1,1
1303,10,824,592,69,190,1,1,1
1304,10,824,592,69,191,1,1,1
1305,10,824,592,68,191,1,1,1
1306,10,824,591,67,191,1,1,1
1307,10,824,592,69,192,1,1,1
1308,10,824,592,69,192,1,1,1
1309,10,824,592,70,192,1,1,1
1310,10,824,592,71,192,1,1,1
1311,10,824,591,71,191,1,1,1
1312,10,824,591,72,192,1,1,1
1313,10,823,590,73,193,1,1,1
1314,10,822,589,74,193,1,1,1
1315,10,821,589,75,193,1,1,1
1316,10,820,587,75,193,1,1,1
1317,10,821,587,75,195,1,1,1
1318,10,821,587,74,195,1,1,1
1319,10,822,587,73,196,1,1,1
1320,10,822,586,72,197,1,1,1
1321,10,822,585,71,197,1,1,1
1322,10,822,586,71,197,1,1,1
1323,10,822,587,70,196,1,1,1
1324,10,821,587,70,195,1,1,1
1325,10,821,587,70,195,1,1,1
1326,10,820,587,69,193,1,1,1
1327,10,820,588,69,193,1,1,1
1328,10,820,588,68,192,1,1,1
1329,10,820,588,67,191,1,1,1
1330,10,820,588,67,190,1,1,1
1331,10,820,587,65,189,1,1,1
1332,10,820,588,66,190,1,1,1
1333,10,820,588,67,190,1,1,1
1334,10,820,588,67,190,1,1,1
1335,10,820,588,67,190,1,1,1
1336,10,820,587,67,189,1,1,1
1337,10,821,588,67,190,1,1,1
1338,10,821,589,67,189,1,1,1
1339,10,822,589,66,190,1,1,1
1340,10,822,589,66,190,1,1,1
1341,10,822,589,65,189,1,1,1
1342,10,822,590,67,189,1,1,1
1343,10,822,590,67,189,1,1,1
1344,10,821,589,69,189,1,1,1
1345,10,821,589,70,189,1,1,1
1346,10,820,589,71,188,1,1,1
1347,10,820,589,72,189,1,1,1
1348,10,820,589,71,189,1,1,1
1349,10,820,589,71,189,1,1,1
1350,10,819,589,72,189,1,1,1