1,63.00,227.00,175.00,68.00,259,1,1,1
1,116.00,826.00,174.00,69.00,341,1,1,1
1,178.00,1318.00,179.00,97.00,337,1,1,1
1,197.00,1173.00,170.00,120.00,452,1,1,1
1,199.00,1498.00,181.00,109.00,343,1,1,1
1,230.00,463.00,176.00,59.00,268,1,1,1
1,354.00,1704.00,182.00,128.00,360,1,1,1
1,560.00,1648.00,179.00,136.00,394,1,1,1
1,564.00,1385.00,178.00,111.00,371,1,1,1
1,593.00,-17.00,159.00,138.00,446,1,1,1
1,618.00,829.00,181.00,49.00,241,1,1,1
2,63.00,169.00,174.00,73.00,263,1,1,1
2,64.00,1385.00,187.00,71.00,240,1,1,1
2,65.00,1283.00,185.00,70.00,251,1,1,1
2,66.00,35.00,172.00,81.00,266,1,1,1
2,116.00,827.00,174.00,70.00,343,1,1,1
2,178.00,1316.00,179.00,96.00,337,1,1,1
2,197.00,1173.00,170.00,120.00,452,1,1,1
2,199.00,1498.00,181.00,109.00,343,1,1,1
2,230.00,564.00,178.00,52.00,259,1,1,1
2,354.00,1704.00,182.00,128.00,360,1,1,1
2,560.00,1648.00,179.00,136.00,394,1,1,1
2,564.00,1395.00,178.00,111.00,370,1,1,1
2,593.00,-6.00,161.00,131.00,425,1,1,1
2,618.00,829.00,182.00,48.00,239,1,1,1
3,63.00,98.00,173.00,78.00,266,1,1,1
3,64.00,1392.00,186.00,74.00,249,1,1,1
3,65.00,1342.00,185.00,75.00,258,1,1,1
3,66.00,-45.00,171.00,87.00,274,1,1,1
3,116.00,827.00,174.00,70.00,343,1,1,1
3,178.00,1316.00,179.00,96.00,337,1,1,1
3,197.00,1173.00,170.00,120.00,452,1,1,1
3,199.00,1503.00,181.00,110.00,344,1,1,1
3,230.00,617.00,179.00,50.00,250,1,1,1
3,354.00,1701.00,182.00,127.00,359,1,1,1
3,560.00,1647.00,179.00,136.00,395,1,1,1
3,564.00,1395.00,178.00,111.00,370,1,1,1
3,593.00,31.00,162.00,123.00,408,1,1,1
3,618.00,829.00,182.00,48.00,239,1,1,1
4,63.00,18.00,172.00,83.00,270,1,1,1
4,64.00,1425.00,186.00,76.00,253,1,1,1
4,65.00,1387.00,185.00,77.00,261,1,1,1
4,67.00,1629.00,190.00,75.00,223,1,1,1
4,116.00,827.00,174.00,70.00,343,1,1,1
4,178.00,1316.00,179.00,96.00,337,1,1,1
4,197.00,1173.00,170.00,120.00,452,1,1,1
4,199.00,1503.00,181.00,110.00,344,1,1,1
4,354.00,1701.00,182.00,127.00,359,1,1,1
4,560.00,1647.00,179.00,136.00,395,1,1,1
4,564.00,1395.00,178.00,111.00,370,1,1,1
4,593.00,77.00,164.00,116.00,395,1,1,1
4,618.00,829.00,182.00,48.00,239,1,1,1
5,63.00,-53.00,171.00,87.00,273,1,1,1
5,64.00,1473.00,186.00,81.00,259,1,1,1
5,65.00,1426.00,185.00,81.00,268,1,1,1
5,67.00,1733.00,191.00,80.00,228,1,1,1
5,116.00,818.00,174.00,70.00,343,1,1,1
5,178.00,1316.00,179.00,96.00,337,1,1,1
5,197.00,1173.00,170.00,120.00,452,1,1,1
5,199.00,1510.00,181.00,111.00,347,1,1,1
5,354.00,1701.00,182.00,127.00,359,1,1,1
5,560.00,1647.00,179.00,136.00,395,1,1,1
5,564.00,1395.00,178.00,111.00,370,1,1,1
5,593.00,42.00,164.00,114.00,381,1,1,1
5,618.00,829.00,182.00,48.00,239,1,1,1
6,64.00,1545.00,187.00,86.00,267,1,1,1
6,65.00,1478.00,185.00,85.00,275,1,1,1
6,67.00,1814.00,191.00,86.00,233,1,1,1
6,116.00,817.00,174.00,69.00,342,1,1,1
6,178.00,1316.00,179.00,96.00,337,1,1,1
6,197.00,1145.00,170.00,116.00,448,1,1,1
6,199.00,1510.00,181.00,111.00,347,1,1,1
6,354.00,1701.00,182.00,127.00,359,1,1,1
6,560.00,1647.00,179.00,136.00,395,1,1,1
6,564.00,1395.00,178.00,111.00,370,1,1,1
6,593.00,28.00,165.00,113.00,372,1,1,1
6,618.00,829.00,182.00,48.00,239,1,1,1
7,64.00,1583.00,187.00,89.00,269,1,1,1
7,65.00,1546.00,186.00,91.00,281,1,1,1
7,67.00,1887.00,192.00,90.00,237,1,1,1
7,68.00,1278.00,186.00,67.00,239,1,1,1
7,116.00,817.00,174.00,69.00,342,1,1,1
7,178.00,1316.00,179.00,96.00,337,1,1,1
7,197.00,1108.00,169.00,116.00,454,1,1,1
7,199.00,1510.00,181.00,111.00,347,1,1,1
7,354.00,1701.00,182.00,127.00,359,1,1,1
7,560.00,1647.00,179.00,136.00,395,1,1,1
7,564.00,1395.00,178.00,111.00,370,1,1,1
7,593.00,45.00,166.00,109.00,360,1,1,1
7,618.00,833.00,182.00,48.00,240,1,1,1
8,64.00,1632.00,187.00,95.00,278,1,1,1
8,65.00,1617.00,186.00,97.00,288,1,1,1
8,68.00,1346.00,186.00,71.00,247,1,1,1
8,116.00,817.00,174.00,70.00,343,1,1,1
8,178.00,1316.00,179.00,96.00,337,1,1,1
8,197.00,1120.00,170.00,115.00,448,1,1,1
8,199.00,1512.00,181.00,112.00,348,1,1,1
8,242.00,-76.00,166.00,110.00,343,1,1,1
8,354.00,1701.00,182.00,127.00,359,1,1,1
8,560.00,1640.00,179.00,136.00,393,1,1,1
8,564.00,1395.00,178.00,111.00,370,1,1,1
8,593.00,-71.00,164.00,118.00,371,1,1,1
8,618.00,833.00,182.00,48.00,240,1,1,1
9,64.00,1724.00,187.00,101.00,286,1,1,1
9,65.00,1714.00,186.00,105.00,297,1,1,1
9,68.00,1377.00,186.00,76.00,257,1,1,1
9,69.00,258.00,175.00,68.00,260,1,1,1
9,116.00,817.00,174.00,70.00,343,1,1,1
9,178.00,1316.00,179.00,96.00,337,1,1,1
9,197.00,1125.00,169.00,117.00,454,1,1,1
9,199.00,1512.00,181.00,112.00,348,1,1,1
9,242.00,-14.00,168.00,100.00,324,1,1,1
9,354.00,1701.00,182.00,127.00,359,1,1,1
9,560.00,1637.00,179.00,135.00,392,1,1,1
9,564.00,1397.00,178.00,112.00,371,1,1,1
9,618.00,833.00,182.00,48.00,240,1,1,1
10,64.00,1739.00,187.00,102.00,287,1,1,1
10,65.00,1762.00,186.00,109.00,303,1,1,1
10,68.00,1421.00,185.00,80.00,266,1,1,1
10,69.00,149.00,173.00,76.00,270,1,1,1
10,116.00,817.00,174.00,69.00,342,1,1,1
10,178.00,1316.00,179.00,96.00,337,1,1,1
10,197.00,1139.00,170.00,115.00,444,1,1,1
10,199.00,1512.00,181.00,112.00,348,1,1,1
10,242.00,116.00,170.00,90.00,312,1,1,1
10,354.00,1701.00,182.00,127.00,359,1,1,1
10,560.00,1637.00,179.00,135.00,392,1,1,1
10,564.00,1397.00,178.00,112.00,371,1,1,1
10,618.00,833.00,182.00,48.00,240,1,1,1
11,64.00,1762.00,187.00,107.00,296,1,1,1
11,65.00,1805.00,186.00,115.00,312,1,1,1
11,68.00,1489.00,185.00,87.00,277,1,1,1
11,69.00,43.00,171.00,86.00,285,1,1,1
11,116.00,817.00,174.00,70.00,343,1,1,1
11,178.00,1316.00,179.00,96.00,337,1,1,1
11,197.00,1141.00,170.00,116.00,446,1,1,1
11,199.00,1512.00,181.00,112.00,348,1,1,1
11,242.00,168.00,171.00,84.00,303,1,1,1
11,354.00,1698.00,182.00,127.00,358,1,1,1
11,560.00,1637.00,179.00,135.00,392,1,1,1
11,564.00,1399.00,178.00,113.00,372,1,1,1
11,618.00,833.00,182.00,48.00,240,1,1,1
12,64.00,1756.00,186.00,111.00,308,1,1,1
12,65.00,1820.00,186.00,117.00,316,1,1,1
12,68.00,1538.00,185.00,92.00,286,1,1,1
12,69.00,-33.00,169.00,95.00,302,1,1,1
12,116.00,817.00,174.00,70.00,343,1,1,1
12,178.00,1316.00,179.00,96.00,337,1,1,1
12,197.00,1141.00,170.00,116.00,446,1,1,1
12,199.00,1512.00,181.00,112.00,348,1,1,1
12,242.00,292.00,173.00,74.00,293,1,1,1
12,354.00,1690.00,182.00,126.00,358,1,1,1
12,560.00,1637.00,179.00,135.00,392,1,1,1
12,564.00,1399.00,178.00,113.00,372,1,1,1
12,618.00,833.00,182.00,48.00,240,1,1,1
13,64.00,1784.00,185.00,120.00,329,1,1,1
13,65.00,1842.00,185.00,122.00,325,1,1,1
13,68.00,1590.00,185.00,97.00,293,1,1,1
13,116.00,817.00,174.00,70.00,343,1,1,1
13,178.00,1318.00,179.00,97.00,337,1,1,1
13,197.00,1141.00,170.00,116.00,446,1,1,1
13,199.00,1512.00,181.00,112.00,348,1,1,1
13,242.00,381.00,174.00,67.00,287,1,1,1
13,354.00,1690.00,182.00,126.00,358,1,1,1
13,560.00,1637.00,179.00,135.00,392,1,1,1
13,564.00,1399.00,178.00,113.00,372,1,1,1
13,618.00,833.00,182.00,49.00,240,1,1,1
14,64.00,1800.00,184.00,128.00,345,1,1,1
14,65.00,1881.00,185.00,131.00,339,1,1,1
14,68.00,1626.00,185.00,102.00,302,1,1,1
14,116.00,817.00,174.00,70.00,343,1,1,1
14,178.00,1318.00,179.00,97.00,337,1,1,1
14,197.00,1141.00,170.00,116.00,446,1,1,1
14,199.00,1510.00,181.00,111.00,347,1,1,1
14,242.00,478.00,175.00,60.00,280,1,1,1
14,354.00,1681.00,181.00,126.00,360,1,1,1
14,560.00,1637.00,179.00,135.00,392,1,1,1
14,564.00,1399.00,178.00,113.00,372,1,1,1
14,618.00,873.00,182.00,50.00,239,1,1,1
15,64.00,1833.00,182.00,138.00,368,1,1,1
15,68.00,1721.00,185.00,112.00,315,1,1,1
15,72.00,151.00,174.00,75.00,264,1,1,1
15,116.00,816.00,174.00,69.00,341,1,1,1
15,178.00,1318.00,179.00,97.00,337,1,1,1
15,197.00,1141.00,170.00,116.00,446,1,1,1
15,199.00,1508.00,181.00,110.00,346,1,1,1
15,242.00,536.00,177.00,55.00,270,1,1,1
15,354.00,1678.00,182.00,125.00,358,1,1,1
15,560.00,1647.00,179.00,136.00,395,1,1,1
15,564.00,1397.00,178.00,112.00,371,1,1,1
15,618.00,867.00,182.00,50.00,239,1,1,1
16,64.00,1799.00,181.00,143.00,387,1,1,1
16,68.00,1781.00,185.00,120.00,327,1,1,1
16,71.00,-125.00,153.00,166.00,507,1,1,1
16,72.00,52.00,172.00,84.00,278,1,1,1
16,116.00,816.00,174.00,69.00,341,1,1,1
16,178.00,1318.00,179.00,97.00,337,1,1,1
16,197.00,1141.00,170.00,116.00,446,1,1,1
16,199.00,1500.00,181.00,110.00,344,1,1,1
16,242.00,556.00,178.00,53.00,259,1,1,1
16,354.00,1678.00,182.00,125.00,358,1,1,1
16,560.00,1647.00,179.00,136.00,395,1,1,1
16,564.00,1397.00,178.00,112.00,371,1,1,1
16,618.00,867.00,182.00,49.00,239,1,1,1
17,64.00,1802.00,179.00,155.00,415,1,1,1
17,68.00,1857.00,184.00,130.00,342,1,1,1
17,71.00,47.00,159.00,135.00,452,1,1,1
17,72.00,-63.00,169.00,96.00,298,1,1,1
17,74.00,144.00,173.00,75.00,264,1,1,1
17,116.00,816.00,174.00,69.00,341,1,1,1
17,178.00,1318.00,179.00,97.00,337,1,1,1
17,197.00,1141.00,170.00,116.00,446,1,1,1
17,199.00,1500.00,181.00,110.00,344,1,1,1
17,242.00,589.00,179.00,50.00,249,1,1,1
17,354.00,1664.00,181.00,125.00,360,1,1,1
17,560.00,1647.00,179.00,136.00,395,1,1,1
17,564.00,1397.00,178.00,112.00,371,1,1,1
17,618.00,867.00,182.00,49.00,239,1,1,1
18,64.00,1751.00,177.00,156.00,429,1,1,1
18,70.00,-21.00,163.00,122.00,392,1,1,1
18,71.00,125.00,163.00,117.00,413,1,1,1
18,74.00,14.00,171.00,85.00,276,1,1,1
18,116.00,816.00,174.00,69.00,341,1,1,1
18,178.00,1318.00,179.00,97.00,337,1,1,1
18,197.00,1141.00,170.00,116.00,446,1,1,1
18,199.00,1505.00,181.00,110.00,345,1,1,1
18,354.00,1674.00,181.00,126.00,362,1,1,1
18,560.00,1647.00,179.00,136.00,395,1,1,1
18,564.00,1397.00,178.00,112.00,371,1,1,1
18,618.00,867.00,182.00,50.00,239,1,1,1
19,64.00,1711.00,175.00,164.00,455,1,1,1
19,70.00,78.00,166.00,107.00,363,1,1,1
19,71.00,227.00,166.00,100.00,377,1,1,1
19,116.00,817.00,174.00,69.00,342,1,1,1
19,178.00,1318.00,179.00,97.00,337,1,1,1
19,197.00,1141.00,170.00,116.00,446,1,1,1
19,199.00,1505.00,181.00,110.00,345,1,1,1
19,354.00,1674.00,181.00,126.00,362,1,1,1
19,560.00,1640.00,179.00,136.00,393,1,1,1
19,564.00,1397.00,178.00,112.00,371,1,1,1
19,618.00,855.00,182.00,49.00,242,1,1,1
20,64.00,1579.00,172.00,162.00,480,1,1,1
20,65.00,1788.00,172.00,187.00,501,1,1,1
20,70.00,143.00,168.00,95.00,339,1,1,1
20,71.00,258.00,168.00,90.00,352,1,1,1
20,116.00,817.00,174.00,69.00,342,1,1,1
20,178.00,1318.00,179.00,97.00,337,1,1,1
20,197.00,1141.00,170.00,116.00,446,1,1,1
20,199.00,1505.00,181.00,110.00,345,1,1,1
20,225.00,1901.00,194.00,80.00,210,1,1,1
20,354.00,1696.00,182.00,127.00,360,1,1,1
20,560.00,1640.00,179.00,136.00,393,1,1,1
20,564.00,1397.00,178.00,112.00,371,1,1,1
20,618.00,860.00,181.00,51.00,248,1,1,1
21,64.00,1492.00,169.00,161.00,501,1,1,1
21,65.00,1665.00,169.00,188.00,530,1,1,1
21,70.00,197.00,170.00,86.00,319,1,1,1
21,71.00,357.00,171.00,78.00,326,1,1,1
21,116.00,817.00,174.00,69.00,342,1,1,1
21,178.00,1318.00,179.00,97.00,337,1,1,1
21,197.00,1141.00,170.00,116.00,446,1,1,1
21,199.00,1505.00,181.00,110.00,345,1,1,1
21,225.00,1868.00,194.00,79.00,209,1,1,1
21,354.00,1699.00,181.00,127.00,362,1,1,1
21,560.00,1640.00,179.00,136.00,393,1,1,1
21,564.00,1397.00,178.00,112.00,371,1,1,1
21,618.00,862.00,181.00,51.00,249,1,1,1
22,64.00,1353.00,167.00,155.00,521,1,1,1
22,65.00,1486.00,165.00,182.00,561,1,1,1
22,70.00,261.00,172.00,77.00,299,1,1,1
22,71.00,444.00,174.00,67.00,301,1,1,1
22,116.00,817.00,174.00,69.00,342,1,1,1
22,178.00,1318.00,179.00,97.00,337,1,1,1
22,197.00,1141.00,170.00,116.00,446,1,1,1
22,199.00,1505.00,181.00,110.00,345,1,1,1
22,354.00,1699.00,181.00,127.00,362,1,1,1
22,560.00,1640.00,179.00,136.00,393,1,1,1
22,564.00,1397.00,178.00,112.00,371,1,1,1
22,618.00,862.00,181.00,51.00,249,1,1,1
23,64.00,1303.00,165.00,155.00,532,1,1,1
23,65.00,1354.00,161.00,179.00,594,1,1,1
23,70.00,341.00,174.00,68.00,281,1,1,1
23,71.00,455.00,175.00,63.00,286,1,1,1
23,116.00,817.00,174.00,69.00,342,1,1,1
23,178.00,1318.00,179.00,97.00,337,1,1,1
23,197.00,1141.00,170.00,116.00,446,1,1,1
23,199.00,1505.00,181.00,110.00,345,1,1,1
23,354.00,1699.00,181.00,127.00,362,1,1,1
23,560.00,1640.00,179.00,136.00,393,1,1,1
23,564.00,1397.00,178.00,112.00,371,1,1,1
23,618.00,890.00,182.00,52.00,246,1,1,1
24,64.00,1037.00,160.00,138.00,565,1,1,1
24,65.00,1239.00,158.00,176.00,621,1,1,1
24,70.00,390.00,175.00,62.00,270,1,1,1
24,71.00,520.00,177.00,56.00,270,1,1,1
24,116.00,811.00,174.00,69.00,341,1,1,1
24,178.00,1320.00,179.00,97.00,338,1,1,1
24,197.00,1141.00,170.00,116.00,446,1,1,1
24,199.00,1505.00,181.00,110.00,345,1,1,1
24,354.00,1699.00,181.00,127.00,362,1,1,1
24,560.00,1640.00,179.00,136.00,393,1,1,1
24,564.00,1397.00,178.00,112.00,371,1,1,1
24,618.00,890.00,182.00,52.00,246,1,1,1
25,64.00,874.00,156.00,129.00,591,1,1,1
25,65.00,989.00,153.00,155.00,649,1,1,1
25,70.00,489.00,177.00,56.00,260,1,1,1
25,71.00,575.00,178.00,51.00,257,1,1,1
25,116.00,811.00,174.00,69.00,341,1,1,1
25,178.00,1320.00,179.00,97.00,338,1,1,1
25,197.00,1141.00,170.00,116.00,446,1,1,1
25,199.00,1505.00,181.00,110.00,345,1,1,1
25,354.00,1699.00,181.00,127.00,362,1,1,1
25,560.00,1644.00,179.00,135.00,394,1,1,1
25,564.00,1406.00,178.00,114.00,375,1,1,1
25,618.00,890.00,182.00,52.00,246,1,1,1
26,64.00,637.00,153.00,122.00,607,1,1,1
26,65.00,765.00,149.00,138.00,667,1,1,1
26,70.00,471.00,177.00,54.00,251,1,1,1
26,71.00,578.00,179.00,50.00,247,1,1,1
26,75.00,115.00,173.00,76.00,262,1,1,1
26,116.00,811.00,174.00,69.00,341,1,1,1
26,178.00,1320.00,179.00,97.00,338,1,1,1
26,197.00,1141.00,170.00,116.00,446,1,1,1
26,199.00,1508.00,181.00,110.00,346,1,1,1
26,354.00,1699.00,181.00,127.00,362,1,1,1
26,560.00,1647.00,179.00,136.00,395,1,1,1
26,564.00,1406.00,178.00,114.00,375,1,1,1
26,618.00,884.00,182.00,52.00,244,1,1,1
27,64.00,353.00,147.00,151.00,644,1,1,1
27,65.00,493.00,145.00,146.00,691,1,1,1
27,75.00,26.00,172.00,83.00,270,1,1,1
27,116.00,811.00,174.00,69.00,341,1,1,1
27,178.00,1320.00,179.00,97.00,338,1,1,1
27,197.00,1128.00,169.00,115.00,450,1,1,1
27,199.00,1508.00,181.00,110.00,346,1,1,1
27,354.00,1696.00,182.00,127.00,360,1,1,1
27,560.00,1644.00,179.00,135.00,394,1,1,1
27,564.00,1406.00,178.00,114.00,375,1,1,1
27,618.00,888.00,182.00,52.00,245,1,1,1
28,64.00,113.00,143.00,187.00,667,1,1,1
28,65.00,169.00,139.00,194.00,723,1,1,1
28,75.00,-66.00,170.00,91.00,284,1,1,1
28,116.00,811.00,174.00,69.00,341,1,1,1
28,178.00,1320.00,179.00,97.00,338,1,1,1
28,197.00,1128.00,169.00,115.00,450,1,1,1
28,199.00,1508.00,181.00,110.00,346,1,1,1
28,354.00,1699.00,181.00,127.00,362,1,1,1
28,560.00,1647.00,179.00,136.00,395,1,1,1
28,564.00,1406.00,178.00,114.00,375,1,1,1
28,618.00,888.00,182.00,52.00,245,1,1,1
29,64.00,-190.00,138.00,234.00,694,1,1,1
29,65.00,-161.00,134.00,249.00,754,1,1,1
29,76.00,430.00,177.00,57.00,254,1,1,1
29,116.00,811.00,174.00,69.00,341,1,1,1
29,178.00,1320.00,179.00,97.00,338,1,1,1
29,197.00,1128.00,169.00,115.00,450,1,1,1
29,199.00,1508.00,181.00,110.00,346,1,1,1
29,354.00,1702.00,181.00,128.00,363,1,1,1
29,560.00,1644.00,179.00,135.00,394,1,1,1
29,564.00,1406.00,178.00,114.00,375,1,1,1
29,618.00,889.00,182.00,52.00,246,1,1,1
30,76.00,472.00,176.00,57.00,266,1,1,1
30,116.00,811.00,174.00,69.00,341,1,1,1
30,178.00,1320.00,179.00,97.00,338,1,1,1
30,197.00,1124.00,170.00,115.00,446,1,1,1
30,199.00,1510.00,181.00,111.00,347,1,1,1
30,354.00,1702.00,181.00,128.00,363,1,1,1
30,560.00,1644.00,179.00,135.00,394,1,1,1
30,564.00,1406.00,178.00,114.00,375,1,1,1
30,618.00,889.00,182.00,52.00,246,1,1,1
31,76.00,517.00,176.00,59.00,283,1,1,1
31,77.00,51.00,173.00,79.00,263,1,1,1
31,116.00,811.00,174.00,69.00,341,1,1,1
31,178.00,1320.00,179.00,97.00,338,1,1,1
31,197.00,1128.00,169.00,115.00,450,1,1,1
31,199.00,1510.00,181.00,111.00,347,1,1,1
31,354.00,1702.00,181.00,128.00,363,1,1,1
31,560.00,1644.00,179.00,135.00,394,1,1,1
31,564.00,1406.00,178.00,114.00,375,1,1,1
31,618.00,889.00,182.00,52.00,246,1,1,1
32,76.00,548.00,174.00,61.00,304,1,1,1
32,77.00,-17.00,172.00,84.00,270,1,1,1
32,116.00,811.00,174.00,69.00,341,1,1,1
32,178.00,1320.00,179.00,97.00,338,1,1,1
32,197.00,1143.00,170.00,116.00,447,1,1,1
32,199.00,1510.00,181.00,111.00,347,1,1,1
32,354.00,1702.00,181.00,128.00,363,1,1,1
32,560.00,1640.00,179.00,136.00,393,1,1,1
32,564.00,1406.00,178.00,114.00,375,1,1,1
32,618.00,886.00,182.00,52.00,246,1,1,1
33,76.00,568.00,173.00,67.00,331,1,1,1
33,116.00,811.00,174.00,69.00,341,1,1,1
33,178.00,1320.00,179.00,97.00,338,1,1,1
33,197.00,1143.00,170.00,116.00,447,1,1,1
33,199.00,1498.00,181.00,109.00,343,1,1,1
33,354.00,1690.00,181.00,127.00,362,1,1,1
33,560.00,1640.00,179.00,136.00,393,1,1,1
33,564.00,1406.00,178.00,114.00,375,1,1,1
33,618.00,886.00,182.00,52.00,246,1,1,1
34,76.00,623.00,171.00,72.00,360,1,1,1
34,116.00,811.00,174.00,69.00,341,1,1,1
34,178.00,1320.00,179.00,97.00,338,1,1,1
34,197.00,1143.00,170.00,116.00,447,1,1,1
34,199.00,1498.00,181.00,109.00,343,1,1,1
34,354.00,1690.00,181.00,127.00,362,1,1,1
34,560.00,1640.00,179.00,136.00,393,1,1,1
34,564.00,1406.00,178.00,114.00,375,1,1,1
34,618.00,886.00,182.00,52.00,246,1,1,1
35,76.00,677.00,169.00,79.00,395,1,1,1
35,116.00,811.00,174.00,69.00,341,1,1,1
35,178.00,1320.00,179.00,97.00,338,1,1,1
35,197.00,1143.00,170.00,116.00,447,1,1,1
35,199.00,1498.00,181.00,109.00,343,1,1,1
35,354.00,1690.00,181.00,127.00,362,1,1,1
35,560.00,1644.00,179.00,135.00,394,1,1,1
35,564.00,1406.00,178.00,114.00,375,1,1,1
35,618.00,886.00,182.00,52.00,246,1,1,1
36,76.00,788.00,168.00,86.00,428,1,1,1
36,116.00,811.00,174.00,69.00,341,1,1,1
36,178.00,1322.00,179.00,97.00,339,1,1,1
36,197.00,1143.00,170.00,116.00,447,1,1,1
36,199.00,1500.00,181.00,110.00,344,1,1,1
36,354.00,1693.00,181.00,128.00,363,1,1,1
36,560.00,1647.00,179.00,136.00,395,1,1,1
36,564.00,1411.00,177.00,115.00,378,1,1,1
36,618.00,886.00,182.00,52.00,246,1,1,1
37,76.00,917.00,166.00,105.00,470,1,1,1
37,116.00,811.00,174.00,69.00,341,1,1,1
37,178.00,1322.00,179.00,97.00,339,1,1,1
37,197.00,1143.00,170.00,116.00,447,1,1,1
37,199.00,1500.00,181.00,110.00,344,1,1,1
37,354.00,1736.00,182.00,130.00,361,1,1,1
37,560.00,1647.00,179.00,136.00,395,1,1,1
37,564.00,1413.00,177.00,116.00,379,1,1,1
37,618.00,885.00,182.00,52.00,245,1,1,1
38,76.00,1057.00,164.00,127.00,513,1,1,1
38,116.00,811.00,174.00,69.00,341,1,1,1
38,178.00,1322.00,179.00,97.00,339,1,1,1
38,197.00,1156.00,170.00,117.00,448,1,1,1
38,199.00,1500.00,181.00,110.00,344,1,1,1
38,354.00,1789.00,182.00,133.00,361,1,1,1
38,560.00,1644.00,179.00,135.00,394,1,1,1
38,564.00,1408.00,178.00,115.00,376,1,1,1
38,618.00,885.00,182.00,52.00,245,1,1,1
39,76.00,1244.00,162.00,158.00,561,1,1,1
39,116.00,812.00,174.00,69.00,342,1,1,1
39,178.00,1322.00,179.00,97.00,339,1,1,1
39,197.00,1156.00,170.00,117.00,448,1,1,1
39,199.00,1509.00,181.00,109.00,343,1,1,1
39,354.00,1789.00,182.00,133.00,361,1,1,1
39,560.00,1647.00,179.00,136.00,395,1,1,1
39,564.00,1408.00,178.00,115.00,376,1,1,1
39,618.00,885.00,182.00,52.00,245,1,1,1
40,76.00,1450.00,160.00,197.00,618,1,1,1
40,78.00,292.00,175.00,67.00,263,1,1,1
40,116.00,813.00,174.00,69.00,343,1,1,1
40,178.00,1322.00,179.00,97.00,339,1,1,1
40,197.00,1156.00,170.00,117.00,448,1,1,1
40,199.00,1509.00,181.00,109.00,343,1,1,1
40,354.00,1758.00,182.00,130.00,359,1,1,1
40,560.00,1637.00,179.00,135.00,392,1,1,1
40,564.00,1408.00,178.00,115.00,376,1,1,1
40,618.00,881.00,182.00,52.00,245,1,1,1
41,76.00,1699.00,156.00,259.00,704,1,1,1
41,78.00,182.00,173.00,77.00,279,1,1,1
41,79.00,105.00,173.00,78.00,267,1,1,1
41,80.00,-28.00,171.00,86.00,274,1,1,1
41,116.00,813.00,174.00,69.00,343,1,1,1
41,178.00,1322.00,179.00,97.00,339,1,1,1
41,197.00,1156.00,170.00,117.00,448,1,1,1
41,199.00,1509.00,181.00,109.00,343,1,1,1
41,354.00,1722.00,182.00,126.00,355,1,1,1
41,560.00,1637.00,179.00,135.00,392,1,1,1
41,564.00,1408.00,178.00,115.00,376,1,1,1
41,618.00,883.00,182.00,51.00,246,1,1,1
42,78.00,52.00,170.00,89.00,296,1,1,1
42,79.00,-3.00,171.00,87.00,282,1,1,1
42,116.00,812.00,174.00,69.00,342,1,1,1
42,178.00,1322.00,179.00,97.00,339,1,1,1
42,197.00,1158.00,170.00,118.00,449,1,1,1
42,199.00,1509.00,181.00,109.00,343,1,1,1
42,354.00,1722.00,182.00,126.00,355,1,1,1
42,560.00,1637.00,179.00,135.00,392,1,1,1
42,564.00,1408.00,178.00,115.00,376,1,1,1
42,618.00,883.00,182.00,51.00,246,1,1,1
43,78.00,-77.00,168.00,101.00,312,1,1,1
43,116.00,812.00,174.00,69.00,342,1,1,1
43,178.00,1322.00,179.00,97.00,339,1,1,1
43,197.00,1158.00,170.00,118.00,449,1,1,1
43,199.00,1509.00,181.00,109.00,343,1,1,1
43,354.00,1680.00,181.00,128.00,364,1,1,1
43,560.00,1637.00,179.00,135.00,392,1,1,1
43,564.00,1408.00,178.00,115.00,376,1,1,1
43,618.00,932.00,182.00,53.00,245,1,1,1
44,116.00,812.00,174.00,69.00,342,1,1,1
44,178.00,1322.00,179.00,97.00,339,1,1,1
44,197.00,1156.00,170.00,117.00,448,1,1,1
44,199.00,1511.00,181.00,110.00,344,1,1,1
44,354.00,1683.00,181.00,128.00,365,1,1,1
44,560.00,1637.00,179.00,135.00,392,1,1,1
44,564.00,1406.00,178.00,114.00,375,1,1,1
44,618.00,932.00,182.00,53.00,245,1,1,1
45,116.00,812.00,174.00,69.00,342,1,1,1
45,178.00,1324.00,179.00,97.00,340,1,1,1
45,197.00,1156.00,170.00,117.00,448,1,1,1
45,199.00,1511.00,181.00,110.00,344,1,1,1
45,354.00,1676.00,181.00,125.00,361,1,1,1
45,560.00,1640.00,179.00,136.00,393,1,1,1
45,564.00,1406.00,178.00,114.00,375,1,1,1
45,618.00,936.00,182.00,55.00,248,1,1,1
46,116.00,812.00,174.00,69.00,342,1,1,1
46,178.00,1325.00,179.00,99.00,341,1,1,1
46,197.00,1156.00,170.00,117.00,448,1,1,1
46,199.00,1511.00,181.00,110.00,344,1,1,1
46,354.00,1676.00,181.00,125.00,361,1,1,1
46,560.00,1644.00,179.00,135.00,394,1,1,1
46,564.00,1406.00,178.00,114.00,375,1,1,1
46,618.00,930.00,182.00,55.00,251,1,1,1
47,81.00,629.00,178.00,52.00,261,1,1,1
47,116.00,812.00,174.00,69.00,342,1,1,1
47,178.00,1325.00,179.00,99.00,341,1,1,1
47,197.00,1156.00,170.00,117.00,448,1,1,1
47,199.00,1514.00,181.00,110.00,345,1,1,1
47,354.00,1676.00,181.00,125.00,361,1,1,1
47,560.00,1647.00,179.00,136.00,395,1,1,1
47,564.00,1406.00,178.00,114.00,375,1,1,1
47,618.00,926.00,182.00,55.00,251,1,1,1
48,81.00,682.00,177.00,57.00,286,1,1,1
48,116.00,812.00,174.00,69.00,342,1,1,1
48,178.00,1325.00,179.00,99.00,341,1,1,1
48,197.00,1154.00,170.00,117.00,446,1,1,1
48,199.00,1514.00,181.00,110.00,345,1,1,1
48,354.00,1676.00,181.00,125.00,361,1,1,1
48,560.00,1640.00,179.00,136.00,393,1,1,1
48,564.00,1406.00,178.00,114.00,375,1,1,1
48,618.00,926.00,182.00,54.00,250,1,1,1
49,81.00,750.00,177.00,60.00,300,1,1,1
49,116.00,812.00,174.00,69.00,342,1,1,1
49,178.00,1325.00,179.00,99.00,341,1,1,1
49,197.00,1150.00,170.00,117.00,448,1,1,1
49,199.00,1514.00,181.00,110.00,345,1,1,1
49,354.00,1676.00,181.00,125.00,361,1,1,1
49,560.00,1640.00,179.00,136.00,393,1,1,1
49,564.00,1404.00,178.00,113.00,374,1,1,1
49,618.00,905.00,182.00,53.00,250,1,1,1
50,81.00,808.00,176.00,63.00,311,1,1,1
50,116.00,812.00,174.00,69.00,342,1,1,1
50,178.00,1325.00,179.00,99.00,341,1,1,1
50,197.00,1150.00,170.00,117.00,448,1,1,1
50,199.00,1514.00,181.00,110.00,345,1,1,1
50,354.00,1676.00,181.00,125.00,361,1,1,1
50,560.00,1640.00,179.00,136.00,393,1,1,1
50,564.00,1406.00,178.00,114.00,375,1,1,1
50,618.00,905.00,181.00,54.00,251,1,1,1
51,81.00,863.00,177.00,66.00,315,1,1,1
51,116.00,812.00,174.00,69.00,342,1,1,1
51,178.00,1327.00,179.00,99.00,342,1,1,1
51,197.00,1150.00,170.00,117.00,448,1,1,1
51,199.00,1514.00,181.00,110.00,345,1,1,1
51,354.00,1676.00,181.00,125.00,361,1,1,1
51,560.00,1640.00,179.00,136.00,393,1,1,1
51,564.00,1406.00,178.00,114.00,375,1,1,1
51,618.00,906.00,181.00,54.00,252,1,1,1
52,81.00,863.00,177.00,66.00,315,1,1,1
52,116.00,812.00,174.00,69.00,342,1,1,1
52,178.00,1327.00,179.00,99.00,342,1,1,1
52,197.00,1150.00,170.00,117.00,448,1,1,1
52,199.00,1514.00,181.00,110.00,345,1,1,1
52,354.00,1676.00,181.00,125.00,361,1,1,1
52,560.00,1640.00,179.00,136.00,393,1,1,1
52,564.00,1406.00,178.00,114.00,375,1,1,1
52,618.00,923.00,182.00,55.00,251,1,1,1
53,81.00,882.00,176.00,68.00,322,1,1,1
53,116.00,812.00,174.00,69.00,342,1,1,1
53,178.00,1327.00,179.00,99.00,342,1,1,1
53,197.00,1150.00,170.00,117.00,448,1,1,1
53,199.00,1514.00,181.00,110.00,345,1,1,1
53,354.00,1676.00,181.00,125.00,361,1,1,1
53,560.00,1640.00,179.00,136.00,393,1,1,1
53,564.00,1404.00,177.00,114.00,377,1,1,1
53,618.00,924.00,182.00,55.00,251,1,1,1
54,81.00,903.00,176.00,70.00,325,1,1,1
54,116.00,838.00,175.00,70.00,338,1,1,1
54,178.00,1327.00,179.00,99.00,342,1,1,1
54,197.00,1150.00,170.00,117.00,448,1,1,1
54,199.00,1514.00,181.00,110.00,345,1,1,1
54,354.00,1718.00,182.00,128.00,358,1,1,1
54,560.00,1640.00,179.00,136.00,393,1,1,1
54,564.00,1404.00,177.00,114.00,377,1,1,1
54,618.00,924.00,182.00,55.00,252,1,1,1
55,81.00,886.00,176.00,68.00,321,1,1,1
55,82.00,700.00,180.00,49.00,244,1,1,1
55,116.00,838.00,175.00,70.00,338,1,1,1
55,178.00,1327.00,179.00,99.00,342,1,1,1
55,197.00,1150.00,170.00,117.00,448,1,1,1
55,199.00,1514.00,181.00,110.00,345,1,1,1
55,354.00,1760.00,182.00,130.00,357,1,1,1
55,560.00,1637.00,178.00,136.00,396,1,1,1
55,564.00,1404.00,177.00,114.00,377,1,1,1
55,618.00,923.00,182.00,55.00,251,1,1,1
56,81.00,886.00,176.00,68.00,321,1,1,1
56,82.00,729.00,180.00,48.00,245,1,1,1
56,116.00,838.00,175.00,70.00,338,1,1,1
56,178.00,1327.00,179.00,99.00,342,1,1,1
56,197.00,1150.00,170.00,117.00,448,1,1,1
56,199.00,1514.00,181.00,110.00,345,1,1,1
56,354.00,1785.00,183.00,131.00,355,1,1,1
56,560.00,1637.00,178.00,136.00,396,1,1,1
56,564.00,1404.00,177.00,114.00,377,1,1,1
56,618.00,923.00,182.00,55.00,251,1,1,1
57,81.00,886.00,176.00,68.00,321,1,1,1
57,82.00,756.00,180.00,50.00,250,1,1,1
57,83.00,864.00,182.00,49.00,239,1,1,1
57,116.00,842.00,174.00,70.00,344,1,1,1
57,178.00,1327.00,179.00,99.00,342,1,1,1
57,197.00,1150.00,170.00,117.00,448,1,1,1
57,199.00,1514.00,181.00,110.00,345,1,1,1
57,354.00,1821.00,183.00,135.00,361,1,1,1
57,560.00,1637.00,178.00,136.00,396,1,1,1
57,564.00,1404.00,177.00,114.00,377,1,1,1
57,618.00,929.00,182.00,55.00,250,1,1,1
58,81.00,886.00,176.00,68.00,321,1,1,1
58,82.00,796.00,180.00,51.00,256,1,1,1
58,83.00,867.00,182.00,49.00,239,1,1,1
58,116.00,842.00,174.00,70.00,344,1,1,1
58,178.00,1327.00,179.00,99.00,342,1,1,1
58,197.00,1150.00,170.00,117.00,448,1,1,1
58,199.00,1514.00,181.00,110.00,345,1,1,1
58,354.00,1839.00,183.00,137.00,365,1,1,1
58,560.00,1637.00,178.00,136.00,396,1,1,1
58,564.00,1404.00,177.00,114.00,377,1,1,1
58,618.00,971.00,182.00,56.00,249,1,1,1
59,81.00,855.00,176.00,67.00,321,1,1,1
59,82.00,827.00,180.00,52.00,256,1,1,1
59,83.00,871.00,182.00,49.00,239,1,1,1
59,116.00,842.00,174.00,70.00,344,1,1,1
59,178.00,1327.00,179.00,99.00,342,1,1,1
59,197.00,1150.00,170.00,117.00,448,1,1,1
59,199.00,1514.00,181.00,110.00,345,1,1,1
59,354.00,1782.00,182.00,134.00,364,1,1,1
59,560.00,1637.00,178.00,136.00,396,1,1,1
59,564.00,1404.00,177.00,114.00,377,1,1,1
59,618.00,994.00,183.00,56.00,244,1,1,1
60,81.00,826.00,176.00,64.00,317,1,1,1
60,82.00,888.00,181.00,54.00,256,1,1,1
60,83.00,874.00,182.00,50.00,239,1,1,1
60,116.00,842.00,174.00,70.00,344,1,1,1
60,178.00,1327.00,179.00,99.00,342,1,1,1
60,197.00,1150.00,170.00,117.00,448,1,1,1
60,199.00,1514.00,181.00,110.00,345,1,1,1
60,354.00,1775.00,182.00,133.00,363,1,1,1
60,560.00,1637.00,178.00,136.00,396,1,1,1
60,564.00,1404.00,177.00,114.00,377,1,1,1
60,618.00,994.00,183.00,56.00,244,1,1,1
61,81.00,774.00,175.00,63.00,319,1,1,1
61,82.00,925.00,181.00,56.00,258,1,1,1
61,83.00,919.00,182.00,51.00,239,1,1,1
61,116.00,842.00,174.00,70.00,344,1,1,1
61,178.00,1327.00,179.00,99.00,342,1,1,1
61,197.00,1145.00,170.00,116.00,448,1,1,1
61,199.00,1510.00,181.00,111.00,347,1,1,1
61,354.00,1775.00,182.00,133.00,363,1,1,1
61,560.00,1631.00,179.00,135.00,393,1,1,1
61,564.00,1404.00,177.00,114.00,377,1,1,1
61,618.00,1024.00,183.00,57.00,243,1,1,1
62,81.00,769.00,175.00,64.00,319,1,1,1
62,82.00,979.00,182.00,58.00,256,1,1,1
62,83.00,932.00,182.00,53.00,241,1,1,1
62,116.00,842.00,174.00,70.00,344,1,1,1
62,178.00,1327.00,179.00,99.00,342,1,1,1
62,197.00,1145.00,170.00,116.00,448,1,1,1
62,199.00,1510.00,181.00,111.00,347,1,1,1
62,354.00,1775.00,182.00,133.00,363,1,1,1
62,560.00,1631.00,179.00,135.00,393,1,1,1
62,564.00,1404.00,177.00,114.00,377,1,1,1
62,618.00,1049.00,184.00,57.00,241,1,1,1
63,81.00,736.00,175.00,64.00,323,1,1,1
63,82.00,1023.00,182.00,60.00,258,1,1,1
63,83.00,961.00,183.00,55.00,242,1,1,1
63,116.00,842.00,174.00,70.00,344,1,1,1
63,178.00,1327.00,179.00,99.00,342,1,1,1
63,197.00,1150.00,170.00,117.00,448,1,1,1
63,199.00,1510.00,181.00,111.00,347,1,1,1
63,354.00,1767.00,182.00,132.00,363,1,1,1
63,560.00,1631.00,179.00,135.00,393,1,1,1
63,564.00,1404.00,177.00,114.00,377,1,1,1
63,618.00,1080.00,184.00,58.00,239,1,1,1
64,81.00,729.00,174.00,65.00,327,1,1,1
64,82.00,1058.00,182.00,63.00,260,1,1,1
64,83.00,978.00,183.00,55.00,244,1,1,1
64,116.00,827.00,174.00,71.00,349,1,1,1
64,178.00,1327.00,179.00,99.00,342,1,1,1
64,197.00,1150.00,170.00,117.00,448,1,1,1
64,199.00,1510.00,181.00,111.00,347,1,1,1
64,354.00,1770.00,182.00,131.00,360,1,1,1
64,560.00,1631.00,179.00,135.00,393,1,1,1
64,564.00,1404.00,177.00,114.00,377,1,1,1
64,618.00,1095.00,184.00,58.00,236,1,1,1
65,81.00,724.00,174.00,65.00,327,1,1,1
65,82.00,1106.00,183.00,66.00,262,1,1,1
65,83.00,1018.00,183.00,57.00,245,1,1,1
65,116.00,827.00,174.00,71.00,349,1,1,1
65,178.00,1327.00,179.00,99.00,342,1,1,1
65,197.00,1150.00,170.00,117.00,448,1,1,1
65,199.00,1510.00,181.00,111.00,347,1,1,1
65,354.00,1770.00,182.00,131.00,360,1,1,1
65,560.00,1631.00,179.00,135.00,393,1,1,1
65,564.00,1404.00,177.00,114.00,377,1,1,1
65,618.00,1099.00,184.00,58.00,236,1,1,1
66,81.00,721.00,174.00,66.00,331,1,1,1
66,82.00,1149.00,183.00,68.00,266,1,1,1
66,83.00,1073.00,184.00,59.00,243,1,1,1
66,116.00,839.00,174.00,72.00,352,1,1,1
66,178.00,1327.00,179.00,99.00,342,1,1,1
66,197.00,1150.00,170.00,117.00,448,1,1,1
66,199.00,1510.00,181.00,111.00,347,1,1,1
66,354.00,1770.00,182.00,131.00,360,1,1,1
66,560.00,1631.00,179.00,135.00,393,1,1,1
66,564.00,1404.00,177.00,114.00,377,1,1,1
66,618.00,1144.00,185.00,59.00,232,1,1,1
67,81.00,697.00,173.00,68.00,340,1,1,1
67,82.00,1238.00,184.00,73.00,267,1,1,1
67,83.00,1135.00,184.00,62.00,245,1,1,1
67,116.00,839.00,174.00,72.00,352,1,1,1
67,178.00,1327.00,179.00,99.00,342,1,1,1
67,197.00,1150.00,170.00,117.00,448,1,1,1
67,199.00,1510.00,181.00,111.00,347,1,1,1
67,354.00,1816.00,183.00,133.00,357,1,1,1
67,560.00,1631.00,179.00,135.00,393,1,1,1
67,564.00,1404.00,177.00,114.00,377,1,1,1
67,618.00,1208.00,186.00,60.00,230,1,1,1
68,81.00,703.00,173.00,69.00,344,1,1,1
68,82.00,1305.00,184.00,75.00,266,1,1,1
68,83.00,1201.00,185.00,65.00,245,1,1,1
68,116.00,839.00,174.00,72.00,352,1,1,1
68,178.00,1327.00,179.00,99.00,342,1,1,1
68,197.00,1150.00,170.00,117.00,448,1,1,1
68,199.00,1515.00,181.00,112.00,349,1,1,1
68,354.00,1821.00,183.00,135.00,361,1,1,1
68,560.00,1631.00,179.00,135.00,393,1,1,1
68,564.00,1404.00,177.00,114.00,377,1,1,1
68,618.00,1225.00,186.00,62.00,231,1,1,1
69,81.00,704.00,173.00,70.00,348,1,1,1
69,82.00,1344.00,185.00,77.00,264,1,1,1
69,83.00,1256.00,185.00,67.00,247,1,1,1
69,116.00,839.00,174.00,72.00,352,1,1,1
69,178.00,1327.00,179.00,99.00,342,1,1,1
69,197.00,1150.00,170.00,117.00,448,1,1,1
69,199.00,1515.00,181.00,112.00,349,1,1,1
69,354.00,1821.00,183.00,135.00,361,1,1,1
69,560.00,1631.00,179.00,135.00,393,1,1,1
69,564.00,1404.00,177.00,114.00,377,1,1,1
69,618.00,1298.00,187.00,65.00,231,1,1,1
70,81.00,712.00,172.00,71.00,356,1,1,1
70,82.00,1426.00,186.00,80.00,264,1,1,1
70,83.00,1323.00,186.00,71.00,248,1,1,1
70,116.00,868.00,174.00,74.00,353,1,1,1
70,178.00,1327.00,179.00,99.00,342,1,1,1
70,197.00,1209.00,170.00,123.00,452,1,1,1
70,199.00,1515.00,181.00,112.00,349,1,1,1
70,354.00,1821.00,183.00,135.00,361,1,1,1
70,560.00,1631.00,179.00,135.00,393,1,1,1
70,564.00,1404.00,177.00,114.00,377,1,1,1
70,618.00,1370.00,187.00,69.00,234,1,1,1
71,81.00,698.00,172.00,72.00,359,1,1,1
71,82.00,1505.00,186.00,83.00,265,1,1,1
71,83.00,1386.00,186.00,74.00,250,1,1,1
71,116.00,869.00,174.00,74.00,354,1,1,1
71,178.00,1327.00,179.00,99.00,342,1,1,1
71,197.00,1209.00,170.00,123.00,452,1,1,1
71,199.00,1515.00,181.00,112.00,349,1,1,1
71,354.00,1821.00,183.00,135.00,361,1,1,1
71,560.00,1634.00,178.00,136.00,395,1,1,1
71,564.00,1404.00,177.00,114.00,377,1,1,1
71,618.00,1431.00,188.00,71.00,234,1,1,1
72,81.00,698.00,172.00,72.00,359,1,1,1
72,82.00,1579.00,187.00,88.00,268,1,1,1
72,83.00,1483.00,187.00,78.00,250,1,1,1
72,116.00,899.00,175.00,74.00,345,1,1,1
72,178.00,1327.00,179.00,99.00,342,1,1,1
72,197.00,1209.00,170.00,123.00,452,1,1,1
72,199.00,1515.00,181.00,112.00,349,1,1,1
72,354.00,1821.00,183.00,135.00,361,1,1,1
72,560.00,1634.00,178.00,136.00,395,1,1,1
72,564.00,1404.00,177.00,114.00,377,1,1,1
72,618.00,1531.00,189.00,75.00,236,1,1,1
73,81.00,721.00,172.00,73.00,366,1,1,1
73,82.00,1659.00,188.00,92.00,269,1,1,1
73,83.00,1541.00,188.00,81.00,251,1,1,1
73,116.00,915.00,175.00,76.00,347,1,1,1
73,178.00,1327.00,179.00,99.00,342,1,1,1
73,197.00,1209.00,170.00,123.00,452,1,1,1
73,199.00,1515.00,181.00,112.00,349,1,1,1
73,354.00,1828.00,183.00,136.00,363,1,1,1
73,560.00,1637.00,178.00,136.00,396,1,1,1
73,564.00,1404.00,177.00,114.00,377,1,1,1
73,618.00,1613.00,189.00,79.00,239,1,1,1
74,81.00,721.00,172.00,73.00,366,1,1,1
74,82.00,1745.00,188.00,97.00,272,1,1,1
74,83.00,1617.00,188.00,85.00,253,1,1,1
74,116.00,929.00,175.00,76.00,346,1,1,1
74,178.00,1327.00,179.00,99.00,342,1,1,1
74,197.00,1209.00,170.00,123.00,452,1,1,1
74,199.00,1515.00,181.00,112.00,349,1,1,1
74,354.00,1828.00,183.00,136.00,363,1,1,1
74,560.00,1650.00,178.00,139.00,401,1,1,1
74,564.00,1404.00,177.00,114.00,377,1,1,1
74,618.00,1716.00,190.00,84.00,241,1,1,1
75,81.00,756.00,172.00,72.00,364,1,1,1
75,82.00,1809.00,189.00,101.00,275,1,1,1
75,83.00,1699.00,189.00,88.00,254,1,1,1
75,116.00,929.00,175.00,76.00,346,1,1,1
75,178.00,1327.00,179.00,99.00,342,1,1,1
75,197.00,1209.00,170.00,123.00,452,1,1,1
75,199.00,1515.00,181.00,112.00,349,1,1,1
75,354.00,1828.00,183.00,136.00,363,1,1,1
75,560.00,1650.00,178.00,139.00,401,1,1,1
75,564.00,1404.00,177.00,114.00,377,1,1,1
75,618.00,1799.00,191.00,89.00,244,1,1,1
76,81.00,793.00,172.00,74.00,367,1,1,1
76,82.00,1880.00,189.00,107.00,279,1,1,1
76,83.00,1795.00,190.00,95.00,258,1,1,1
76,86.00,16.00,172.00,83.00,269,1,1,1
76,87.00,613.00,179.00,49.00,246,1,1,1
76,116.00,929.00,175.00,76.00,346,1,1,1
76,178.00,1327.00,179.00,99.00,342,1,1,1
76,197.00,1209.00,170.00,123.00,452,1,1,1
76,199.00,1515.00,181.00,112.00,349,1,1,1
76,354.00,1835.00,183.00,137.00,364,1,1,1
76,560.00,1650.00,178.00,139.00,401,1,1,1
76,564.00,1404.00,177.00,114.00,377,1,1,1
76,618.00,1860.00,191.00,93.00,247,1,1,1
77,81.00,816.00,172.00,76.00,371,1,1,1
77,83.00,1863.00,190.00,99.00,261,1,1,1
77,87.00,613.00,179.00,50.00,248,1,1,1
77,116.00,950.00,175.00,77.00,345,1,1,1
77,178.00,1327.00,179.00,99.00,342,1,1,1
77,197.00,1209.00,170.00,123.00,452,1,1,1
77,199.00,1512.00,181.00,112.00,348,1,1,1
77,354.00,1832.00,183.00,136.00,363,1,1,1
77,560.00,1660.00,178.00,141.00,404,1,1,1
77,564.00,1404.00,177.00,114.00,377,1,1,1
78,81.00,816.00,172.00,76.00,371,1,1,1
78,87.00,585.00,178.00,51.00,254,1,1,1
78,116.00,959.00,176.00,76.00,339,1,1,1
78,178.00,1327.00,179.00,99.00,342,1,1,1
78,197.00,1209.00,170.00,123.00,452,1,1,1
78,199.00,1512.00,181.00,112.00,348,1,1,1
78,354.00,1761.00,182.00,131.00,360,1,1,1
78,560.00,1668.00,178.00,142.00,405,1,1,1
78,564.00,1404.00,177.00,114.00,377,1,1,1
79,81.00,850.00,173.00,77.00,368,1,1,1
79,87.00,582.00,178.00,51.00,257,1,1,1
79,116.00,966.00,176.00,75.00,334,1,1,1
79,178.00,1327.00,179.00,99.00,342,1,1,1
79,197.00,1209.00,170.00,123.00,452,1,1,1
79,199.00,1512.00,181.00,112.00,348,1,1,1
79,354.00,1737.00,182.00,129.00,360,1,1,1
79,560.00,1661.00,178.00,141.00,403,1,1,1
79,564.00,1404.00,177.00,114.00,377,1,1,1
80,81.00,896.00,173.00,79.00,364,1,1,1
80,87.00,586.00,178.00,51.00,257,1,1,1
80,88.00,43.00,173.00,79.00,261,1,1,1
80,116.00,990.00,177.00,76.00,331,1,1,1
80,178.00,1325.00,179.00,99.00,341,1,1,1
80,197.00,1209.00,170.00,123.00,452,1,1,1
80,199.00,1515.00,181.00,112.00,349,1,1,1
80,354.00,1750.00,182.00,131.00,363,1,1,1
80,560.00,1625.00,178.00,135.00,395,1,1,1
80,564.00,1404.00,177.00,114.00,377,1,1,1
81,81.00,918.00,174.00,78.00,356,1,1,1
81,87.00,586.00,178.00,51.00,257,1,1,1
81,88.00,-53.00,171.00,89.00,279,1,1,1
81,116.00,1012.00,177.00,77.00,328,1,1,1
81,178.00,1325.00,179.00,99.00,341,1,1,1
81,197.00,1211.00,170.00,124.00,454,1,1,1
81,199.00,1510.00,181.00,111.00,347,1,1,1
81,354.00,1711.00,181.00,130.00,366,1,1,1
81,560.00,1626.00,178.00,135.00,394,1,1,1
81,564.00,1404.00,177.00,114.00,377,1,1,1
82,81.00,942.00,175.00,77.00,346,1,1,1
82,87.00,586.00,178.00,51.00,257,1,1,1
82,116.00,1021.00,178.00,76.00,321,1,1,1
82,178.00,1325.00,179.00,99.00,341,1,1,1
82,197.00,1211.00,170.00,124.00,454,1,1,1
82,199.00,1531.00,181.00,112.00,346,1,1,1
82,354.00,1711.00,181.00,130.00,366,1,1,1
82,560.00,1626.00,178.00,135.00,394,1,1,1
82,564.00,1406.00,177.00,115.00,379,1,1,1
83,81.00,971.00,176.00,77.00,338,1,1,1
83,84.00,-71.00,125.00,269.00,868,1,1,1
83,87.00,586.00,178.00,51.00,257,1,1,1
83,116.00,1015.00,178.00,75.00,319,1,1,1
83,178.00,1319.00,179.00,98.00,340,1,1,1
83,197.00,1211.00,170.00,124.00,454,1,1,1
83,199.00,1536.00,181.00,111.00,343,1,1,1
83,354.00,1711.00,181.00,130.00,366,1,1,1
83,560.00,1626.00,178.00,135.00,394,1,1,1
83,564.00,1406.00,177.00,115.00,379,1,1,1
84,81.00,996.00,176.00,78.00,336,1,1,1
84,84.00,235.00,128.00,221.00,874,1,1,1
84,87.00,582.00,178.00,52.00,261,1,1,1
84,116.00,1011.00,178.00,74.00,317,1,1,1
84,178.00,1323.00,179.00,99.00,342,1,1,1
84,197.00,1211.00,170.00,124.00,454,1,1,1
84,199.00,1536.00,181.00,111.00,343,1,1,1
84,354.00,1711.00,181.00,130.00,366,1,1,1
84,560.00,1629.00,178.00,136.00,395,1,1,1
84,564.00,1406.00,177.00,115.00,379,1,1,1
85,81.00,1013.00,176.00,81.00,343,1,1,1
85,84.00,534.00,129.00,186.00,894,1,1,1
85,87.00,563.00,177.00,54.00,266,1,1,1
85,90.00,49.00,172.00,80.00,267,1,1,1
85,92.00,1034.00,184.00,55.00,234,1,1,1
85,116.00,1015.00,178.00,75.00,319,1,1,1
85,178.00,1323.00,179.00,99.00,342,1,1,1
85,197.00,1211.00,170.00,124.00,454,1,1,1
85,199.00,1536.00,181.00,111.00,343,1,1,1
85,354.00,1711.00,181.00,130.00,366,1,1,1
85,560.00,1629.00,178.00,136.00,395,1,1,1
85,564.00,1406.00,177.00,115.00,379,1,1,1
85,1109.00,571.00,179.00,50.00,247,1,1,1
86,81.00,1016.00,175.00,83.00,353,1,1,1
86,84.00,767.00,131.00,190.00,896,1,1,1
86,87.00,535.00,176.00,56.00,275,1,1,1
86,90.00,-81.00,170.00,91.00,282,1,1,1
86,92.00,1041.00,184.00,57.00,239,1,1,1
86,93.00,442.00,177.00,56.00,251,1,1,1
86,116.00,1018.00,177.00,78.00,329,1,1,1
86,178.00,1323.00,179.00,99.00,342,1,1,1
86,197.00,1211.00,170.00,124.00,454,1,1,1
86,199.00,1536.00,182.00,110.00,338,1,1,1
86,354.00,1711.00,181.00,130.00,366,1,1,1
86,560.00,1629.00,178.00,136.00,395,1,1,1
86,564.00,1406.00,177.00,115.00,379,1,1,1
86,1109.00,520.00,178.00,53.00,254,1,1,1
87,81.00,1009.00,175.00,84.00,359,1,1,1
87,84.00,1028.00,132.00,231.00,913,1,1,1
87,87.00,533.00,176.00,59.00,284,1,1,1
87,92.00,1065.00,184.00,58.00,240,1,1,1
87,93.00,405.00,176.00,59.00,258,1,1,1
87,116.00,971.00,176.00,76.00,335,1,1,1
87,178.00,1325.00,179.00,99.00,343,1,1,1
87,197.00,1211.00,170.00,124.00,454,1,1,1
87,199.00,1536.00,182.00,110.00,338,1,1,1
87,354.00,1711.00,181.00,130.00,366,1,1,1
87,560.00,1629.00,178.00,136.00,395,1,1,1
87,564.00,1404.00,177.00,114.00,377,1,1,1
87,1109.00,482.00,177.00,56.00,260,1,1,1
88,81.00,1030.00,175.00,84.00,356,1,1,1
88,84.00,1292.00,138.00,266.00,881,1,1,1
88,87.00,490.00,175.00,62.00,292,1,1,1
88,92.00,1076.00,184.00,58.00,240,1,1,1
88,93.00,388.00,176.00,62.00,265,1,1,1
88,116.00,951.00,176.00,76.00,337,1,1,1
88,178.00,1321.00,179.00,98.00,341,1,1,1
88,197.00,1211.00,170.00,124.00,454,1,1,1
88,199.00,1548.00,181.00,111.00,341,1,1,1
88,354.00,1711.00,181.00,130.00,366,1,1,1
88,560.00,1629.00,178.00,136.00,395,1,1,1
88,564.00,1404.00,177.00,114.00,377,1,1,1
88,593.00,-75.00,168.00,101.00,316,1,1,1
88,1109.00,451.00,176.00,59.00,270,1,1,1
89,81.00,1030.00,175.00,84.00,356,1,1,1
89,84.00,1639.00,145.00,305.00,840,1,1,1
89,87.00,464.00,174.00,67.00,304,1,1,1
89,92.00,1080.00,184.00,59.00,242,1,1,1
89,93.00,343.00,175.00,66.00,274,1,1,1
89,116.00,955.00,176.00,77.00,340,1,1,1
89,178.00,1321.00,179.00,98.00,341,1,1,1
89,197.00,1211.00,170.00,124.00,454,1,1,1
89,199.00,1555.00,181.00,113.00,344,1,1,1
89,354.00,1711.00,181.00,130.00,366,1,1,1
89,560.00,1629.00,178.00,136.00,395,1,1,1
89,564.00,1406.00,177.00,115.00,379,1,1,1
89,593.00,10.00,169.00,97.00,316,1,1,1
89,1109.00,413.00,175.00,62.00,276,1,1,1
90,81.00,1007.00,175.00,84.00,361,1,1,1
90,84.00,1868.00,150.00,326.00,808,1,1,1
90,87.00,409.00,172.00,73.00,317,1,1,1
90,92.00,1077.00,184.00,59.00,244,1,1,1
90,93.00,297.00,174.00,70.00,281,1,1,1
90,116.00,947.00,176.00,77.00,341,1,1,1
90,178.00,1323.00,179.00,99.00,342,1,1,1
90,197.00,1211.00,170.00,124.00,454,1,1,1
90,199.00,1533.00,181.00,113.00,347,1,1,1
90,354.00,1711.00,181.00,130.00,366,1,1,1
90,560.00,1629.00,178.00,136.00,395,1,1,1
90,564.00,1406.00,177.00,115.00,379,1,1,1
90,593.00,50.00,169.00,96.00,319,1,1,1
90,1109.00,379.00,174.00,67.00,284,1,1,1
91,81.00,978.00,174.00,85.00,371,1,1,1
91,87.00,362.00,171.00,77.00,326,1,1,1
91,92.00,1079.00,184.00,60.00,245,1,1,1
91,93.00,242.00,173.00,76.00,289,1,1,1
91,94.00,292.00,175.00,66.00,260,1,1,1
91,116.00,927.00,175.00,76.00,345,1,1,1
91,178.00,1323.00,179.00,99.00,342,1,1,1
91,197.00,1211.00,170.00,124.00,454,1,1,1
91,199.00,1536.00,181.00,113.00,348,1,1,1
91,354.00,1714.00,181.00,131.00,367,1,1,1
91,560.00,1629.00,178.00,136.00,395,1,1,1
91,564.00,1406.00,177.00,115.00,379,1,1,1
91,593.00,134.00,170.00,90.00,318,1,1,1
91,1109.00,339.00,174.00,70.00,288,1,1,1
92,81.00,951.00,173.00,84.00,375,1,1,1
92,87.00,297.00,169.00,85.00,342,1,1,1
92,92.00,1052.00,183.00,59.00,247,1,1,1
92,93.00,202.00,172.00,78.00,292,1,1,1
92,94.00,243.00,174.00,71.00,269,1,1,1
92,116.00,922.00,175.00,77.00,349,1,1,1
92,178.00,1323.00,179.00,99.00,342,1,1,1
92,197.00,1211.00,170.00,124.00,454,1,1,1
92,199.00,1531.00,181.00,112.00,346,1,1,1
92,354.00,1714.00,181.00,131.00,367,1,1,1
92,560.00,1629.00,178.00,136.00,395,1,1,1
92,564.00,1406.00,177.00,115.00,379,1,1,1
92,593.00,232.00,170.00,85.00,321,1,1,1
92,1109.00,283.00,173.00,74.00,294,1,1,1
93,81.00,913.00,172.00,84.00,383,1,1,1
93,87.00,211.00,167.00,95.00,358,1,1,1
93,92.00,1054.00,183.00,60.00,248,1,1,1
93,93.00,157.00,171.00,83.00,299,1,1,1
93,94.00,226.00,174.00,73.00,273,1,1,1
93,95.00,876.00,182.00,50.00,239,1,1,1
93,116.00,893.00,174.00,77.00,355,1,1,1
93,178.00,1321.00,179.00,98.00,341,1,1,1
93,197.00,1211.00,170.00,124.00,454,1,1,1
93,199.00,1531.00,181.00,112.00,346,1,1,1
93,354.00,1714.00,181.00,131.00,367,1,1,1
93,560.00,1629.00,178.00,136.00,395,1,1,1
93,564.00,1406.00,177.00,115.00,379,1,1,1
93,593.00,333.00,171.00,78.00,321,1,1,1
93,1109.00,228.00,172.00,79.00,301,1,1,1
94,81.00,896.00,172.00,83.00,387,1,1,1
94,87.00,138.00,166.00,105.00,374,1,1,1
94,92.00,1010.00,182.00,59.00,252,1,1,1
94,94.00,158.00,173.00,78.00,279,1,1,1
94,95.00,894.00,182.00,50.00,240,1,1,1
94,116.00,895.00,175.00,74.00,346,1,1,1
94,178.00,1322.00,179.00,97.00,339,1,1,1
94,197.00,1205.00,170.00,121.00,449,1,1,1
94,199.00,1510.00,181.00,110.00,342,1,1,1
94,354.00,1709.00,182.00,127.00,360,1,1,1
94,560.00,1636.00,179.00,133.00,389,1,1,1
94,564.00,1404.00,177.00,115.00,380,1,1,1
94,593.00,414.00,172.00,72.00,317,1,1,1
94,1109.00,121.00,170.00,87.00,306,1,1,1
95,81.00,920.00,173.00,83.00,379,1,1,1
95,87.00,44.00,163.00,118.00,395,1,1,1
95,92.00,1000.00,182.00,60.00,259,1,1,1
95,94.00,161.00,172.00,79.00,286,1,1,1
95,95.00,935.00,182.00,54.00,243,1,1,1
95,116.00,886.00,175.00,74.00,346,1,1,1
95,178.00,1322.00,179.00,97.00,339,1,1,1
95,197.00,1205.00,170.00,121.00,449,1,1,1
95,199.00,1521.00,181.00,110.00,343,1,1,1
95,354.00,1709.00,182.00,127.00,360,1,1,1
95,560.00,1637.00,179.00,135.00,392,1,1,1
95,564.00,1404.00,177.00,115.00,380,1,1,1
95,593.00,510.00,173.00,66.00,314,1,1,1
95,1020.00,1448.00,189.00,67.00,222,1,1,1
95,1109.00,123.00,170.00,88.00,307,1,1,1
96,81.00,920.00,173.00,83.00,379,1,1,1
96,87.00,-87.00,161.00,131.00,405,1,1,1
96,92.00,960.00,181.00,59.00,263,1,1,1
96,93.00,84.00,168.00,98.00,332,1,1,1
96,94.00,119.00,171.00,83.00,291,1,1,1
96,95.00,913.00,182.00,52.00,244,1,1,1
96,116.00,886.00,175.00,74.00,346,1,1,1
96,178.00,1328.00,180.00,98.00,337,1,1,1
96,197.00,1205.00,170.00,121.00,449,1,1,1
96,199.00,1513.00,181.00,110.00,343,1,1,1
96,354.00,1720.00,182.00,129.00,360,1,1,1
96,560.00,1637.00,179.00,135.00,392,1,1,1
96,564.00,1404.00,177.00,115.00,380,1,1,1
96,593.00,609.00,174.00,64.00,318,1,1,1
96,1020.00,1521.00,189.00,72.00,228,1,1,1
96,1021.00,1236.00,186.00,62.00,230,1,1,1
96,1109.00,63.00,169.00,93.00,312,1,1,1
97,81.00,920.00,173.00,83.00,379,1,1,1
97,92.00,942.00,181.00,59.00,266,1,1,1
97,93.00,45.00,167.00,102.00,339,1,1,1
97,94.00,119.00,171.00,83.00,291,1,1,1
97,95.00,917.00,182.00,53.00,246,1,1,1
97,116.00,890.00,174.00,75.00,351,1,1,1
97,178.00,1328.00,180.00,98.00,337,1,1,1
97,197.00,1205.00,170.00,121.00,449,1,1,1
97,199.00,1511.00,181.00,110.00,344,1,1,1
97,354.00,1720.00,182.00,129.00,360,1,1,1
97,560.00,1637.00,179.00,135.00,392,1,1,1
97,564.00,1404.00,177.00,115.00,380,1,1,1
97,593.00,719.00,175.00,63.00,315,1,1,1
97,1020.00,1603.00,189.00,77.00,234,1,1,1
97,1021.00,1278.00,186.00,66.00,240,1,1,1
97,1109.00,54.00,169.00,95.00,317,1,1,1
98,81.00,920.00,173.00,83.00,379,1,1,1
98,92.00,905.00,180.00,58.00,271,1,1,1
98,93.00,42.00,167.00,101.00,338,1,1,1
98,94.00,119.00,171.00,83.00,291,1,1,1
98,95.00,919.00,182.00,54.00,248,1,1,1
98,116.00,890.00,174.00,75.00,351,1,1,1
98,178.00,1328.00,180.00,98.00,337,1,1,1
98,197.00,1205.00,170.00,121.00,449,1,1,1
98,199.00,1511.00,181.00,110.00,344,1,1,1
98,354.00,1714.00,182.00,127.00,358,1,1,1
98,560.00,1628.00,179.00,134.00,392,1,1,1
98,564.00,1404.00,177.00,115.00,380,1,1,1
98,593.00,802.00,176.00,63.00,315,1,1,1
98,1020.00,1705.00,190.00,84.00,239,1,1,1
98,1021.00,1327.00,186.00,71.00,249,1,1,1
98,1109.00,16.00,168.00,98.00,320,1,1,1
99,81.00,920.00,173.00,83.00,379,1,1,1
99,92.00,895.00,180.00,58.00,275,1,1,1
99,93.00,11.00,167.00,105.00,341,1,1,1
99,94.00,117.00,171.00,84.00,293,1,1,1
99,95.00,925.00,182.00,55.00,252,1,1,1
99,116.00,890.00,174.00,75.00,351,1,1,1
99,178.00,1328.00,180.00,98.00,337,1,1,1
99,197.00,1205.00,170.00,121.00,449,1,1,1
99,199.00,1518.00,181.00,111.00,345,1,1,1
99,354.00,1714.00,182.00,127.00,358,1,1,1
99,560.00,1634.00,178.00,136.00,395,1,1,1
99,564.00,1404.00,177.00,115.00,380,1,1,1
99,593.00,875.00,177.00,65.00,309,1,1,1
99,1020.00,1806.00,191.00,89.00,243,1,1,1
99,1021.00,1355.00,185.00,75.00,261,1,1,1
99,1109.00,11.00,168.00,98.00,321,1,1,1
100,81.00,919.00,173.00,83.00,378,1,1,1
100,92.00,893.00,180.00,58.00,276,1,1,1
100,93.00,15.00,167.00,106.00,344,1,1,1
100,94.00,148.00,172.00,81.00,291,1,1,1
100,95.00,928.00,181.00,56.00,258,1,1,1
100,116.00,876.00,174.00,74.00,351,1,1,1
100,178.00,1328.00,180.00,98.00,337,1,1,1
100,197.00,1205.00,170.00,121.00,449,1,1,1
100,199.00,1543.00,181.00,113.00,349,1,1,1
100,354.00,1712.00,182.00,128.00,361,1,1,1
100,560.00,1631.00,179.00,135.00,393,1,1,1
100,564.00,1404.00,177.00,115.00,380,1,1,1
100,593.00,936.00,178.00,69.00,311,1,1,1
100,1020.00,1909.00,191.00,96.00,249,1,1,1
100,1021.00,1378.00,185.00,80.00,269,1,1,1
100,1109.00,11.00,168.00,98.00,321,1,1,1
101,81.00,919.00,173.00,83.00,378,1,1,1
101,92.00,905.00,179.00,60.00,281,1,1,1
101,93.00,24.00,167.00,105.00,345,1,1,1
101,94.00,142.00,171.00,84.00,298,1,1,1
101,95.00,888.00,181.00,55.00,259,1,1,1
101,116.00,876.00,174.00,74.00,351,1,1,1
101,178.00,1328.00,180.00,98.00,337,1,1,1
101,197.00,1205.00,170.00,121.00,449,1,1,1
101,199.00,1544.00,180.00,116.00,357,1,1,1
101,354.00,1721.00,182.00,130.00,363,1,1,1
101,560.00,1631.00,179.00,135.00,393,1,1,1
101,564.00,1404.00,177.00,115.00,380,1,1,1
101,593.00,990.00,179.00,70.00,304,1,1,1
101,1021.00,1427.00,185.00,82.00,273,1,1,1
101,1109.00,13.00,168.00,99.00,322,1,1,1
102,81.00,919.00,173.00,83.00,378,1,1,1
102,92.00,835.00,179.00,58.00,283,1,1,1
102,93.00,93.00,168.00,98.00,336,1,1,1
102,94.00,142.00,171.00,84.00,298,1,1,1
102,95.00,890.00,180.00,57.00,265,1,1,1
102,116.00,876.00,174.00,74.00,351,1,1,1
102,178.00,1326.00,180.00,97.00,336,1,1,1
102,197.00,1205.00,170.00,121.00,449,1,1,1
102,199.00,1533.00,180.00,115.00,353,1,1,1
102,354.00,1721.00,182.00,130.00,363,1,1,1
102,560.00,1634.00,178.00,136.00,395,1,1,1
102,564.00,1404.00,177.00,115.00,380,1,1,1
102,593.00,1053.00,179.00,72.00,302,1,1,1
102,1021.00,1468.00,185.00,87.00,281,1,1,1
102,1109.00,7.00,168.00,99.00,323,1,1,1
103,81.00,919.00,173.00,83.00,378,1,1,1
103,92.00,838.00,178.00,58.00,287,1,1,1
103,93.00,93.00,168.00,98.00,336,1,1,1
103,94.00,162.00,171.00,83.00,299,1,1,1
103,95.00,856.00,180.00,56.00,270,1,1,1
103,116.00,876.00,174.00,74.00,351,1,1,1
103,178.00,1326.00,180.00,97.00,336,1,1,1
103,197.00,1205.00,170.00,121.00,449,1,1,1
103,199.00,1520.00,181.00,111.00,346,1,1,1
103,354.00,1721.00,182.00,130.00,363,1,1,1
103,560.00,1634.00,178.00,136.00,395,1,1,1
103,564.00,1404.00,177.00,115.00,380,1,1,1
103,593.00,1111.00,180.00,74.00,296,1,1,1
103,1021.00,1479.00,185.00,89.00,284,1,1,1
103,1109.00,7.00,168.00,99.00,323,1,1,1
104,81.00,900.00,172.00,82.00,380,1,1,1
104,87.00,-94.00,164.00,117.00,361,1,1,1
104,92.00,820.00,178.00,59.00,293,1,1,1
104,93.00,99.00,167.00,100.00,345,1,1,1
104,94.00,185.00,171.00,82.00,301,1,1,1
104,95.00,814.00,179.00,56.00,277,1,1,1
104,116.00,897.00,174.00,76.00,354,1,1,1
104,178.00,1321.00,179.00,98.00,343,1,1,1
104,197.00,1223.00,170.00,124.00,453,1,1,1
104,199.00,1525.00,181.00,111.00,343,1,1,1
104,354.00,1714.00,181.00,131.00,367,1,1,1
104,560.00,1626.00,179.00,134.00,390,1,1,1
104,564.00,1404.00,177.00,115.00,380,1,1,1
104,593.00,1156.00,181.00,75.00,292,1,1,1
104,1021.00,1535.00,185.00,95.00,292,1,1,1
104,1109.00,-5.00,168.00,99.00,320,1,1,1
105,81.00,921.00,172.00,84.00,381,1,1,1
105,87.00,-62.00,165.00,114.00,357,1,1,1
105,92.00,792.00,177.00,60.00,300,1,1,1
105,93.00,92.00,168.00,99.00,340,1,1,1
105,94.00,178.00,171.00,82.00,300,1,1,1
105,95.00,761.00,178.00,57.00,285,1,1,1
105,116.00,898.00,174.00,77.00,355,1,1,1
105,178.00,1334.00,180.00,98.00,338,1,1,1
105,197.00,1218.00,170.00,123.00,450,1,1,1
105,199.00,1527.00,181.00,110.00,342,1,1,1
105,354.00,1719.00,181.00,130.00,367,1,1,1
105,560.00,1619.00,178.00,133.00,393,1,1,1
105,564.00,1401.00,177.00,116.00,381,1,1,1
105,593.00,1204.00,182.00,77.00,289,1,1,1
105,1021.00,1528.00,184.00,94.00,295,1,1,1
105,1109.00,-8.00,168.00,98.00,319,1,1,1
106,81.00,917.00,172.00,84.00,382,1,1,1
106,87.00,-75.00,165.00,114.00,356,1,1,1
106,92.00,750.00,176.00,61.00,308,1,1,1
106,93.00,107.00,168.00,99.00,342,1,1,1
106,94.00,165.00,171.00,83.00,300,1,1,1
106,95.00,685.00,176.00,58.00,294,1,1,1
106,116.00,896.00,174.00,76.00,353,1,1,1
106,178.00,1330.00,179.00,98.00,341,1,1,1
106,197.00,1218.00,170.00,123.00,450,1,1,1
106,199.00,1519.00,181.00,110.00,342,1,1,1
106,354.00,1727.00,181.00,131.00,366,1,1,1
106,560.00,1622.00,178.00,135.00,398,1,1,1
106,564.00,1395.00,178.00,112.00,372,1,1,1
106,593.00,1246.00,183.00,77.00,281,1,1,1
106,1021.00,1514.00,184.00,94.00,297,1,1,1
106,1109.00,-26.00,168.00,100.00,321,1,1,1
107,81.00,914.00,172.00,84.00,384,1,1,1
107,87.00,-47.00,165.00,112.00,355,1,1,1
107,92.00,687.00,174.00,64.00,324,1,1,1
107,93.00,99.00,168.00,98.00,338,1,1,1
107,94.00,188.00,171.00,82.00,299,1,1,1
107,95.00,625.00,175.00,60.00,302,1,1,1
107,116.00,873.00,174.00,75.00,354,1,1,1
107,178.00,1330.00,179.00,98.00,341,1,1,1
107,197.00,1214.00,171.00,122.00,446,1,1,1
107,199.00,1512.00,181.00,109.00,341,1,1,1
107,354.00,1713.00,182.00,128.00,360,1,1,1
107,560.00,1625.00,179.00,133.00,391,1,1,1
107,564.00,1395.00,178.00,112.00,372,1,1,1
107,593.00,1292.00,183.00,78.00,280,1,1,1
107,1019.00,1262.00,186.00,64.00,234,1,1,1
107,1021.00,1488.00,184.00,92.00,295,1,1,1
107,1109.00,-40.00,168.00,100.00,316,1,1,1
108,81.00,913.00,172.00,84.00,383,1,1,1
108,87.00,-62.00,165.00,113.00,355,1,1,1
108,92.00,634.00,173.00,66.00,332,1,1,1
108,93.00,98.00,168.00,98.00,339,1,1,1
108,94.00,182.00,171.00,82.00,300,1,1,1
108,95.00,564.00,174.00,64.00,316,1,1,1
108,116.00,874.00,174.00,75.00,355,1,1,1
108,178.00,1321.00,179.00,98.00,341,1,1,1
108,197.00,1220.00,171.00,122.00,446,1,1,1
108,199.00,1522.00,181.00,111.00,345,1,1,1
108,354.00,1695.00,182.00,123.00,350,1,1,1
108,560.00,1612.00,178.00,134.00,395,1,1,1
108,564.00,1397.00,177.00,113.00,377,1,1,1
108,593.00,1323.00,184.00,79.00,279,1,1,1
108,1019.00,1281.00,186.00,65.00,238,1,1,1
108,1021.00,1463.00,184.00,91.00,292,1,1,1
108,1109.00,-39.00,168.00,101.00,320,1,1,1
109,81.00,923.00,172.00,84.00,383,1,1,1
109,87.00,-44.00,166.00,110.00,347,1,1,1
109,92.00,612.00,172.00,68.00,343,1,1,1
109,93.00,93.00,168.00,99.00,339,1,1,1
109,94.00,182.00,171.00,82.00,300,1,1,1
109,95.00,488.00,172.00,70.00,328,1,1,1
109,116.00,873.00,174.00,74.00,353,1,1,1
109,178.00,1323.00,179.00,99.00,342,1,1,1
109,197.00,1203.00,170.00,121.00,447,1,1,1
109,199.00,1518.00,181.00,111.00,345,1,1,1
109,354.00,1700.00,182.00,123.00,350,1,1,1
109,560.00,1608.00,179.00,132.00,390,1,1,1
109,564.00,1390.00,177.00,113.00,378,1,1,1
109,593.00,1364.00,184.00,81.00,277,1,1,1
109,1019.00,1309.00,186.00,69.00,243,1,1,1
109,1021.00,1458.00,184.00,91.00,293,1,1,1
109,1109.00,-62.00,168.00,101.00,318,1,1,1
109,1174.00,1424.00,188.00,68.00,224,1,1,1
110,81.00,913.00,172.00,84.00,383,1,1,1
110,87.00,-44.00,166.00,109.00,345,1,1,1
110,92.00,562.00,170.00,73.00,362,1,1,1
110,93.00,96.00,168.00,98.00,340,1,1,1
110,94.00,179.00,171.00,82.00,299,1,1,1
110,95.00,459.00,171.00,75.00,344,1,1,1
110,116.00,875.00,174.00,75.00,355,1,1,1
110,178.00,1325.00,179.00,99.00,343,1,1,1
110,197.00,1207.00,170.00,122.00,450,1,1,1
110,199.00,1515.00,181.00,111.00,344,1,1,1
110,354.00,1700.00,182.00,123.00,350,1,1,1
110,560.00,1629.00,178.00,136.00,395,1,1,1
110,564.00,1390.00,177.00,113.00,378,1,1,1
110,593.00,1417.00,185.00,83.00,275,1,1,1
110,1019.00,1343.00,186.00,71.00,246,1,1,1
110,1021.00,1444.00,184.00,91.00,296,1,1,1
110,1109.00,-39.00,168.00,101.00,320,1,1,1
110,1174.00,1496.00,189.00,71.00,226,1,1,1
111,81.00,926.00,173.00,84.00,380,1,1,1
111,87.00,-51.00,166.00,109.00,346,1,1,1
111,92.00,556.00,169.00,77.00,381,1,1,1
111,93.00,98.00,168.00,98.00,339,1,1,1
111,94.00,185.00,171.00,81.00,298,1,1,1
111,95.00,394.00,168.00,86.00,374,1,1,1
111,116.00,878.00,174.00,75.00,353,1,1,1
111,178.00,1325.00,179.00,99.00,343,1,1,1
111,197.00,1211.00,170.00,124.00,454,1,1,1
111,199.00,1515.00,181.00,111.00,344,1,1,1
111,354.00,1735.00,182.00,130.00,362,1,1,1
111,560.00,1619.00,178.00,133.00,393,1,1,1
111,564.00,1385.00,177.00,114.00,378,1,1,1
111,593.00,1456.00,185.00,85.00,275,1,1,1
111,1019.00,1370.00,186.00,74.00,252,1,1,1
111,1021.00,1442.00,183.00,92.00,298,1,1,1
111,1109.00,-26.00,168.00,99.00,319,1,1,1
111,1174.00,1540.00,189.00,73.00,228,1,1,1
112,81.00,938.00,173.00,85.00,381,1,1,1
112,87.00,-67.00,166.00,110.00,344,1,1,1
112,92.00,595.00,167.00,82.00,408,1,1,1
112,93.00,90.00,168.00,100.00,341,1,1,1
112,94.00,173.00,171.00,82.00,297,1,1,1
112,95.00,414.00,166.00,91.00,401,1,1,1
112,116.00,876.00,174.00,74.00,351,1,1,1
112,178.00,1325.00,179.00,99.00,343,1,1,1
112,197.00,1211.00,170.00,124.00,454,1,1,1
112,199.00,1515.00,181.00,111.00,344,1,1,1
112,354.00,1757.00,182.00,134.00,369,1,1,1
112,560.00,1644.00,179.00,135.00,394,1,1,1
112,564.00,1397.00,177.00,114.00,379,1,1,1
112,593.00,1491.00,185.00,88.00,279,1,1,1
112,1019.00,1384.00,186.00,76.00,259,1,1,1
112,1021.00,1443.00,183.00,91.00,299,1,1,1
112,1109.00,-51.00,168.00,101.00,319,1,1,1
112,1174.00,1588.00,189.00,75.00,231,1,1,1
112,1175.00,1406.00,188.00,69.00,229,1,1,1
113,81.00,918.00,172.00,84.00,383,1,1,1
113,87.00,-30.00,166.00,107.00,343,1,1,1
113,92.00,693.00,167.00,86.00,431,1,1,1
113,93.00,90.00,168.00,100.00,341,1,1,1
113,94.00,172.00,171.00,82.00,298,1,1,1
113,95.00,444.00,164.00,95.00,434,1,1,1
113,116.00,874.00,174.00,75.00,355,1,1,1
113,178.00,1325.00,179.00,99.00,343,1,1,1
113,197.00,1207.00,170.00,122.00,450,1,1,1
113,199.00,1519.00,181.00,111.00,344,1,1,1
113,354.00,1739.00,182.00,132.00,366,1,1,1
113,560.00,1623.00,179.00,133.00,389,1,1,1
113,564.00,1397.00,177.00,114.00,379,1,1,1
113,593.00,1547.00,185.00,91.00,283,1,1,1
113,1019.00,1423.00,185.00,80.00,266,1,1,1
113,1021.00,1424.00,183.00,91.00,298,1,1,1
113,1109.00,-21.00,168.00,99.00,319,1,1,1
113,1174.00,1627.00,190.00,78.00,231,1,1,1
113,1175.00,1453.00,188.00,72.00,234,1,1,1
114,81.00,933.00,172.00,85.00,383,1,1,1
114,84.00,1663.00,133.00,370.00,991,1,1,1
114,87.00,-39.00,166.00,108.00,345,1,1,1
114,92.00,799.00,166.00,91.00,450,1,1,1
114,93.00,85.00,168.00,99.00,338,1,1,1
114,94.00,139.00,171.00,84.00,300,1,1,1
114,95.00,550.00,163.00,95.00,466,1,1,1
114,116.00,872.00,174.00,74.00,352,1,1,1
114,178.00,1323.00,179.00,99.00,342,1,1,1
114,197.00,1201.00,170.00,122.00,451,1,1,1
114,199.00,1534.00,181.00,112.00,344,1,1,1
114,354.00,1704.00,181.00,129.00,365,1,1,1
114,560.00,1631.00,179.00,135.00,393,1,1,1
114,564.00,1397.00,178.00,113.00,373,1,1,1
114,593.00,1606.00,186.00,96.00,287,1,1,1
114,1019.00,1463.00,186.00,84.00,270,1,1,1
114,1021.00,1422.00,183.00,90.00,297,1,1,1
114,1101.00,176.00,174.00,74.00,265,1,1,1
114,1109.00,-21.00,168.00,100.00,321,1,1,1
114,1121.00,-297.00,89.00,434.00,1260,1,1,1
114,1169.00,58.00,119.00,275.00,964,1,1,1
114,1174.00,1670.00,190.00,80.00,234,1,1,1
114,1175.00,1493.00,188.00,75.00,237,1,1,1
115,81.00,925.00,173.00,84.00,378,1,1,1
115,84.00,1361.00,125.00,333.00,1042,1,1,1
115,87.00,-23.00,166.00,107.00,344,1,1,1
115,92.00,939.00,166.00,108.00,474,1,1,1
115,93.00,105.00,168.00,97.00,338,1,1,1
115,94.00,161.00,171.00,83.00,299,1,1,1
115,95.00,682.00,161.00,100.00,499,1,1,1
115,116.00,873.00,174.00,75.00,354,1,1,1
115,178.00,1332.00,179.00,98.00,340,1,1,1
115,197.00,1186.00,170.00,120.00,448,1,1,1
115,199.00,1534.00,181.00,112.00,344,1,1,1
115,354.00,1699.00,181.00,127.00,362,1,1,1
115,560.00,1633.00,179.00,134.00,392,1,1,1
115,564.00,1385.00,178.00,112.00,373,1,1,1
115,593.00,1645.00,186.00,99.00,291,1,1,1
115,1019.00,1518.00,186.00,89.00,277,1,1,1
115,1021.00,1407.00,184.00,88.00,290,1,1,1
115,1035.00,571.00,178.00,51.00,255,1,1,1
115,1036.00,79.00,173.00,77.00,263,1,1,1
115,1101.00,81.00,172.00,82.00,278,1,1,1
115,1109.00,-42.00,168.00,101.00,322,1,1,1
115,1121.00,65.00,98.00,334.00,1198,1,1,1
115,1169.00,407.00,127.00,199.00,900,1,1,1
115,1174.00,1727.00,190.00,83.00,237,1,1,1
115,1175.00,1529.00,188.00,77.00,241,1,1,1
116,81.00,933.00,172.00,85.00,383,1,1,1
116,84.00,1115.00,108.00,337.00,1204,1,1,1
116,87.00,-27.00,166.00,108.00,344,1,1,1
116,92.00,1085.00,166.00,124.00,492,1,1,1
116,93.00,128.00,168.00,95.00,336,1,1,1
116,94.00,195.00,171.00,82.00,300,1,1,1
116,95.00,870.00,161.00,113.00,525,1,1,1
116,116.00,862.00,174.00,74.00,357,1,1,1
116,178.00,1329.00,179.00,99.00,345,1,1,1
116,197.00,1199.00,170.00,122.00,449,1,1,1
116,199.00,1527.00,181.00,110.00,342,1,1,1
116,354.00,1687.00,182.00,125.00,357,1,1,1
116,593.00,1720.00,186.00,106.00,301,1,1,1
116,1019.00,1548.00,185.00,92.00,286,1,1,1
116,1021.00,1349.00,183.00,83.00,285,1,1,1
116,1035.00,559.00,177.00,54.00,267,1,1,1
116,1036.00,-25.00,171.00,86.00,275,1,1,1
116,1101.00,1.00,171.00,89.00,287,1,1,1
116,1109.00,-36.00,168.00,102.00,323,1,1,1
116,1121.00,606.00,115.00,216.00,1062,1,1,1
116,1169.00,743.00,135.00,175.00,840,1,1,1
116,1174.00,1752.00,190.00,86.00,240,1,1,1
116,1175.00,1616.00,189.00,81.00,243,1,1,1
117,81.00,918.00,172.00,84.00,383,1,1,1
117,84.00,679.00,79.00,320.00,1460,1,1,1
117,87.00,-34.00,166.00,108.00,345,1,1,1
117,92.00,1249.00,167.00,142.00,506,1,1,1
117,93.00,103.00,168.00,98.00,339,1,1,1
117,94.00,175.00,171.00,83.00,301,1,1,1
117,95.00,1083.00,162.00,139.00,549,1,1,1
117,116.00,875.00,174.00,75.00,355,1,1,1
117,178.00,1328.00,179.00,98.00,340,1,1,1
117,197.00,1204.00,170.00,122.00,452,1,1,1
117,199.00,1530.00,181.00,112.00,344,1,1,1
117,354.00,1709.00,182.00,127.00,360,1,1,1
117,560.00,1598.00,178.00,132.00,392,1,1,1
117,564.00,1397.00,178.00,112.00,371,1,1,1
117,593.00,1802.00,186.00,113.00,308,1,1,1
117,1019.00,1606.00,185.00,99.00,295,1,1,1
117,1021.00,1304.00,184.00,77.00,274,1,1,1
117,1035.00,578.00,176.00,56.00,281,1,1,1
117,1039.00,1434.00,188.00,69.00,227,1,1,1
117,1101.00,-92.00,169.00,97.00,297,1,1,1
117,1109.00,-50.00,167.00,103.00,326,1,1,1
117,1121.00,914.00,126.00,227.00,969,1,1,1
117,1169.00,967.00,140.00,193.00,807,1,1,1
117,1174.00,1809.00,191.00,89.00,242,1,1,1
117,1175.00,1664.00,189.00,84.00,246,1,1,1
117,1178.00,640.00,179.00,50.00,247,1,1,1
118,81.00,915.00,172.00,83.00,380,1,1,1
118,84.00,342.00,57.00,381.00,1640,1,1,1
118,87.00,-42.00,166.00,109.00,346,1,1,1
118,92.00,1438.00,168.00,161.00,513,1,1,1
118,93.00,103.00,168.00,98.00,339,1,1,1
118,94.00,158.00,171.00,84.00,301,1,1,1
118,95.00,1292.00,162.00,167.00,575,1,1,1
118,178.00,1329.00,179.00,99.00,343,1,1,1
118,197.00,1203.00,170.00,121.00,447,1,1,1
118,199.00,1530.00,181.00,112.00,344,1,1,1
118,354.00,1687.00,181.00,127.00,361,1,1,1
118,560.00,1629.00,178.00,136.00,395,1,1,1
118,564.00,1385.00,178.00,111.00,371,1,1,1
118,593.00,1839.00,186.00,120.00,319,1,1,1
118,1019.00,1661.00,185.00,106.00,307,1,1,1
118,1021.00,1255.00,184.00,74.00,269,1,1,1
118,1035.00,544.00,175.00,61.00,298,1,1,1
118,1039.00,1561.00,189.00,75.00,231,1,1,1
118,1109.00,-59.00,167.00,105.00,328,1,1,1
118,1121.00,1171.00,132.00,260.00,930,1,1,1
118,1124.00,878.00,174.00,75.00,353,1,1,1
118,1169.00,1140.00,143.00,215.00,794,1,1,1
118,1174.00,1870.00,191.00,93.00,245,1,1,1
118,1175.00,1759.00,190.00,89.00,247,1,1,1
118,1178.00,643.00,178.00,52.00,260,1,1,1
119,81.00,921.00,172.00,84.00,381,1,1,1
119,87.00,-18.00,166.00,107.00,344,1,1,1
119,92.00,1640.00,170.00,181.00,517,1,1,1
119,93.00,112.00,168.00,98.00,339,1,1,1
119,94.00,176.00,171.00,82.00,298,1,1,1
119,95.00,1564.00,163.00,201.00,595,1,1,1
119,116.00,875.00,174.00,75.00,355,1,1,1
119,178.00,1319.00,179.00,98.00,342,1,1,1
119,197.00,1204.00,170.00,122.00,452,1,1,1
119,354.00,1687.00,181.00,127.00,361,1,1,1
119,560.00,1628.00,179.00,134.00,392,1,1,1
119,564.00,1399.00,178.00,113.00,372,1,1,1
119,593.00,1916.00,186.00,129.00,330,1,1,1
119,1019.00,1727.00,185.00,114.00,319,1,1,1
119,1021.00,1209.00,183.00,70.00,265,1,1,1
119,1035.00,555.00,174.00,64.00,315,1,1,1
119,1039.00,1669.00,190.00,80.00,233,1,1,1
119,1048.00,1555.00,190.00,71.00,219,1,1,1
119,1109.00,-50.00,167.00,103.00,326,1,1,1
119,1121.00,1392.00,136.00,294.00,916,1,1,1
119,1169.00,1388.00,148.00,242.00,768,1,1,1
119,1174.00,1898.00,191.00,94.00,245,1,1,1
119,1175.00,1831.00,190.00,93.00,252,1,1,1
119,1178.00,627.00,177.00,55.00,272,1,1,1
120,81.00,917.00,172.00,84.00,382,1,1,1
120,87.00,-30.00,166.00,107.00,343,1,1,1
120,92.00,1819.00,172.00,197.00,516,1,1,1
120,93.00,123.00,168.00,96.00,339,1,1,1
120,94.00,180.00,171.00,83.00,301,1,1,1
120,95.00,1806.00,165.00,229.00,601,1,1,1
120,116.00,878.00,174.00,76.00,359,1,1,1
120,178.00,1323.00,179.00,99.00,342,1,1,1
120,197.00,1201.00,170.00,122.00,451,1,1,1
120,199.00,1531.00,181.00,114.00,351,1,1,1
120,354.00,1699.00,181.00,127.00,362,1,1,1
120,560.00,1634.00,178.00,136.00,395,1,1,1
120,564.00,1395.00,178.00,112.00,372,1,1,1
120,1019.00,1751.00,184.00,118.00,329,1,1,1
120,1021.00,1182.00,183.00,68.00,262,1,1,1
120,1035.00,534.00,172.00,70.00,339,1,1,1
120,1039.00,1745.00,191.00,84.00,235,1,1,1
120,1048.00,1675.00,191.00,77.00,224,1,1,1
120,1057.00,1725.00,192.00,75.00,214,1,1,1
120,1109.00,-59.00,167.00,104.00,326,1,1,1
120,1121.00,1678.00,140.00,336.00,903,1,1,1
120,1169.00,1583.00,151.00,263.00,753,1,1,1
120,1178.00,618.00,176.00,57.00,287,1,1,1
121,81.00,909.00,172.00,83.00,379,1,1,1
121,87.00,-37.00,166.00,107.00,342,1,1,1
121,93.00,94.00,168.00,99.00,341,1,1,1
121,94.00,169.00,171.00,84.00,303,1,1,1
121,116.00,845.00,174.00,74.00,354,1,1,1
121,178.00,1323.00,179.00,99.00,342,1,1,1
121,197.00,1204.00,170.00,122.00,452,1,1,1
121,199.00,1535.00,181.00,112.00,346,1,1,1
121,354.00,1689.00,182.00,126.00,359,1,1,1
121,560.00,1619.00,178.00,133.00,393,1,1,1
121,564.00,1390.00,178.00,112.00,373,1,1,1
121,1019.00,1796.00,184.00,126.00,341,1,1,1
121,1021.00,1144.00,183.00,66.00,259,1,1,1
121,1035.00,509.00,170.00,76.00,364,1,1,1
121,1039.00,1834.00,192.00,87.00,234,1,1,1
121,1048.00,1761.00,191.00,81.00,226,1,1,1
121,1057.00,1815.00,193.00,80.00,216,1,1,1
121,1109.00,-37.00,167.00,102.00,327,1,1,1
121,1169.00,1830.00,155.00,287.00,733,1,1,1
121,1178.00,587.00,175.00,60.00,303,1,1,1
121,1192.00,151.00,174.00,74.00,262,1,1,1
122,81.00,912.00,172.00,83.00,382,1,1,1
122,87.00,-48.00,166.00,108.00,342,1,1,1
122,93.00,98.00,168.00,99.00,342,1,1,1
122,94.00,182.00,171.00,82.00,300,1,1,1
122,116.00,836.00,173.00,73.00,356,1,1,1
122,178.00,1323.00,179.00,99.00,342,1,1,1
122,197.00,1204.00,170.00,122.00,452,1,1,1
122,199.00,1521.00,181.00,112.00,348,1,1,1
122,354.00,1699.00,181.00,127.00,362,1,1,1
122,560.00,1616.00,179.00,133.00,391,1,1,1
122,1019.00,1836.00,184.00,132.00,350,1,1,1
122,1021.00,1134.00,183.00,66.00,257,1,1,1
122,1035.00,497.00,167.00,83.00,396,1,1,1
122,1039.00,1910.00,192.00,89.00,233,1,1,1
122,1048.00,1830.00,192.00,83.00,226,1,1,1
122,1057.00,1878.00,193.00,81.00,215,1,1,1
122,1063.00,-7.00,172.00,82.00,266,1,1,1
122,1109.00,-27.00,168.00,101.00,323,1,1,1
122,1178.00,559.00,173.00,66.00,326,1,1,1
122,1192.00,19.00,172.00,84.00,273,1,1,1
123,81.00,925.00,173.00,84.00,378,1,1,1
123,87.00,-46.00,166.00,108.00,343,1,1,1
123,93.00,85.00,167.00,100.00,342,1,1,1
123,94.00,167.00,171.00,84.00,301,1,1,1
123,116.00,859.00,174.00,74.00,354,1,1,1
123,178.00,1323.00,179.00,99.00,342,1,1,1
123,197.00,1204.00,170.00,122.00,452,1,1,1
123,199.00,1518.00,181.00,111.00,345,1,1,1
123,354.00,1686.00,181.00,129.00,366,1,1,1
123,560.00,1623.00,179.00,134.00,392,1,1,1
123,564.00,1419.00,178.00,113.00,368,1,1,1
123,1019.00,1897.00,183.00,141.00,362,1,1,1
123,1021.00,1127.00,183.00,65.00,259,1,1,1
123,1035.00,465.00,165.00,92.00,427,1,1,1
123,1048.00,1910.00,193.00,86.00,225,1,1,1
123,1109.00,-76.00,167.00,105.00,327,1,1,1
123,1178.00,563.00,171.00,70.00,348,1,1,1
123,1192.00,-82.00,170.00,92.00,285,1,1,1
124,81.00,915.00,172.00,83.00,380,1,1,1
124,87.00,-62.00,166.00,111.00,349,1,1,1
124,93.00,118.00,168.00,98.00,342,1,1,1
124,94.00,198.00,171.00,81.00,301,1,1,1
124,116.00,892.00,174.00,75.00,353,1,1,1
124,178.00,1324.00,179.00,97.00,338,1,1,1
124,197.00,1211.00,170.00,124.00,454,1,1,1
124,199.00,1516.00,181.00,111.00,346,1,1,1
124,354.00,1696.00,182.00,127.00,360,1,1,1
124,560.00,1626.00,178.00,135.00,394,1,1,1
124,564.00,1394.00,178.00,114.00,375,1,1,1
124,1021.00,1122.00,183.00,66.00,260,1,1,1
124,1035.00,461.00,162.00,100.00,465,1,1,1
124,1109.00,-78.00,167.00,107.00,330,1,1,1
124,1132.00,-64.00,171.00,89.00,277,1,1,1
124,1178.00,578.00,170.00,74.00,371,1,1,1
124,1199.00,1106.00,184.00,58.00,237,1,1,1
125,81.00,915.00,172.00,83.00,380,1,1,1
125,87.00,-57.00,166.00,110.00,346,1,1,1
125,93.00,118.00,168.00,98.00,342,1,1,1
125,94.00,189.00,171.00,82.00,301,1,1,1
125,116.00,892.00,174.00,75.00,353,1,1,1
125,178.00,1324.00,179.00,97.00,338,1,1,1
125,197.00,1211.00,170.00,124.00,454,1,1,1
125,199.00,1524.00,181.00,110.00,344,1,1,1
125,354.00,1696.00,182.00,127.00,360,1,1,1
125,560.00,1626.00,178.00,135.00,394,1,1,1
125,564.00,1394.00,178.00,114.00,375,1,1,1
125,1021.00,1139.00,183.00,66.00,259,1,1,1
125,1035.00,441.00,158.00,112.00,513,1,1,1
125,1178.00,595.00,167.00,81.00,407,1,1,1
125,1199.00,1127.00,184.00,62.00,246,1,1,1
126,81.00,915.00,172.00,83.00,380,1,1,1
126,87.00,-53.00,166.00,109.00,344,1,1,1
126,93.00,118.00,168.00,98.00,342,1,1,1
126,94.00,189.00,171.00,82.00,301,1,1,1
126,116.00,892.00,174.00,75.00,353,1,1,1
126,178.00,1324.00,179.00,97.00,338,1,1,1
126,197.00,1211.00,170.00,124.00,454,1,1,1
126,199.00,1524.00,181.00,110.00,344,1,1,1
126,354.00,1696.00,182.00,127.00,360,1,1,1
126,560.00,1629.00,178.00,136.00,395,1,1,1
126,564.00,1394.00,178.00,114.00,375,1,1,1
126,1021.00,1168.00,183.00,67.00,261,1,1,1
126,1035.00,434.00,154.00,124.00,565,1,1,1
126,1109.00,-61.00,167.00,104.00,324,1,1,1
126,1178.00,602.00,165.00,88.00,438,1,1,1
126,1199.00,1196.00,184.00,66.00,252,1,1,1
127,81.00,915.00,172.00,83.00,380,1,1,1
127,87.00,-53.00,166.00,109.00,344,1,1,1
127,93.00,112.00,168.00,99.00,342,1,1,1
127,94.00,178.00,171.00,83.00,303,1,1,1
127,116.00,892.00,174.00,75.00,353,1,1,1
127,178.00,1324.00,179.00,97.00,338,1,1,1
127,197.00,1211.00,170.00,124.00,454,1,1,1
127,199.00,1524.00,181.00,110.00,344,1,1,1
127,354.00,1696.00,182.00,127.00,360,1,1,1
127,560.00,1619.00,179.00,132.00,389,1,1,1
127,564.00,1394.00,178.00,114.00,375,1,1,1
127,1021.00,1228.00,184.00,71.00,262,1,1,1
127,1035.00,415.00,149.00,140.00,633,1,1,1
127,1109.00,-47.00,167.00,102.00,325,1,1,1
127,1178.00,604.00,163.00,95.00,473,1,1,1
127,1199.00,1233.00,184.00,69.00,257,1,1,1
128,81.00,921.00,172.00,84.00,381,1,1,1
128,87.00,-53.00,166.00,109.00,344,1,1,1
128,93.00,112.00,168.00,99.00,342,1,1,1
128,94.00,178.00,171.00,83.00,303,1,1,1
128,116.00,898.00,174.00,77.00,355,1,1,1
128,178.00,1324.00,179.00,97.00,338,1,1,1
128,197.00,1211.00,170.00,124.00,454,1,1,1
128,199.00,1524.00,181.00,110.00,344,1,1,1
128,354.00,1696.00,182.00,127.00,360,1,1,1
128,560.00,1614.00,179.00,132.00,389,1,1,1
128,564.00,1394.00,178.00,114.00,375,1,1,1
128,1021.00,1298.00,184.00,76.00,271,1,1,1
128,1035.00,368.00,142.00,165.00,719,1,1,1
128,1109.00,-69.00,167.00,104.00,326,1,1,1
128,1178.00,606.00,159.00,104.00,518,1,1,1
128,1199.00,1307.00,185.00,73.00,260,1,1,1
129,81.00,921.00,172.00,84.00,381,1,1,1
129,87.00,-53.00,166.00,109.00,344,1,1,1
129,93.00,112.00,168.00,99.00,342,1,1,1
129,94.00,178.00,171.00,83.00,303,1,1,1
129,116.00,898.00,174.00,77.00,355,1,1,1
129,178.00,1324.00,179.00,97.00,338,1,1,1
129,197.00,1211.00,170.00,124.00,454,1,1,1
129,199.00,1524.00,181.00,110.00,344,1,1,1
129,354.00,1696.00,182.00,127.00,360,1,1,1
129,560.00,1615.00,178.00,135.00,396,1,1,1
129,564.00,1394.00,178.00,114.00,375,1,1,1
129,1021.00,1386.00,184.00,83.00,279,1,1,1
129,1035.00,330.00,132.00,196.00,834,1,1,1
129,1109.00,-11.00,168.00,100.00,322,1,1,1
129,1178.00,649.00,156.00,115.00,569,1,1,1
129,1195.00,66.00,172.00,80.00,270,1,1,1
129,1199.00,1400.00,185.00,79.00,265,1,1,1
130,81.00,921.00,172.00,84.00,381,1,1,1
130,87.00,-53.00,166.00,109.00,344,1,1,1
130,93.00,112.00,168.00,99.00,342,1,1,1
130,94.00,178.00,171.00,83.00,303,1,1,1
130,116.00,898.00,174.00,77.00,355,1,1,1
130,178.00,1324.00,179.00,97.00,338,1,1,1
130,197.00,1211.00,170.00,124.00,454,1,1,1
130,199.00,1524.00,181.00,110.00,344,1,1,1
130,354.00,1696.00,182.00,127.00,360,1,1,1
130,564.00,1394.00,178.00,114.00,375,1,1,1
130,1021.00,1495.00,185.00,90.00,284,1,1,1
130,1035.00,184.00,118.00,257.00,986,1,1,1
130,1109.00,-37.00,168.00,101.00,322,1,1,1
130,1178.00,652.00,149.00,133.00,661,1,1,1
130,1195.00,-37.00,171.00,88.00,279,1,1,1
130,1199.00,1500.00,186.00,86.00,274,1,1,1
131,81.00,921.00,172.00,84.00,381,1,1,1
131,87.00,-58.00,166.00,110.00,347,1,1,1
131,93.00,112.00,168.00,99.00,342,1,1,1
131,94.00,178.00,171.00,83.00,303,1,1,1
131,116.00,902.00,174.00,76.00,354,1,1,1
131,178.00,1324.00,179.00,97.00,338,1,1,1
131,197.00,1211.00,170.00,124.00,454,1,1,1
131,199.00,1524.00,181.00,110.00,344,1,1,1
131,354.00,1696.00,182.00,127.00,360,1,1,1
131,560.00,1636.00,179.00,135.00,393,1,1,1
131,564.00,1394.00,178.00,114.00,375,1,1,1
131,1021.00,1637.00,186.00,98.00,290,1,1,1
131,1035.00,91.00,99.00,325.00,1185,1,1,1
131,1109.00,-24.00,168.00,100.00,322,1,1,1
131,1178.00,641.00,141.00,152.00,756,1,1,1
131,1199.00,1637.00,187.00,93.00,276,1,1,1
132,81.00,921.00,172.00,84.00,381,1,1,1
132,87.00,-32.00,166.00,109.00,346,1,1,1
132,93.00,112.00,168.00,99.00,342,1,1,1
132,94.00,178.00,171.00,83.00,303,1,1,1
132,116.00,893.00,174.00,76.00,354,1,1,1
132,178.00,1324.00,179.00,97.00,338,1,1,1
132,197.00,1211.00,170.00,124.00,454,1,1,1
132,199.00,1524.00,181.00,110.00,344,1,1,1
132,354.00,1696.00,182.00,127.00,360,1,1,1
132,560.00,1629.00,178.00,136.00,395,1,1,1
132,564.00,1394.00,178.00,114.00,375,1,1,1
132,1021.00,1767.00,187.00,108.00,297,1,1,1
132,1035.00,-228.00,76.00,460.00,1400,1,1,1
132,1109.00,-27.00,168.00,100.00,321,1,1,1
132,1178.00,601.00,131.00,178.00,876,1,1,1
132,1199.00,1740.00,188.00,99.00,278,1,1,1
133,81.00,921.00,172.00,84.00,381,1,1,1
133,87.00,-32.00,166.00,109.00,346,1,1,1
133,93.00,112.00,168.00,99.00,342,1,1,1
133,94.00,178.00,171.00,83.00,303,1,1,1
133,116.00,893.00,174.00,76.00,354,1,1,1
133,178.00,1324.00,179.00,97.00,338,1,1,1
133,197.00,1211.00,170.00,124.00,454,1,1,1
133,199.00,1524.00,181.00,110.00,344,1,1,1
133,354.00,1696.00,182.00,127.00,360,1,1,1
133,560.00,1612.00,178.00,135.00,399,1,1,1
133,564.00,1404.00,177.00,114.00,377,1,1,1
133,1021.00,1856.00,187.00,113.00,300,1,1,1
133,1109.00,-32.00,168.00,100.00,322,1,1,1
133,1178.00,510.00,118.00,216.00,1022,1,1,1
133,1199.00,1863.00,189.00,106.00,281,1,1,1