1,63.00,750.00,2.00,59.00,204,1,1,1
1,116.00,1306.00,-8.00,51.00,191,1,1,1
1,178.00,1441.00,-12.00,48.00,171,1,1,1
1,197.00,1608.00,-12.00,59.00,196,1,1,1
1,199.00,1498.00,-14.00,47.00,166,1,1,1
1,225.00,1348.00,-16.00,32.00,118,1,1,1
1,230.00,924.00,-1.00,50.00,191,1,1,1
1,239.00,426.00,53.00,206.00,601,1,1,1
1,240.00,664.00,31.00,137.00,449,1,1,1
1,242.00,1122.00,8.00,77.00,311,1,1,1
1,244.00,1391.00,-16.00,34.00,123,1,1,1
1,246.00,702.00,8.00,75.00,252,1,1,1
1,354.00,1574.00,-15.00,48.00,163,1,1,1
1,560.00,1615.00,-15.00,52.00,171,1,1,1
1,564.00,1522.00,-13.00,50.00,175,1,1,1
1,573.00,1476.00,-17.00,35.00,126,1,1,1
1,593.00,1311.00,-2.00,66.00,246,1,1,1
1,617.00,-59.00,57.00,241.00,568,1,1,1
1,618.00,996.00,-5.00,41.00,165,1,1,1
2,63.00,733.00,3.00,61.00,208,1,1,1
2,64.00,1231.00,-11.00,36.00,143,1,1,1
2,65.00,1225.00,-11.00,38.00,150,1,1,1
2,66.00,661.00,5.00,66.00,217,1,1,1
2,116.00,1311.00,-8.00,51.00,191,1,1,1
2,178.00,1439.00,-12.00,48.00,170,1,1,1
2,197.00,1608.00,-12.00,59.00,196,1,1,1
2,199.00,1498.00,-14.00,47.00,166,1,1,1
2,225.00,1348.00,-16.00,32.00,118,1,1,1
2,230.00,938.00,-2.00,48.00,184,1,1,1
2,239.00,336.00,63.00,242.00,676,1,1,1
2,240.00,583.00,38.00,159.00,499,1,1,1
2,242.00,1082.00,7.00,73.00,298,1,1,1
2,244.00,1423.00,-17.00,34.00,123,1,1,1
2,246.00,713.00,9.00,78.00,260,1,1,1
2,354.00,1574.00,-15.00,48.00,163,1,1,1
2,560.00,1615.00,-15.00,52.00,171,1,1,1
2,564.00,1523.00,-13.00,51.00,175,1,1,1
2,573.00,1474.00,-17.00,36.00,126,1,1,1
2,593.00,1261.00,-1.00,63.00,243,1,1,1
2,617.00,-72.00,57.00,242.00,569,1,1,1
2,618.00,994.00,-5.00,41.00,165,1,1,1
3,63.00,707.00,4.00,63.00,213,1,1,1
3,64.00,1256.00,-12.00,38.00,146,1,1,1
3,65.00,1263.00,-11.00,38.00,149,1,1,1
3,66.00,654.00,6.00,69.00,225,1,1,1
3,116.00,1311.00,-8.00,51.00,191,1,1,1
3,178.00,1439.00,-12.00,48.00,170,1,1,1
3,197.00,1608.00,-12.00,59.00,196,1,1,1
3,199.00,1502.00,-14.00,48.00,166,1,1,1
3,225.00,1348.00,-16.00,32.00,118,1,1,1
3,230.00,928.00,-2.00,47.00,178,1,1,1
3,239.00,213.00,81.00,307.00,810,1,1,1
3,240.00,469.00,47.00,188.00,559,1,1,1
3,242.00,1071.00,6.00,69.00,283,1,1,1
3,244.00,1462.00,-18.00,34.00,120,1,1,1
3,246.00,696.00,11.00,81.00,270,1,1,1
3,354.00,1572.00,-15.00,48.00,163,1,1,1
3,560.00,1617.00,-15.00,52.00,171,1,1,1
3,564.00,1523.00,-13.00,51.00,175,1,1,1
3,573.00,1476.00,-17.00,36.00,126,1,1,1
3,593.00,1225.00,-1.00,61.00,239,1,1,1
3,617.00,-37.00,58.00,244.00,579,1,1,1
3,618.00,994.00,-5.00,41.00,165,1,1,1
4,63.00,675.00,5.00,66.00,220,1,1,1
4,64.00,1278.00,-12.00,38.00,145,1,1,1
4,65.00,1286.00,-12.00,39.00,149,1,1,1
4,66.00,638.00,8.00,73.00,234,1,1,1
4,67.00,1267.00,-14.00,34.00,130,1,1,1
4,116.00,1311.00,-8.00,51.00,191,1,1,1
4,178.00,1439.00,-12.00,48.00,170,1,1,1
4,197.00,1608.00,-12.00,59.00,196,1,1,1
4,199.00,1502.00,-14.00,48.00,166,1,1,1
4,225.00,1348.00,-16.00,32.00,118,1,1,1
4,239.00,86.00,97.00,370.00,926,1,1,1
4,240.00,296.00,59.00,234.00,639,1,1,1
4,242.00,1020.00,6.00,68.00,274,1,1,1
4,244.00,1507.00,-19.00,34.00,119,1,1,1
4,246.00,697.00,11.00,83.00,279,1,1,1
4,354.00,1572.00,-15.00,48.00,163,1,1,1
4,560.00,1617.00,-15.00,52.00,171,1,1,1
4,564.00,1523.00,-13.00,51.00,175,1,1,1
4,573.00,1476.00,-17.00,36.00,126,1,1,1
4,593.00,1205.00,-1.00,60.00,235,1,1,1
4,617.00,-130.00,64.00,269.00,618,1,1,1
4,618.00,994.00,-5.00,41.00,165,1,1,1
5,63.00,641.00,6.00,69.00,225,1,1,1
5,64.00,1310.00,-13.00,38.00,146,1,1,1
5,65.00,1316.00,-12.00,40.00,149,1,1,1
5,66.00,668.00,8.00,72.00,238,1,1,1
5,67.00,1315.00,-15.00,33.00,128,1,1,1
5,116.00,1309.00,-8.00,51.00,192,1,1,1
5,178.00,1439.00,-12.00,48.00,170,1,1,1
5,197.00,1608.00,-12.00,59.00,196,1,1,1
5,199.00,1509.00,-14.00,48.00,167,1,1,1
5,225.00,1348.00,-16.00,32.00,118,1,1,1
5,239.00,-202.00,129.00,514.00,1151,1,1,1
5,240.00,60.00,77.00,306.00,754,1,1,1
5,242.00,1020.00,4.00,64.00,265,1,1,1
5,244.00,1533.00,-19.00,34.00,117,1,1,1
5,246.00,698.00,13.00,87.00,290,1,1,1
5,354.00,1572.00,-15.00,48.00,163,1,1,1
5,560.00,1617.00,-15.00,52.00,171,1,1,1
5,564.00,1523.00,-13.00,51.00,175,1,1,1
5,573.00,1474.00,-17.00,36.00,126,1,1,1
5,593.00,1148.00,0.00,59.00,235,1,1,1
5,617.00,-223.00,70.00,299.00,661,1,1,1
5,618.00,994.00,-5.00,41.00,165,1,1,1
6,63.00,579.00,9.00,75.00,235,1,1,1
6,64.00,1352.00,-13.00,39.00,145,1,1,1
6,65.00,1349.00,-13.00,40.00,150,1,1,1
6,66.00,641.00,9.00,77.00,251,1,1,1
6,67.00,1353.00,-15.00,35.00,127,1,1,1
6,116.00,1304.00,-8.00,51.00,192,1,1,1
6,178.00,1439.00,-12.00,48.00,170,1,1,1
6,197.00,1597.00,-12.00,59.00,197,1,1,1
6,199.00,1509.00,-14.00,48.00,167,1,1,1
6,225.00,1348.00,-16.00,32.00,118,1,1,1
6,240.00,-192.00,96.00,392.00,881,1,1,1
6,242.00,1001.00,4.00,63.00,256,1,1,1
6,244.00,1565.00,-20.00,34.00,115,1,1,1
6,246.00,713.00,13.00,88.00,298,1,1,1
6,354.00,1572.00,-15.00,48.00,163,1,1,1
6,560.00,1617.00,-15.00,52.00,171,1,1,1
6,564.00,1523.00,-13.00,51.00,175,1,1,1
6,573.00,1474.00,-17.00,36.00,126,1,1,1
6,593.00,1115.00,0.00,58.00,235,1,1,1
6,617.00,-223.00,70.00,299.00,661,1,1,1
6,618.00,994.00,-5.00,41.00,165,1,1,1
7,63.00,531.00,11.00,81.00,246,1,1,1
7,64.00,1369.00,-14.00,39.00,145,1,1,1
7,65.00,1385.00,-13.00,41.00,149,1,1,1
7,66.00,630.00,11.00,81.00,261,1,1,1
7,67.00,1386.00,-16.00,34.00,127,1,1,1
7,68.00,1187.00,-10.00,36.00,146,1,1,1
7,116.00,1304.00,-8.00,51.00,192,1,1,1
7,178.00,1439.00,-12.00,48.00,170,1,1,1
7,197.00,1598.00,-12.00,60.00,199,1,1,1
7,199.00,1509.00,-14.00,48.00,167,1,1,1
7,225.00,1347.00,-16.00,31.00,118,1,1,1
7,242.00,986.00,3.00,62.00,248,1,1,1
7,244.00,1591.00,-21.00,34.00,114,1,1,1
7,246.00,727.00,14.00,90.00,308,1,1,1
7,354.00,1572.00,-15.00,48.00,163,1,1,1
7,560.00,1617.00,-15.00,52.00,171,1,1,1
7,564.00,1523.00,-13.00,51.00,175,1,1,1
7,573.00,1481.00,-18.00,36.00,127,1,1,1
7,593.00,1085.00,0.00,56.00,233,1,1,1
7,617.00,-226.00,72.00,304.00,674,1,1,1
7,618.00,997.00,-5.00,41.00,165,1,1,1
8,63.00,466.00,13.00,88.00,262,1,1,1
8,64.00,1404.00,-14.00,40.00,146,1,1,1
8,65.00,1421.00,-14.00,41.00,149,1,1,1
8,66.00,623.00,12.00,85.00,274,1,1,1
8,67.00,1423.00,-17.00,35.00,126,1,1,1
8,68.00,1236.00,-11.00,37.00,146,1,1,1
8,116.00,1307.00,-8.00,51.00,192,1,1,1
8,178.00,1439.00,-12.00,48.00,170,1,1,1
8,197.00,1592.00,-12.00,59.00,198,1,1,1
8,199.00,1511.00,-14.00,48.00,167,1,1,1
8,225.00,1347.00,-16.00,31.00,118,1,1,1
8,242.00,967.00,2.00,60.00,238,1,1,1
8,244.00,1619.00,-21.00,34.00,112,1,1,1
8,246.00,740.00,15.00,93.00,317,1,1,1
8,354.00,1572.00,-15.00,48.00,163,1,1,1
8,560.00,1612.00,-15.00,52.00,171,1,1,1
8,564.00,1523.00,-13.00,51.00,175,1,1,1
8,573.00,1492.00,-18.00,36.00,126,1,1,1
8,593.00,1071.00,1.00,58.00,241,1,1,1
8,618.00,997.00,-5.00,41.00,165,1,1,1
9,63.00,380.00,16.00,96.00,273,1,1,1
9,64.00,1445.00,-15.00,41.00,145,1,1,1
9,65.00,1464.00,-15.00,42.00,148,1,1,1
9,66.00,612.00,13.00,89.00,283,1,1,1
9,67.00,1448.00,-17.00,35.00,124,1,1,1
9,68.00,1275.00,-12.00,38.00,149,1,1,1
9,69.00,775.00,2.00,58.00,202,1,1,1
9,116.00,1307.00,-8.00,51.00,192,1,1,1
9,178.00,1439.00,-12.00,48.00,170,1,1,1
9,197.00,1600.00,-12.00,59.00,198,1,1,1
9,199.00,1511.00,-14.00,48.00,167,1,1,1
9,225.00,1348.00,-16.00,32.00,118,1,1,1
9,242.00,916.00,2.00,61.00,232,1,1,1
9,246.00,774.00,16.00,94.00,330,1,1,1
9,354.00,1572.00,-15.00,48.00,163,1,1,1
9,560.00,1610.00,-15.00,51.00,171,1,1,1
9,564.00,1525.00,-13.00,51.00,175,1,1,1
9,573.00,1501.00,-18.00,36.00,125,1,1,1
9,593.00,1030.00,2.00,60.00,247,1,1,1
9,618.00,997.00,-5.00,41.00,165,1,1,1
10,63.00,331.00,18.00,102.00,283,1,1,1
10,64.00,1451.00,-15.00,41.00,145,1,1,1
10,65.00,1487.00,-15.00,42.00,148,1,1,1
10,66.00,589.00,16.00,95.00,299,1,1,1
10,67.00,1466.00,-18.00,35.00,123,1,1,1
10,68.00,1311.00,-12.00,39.00,149,1,1,1
10,69.00,758.00,3.00,61.00,211,1,1,1
10,116.00,1304.00,-8.00,51.00,192,1,1,1
10,178.00,1439.00,-12.00,48.00,170,1,1,1
10,197.00,1589.00,-12.00,59.00,196,1,1,1
10,199.00,1511.00,-14.00,48.00,167,1,1,1
10,225.00,1350.00,-16.00,32.00,118,1,1,1
10,242.00,931.00,1.00,57.00,221,1,1,1
10,246.00,777.00,17.00,97.00,342,1,1,1
10,354.00,1572.00,-15.00,48.00,163,1,1,1
10,560.00,1610.00,-15.00,51.00,171,1,1,1
10,564.00,1525.00,-13.00,51.00,175,1,1,1
10,573.00,1514.00,-18.00,36.00,125,1,1,1
10,593.00,986.00,3.00,62.00,250,1,1,1
10,618.00,997.00,-5.00,41.00,165,1,1,1
11,63.00,284.00,20.00,109.00,295,1,1,1
11,64.00,1474.00,-15.00,42.00,146,1,1,1
11,65.00,1515.00,-16.00,43.00,149,1,1,1
11,66.00,537.00,18.00,103.00,316,1,1,1
11,67.00,1493.00,-18.00,35.00,121,1,1,1
11,68.00,1358.00,-13.00,40.00,150,1,1,1
11,69.00,768.00,4.00,64.00,221,1,1,1
11,116.00,1307.00,-8.00,51.00,192,1,1,1
11,178.00,1439.00,-12.00,48.00,170,1,1,1
11,197.00,1592.00,-12.00,58.00,197,1,1,1
11,199.00,1511.00,-14.00,48.00,167,1,1,1
11,225.00,1351.00,-16.00,32.00,118,1,1,1
11,242.00,923.00,1.00,57.00,216,1,1,1
11,246.00,797.00,18.00,100.00,353,1,1,1
11,354.00,1570.00,-15.00,47.00,162,1,1,1
11,560.00,1610.00,-15.00,51.00,171,1,1,1
11,564.00,1528.00,-13.00,51.00,175,1,1,1
11,573.00,1542.00,-19.00,36.00,123,1,1,1
11,593.00,948.00,5.00,66.00,255,1,1,1
11,618.00,997.00,-5.00,41.00,165,1,1,1
12,63.00,236.00,22.00,114.00,302,1,1,1
12,64.00,1497.00,-15.00,42.00,149,1,1,1
12,65.00,1526.00,-16.00,43.00,150,1,1,1
12,66.00,475.00,21.00,113.00,334,1,1,1
12,67.00,1518.00,-19.00,34.00,119,1,1,1
12,68.00,1393.00,-13.00,41.00,150,1,1,1
12,69.00,807.00,4.00,64.00,229,1,1,1
12,116.00,1307.00,-8.00,51.00,192,1,1,1
12,178.00,1439.00,-12.00,48.00,170,1,1,1
12,197.00,1592.00,-12.00,58.00,197,1,1,1
12,199.00,1511.00,-14.00,48.00,167,1,1,1
12,225.00,1351.00,-16.00,32.00,118,1,1,1
12,242.00,942.00,0.00,54.00,207,1,1,1
12,246.00,794.00,20.00,105.00,373,1,1,1
12,354.00,1568.00,-15.00,48.00,163,1,1,1
12,560.00,1610.00,-15.00,51.00,171,1,1,1
12,564.00,1528.00,-13.00,51.00,175,1,1,1
12,573.00,1547.00,-19.00,36.00,121,1,1,1
12,593.00,881.00,6.00,69.00,260,1,1,1
12,618.00,997.00,-5.00,41.00,165,1,1,1
13,63.00,208.00,23.00,116.00,304,1,1,1
13,64.00,1540.00,-16.00,44.00,154,1,1,1
13,65.00,1545.00,-16.00,44.00,151,1,1,1
13,66.00,434.00,25.00,122.00,355,1,1,1
13,67.00,1541.00,-20.00,34.00,118,1,1,1
13,68.00,1423.00,-14.00,42.00,151,1,1,1
13,69.00,838.00,5.00,66.00,239,1,1,1
13,116.00,1307.00,-8.00,51.00,192,1,1,1
13,178.00,1441.00,-12.00,48.00,171,1,1,1
13,197.00,1592.00,-12.00,58.00,197,1,1,1
13,199.00,1511.00,-14.00,48.00,167,1,1,1
13,225.00,1351.00,-16.00,32.00,118,1,1,1
13,242.00,959.00,-1.00,52.00,201,1,1,1
13,246.00,858.00,20.00,104.00,382,1,1,1
13,354.00,1568.00,-15.00,48.00,163,1,1,1
13,560.00,1610.00,-15.00,51.00,171,1,1,1
13,564.00,1528.00,-13.00,51.00,175,1,1,1
13,573.00,1559.00,-20.00,36.00,120,1,1,1
13,593.00,814.00,8.00,74.00,264,1,1,1
13,618.00,999.00,-5.00,41.00,165,1,1,1
14,63.00,181.00,23.00,119.00,308,1,1,1
14,64.00,1571.00,-16.00,46.00,157,1,1,1
14,65.00,1578.00,-16.00,46.00,153,1,1,1
14,66.00,380.00,27.00,131.00,372,1,1,1
14,67.00,1556.00,-20.00,34.00,116,1,1,1
14,68.00,1452.00,-14.00,43.00,152,1,1,1
14,69.00,878.00,5.00,68.00,251,1,1,1
14,70.00,1462.00,0.00,81.00,282,1,1,1
14,71.00,1584.00,-2.00,85.00,283,1,1,1
14,116.00,1307.00,-8.00,51.00,192,1,1,1
14,178.00,1441.00,-12.00,48.00,171,1,1,1
14,197.00,1592.00,-12.00,58.00,197,1,1,1
14,199.00,1509.00,-14.00,48.00,167,1,1,1
14,225.00,1351.00,-16.00,32.00,118,1,1,1
14,242.00,978.00,-2.00,49.00,194,1,1,1
14,246.00,895.00,21.00,105.00,394,1,1,1
14,354.00,1567.00,-15.00,48.00,163,1,1,1
14,560.00,1610.00,-15.00,51.00,171,1,1,1
14,564.00,1528.00,-13.00,51.00,175,1,1,1
14,573.00,1584.00,-20.00,34.00,118,1,1,1
14,593.00,739.00,9.00,78.00,268,1,1,1
14,618.00,1011.00,-6.00,40.00,163,1,1,1
15,63.00,197.00,23.00,119.00,311,1,1,1
15,64.00,1612.00,-16.00,49.00,160,1,1,1
15,65.00,1628.00,-17.00,48.00,158,1,1,1
15,66.00,336.00,30.00,141.00,391,1,1,1
15,67.00,1568.00,-20.00,34.00,114,1,1,1
15,68.00,1500.00,-15.00,44.00,152,1,1,1
15,69.00,894.00,6.00,70.00,264,1,1,1
15,70.00,1380.00,0.00,75.00,273,1,1,1
15,71.00,1505.00,-3.00,77.00,266,1,1,1
15,72.00,730.00,3.00,61.00,210,1,1,1
15,116.00,1302.00,-7.00,51.00,190,1,1,1
15,178.00,1441.00,-12.00,48.00,171,1,1,1
15,197.00,1592.00,-12.00,58.00,197,1,1,1
15,199.00,1507.00,-14.00,48.00,166,1,1,1
15,225.00,1348.00,-16.00,32.00,118,1,1,1
15,242.00,969.00,-2.00,48.00,188,1,1,1
15,246.00,944.00,21.00,103.00,402,1,1,1
15,354.00,1565.00,-15.00,48.00,163,1,1,1
15,560.00,1617.00,-15.00,52.00,171,1,1,1
15,564.00,1525.00,-13.00,51.00,175,1,1,1
15,573.00,1623.00,-21.00,35.00,117,1,1,1
15,593.00,664.00,11.00,83.00,273,1,1,1
15,618.00,1010.00,-5.00,41.00,163,1,1,1
16,63.00,197.00,23.00,119.00,311,1,1,1
16,64.00,1635.00,-16.00,50.00,165,1,1,1
16,65.00,1673.00,-17.00,50.00,162,1,1,1
16,66.00,317.00,32.00,145.00,400,1,1,1
16,67.00,1594.00,-21.00,34.00,113,1,1,1
16,68.00,1536.00,-16.00,45.00,154,1,1,1
16,69.00,910.00,8.00,73.00,278,1,1,1
16,70.00,1293.00,0.00,70.00,261,1,1,1
16,71.00,1418.00,-2.00,71.00,255,1,1,1
16,72.00,740.00,4.00,64.00,219,1,1,1
16,73.00,602.00,7.00,72.00,228,1,1,1
16,116.00,1302.00,-7.00,51.00,190,1,1,1
16,178.00,1441.00,-12.00,48.00,171,1,1,1
16,197.00,1592.00,-12.00,58.00,197,1,1,1
16,199.00,1500.00,-14.00,48.00,166,1,1,1
16,225.00,1348.00,-16.00,31.00,118,1,1,1
16,242.00,935.00,-2.00,48.00,184,1,1,1
16,246.00,975.00,23.00,105.00,416,1,1,1
16,354.00,1565.00,-15.00,48.00,163,1,1,1
16,560.00,1617.00,-15.00,52.00,171,1,1,1
16,564.00,1525.00,-13.00,51.00,175,1,1,1
16,573.00,1639.00,-21.00,35.00,115,1,1,1
16,593.00,601.00,13.00,87.00,277,1,1,1
16,618.00,1008.00,-5.00,41.00,163,1,1,1
17,63.00,197.00,23.00,119.00,311,1,1,1
17,64.00,1675.00,-16.00,52.00,170,1,1,1
17,65.00,1731.00,-18.00,52.00,167,1,1,1
17,66.00,270.00,32.00,149.00,402,1,1,1
17,67.00,1623.00,-22.00,33.00,112,1,1,1
17,68.00,1577.00,-16.00,45.00,154,1,1,1
17,69.00,934.00,9.00,76.00,291,1,1,1
17,70.00,1231.00,0.00,66.00,255,1,1,1
17,71.00,1343.00,-3.00,66.00,243,1,1,1
17,72.00,769.00,5.00,66.00,230,1,1,1
17,73.00,629.00,8.00,74.00,239,1,1,1
17,74.00,724.00,3.00,62.00,210,1,1,1
17,116.00,1302.00,-7.00,51.00,190,1,1,1
17,178.00,1441.00,-12.00,48.00,171,1,1,1
17,197.00,1592.00,-12.00,58.00,197,1,1,1
17,199.00,1500.00,-14.00,48.00,166,1,1,1
17,225.00,1348.00,-16.00,31.00,118,1,1,1
17,242.00,909.00,-2.00,47.00,180,1,1,1
17,246.00,999.00,23.00,108.00,429,1,1,1
17,354.00,1565.00,-15.00,48.00,164,1,1,1
17,560.00,1617.00,-15.00,52.00,171,1,1,1
17,564.00,1525.00,-13.00,51.00,175,1,1,1
17,573.00,1664.00,-22.00,34.00,114,1,1,1
17,593.00,532.00,15.00,93.00,282,1,1,1
17,618.00,1008.00,-5.00,41.00,163,1,1,1
18,63.00,194.00,23.00,119.00,310,1,1,1
18,64.00,1682.00,-16.00,54.00,174,1,1,1
18,65.00,1744.00,-17.00,54.00,171,1,1,1
18,66.00,195.00,34.00,156.00,406,1,1,1
18,68.00,1617.00,-17.00,46.00,155,1,1,1
18,69.00,902.00,12.00,84.00,317,1,1,1
18,70.00,1162.00,0.00,60.00,240,1,1,1
18,71.00,1271.00,-2.00,61.00,234,1,1,1
18,72.00,797.00,5.00,68.00,239,1,1,1
18,73.00,633.00,9.00,78.00,251,1,1,1
18,74.00,702.00,5.00,66.00,221,1,1,1
18,116.00,1302.00,-7.00,51.00,190,1,1,1
18,178.00,1441.00,-12.00,48.00,171,1,1,1
18,197.00,1592.00,-12.00,58.00,197,1,1,1
18,199.00,1504.00,-14.00,48.00,166,1,1,1
18,225.00,1348.00,-16.00,31.00,118,1,1,1
18,246.00,1037.00,24.00,110.00,443,1,1,1
18,354.00,1570.00,-15.00,48.00,164,1,1,1
18,560.00,1617.00,-15.00,52.00,171,1,1,1
18,564.00,1525.00,-13.00,51.00,175,1,1,1
18,573.00,1683.00,-23.00,34.00,113,1,1,1
18,593.00,465.00,16.00,97.00,285,1,1,1
18,618.00,1010.00,-5.00,41.00,163,1,1,1
19,63.00,189.00,23.00,119.00,309,1,1,1
19,64.00,1709.00,-16.00,56.00,180,1,1,1
19,65.00,1771.00,-17.00,57.00,177,1,1,1
19,66.00,188.00,34.00,156.00,404,1,1,1
19,68.00,1661.00,-17.00,48.00,157,1,1,1
19,69.00,882.00,15.00,91.00,338,1,1,1
19,70.00,1107.00,0.00,56.00,231,1,1,1
19,71.00,1205.00,-2.00,57.00,225,1,1,1
19,72.00,801.00,7.00,72.00,255,1,1,1
19,73.00,651.00,11.00,81.00,263,1,1,1
19,74.00,664.00,7.00,71.00,234,1,1,1
19,116.00,1304.00,-8.00,51.00,192,1,1,1
19,178.00,1441.00,-12.00,48.00,171,1,1,1
19,197.00,1592.00,-12.00,58.00,197,1,1,1
19,199.00,1504.00,-14.00,48.00,166,1,1,1
19,225.00,1345.00,-16.00,32.00,117,1,1,1
19,246.00,1089.00,25.00,113.00,456,1,1,1
19,354.00,1570.00,-15.00,48.00,164,1,1,1
19,560.00,1612.00,-15.00,52.00,171,1,1,1
19,564.00,1525.00,-13.00,51.00,175,1,1,1
19,593.00,402.00,18.00,101.00,288,1,1,1
19,618.00,1016.00,-5.00,41.00,164,1,1,1
20,63.00,189.00,23.00,119.00,309,1,1,1
20,64.00,1719.00,-15.00,58.00,187,1,1,1
20,65.00,1773.00,-16.00,59.00,184,1,1,1
20,66.00,124.00,35.00,159.00,402,1,1,1
20,68.00,1707.00,-18.00,49.00,158,1,1,1
20,69.00,828.00,18.00,100.00,361,1,1,1
20,70.00,1048.00,0.00,54.00,224,1,1,1
20,71.00,1139.00,-2.00,54.00,220,1,1,1
20,72.00,795.00,9.00,76.00,270,1,1,1
20,73.00,671.00,12.00,83.00,275,1,1,1
20,74.00,638.00,9.00,76.00,247,1,1,1
20,116.00,1304.00,-8.00,51.00,192,1,1,1
20,178.00,1441.00,-12.00,48.00,171,1,1,1
20,197.00,1592.00,-12.00,58.00,197,1,1,1
20,199.00,1504.00,-14.00,48.00,166,1,1,1
20,225.00,1327.00,-16.00,31.00,118,1,1,1
20,246.00,1125.00,27.00,122.00,481,1,1,1
20,354.00,1573.00,-15.00,48.00,163,1,1,1
20,560.00,1612.00,-15.00,52.00,171,1,1,1
20,564.00,1525.00,-13.00,51.00,175,1,1,1
20,593.00,366.00,18.00,101.00,287,1,1,1
20,618.00,1037.00,-6.00,41.00,167,1,1,1
21,63.00,186.00,24.00,120.00,311,1,1,1
21,64.00,1729.00,-15.00,60.00,193,1,1,1
21,65.00,1787.00,-16.00,61.00,192,1,1,1
21,66.00,111.00,35.00,159.00,399,1,1,1
21,68.00,1748.00,-19.00,50.00,161,1,1,1
21,69.00,776.00,23.00,112.00,391,1,1,1
21,70.00,1000.00,0.00,54.00,217,1,1,1
21,71.00,1095.00,-2.00,50.00,210,1,1,1
21,72.00,803.00,10.00,80.00,285,1,1,1
21,73.00,687.00,13.00,88.00,292,1,1,1
21,74.00,593.00,12.00,83.00,264,1,1,1
21,116.00,1304.00,-8.00,51.00,192,1,1,1
21,178.00,1441.00,-12.00,48.00,171,1,1,1
21,197.00,1592.00,-12.00,58.00,197,1,1,1
21,199.00,1504.00,-14.00,48.00,166,1,1,1
21,225.00,1314.00,-16.00,31.00,119,1,1,1
21,246.00,1166.00,29.00,129.00,499,1,1,1
21,354.00,1575.00,-15.00,48.00,163,1,1,1
21,560.00,1612.00,-15.00,52.00,171,1,1,1
21,564.00,1525.00,-13.00,51.00,175,1,1,1
21,593.00,307.00,19.00,106.00,290,1,1,1
21,618.00,1043.00,-6.00,41.00,167,1,1,1
22,63.00,186.00,24.00,120.00,311,1,1,1
22,64.00,1731.00,-14.00,63.00,200,1,1,1
22,65.00,1794.00,-15.00,64.00,201,1,1,1
22,66.00,95.00,35.00,158.00,396,1,1,1
22,68.00,1802.00,-19.00,52.00,161,1,1,1
22,69.00,703.00,27.00,124.00,417,1,1,1
22,70.00,949.00,0.00,54.00,210,1,1,1
22,71.00,1046.00,-2.00,48.00,200,1,1,1
22,72.00,774.00,14.00,88.00,308,1,1,1
22,73.00,670.00,15.00,94.00,309,1,1,1
22,74.00,549.00,15.00,92.00,283,1,1,1
22,116.00,1304.00,-8.00,51.00,192,1,1,1
22,178.00,1441.00,-12.00,48.00,171,1,1,1
22,197.00,1592.00,-12.00,58.00,197,1,1,1
22,199.00,1504.00,-14.00,48.00,166,1,1,1
22,246.00,1195.00,32.00,141.00,534,1,1,1
22,354.00,1575.00,-15.00,48.00,163,1,1,1
22,560.00,1612.00,-15.00,52.00,171,1,1,1
22,564.00,1525.00,-13.00,51.00,175,1,1,1
22,593.00,273.00,20.00,108.00,291,1,1,1
22,618.00,1043.00,-6.00,41.00,167,1,1,1
23,63.00,150.00,26.00,128.00,327,1,1,1
23,64.00,1735.00,-14.00,64.00,203,1,1,1
23,65.00,1809.00,-14.00,67.00,208,1,1,1
23,66.00,95.00,35.00,158.00,396,1,1,1
23,68.00,1852.00,-20.00,53.00,163,1,1,1
23,69.00,613.00,33.00,143.00,457,1,1,1
23,70.00,915.00,0.00,53.00,201,1,1,1
23,71.00,993.00,-2.00,49.00,197,1,1,1
23,72.00,782.00,15.00,93.00,328,1,1,1
23,73.00,662.00,18.00,101.00,329,1,1,1
23,74.00,495.00,18.00,102.00,306,1,1,1
23,116.00,1304.00,-8.00,51.00,192,1,1,1
23,178.00,1441.00,-12.00,48.00,171,1,1,1
23,197.00,1592.00,-12.00,58.00,197,1,1,1
23,199.00,1504.00,-14.00,48.00,166,1,1,1
23,246.00,1196.00,36.00,152.00,570,1,1,1
23,354.00,1575.00,-15.00,48.00,163,1,1,1
23,560.00,1612.00,-15.00,52.00,171,1,1,1
23,564.00,1525.00,-13.00,51.00,175,1,1,1
23,593.00,247.00,20.00,108.00,288,1,1,1
23,618.00,1050.00,-6.00,40.00,165,1,1,1
24,63.00,96.00,29.00,137.00,340,1,1,1
24,64.00,1732.00,-12.00,68.00,215,1,1,1
24,65.00,1820.00,-14.00,70.00,215,1,1,1
24,66.00,102.00,34.00,157.00,394,1,1,1
24,68.00,1901.00,-21.00,54.00,164,1,1,1
24,69.00,491.00,41.00,171.00,511,1,1,1
24,70.00,890.00,0.00,52.00,196,1,1,1
24,71.00,961.00,-2.00,48.00,189,1,1,1
24,72.00,776.00,19.00,101.00,353,1,1,1
24,73.00,606.00,22.00,111.00,353,1,1,1
24,74.00,436.00,22.00,114.00,330,1,1,1
24,116.00,1301.00,-7.00,51.00,191,1,1,1
24,178.00,1443.00,-12.00,48.00,171,1,1,1
24,197.00,1592.00,-12.00,58.00,197,1,1,1
24,199.00,1504.00,-14.00,48.00,166,1,1,1
24,246.00,1191.00,42.00,164.00,616,1,1,1
24,354.00,1575.00,-15.00,48.00,163,1,1,1
24,560.00,1612.00,-15.00,52.00,171,1,1,1
24,564.00,1525.00,-13.00,51.00,175,1,1,1
24,593.00,252.00,20.00,108.00,289,1,1,1
24,618.00,1050.00,-6.00,40.00,165,1,1,1
25,63.00,-22.00,34.00,156.00,372,1,1,1
25,64.00,1736.00,-12.00,70.00,224,1,1,1
25,65.00,1813.00,-13.00,73.00,225,1,1,1
25,66.00,118.00,34.00,155.00,390,1,1,1
25,69.00,374.00,49.00,197.00,558,1,1,1
25,70.00,902.00,-1.00,50.00,188,1,1,1
25,71.00,936.00,-2.00,48.00,182,1,1,1
25,72.00,766.00,22.00,109.00,378,1,1,1
25,73.00,591.00,25.00,121.00,382,1,1,1
25,74.00,345.00,27.00,132.00,368,1,1,1
25,116.00,1301.00,-7.00,51.00,191,1,1,1
25,178.00,1443.00,-12.00,48.00,171,1,1,1
25,197.00,1592.00,-12.00,58.00,197,1,1,1
25,199.00,1504.00,-14.00,48.00,166,1,1,1
25,246.00,1168.00,47.00,175.00,659,1,1,1
25,354.00,1575.00,-15.00,48.00,163,1,1,1
25,560.00,1615.00,-15.00,51.00,171,1,1,1
25,564.00,1535.00,-13.00,51.00,175,1,1,1
25,593.00,231.00,21.00,110.00,291,1,1,1
25,618.00,1050.00,-6.00,40.00,165,1,1,1
26,63.00,-43.00,36.00,164.00,389,1,1,1
26,64.00,1719.00,-10.00,74.00,233,1,1,1
26,65.00,1801.00,-12.00,76.00,234,1,1,1
26,66.00,95.00,36.00,162.00,405,1,1,1
26,69.00,242.00,60.00,239.00,638,1,1,1
26,70.00,851.00,0.00,52.00,186,1,1,1
26,71.00,898.00,-2.00,48.00,180,1,1,1
26,72.00,724.00,27.00,122.00,415,1,1,1
26,73.00,530.00,30.00,135.00,413,1,1,1
26,74.00,258.00,33.00,150.00,401,1,1,1
26,75.00,691.00,4.00,63.00,211,1,1,1
26,116.00,1301.00,-7.00,51.00,191,1,1,1
26,178.00,1443.00,-12.00,48.00,171,1,1,1
26,197.00,1592.00,-12.00,58.00,197,1,1,1
26,199.00,1507.00,-14.00,48.00,166,1,1,1
26,246.00,1173.00,56.00,195.00,728,1,1,1
26,354.00,1575.00,-15.00,48.00,163,1,1,1
26,560.00,1617.00,-15.00,52.00,171,1,1,1
26,564.00,1535.00,-13.00,51.00,175,1,1,1
26,593.00,218.00,21.00,112.00,295,1,1,1
26,618.00,1039.00,-6.00,40.00,164,1,1,1
27,63.00,-125.00,41.00,182.00,418,1,1,1
27,64.00,1722.00,-9.00,77.00,245,1,1,1
27,65.00,1791.00,-10.00,79.00,244,1,1,1
27,66.00,86.00,39.00,172.00,428,1,1,1
27,69.00,10.00,74.00,301.00,728,1,1,1
27,72.00,689.00,32.00,137.00,455,1,1,1
27,73.00,491.00,34.00,150.00,450,1,1,1
27,74.00,190.00,38.00,169.00,441,1,1,1
27,75.00,679.00,5.00,66.00,219,1,1,1
27,116.00,1301.00,-7.00,51.00,191,1,1,1
27,178.00,1443.00,-12.00,48.00,171,1,1,1
27,197.00,1595.00,-12.00,59.00,198,1,1,1
27,199.00,1507.00,-14.00,48.00,166,1,1,1
27,246.00,1124.00,66.00,213.00,805,1,1,1
27,354.00,1573.00,-15.00,48.00,163,1,1,1
27,560.00,1615.00,-15.00,51.00,171,1,1,1
27,564.00,1535.00,-13.00,51.00,175,1,1,1
27,593.00,218.00,21.00,112.00,295,1,1,1
27,618.00,1044.00,-6.00,40.00,164,1,1,1
28,64.00,1714.00,-8.00,81.00,255,1,1,1
28,65.00,1783.00,-9.00,82.00,256,1,1,1
28,69.00,-193.00,91.00,377.00,845,1,1,1
28,72.00,615.00,39.00,160.00,511,1,1,1
28,73.00,417.00,41.00,171.00,494,1,1,1
28,74.00,85.00,46.00,198.00,494,1,1,1
28,75.00,689.00,6.00,69.00,228,1,1,1
28,116.00,1301.00,-7.00,51.00,191,1,1,1
28,178.00,1443.00,-12.00,48.00,171,1,1,1
28,197.00,1595.00,-12.00,59.00,198,1,1,1
28,199.00,1507.00,-14.00,48.00,166,1,1,1
28,246.00,1078.00,78.00,238.00,899,1,1,1
28,354.00,1575.00,-15.00,48.00,163,1,1,1
28,560.00,1617.00,-15.00,52.00,171,1,1,1
28,564.00,1535.00,-13.00,51.00,175,1,1,1
28,593.00,236.00,21.00,110.00,292,1,1,1
28,618.00,1044.00,-6.00,40.00,164,1,1,1
29,64.00,1703.00,-6.00,84.00,267,1,1,1
29,65.00,1775.00,-7.00,87.00,268,1,1,1
29,66.00,-63.00,47.00,206.00,486,1,1,1
29,72.00,562.00,49.00,188.00,584,1,1,1
29,73.00,321.00,49.00,202.00,556,1,1,1
29,74.00,-51.00,55.00,236.00,557,1,1,1
29,75.00,677.00,7.00,72.00,239,1,1,1
29,76.00,845.00,0.00,52.00,189,1,1,1
29,116.00,1301.00,-7.00,51.00,191,1,1,1
29,178.00,1443.00,-12.00,48.00,171,1,1,1
29,197.00,1595.00,-12.00,59.00,198,1,1,1
29,199.00,1507.00,-14.00,48.00,166,1,1,1
29,246.00,1065.00,84.00,254.00,948,1,1,1
29,354.00,1577.00,-15.00,49.00,163,1,1,1
29,560.00,1615.00,-15.00,51.00,171,1,1,1
29,564.00,1535.00,-13.00,51.00,175,1,1,1
29,593.00,225.00,21.00,110.00,291,1,1,1
29,618.00,1046.00,-6.00,40.00,164,1,1,1
30,64.00,1691.00,-5.00,87.00,278,1,1,1
30,65.00,1771.00,-6.00,90.00,279,1,1,1
30,66.00,-103.00,52.00,225.00,520,1,1,1
30,72.00,418.00,58.00,223.00,649,1,1,1
30,73.00,210.00,59.00,237.00,624,1,1,1
30,74.00,-206.00,67.00,285.00,634,1,1,1
30,75.00,676.00,9.00,75.00,248,1,1,1
30,76.00,920.00,-1.00,50.00,190,1,1,1
30,116.00,1301.00,-7.00,51.00,191,1,1,1
30,178.00,1443.00,-12.00,48.00,171,1,1,1
30,197.00,1590.00,-12.00,59.00,197,1,1,1
30,199.00,1509.00,-14.00,48.00,167,1,1,1
30,246.00,978.00,101.00,296.00,1075,1,1,1
30,354.00,1577.00,-15.00,49.00,163,1,1,1
30,560.00,1615.00,-15.00,51.00,171,1,1,1
30,564.00,1535.00,-13.00,51.00,175,1,1,1
30,593.00,225.00,21.00,110.00,291,1,1,1
30,618.00,1046.00,-6.00,40.00,164,1,1,1
31,64.00,1684.00,-4.00,89.00,287,1,1,1
31,65.00,1769.00,-5.00,94.00,292,1,1,1
31,66.00,-201.00,58.00,252.00,562,1,1,1
31,72.00,277.00,75.00,284.00,771,1,1,1
31,73.00,-12.00,75.00,306.00,735,1,1,1
31,74.00,-312.00,78.00,335.00,720,1,1,1
31,75.00,654.00,10.00,80.00,263,1,1,1
31,76.00,1010.00,-2.00,48.00,192,1,1,1
31,77.00,661.00,5.00,65.00,216,1,1,1
31,116.00,1301.00,-7.00,51.00,191,1,1,1
31,178.00,1443.00,-12.00,48.00,171,1,1,1
31,197.00,1595.00,-12.00,59.00,198,1,1,1
31,199.00,1509.00,-14.00,48.00,167,1,1,1
31,246.00,875.00,133.00,379.00,1310,1,1,1
31,354.00,1577.00,-15.00,49.00,163,1,1,1
31,560.00,1615.00,-15.00,51.00,171,1,1,1
31,564.00,1535.00,-13.00,51.00,175,1,1,1
31,593.00,225.00,21.00,110.00,291,1,1,1
31,618.00,1046.00,-6.00,40.00,164,1,1,1
32,64.00,1677.00,-2.00,95.00,303,1,1,1
32,65.00,1764.00,-3.00,100.00,309,1,1,1
32,72.00,17.00,97.00,378.00,919,1,1,1
32,73.00,-207.00,92.00,380.00,850,1,1,1
32,75.00,648.00,12.00,85.00,275,1,1,1
32,76.00,1097.00,-3.00,48.00,195,1,1,1
32,77.00,654.00,6.00,68.00,222,1,1,1
32,116.00,1301.00,-7.00,51.00,191,1,1,1
32,178.00,1443.00,-12.00,48.00,171,1,1,1
32,197.00,1595.00,-12.00,58.00,197,1,1,1
32,199.00,1509.00,-14.00,48.00,167,1,1,1
32,246.00,707.00,172.00,485.00,1577,1,1,1
32,354.00,1577.00,-15.00,49.00,163,1,1,1
32,560.00,1612.00,-15.00,52.00,171,1,1,1
32,564.00,1535.00,-13.00,51.00,175,1,1,1
32,593.00,227.00,21.00,110.00,289,1,1,1
32,618.00,1045.00,-6.00,40.00,165,1,1,1
33,64.00,1658.00,0.00,102.00,329,1,1,1
33,65.00,1750.00,-1.00,105.00,326,1,1,1
33,72.00,-243.00,119.00,483.00,1066,1,1,1
33,75.00,628.00,14.00,90.00,290,1,1,1
33,76.00,1192.00,-5.00,50.00,201,1,1,1
33,77.00,640.00,7.00,72.00,233,1,1,1
33,116.00,1301.00,-7.00,51.00,191,1,1,1
33,178.00,1443.00,-12.00,48.00,171,1,1,1
33,197.00,1595.00,-12.00,58.00,197,1,1,1
33,199.00,1498.00,-14.00,47.00,166,1,1,1
33,246.00,478.00,181.00,538.00,1622,1,1,1
33,354.00,1574.00,-15.00,48.00,163,1,1,1
33,560.00,1612.00,-15.00,52.00,171,1,1,1
33,564.00,1535.00,-13.00,51.00,175,1,1,1
33,593.00,233.00,20.00,109.00,288,1,1,1
33,618.00,1045.00,-6.00,40.00,165,1,1,1
34,64.00,1649.00,3.00,109.00,350,1,1,1
34,65.00,1752.00,2.00,114.00,354,1,1,1
34,75.00,589.00,16.00,96.00,302,1,1,1
34,76.00,1289.00,-6.00,54.00,203,1,1,1
34,77.00,623.00,9.00,76.00,245,1,1,1
34,116.00,1301.00,-7.00,51.00,191,1,1,1
34,178.00,1443.00,-12.00,48.00,171,1,1,1
34,197.00,1595.00,-12.00,58.00,197,1,1,1
34,199.00,1498.00,-14.00,47.00,166,1,1,1
34,354.00,1574.00,-15.00,48.00,163,1,1,1
34,560.00,1612.00,-15.00,52.00,171,1,1,1
34,564.00,1535.00,-13.00,51.00,175,1,1,1
34,593.00,236.00,21.00,109.00,289,1,1,1
34,618.00,1045.00,-6.00,40.00,165,1,1,1
35,64.00,1631.00,6.00,115.00,373,1,1,1
35,65.00,1741.00,4.00,121.00,378,1,1,1
35,75.00,558.00,19.00,106.00,328,1,1,1
35,76.00,1388.00,-7.00,57.00,207,1,1,1
35,77.00,616.00,11.00,81.00,258,1,1,1
35,116.00,1301.00,-7.00,51.00,191,1,1,1
35,178.00,1443.00,-12.00,48.00,171,1,1,1
35,197.00,1595.00,-12.00,58.00,197,1,1,1
35,199.00,1498.00,-14.00,47.00,166,1,1,1
35,354.00,1574.00,-15.00,48.00,163,1,1,1
35,560.00,1615.00,-15.00,51.00,171,1,1,1
35,564.00,1535.00,-13.00,51.00,175,1,1,1
35,593.00,236.00,21.00,109.00,289,1,1,1
35,618.00,1045.00,-6.00,40.00,165,1,1,1
36,64.00,1606.00,10.00,123.00,402,1,1,1
36,65.00,1762.00,8.00,133.00,408,1,1,1
36,75.00,509.00,23.00,115.00,349,1,1,1
36,76.00,1483.00,-9.00,59.00,208,1,1,1
36,77.00,615.00,12.00,85.00,272,1,1,1
36,116.00,1301.00,-7.00,51.00,191,1,1,1
36,178.00,1446.00,-12.00,48.00,171,1,1,1
36,197.00,1595.00,-12.00,58.00,197,1,1,1
36,199.00,1500.00,-14.00,48.00,166,1,1,1
36,354.00,1576.00,-15.00,49.00,164,1,1,1
36,560.00,1617.00,-15.00,52.00,171,1,1,1
36,564.00,1540.00,-13.00,51.00,176,1,1,1
36,593.00,236.00,21.00,109.00,289,1,1,1
36,618.00,1045.00,-6.00,40.00,165,1,1,1
37,64.00,1593.00,13.00,133.00,434,1,1,1
37,65.00,1758.00,12.00,146.00,445,1,1,1
37,75.00,479.00,26.00,126.00,373,1,1,1
37,76.00,1584.00,-11.00,62.00,209,1,1,1
37,77.00,627.00,13.00,88.00,284,1,1,1
37,116.00,1301.00,-7.00,51.00,191,1,1,1
37,178.00,1446.00,-12.00,48.00,171,1,1,1
37,197.00,1595.00,-12.00,58.00,197,1,1,1
37,199.00,1500.00,-14.00,48.00,166,1,1,1
37,354.00,1582.00,-16.00,48.00,163,1,1,1
37,560.00,1617.00,-15.00,52.00,171,1,1,1
37,564.00,1542.00,-13.00,52.00,176,1,1,1
37,593.00,242.00,20.00,109.00,290,1,1,1
37,618.00,1043.00,-6.00,40.00,165,1,1,1
38,64.00,1593.00,18.00,145.00,471,1,1,1
38,65.00,1739.00,17.00,159.00,489,1,1,1
38,75.00,405.00,30.00,139.00,397,1,1,1
38,76.00,1671.00,-12.00,64.00,209,1,1,1
38,77.00,598.00,16.00,96.00,305,1,1,1
38,116.00,1301.00,-7.00,51.00,191,1,1,1
38,178.00,1446.00,-12.00,48.00,171,1,1,1
38,197.00,1599.00,-12.00,58.00,196,1,1,1
38,199.00,1500.00,-14.00,48.00,166,1,1,1
38,354.00,1592.00,-16.00,48.00,161,1,1,1
38,560.00,1615.00,-15.00,51.00,171,1,1,1
38,564.00,1537.00,-13.00,52.00,175,1,1,1
38,593.00,240.00,20.00,109.00,290,1,1,1
38,618.00,1043.00,-6.00,40.00,165,1,1,1
39,64.00,1567.00,24.00,159.00,516,1,1,1
39,65.00,1717.00,25.00,180.00,549,1,1,1
39,75.00,381.00,33.00,151.00,427,1,1,1
39,76.00,1759.00,-14.00,66.00,209,1,1,1
39,77.00,589.00,18.00,101.00,319,1,1,1
39,116.00,1303.00,-7.00,51.00,191,1,1,1
39,178.00,1446.00,-12.00,48.00,171,1,1,1
39,197.00,1599.00,-12.00,58.00,196,1,1,1
39,199.00,1501.00,-14.00,48.00,166,1,1,1
39,354.00,1592.00,-16.00,48.00,161,1,1,1
39,560.00,1617.00,-15.00,52.00,171,1,1,1
39,564.00,1537.00,-13.00,52.00,175,1,1,1
39,593.00,242.00,20.00,109.00,290,1,1,1
39,618.00,1043.00,-6.00,40.00,165,1,1,1
40,64.00,1521.00,30.00,173.00,568,1,1,1
40,65.00,1695.00,29.00,189.00,580,1,1,1
40,75.00,301.00,39.00,170.00,468,1,1,1
40,76.00,1843.00,-15.00,68.00,208,1,1,1
40,77.00,553.00,21.00,110.00,341,1,1,1
40,78.00,810.00,1.00,56.00,201,1,1,1
40,116.00,1306.00,-8.00,51.00,192,1,1,1
40,178.00,1446.00,-12.00,48.00,171,1,1,1
40,197.00,1599.00,-12.00,58.00,196,1,1,1
40,199.00,1501.00,-14.00,48.00,166,1,1,1
40,354.00,1583.00,-16.00,48.00,161,1,1,1
40,560.00,1610.00,-15.00,51.00,171,1,1,1
40,564.00,1537.00,-13.00,52.00,175,1,1,1
40,593.00,240.00,20.00,109.00,290,1,1,1
40,618.00,1040.00,-6.00,40.00,165,1,1,1
41,64.00,1444.00,37.00,182.00,612,1,1,1
41,65.00,1668.00,37.00,210.00,645,1,1,1
41,75.00,251.00,45.00,190.00,508,1,1,1
41,77.00,503.00,25.00,123.00,373,1,1,1
41,78.00,821.00,2.00,59.00,211,1,1,1
41,79.00,713.00,4.00,63.00,213,1,1,1
41,80.00,663.00,6.00,68.00,223,1,1,1
41,116.00,1306.00,-8.00,51.00,192,1,1,1
41,178.00,1446.00,-12.00,48.00,171,1,1,1
41,197.00,1599.00,-12.00,58.00,196,1,1,1
41,199.00,1501.00,-14.00,48.00,166,1,1,1
41,354.00,1569.00,-15.00,48.00,161,1,1,1
41,560.00,1610.00,-15.00,51.00,171,1,1,1
41,564.00,1537.00,-13.00,52.00,175,1,1,1
41,593.00,240.00,20.00,109.00,290,1,1,1
41,618.00,1044.00,-6.00,40.00,165,1,1,1
42,64.00,1322.00,50.00,201.00,700,1,1,1
42,65.00,1599.00,50.00,239.00,743,1,1,1
42,75.00,141.00,54.00,225.00,573,1,1,1
42,77.00,448.00,29.00,134.00,394,1,1,1
42,78.00,825.00,3.00,62.00,222,1,1,1
42,79.00,726.00,5.00,65.00,223,1,1,1
42,80.00,661.00,7.00,72.00,234,1,1,1
42,116.00,1303.00,-7.00,51.00,191,1,1,1
42,178.00,1446.00,-12.00,48.00,171,1,1,1
42,197.00,1601.00,-12.00,59.00,196,1,1,1
42,199.00,1501.00,-14.00,48.00,166,1,1,1
42,354.00,1569.00,-15.00,48.00,161,1,1,1
42,560.00,1610.00,-15.00,51.00,171,1,1,1
42,564.00,1537.00,-13.00,52.00,175,1,1,1
42,593.00,240.00,20.00,109.00,290,1,1,1
42,618.00,1044.00,-6.00,40.00,165,1,1,1
43,64.00,1210.00,58.00,207.00,757,1,1,1
43,65.00,1439.00,60.00,244.00,804,1,1,1
43,75.00,24.00,63.00,262.00,636,1,1,1
43,77.00,374.00,34.00,153.00,432,1,1,1
43,78.00,830.00,4.00,65.00,234,1,1,1
43,79.00,750.00,5.00,68.00,233,1,1,1
43,80.00,643.00,9.00,77.00,249,1,1,1
43,116.00,1303.00,-7.00,51.00,191,1,1,1
43,178.00,1446.00,-12.00,48.00,171,1,1,1
43,197.00,1601.00,-12.00,59.00,196,1,1,1
43,199.00,1501.00,-14.00,48.00,166,1,1,1
43,354.00,1575.00,-15.00,48.00,164,1,1,1
43,560.00,1610.00,-15.00,51.00,171,1,1,1
43,564.00,1537.00,-13.00,52.00,175,1,1,1
43,593.00,240.00,20.00,109.00,290,1,1,1
43,618.00,1063.00,-6.00,39.00,162,1,1,1
44,64.00,999.00,77.00,236.00,885,1,1,1
44,65.00,1294.00,79.00,274.00,937,1,1,1
44,75.00,-126.00,76.00,314.00,722,1,1,1
44,77.00,305.00,40.00,173.00,476,1,1,1
44,78.00,821.00,6.00,69.00,249,1,1,1
44,79.00,742.00,7.00,72.00,246,1,1,1
44,80.00,627.00,11.00,81.00,261,1,1,1
44,116.00,1303.00,-7.00,51.00,191,1,1,1
44,178.00,1446.00,-12.00,48.00,171,1,1,1
44,197.00,1599.00,-12.00,58.00,196,1,1,1
44,199.00,1504.00,-14.00,47.00,166,1,1,1
44,354.00,1577.00,-15.00,48.00,164,1,1,1
44,560.00,1610.00,-15.00,51.00,171,1,1,1
44,564.00,1535.00,-13.00,51.00,175,1,1,1
44,593.00,237.00,20.00,109.00,289,1,1,1
44,618.00,1063.00,-6.00,39.00,162,1,1,1
45,64.00,733.00,100.00,301.00,1034,1,1,1
45,65.00,1073.00,108.00,313.00,1139,1,1,1
45,75.00,-273.00,87.00,366.00,796,1,1,1
45,77.00,208.00,48.00,201.00,528,1,1,1
45,78.00,794.00,8.00,76.00,266,1,1,1
45,79.00,717.00,9.00,77.00,261,1,1,1
45,80.00,598.00,13.00,87.00,274,1,1,1
45,116.00,1303.00,-7.00,51.00,191,1,1,1
45,178.00,1448.00,-12.00,48.00,171,1,1,1
45,197.00,1599.00,-12.00,58.00,196,1,1,1
45,199.00,1504.00,-14.00,47.00,166,1,1,1
45,354.00,1568.00,-15.00,49.00,164,1,1,1
45,560.00,1612.00,-15.00,52.00,171,1,1,1
45,564.00,1535.00,-13.00,51.00,175,1,1,1
45,593.00,216.00,21.00,111.00,291,1,1,1
45,618.00,1076.00,-7.00,40.00,163,1,1,1
46,64.00,220.00,149.00,508.00,1351,1,1,1
46,65.00,663.00,166.00,470.00,1532,1,1,1
46,77.00,46.00,59.00,245.00,600,1,1,1
46,78.00,777.00,11.00,81.00,284,1,1,1
46,79.00,689.00,12.00,84.00,279,1,1,1
46,80.00,563.00,15.00,93.00,287,1,1,1
46,116.00,1303.00,-7.00,51.00,191,1,1,1
46,178.00,1450.00,-12.00,48.00,171,1,1,1
46,197.00,1599.00,-12.00,58.00,196,1,1,1
46,199.00,1504.00,-14.00,47.00,166,1,1,1
46,354.00,1568.00,-15.00,49.00,164,1,1,1
46,560.00,1615.00,-15.00,51.00,171,1,1,1
46,564.00,1535.00,-13.00,51.00,175,1,1,1
46,593.00,231.00,21.00,109.00,289,1,1,1
46,618.00,1085.00,-7.00,39.00,165,1,1,1
47,77.00,-147.00,70.00,294.00,669,1,1,1
47,78.00,769.00,13.00,87.00,301,1,1,1
47,79.00,667.00,14.00,90.00,295,1,1,1
47,80.00,555.00,17.00,98.00,305,1,1,1
47,81.00,980.00,-3.00,46.00,181,1,1,1
47,116.00,1303.00,-7.00,51.00,191,1,1,1
47,178.00,1450.00,-12.00,48.00,171,1,1,1
47,197.00,1599.00,-12.00,58.00,196,1,1,1
47,199.00,1506.00,-14.00,47.00,166,1,1,1
47,354.00,1568.00,-15.00,49.00,164,1,1,1
47,560.00,1617.00,-15.00,52.00,171,1,1,1
47,564.00,1535.00,-13.00,51.00,175,1,1,1
47,593.00,231.00,21.00,109.00,289,1,1,1
47,618.00,1082.00,-7.00,39.00,165,1,1,1
48,78.00,728.00,15.00,94.00,319,1,1,1
48,79.00,627.00,17.00,99.00,317,1,1,1
48,80.00,481.00,21.00,110.00,328,1,1,1
48,81.00,1093.00,-5.00,45.00,185,1,1,1
48,116.00,1303.00,-7.00,51.00,191,1,1,1
48,178.00,1450.00,-12.00,48.00,171,1,1,1
48,197.00,1596.00,-12.00,58.00,196,1,1,1
48,199.00,1506.00,-14.00,47.00,166,1,1,1
48,354.00,1568.00,-15.00,49.00,164,1,1,1
48,560.00,1612.00,-15.00,52.00,171,1,1,1
48,564.00,1535.00,-13.00,51.00,175,1,1,1
48,593.00,234.00,21.00,109.00,289,1,1,1
48,618.00,1080.00,-7.00,39.00,165,1,1,1
49,78.00,685.00,20.00,106.00,352,1,1,1
49,79.00,567.00,21.00,110.00,345,1,1,1
49,80.00,449.00,23.00,118.00,347,1,1,1
49,81.00,1169.00,-6.00,46.00,185,1,1,1
49,116.00,1303.00,-7.00,51.00,191,1,1,1
49,178.00,1450.00,-12.00,48.00,171,1,1,1
49,197.00,1598.00,-12.00,59.00,197,1,1,1
49,199.00,1506.00,-14.00,47.00,166,1,1,1
49,354.00,1568.00,-15.00,49.00,164,1,1,1
49,560.00,1612.00,-15.00,52.00,171,1,1,1
49,564.00,1533.00,-13.00,51.00,175,1,1,1
49,593.00,234.00,21.00,109.00,289,1,1,1
49,618.00,1069.00,-6.00,40.00,165,1,1,1
50,78.00,645.00,23.00,116.00,377,1,1,1
50,79.00,526.00,25.00,122.00,373,1,1,1
50,80.00,382.00,28.00,132.00,375,1,1,1
50,81.00,1220.00,-7.00,48.00,185,1,1,1
50,116.00,1303.00,-7.00,51.00,191,1,1,1
50,178.00,1450.00,-12.00,48.00,171,1,1,1
50,197.00,1598.00,-12.00,59.00,197,1,1,1
50,199.00,1506.00,-14.00,47.00,166,1,1,1
50,354.00,1568.00,-15.00,49.00,164,1,1,1
50,560.00,1612.00,-15.00,52.00,171,1,1,1
50,564.00,1535.00,-13.00,51.00,175,1,1,1
50,593.00,234.00,21.00,109.00,289,1,1,1
50,618.00,1071.00,-6.00,40.00,165,1,1,1
51,78.00,581.00,29.00,133.00,417,1,1,1
51,79.00,452.00,30.00,138.00,406,1,1,1
51,80.00,305.00,33.00,150.00,410,1,1,1
51,81.00,1251.00,-7.00,48.00,183,1,1,1
51,116.00,1303.00,-7.00,51.00,191,1,1,1
51,178.00,1452.00,-12.00,49.00,171,1,1,1
51,197.00,1598.00,-12.00,59.00,197,1,1,1
51,199.00,1506.00,-14.00,47.00,166,1,1,1
51,354.00,1568.00,-15.00,49.00,164,1,1,1
51,560.00,1612.00,-15.00,52.00,171,1,1,1
51,564.00,1535.00,-13.00,51.00,175,1,1,1
51,593.00,234.00,21.00,109.00,289,1,1,1
51,618.00,1073.00,-6.00,40.00,165,1,1,1
52,78.00,522.00,35.00,151.00,462,1,1,1
52,79.00,382.00,35.00,156.00,443,1,1,1
52,80.00,234.00,38.00,167.00,443,1,1,1
52,81.00,1251.00,-7.00,48.00,183,1,1,1
52,116.00,1303.00,-7.00,51.00,191,1,1,1
52,178.00,1452.00,-12.00,49.00,171,1,1,1
52,197.00,1598.00,-12.00,59.00,197,1,1,1
52,199.00,1506.00,-14.00,47.00,166,1,1,1
52,354.00,1568.00,-15.00,49.00,164,1,1,1
52,560.00,1612.00,-15.00,52.00,171,1,1,1
52,564.00,1535.00,-13.00,51.00,175,1,1,1
52,593.00,234.00,21.00,109.00,289,1,1,1
52,618.00,1081.00,-7.00,39.00,165,1,1,1
53,78.00,459.00,42.00,173.00,512,1,1,1
53,79.00,287.00,42.00,179.00,486,1,1,1
53,80.00,122.00,44.00,191.00,484,1,1,1
53,81.00,1275.00,-8.00,48.00,184,1,1,1
53,116.00,1303.00,-7.00,51.00,191,1,1,1
53,178.00,1452.00,-12.00,49.00,171,1,1,1
53,197.00,1598.00,-12.00,59.00,197,1,1,1
53,199.00,1506.00,-14.00,47.00,166,1,1,1
53,354.00,1568.00,-15.00,49.00,164,1,1,1
53,560.00,1612.00,-15.00,52.00,171,1,1,1
53,564.00,1537.00,-13.00,51.00,176,1,1,1
53,593.00,223.00,21.00,111.00,293,1,1,1
53,618.00,1083.00,-7.00,39.00,165,1,1,1
54,78.00,312.00,51.00,208.00,573,1,1,1
54,79.00,164.00,51.00,212.00,546,1,1,1
54,80.00,-30.00,54.00,228.00,545,1,1,1
54,81.00,1290.00,-8.00,49.00,184,1,1,1
54,116.00,1304.00,-8.00,51.00,190,1,1,1
54,178.00,1452.00,-12.00,49.00,171,1,1,1
54,197.00,1598.00,-12.00,59.00,197,1,1,1
54,199.00,1506.00,-14.00,47.00,166,1,1,1
54,354.00,1574.00,-15.00,48.00,162,1,1,1
54,560.00,1612.00,-15.00,52.00,171,1,1,1
54,564.00,1537.00,-13.00,51.00,176,1,1,1
54,593.00,223.00,21.00,111.00,293,1,1,1
54,618.00,1085.00,-7.00,39.00,165,1,1,1
55,78.00,178.00,63.00,251.00,650,1,1,1
55,79.00,-15.00,62.00,259.00,623,1,1,1
55,80.00,-201.00,65.00,276.00,616,1,1,1
55,81.00,1274.00,-8.00,48.00,184,1,1,1
55,82.00,944.00,-3.00,45.00,172,1,1,1
55,116.00,1304.00,-8.00,51.00,190,1,1,1
55,178.00,1452.00,-12.00,49.00,171,1,1,1
55,197.00,1598.00,-12.00,59.00,197,1,1,1
55,199.00,1506.00,-14.00,47.00,166,1,1,1
55,354.00,1580.00,-16.00,47.00,161,1,1,1
55,560.00,1616.00,-15.00,52.00,172,1,1,1
55,564.00,1537.00,-13.00,51.00,176,1,1,1
55,593.00,223.00,21.00,111.00,293,1,1,1
55,618.00,1081.00,-7.00,39.00,165,1,1,1
56,78.00,-58.00,80.00,324.00,766,1,1,1
56,79.00,-152.00,74.00,309.00,704,1,1,1
56,81.00,1274.00,-8.00,48.00,184,1,1,1
56,82.00,965.00,-4.00,43.00,172,1,1,1
56,116.00,1304.00,-8.00,51.00,190,1,1,1
56,178.00,1452.00,-12.00,49.00,171,1,1,1
56,197.00,1598.00,-12.00,59.00,197,1,1,1
56,199.00,1506.00,-14.00,47.00,166,1,1,1
56,354.00,1583.00,-16.00,47.00,160,1,1,1
56,560.00,1616.00,-15.00,52.00,172,1,1,1
56,564.00,1537.00,-13.00,51.00,176,1,1,1
56,593.00,230.00,21.00,111.00,292,1,1,1
56,618.00,1081.00,-7.00,39.00,165,1,1,1
57,78.00,-305.00,100.00,418.00,901,1,1,1
57,81.00,1274.00,-8.00,48.00,184,1,1,1
57,82.00,998.00,-4.00,42.00,171,1,1,1
57,83.00,1007.00,-5.00,41.00,163,1,1,1
57,116.00,1317.00,-8.00,50.00,191,1,1,1
57,178.00,1452.00,-12.00,49.00,171,1,1,1
57,197.00,1598.00,-12.00,59.00,197,1,1,1
57,199.00,1506.00,-14.00,47.00,166,1,1,1
57,354.00,1600.00,-16.00,48.00,160,1,1,1
57,560.00,1616.00,-15.00,52.00,172,1,1,1
57,564.00,1537.00,-13.00,51.00,176,1,1,1
57,593.00,230.00,21.00,111.00,292,1,1,1
57,618.00,1081.00,-7.00,39.00,164,1,1,1
58,81.00,1274.00,-8.00,48.00,184,1,1,1
58,82.00,1040.00,-5.00,42.00,172,1,1,1
58,83.00,1008.00,-5.00,41.00,163,1,1,1
58,116.00,1317.00,-8.00,50.00,191,1,1,1
58,178.00,1452.00,-12.00,49.00,171,1,1,1
58,197.00,1598.00,-12.00,59.00,197,1,1,1
58,199.00,1506.00,-14.00,47.00,166,1,1,1
58,354.00,1610.00,-16.00,47.00,160,1,1,1
58,560.00,1616.00,-15.00,52.00,172,1,1,1
58,564.00,1537.00,-13.00,51.00,176,1,1,1
58,593.00,233.00,21.00,110.00,292,1,1,1
58,618.00,1093.00,-7.00,39.00,162,1,1,1
59,81.00,1264.00,-7.00,48.00,185,1,1,1
59,82.00,1051.00,-5.00,41.00,170,1,1,1
59,83.00,1011.00,-5.00,41.00,163,1,1,1
59,116.00,1317.00,-8.00,50.00,191,1,1,1
59,178.00,1452.00,-12.00,49.00,171,1,1,1
59,197.00,1598.00,-12.00,59.00,197,1,1,1
59,199.00,1506.00,-14.00,47.00,166,1,1,1
59,354.00,1597.00,-16.00,48.00,162,1,1,1
59,560.00,1616.00,-15.00,52.00,172,1,1,1
59,564.00,1537.00,-13.00,51.00,176,1,1,1
59,593.00,233.00,21.00,110.00,292,1,1,1
59,618.00,1089.00,-7.00,39.00,159,1,1,1
60,81.00,1242.00,-7.00,48.00,185,1,1,1
60,82.00,1083.00,-6.00,40.00,167,1,1,1
60,83.00,1013.00,-6.00,40.00,163,1,1,1
60,116.00,1317.00,-8.00,50.00,191,1,1,1
60,178.00,1452.00,-12.00,49.00,171,1,1,1
60,197.00,1598.00,-12.00,59.00,197,1,1,1
60,199.00,1506.00,-14.00,47.00,166,1,1,1
60,354.00,1593.00,-16.00,47.00,161,1,1,1
60,560.00,1616.00,-15.00,52.00,172,1,1,1
60,564.00,1537.00,-13.00,51.00,176,1,1,1
60,593.00,230.00,21.00,111.00,292,1,1,1
60,618.00,1089.00,-7.00,39.00,159,1,1,1
61,81.00,1229.00,-7.00,48.00,188,1,1,1
61,82.00,1104.00,-7.00,40.00,167,1,1,1
61,83.00,1033.00,-6.00,39.00,161,1,1,1
61,84.00,5.00,60.00,250.00,603,1,1,1
61,116.00,1317.00,-8.00,50.00,191,1,1,1
61,178.00,1452.00,-12.00,49.00,171,1,1,1
61,197.00,1597.00,-12.00,59.00,197,1,1,1
61,199.00,1509.00,-14.00,48.00,167,1,1,1
61,354.00,1593.00,-16.00,47.00,161,1,1,1
61,560.00,1611.00,-15.00,52.00,172,1,1,1
61,564.00,1537.00,-13.00,51.00,176,1,1,1
61,593.00,230.00,21.00,111.00,292,1,1,1
61,618.00,1096.00,-8.00,38.00,158,1,1,1
62,81.00,1228.00,-6.00,48.00,188,1,1,1
62,82.00,1121.00,-7.00,40.00,163,1,1,1
62,83.00,1048.00,-6.00,38.00,161,1,1,1
62,84.00,284.00,49.00,202.00,551,1,1,1
62,116.00,1317.00,-8.00,50.00,191,1,1,1
62,178.00,1452.00,-12.00,49.00,171,1,1,1
62,197.00,1597.00,-12.00,59.00,197,1,1,1
62,199.00,1509.00,-14.00,48.00,167,1,1,1
62,354.00,1593.00,-16.00,47.00,161,1,1,1
62,560.00,1611.00,-15.00,52.00,172,1,1,1
62,564.00,1537.00,-13.00,51.00,176,1,1,1
62,593.00,230.00,21.00,111.00,292,1,1,1
62,618.00,1102.00,-8.00,38.00,156,1,1,1
63,81.00,1229.00,-6.00,49.00,191,1,1,1
63,82.00,1143.00,-8.00,40.00,162,1,1,1
63,83.00,1068.00,-7.00,39.00,161,1,1,1
63,84.00,490.00,42.00,173.00,519,1,1,1
63,116.00,1317.00,-8.00,50.00,191,1,1,1
63,178.00,1452.00,-12.00,49.00,171,1,1,1
63,197.00,1598.00,-12.00,59.00,197,1,1,1
63,199.00,1509.00,-14.00,48.00,167,1,1,1
63,354.00,1591.00,-16.00,48.00,162,1,1,1
63,560.00,1611.00,-15.00,52.00,172,1,1,1
63,564.00,1537.00,-13.00,51.00,176,1,1,1
63,593.00,230.00,21.00,111.00,292,1,1,1
63,618.00,1108.00,-8.00,37.00,154,1,1,1
64,81.00,1236.00,-6.00,50.00,192,1,1,1
64,82.00,1164.00,-8.00,40.00,161,1,1,1
64,83.00,1082.00,-7.00,39.00,160,1,1,1
64,84.00,696.00,35.00,146.00,488,1,1,1
64,116.00,1325.00,-8.00,51.00,192,1,1,1
64,178.00,1452.00,-12.00,49.00,171,1,1,1
64,197.00,1598.00,-12.00,59.00,197,1,1,1
64,199.00,1509.00,-14.00,48.00,167,1,1,1
64,354.00,1586.00,-16.00,48.00,161,1,1,1
64,560.00,1611.00,-15.00,52.00,172,1,1,1
64,564.00,1537.00,-13.00,51.00,176,1,1,1
64,593.00,230.00,21.00,111.00,292,1,1,1
64,618.00,1102.00,-8.00,37.00,152,1,1,1
65,81.00,1235.00,-6.00,49.00,192,1,1,1
65,82.00,1191.00,-9.00,40.00,160,1,1,1
65,83.00,1100.00,-8.00,39.00,159,1,1,1
65,84.00,773.00,34.00,140.00,488,1,1,1
65,116.00,1325.00,-8.00,51.00,192,1,1,1
65,178.00,1452.00,-12.00,49.00,171,1,1,1
65,197.00,1598.00,-12.00,59.00,197,1,1,1
65,199.00,1509.00,-14.00,48.00,167,1,1,1
65,354.00,1586.00,-16.00,48.00,161,1,1,1
65,560.00,1611.00,-15.00,52.00,172,1,1,1
65,564.00,1537.00,-13.00,51.00,176,1,1,1
65,593.00,230.00,21.00,111.00,292,1,1,1
65,618.00,1105.00,-8.00,37.00,152,1,1,1
66,81.00,1244.00,-6.00,49.00,193,1,1,1
66,82.00,1216.00,-9.00,41.00,159,1,1,1
66,83.00,1120.00,-8.00,38.00,156,1,1,1
66,84.00,1006.00,25.00,110.00,439,1,1,1
66,116.00,1337.00,-8.00,51.00,192,1,1,1
66,178.00,1452.00,-12.00,49.00,171,1,1,1
66,197.00,1598.00,-12.00,59.00,197,1,1,1
66,199.00,1509.00,-14.00,48.00,167,1,1,1
66,354.00,1586.00,-16.00,48.00,161,1,1,1
66,560.00,1611.00,-15.00,52.00,172,1,1,1
66,564.00,1537.00,-13.00,51.00,176,1,1,1
66,593.00,230.00,21.00,111.00,292,1,1,1
66,618.00,1111.00,-9.00,36.00,150,1,1,1
67,81.00,1261.00,-6.00,51.00,196,1,1,1
67,82.00,1251.00,-10.00,41.00,156,1,1,1
67,83.00,1148.00,-9.00,38.00,154,1,1,1
67,84.00,1116.00,21.00,105.00,419,1,1,1
67,116.00,1337.00,-8.00,51.00,192,1,1,1
67,178.00,1452.00,-12.00,49.00,171,1,1,1
67,197.00,1598.00,-12.00,59.00,197,1,1,1
67,199.00,1509.00,-14.00,48.00,167,1,1,1
67,354.00,1592.00,-16.00,47.00,159,1,1,1
67,560.00,1611.00,-15.00,52.00,172,1,1,1
67,564.00,1537.00,-13.00,51.00,176,1,1,1
67,593.00,230.00,21.00,111.00,292,1,1,1
67,618.00,1130.00,-9.00,36.00,146,1,1,1
68,81.00,1275.00,-6.00,51.00,196,1,1,1
68,82.00,1271.00,-11.00,40.00,153,1,1,1
68,83.00,1177.00,-10.00,38.00,152,1,1,1
68,84.00,1199.00,18.00,105.00,407,1,1,1
68,116.00,1337.00,-8.00,51.00,192,1,1,1
68,178.00,1452.00,-12.00,49.00,171,1,1,1
68,197.00,1598.00,-12.00,59.00,197,1,1,1
68,199.00,1514.00,-14.00,48.00,167,1,1,1
68,354.00,1600.00,-16.00,48.00,160,1,1,1
68,560.00,1611.00,-15.00,52.00,172,1,1,1
68,564.00,1537.00,-13.00,51.00,176,1,1,1
68,593.00,230.00,21.00,111.00,292,1,1,1
68,618.00,1140.00,-10.00,35.00,146,1,1,1
69,81.00,1285.00,-7.00,52.00,198,1,1,1
69,82.00,1281.00,-11.00,40.00,151,1,1,1
69,83.00,1204.00,-10.00,37.00,150,1,1,1
69,84.00,1310.00,12.00,102.00,374,1,1,1
69,116.00,1337.00,-8.00,51.00,192,1,1,1
69,178.00,1452.00,-12.00,49.00,171,1,1,1
69,197.00,1598.00,-12.00,59.00,197,1,1,1
69,199.00,1514.00,-14.00,48.00,167,1,1,1
69,354.00,1600.00,-16.00,48.00,160,1,1,1
69,560.00,1611.00,-15.00,52.00,172,1,1,1
69,564.00,1537.00,-13.00,51.00,176,1,1,1
69,593.00,230.00,21.00,111.00,292,1,1,1
69,618.00,1172.00,-10.00,35.00,143,1,1,1
70,81.00,1306.00,-7.00,52.00,199,1,1,1
70,82.00,1307.00,-12.00,39.00,148,1,1,1
70,83.00,1231.00,-11.00,38.00,148,1,1,1
70,84.00,1394.00,8.00,100.00,357,1,1,1
70,116.00,1347.00,-8.00,52.00,191,1,1,1
70,178.00,1452.00,-12.00,49.00,171,1,1,1
70,197.00,1615.00,-13.00,58.00,195,1,1,1
70,199.00,1514.00,-14.00,48.00,167,1,1,1
70,354.00,1600.00,-16.00,48.00,160,1,1,1
70,560.00,1611.00,-15.00,52.00,172,1,1,1
70,564.00,1537.00,-13.00,51.00,176,1,1,1
70,593.00,230.00,21.00,111.00,292,1,1,1
70,618.00,1208.00,-11.00,36.00,141,1,1,1
71,81.00,1310.00,-7.00,53.00,200,1,1,1
71,82.00,1334.00,-13.00,39.00,146,1,1,1
71,83.00,1258.00,-12.00,37.00,146,1,1,1
71,84.00,1475.00,5.00,98.00,338,1,1,1
71,116.00,1350.00,-8.00,51.00,191,1,1,1
71,178.00,1452.00,-12.00,49.00,171,1,1,1
71,197.00,1615.00,-13.00,58.00,195,1,1,1
71,199.00,1514.00,-14.00,48.00,167,1,1,1
71,354.00,1600.00,-16.00,48.00,160,1,1,1
71,560.00,1614.00,-15.00,51.00,172,1,1,1
71,564.00,1537.00,-13.00,51.00,176,1,1,1
71,593.00,230.00,21.00,111.00,292,1,1,1
71,618.00,1230.00,-12.00,36.00,140,1,1,1
72,81.00,1310.00,-7.00,53.00,200,1,1,1
72,82.00,1365.00,-14.00,39.00,145,1,1,1
72,83.00,1289.00,-13.00,38.00,143,1,1,1
72,84.00,1524.00,3.00,96.00,326,1,1,1
72,85.00,78.00,39.00,174.00,432,1,1,1
72,116.00,1338.00,-8.00,50.00,188,1,1,1
72,178.00,1452.00,-12.00,49.00,171,1,1,1
72,197.00,1615.00,-13.00,58.00,195,1,1,1
72,199.00,1514.00,-14.00,48.00,167,1,1,1
72,354.00,1600.00,-16.00,48.00,160,1,1,1
72,560.00,1614.00,-15.00,51.00,172,1,1,1
72,564.00,1537.00,-13.00,51.00,176,1,1,1
72,593.00,230.00,21.00,111.00,292,1,1,1
72,618.00,1270.00,-13.00,35.00,137,1,1,1
73,81.00,1335.00,-7.00,53.00,200,1,1,1
73,82.00,1391.00,-14.00,39.00,142,1,1,1
73,83.00,1313.00,-13.00,38.00,141,1,1,1
73,84.00,1592.00,0.00,96.00,318,1,1,1
73,85.00,187.00,36.00,161.00,417,1,1,1
73,116.00,1348.00,-9.00,51.00,188,1,1,1
73,178.00,1452.00,-12.00,49.00,171,1,1,1
73,197.00,1615.00,-13.00,58.00,195,1,1,1
73,199.00,1514.00,-14.00,48.00,167,1,1,1
73,354.00,1605.00,-16.00,47.00,160,1,1,1
73,560.00,1616.00,-15.00,52.00,172,1,1,1
73,564.00,1537.00,-13.00,51.00,176,1,1,1
73,593.00,233.00,21.00,110.00,292,1,1,1
73,618.00,1306.00,-14.00,35.00,136,1,1,1
74,81.00,1335.00,-7.00,53.00,200,1,1,1
74,82.00,1419.00,-15.00,39.00,140,1,1,1
74,83.00,1342.00,-14.00,37.00,140,1,1,1
74,84.00,1658.00,-1.00,95.00,306,1,1,1
74,85.00,360.00,30.00,139.00,392,1,1,1
74,116.00,1351.00,-9.00,50.00,187,1,1,1
74,178.00,1452.00,-12.00,49.00,171,1,1,1
74,197.00,1615.00,-13.00,58.00,195,1,1,1
74,199.00,1514.00,-14.00,48.00,167,1,1,1
74,354.00,1605.00,-16.00,47.00,160,1,1,1
74,560.00,1626.00,-15.00,52.00,172,1,1,1
74,564.00,1537.00,-13.00,51.00,176,1,1,1
74,593.00,233.00,21.00,110.00,292,1,1,1
74,618.00,1342.00,-14.00,36.00,132,1,1,1
75,81.00,1339.00,-7.00,53.00,198,1,1,1
75,82.00,1444.00,-16.00,39.00,140,1,1,1
75,83.00,1369.00,-14.00,37.00,137,1,1,1
75,84.00,1720.00,-4.00,93.00,294,1,1,1
75,85.00,496.00,25.00,123.00,370,1,1,1
75,116.00,1351.00,-9.00,50.00,187,1,1,1
75,178.00,1452.00,-12.00,49.00,171,1,1,1
75,197.00,1615.00,-13.00,58.00,195,1,1,1
75,199.00,1514.00,-14.00,48.00,167,1,1,1
75,354.00,1605.00,-16.00,47.00,160,1,1,1
75,560.00,1626.00,-15.00,52.00,172,1,1,1
75,564.00,1537.00,-13.00,51.00,176,1,1,1
75,593.00,248.00,21.00,110.00,295,1,1,1
75,618.00,1376.00,-15.00,36.00,131,1,1,1
76,81.00,1356.00,-8.00,54.00,197,1,1,1
76,82.00,1471.00,-16.00,39.00,139,1,1,1
76,83.00,1405.00,-15.00,38.00,135,1,1,1
76,84.00,1775.00,-6.00,91.00,283,1,1,1
76,85.00,598.00,22.00,113.00,355,1,1,1
76,86.00,668.00,5.00,67.00,220,1,1,1
76,87.00,909.00,-2.00,47.00,177,1,1,1
76,116.00,1351.00,-9.00,50.00,187,1,1,1
76,178.00,1452.00,-12.00,49.00,171,1,1,1
76,197.00,1615.00,-13.00,58.00,195,1,1,1
76,199.00,1514.00,-14.00,48.00,167,1,1,1
76,354.00,1607.00,-16.00,48.00,160,1,1,1
76,560.00,1626.00,-15.00,52.00,172,1,1,1
76,564.00,1537.00,-13.00,51.00,176,1,1,1
76,593.00,296.00,20.00,107.00,292,1,1,1
76,618.00,1399.00,-16.00,35.00,130,1,1,1
77,81.00,1373.00,-8.00,53.00,197,1,1,1
77,82.00,1496.00,-17.00,39.00,137,1,1,1
77,83.00,1429.00,-16.00,37.00,134,1,1,1
77,84.00,1780.00,-6.00,90.00,279,1,1,1
77,85.00,690.00,19.00,104.00,344,1,1,1
77,86.00,659.00,7.00,70.00,232,1,1,1
77,87.00,919.00,-2.00,47.00,178,1,1,1
77,116.00,1353.00,-9.00,50.00,186,1,1,1
77,178.00,1452.00,-12.00,49.00,171,1,1,1
77,197.00,1615.00,-13.00,58.00,195,1,1,1
77,199.00,1511.00,-14.00,48.00,167,1,1,1
77,354.00,1605.00,-16.00,48.00,160,1,1,1
77,560.00,1633.00,-15.00,52.00,173,1,1,1
77,564.00,1537.00,-13.00,51.00,176,1,1,1
77,593.00,326.00,19.00,104.00,288,1,1,1
77,618.00,1430.00,-16.00,36.00,128,1,1,1
78,81.00,1373.00,-8.00,53.00,197,1,1,1
78,82.00,1516.00,-17.00,39.00,135,1,1,1
78,83.00,1448.00,-16.00,38.00,132,1,1,1
78,84.00,1780.00,-6.00,90.00,279,1,1,1
78,85.00,775.00,16.00,95.00,333,1,1,1
78,86.00,648.00,9.00,75.00,246,1,1,1
78,87.00,928.00,-2.00,47.00,181,1,1,1
78,116.00,1344.00,-9.00,49.00,185,1,1,1
78,178.00,1452.00,-12.00,49.00,171,1,1,1
78,197.00,1615.00,-13.00,58.00,195,1,1,1
78,199.00,1511.00,-14.00,48.00,167,1,1,1
78,354.00,1585.00,-16.00,48.00,161,1,1,1
78,560.00,1636.00,-15.00,52.00,172,1,1,1
78,564.00,1537.00,-13.00,51.00,176,1,1,1
78,593.00,352.00,18.00,101.00,283,1,1,1
78,618.00,1457.00,-17.00,35.00,127,1,1,1
79,81.00,1377.00,-8.00,53.00,194,1,1,1
79,82.00,1536.00,-18.00,38.00,134,1,1,1
79,83.00,1479.00,-17.00,37.00,131,1,1,1
79,84.00,1780.00,-6.00,90.00,279,1,1,1
79,85.00,860.00,13.00,86.00,317,1,1,1
79,86.00,637.00,10.00,81.00,261,1,1,1
79,87.00,941.00,-2.00,47.00,182,1,1,1
79,116.00,1332.00,-9.00,49.00,183,1,1,1
79,178.00,1452.00,-12.00,49.00,171,1,1,1
79,197.00,1615.00,-13.00,58.00,195,1,1,1
79,199.00,1511.00,-14.00,48.00,167,1,1,1
79,354.00,1580.00,-16.00,48.00,162,1,1,1
79,560.00,1631.00,-15.00,52.00,172,1,1,1
79,564.00,1537.00,-13.00,51.00,176,1,1,1
79,593.00,398.00,17.00,97.00,278,1,1,1
79,618.00,1482.00,-18.00,36.00,126,1,1,1
80,81.00,1381.00,-9.00,52.00,192,1,1,1
80,82.00,1559.00,-18.00,38.00,132,1,1,1
80,83.00,1501.00,-18.00,37.00,129,1,1,1
80,84.00,1784.00,-6.00,90.00,279,1,1,1
80,85.00,952.00,10.00,79.00,306,1,1,1
80,86.00,632.00,12.00,85.00,275,1,1,1
80,87.00,942.00,-2.00,48.00,182,1,1,1
80,88.00,645.00,5.00,67.00,216,1,1,1
80,116.00,1333.00,-9.00,49.00,182,1,1,1
80,178.00,1450.00,-12.00,48.00,171,1,1,1
80,197.00,1615.00,-13.00,58.00,195,1,1,1
80,199.00,1514.00,-14.00,48.00,167,1,1,1
80,354.00,1589.00,-16.00,48.00,163,1,1,1
80,560.00,1613.00,-15.00,51.00,172,1,1,1
80,564.00,1537.00,-13.00,51.00,176,1,1,1
80,593.00,458.00,15.00,92.00,270,1,1,1
80,618.00,1502.00,-18.00,35.00,124,1,1,1
81,81.00,1369.00,-9.00,52.00,190,1,1,1
81,82.00,1583.00,-19.00,39.00,131,1,1,1
81,83.00,1530.00,-18.00,37.00,127,1,1,1
81,84.00,1818.00,-7.00,92.00,282,1,1,1
81,85.00,1031.00,8.00,73.00,300,1,1,1
81,86.00,628.00,14.00,91.00,292,1,1,1
81,87.00,942.00,-2.00,48.00,182,1,1,1
81,88.00,677.00,6.00,69.00,226,1,1,1
81,116.00,1331.00,-9.00,49.00,180,1,1,1
81,178.00,1450.00,-12.00,48.00,171,1,1,1
81,197.00,1617.00,-13.00,59.00,196,1,1,1
81,199.00,1509.00,-14.00,48.00,167,1,1,1
81,354.00,1584.00,-15.00,49.00,163,1,1,1
81,560.00,1611.00,-15.00,51.00,172,1,1,1
81,564.00,1537.00,-13.00,51.00,176,1,1,1
81,593.00,540.00,12.00,85.00,263,1,1,1
81,618.00,1527.00,-19.00,36.00,123,1,1,1
82,81.00,1353.00,-9.00,51.00,187,1,1,1
82,82.00,1609.00,-19.00,38.00,129,1,1,1
82,83.00,1551.00,-19.00,37.00,126,1,1,1
82,84.00,1855.00,-7.00,93.00,280,1,1,1
82,85.00,1098.00,6.00,72.00,294,1,1,1
82,86.00,611.00,17.00,98.00,313,1,1,1
82,87.00,942.00,-2.00,48.00,182,1,1,1
82,88.00,692.00,7.00,71.00,239,1,1,1
82,116.00,1319.00,-9.00,48.00,178,1,1,1
82,178.00,1450.00,-12.00,48.00,171,1,1,1
82,197.00,1617.00,-13.00,59.00,196,1,1,1
82,199.00,1512.00,-14.00,48.00,166,1,1,1
82,354.00,1584.00,-15.00,49.00,163,1,1,1
82,560.00,1611.00,-15.00,51.00,172,1,1,1
82,564.00,1539.00,-13.00,51.00,176,1,1,1
82,593.00,569.00,12.00,84.00,260,1,1,1
82,618.00,1557.00,-19.00,35.00,121,1,1,1
83,81.00,1344.00,-9.00,49.00,184,1,1,1
83,82.00,1625.00,-20.00,38.00,128,1,1,1
83,83.00,1577.00,-19.00,36.00,124,1,1,1
83,84.00,1887.00,-9.00,90.00,269,1,1,1
83,85.00,1166.00,4.00,72.00,288,1,1,1
83,86.00,588.00,20.00,107.00,338,1,1,1
83,87.00,942.00,-2.00,48.00,182,1,1,1
83,88.00,707.00,8.00,74.00,251,1,1,1
83,116.00,1314.00,-9.00,47.00,178,1,1,1
83,178.00,1447.00,-12.00,48.00,171,1,1,1
83,197.00,1617.00,-13.00,59.00,196,1,1,1
83,199.00,1507.00,-14.00,48.00,165,1,1,1
83,354.00,1584.00,-15.00,49.00,163,1,1,1
83,560.00,1611.00,-15.00,51.00,172,1,1,1
83,564.00,1539.00,-13.00,51.00,176,1,1,1
83,593.00,606.00,11.00,81.00,258,1,1,1
83,618.00,1580.00,-20.00,36.00,121,1,1,1
84,81.00,1347.00,-9.00,49.00,182,1,1,1
84,82.00,1648.00,-21.00,38.00,126,1,1,1
84,83.00,1595.00,-20.00,36.00,124,1,1,1
84,85.00,1277.00,2.00,75.00,283,1,1,1
84,86.00,550.00,23.00,117.00,363,1,1,1
84,87.00,956.00,-2.00,47.00,183,1,1,1
84,88.00,721.00,10.00,78.00,264,1,1,1
84,116.00,1305.00,-9.00,47.00,178,1,1,1
84,178.00,1452.00,-12.00,48.00,171,1,1,1
84,197.00,1617.00,-13.00,59.00,196,1,1,1
84,199.00,1507.00,-14.00,48.00,165,1,1,1
84,354.00,1584.00,-15.00,49.00,163,1,1,1
84,560.00,1613.00,-15.00,52.00,172,1,1,1
84,564.00,1539.00,-13.00,51.00,176,1,1,1
84,593.00,639.00,10.00,78.00,252,1,1,1
84,618.00,1601.00,-20.00,36.00,119,1,1,1
85,81.00,1368.00,-9.00,50.00,183,1,1,1
85,82.00,1660.00,-21.00,38.00,125,1,1,1
85,83.00,1613.00,-20.00,37.00,122,1,1,1
85,85.00,1379.00,1.00,80.00,289,1,1,1
85,86.00,509.00,28.00,130.00,392,1,1,1
85,87.00,966.00,-2.00,47.00,185,1,1,1
85,88.00,689.00,12.00,84.00,279,1,1,1
85,90.00,674.00,5.00,65.00,216,1,1,1
85,92.00,1069.00,-7.00,37.00,154,1,1,1
85,116.00,1314.00,-9.00,47.00,178,1,1,1
85,178.00,1452.00,-12.00,48.00,171,1,1,1
85,197.00,1617.00,-13.00,59.00,196,1,1,1
85,199.00,1507.00,-14.00,48.00,165,1,1,1
85,354.00,1584.00,-15.00,49.00,163,1,1,1
85,560.00,1613.00,-15.00,52.00,172,1,1,1
85,564.00,1539.00,-13.00,51.00,176,1,1,1
85,593.00,679.00,9.00,76.00,251,1,1,1
85,618.00,1635.00,-21.00,36.00,118,1,1,1
85,1109.00,893.00,-2.00,49.00,180,1,1,1
86,81.00,1390.00,-10.00,51.00,185,1,1,1
86,82.00,1677.00,-21.00,37.00,123,1,1,1
86,83.00,1625.00,-21.00,36.00,121,1,1,1
86,85.00,1488.00,0.00,86.00,299,1,1,1
86,86.00,433.00,33.00,148.00,430,1,1,1
86,87.00,984.00,-2.00,48.00,189,1,1,1
86,88.00,673.00,14.00,90.00,296,1,1,1
86,90.00,669.00,6.00,70.00,229,1,1,1
86,92.00,1092.00,-8.00,38.00,156,1,1,1
86,93.00,839.00,0.00,52.00,188,1,1,1
86,116.00,1337.00,-9.00,48.00,180,1,1,1
86,178.00,1452.00,-12.00,48.00,171,1,1,1
86,197.00,1617.00,-13.00,59.00,196,1,1,1
86,199.00,1498.00,-14.00,47.00,164,1,1,1
86,354.00,1584.00,-15.00,49.00,163,1,1,1
86,560.00,1613.00,-15.00,52.00,172,1,1,1
86,564.00,1539.00,-13.00,51.00,176,1,1,1
86,593.00,748.00,7.00,71.00,243,1,1,1
86,618.00,1643.00,-21.00,35.00,117,1,1,1
86,1109.00,898.00,-1.00,49.00,184,1,1,1
87,81.00,1402.00,-10.00,51.00,187,1,1,1
87,82.00,1692.00,-22.00,38.00,123,1,1,1
87,83.00,1630.00,-21.00,36.00,119,1,1,1
87,85.00,1592.00,0.00,96.00,318,1,1,1
87,86.00,349.00,40.00,170.00,477,1,1,1
87,87.00,1020.00,-3.00,47.00,192,1,1,1
87,88.00,611.00,17.00,100.00,319,1,1,1
87,90.00,647.00,8.00,75.00,243,1,1,1
87,92.00,1105.00,-8.00,37.00,155,1,1,1
87,93.00,850.00,0.00,52.00,192,1,1,1
87,116.00,1335.00,-9.00,50.00,183,1,1,1
87,178.00,1454.00,-12.00,48.00,171,1,1,1
87,197.00,1617.00,-13.00,59.00,196,1,1,1
87,199.00,1498.00,-14.00,47.00,164,1,1,1
87,354.00,1584.00,-15.00,49.00,163,1,1,1
87,560.00,1613.00,-15.00,52.00,172,1,1,1
87,564.00,1537.00,-13.00,51.00,176,1,1,1
87,593.00,796.00,5.00,67.00,240,1,1,1
87,618.00,1655.00,-22.00,35.00,116,1,1,1
87,1109.00,899.00,-1.00,51.00,188,1,1,1
88,81.00,1401.00,-10.00,51.00,185,1,1,1
88,82.00,1706.00,-22.00,37.00,121,1,1,1
88,83.00,1658.00,-22.00,36.00,118,1,1,1
88,85.00,1720.00,0.00,104.00,329,1,1,1
88,86.00,257.00,47.00,198.00,530,1,1,1
88,87.00,1034.00,-2.00,48.00,196,1,1,1
88,88.00,529.00,21.00,111.00,338,1,1,1
88,90.00,635.00,10.00,80.00,259,1,1,1
88,92.00,1110.00,-8.00,37.00,155,1,1,1
88,93.00,875.00,0.00,53.00,195,1,1,1
88,116.00,1336.00,-9.00,49.00,185,1,1,1
88,178.00,1449.00,-12.00,49.00,171,1,1,1
88,197.00,1617.00,-13.00,59.00,196,1,1,1
88,199.00,1506.00,-14.00,47.00,164,1,1,1
88,354.00,1584.00,-15.00,49.00,163,1,1,1
88,560.00,1613.00,-15.00,52.00,172,1,1,1
88,564.00,1537.00,-13.00,51.00,176,1,1,1
88,593.00,847.00,4.00,64.00,234,1,1,1
88,618.00,1656.00,-22.00,34.00,114,1,1,1
88,1109.00,926.00,-1.00,50.00,193,1,1,1
89,81.00,1401.00,-10.00,51.00,185,1,1,1
89,82.00,1723.00,-22.00,37.00,119,1,1,1
89,83.00,1673.00,-22.00,36.00,116,1,1,1
89,85.00,1868.00,-1.00,115.00,344,1,1,1
89,86.00,121.00,58.00,238.00,603,1,1,1
89,87.00,1065.00,-2.00,48.00,199,1,1,1
89,88.00,445.00,25.00,124.00,365,1,1,1
89,90.00,609.00,13.00,88.00,278,1,1,1
89,92.00,1119.00,-8.00,38.00,155,1,1,1
89,93.00,888.00,0.00,53.00,200,1,1,1
89,116.00,1345.00,-9.00,50.00,185,1,1,1
89,178.00,1449.00,-12.00,49.00,171,1,1,1
89,197.00,1617.00,-13.00,59.00,196,1,1,1
89,199.00,1512.00,-14.00,47.00,164,1,1,1
89,354.00,1584.00,-15.00,49.00,163,1,1,1
89,560.00,1613.00,-15.00,52.00,172,1,1,1
89,564.00,1539.00,-13.00,51.00,176,1,1,1
89,593.00,894.00,3.00,61.00,228,1,1,1
89,618.00,1674.00,-22.00,34.00,113,1,1,1
89,1109.00,930.00,-1.00,51.00,196,1,1,1
90,81.00,1406.00,-10.00,52.00,187,1,1,1
90,82.00,1737.00,-23.00,37.00,118,1,1,1
90,83.00,1681.00,-22.00,35.00,114,1,1,1
90,86.00,-69.00,72.00,297.00,698,1,1,1
90,87.00,1086.00,-2.00,50.00,205,1,1,1
90,88.00,353.00,30.00,141.00,396,1,1,1
90,90.00,601.00,15.00,94.00,297,1,1,1
90,92.00,1122.00,-8.00,38.00,156,1,1,1
90,93.00,892.00,0.00,55.00,205,1,1,1
90,116.00,1346.00,-9.00,50.00,186,1,1,1
90,178.00,1452.00,-12.00,48.00,171,1,1,1
90,197.00,1617.00,-13.00,59.00,196,1,1,1
90,199.00,1514.00,-14.00,48.00,166,1,1,1
90,354.00,1584.00,-15.00,49.00,163,1,1,1
90,560.00,1613.00,-15.00,52.00,172,1,1,1
90,564.00,1539.00,-13.00,51.00,176,1,1,1
90,593.00,927.00,2.00,59.00,226,1,1,1
90,618.00,1687.00,-23.00,34.00,112,1,1,1
90,1109.00,944.00,0.00,52.00,199,1,1,1
91,81.00,1419.00,-10.00,53.00,190,1,1,1
91,82.00,1755.00,-23.00,37.00,116,1,1,1
91,83.00,1692.00,-23.00,35.00,114,1,1,1
91,86.00,-188.00,84.00,349.00,784,1,1,1
91,87.00,1098.00,-2.00,51.00,210,1,1,1
91,88.00,279.00,35.00,158.00,427,1,1,1
91,90.00,595.00,18.00,101.00,320,1,1,1
91,92.00,1128.00,-8.00,38.00,156,1,1,1
91,93.00,899.00,0.00,56.00,210,1,1,1
91,94.00,793.00,1.00,57.00,200,1,1,1
91,116.00,1346.00,-9.00,50.00,187,1,1,1
91,178.00,1452.00,-12.00,48.00,171,1,1,1
91,197.00,1617.00,-13.00,59.00,196,1,1,1
91,199.00,1517.00,-14.00,48.00,166,1,1,1
91,354.00,1587.00,-15.00,48.00,164,1,1,1
91,560.00,1613.00,-15.00,52.00,172,1,1,1
91,564.00,1539.00,-13.00,51.00,176,1,1,1
91,593.00,966.00,1.00,56.00,221,1,1,1
91,618.00,1698.00,-23.00,34.00,110,1,1,1
91,1109.00,944.00,0.00,52.00,203,1,1,1
92,81.00,1419.00,-9.00,53.00,191,1,1,1
92,82.00,1771.00,-24.00,37.00,116,1,1,1
92,83.00,1708.00,-23.00,34.00,112,1,1,1
92,87.00,1121.00,-2.00,53.00,216,1,1,1
92,88.00,161.00,43.00,185.00,474,1,1,1
92,90.00,573.00,22.00,113.00,353,1,1,1
92,92.00,1121.00,-8.00,38.00,158,1,1,1
92,93.00,889.00,1.00,57.00,212,1,1,1
92,94.00,809.00,1.00,57.00,205,1,1,1
92,116.00,1356.00,-9.00,51.00,188,1,1,1
92,178.00,1452.00,-12.00,48.00,171,1,1,1
92,197.00,1617.00,-13.00,59.00,196,1,1,1
92,199.00,1512.00,-14.00,48.00,166,1,1,1
92,354.00,1587.00,-15.00,48.00,164,1,1,1
92,560.00,1613.00,-15.00,52.00,172,1,1,1
92,564.00,1539.00,-13.00,51.00,176,1,1,1
92,593.00,1020.00,0.00,53.00,215,1,1,1
92,1109.00,941.00,0.00,54.00,208,1,1,1
93,81.00,1426.00,-9.00,55.00,195,1,1,1
93,82.00,1783.00,-24.00,37.00,114,1,1,1
93,87.00,1139.00,-1.00,55.00,222,1,1,1
93,88.00,12.00,51.00,219.00,529,1,1,1
93,90.00,542.00,27.00,127.00,391,1,1,1
93,92.00,1127.00,-8.00,38.00,158,1,1,1
93,93.00,899.00,1.00,58.00,217,1,1,1
93,94.00,819.00,1.00,58.00,207,1,1,1
93,95.00,1012.00,-6.00,40.00,163,1,1,1
93,116.00,1359.00,-9.00,52.00,191,1,1,1
93,178.00,1449.00,-12.00,49.00,171,1,1,1
93,197.00,1617.00,-13.00,59.00,196,1,1,1
93,199.00,1512.00,-14.00,48.00,166,1,1,1
93,354.00,1587.00,-15.00,48.00,164,1,1,1
93,560.00,1613.00,-15.00,52.00,172,1,1,1
93,564.00,1539.00,-13.00,51.00,176,1,1,1
93,593.00,1068.00,-1.00,51.00,210,1,1,1
93,1109.00,943.00,0.00,55.00,213,1,1,1
94,81.00,1431.00,-9.00,55.00,196,1,1,1
94,87.00,1165.00,-1.00,58.00,229,1,1,1
94,90.00,479.00,32.00,143.00,428,1,1,1
94,92.00,1121.00,-8.00,39.00,161,1,1,1
94,94.00,808.00,2.00,60.00,212,1,1,1
94,95.00,1023.00,-6.00,40.00,162,1,1,1
94,116.00,1339.00,-8.00,51.00,188,1,1,1
94,178.00,1446.00,-12.00,48.00,171,1,1,1
94,197.00,1609.00,-12.00,59.00,194,1,1,1
94,199.00,1500.00,-14.00,47.00,166,1,1,1
94,354.00,1575.00,-15.00,48.00,162,1,1,1
94,560.00,1606.00,-15.00,51.00,171,1,1,1
94,564.00,1541.00,-13.00,51.00,176,1,1,1
94,593.00,1087.00,-2.00,50.00,205,1,1,1
94,1109.00,909.00,1.00,58.00,220,1,1,1
95,81.00,1420.00,-9.00,55.00,194,1,1,1
95,87.00,1191.00,-1.00,60.00,237,1,1,1
95,90.00,395.00,41.00,174.00,499,1,1,1
95,92.00,1138.00,-8.00,40.00,164,1,1,1
95,94.00,839.00,2.00,59.00,213,1,1,1
95,95.00,1057.00,-6.00,39.00,161,1,1,1
95,116.00,1337.00,-8.00,51.00,189,1,1,1
95,178.00,1446.00,-12.00,48.00,171,1,1,1
95,197.00,1609.00,-12.00,59.00,194,1,1,1
95,199.00,1503.00,-14.00,48.00,165,1,1,1
95,354.00,1575.00,-15.00,48.00,162,1,1,1
95,560.00,1610.00,-15.00,51.00,171,1,1,1
95,564.00,1541.00,-13.00,51.00,176,1,1,1
95,593.00,1115.00,-3.00,49.00,199,1,1,1
95,1020.00,1203.00,-12.00,34.00,135,1,1,1
95,1109.00,915.00,1.00,58.00,220,1,1,1
96,81.00,1420.00,-9.00,55.00,194,1,1,1
96,87.00,1174.00,0.00,62.00,245,1,1,1
96,90.00,296.00,49.00,201.00,550,1,1,1
96,92.00,1134.00,-7.00,41.00,166,1,1,1
96,93.00,998.00,1.00,56.00,226,1,1,1
96,94.00,842.00,2.00,59.00,217,1,1,1
96,95.00,1049.00,-6.00,40.00,163,1,1,1
96,116.00,1337.00,-8.00,51.00,189,1,1,1
96,178.00,1445.00,-12.00,48.00,170,1,1,1
96,197.00,1609.00,-12.00,59.00,194,1,1,1
96,199.00,1502.00,-14.00,47.00,166,1,1,1
96,354.00,1578.00,-15.00,48.00,162,1,1,1
96,560.00,1610.00,-15.00,51.00,171,1,1,1
96,564.00,1541.00,-13.00,51.00,176,1,1,1
96,593.00,1166.00,-5.00,49.00,196,1,1,1
96,1020.00,1244.00,-13.00,35.00,135,1,1,1
96,1021.00,1142.00,-10.00,35.00,145,1,1,1
96,1109.00,902.00,2.00,59.00,224,1,1,1
97,81.00,1420.00,-9.00,55.00,194,1,1,1
97,87.00,1196.00,0.00,64.00,253,1,1,1
97,90.00,114.00,63.00,255.00,642,1,1,1
97,92.00,1136.00,-7.00,41.00,168,1,1,1
97,93.00,1004.00,1.00,57.00,230,1,1,1
97,94.00,842.00,2.00,59.00,217,1,1,1
97,95.00,1061.00,-6.00,39.00,163,1,1,1
97,116.00,1350.00,-8.00,51.00,189,1,1,1
97,178.00,1445.00,-12.00,48.00,170,1,1,1
97,197.00,1609.00,-12.00,59.00,194,1,1,1
97,199.00,1504.00,-14.00,47.00,166,1,1,1
97,354.00,1578.00,-15.00,48.00,162,1,1,1
97,560.00,1610.00,-15.00,51.00,171,1,1,1
97,564.00,1541.00,-13.00,51.00,176,1,1,1
97,593.00,1200.00,-6.00,48.00,190,1,1,1
97,1020.00,1287.00,-13.00,35.00,133,1,1,1
97,1021.00,1189.00,-10.00,37.00,146,1,1,1
97,1109.00,920.00,2.00,59.00,226,1,1,1
98,81.00,1420.00,-9.00,55.00,194,1,1,1
98,87.00,1230.00,0.00,66.00,256,1,1,1
98,90.00,-140.00,85.00,348.00,795,1,1,1
98,92.00,1136.00,-7.00,41.00,171,1,1,1
98,93.00,1000.00,1.00,57.00,230,1,1,1
98,94.00,842.00,2.00,59.00,217,1,1,1
98,95.00,1069.00,-6.00,39.00,163,1,1,1
98,116.00,1350.00,-8.00,51.00,189,1,1,1
98,178.00,1445.00,-12.00,48.00,170,1,1,1
98,197.00,1609.00,-12.00,59.00,194,1,1,1
98,199.00,1504.00,-14.00,47.00,166,1,1,1
98,354.00,1574.00,-15.00,47.00,162,1,1,1
98,560.00,1609.00,-15.00,51.00,172,1,1,1
98,564.00,1541.00,-13.00,51.00,176,1,1,1
98,593.00,1227.00,-7.00,48.00,186,1,1,1
98,1020.00,1334.00,-14.00,35.00,132,1,1,1
98,1021.00,1236.00,-11.00,38.00,148,1,1,1
98,1109.00,915.00,2.00,60.00,229,1,1,1
99,81.00,1420.00,-9.00,55.00,194,1,1,1
99,87.00,1219.00,0.00,66.00,255,1,1,1
99,92.00,1146.00,-7.00,42.00,173,1,1,1
99,93.00,999.00,1.00,58.00,233,1,1,1
99,94.00,846.00,2.00,60.00,218,1,1,1
99,95.00,1087.00,-7.00,39.00,165,1,1,1
99,116.00,1350.00,-8.00,51.00,189,1,1,1
99,178.00,1445.00,-12.00,48.00,170,1,1,1
99,197.00,1609.00,-12.00,59.00,194,1,1,1
99,199.00,1506.00,-14.00,48.00,166,1,1,1
99,354.00,1574.00,-15.00,47.00,162,1,1,1
99,560.00,1614.00,-15.00,51.00,172,1,1,1
99,564.00,1541.00,-13.00,51.00,176,1,1,1
99,593.00,1239.00,-7.00,47.00,181,1,1,1
99,1020.00,1375.00,-15.00,35.00,130,1,1,1
99,1021.00,1275.00,-11.00,39.00,150,1,1,1
99,1109.00,913.00,2.00,60.00,229,1,1,1
100,81.00,1418.00,-9.00,54.00,194,1,1,1
100,87.00,1154.00,1.00,64.00,258,1,1,1
100,92.00,1149.00,-7.00,42.00,173,1,1,1
100,93.00,1014.00,1.00,57.00,233,1,1,1
100,94.00,859.00,2.00,59.00,215,1,1,1
100,95.00,1103.00,-7.00,40.00,166,1,1,1
100,116.00,1344.00,-8.00,52.00,190,1,1,1
100,178.00,1445.00,-12.00,48.00,170,1,1,1
100,197.00,1609.00,-12.00,59.00,194,1,1,1
100,199.00,1520.00,-14.00,47.00,166,1,1,1
100,354.00,1577.00,-15.00,48.00,162,1,1,1
100,560.00,1611.00,-15.00,52.00,172,1,1,1
100,564.00,1541.00,-13.00,51.00,176,1,1,1
100,593.00,1267.00,-8.00,47.00,179,1,1,1
100,1020.00,1417.00,-16.00,36.00,129,1,1,1
100,1021.00,1303.00,-12.00,40.00,152,1,1,1
100,1109.00,913.00,2.00,60.00,229,1,1,1
101,81.00,1418.00,-9.00,54.00,194,1,1,1
101,87.00,1119.00,2.00,62.00,254,1,1,1
101,92.00,1166.00,-7.00,43.00,173,1,1,1
101,93.00,1020.00,1.00,57.00,232,1,1,1
101,94.00,885.00,1.00,58.00,217,1,1,1
101,95.00,1092.00,-6.00,41.00,168,1,1,1
101,116.00,1344.00,-8.00,52.00,190,1,1,1
101,178.00,1445.00,-12.00,48.00,170,1,1,1
101,197.00,1609.00,-12.00,59.00,194,1,1,1
101,199.00,1533.00,-14.00,48.00,167,1,1,1
101,354.00,1584.00,-15.00,48.00,163,1,1,1
101,560.00,1611.00,-15.00,52.00,172,1,1,1
101,564.00,1541.00,-13.00,51.00,176,1,1,1
101,593.00,1266.00,-9.00,45.00,176,1,1,1
101,1020.00,1453.00,-17.00,36.00,127,1,1,1
101,1021.00,1329.00,-12.00,40.00,151,1,1,1
101,1109.00,920.00,2.00,60.00,229,1,1,1
102,81.00,1418.00,-9.00,54.00,194,1,1,1
102,87.00,1053.00,2.00,61.00,251,1,1,1
102,92.00,1149.00,-6.00,44.00,177,1,1,1
102,93.00,1016.00,0.00,56.00,227,1,1,1
102,94.00,885.00,1.00,58.00,217,1,1,1
102,95.00,1111.00,-6.00,41.00,169,1,1,1
102,116.00,1344.00,-8.00,52.00,190,1,1,1
102,178.00,1443.00,-12.00,47.00,170,1,1,1
102,197.00,1609.00,-12.00,59.00,194,1,1,1
102,199.00,1524.00,-14.00,48.00,167,1,1,1
102,354.00,1584.00,-15.00,48.00,163,1,1,1
102,560.00,1614.00,-15.00,51.00,172,1,1,1
102,564.00,1541.00,-13.00,51.00,176,1,1,1
102,593.00,1281.00,-9.00,45.00,172,1,1,1
102,1020.00,1490.00,-18.00,36.00,126,1,1,1
102,1021.00,1361.00,-13.00,41.00,152,1,1,1
102,1109.00,921.00,2.00,60.00,230,1,1,1
103,81.00,1418.00,-9.00,54.00,194,1,1,1
103,87.00,1032.00,2.00,60.00,245,1,1,1
103,92.00,1158.00,-6.00,44.00,177,1,1,1
103,93.00,1016.00,0.00,56.00,227,1,1,1
103,94.00,899.00,1.00,57.00,216,1,1,1
103,95.00,1113.00,-6.00,42.00,173,1,1,1
103,116.00,1344.00,-8.00,52.00,190,1,1,1
103,178.00,1443.00,-12.00,47.00,170,1,1,1
103,197.00,1609.00,-12.00,59.00,194,1,1,1
103,199.00,1509.00,-14.00,47.00,166,1,1,1
103,354.00,1584.00,-15.00,48.00,163,1,1,1
103,560.00,1614.00,-15.00,51.00,172,1,1,1
103,564.00,1541.00,-13.00,51.00,176,1,1,1
103,593.00,1283.00,-10.00,45.00,169,1,1,1
103,1020.00,1524.00,-19.00,35.00,124,1,1,1
103,1021.00,1373.00,-13.00,41.00,153,1,1,1
103,1109.00,921.00,2.00,60.00,230,1,1,1
104,81.00,1417.00,-9.00,54.00,195,1,1,1
104,87.00,1023.00,2.00,59.00,241,1,1,1
104,92.00,1173.00,-6.00,45.00,180,1,1,1
104,93.00,1053.00,0.00,55.00,228,1,1,1
104,94.00,919.00,1.00,56.00,215,1,1,1
104,95.00,1119.00,-6.00,43.00,177,1,1,1
104,116.00,1358.00,-9.00,51.00,190,1,1,1
104,178.00,1453.00,-12.00,49.00,172,1,1,1
104,197.00,1619.00,-13.00,58.00,195,1,1,1
104,199.00,1504.00,-14.00,47.00,165,1,1,1
104,354.00,1587.00,-15.00,48.00,164,1,1,1
104,560.00,1605.00,-15.00,51.00,171,1,1,1
104,564.00,1541.00,-13.00,51.00,176,1,1,1
104,593.00,1289.00,-10.00,43.00,166,1,1,1
104,1020.00,1560.00,-19.00,35.00,122,1,1,1
104,1021.00,1406.00,-13.00,42.00,152,1,1,1
104,1109.00,900.00,3.00,61.00,230,1,1,1
105,81.00,1423.00,-9.00,54.00,194,1,1,1
105,87.00,1026.00,1.00,58.00,239,1,1,1
105,92.00,1184.00,-6.00,46.00,183,1,1,1
105,93.00,1032.00,0.00,55.00,228,1,1,1
105,94.00,910.00,1.00,57.00,215,1,1,1
105,95.00,1126.00,-6.00,44.00,181,1,1,1
105,116.00,1360.00,-9.00,52.00,191,1,1,1
105,178.00,1448.00,-12.00,48.00,170,1,1,1
105,197.00,1613.00,-13.00,59.00,195,1,1,1
105,199.00,1502.00,-14.00,48.00,165,1,1,1
105,354.00,1587.00,-15.00,49.00,163,1,1,1
105,560.00,1608.00,-15.00,51.00,172,1,1,1
105,564.00,1543.00,-13.00,51.00,176,1,1,1
105,593.00,1300.00,-10.00,43.00,163,1,1,1
105,1020.00,1594.00,-20.00,36.00,120,1,1,1
105,1021.00,1409.00,-13.00,43.00,153,1,1,1
105,1109.00,896.00,3.00,61.00,230,1,1,1
106,81.00,1425.00,-9.00,54.00,194,1,1,1
106,87.00,1015.00,2.00,59.00,239,1,1,1
106,92.00,1190.00,-6.00,47.00,187,1,1,1
106,93.00,1049.00,0.00,55.00,227,1,1,1
106,94.00,905.00,1.00,57.00,216,1,1,1
106,95.00,1120.00,-5.00,45.00,186,1,1,1
106,116.00,1355.00,-9.00,52.00,190,1,1,1
106,178.00,1451.00,-12.00,48.00,171,1,1,1
106,197.00,1613.00,-13.00,59.00,195,1,1,1
106,199.00,1501.00,-14.00,47.00,165,1,1,1
106,354.00,1588.00,-15.00,49.00,163,1,1,1
106,560.00,1616.00,-15.00,52.00,173,1,1,1
106,564.00,1527.00,-13.00,51.00,175,1,1,1
106,593.00,1291.00,-11.00,42.00,160,1,1,1
106,1020.00,1621.00,-21.00,35.00,119,1,1,1
106,1021.00,1410.00,-13.00,43.00,154,1,1,1
106,1109.00,896.00,3.00,61.00,231,1,1,1
107,81.00,1429.00,-9.00,55.00,195,1,1,1
107,87.00,1023.00,1.00,59.00,238,1,1,1
107,92.00,1214.00,-6.00,50.00,194,1,1,1
107,93.00,1028.00,0.00,55.00,227,1,1,1
107,94.00,911.00,1.00,57.00,214,1,1,1
107,95.00,1124.00,-4.00,47.00,191,1,1,1
107,116.00,1351.00,-8.00,51.00,191,1,1,1
107,178.00,1451.00,-12.00,48.00,171,1,1,1
107,197.00,1608.00,-13.00,58.00,195,1,1,1
107,199.00,1498.00,-14.00,47.00,165,1,1,1
107,354.00,1575.00,-15.00,48.00,162,1,1,1
107,560.00,1607.00,-15.00,51.00,172,1,1,1
107,564.00,1527.00,-13.00,51.00,175,1,1,1
107,593.00,1302.00,-11.00,42.00,157,1,1,1
107,1019.00,1164.00,-10.00,36.00,145,1,1,1
107,1020.00,1647.00,-21.00,35.00,116,1,1,1
107,1021.00,1398.00,-13.00,43.00,155,1,1,1
107,1109.00,868.00,3.00,63.00,232,1,1,1
108,81.00,1426.00,-9.00,55.00,195,1,1,1
108,87.00,1015.00,2.00,59.00,238,1,1,1
108,92.00,1218.00,-5.00,50.00,197,1,1,1
108,93.00,1030.00,0.00,56.00,227,1,1,1
108,94.00,915.00,1.00,56.00,215,1,1,1
108,95.00,1145.00,-4.00,48.00,197,1,1,1
108,116.00,1353.00,-8.00,52.00,191,1,1,1
108,178.00,1449.00,-12.00,49.00,171,1,1,1
108,197.00,1608.00,-13.00,58.00,194,1,1,1
108,199.00,1507.00,-14.00,48.00,166,1,1,1
108,354.00,1555.00,-15.00,47.00,161,1,1,1
108,560.00,1609.00,-15.00,52.00,173,1,1,1
108,564.00,1534.00,-13.00,51.00,176,1,1,1
108,593.00,1312.00,-11.00,42.00,156,1,1,1
108,1019.00,1183.00,-10.00,37.00,145,1,1,1
108,1020.00,1663.00,-22.00,34.00,114,1,1,1
108,1021.00,1385.00,-13.00,43.00,155,1,1,1
108,1109.00,887.00,3.00,62.00,232,1,1,1
109,81.00,1428.00,-9.00,55.00,194,1,1,1
109,87.00,998.00,2.00,58.00,236,1,1,1
109,92.00,1239.00,-5.00,52.00,200,1,1,1
109,93.00,1029.00,0.00,55.00,227,1,1,1
109,94.00,915.00,1.00,56.00,215,1,1,1
109,95.00,1151.00,-4.00,51.00,204,1,1,1
109,116.00,1348.00,-8.00,52.00,191,1,1,1
109,178.00,1452.00,-12.00,48.00,171,1,1,1
109,197.00,1606.00,-12.00,59.00,194,1,1,1
109,199.00,1506.00,-14.00,48.00,166,1,1,1
109,354.00,1555.00,-15.00,47.00,161,1,1,1
109,560.00,1602.00,-15.00,52.00,172,1,1,1
109,564.00,1535.00,-13.00,51.00,176,1,1,1
109,593.00,1319.00,-12.00,41.00,155,1,1,1
109,1019.00,1210.00,-11.00,37.00,147,1,1,1
109,1020.00,1702.00,-23.00,34.00,110,1,1,1
109,1021.00,1386.00,-13.00,42.00,156,1,1,1
109,1109.00,865.00,4.00,64.00,233,1,1,1
109,1174.00,1197.00,-12.00,35.00,137,1,1,1
110,81.00,1426.00,-9.00,55.00,195,1,1,1
110,87.00,987.00,2.00,60.00,236,1,1,1
110,92.00,1274.00,-5.00,54.00,206,1,1,1
110,93.00,1036.00,0.00,55.00,227,1,1,1
110,94.00,908.00,1.00,57.00,215,1,1,1
110,95.00,1190.00,-4.00,52.00,208,1,1,1
110,116.00,1356.00,-8.00,52.00,191,1,1,1
110,178.00,1454.00,-12.00,48.00,171,1,1,1
110,197.00,1612.00,-12.00,58.00,194,1,1,1
110,199.00,1504.00,-14.00,48.00,166,1,1,1
110,354.00,1555.00,-15.00,47.00,161,1,1,1
110,560.00,1613.00,-15.00,52.00,172,1,1,1
110,564.00,1535.00,-13.00,51.00,176,1,1,1
110,593.00,1332.00,-12.00,41.00,152,1,1,1
110,1019.00,1232.00,-11.00,38.00,146,1,1,1
110,1020.00,1697.00,-23.00,35.00,112,1,1,1
110,1021.00,1390.00,-13.00,43.00,157,1,1,1
110,1109.00,887.00,3.00,62.00,232,1,1,1
110,1174.00,1231.00,-12.00,35.00,134,1,1,1
111,81.00,1424.00,-9.00,54.00,194,1,1,1
111,87.00,988.00,2.00,60.00,237,1,1,1
111,92.00,1320.00,-6.00,56.00,210,1,1,1
111,93.00,1030.00,0.00,56.00,227,1,1,1
111,94.00,907.00,1.00,57.00,214,1,1,1
111,95.00,1251.00,-4.00,56.00,216,1,1,1
111,116.00,1352.00,-8.00,51.00,190,1,1,1
111,178.00,1454.00,-12.00,48.00,171,1,1,1
111,197.00,1617.00,-13.00,59.00,196,1,1,1
111,199.00,1504.00,-14.00,48.00,166,1,1,1
111,354.00,1584.00,-16.00,48.00,163,1,1,1
111,560.00,1608.00,-15.00,51.00,172,1,1,1
111,564.00,1534.00,-13.00,51.00,177,1,1,1
111,593.00,1343.00,-13.00,40.00,151,1,1,1
111,1019.00,1257.00,-11.00,38.00,146,1,1,1
111,1021.00,1391.00,-13.00,43.00,157,1,1,1
111,1109.00,886.00,3.00,62.00,231,1,1,1
111,1174.00,1250.00,-13.00,34.00,134,1,1,1
112,81.00,1431.00,-9.00,54.00,193,1,1,1
112,87.00,973.00,2.00,60.00,238,1,1,1
112,92.00,1393.00,-7.00,58.00,213,1,1,1
112,93.00,1034.00,0.00,55.00,228,1,1,1
112,94.00,897.00,1.00,57.00,215,1,1,1
112,95.00,1327.00,-5.00,58.00,219,1,1,1
112,116.00,1344.00,-8.00,52.00,190,1,1,1
112,178.00,1454.00,-12.00,48.00,171,1,1,1
112,197.00,1617.00,-13.00,59.00,196,1,1,1
112,199.00,1504.00,-14.00,48.00,166,1,1,1
112,354.00,1599.00,-16.00,49.00,163,1,1,1
112,560.00,1615.00,-15.00,51.00,171,1,1,1
112,564.00,1538.00,-13.00,51.00,176,1,1,1
112,593.00,1363.00,-13.00,40.00,150,1,1,1
112,1019.00,1282.00,-12.00,39.00,149,1,1,1
112,1021.00,1394.00,-13.00,44.00,158,1,1,1
112,1109.00,876.00,3.00,63.00,233,1,1,1
112,1174.00,1274.00,-13.00,35.00,133,1,1,1
112,1175.00,1206.00,-11.00,35.00,138,1,1,1
113,81.00,1427.00,-9.00,55.00,194,1,1,1
113,87.00,985.00,2.00,59.00,235,1,1,1
113,92.00,1466.00,-8.00,60.00,212,1,1,1
113,93.00,1034.00,0.00,55.00,228,1,1,1
113,94.00,900.00,1.00,57.00,215,1,1,1
113,95.00,1408.00,-6.00,62.00,222,1,1,1
113,116.00,1353.00,-8.00,52.00,191,1,1,1
113,178.00,1454.00,-12.00,48.00,171,1,1,1
113,197.00,1612.00,-12.00,58.00,194,1,1,1
113,199.00,1505.00,-14.00,47.00,165,1,1,1
113,354.00,1592.00,-16.00,48.00,164,1,1,1
113,560.00,1602.00,-15.00,51.00,171,1,1,1
113,564.00,1538.00,-13.00,51.00,176,1,1,1
113,593.00,1388.00,-13.00,41.00,149,1,1,1
113,1019.00,1309.00,-12.00,40.00,149,1,1,1
113,1021.00,1387.00,-13.00,44.00,158,1,1,1
113,1109.00,888.00,3.00,61.00,231,1,1,1
113,1174.00,1291.00,-14.00,34.00,133,1,1,1
113,1175.00,1237.00,-12.00,36.00,139,1,1,1
114,81.00,1430.00,-9.00,54.00,194,1,1,1
114,87.00,989.00,2.00,59.00,236,1,1,1
114,92.00,1525.00,-9.00,61.00,210,1,1,1
114,93.00,1020.00,0.00,56.00,228,1,1,1
114,94.00,892.00,1.00,58.00,218,1,1,1
114,95.00,1498.00,-8.00,64.00,222,1,1,1
114,116.00,1346.00,-8.00,51.00,190,1,1,1
114,178.00,1452.00,-12.00,48.00,171,1,1,1
114,197.00,1611.00,-12.00,59.00,195,1,1,1
114,199.00,1509.00,-14.00,47.00,165,1,1,1
114,354.00,1581.00,-15.00,49.00,164,1,1,1
114,560.00,1611.00,-15.00,52.00,172,1,1,1
114,564.00,1530.00,-13.00,50.00,175,1,1,1
114,593.00,1415.00,-14.00,42.00,149,1,1,1
114,1019.00,1334.00,-13.00,40.00,149,1,1,1
114,1021.00,1385.00,-13.00,43.00,158,1,1,1
114,1101.00,750.00,3.00,60.00,208,1,1,1
114,1109.00,898.00,3.00,61.00,231,1,1,1
114,1174.00,1311.00,-14.00,35.00,132,1,1,1
114,1175.00,1260.00,-12.00,36.00,138,1,1,1
115,81.00,1421.00,-9.00,54.00,193,1,1,1
115,87.00,994.00,2.00,59.00,234,1,1,1
115,92.00,1595.00,-11.00,62.00,208,1,1,1
115,93.00,1029.00,0.00,55.00,226,1,1,1
115,94.00,901.00,1.00,57.00,216,1,1,1
115,95.00,1581.00,-9.00,65.00,220,1,1,1
115,116.00,1351.00,-8.00,51.00,191,1,1,1
115,178.00,1449.00,-12.00,48.00,170,1,1,1
115,197.00,1605.00,-12.00,58.00,195,1,1,1
115,199.00,1509.00,-14.00,47.00,165,1,1,1
115,354.00,1575.00,-15.00,48.00,163,1,1,1
115,560.00,1609.00,-15.00,52.00,171,1,1,1
115,564.00,1526.00,-13.00,51.00,176,1,1,1
115,593.00,1435.00,-14.00,42.00,149,1,1,1
115,1019.00,1369.00,-13.00,40.00,149,1,1,1
115,1021.00,1366.00,-12.00,42.00,156,1,1,1
115,1035.00,926.00,-2.00,48.00,182,1,1,1
115,1036.00,675.00,5.00,65.00,213,1,1,1
115,1101.00,754.00,4.00,63.00,216,1,1,1
115,1109.00,893.00,3.00,62.00,233,1,1,1
115,1174.00,1337.00,-15.00,35.00,131,1,1,1
115,1175.00,1281.00,-13.00,36.00,138,1,1,1
116,81.00,1430.00,-9.00,54.00,194,1,1,1
116,87.00,990.00,2.00,59.00,235,1,1,1
116,92.00,1648.00,-12.00,63.00,205,1,1,1
116,93.00,1031.00,0.00,54.00,225,1,1,1
116,94.00,920.00,1.00,56.00,214,1,1,1
116,95.00,1653.00,-11.00,66.00,217,1,1,1
116,116.00,1355.00,-8.00,52.00,192,1,1,1
116,178.00,1459.00,-12.00,48.00,172,1,1,1
116,197.00,1609.00,-12.00,58.00,194,1,1,1
116,199.00,1502.00,-14.00,48.00,165,1,1,1
116,354.00,1566.00,-15.00,48.00,163,1,1,1
116,593.00,1473.00,-15.00,42.00,149,1,1,1
116,1019.00,1395.00,-13.00,41.00,150,1,1,1
116,1021.00,1335.00,-12.00,42.00,157,1,1,1
116,1035.00,969.00,-2.00,47.00,186,1,1,1
116,1036.00,667.00,6.00,68.00,223,1,1,1
116,1101.00,755.00,4.00,65.00,224,1,1,1
116,1109.00,902.00,3.00,61.00,232,1,1,1
116,1174.00,1351.00,-15.00,35.00,131,1,1,1
116,1175.00,1317.00,-14.00,36.00,137,1,1,1
117,81.00,1427.00,-9.00,55.00,194,1,1,1
117,87.00,991.00,2.00,59.00,235,1,1,1
117,92.00,1696.00,-13.00,62.00,201,1,1,1
117,93.00,1032.00,0.00,55.00,227,1,1,1
117,94.00,918.00,1.00,56.00,216,1,1,1
117,95.00,1721.00,-13.00,67.00,213,1,1,1
117,116.00,1356.00,-8.00,52.00,191,1,1,1
117,178.00,1449.00,-12.00,48.00,171,1,1,1
117,197.00,1614.00,-12.00,59.00,195,1,1,1
117,199.00,1508.00,-14.00,48.00,165,1,1,1
117,354.00,1575.00,-15.00,48.00,162,1,1,1
117,560.00,1601.00,-15.00,52.00,173,1,1,1
117,564.00,1525.00,-13.00,51.00,175,1,1,1
117,593.00,1506.00,-16.00,42.00,148,1,1,1
117,1019.00,1432.00,-14.00,43.00,151,1,1,1
117,1021.00,1292.00,-11.00,41.00,156,1,1,1
117,1035.00,1028.00,-3.00,47.00,188,1,1,1
117,1036.00,663.00,7.00,71.00,232,1,1,1
117,1039.00,1209.00,-12.00,35.00,137,1,1,1
117,1101.00,750.00,5.00,67.00,233,1,1,1
117,1109.00,906.00,3.00,62.00,234,1,1,1
117,1174.00,1374.00,-15.00,36.00,130,1,1,1
117,1175.00,1338.00,-14.00,36.00,135,1,1,1
117,1178.00,928.00,-3.00,46.00,177,1,1,1
118,81.00,1420.00,-9.00,54.00,194,1,1,1
118,87.00,995.00,2.00,59.00,236,1,1,1
118,92.00,1735.00,-15.00,62.00,197,1,1,1
118,93.00,1032.00,0.00,55.00,227,1,1,1
118,94.00,908.00,1.00,58.00,217,1,1,1
118,95.00,1782.00,-14.00,66.00,208,1,1,1
118,178.00,1455.00,-12.00,48.00,171,1,1,1
118,197.00,1606.00,-12.00,59.00,194,1,1,1
118,199.00,1508.00,-14.00,48.00,165,1,1,1
118,354.00,1572.00,-15.00,48.00,163,1,1,1
118,560.00,1613.00,-15.00,52.00,172,1,1,1
118,564.00,1522.00,-13.00,50.00,175,1,1,1
118,593.00,1535.00,-16.00,43.00,150,1,1,1
118,1019.00,1469.00,-15.00,43.00,153,1,1,1
118,1021.00,1264.00,-11.00,40.00,157,1,1,1
118,1035.00,1080.00,-3.00,47.00,194,1,1,1
118,1036.00,671.00,8.00,73.00,241,1,1,1
118,1039.00,1266.00,-13.00,35.00,134,1,1,1
118,1101.00,744.00,7.00,70.00,241,1,1,1
118,1109.00,909.00,3.00,62.00,235,1,1,1
118,1124.00,1352.00,-8.00,51.00,190,1,1,1
118,1174.00,1397.00,-16.00,36.00,129,1,1,1
118,1175.00,1371.00,-15.00,36.00,133,1,1,1
118,1178.00,979.00,-3.00,46.00,180,1,1,1
119,81.00,1423.00,-9.00,54.00,194,1,1,1
119,87.00,996.00,1.00,59.00,235,1,1,1
119,92.00,1770.00,-16.00,61.00,191,1,1,1
119,93.00,1038.00,0.00,55.00,226,1,1,1
119,94.00,904.00,1.00,57.00,215,1,1,1
119,95.00,1837.00,-16.00,66.00,203,1,1,1
119,116.00,1356.00,-8.00,52.00,191,1,1,1
119,178.00,1451.00,-12.00,48.00,171,1,1,1
119,197.00,1614.00,-12.00,59.00,195,1,1,1
119,354.00,1572.00,-15.00,48.00,163,1,1,1
119,560.00,1609.00,-15.00,51.00,172,1,1,1
119,564.00,1528.00,-13.00,51.00,175,1,1,1
119,593.00,1572.00,-17.00,44.00,151,1,1,1
119,1019.00,1510.00,-15.00,44.00,153,1,1,1
119,1021.00,1236.00,-10.00,40.00,157,1,1,1
119,1035.00,1140.00,-4.00,48.00,198,1,1,1
119,1036.00,649.00,9.00,78.00,254,1,1,1
119,1039.00,1308.00,-14.00,35.00,131,1,1,1
119,1048.00,1231.00,-13.00,33.00,131,1,1,1
119,1101.00,727.00,8.00,75.00,256,1,1,1
119,1109.00,906.00,3.00,62.00,234,1,1,1
119,1174.00,1404.00,-16.00,36.00,128,1,1,1
119,1175.00,1401.00,-16.00,36.00,133,1,1,1
119,1178.00,1017.00,-3.00,46.00,183,1,1,1
120,81.00,1425.00,-9.00,54.00,194,1,1,1
120,87.00,985.00,2.00,59.00,235,1,1,1
120,92.00,1794.00,-17.00,60.00,186,1,1,1
120,93.00,1041.00,0.00,55.00,225,1,1,1
120,94.00,919.00,1.00,57.00,215,1,1,1
120,95.00,1870.00,-17.00,65.00,196,1,1,1
120,116.00,1366.00,-8.00,52.00,191,1,1,1
120,178.00,1452.00,-12.00,48.00,171,1,1,1
120,197.00,1611.00,-12.00,59.00,195,1,1,1
120,199.00,1522.00,-14.00,48.00,167,1,1,1
120,354.00,1575.00,-15.00,48.00,163,1,1,1
120,560.00,1614.00,-15.00,51.00,172,1,1,1
120,564.00,1527.00,-13.00,51.00,175,1,1,1
120,593.00,1615.00,-17.00,46.00,153,1,1,1
120,1019.00,1531.00,-15.00,45.00,154,1,1,1
120,1021.00,1216.00,-10.00,39.00,157,1,1,1
120,1035.00,1203.00,-4.00,52.00,203,1,1,1
120,1036.00,644.00,11.00,81.00,265,1,1,1
120,1039.00,1337.00,-15.00,35.00,130,1,1,1
120,1048.00,1286.00,-14.00,34.00,128,1,1,1
120,1057.00,1279.00,-14.00,33.00,123,1,1,1
120,1101.00,723.00,9.00,77.00,263,1,1,1
120,1109.00,899.00,3.00,63.00,235,1,1,1
120,1174.00,1428.00,-17.00,35.00,126,1,1,1
120,1175.00,1435.00,-16.00,36.00,129,1,1,1
120,1178.00,1069.00,-4.00,45.00,188,1,1,1
121,81.00,1416.00,-9.00,54.00,194,1,1,1
121,87.00,976.00,2.00,60.00,235,1,1,1
121,92.00,1829.00,-18.00,59.00,181,1,1,1
121,93.00,1039.00,0.00,55.00,228,1,1,1
121,94.00,921.00,1.00,57.00,216,1,1,1
121,95.00,1900.00,-18.00,64.00,189,1,1,1
121,116.00,1345.00,-8.00,52.00,192,1,1,1
121,178.00,1452.00,-12.00,48.00,171,1,1,1
121,197.00,1614.00,-12.00,59.00,195,1,1,1
121,199.00,1513.00,-14.00,47.00,165,1,1,1
121,354.00,1570.00,-15.00,48.00,163,1,1,1
121,560.00,1608.00,-15.00,51.00,172,1,1,1
121,564.00,1526.00,-13.00,51.00,175,1,1,1
121,593.00,1642.00,-17.00,46.00,153,1,1,1
121,1019.00,1563.00,-16.00,46.00,156,1,1,1
121,1021.00,1194.00,-9.00,39.00,157,1,1,1
121,1035.00,1262.00,-5.00,55.00,209,1,1,1
121,1036.00,615.00,13.00,87.00,279,1,1,1
121,1039.00,1362.00,-15.00,35.00,127,1,1,1
121,1048.00,1319.00,-15.00,34.00,127,1,1,1
121,1057.00,1313.00,-15.00,32.00,122,1,1,1
121,1101.00,719.00,11.00,82.00,278,1,1,1
121,1109.00,914.00,3.00,61.00,233,1,1,1
121,1174.00,1442.00,-17.00,35.00,124,1,1,1
121,1175.00,1452.00,-17.00,36.00,128,1,1,1
121,1178.00,1113.00,-4.00,47.00,194,1,1,1
121,1192.00,719.00,3.00,62.00,209,1,1,1
122,81.00,1424.00,-9.00,54.00,195,1,1,1
122,87.00,973.00,2.00,60.00,236,1,1,1
122,92.00,1859.00,-19.00,58.00,176,1,1,1
122,93.00,1043.00,0.00,55.00,227,1,1,1
122,94.00,915.00,1.00,56.00,215,1,1,1
122,116.00,1343.00,-8.00,52.00,193,1,1,1
122,178.00,1452.00,-12.00,48.00,171,1,1,1
122,197.00,1614.00,-12.00,59.00,195,1,1,1
122,199.00,1513.00,-14.00,47.00,166,1,1,1
122,354.00,1575.00,-15.00,48.00,163,1,1,1
122,560.00,1605.00,-15.00,52.00,172,1,1,1
122,593.00,1678.00,-18.00,47.00,155,1,1,1
122,1019.00,1586.00,-16.00,47.00,157,1,1,1
122,1021.00,1186.00,-9.00,40.00,157,1,1,1
122,1035.00,1339.00,-6.00,58.00,215,1,1,1
122,1036.00,610.00,15.00,92.00,293,1,1,1
122,1039.00,1380.00,-16.00,34.00,124,1,1,1
122,1048.00,1341.00,-15.00,34.00,124,1,1,1
122,1057.00,1329.00,-16.00,32.00,120,1,1,1
122,1063.00,635.00,6.00,69.00,220,1,1,1
122,1101.00,682.00,13.00,89.00,295,1,1,1
122,1109.00,908.00,3.00,61.00,232,1,1,1
122,1174.00,1456.00,-17.00,34.00,122,1,1,1
122,1175.00,1483.00,-18.00,36.00,127,1,1,1
122,1178.00,1172.00,-4.00,50.00,199,1,1,1
122,1192.00,693.00,5.00,66.00,220,1,1,1
123,81.00,1421.00,-9.00,54.00,193,1,1,1
123,87.00,980.00,2.00,60.00,236,1,1,1
123,92.00,1880.00,-20.00,56.00,171,1,1,1
123,93.00,1033.00,0.00,55.00,228,1,1,1
123,94.00,912.00,1.00,57.00,216,1,1,1
123,116.00,1348.00,-8.00,52.00,192,1,1,1
123,178.00,1452.00,-12.00,48.00,171,1,1,1
123,197.00,1614.00,-12.00,59.00,195,1,1,1
123,199.00,1506.00,-14.00,48.00,166,1,1,1
123,354.00,1579.00,-15.00,49.00,164,1,1,1
123,560.00,1608.00,-15.00,52.00,172,1,1,1
123,564.00,1525.00,-13.00,50.00,173,1,1,1
123,593.00,1716.00,-18.00,48.00,156,1,1,1
123,1019.00,1617.00,-17.00,47.00,158,1,1,1
123,1021.00,1187.00,-9.00,40.00,158,1,1,1
123,1035.00,1400.00,-6.00,61.00,220,1,1,1
123,1036.00,608.00,17.00,97.00,310,1,1,1
123,1039.00,1397.00,-16.00,34.00,122,1,1,1
123,1048.00,1363.00,-16.00,33.00,122,1,1,1
123,1057.00,1357.00,-16.00,32.00,117,1,1,1
123,1063.00,605.00,8.00,73.00,232,1,1,1
123,1101.00,681.00,15.00,94.00,312,1,1,1
123,1109.00,896.00,3.00,63.00,236,1,1,1
123,1174.00,1473.00,-18.00,34.00,121,1,1,1
123,1175.00,1500.00,-18.00,36.00,124,1,1,1
123,1178.00,1235.00,-5.00,53.00,204,1,1,1
123,1192.00,688.00,6.00,69.00,229,1,1,1
124,81.00,1420.00,-9.00,54.00,194,1,1,1
124,87.00,995.00,2.00,59.00,238,1,1,1
124,92.00,1915.00,-21.00,56.00,168,1,1,1
124,93.00,1052.00,0.00,55.00,226,1,1,1
124,94.00,926.00,0.00,56.00,215,1,1,1
124,116.00,1354.00,-9.00,52.00,191,1,1,1
124,178.00,1444.00,-12.00,48.00,170,1,1,1
124,197.00,1617.00,-13.00,59.00,196,1,1,1
124,199.00,1508.00,-14.00,48.00,166,1,1,1
124,354.00,1573.00,-15.00,48.00,163,1,1,1
124,560.00,1611.00,-15.00,51.00,172,1,1,1
124,564.00,1531.00,-13.00,51.00,176,1,1,1
124,593.00,1758.00,-19.00,50.00,159,1,1,1
124,1019.00,1649.00,-17.00,49.00,161,1,1,1
124,1021.00,1189.00,-9.00,40.00,159,1,1,1
124,1035.00,1475.00,-7.00,64.00,226,1,1,1
124,1036.00,575.00,20.00,106.00,332,1,1,1
124,1039.00,1427.00,-17.00,33.00,121,1,1,1
124,1048.00,1381.00,-17.00,32.00,120,1,1,1
124,1063.00,581.00,10.00,78.00,243,1,1,1
124,1101.00,659.00,18.00,101.00,330,1,1,1
124,1109.00,909.00,3.00,62.00,236,1,1,1
124,1132.00,659.00,6.00,70.00,227,1,1,1
124,1174.00,1494.00,-19.00,34.00,120,1,1,1
124,1175.00,1515.00,-18.00,35.00,123,1,1,1
124,1178.00,1303.00,-6.00,55.00,208,1,1,1
124,1192.00,666.00,8.00,74.00,242,1,1,1
124,1199.00,1109.00,-8.00,37.00,152,1,1,1
125,81.00,1420.00,-9.00,54.00,194,1,1,1
125,87.00,987.00,2.00,59.00,237,1,1,1
125,93.00,1052.00,0.00,55.00,226,1,1,1
125,94.00,923.00,1.00,56.00,214,1,1,1
125,116.00,1354.00,-9.00,52.00,191,1,1,1
125,178.00,1444.00,-12.00,48.00,170,1,1,1
125,197.00,1617.00,-13.00,59.00,196,1,1,1
125,199.00,1505.00,-14.00,48.00,165,1,1,1
125,354.00,1573.00,-15.00,48.00,163,1,1,1
125,560.00,1611.00,-15.00,51.00,172,1,1,1
125,564.00,1531.00,-13.00,51.00,176,1,1,1
125,593.00,1802.00,-19.00,52.00,163,1,1,1
125,1019.00,1673.00,-17.00,50.00,162,1,1,1
125,1021.00,1194.00,-9.00,40.00,158,1,1,1
125,1035.00,1554.00,-8.00,69.00,232,1,1,1
125,1036.00,545.00,22.00,113.00,349,1,1,1
125,1039.00,1469.00,-18.00,34.00,123,1,1,1
125,1048.00,1396.00,-17.00,32.00,117,1,1,1
125,1063.00,531.00,12.00,84.00,257,1,1,1
125,1101.00,642.00,21.00,110.00,355,1,1,1
125,1132.00,650.00,8.00,73.00,236,1,1,1
125,1174.00,1517.00,-19.00,34.00,118,1,1,1
125,1175.00,1539.00,-19.00,35.00,121,1,1,1
125,1178.00,1390.00,-7.00,58.00,212,1,1,1
125,1192.00,689.00,8.00,75.00,250,1,1,1
125,1199.00,1149.00,-9.00,38.00,155,1,1,1
126,81.00,1420.00,-9.00,54.00,194,1,1,1
126,87.00,981.00,2.00,60.00,237,1,1,1
126,93.00,1052.00,0.00,55.00,226,1,1,1
126,94.00,923.00,1.00,56.00,214,1,1,1
126,116.00,1354.00,-9.00,52.00,191,1,1,1
126,178.00,1444.00,-12.00,48.00,170,1,1,1
126,197.00,1617.00,-13.00,59.00,196,1,1,1
126,199.00,1505.00,-14.00,48.00,165,1,1,1
126,354.00,1573.00,-15.00,48.00,163,1,1,1
126,560.00,1613.00,-15.00,52.00,172,1,1,1
126,564.00,1531.00,-13.00,51.00,176,1,1,1
126,593.00,1836.00,-20.00,54.00,165,1,1,1
126,1019.00,1704.00,-17.00,51.00,164,1,1,1
126,1021.00,1210.00,-10.00,40.00,158,1,1,1
126,1035.00,1633.00,-8.00,72.00,236,1,1,1
126,1036.00,486.00,26.00,126.00,376,1,1,1
126,1039.00,1478.00,-18.00,33.00,117,1,1,1
126,1048.00,1423.00,-18.00,31.00,115,1,1,1
126,1063.00,507.00,14.00,90.00,274,1,1,1
126,1101.00,630.00,24.00,118.00,380,1,1,1
126,1109.00,892.00,3.00,63.00,235,1,1,1
126,1132.00,580.00,11.00,81.00,252,1,1,1
126,1174.00,1539.00,-20.00,34.00,117,1,1,1
126,1175.00,1565.00,-20.00,35.00,120,1,1,1
126,1178.00,1456.00,-7.00,61.00,216,1,1,1
126,1192.00,666.00,10.00,80.00,260,1,1,1
126,1199.00,1194.00,-10.00,39.00,154,1,1,1
127,81.00,1420.00,-9.00,54.00,194,1,1,1
127,87.00,981.00,2.00,60.00,237,1,1,1
127,93.00,1050.00,0.00,55.00,226,1,1,1
127,94.00,924.00,1.00,57.00,215,1,1,1
127,116.00,1354.00,-9.00,52.00,191,1,1,1
127,178.00,1444.00,-12.00,48.00,170,1,1,1
127,197.00,1617.00,-13.00,59.00,196,1,1,1
127,199.00,1505.00,-14.00,48.00,165,1,1,1
127,354.00,1573.00,-15.00,48.00,163,1,1,1
127,560.00,1602.00,-15.00,51.00,171,1,1,1
127,564.00,1531.00,-13.00,51.00,176,1,1,1
127,593.00,1876.00,-20.00,55.00,166,1,1,1
127,1019.00,1727.00,-18.00,51.00,165,1,1,1
127,1021.00,1236.00,-10.00,40.00,155,1,1,1
127,1035.00,1719.00,-9.00,76.00,242,1,1,1
127,1036.00,462.00,29.00,136.00,400,1,1,1
127,1063.00,545.00,14.00,90.00,277,1,1,1
127,1101.00,615.00,27.00,128.00,407,1,1,1
127,1109.00,901.00,3.00,61.00,233,1,1,1
127,1132.00,502.00,13.00,88.00,263,1,1,1
127,1174.00,1555.00,-20.00,34.00,115,1,1,1
127,1175.00,1572.00,-20.00,35.00,118,1,1,1
127,1178.00,1523.00,-8.00,65.00,221,1,1,1
127,1192.00,648.00,12.00,84.00,273,1,1,1
127,1199.00,1223.00,-10.00,39.00,153,1,1,1
128,81.00,1423.00,-9.00,54.00,194,1,1,1
128,87.00,981.00,2.00,60.00,237,1,1,1
128,93.00,1050.00,0.00,55.00,226,1,1,1
128,94.00,924.00,1.00,57.00,215,1,1,1
128,116.00,1360.00,-9.00,52.00,191,1,1,1
128,178.00,1444.00,-12.00,48.00,170,1,1,1
128,197.00,1617.00,-13.00,59.00,196,1,1,1
128,199.00,1505.00,-14.00,48.00,165,1,1,1
128,354.00,1573.00,-15.00,48.00,163,1,1,1
128,560.00,1601.00,-15.00,51.00,172,1,1,1
128,564.00,1531.00,-13.00,51.00,176,1,1,1
128,593.00,1905.00,-20.00,56.00,168,1,1,1
128,1019.00,1755.00,-18.00,53.00,168,1,1,1
128,1021.00,1284.00,-11.00,41.00,155,1,1,1
128,1035.00,1804.00,-10.00,80.00,249,1,1,1
128,1036.00,394.00,35.00,153.00,437,1,1,1
128,1063.00,516.00,16.00,95.00,289,1,1,1
128,1101.00,563.00,31.00,138.00,431,1,1,1
128,1109.00,896.00,3.00,62.00,235,1,1,1
128,1132.00,478.00,15.00,93.00,276,1,1,1
128,1174.00,1567.00,-20.00,34.00,113,1,1,1
128,1175.00,1585.00,-20.00,34.00,116,1,1,1
128,1178.00,1594.00,-9.00,67.00,226,1,1,1
128,1199.00,1256.00,-11.00,40.00,152,1,1,1
129,81.00,1423.00,-9.00,54.00,194,1,1,1
129,87.00,981.00,2.00,60.00,237,1,1,1
129,93.00,1050.00,0.00,55.00,226,1,1,1
129,94.00,924.00,1.00,57.00,215,1,1,1
129,116.00,1360.00,-9.00,52.00,191,1,1,1
129,178.00,1444.00,-12.00,48.00,170,1,1,1
129,197.00,1617.00,-13.00,59.00,196,1,1,1
129,199.00,1505.00,-14.00,48.00,165,1,1,1
129,354.00,1573.00,-15.00,48.00,163,1,1,1
129,560.00,1611.00,-15.00,52.00,173,1,1,1
129,564.00,1531.00,-13.00,51.00,176,1,1,1
129,1019.00,1759.00,-18.00,54.00,168,1,1,1
129,1021.00,1332.00,-12.00,41.00,154,1,1,1
129,1035.00,1898.00,-11.00,86.00,256,1,1,1
129,1036.00,364.00,38.00,166.00,468,1,1,1
129,1101.00,535.00,36.00,154.00,472,1,1,1
129,1109.00,911.00,3.00,61.00,230,1,1,1
129,1132.00,404.00,18.00,102.00,294,1,1,1
129,1175.00,1606.00,-21.00,34.00,115,1,1,1
129,1178.00,1674.00,-10.00,71.00,229,1,1,1
129,1192.00,586.00,16.00,97.00,305,1,1,1
129,1195.00,702.00,4.00,64.00,216,1,1,1
129,1199.00,1301.00,-12.00,39.00,150,1,1,1
130,81.00,1423.00,-9.00,54.00,194,1,1,1
130,87.00,981.00,2.00,60.00,237,1,1,1
130,93.00,1050.00,0.00,55.00,226,1,1,1
130,94.00,924.00,1.00,57.00,215,1,1,1
130,116.00,1360.00,-9.00,52.00,191,1,1,1
130,178.00,1444.00,-12.00,48.00,170,1,1,1
130,197.00,1617.00,-13.00,59.00,196,1,1,1
130,199.00,1505.00,-14.00,48.00,165,1,1,1
130,354.00,1573.00,-15.00,48.00,163,1,1,1
130,564.00,1531.00,-13.00,51.00,176,1,1,1
130,1019.00,1782.00,-18.00,54.00,169,1,1,1
130,1021.00,1378.00,-13.00,41.00,152,1,1,1
130,1036.00,286.00,46.00,191.00,520,1,1,1
130,1063.00,428.00,21.00,113.00,326,1,1,1
130,1101.00,481.00,44.00,178.00,532,1,1,1
130,1109.00,895.00,3.00,61.00,232,1,1,1
130,1132.00,326.00,22.00,115.00,317,1,1,1
130,1175.00,1606.00,-21.00,34.00,113,1,1,1
130,1178.00,1781.00,-11.00,76.00,237,1,1,1
130,1192.00,562.00,18.00,103.00,320,1,1,1
130,1195.00,688.00,6.00,68.00,225,1,1,1
130,1199.00,1355.00,-13.00,41.00,149,1,1,1
131,81.00,1423.00,-9.00,54.00,194,1,1,1
131,87.00,989.00,2.00,60.00,237,1,1,1
131,93.00,1050.00,0.00,55.00,226,1,1,1
131,94.00,924.00,1.00,57.00,215,1,1,1
131,116.00,1359.00,-9.00,51.00,190,1,1,1
131,178.00,1444.00,-12.00,48.00,170,1,1,1
131,197.00,1617.00,-13.00,59.00,196,1,1,1
131,199.00,1505.00,-14.00,48.00,165,1,1,1
131,354.00,1573.00,-15.00,48.00,163,1,1,1
131,560.00,1612.00,-15.00,51.00,171,1,1,1
131,564.00,1531.00,-13.00,51.00,176,1,1,1
131,1019.00,1782.00,-18.00,54.00,169,1,1,1
131,1021.00,1430.00,-14.00,42.00,149,1,1,1
131,1036.00,161.00,55.00,228.00,587,1,1,1
131,1101.00,420.00,48.00,194.00,562,1,1,1
131,1109.00,903.00,3.00,61.00,231,1,1,1
131,1113.00,577.00,8.00,74.00,230,1,1,1
131,1132.00,223.00,27.00,130.00,342,1,1,1
131,1178.00,1866.00,-12.00,81.00,244,1,1,1
131,1195.00,677.00,7.00,71.00,237,1,1,1
131,1199.00,1399.00,-14.00,40.00,145,1,1,1
132,81.00,1423.00,-9.00,54.00,194,1,1,1
132,87.00,998.00,2.00,59.00,235,1,1,1
132,93.00,1050.00,0.00,55.00,226,1,1,1
132,94.00,924.00,1.00,57.00,215,1,1,1
132,116.00,1357.00,-9.00,52.00,191,1,1,1
132,178.00,1444.00,-12.00,48.00,170,1,1,1
132,197.00,1617.00,-13.00,59.00,196,1,1,1
132,199.00,1505.00,-14.00,48.00,165,1,1,1
132,354.00,1573.00,-15.00,48.00,163,1,1,1
132,560.00,1613.00,-15.00,52.00,172,1,1,1
132,564.00,1531.00,-13.00,51.00,176,1,1,1
132,1019.00,1809.00,-18.00,55.00,171,1,1,1
132,1021.00,1478.00,-15.00,42.00,146,1,1,1
132,1036.00,70.00,64.00,261.00,644,1,1,1
132,1101.00,312.00,60.00,236.00,649,1,1,1
132,1109.00,898.00,3.00,62.00,232,1,1,1
132,1113.00,554.00,10.00,78.00,240,1,1,1
132,1132.00,194.00,29.00,138.00,357,1,1,1
132,1192.00,449.00,24.00,121.00,354,1,1,1
132,1195.00,656.00,9.00,76.00,248,1,1,1
132,1199.00,1432.00,-15.00,40.00,142,1,1,1
133,81.00,1423.00,-9.00,54.00,194,1,1,1
133,87.00,998.00,2.00,59.00,235,1,1,1
133,93.00,1050.00,0.00,55.00,226,1,1,1
133,94.00,924.00,1.00,57.00,215,1,1,1
133,116.00,1357.00,-9.00,52.00,191,1,1,1
133,178.00,1444.00,-12.00,48.00,170,1,1,1
133,197.00,1617.00,-13.00,59.00,196,1,1,1
133,199.00,1505.00,-14.00,48.00,165,1,1,1
133,354.00,1573.00,-15.00,48.00,163,1,1,1
133,560.00,1615.00,-15.00,52.00,173,1,1,1
133,564.00,1537.00,-13.00,51.00,176,1,1,1
133,1019.00,1795.00,-18.00,54.00,169,1,1,1
133,1021.00,1505.00,-16.00,42.00,145,1,1,1
133,1036.00,-99.00,79.00,322.00,748,1,1,1
133,1101.00,223.00,73.00,282.00,745,1,1,1
133,1109.00,896.00,3.00,62.00,232,1,1,1
133,1113.00,527.00,11.00,82.00,251,1,1,1
133,1132.00,125.00,33.00,152.00,382,1,1,1
133,1195.00,656.00,10.00,79.00,260,1,1,1
133,1199.00,1470.00,-16.00,40.00,140,1,1,1