1,1,324,205,78,181,1,1,1
2,1,330,207,78,181,1,1,1
3,1,322,204,78,181,1,1,1
4,1,325,200,78,184,1,1,1
5,1,319,198,78,188,1,1,1
6,1,320,197,78,189,1,1,1
7,1,318,195,79,189,1,1,1
8,1,317,192,77,189,1,1,1
9,1,316,189,78,189,1,1,1
10,1,320,185,78,189,1,1,1
11,1,319,183,78,189,1,1,1
12,1,318,181,78,189,1,1,1
13,1,317,178,78,189,1,1,1
14,1,321,177,69,174,1,1,1
15,1,320,176,69,174,1,1,1
16,1,318,174,70,175,1,1,1
17,1,318,173,69,175,1,1,1
18,1,315,167,72,183,1,1,1
19,1,313,165,73,184,1,1,1
20,1,313,163,66,184,1,1,1
21,1,309,162,70,184,1,1,1
22,1,309,163,71,183,1,1,1
23,1,307,162,71,183,1,1,1
24,1,305,159,70,184,1,1,1
25,1,304,157,70,184,1,1,1
26,1,301,153,71,183,1,1,1
27,1,300,150,70,183,1,1,1
28,1,297,146,71,184,1,1,1
29,1,296,147,71,183,1,1,1
30,1,296,143,70,184,1,1,1
31,1,294,140,71,184,1,1,1
32,1,294,138,70,184,1,1,1
33,1,294,138,70,184,1,1,1
34,1,290,137,74,173,1,1,1
35,1,291,139,74,173,1,1,1
36,1,290,137,74,173,1,1,1
37,1,290,137,74,173,1,1,1
38,1,289,134,74,174,1,1,1
39,1,288,134,74,173,1,1,1
40,1,287,134,74,173,1,1,1
41,1,285,136,74,173,1,1,1
42,1,283,133,74,174,1,1,1
43,1,282,131,74,174,1,1,1
44,1,281,129,74,173,1,1,1
45,1,280,128,74,173,1,1,1
46,1,279,126,74,152,1,1,1
47,1,277,123,74,152,1,1,1
48,1,277,123,73,151,1,1,1
49,1,275,122,74,151,1,1,1
50,1,274,121,74,151,1,1,1
51,1,273,119,74,152,1,1,1
52,1,281,118,65,157,1,1,1
53,1,275,116,65,157,1,1,1
54,1,274,116,65,157,1,1,1
55,1,273,114,65,157,1,1,1
56,1,272,112,64,157,1,1,1
57,1,271,110,64,156,1,1,1
58,1,270,107,64,157,1,1,1
59,1,268,104,64,156,1,1,1
60,1,262,106,64,157,1,1,1
61,1,259,102,68,165,1,1,1
62,1,259,101,68,165,1,1,1
63,1,260,102,68,165,1,1,1
64,1,258,98,71,154,1,1,1
65,1,258,104,71,151,1,1,1
66,1,258,99,62,151,1,1,1
67,1,262,104,61,151,1,1,1
68,1,263,102,61,151,1,1,1
69,1,264,101,61,150,1,1,1
70,1,264,98,61,150,1,1,1
71,1,265,97,61,150,1,1,1
72,1,265,95,61,150,1,1,1
73,1,265,93,61,150,1,1,1
74,1,264,87,65,158,1,1,1
75,1,264,87,65,158,1,1,1
76,1,265,88,64,158,1,1,1
77,1,267,91,61,150,1,1,1
78,1,265,85,65,158,1,1,1
79,1,266,84,64,157,1,1,1
80,1,266,83,64,158,1,1,1
81,1,267,82,64,157,1,1,1
82,1,264,75,51,139,1,1,1
83,1,264,75,50,138,1,1,1
84,1,259,72,50,138,1,1,1
85,1,260,72,50,149,1,1,1
86,1,260,71,50,149,1,1,1
87,1,258,71,50,149,1,1,1
88,1,256,70,51,149,1,1,1
89,1,254,68,50,149,1,1,1
90,1,251,67,50,149,1,1,1
91,1,249,66,50,149,1,1,1
92,1,249,67,49,148,1,1,1
93,1,246,60,52,157,1,1,1
94,1,244,59,53,156,1,1,1
95,1,244,57,52,156,1,1,1
96,1,242,56,52,156,1,1,1
97,1,241,55,52,156,1,1,1
98,1,233,60,53,144,1,1,1
99,1,236,59,52,144,1,1,1
100,1,232,60,52,143,1,1,1
101,1,234,59,52,144,1,1,1
102,1,233,59,52,143,1,1,1
103,1,231,58,52,143,1,1,1
104,1,228,60,53,143,1,1,1
105,1,227,59,52,143,1,1,1
106,1,225,61,52,143,1,1,1
107,1,224,61,52,143,1,1,1
108,1,224,62,49,136,1,1,1
109,1,223,62,50,136,1,1,1
110,1,221,63,50,136,1,1,1
111,1,219,59,52,144,1,1,1
112,1,218,61,52,132,1,1,1
113,1,217,61,52,133,1,1,1
114,1,215,62,52,132,1,1,1
115,1,214,59,52,133,1,1,1
116,1,212,57,50,140,1,1,1
117,1,213,56,49,140,1,1,1
118,1,210,58,50,140,1,1,1
119,1,208,57,53,140,1,1,1
120,1,205,56,52,140,1,1,1
121,1,204,56,52,140,1,1,1
122,1,202,55,52,140,1,1,1
123,1,199,51,53,140,1,1,1
124,1,198,51,52,140,1,1,1
125,1,196,50,52,140,1,1,1
126,1,195,51,52,139,1,1,1
127,1,194,50,52,140,1,1,1
128,1,192,50,52,139,1,1,1
129,1,191,50,52,139,1,1,1
130,1,190,48,52,140,1,1,1
131,1,188,47,52,139,1,1,1
132,1,187,45,52,139,1,1,1
133,1,185,42,52,139,1,1,1
134,1,185,42,52,139,1,1,1
135,1,183,42,52,139,1,1,1
136,1,182,40,52,139,1,1,1
137,1,182,40,49,132,1,1,1
138,1,182,41,49,132,1,1,1
139,1,180,39,49,132,1,1,1
140,1,178,38,50,132,1,1,1
141,1,176,35,52,139,1,1,1
142,1,176,34,52,139,1,1,1
143,1,175,33,51,139,1,1,1
144,1,174,31,51,139,1,1,1
145,1,173,30,52,139,1,1,1
146,1,173,33,49,132,1,1,1
147,1,172,32,49,132,1,1,1
148,1,171,33,49,132,1,1,1
149,1,170,32,49,132,1,1,1
150,1,167,29,51,139,1,1,1
151,1,166,29,51,139,1,1,1
152,1,164,29,51,138,1,1,1
153,1,163,29,51,138,1,1,1
154,1,161,27,51,138,1,1,1
155,1,160,27,52,138,1,1,1
156,1,158,26,51,138,1,1,1
157,1,158,26,51,139,1,1,1
158,1,156,26,51,139,1,1,1
159,1,155,25,51,139,1,1,1
160,1,154,25,51,139,1,1,1
161,1,153,26,51,138,1,1,1
162,1,152,25,51,132,1,1,1
163,1,151,25,52,132,1,1,1
164,1,150,24,52,132,1,1,1
165,1,150,25,51,132,1,1,1
166,1,149,28,51,128,1,1,1
167,1,148,29,48,127,1,1,1
168,1,149,28,47,127,1,1,1
169,1,148,27,48,128,1,1,1
170,1,147,26,47,128,1,1,1
171,1,147,30,45,121,1,1,1
172,1,145,27,47,127,1,1,1
173,1,145,28,47,127,1,1,1
174,1,143,26,48,128,1,1,1
175,1,143,28,47,127,1,1,1
176,1,143,31,45,121,1,1,1
177,1,141,30,46,121,1,1,1
178,1,141,31,45,121,1,1,1
179,1,140,32,45,121,1,1,1
180,1,138,33,46,121,1,1,1
181,1,137,33,45,121,1,1,1
182,1,137,34,45,121,1,1,1
183,1,134,35,46,121,1,1,1
184,1,133,36,46,121,1,1,1
185,1,133,39,45,121,1,1,1
186,1,131,40,45,121,1,1,1
187,1,129,42,45,121,1,1,1
188,1,128,41,45,121,1,1,1
189,1,127,44,45,121,1,1,1
190,1,125,44,46,121,1,1,1
191,1,123,43,47,127,1,1,1
192,1,121,43,48,128,1,1,1
193,1,120,44,48,128,1,1,1
194,1,119,47,47,127,1,1,1
195,1,119,48,47,127,1,1,1
196,1,117,50,47,127,1,1,1
197,1,117,51,47,127,1,1,1
198,1,114,49,50,134,1,1,1
199,1,113,51,50,134,1,1,1
200,1,112,53,50,134,1,1,1
201,1,113,58,48,127,1,1,1
202,1,112,59,47,127,1,1,1
203,1,111,59,47,127,1,1,1
204,1,108,55,49,134,1,1,1
205,1,106,52,52,141,1,1,1
206,1,105,51,52,141,1,1,1
207,1,104,52,52,141,1,1,1
208,1,103,51,52,141,1,1,1
209,1,104,54,50,133,1,1,1
210,1,102,50,52,141,1,1,1
211,1,101,52,52,141,1,1,1
212,1,100,51,53,141,1,1,1
213,1,100,53,52,141,1,1,1
214,1,99,53,52,140,1,1,1
215,1,98,50,50,137,1,1,1
216,1,98,50,51,137,1,1,1
217,1,98,48,51,137,1,1,1
218,1,98,48,51,137,1,1,1
219,1,97,48,51,137,1,1,1
220,1,97,48,51,137,1,1,1
221,1,98,46,51,137,1,1,1
222,1,99,46,51,138,1,1,1
223,1,100,48,51,132,1,1,1
224,1,101,45,51,132,1,1,1
225,1,102,44,51,132,1,1,1
226,1,104,45,50,132,1,1,1
227,1,104,43,51,132,1,1,1
228,1,104,44,53,134,1,1,1
229,1,105,43,53,134,1,1,1
230,1,105,40,54,134,1,1,1
231,1,106,39,54,133,1,1,1
232,1,107,38,53,134,1,1,1
233,1,107,38,54,134,1,1,1
234,1,108,37,53,134,1,1,1
235,1,108,37,54,133,1,1,1
236,1,109,35,54,134,1,1,1
237,1,111,37,51,127,1,1,1
238,1,112,40,49,121,1,1,1
239,1,114,38,48,121,1,1,1
240,1,117,34,51,127,1,1,1
241,1,127,30,51,127,1,1,1
242,1,147,28,51,127,1,1,1
243,1,171,29,49,121,1,1,1
244,1,194,25,52,127,1,1,1
245,1,219,25,52,128,1,1,1
246,1,235,23,53,128,1,1,1
247,1,242,23,53,127,1,1,1
248,1,244,21,52,128,1,1,1
249,1,244,20,53,128,1,1,1
250,1,244,21,52,128,1,1,1
251,1,244,20,52,127,1,1,1
252,1,242,14,55,133,1,1,1
253,1,243,11,55,134,1,1,1
254,1,244,14,52,127,1,1,1
255,1,244,12,52,128,1,1,1
256,1,244,12,45,127,1,1,1
257,1,245,13,45,127,1,1,1
258,1,244,12,45,128,1,1,1
259,1,245,11,45,127,1,1,1
260,1,245,11,45,127,1,1,1
261,1,245,11,45,127,1,1,1
262,1,246,11,46,128,1,1,1
263,1,246,10,46,127,1,1,1
264,1,247,8,46,127,1,1,1
265,1,247,7,46,127,1,1,1
266,1,248,5,45,127,1,1,1
267,1,248,3,46,127,1,1,1
268,1,248,1,46,127,1,1,1
269,1,249,0,45,127,1,1,1
270,1,250,0,41,117,1,1,1
271,1,252,1,41,117,1,1,1
272,1,252,1,41,117,1,1,1
273,1,251,0,41,117,1,1,1
274,1,251,0,41,117,1,1,1
275,1,251,0,41,117,1,1,1
276,1,252,-2,41,118,1,1,1
277,1,252,-2,41,117,1,1,1
278,1,252,0,41,117,1,1,1
279,1,252,-2,41,118,1,1,1
280,1,251,-3,41,117,1,1,1
281,1,251,-5,41,117,1,1,1
282,1,251,-6,41,117,1,1,1
283,1,250,-9,43,123,1,1,1
284,1,249,-11,43,123,1,1,1
285,1,249,-11,43,123,1,1,1
286,1,249,-13,43,123,1,1,1
287,1,248,-16,45,129,1,1,1
288,1,248,-18,45,129,1,1,1
289,1,248,-19,45,130,1,1,1
290,1,249,-19,45,129,1,1,1
291,1,248,-20,45,129,1,1,1
292,1,248,-20,45,129,1,1,1
293,1,248,-20,45,116,1,1,1
294,1,251,-20,45,116,1,1,1
295,1,251,-20,45,117,1,1,1
296,1,251,-20,40,117,1,1,1
297,1,251,-20,38,116,1,1,1
298,1,250,-22,39,117,1,1,1
299,1,250,-24,41,112,1,1,1
300,1,250,-25,43,111,1,1,1
301,1,244,-24,47,111,1,1,1
302,1,244,-30,48,117,1,1,1
303,1,251,-24,35,110,1,1,1
304,1,249,-25,35,110,1,1,1
305,1,249,-23,40,108,1,1,1
306,1,252,-18,40,107,1,1,1
307,1,245,-24,40,107,1,1,1
308,1,241,-26,41,108,1,1,1
309,1,245,-25,41,108,1,1,1
310,1,243,-27,41,107,1,1,1
311,1,242,-25,41,104,1,1,1
312,1,240,-26,41,104,1,1,1
313,1,240,-25,40,102,1,1,1
314,1,242,-21,39,94,1,1,1
315,1,239,-25,41,98,1,1,1
316,1,239,-22,42,98,1,1,1
317,1,239,-23,41,98,1,1,1
318,1,237,-26,37,98,1,1,1
319,1,240,-23,37,98,1,1,1
320,1,239,-23,37,98,1,1,1
321,1,238,-25,37,98,1,1,1
322,1,237,-23,37,98,1,1,1
323,1,235,-23,37,98,1,1,1
324,1,234,-23,37,98,1,1,1
325,1,232,-26,39,103,1,1,1
326,1,231,-25,39,102,1,1,1
327,1,230,-26,38,103,1,1,1
328,1,227,-25,39,102,1,1,1
329,1,226,-24,37,98,1,1,1
330,1,223,-29,38,104,1,1,1
331,1,221,-31,41,104,1,1,1
332,1,219,-35,43,104,1,1,1
333,1,215,-37,39,103,1,1,1
334,1,213,-37,39,104,1,1,1
335,1,208,-34,39,103,1,1,1
336,1,205,-34,39,103,1,1,1
337,1,201,-36,39,104,1,1,1
338,1,202,-36,39,104,1,1,1
339,1,204,-31,39,104,1,1,1
340,1,197,-30,45,96,1,1,1
341,1,190,-27,52,97,1,1,1
342,1,194,-25,52,96,1,1,1
343,1,191,-28,54,96,1,1,1
344,1,188,-27,57,95,1,1,1
345,1,187,-27,40,101,1,1,1
346,1,184,-29,50,95,1,1,1
347,1,184,-32,44,101,1,1,1
348,1,182,-32,41,106,1,1,1
349,1,184,-32,36,100,1,1,1
350,1,178,-33,31,100,1,1,1
351,1,175,-31,32,99,1,1,1
352,1,178,-26,32,100,1,1,1
353,1,177,-27,31,100,1,1,1
354,1,173,-30,34,105,1,1,1
355,1,172,-34,33,106,1,1,1
356,1,157,-29,46,101,1,1,1
357,1,156,-29,46,101,1,1,1
358,1,153,-29,55,100,1,1,1
359,1,149,-28,55,99,1,1,1
360,1,154,-26,47,99,1,1,1
361,1,158,-27,46,99,1,1,1
362,1,157,-23,44,95,1,1,1
363,1,139,-25,47,97,1,1,1
364,1,140,-24,39,97,1,1,1
365,1,140,-23,35,98,1,1,1
366,1,138,-22,35,98,1,1,1
367,1,130,-21,41,98,1,1,1
368,1,124,-22,46,106,1,1,1
369,1,124,-23,45,111,1,1,1
370,1,125,-21,46,111,1,1,1
371,1,126,-16,45,111,1,1,1
372,1,112,-14,57,111,1,1,1
373,1,107,-12,53,111,1,1,1
374,1,103,-12,51,108,1,1,1
375,1,104,-10,51,108,1,1,1
376,1,101,-8,51,108,1,1,1
377,1,99,-6,51,108,1,1,1
378,1,96,-4,46,108,1,1,1
379,1,96,-2,41,109,1,1,1
380,1,95,1,37,109,1,1,1
381,1,85,-6,44,116,1,1,1
382,1,91,6,37,108,1,1,1
383,1,81,4,37,108,1,1,1
384,1,79,2,42,118,1,1,1
385,1,73,5,44,117,1,1,1
386,1,73,10,48,117,1,1,1
387,1,70,13,54,119,1,1,1
388,1,67,12,43,117,1,1,1
389,1,68,19,49,117,1,1,1
390,1,64,21,55,117,1,1,1
391,1,60,23,48,117,1,1,1
392,1,57,24,48,117,1,1,1
393,1,53,26,48,117,1,1,1
394,1,49,26,48,117,1,1,1
395,1,46,27,48,117,1,1,1
396,1,43,28,48,118,1,1,1
397,1,36,24,47,123,1,1,1
398,1,34,27,47,123,1,1,1
399,1,32,28,47,123,1,1,1
400,1,30,30,47,123,1,1,1
401,1,28,31,47,123,1,1,1
402,1,27,32,47,123,1,1,1
403,1,25,35,47,123,1,1,1
404,1,23,36,47,123,1,1,1
405,1,20,36,50,129,1,1,1
406,1,18,37,50,129,1,1,1
407,1,16,38,50,129,1,1,1
408,1,15,40,50,129,1,1,1
409,1,13,39,50,129,1,1,1
410,1,12,37,52,136,1,1,1
411,1,10,39,45,135,1,1,1
412,1,12,41,43,134,1,1,1
413,1,12,41,43,134,1,1,1
414,1,11,42,42,134,1,1,1
415,1,10,43,42,135,1,1,1
416,1,8,47,44,132,1,1,1
417,1,7,48,44,132,1,1,1
418,1,5,49,44,132,1,1,1
419,1,3,50,44,132,1,1,1
420,1,2,52,44,131,1,1,1
421,1,-5,53,50,132,1,1,1
422,1,-6,55,50,132,1,1,1
423,1,-7,56,50,132,1,1,1
424,1,-8,56,50,132,1,1,1
425,1,-12,56,53,132,1,1,1
426,1,-16,57,57,132,1,1,1
427,1,-15,57,57,132,1,1,1
428,1,-18,59,58,131,1,1,1
429,1,-19,59,60,132,1,1,1
430,1,-27,63,61,130,1,1,1
431,1,-28,66,60,130,1,1,1
432,1,-30,67,61,130,1,1,1
433,1,-29,70,61,130,1,1,1
434,1,-28,70,60,130,1,1,1
435,1,-29,70,60,130,1,1,1
436,1,-30,72,60,130,1,1,1
439,1,-25,73,54,130,1,1,1
440,1,-26,75,54,130,1,1,1
441,1,-22,72,54,130,1,1,1
442,1,-26,74,55,131,1,1,1
443,1,-22,75,54,131,1,1,1
444,1,-22,77,54,130,1,1,1
445,1,-22,79,54,130,1,1,1
446,1,-22,81,54,130,1,1,1
447,1,-22,83,54,130,1,1,1
448,1,-23,86,54,131,1,1,1
449,1,-21,87,54,131,1,1,1
450,1,-22,89,54,130,1,1,1
451,1,-24,91,55,130,1,1,1
452,1,-25,91,54,130,1,1,1
453,1,-27,92,54,130,1,1,1
473,1,-30,101,61,143,1,1,1
476,1,-27,105,58,132,1,1,1
477,1,-26,107,58,132,1,1,1
478,1,-26,107,59,132,1,1,1
479,1,-27,105,59,132,1,1,1
480,1,-27,104,64,134,1,1,1
481,1,-18,102,54,135,1,1,1
482,1,-19,107,58,128,1,1,1
483,1,-20,107,58,128,1,1,1
484,1,-19,106,58,129,1,1,1
485,1,-15,104,64,127,1,1,1
486,1,-13,97,60,134,1,1,1
487,1,-6,98,60,134,1,1,1
488,1,-8,99,60,134,1,1,1
489,1,-6,101,60,133,1,1,1
490,1,1,100,53,134,1,1,1
491,1,3,98,63,133,1,1,1
492,1,5,97,74,133,1,1,1
493,1,23,96,63,134,1,1,1
494,1,42,93,63,134,1,1,1
495,1,62,92,63,134,1,1,1
496,1,79,92,63,134,1,1,1
497,1,90,88,61,142,1,1,1
498,1,89,90,62,142,1,1,1
499,1,93,92,62,142,1,1,1
500,1,93,93,62,143,1,1,1
501,1,94,94,62,143,1,1,1
502,1,96,94,62,143,1,1,1
503,1,97,94,62,143,1,1,1
504,1,99,94,59,142,1,1,1
505,1,101,94,58,142,1,1,1
506,1,103,95,58,142,1,1,1
507,1,106,99,55,135,1,1,1
508,1,107,101,56,135,1,1,1
509,1,108,103,56,135,1,1,1
510,1,109,105,56,135,1,1,1
511,1,110,107,56,136,1,1,1
512,1,111,109,56,136,1,1,1
513,1,112,111,56,135,1,1,1
514,1,112,100,56,147,1,1,1
515,1,112,102,56,146,1,1,1
516,1,112,101,56,147,1,1,1
517,1,113,103,56,147,1,1,1
518,1,113,104,56,147,1,1,1
519,1,113,106,56,147,1,1,1
520,1,115,108,56,147,1,1,1
521,1,109,109,62,147,1,1,1
522,1,111,110,62,147,1,1,1
523,1,113,108,60,148,1,1,1
524,1,113,112,61,147,1,1,1
525,1,113,113,61,147,1,1,1
526,1,114,115,61,153,1,1,1
527,1,115,117,61,153,1,1,1
528,1,116,119,60,153,1,1,1
529,1,116,124,61,153,1,1,1
530,1,118,124,60,153,1,1,1
531,1,118,124,61,153,1,1,1
532,1,118,126,61,153,1,1,1
533,1,119,127,60,154,1,1,1
534,1,119,129,61,154,1,1,1
535,1,120,131,61,153,1,1,1
536,1,120,133,61,153,1,1,1
537,1,120,136,61,154,1,1,1
538,1,121,139,61,153,1,1,1
539,1,121,144,61,153,1,1,1
540,1,122,146,61,154,1,1,1
541,1,122,148,61,154,1,1,1
542,1,124,150,61,154,1,1,1
543,1,124,153,61,153,1,1,1
544,1,123,151,65,161,1,1,1
545,1,124,152,64,161,1,1,1
546,1,126,157,61,154,1,1,1
547,1,126,159,62,154,1,1,1
548,1,124,157,65,162,1,1,1
549,1,125,157,64,162,1,1,1
550,1,125,159,65,161,1,1,1
551,1,123,165,67,154,1,1,1
552,1,118,165,66,154,1,1,1
553,1,125,167,66,154,1,1,1
554,1,125,169,67,154,1,1,1
555,1,127,171,67,154,1,1,1
556,1,117,172,67,170,1,1,1
557,1,118,177,67,169,1,1,1
558,1,127,177,67,170,1,1,1
559,1,128,180,67,170,1,1,1
560,1,128,182,67,170,1,1,1
561,1,119,184,76,170,1,1,1
562,1,122,184,77,170,1,1,1
563,1,123,186,77,169,1,1,1
564,1,124,187,77,170,1,1,1
565,1,125,188,77,170,1,1,1
566,1,126,189,77,170,1,1,1
567,1,126,190,77,170,1,1,1
568,1,129,196,73,162,1,1,1
569,1,130,200,73,162,1,1,1
570,1,131,205,73,162,1,1,1
571,1,130,208,73,162,1,1,1
572,1,131,211,74,173,1,1,1
573,1,132,212,73,173,1,1,1
574,1,132,214,74,173,1,1,1
575,1,132,218,74,173,1,1,1
576,1,131,219,74,172,1,1,1
577,1,131,221,73,173,1,1,1
578,1,128,217,74,173,1,1,1
579,1,128,219,74,172,1,1,1
580,1,127,218,74,173,1,1,1
581,1,127,219,74,173,1,1,1
582,1,128,218,74,173,1,1,1
583,1,119,219,73,172,1,1,1
584,1,117,217,73,173,1,1,1
585,1,119,217,74,173,1,1,1
586,1,114,214,73,187,1,1,1
587,1,120,214,73,193,1,1,1
588,1,112,211,87,192,1,1,1
589,1,114,206,87,192,1,1,1
590,1,113,209,87,186,1,1,1
591,1,114,204,87,200,1,1,1
592,1,114,198,87,200,1,1,1
593,1,113,194,87,200,1,1,1
594,1,113,193,86,199,1,1,1
595,1,112,197,86,193,1,1,1
596,1,110,198,87,193,1,1,1
597,1,111,193,87,193,1,1,1
598,1,110,194,87,193,1,1,1
599,1,110,197,86,193,1,1,1
600,1,112,204,82,184,1,1,1
601,1,111,202,83,196,1,1,1
602,1,111,207,82,202,1,1,1
603,1,109,210,82,205,1,1,1
604,1,107,211,83,213,1,1,1
605,1,106,214,83,212,1,1,1
606,1,107,222,79,203,1,1,1
607,1,106,225,79,202,1,1,1
608,1,95,219,86,214,1,1,1
609,1,96,221,87,215,1,1,1
610,1,96,225,87,214,1,1,1
611,1,94,227,87,214,1,1,1
612,1,94,228,86,214,1,1,1
613,1,79,223,101,211,1,1,1
614,1,81,229,102,210,1,1,1
615,1,79,231,102,210,1,1,1
616,1,79,234,101,210,1,1,1
617,1,75,239,103,220,1,1,1
618,1,64,241,114,219,1,1,1
619,1,68,242,114,241,1,1,1
620,1,70,249,106,233,1,1,1
621,1,71,247,107,233,1,1,1
622,1,70,249,106,233,1,1,1
623,1,59,272,107,222,1,1,1
624,1,67,266,106,223,1,1,1
625,1,67,265,106,223,1,1,1
626,1,67,267,106,223,1,1,1
627,1,68,270,106,223,1,1,1
628,1,70,273,101,213,1,1,1
629,1,71,272,101,213,1,1,1
630,1,71,274,102,213,1,1,1
631,1,74,278,96,202,1,1,1
632,1,74,277,97,202,1,1,1
633,1,78,284,92,193,1,1,1
634,1,78,281,92,193,1,1,1
635,1,78,276,92,216,1,1,1
636,1,81,272,92,216,1,1,1
637,1,80,269,93,216,1,1,1
638,1,81,264,92,216,1,1,1
639,1,81,259,92,216,1,1,1
640,1,81,254,92,216,1,1,1
641,1,81,247,92,216,1,1,1
642,1,82,242,92,217,1,1,1
643,1,83,236,92,217,1,1,1
644,1,83,229,92,217,1,1,1
645,1,89,229,88,207,1,1,1
646,1,86,222,88,196,1,1,1
647,1,89,215,88,197,1,1,1
648,1,91,209,87,196,1,1,1
649,1,92,202,87,196,1,1,1
650,1,89,202,87,196,1,1,1
651,1,91,197,88,211,1,1,1
652,1,96,188,87,212,1,1,1
653,1,97,194,87,211,1,1,1
654,1,100,187,88,212,1,1,1
655,1,101,184,87,211,1,1,1
656,1,106,184,83,202,1,1,1
657,1,106,182,83,202,1,1,1
658,1,107,178,83,202,1,1,1
659,1,108,179,83,202,1,1,1
660,1,109,179,83,202,1,1,1
661,1,112,182,80,193,1,1,1
662,1,114,182,79,193,1,1,1
663,1,114,181,79,193,1,1,1
664,1,115,181,79,192,1,1,1
665,1,116,181,79,193,1,1,1
666,1,116,181,79,193,1,1,1
667,1,115,178,83,202,1,1,1
668,1,113,172,87,212,1,1,1
669,1,113,171,87,212,1,1,1
670,1,115,175,83,203,1,1,1
671,1,115,174,83,202,1,1,1
672,1,115,171,83,202,1,1,1
673,1,115,170,83,202,1,1,1
674,1,114,169,83,202,1,1,1
675,1,114,168,83,202,1,1,1
676,1,113,168,83,202,1,1,1
677,1,113,166,82,202,1,1,1
678,1,112,167,83,202,1,1,1
679,1,112,167,82,202,1,1,1
680,1,113,170,79,193,1,1,1
681,1,113,170,79,192,1,1,1
682,1,116,176,76,184,1,1,1
683,1,117,179,76,184,1,1,1
684,1,108,172,89,206,1,1,1
685,1,110,174,85,206,1,1,1
686,1,112,176,85,205,1,1,1
687,1,113,177,84,205,1,1,1
688,1,116,181,80,196,1,1,1
689,1,116,179,81,197,1,1,1
690,1,117,177,80,196,1,1,1
691,1,115,171,85,206,1,1,1
692,1,116,170,84,206,1,1,1
693,1,117,169,84,206,1,1,1
694,1,117,174,84,201,1,1,1
695,1,117,172,85,200,1,1,1
696,1,118,172,85,201,1,1,1
697,1,118,173,84,201,1,1,1
698,1,118,173,85,201,1,1,1
699,1,118,177,85,197,1,1,1
700,1,122,175,85,197,1,1,1
701,1,119,183,85,198,1,1,1
702,1,117,181,89,207,1,1,1
703,1,116,182,89,207,1,1,1
704,1,115,183,89,207,1,1,1
705,1,114,185,89,206,1,1,1
706,1,113,186,89,206,1,1,1
707,1,112,187,90,206,1,1,1
708,1,111,189,90,207,1,1,1
709,1,111,191,89,207,1,1,1
710,1,107,191,94,210,1,1,1
711,1,107,191,93,210,1,1,1
712,1,107,191,93,210,1,1,1
713,1,106,190,93,206,1,1,1
714,1,105,191,93,206,1,1,1
715,1,105,191,93,206,1,1,1
716,1,104,191,93,206,1,1,1
717,1,101,187,98,215,1,1,1
718,1,101,197,91,216,1,1,1
719,1,103,196,90,217,1,1,1
720,1,103,197,90,217,1,1,1
721,1,103,200,91,217,1,1,1
722,1,103,202,91,216,1,1,1
723,1,103,202,91,216,1,1,1
724,1,104,201,90,217,1,1,1
725,1,103,203,91,216,1,1,1
726,1,103,204,91,217,1,1,1
727,1,102,207,91,217,1,1,1
728,1,103,209,91,216,1,1,1
729,1,102,211,91,216,1,1,1
730,1,101,213,91,217,1,1,1
731,1,101,215,91,216,1,1,1
732,1,100,219,91,216,1,1,1
733,1,99,222,91,216,1,1,1
734,1,95,219,96,226,1,1,1
735,1,95,224,96,227,1,1,1
736,1,94,229,96,227,1,1,1
737,1,93,233,96,226,1,1,1
738,1,90,239,96,217,1,1,1
739,1,85,241,96,217,1,1,1
740,1,82,239,95,217,1,1,1
741,1,82,240,96,218,1,1,1
742,1,79,241,96,217,1,1,1
743,1,78,241,96,217,1,1,1
744,1,77,250,96,212,1,1,1
745,1,72,252,96,206,1,1,1
746,1,69,254,95,206,1,1,1
747,1,72,262,96,206,1,1,1
748,1,60,262,105,200,1,1,1
749,1,58,264,110,205,1,1,1
750,1,58,267,110,205,1,1,1
751,1,58,273,110,205,1,1,1
752,1,48,276,119,205,1,1,1
753,1,49,285,120,223,1,1,1
754,1,48,290,119,224,1,1,1
755,1,46,294,119,218,1,1,1
756,1,37,295,119,219,1,1,1
757,1,41,292,119,218,1,1,1
758,1,39,301,120,218,1,1,1
759,1,37,303,120,218,1,1,1
760,1,34,305,119,218,1,1,1
761,1,30,305,119,212,1,1,1
762,1,27,311,119,204,1,1,1
763,1,24,315,119,205,1,1,1
764,1,22,316,119,200,1,1,1
765,1,22,321,119,193,1,1,1
766,1,8,315,132,202,1,1,1
767,1,9,321,131,201,1,1,1
768,1,7,322,131,202,1,1,1
769,1,4,327,131,202,1,1,1
770,1,1,327,131,202,1,1,1
771,1,-11,327,139,202,1,1,1
772,1,-16,327,138,202,1,1,1
773,1,-29,327,149,202,1,1,1
774,1,-34,327,149,201,1,1,1
775,1,-36,327,148,202,1,1,1
776,1,-39,335,148,193,1,1,1
777,1,-44,335,149,194,1,1,1
778,1,-41,335,149,194,1,1,1
779,1,-28,335,148,194,1,1,1
780,1,-8,335,130,194,1,1,1
781,1,7,317,123,208,1,1,1
782,1,27,317,125,207,1,1,1
783,1,45,316,126,208,1,1,1
784,1,65,310,123,217,1,1,1
785,1,93,311,109,215,1,1,1
786,1,103,297,114,228,1,1,1
787,1,128,300,106,228,1,1,1
788,1,138,291,114,228,1,1,1
789,1,156,291,103,227,1,1,1
790,1,159,290,112,228,1,1,1
791,1,162,291,101,228,1,1,1
792,1,166,292,96,227,1,1,1
793,1,156,295,108,228,1,1,1
794,1,160,295,108,228,1,1,1
795,1,158,299,109,219,1,1,1
796,1,160,298,108,219,1,1,1
797,1,158,298,109,219,1,1,1
798,1,157,299,109,219,1,1,1
799,1,156,298,94,219,1,1,1
800,1,157,298,95,219,1,1,1
801,1,156,298,94,219,1,1,1
802,1,155,297,95,219,1,1,1
803,1,147,296,101,220,1,1,1
804,1,150,295,100,219,1,1,1
805,1,150,295,101,219,1,1,1
806,1,153,294,100,220,1,1,1
807,1,157,293,101,219,1,1,1
808,1,166,290,101,220,1,1,1
809,1,179,288,101,220,1,1,1
810,1,195,286,101,220,1,1,1
811,1,213,288,101,219,1,1,1
812,1,232,291,100,219,1,1,1
813,1,247,274,99,228,1,1,1
814,1,250,275,100,229,1,1,1
815,1,250,275,100,229,1,1,1
816,1,249,274,100,228,1,1,1
817,1,249,277,100,228,1,1,1
818,1,250,277,100,228,1,1,1
819,1,249,277,93,228,1,1,1
820,1,251,268,86,238,1,1,1
821,1,253,270,86,237,1,1,1
822,1,253,272,87,237,1,1,1
823,1,253,271,75,237,1,1,1
824,1,247,273,76,237,1,1,1
825,1,247,277,76,237,1,1,1
826,1,254,274,75,237,1,1,1
827,1,255,276,75,237,1,1,1
828,1,242,276,88,237,1,1,1
829,1,248,275,79,237,1,1,1
830,1,253,277,79,236,1,1,1
831,1,248,286,79,221,1,1,1
832,1,253,285,78,222,1,1,1
833,1,253,286,79,222,1,1,1
834,1,253,286,78,221,1,1,1
835,1,254,288,78,221,1,1,1
836,1,254,288,78,222,1,1,1
837,1,256,287,79,222,1,1,1
838,1,263,299,82,215,1,1,1
839,1,279,298,81,214,1,1,1
840,1,296,298,81,214,1,1,1
841,1,313,299,80,214,1,1,1
842,1,322,300,81,215,1,1,1
843,1,326,303,81,214,1,1,1
844,1,327,305,80,214,1,1,1
845,1,323,301,85,225,1,1,1
846,1,323,304,85,211,1,1,1
847,1,324,306,85,218,1,1,1
848,1,323,307,85,226,1,1,1
849,1,317,318,91,211,1,1,1
850,1,318,313,91,211,1,1,1
851,1,318,315,91,211,1,1,1
1,2,198,232,97,194,1,1,1
2,2,202,230,97,193,1,1,1
3,2,201,226,97,194,1,1,1
4,2,205,219,88,204,1,1,1
5,2,208,218,87,203,1,1,1
6,2,207,215,88,204,1,1,1
7,2,208,212,87,204,1,1,1
8,2,208,217,84,194,1,1,1
9,2,211,210,83,197,1,1,1
10,2,211,211,83,190,1,1,1
11,2,211,205,83,191,1,1,1
12,2,211,203,84,191,1,1,1
13,2,212,199,83,191,1,1,1
14,2,211,196,84,191,1,1,1
15,2,212,199,83,185,1,1,1
16,2,212,195,84,176,1,1,1
17,2,212,193,83,176,1,1,1
18,2,212,192,84,176,1,1,1
19,2,212,190,77,176,1,1,1
20,2,214,189,78,176,1,1,1
21,2,214,187,77,184,1,1,1
22,2,214,183,77,184,1,1,1
23,2,214,181,78,184,1,1,1
24,2,212,184,77,185,1,1,1
25,2,213,177,77,185,1,1,1
26,2,212,174,77,185,1,1,1
27,2,213,173,77,184,1,1,1
28,2,212,171,77,184,1,1,1
29,2,213,169,77,184,1,1,1
30,2,213,167,77,184,1,1,1
31,2,213,165,77,184,1,1,1
32,2,213,163,73,176,1,1,1
33,2,215,163,73,176,1,1,1
34,2,216,162,67,176,1,1,1
35,2,219,161,67,176,1,1,1
36,2,219,160,68,176,1,1,1
37,2,221,160,67,176,1,1,1
38,2,221,158,67,176,1,1,1
39,2,222,156,68,176,1,1,1
40,2,223,154,67,176,1,1,1
41,2,224,152,68,176,1,1,1
42,2,226,151,66,176,1,1,1
43,2,229,152,66,176,1,1,1
44,2,231,151,66,176,1,1,1
45,2,234,148,66,176,1,1,1
46,2,236,146,65,176,1,1,1
47,2,238,145,65,176,1,1,1
48,2,240,144,66,176,1,1,1
49,2,242,143,66,176,1,1,1
50,2,243,141,66,176,1,1,1
51,2,244,139,66,176,1,1,1
52,2,245,139,65,176,1,1,1
53,2,246,133,69,185,1,1,1
54,2,248,131,68,185,1,1,1
55,2,249,129,69,184,1,1,1
56,2,250,136,72,166,1,1,1
57,2,255,128,61,167,1,1,1
58,2,253,134,62,167,1,1,1
59,2,252,131,62,167,1,1,1
60,2,252,132,62,167,1,1,1
61,2,255,133,61,162,1,1,1
62,2,259,131,58,157,1,1,1
63,2,263,124,58,167,1,1,1
64,2,264,117,58,167,1,1,1
65,2,265,116,58,166,1,1,1
66,2,264,123,58,160,1,1,1
67,2,265,117,58,160,1,1,1
68,2,266,116,58,160,1,1,1
69,2,266,115,58,160,1,1,1
70,2,267,113,58,160,1,1,1
71,2,266,120,58,159,1,1,1
72,2,269,116,58,160,1,1,1
73,2,269,113,58,159,1,1,1
74,2,269,111,58,160,1,1,1
75,2,270,107,58,160,1,1,1
76,2,270,106,58,160,1,1,1
77,2,272,111,61,165,1,1,1
78,2,271,105,61,164,1,1,1
79,2,272,103,61,164,1,1,1
80,2,276,103,61,164,1,1,1
81,2,277,99,61,165,1,1,1
82,2,280,99,58,156,1,1,1
83,2,280,98,59,156,1,1,1
84,2,281,95,59,156,1,1,1
85,2,282,94,58,156,1,1,1
86,2,283,92,58,156,1,1,1
87,2,284,95,55,149,1,1,1
88,2,285,94,55,149,1,1,1
89,2,286,93,55,149,1,1,1
90,2,284,88,58,156,1,1,1
91,2,286,90,55,149,1,1,1
92,2,286,88,55,149,1,1,1
93,2,287,87,55,148,1,1,1
94,2,287,86,55,148,1,1,1
95,2,287,84,55,149,1,1,1
96,2,287,83,55,148,1,1,1
97,2,287,83,55,148,1,1,1
98,2,288,82,55,148,1,1,1
99,2,287,79,55,149,1,1,1
100,2,287,78,55,149,1,1,1
101,2,287,76,55,148,1,1,1
102,2,288,78,53,141,1,1,1
103,2,288,78,53,141,1,1,1
104,2,288,79,53,141,1,1,1
105,2,287,75,55,149,1,1,1
106,2,287,76,55,148,1,1,1
107,2,286,77,55,148,1,1,1
108,2,286,77,55,149,1,1,1
109,2,286,76,55,149,1,1,1
110,2,283,77,54,148,1,1,1
111,2,285,75,55,149,1,1,1
112,2,285,74,55,149,1,1,1
113,2,285,73,55,148,1,1,1
114,2,284,73,55,148,1,1,1
115,2,283,71,55,148,1,1,1
116,2,283,71,54,148,1,1,1
117,2,282,68,55,149,1,1,1
118,2,282,67,55,148,1,1,1
119,2,282,65,54,148,1,1,1
120,2,281,65,55,148,1,1,1
121,2,281,63,54,148,1,1,1
122,2,279,62,55,138,1,1,1
123,2,279,64,55,139,1,1,1
124,2,278,63,55,138,1,1,1
125,2,277,62,55,138,1,1,1
126,2,277,61,55,138,1,1,1
127,2,275,60,55,138,1,1,1
128,2,275,62,52,131,1,1,1
129,2,274,61,52,132,1,1,1
130,2,271,61,52,132,1,1,1
131,2,269,57,54,138,1,1,1
132,2,267,52,57,145,1,1,1
133,2,265,51,57,145,1,1,1
134,2,264,49,57,144,1,1,1
135,2,261,50,56,131,1,1,1
136,2,261,52,56,132,1,1,1
137,2,260,51,56,132,1,1,1
138,2,258,47,58,138,1,1,1
139,2,257,46,59,138,1,1,1
140,2,257,45,59,138,1,1,1
141,2,256,44,51,138,1,1,1
142,2,257,44,52,138,1,1,1
143,2,248,42,60,138,1,1,1
144,2,246,42,65,137,1,1,1
145,2,248,40,58,138,1,1,1
146,2,245,40,58,138,1,1,1
147,2,249,39,58,138,1,1,1
148,2,248,38,58,138,1,1,1
149,2,246,37,58,138,1,1,1
150,2,246,36,57,138,1,1,1
151,2,245,35,58,138,1,1,1
152,2,244,34,58,138,1,1,1
153,2,243,33,58,138,1,1,1
154,2,241,33,61,144,1,1,1
155,2,240,33,60,126,1,1,1
156,2,240,34,60,127,1,1,1
157,2,239,34,60,127,1,1,1
158,2,238,33,60,126,1,1,1
159,2,238,33,60,127,1,1,1
160,2,236,32,60,127,1,1,1
161,2,236,32,60,127,1,1,1
162,2,234,32,61,126,1,1,1
163,2,234,32,60,126,1,1,1
164,2,232,32,60,127,1,1,1
165,2,230,32,60,127,1,1,1
166,2,229,32,60,126,1,1,1
167,2,227,28,63,133,1,1,1
168,2,225,27,63,133,1,1,1
169,2,224,34,51,126,1,1,1
170,2,227,31,51,126,1,1,1
171,2,227,31,51,126,1,1,1
172,2,225,28,51,126,1,1,1
173,2,224,27,51,126,1,1,1
174,2,224,29,51,126,1,1,1
175,2,222,26,53,132,1,1,1
176,2,221,27,53,132,1,1,1
177,2,220,27,53,132,1,1,1
178,2,220,27,53,132,1,1,1
179,2,219,28,54,133,1,1,1
180,2,218,36,54,126,1,1,1
181,2,218,33,53,127,1,1,1
182,2,217,34,54,126,1,1,1
183,2,215,35,54,126,1,1,1
184,2,215,36,53,126,1,1,1
185,2,214,36,53,126,1,1,1
186,2,212,39,54,126,1,1,1
187,2,211,39,54,126,1,1,1
188,2,211,40,53,127,1,1,1
189,2,210,43,51,120,1,1,1
190,2,210,44,50,120,1,1,1
191,2,208,45,51,120,1,1,1
192,2,207,46,51,121,1,1,1
193,2,205,44,54,126,1,1,1
194,2,204,45,54,126,1,1,1
195,2,203,47,53,127,1,1,1
196,2,203,48,53,126,1,1,1
197,2,200,49,54,126,1,1,1
198,2,199,49,53,127,1,1,1
199,2,196,48,56,133,1,1,1
200,2,195,49,56,133,1,1,1
201,2,194,50,50,133,1,1,1
202,2,193,49,51,133,1,1,1
203,2,192,50,50,133,1,1,1
204,2,190,49,51,133,1,1,1
205,2,189,50,51,133,1,1,1
206,2,189,50,50,133,1,1,1
207,2,188,50,50,133,1,1,1
208,2,187,50,51,133,1,1,1
209,2,186,49,50,133,1,1,1
210,2,185,49,51,133,1,1,1
211,2,176,50,58,132,1,1,1
212,2,178,52,58,128,1,1,1
213,2,177,50,58,128,1,1,1
214,2,171,50,58,128,1,1,1
215,2,174,46,58,129,1,1,1
216,2,174,46,58,129,1,1,1
217,2,173,46,58,129,1,1,1
218,2,174,49,56,122,1,1,1
219,2,174,48,56,122,1,1,1
220,2,174,47,55,122,1,1,1
221,2,174,47,55,122,1,1,1
222,2,174,46,55,122,1,1,1
223,2,174,46,56,122,1,1,1
224,2,175,45,56,122,1,1,1
225,2,175,45,56,122,1,1,1
226,2,176,46,56,122,1,1,1
227,2,177,46,55,122,1,1,1
228,2,177,44,55,122,1,1,1
229,2,177,45,56,122,1,1,1
230,2,178,45,55,122,1,1,1
231,2,178,44,56,122,1,1,1
232,2,177,40,59,128,1,1,1
233,2,177,40,58,128,1,1,1
234,2,178,42,55,122,1,1,1
235,2,177,41,55,122,1,1,1
236,2,175,38,58,128,1,1,1
237,2,175,37,58,128,1,1,1
238,2,174,34,58,128,1,1,1
239,2,173,34,58,128,1,1,1
240,2,176,33,59,128,1,1,1
241,2,188,34,56,122,1,1,1
242,2,206,31,56,122,1,1,1
243,2,228,27,59,128,1,1,1
244,2,250,30,60,123,1,1,1
245,2,274,29,60,122,1,1,1
246,2,290,29,60,123,1,1,1
247,2,296,26,60,123,1,1,1
248,2,297,24,60,123,1,1,1
249,2,297,23,60,123,1,1,1
250,2,297,23,60,122,1,1,1
251,2,297,22,60,123,1,1,1
252,2,296,21,60,123,1,1,1
253,2,296,20,60,122,1,1,1
254,2,294,20,61,122,1,1,1
255,2,294,18,60,122,1,1,1
256,2,294,17,60,123,1,1,1
257,2,293,16,60,123,1,1,1
258,2,293,16,60,123,1,1,1
259,2,294,18,57,117,1,1,1
260,2,293,17,58,116,1,1,1
261,2,293,16,58,117,1,1,1
262,2,293,16,58,117,1,1,1
263,2,292,15,57,117,1,1,1
264,2,299,13,50,116,1,1,1
265,2,297,10,49,116,1,1,1
266,2,296,10,49,116,1,1,1
267,2,295,10,49,116,1,1,1
268,2,295,8,49,116,1,1,1
269,2,294,10,48,110,1,1,1
270,2,294,9,48,111,1,1,1
271,2,293,9,47,111,1,1,1
272,2,292,9,47,110,1,1,1
273,2,291,7,47,110,1,1,1
274,2,290,6,47,110,1,1,1
275,2,289,6,47,110,1,1,1
276,2,288,5,47,110,1,1,1
277,2,287,4,46,110,1,1,1
278,2,286,4,47,110,1,1,1
279,2,285,2,47,111,1,1,1
280,2,285,2,47,110,1,1,1
281,2,283,1,47,110,1,1,1
282,2,283,0,47,110,1,1,1
283,2,283,1,45,105,1,1,1
284,2,283,2,42,100,1,1,1
285,2,283,4,42,109,1,1,1
286,2,282,0,42,109,1,1,1
287,2,281,0,42,109,1,1,1
288,2,280,0,42,109,1,1,1
289,2,278,0,42,109,1,1,1
290,2,277,0,42,109,1,1,1
291,2,277,0,41,109,1,1,1
292,2,275,1,42,109,1,1,1
293,2,275,4,40,103,1,1,1
294,2,274,3,40,103,1,1,1
295,2,273,-1,42,109,1,1,1
296,2,272,-1,42,109,1,1,1
297,2,271,-1,42,109,1,1,1
298,2,271,-2,42,109,1,1,1
299,2,270,-4,41,109,1,1,1
300,2,269,-4,41,109,1,1,1
301,2,268,-2,40,104,1,1,1
302,2,266,-2,40,104,1,1,1
303,2,265,-3,40,104,1,1,1
304,2,265,-3,39,104,1,1,1
305,2,264,-2,39,104,1,1,1
306,2,262,-3,40,103,1,1,1
307,2,260,-4,40,104,1,1,1
308,2,259,-4,39,103,1,1,1
309,2,256,-5,40,104,1,1,1
310,2,254,-6,39,103,1,1,1
311,2,252,-7,40,104,1,1,1
312,2,250,-8,39,103,1,1,1
313,2,247,-8,40,103,1,1,1
314,2,247,-8,38,99,1,1,1
315,2,246,-11,39,104,1,1,1
316,2,244,-11,40,103,1,1,1
317,2,243,-12,40,104,1,1,1
318,2,241,-13,39,103,1,1,1
319,2,234,-16,49,108,1,1,1
320,2,232,-17,49,109,1,1,1
321,2,231,-17,49,108,1,1,1
322,2,232,-14,40,110,1,1,1
323,2,224,-17,48,110,1,1,1
324,2,225,-17,48,110,1,1,1
325,2,224,-17,48,110,1,1,1
326,2,223,-17,48,110,1,1,1
327,2,222,-17,48,110,1,1,1
328,2,222,-17,47,110,1,1,1
329,2,220,-18,48,110,1,1,1
330,2,219,-18,48,110,1,1,1
331,2,217,-17,48,110,1,1,1
332,2,223,-17,42,110,1,1,1
333,2,223,-19,35,110,1,1,1
334,2,223,-20,35,110,1,1,1
335,2,221,-20,35,110,1,1,1
336,2,217,-20,36,110,1,1,1
337,2,216,-21,35,110,1,1,1
338,2,215,-21,35,110,1,1,1
339,2,213,-22,35,110,1,1,1
340,2,211,-21,35,110,1,1,1
341,2,210,-22,35,110,1,1,1
342,2,209,-22,35,110,1,1,1
343,2,207,-22,36,110,1,1,1
344,2,206,-22,35,110,1,1,1
345,2,197,-18,47,106,1,1,1
346,2,192,-20,47,107,1,1,1
347,2,188,-19,47,106,1,1,1
348,2,195,-22,42,110,1,1,1
349,2,190,-22,42,110,1,1,1
350,2,188,-23,42,111,1,1,1
351,2,185,-20,42,110,1,1,1
352,2,188,-21,36,109,1,1,1
353,2,187,-16,37,103,1,1,1
354,2,184,-15,37,103,1,1,1
355,2,183,-14,36,103,1,1,1
356,2,181,-15,37,103,1,1,1
357,2,180,-13,36,103,1,1,1
358,2,176,-15,39,109,1,1,1
359,2,176,-12,37,103,1,1,1
360,2,174,-14,39,109,1,1,1
361,2,167,-12,39,109,1,1,1
362,2,167,-11,39,108,1,1,1
363,2,166,-10,39,108,1,1,1
364,2,162,-10,39,108,1,1,1
365,2,157,-11,41,114,1,1,1
366,2,153,-10,55,111,1,1,1
367,2,150,-9,55,111,1,1,1
368,2,147,-7,55,111,1,1,1
369,2,146,-8,55,111,1,1,1
370,2,143,-7,55,111,1,1,1
371,2,146,-6,49,112,1,1,1
372,2,144,-6,43,112,1,1,1
373,2,141,-5,44,112,1,1,1
374,2,134,-4,49,112,1,1,1
375,2,130,-1,43,112,1,1,1
376,2,126,1,44,111,1,1,1
377,2,128,2,43,112,1,1,1
378,2,122,5,43,112,1,1,1
379,2,121,6,43,112,1,1,1
380,2,120,8,43,112,1,1,1
381,2,114,9,48,111,1,1,1
382,2,112,10,48,112,1,1,1
383,2,110,12,47,112,1,1,1
384,2,107,14,48,122,1,1,1
385,2,104,14,56,122,1,1,1
386,2,105,16,52,122,1,1,1
387,2,102,18,52,122,1,1,1
388,2,100,21,51,122,1,1,1
389,2,98,23,52,122,1,1,1
390,2,101,22,43,128,1,1,1
391,2,99,23,42,128,1,1,1
392,2,96,32,44,117,1,1,1
393,2,93,32,45,117,1,1,1
394,2,92,33,44,117,1,1,1
395,2,91,34,44,118,1,1,1
396,2,89,36,44,118,1,1,1
397,2,87,38,44,117,1,1,1
398,2,85,39,45,118,1,1,1
399,2,82,39,47,123,1,1,1
400,2,81,39,47,124,1,1,1
401,2,79,41,47,123,1,1,1
402,2,77,42,47,123,1,1,1
403,2,75,45,44,118,1,1,1
404,2,73,47,45,118,1,1,1
405,2,71,47,45,117,1,1,1
406,2,70,48,45,118,1,1,1
407,2,69,49,55,118,1,1,1
408,2,63,50,56,118,1,1,1
409,2,62,51,55,118,1,1,1
410,2,61,54,55,118,1,1,1
411,2,60,53,55,118,1,1,1
412,2,58,52,55,118,1,1,1
413,2,56,52,55,118,1,1,1
414,2,55,54,55,118,1,1,1
415,2,53,54,55,118,1,1,1
416,2,52,55,56,117,1,1,1
417,2,51,55,56,132,1,1,1
418,2,51,55,55,131,1,1,1
419,2,50,60,56,128,1,1,1
420,2,49,59,56,128,1,1,1
421,2,49,61,55,128,1,1,1
422,2,48,62,55,128,1,1,1
423,2,48,63,55,128,1,1,1
424,2,47,63,55,128,1,1,1
425,2,45,61,58,135,1,1,1
426,2,44,62,58,135,1,1,1
427,2,43,62,58,135,1,1,1
428,2,42,63,58,134,1,1,1
429,2,41,65,58,134,1,1,1
430,2,41,64,58,134,1,1,1
431,2,42,73,58,123,1,1,1
432,2,39,71,58,123,1,1,1
433,2,38,72,58,123,1,1,1
434,2,38,74,58,123,1,1,1
435,2,36,75,58,122,1,1,1
436,2,35,75,58,122,1,1,1
437,2,34,76,58,123,1,1,1
438,2,34,80,56,135,1,1,1
439,2,32,79,56,135,1,1,1
440,2,31,81,55,136,1,1,1
441,2,30,81,55,136,1,1,1
442,2,31,84,53,135,1,1,1
443,2,29,84,53,135,1,1,1
444,2,28,86,53,135,1,1,1
445,2,27,86,57,135,1,1,1
446,2,24,86,57,135,1,1,1
447,2,22,85,57,135,1,1,1
448,2,21,87,57,135,1,1,1
449,2,19,87,57,135,1,1,1
450,2,17,91,57,129,1,1,1
451,2,14,95,57,125,1,1,1
452,2,12,96,57,130,1,1,1
453,2,10,94,58,141,1,1,1
454,2,9,96,58,137,1,1,1
455,2,7,99,57,137,1,1,1
456,2,7,102,58,136,1,1,1
457,2,6,104,57,137,1,1,1
458,2,4,102,58,137,1,1,1
459,2,2,104,57,136,1,1,1
460,2,-1,104,58,136,1,1,1
461,2,-2,105,57,137,1,1,1
462,2,-1,111,58,137,1,1,1
463,2,4,110,57,137,1,1,1
464,2,-1,113,57,137,1,1,1
465,2,-6,111,58,137,1,1,1
466,2,-7,112,58,137,1,1,1
467,2,-7,115,57,137,1,1,1
468,2,-9,117,57,137,1,1,1
469,2,-11,118,58,137,1,1,1
470,2,-13,117,58,137,1,1,1
471,2,-16,116,61,143,1,1,1
472,2,-14,123,57,150,1,1,1
473,2,-16,123,62,150,1,1,1
474,2,-19,122,62,150,1,1,1
475,2,-21,127,62,150,1,1,1
476,2,-22,129,73,150,1,1,1
477,2,-23,131,73,150,1,1,1
478,2,-25,129,73,150,1,1,1
479,2,-26,128,73,150,1,1,1
480,2,-26,129,69,143,1,1,1
481,2,-28,121,67,136,1,1,1
482,2,-29,125,66,136,1,1,1
483,2,-30,124,66,136,1,1,1
484,2,-34,123,67,136,1,1,1
485,2,-34,122,70,140,1,1,1
488,2,-31,115,65,157,1,1,1
491,2,-34,117,75,158,1,1,1
493,2,-23,116,71,157,1,1,1
494,2,-6,114,69,157,1,1,1
495,2,10,111,69,158,1,1,1
496,2,22,109,69,157,1,1,1
497,2,28,108,63,157,1,1,1
498,2,30,108,63,158,1,1,1
499,2,30,108,58,158,1,1,1
500,2,30,113,59,151,1,1,1
501,2,30,112,58,151,1,1,1
502,2,29,111,58,152,1,1,1
503,2,28,112,56,144,1,1,1
504,2,27,115,56,143,1,1,1
505,2,26,117,59,138,1,1,1
506,2,23,117,59,138,1,1,1
507,2,21,117,59,138,1,1,1
508,2,20,116,67,150,1,1,1
509,2,16,116,66,150,1,1,1
510,2,13,117,67,149,1,1,1
511,2,11,120,77,151,1,1,1
512,2,7,121,77,151,1,1,1
513,2,5,124,77,150,1,1,1
514,2,2,124,77,150,1,1,1
515,2,-1,124,78,150,1,1,1
516,2,-2,124,77,150,1,1,1
517,2,-4,125,77,150,1,1,1
518,2,-5,126,77,150,1,1,1
519,2,-7,127,77,151,1,1,1
520,2,-9,129,77,147,1,1,1
521,2,-11,130,77,146,1,1,1
522,2,-13,133,76,142,1,1,1
523,2,-15,133,76,139,1,1,1
524,2,-15,134,75,139,1,1,1
525,2,-18,141,70,139,1,1,1
526,2,-17,136,70,158,1,1,1
527,2,-24,137,71,158,1,1,1
528,2,-24,139,71,159,1,1,1
529,2,-20,139,70,158,1,1,1
530,2,-31,145,71,158,1,1,1
531,2,-25,143,71,158,1,1,1
532,2,-26,145,71,158,1,1,1
533,2,-31,149,71,155,1,1,1
534,2,-32,150,71,155,1,1,1
535,2,-29,151,71,154,1,1,1
536,2,-34,151,75,156,1,1,1
537,2,-35,153,75,151,1,1,1
539,2,-37,152,75,151,1,1,1
548,2,-38,176,76,161,1,1,1
549,2,-40,170,80,170,1,1,1
811,2,-51,231,115,196,1,1,1
812,2,-32,226,115,196,1,1,1
813,2,-30,222,124,197,1,1,1
814,2,-31,224,124,197,1,1,1
815,2,-47,225,145,198,1,1,1
816,2,-34,226,133,197,1,1,1
817,2,-35,230,133,198,1,1,1
818,2,-30,229,133,205,1,1,1
819,2,-26,229,133,206,1,1,1
820,2,-27,230,133,206,1,1,1
821,2,-25,235,133,216,1,1,1
822,2,-20,240,116,221,1,1,1
823,2,-17,239,116,223,1,1,1
824,2,-17,244,117,223,1,1,1
825,2,-19,233,116,223,1,1,1
826,2,-17,249,117,223,1,1,1
827,2,-16,249,113,223,1,1,1
828,2,-22,250,113,223,1,1,1
829,2,-24,252,113,220,1,1,1
830,2,-27,254,118,218,1,1,1
831,2,-29,253,119,218,1,1,1
832,2,-28,258,119,214,1,1,1
833,2,-30,263,119,209,1,1,1
834,2,-32,267,119,206,1,1,1
835,2,-32,257,119,206,1,1,1
836,2,-32,265,118,206,1,1,1
837,2,-29,268,119,207,1,1,1
838,2,-15,271,119,207,1,1,1
839,2,5,265,119,207,1,1,1
840,2,19,265,119,207,1,1,1
841,2,46,261,119,216,1,1,1
842,2,56,258,120,217,1,1,1
843,2,59,259,120,217,1,1,1
844,2,59,259,120,217,1,1,1
845,2,65,267,120,217,1,1,1
846,2,64,266,120,217,1,1,1
847,2,70,266,120,217,1,1,1
848,2,72,268,108,224,1,1,1
849,2,66,271,107,224,1,1,1
850,2,74,267,108,224,1,1,1
851,2,75,270,106,220,1,1,1
