1,1,411,31,24,57,1,1,1
2,1,412,33,24,57,1,1,1
3,1,412,33,23,57,1,1,1
4,1,412,33,23,57,1,1,1
5,1,412,34,23,56,1,1,1
6,1,412,33,23,57,1,1,1
7,1,412,33,23,57,1,1,1
8,1,413,33,22,57,1,1,1
9,1,412,32,23,57,1,1,1
10,1,413,33,22,57,1,1,1
11,1,412,32,22,57,1,1,1
12,1,412,32,23,57,1,1,1
13,1,411,33,22,57,1,1,1
14,1,412,34,22,56,1,1,1
15,1,412,32,21,58,1,1,1
16,1,412,32,21,58,1,1,1
17,1,411,31,22,59,1,1,1
18,1,410,31,23,60,1,1,1
19,1,410,32,22,58,1,1,1
20,1,409,32,23,58,1,1,1
21,1,409,31,23,60,1,1,1
22,1,408,32,24,59,1,1,1
23,1,407,31,24,60,1,1,1
24,1,406,32,24,60,1,1,1
25,1,406,31,24,61,1,1,1
26,1,406,32,24,61,1,1,1
27,1,406,32,24,60,1,1,1
28,1,405,32,24,59,1,1,1
29,1,405,31,24,61,1,1,1
30,1,406,31,23,61,1,1,1
31,1,406,30,23,60,1,1,1
32,1,406,33,22,60,1,1,1
33,1,405,31,23,60,1,1,1
34,1,405,32,23,60,1,1,1
35,1,405,31,22,61,1,1,1
36,1,404,32,23,61,1,1,1
37,1,405,33,22,60,1,1,1
38,1,405,33,22,61,1,1,1
39,1,401,33,25,61,1,1,1
40,1,401,32,26,61,1,1,1
41,1,401,33,26,61,1,1,1
42,1,402,31,25,61,1,1,1
43,1,402,34,25,61,1,1,1
44,1,402,33,24,62,1,1,1
45,1,403,32,24,63,1,1,1
46,1,403,32,23,63,1,1,1
47,1,402,32,25,63,1,1,1
48,1,402,32,24,63,1,1,1
49,1,403,33,23,62,1,1,1
50,1,402,32,23,63,1,1,1
51,1,402,32,23,63,1,1,1
52,1,401,32,24,63,1,1,1
53,1,400,33,25,63,1,1,1
54,1,399,34,26,62,1,1,1
55,1,398,35,27,61,1,1,1
56,1,399,33,26,63,1,1,1
57,1,399,34,25,63,1,1,1
58,1,397,35,26,62,1,1,1
59,1,397,35,26,63,1,1,1
60,1,397,34,25,64,1,1,1
61,1,398,35,23,62,1,1,1
62,1,397,35,23,62,1,1,1
63,1,396,33,24,64,1,1,1
64,1,396,35,24,63,1,1,1
65,1,396,34,24,63,1,1,1
66,1,396,34,24,64,1,1,1
67,1,395,34,24,64,1,1,1
68,1,394,35,24,64,1,1,1
69,1,394,35,24,66,1,1,1
70,1,394,35,24,67,1,1,1
71,1,394,34,24,67,1,1,1
72,1,394,36,24,65,1,1,1
73,1,394,35,24,65,1,1,1
74,1,393,37,25,62,1,1,1
75,1,393,37,25,62,1,1,1
76,1,394,38,24,62,1,1,1
77,1,394,37,24,65,1,1,1
78,1,393,37,25,66,1,1,1
79,1,393,37,24,66,1,1,1
80,1,393,36,24,66,1,1,1
81,1,394,36,23,66,1,1,1
82,1,394,36,23,67,1,1,1
83,1,393,36,24,67,1,1,1
84,1,393,36,23,67,1,1,1
85,1,392,37,24,65,1,1,1
86,1,391,38,24,64,1,1,1
87,1,390,39,25,64,1,1,1
88,1,389,38,24,65,1,1,1
89,1,386,38,28,66,1,1,1
90,1,387,39,27,65,1,1,1
91,1,387,40,27,65,1,1,1
92,1,387,40,26,65,1,1,1
93,1,386,40,26,65,1,1,1
94,1,386,40,26,65,1,1,1
95,1,385,38,26,66,1,1,1
96,1,385,40,26,65,1,1,1
97,1,385,40,25,65,1,1,1
98,1,385,38,24,68,1,1,1
99,1,385,38,23,68,1,1,1
100,1,384,41,23,65,1,1,1
101,1,384,39,24,66,1,1,1
102,1,384,40,23,66,1,1,1
103,1,383,40,24,66,1,1,1
104,1,383,40,23,66,1,1,1
105,1,381,41,25,67,1,1,1
106,1,381,41,25,69,1,1,1
107,1,380,42,25,69,1,1,1
108,1,381,41,25,68,1,1,1
109,1,381,42,25,69,1,1,1
110,1,379,43,25,69,1,1,1
111,1,380,42,25,69,1,1,1
112,1,379,44,25,69,1,1,1
113,1,378,43,25,68,1,1,1
114,1,378,42,26,69,1,1,1
115,1,378,43,25,68,1,1,1
116,1,378,43,25,69,1,1,1
117,1,377,44,25,68,1,1,1
118,1,378,43,25,68,1,1,1
119,1,375,43,26,69,1,1,1
120,1,375,44,26,68,1,1,1
121,1,374,45,27,69,1,1,1
122,1,373,45,27,69,1,1,1
123,1,372,45,27,69,1,1,1
124,1,372,45,27,69,1,1,1
125,1,372,46,27,69,1,1,1
126,1,372,47,27,69,1,1,1
127,1,371,46,27,69,1,1,1
128,1,372,46,25,69,1,1,1
129,1,372,46,25,71,1,1,1
130,1,370,46,26,71,1,1,1
131,1,369,45,26,71,1,1,1
132,1,370,46,26,70,1,1,1
133,1,369,46,25,70,1,1,1
134,1,369,45,25,70,1,1,1
135,1,368,46,25,71,1,1,1
136,1,367,47,26,71,1,1,1
137,1,367,47,26,72,1,1,1
138,1,367,47,26,73,1,1,1
139,1,366,47,27,74,1,1,1
140,1,366,47,26,74,1,1,1
141,1,365,49,27,73,1,1,1
142,1,364,48,28,73,1,1,1
143,1,364,49,28,72,1,1,1
144,1,364,50,27,73,1,1,1
145,1,363,49,28,73,1,1,1
146,1,363,51,27,73,1,1,1
147,1,363,51,28,73,1,1,1
148,1,364,49,27,73,1,1,1
149,1,365,48,26,72,1,1,1
150,1,363,50,26,72,1,1,1
151,1,363,49,26,73,1,1,1
152,1,362,51,26,72,1,1,1
153,1,359,50,28,72,1,1,1
154,1,358,51,29,73,1,1,1
155,1,356,52,31,73,1,1,1
156,1,355,52,32,73,1,1,1
157,1,356,52,31,73,1,1,1
158,1,355,53,30,73,1,1,1
159,1,355,54,30,73,1,1,1
160,1,355,53,29,75,1,1,1
161,1,355,53,29,74,1,1,1
162,1,355,53,27,74,1,1,1
163,1,355,53,27,74,1,1,1
164,1,355,53,26,75,1,1,1
165,1,355,53,25,75,1,1,1
166,1,354,54,26,74,1,1,1
167,1,356,53,25,76,1,1,1
168,1,360,53,26,78,1,1,1
169,1,364,53,25,80,1,1,1
170,1,366,54,25,79,1,1,1
171,1,364,55,27,78,1,1,1
172,1,363,54,27,79,1,1,1
173,1,363,55,28,79,1,1,1
174,1,363,56,27,78,1,1,1
175,1,362,57,28,78,1,1,1
176,1,362,57,27,78,1,1,1
177,1,361,58,28,78,1,1,1
178,1,361,58,27,78,1,1,1
179,1,361,58,27,78,1,1,1
180,1,361,59,27,78,1,1,1
181,1,359,59,28,78,1,1,1
182,1,359,60,28,78,1,1,1
183,1,358,58,28,78,1,1,1
184,1,359,59,28,78,1,1,1
185,1,357,60,27,78,1,1,1
186,1,355,61,29,77,1,1,1
187,1,352,63,31,77,1,1,1
188,1,350,62,33,77,1,1,1
189,1,353,61,33,77,1,1,1
190,1,358,64,33,77,1,1,1
191,1,364,64,34,78,1,1,1
192,1,368,65,34,78,1,1,1
193,1,371,68,33,77,1,1,1
194,1,369,66,29,77,1,1,1
195,1,369,65,29,77,1,1,1
196,1,367,66,30,78,1,1,1
197,1,368,67,27,77,1,1,1
198,1,367,66,28,77,1,1,1
199,1,367,66,28,77,1,1,1
200,1,367,65,28,78,1,1,1
201,1,366,66,28,77,1,1,1
202,1,362,69,30,77,1,1,1
203,1,361,67,31,81,1,1,1
204,1,360,67,32,82,1,1,1
205,1,358,69,32,81,1,1,1
206,1,357,71,33,78,1,1,1
207,1,357,71,33,79,1,1,1
208,1,357,71,33,81,1,1,1
209,1,356,71,33,82,1,1,1
210,1,357,71,32,82,1,1,1
211,1,357,70,32,82,1,1,1
212,1,357,72,32,82,1,1,1
213,1,357,72,30,82,1,1,1
214,1,357,72,30,82,1,1,1
215,1,357,73,28,80,1,1,1
216,1,357,72,28,82,1,1,1
217,1,357,72,28,81,1,1,1
218,1,357,73,27,80,1,1,1
219,1,354,73,30,81,1,1,1
220,1,350,75,33,80,1,1,1
221,1,350,74,33,81,1,1,1
222,1,348,75,37,81,1,1,1
223,1,355,77,38,81,1,1,1
224,1,365,77,42,81,1,1,1
225,1,378,79,39,80,1,1,1
226,1,386,80,36,80,1,1,1
227,1,388,80,34,80,1,1,1
228,1,388,80,34,81,1,1,1
229,1,389,80,32,81,1,1,1
230,1,389,81,31,81,1,1,1
231,1,389,80,30,81,1,1,1
232,1,389,79,28,82,1,1,1
233,1,387,79,30,82,1,1,1
234,1,385,80,32,82,1,1,1
235,1,385,80,31,84,1,1,1
236,1,382,80,33,86,1,1,1
237,1,381,82,34,85,1,1,1
238,1,380,83,35,85,1,1,1
239,1,380,83,35,84,1,1,1
240,1,379,83,34,84,1,1,1
241,1,377,84,34,84,1,1,1
242,1,377,84,34,85,1,1,1
243,1,376,85,34,84,1,1,1
244,1,376,85,34,85,1,1,1
245,1,375,86,34,85,1,1,1
246,1,375,86,34,85,1,1,1
247,1,375,87,34,85,1,1,1
248,1,375,86,33,85,1,1,1
249,1,375,87,32,85,1,1,1
250,1,375,86,32,85,1,1,1
251,1,375,89,31,84,1,1,1
252,1,374,86,32,87,1,1,1
253,1,371,87,32,85,1,1,1
254,1,368,88,34,85,1,1,1
255,1,365,90,36,84,1,1,1
256,1,363,90,37,84,1,1,1
257,1,361,90,38,84,1,1,1
258,1,360,91,38,84,1,1,1
259,1,359,92,37,84,1,1,1
260,1,359,93,38,83,1,1,1
261,1,358,94,38,83,1,1,1
262,1,358,93,38,85,1,1,1
263,1,358,93,36,85,1,1,1
264,1,359,93,34,85,1,1,1
265,1,359,94,33,85,1,1,1
266,1,359,93,31,85,1,1,1
267,1,358,94,29,85,1,1,1
268,1,359,94,29,85,1,1,1
269,1,362,93,32,86,1,1,1
270,1,368,93,34,87,1,1,1
271,1,380,95,34,87,1,1,1
272,1,391,96,33,87,1,1,1
273,1,390,96,37,92,1,1,1
274,1,392,95,37,92,1,1,1
275,1,391,96,38,92,1,1,1
276,1,389,98,39,91,1,1,1
277,1,388,98,39,92,1,1,1
278,1,387,100,39,91,1,1,1
279,1,388,101,39,92,1,1,1
280,1,387,101,39,92,1,1,1
281,1,387,102,38,88,1,1,1
282,1,387,100,37,92,1,1,1
283,1,388,100,35,91,1,1,1
284,1,388,99,34,92,1,1,1
285,1,389,102,31,91,1,1,1
286,1,386,101,34,90,1,1,1
287,1,385,101,33,90,1,1,1
288,1,383,102,35,91,1,1,1
289,1,379,102,38,91,1,1,1
290,1,376,104,39,90,1,1,1
291,1,374,104,40,90,1,1,1
292,1,373,105,40,90,1,1,1
293,1,374,105,39,92,1,1,1
294,1,373,106,37,92,1,1,1
295,1,373,106,38,92,1,1,1
296,1,374,107,35,91,1,1,1
297,1,373,108,35,91,1,1,1
298,1,372,107,36,91,1,1,1
299,1,372,108,34,91,1,1,1
300,1,373,107,31,91,1,1,1
301,1,370,106,33,93,1,1,1
302,1,369,106,32,92,1,1,1
303,1,364,107,36,93,1,1,1
304,1,363,107,36,93,1,1,1
305,1,362,107,36,93,1,1,1
306,1,359,108,38,93,1,1,1
307,1,358,108,39,97,1,1,1
308,1,357,108,39,97,1,1,1
309,1,356,110,39,95,1,1,1
310,1,355,110,39,97,1,1,1
311,1,354,111,39,95,1,1,1
312,1,354,111,39,97,1,1,1
313,1,355,112,38,95,1,1,1
314,1,354,112,37,95,1,1,1
315,1,354,111,36,97,1,1,1
316,1,354,112,35,96,1,1,1
317,1,353,112,36,96,1,1,1
318,1,354,112,34,95,1,1,1
319,1,353,112,34,95,1,1,1
320,1,354,112,32,96,1,1,1
321,1,353,112,32,97,1,1,1
322,1,351,112,32,97,1,1,1
323,1,350,113,33,94,1,1,1
324,1,345,114,38,92,1,1,1
325,1,343,115,38,92,1,1,1
326,1,339,116,42,93,1,1,1
327,1,338,116,41,93,1,1,1
328,1,337,116,41,93,1,1,1
329,1,335,117,42,93,1,1,1
330,1,336,116,40,96,1,1,1
331,1,336,116,40,95,1,1,1
332,1,336,117,40,96,1,1,1
333,1,335,116,40,96,1,1,1
334,1,335,116,39,96,1,1,1
335,1,337,116,35,95,1,1,1
336,1,336,117,35,95,1,1,1
337,1,336,116,33,96,1,1,1
338,1,333,116,31,95,1,1,1
339,1,333,116,31,96,1,1,1
340,1,333,116,31,95,1,1,1
341,1,328,117,34,97,1,1,1
342,1,324,117,38,99,1,1,1
343,1,322,117,39,100,1,1,1
344,1,321,118,40,101,1,1,1
345,1,318,119,40,100,1,1,1
346,1,318,120,40,99,1,1,1
347,1,317,120,41,99,1,1,1
348,1,316,121,41,99,1,1,1
349,1,316,121,41,99,1,1,1
350,1,315,123,40,99,1,1,1
351,1,315,122,40,99,1,1,1
352,1,315,123,39,100,1,1,1
353,1,316,122,37,100,1,1,1
354,1,316,122,35,101,1,1,1
355,1,316,121,34,100,1,1,1
356,1,316,120,34,100,1,1,1
357,1,316,120,33,100,1,1,1
358,1,315,121,33,100,1,1,1
359,1,314,121,33,100,1,1,1
360,1,313,121,32,100,1,1,1
361,1,307,121,37,100,1,1,1
362,1,304,123,40,100,1,1,1
363,1,301,123,41,100,1,1,1
364,1,301,123,42,100,1,1,1
365,1,301,124,40,101,1,1,1
366,1,301,125,39,100,1,1,1
367,1,301,125,37,101,1,1,1
368,1,301,125,37,100,1,1,1
369,1,301,124,37,101,1,1,1
370,1,301,125,36,101,1,1,1
371,1,300,126,34,100,1,1,1
372,1,300,126,34,100,1,1,1
373,1,299,125,32,102,1,1,1
374,1,297,123,32,102,1,1,1
375,1,295,125,34,102,1,1,1
376,1,291,126,37,101,1,1,1
377,1,288,126,39,103,1,1,1
378,1,287,125,40,103,1,1,1
379,1,285,125,41,105,1,1,1
380,1,284,125,42,106,1,1,1
381,1,282,124,42,106,1,1,1
382,1,281,125,43,106,1,1,1
383,1,281,126,42,106,1,1,1
384,1,280,125,42,106,1,1,1
385,1,280,126,42,106,1,1,1
386,1,280,125,42,106,1,1,1
387,1,281,125,40,106,1,1,1
388,1,281,125,39,105,1,1,1
389,1,281,125,38,105,1,1,1
390,1,281,126,36,103,1,1,1
391,1,281,126,36,103,1,1,1
392,1,281,125,35,105,1,1,1
393,1,280,126,35,102,1,1,1
394,1,280,126,34,102,1,1,1
395,1,276,128,37,102,1,1,1
396,1,274,127,37,104,1,1,1
397,1,271,127,39,104,1,1,1
398,1,268,127,40,104,1,1,1
399,1,268,128,40,104,1,1,1
400,1,268,130,40,104,1,1,1
401,1,267,130,40,104,1,1,1
402,1,267,131,40,104,1,1,1
403,1,267,131,40,104,1,1,1
404,1,267,130,40,104,1,1,1
405,1,266,131,40,104,1,1,1
406,1,266,130,37,104,1,1,1
407,1,265,130,36,104,1,1,1
408,1,264,131,34,104,1,1,1
409,1,263,130,34,105,1,1,1
410,1,259,132,35,105,1,1,1
411,1,257,131,36,108,1,1,1
412,1,255,132,38,108,1,1,1
413,1,252,133,39,110,1,1,1
414,1,249,134,42,110,1,1,1
415,1,248,136,43,109,1,1,1
416,1,246,135,44,110,1,1,1
417,1,245,136,44,110,1,1,1
418,1,244,137,44,110,1,1,1
419,1,243,138,44,110,1,1,1
420,1,244,139,44,110,1,1,1
421,1,244,138,41,110,1,1,1
422,1,243,137,41,110,1,1,1
423,1,244,139,40,111,1,1,1
424,1,243,139,38,111,1,1,1
425,1,243,138,36,110,1,1,1
426,1,243,138,35,110,1,1,1
427,1,242,139,35,110,1,1,1
428,1,240,139,35,110,1,1,1
429,1,241,140,33,111,1,1,1
430,1,235,140,39,111,1,1,1
431,1,231,142,42,109,1,1,1
432,1,228,143,43,110,1,1,1
433,1,226,144,45,109,1,1,1
434,1,225,144,45,109,1,1,1
435,1,225,145,45,108,1,1,1
436,1,224,145,47,111,1,1,1
437,1,222,146,47,111,1,1,1
438,1,222,145,47,111,1,1,1
439,1,224,146,43,111,1,1,1
440,1,223,146,41,110,1,1,1
441,1,220,146,41,111,1,1,1
442,1,220,146,39,111,1,1,1
443,1,218,147,39,110,1,1,1
444,1,216,149,39,110,1,1,1
445,1,212,147,40,115,1,1,1
446,1,210,151,39,110,1,1,1
447,1,206,150,42,117,1,1,1
448,1,203,151,45,117,1,1,1
449,1,201,152,47,117,1,1,1
450,1,199,153,49,117,1,1,1
451,1,197,154,49,117,1,1,1
452,1,196,154,51,118,1,1,1
453,1,196,156,50,118,1,1,1
454,1,195,157,48,118,1,1,1
455,1,195,157,47,118,1,1,1
456,1,195,156,45,118,1,1,1
457,1,194,157,44,118,1,1,1
458,1,194,158,41,116,1,1,1
459,1,193,158,40,117,1,1,1
460,1,194,158,36,117,1,1,1
461,1,192,158,37,117,1,1,1
462,1,191,162,37,117,1,1,1
463,1,190,161,36,117,1,1,1
464,1,181,162,45,117,1,1,1
465,1,176,163,49,118,1,1,1
466,1,172,163,54,118,1,1,1
467,1,170,166,55,119,1,1,1
468,1,170,169,55,118,1,1,1
469,1,170,172,55,118,1,1,1
470,1,169,173,55,119,1,1,1
471,1,169,175,55,118,1,1,1
472,1,171,176,52,119,1,1,1
473,1,170,177,50,119,1,1,1
474,1,171,178,47,118,1,1,1
475,1,167,179,47,118,1,1,1
476,1,166,178,45,119,1,1,1
477,1,163,180,43,119,1,1,1
478,1,162,182,40,118,1,1,1
479,1,155,182,44,123,1,1,1
480,1,154,182,43,126,1,1,1
481,1,151,185,46,125,1,1,1
482,1,149,185,47,127,1,1,1
483,1,150,187,51,126,1,1,1
484,1,155,186,58,127,1,1,1
485,1,168,186,61,128,1,1,1
486,1,184,187,59,127,1,1,1
487,1,194,188,51,127,1,1,1
488,1,197,186,50,128,1,1,1
489,1,196,187,50,126,1,1,1
490,1,196,189,47,124,1,1,1
491,1,195,190,46,123,1,1,1
492,1,195,190,44,123,1,1,1
493,1,195,190,42,124,1,1,1
494,1,195,189,39,124,1,1,1
495,1,195,191,38,122,1,1,1
496,1,194,192,38,122,1,1,1
497,1,194,192,38,121,1,1,1
498,1,190,194,40,121,1,1,1
499,1,183,193,47,123,1,1,1
500,1,177,195,54,122,1,1,1
501,1,176,194,56,124,1,1,1
502,1,178,195,66,125,1,1,1
503,1,191,195,70,124,1,1,1
504,1,217,193,67,126,1,1,1
505,1,242,194,61,124,1,1,1
506,1,256,194,58,124,1,1,1
507,1,260,192,55,124,1,1,1
508,1,261,194,53,125,1,1,1
509,1,262,194,49,124,1,1,1
510,1,261,196,47,121,1,1,1
511,1,260,196,44,121,1,1,1
512,1,259,196,41,122,1,1,1
513,1,254,195,41,125,1,1,1
514,1,252,196,41,125,1,1,1
515,1,248,197,42,130,1,1,1
516,1,244,197,45,131,1,1,1
517,1,241,198,48,133,1,1,1
518,1,238,199,51,133,1,1,1
519,1,233,200,54,132,1,1,1
520,1,232,203,55,130,1,1,1
521,1,231,203,55,130,1,1,1
522,1,230,203,55,133,1,1,1
523,1,230,203,54,133,1,1,1
524,1,228,205,55,132,1,1,1
525,1,228,204,52,134,1,1,1
526,1,227,205,52,133,1,1,1
527,1,226,206,49,131,1,1,1
528,1,227,206,45,132,1,1,1
529,1,227,206,42,131,1,1,1
530,1,227,206,37,132,1,1,1
531,1,224,207,39,131,1,1,1
532,1,224,208,38,131,1,1,1
533,1,224,211,48,131,1,1,1
534,1,235,209,53,134,1,1,1
535,1,246,210,63,133,1,1,1
536,1,261,212,69,127,1,1,1
537,1,281,212,76,130,1,1,1
538,1,304,215,72,124,1,1,1
539,1,325,217,72,123,1,1,1
540,1,352,213,75,132,1,1,1
541,1,374,216,72,131,1,1,1
542,1,398,215,62,131,1,1,1
543,1,408,217,57,131,1,1,1
544,1,410,218,57,131,1,1,1
545,1,410,218,51,131,1,1,1
546,1,411,218,46,131,1,1,1
547,1,409,218,45,132,1,1,1
548,1,409,218,41,135,1,1,1
549,1,401,219,47,137,1,1,1
550,1,397,219,49,139,1,1,1
551,1,392,220,53,142,1,1,1
552,1,387,221,55,142,1,1,1
553,1,383,223,58,140,1,1,1
554,1,381,224,58,139,1,1,1
555,1,378,225,60,140,1,1,1
556,1,376,225,59,140,1,1,1
557,1,375,226,59,140,1,1,1
558,1,374,226,59,141,1,1,1
559,1,375,228,56,138,1,1,1
560,1,374,228,53,137,1,1,1
561,1,373,227,52,139,1,1,1
562,1,372,228,49,139,1,1,1
563,1,372,227,46,140,1,1,1
564,1,371,228,45,140,1,1,1
565,1,369,228,44,140,1,1,1
566,1,365,229,46,140,1,1,1
567,1,362,230,45,139,1,1,1
568,1,350,230,57,139,1,1,1
569,1,344,229,63,137,1,1,1
570,1,337,232,69,135,1,1,1
571,1,335,230,70,135,1,1,1
572,1,332,232,70,135,1,1,1
573,1,332,235,70,134,1,1,1
574,1,331,233,71,134,1,1,1
575,1,331,234,71,135,1,1,1
576,1,330,232,71,136,1,1,1
577,1,329,233,70,136,1,1,1
578,1,331,233,62,136,1,1,1
579,1,330,232,58,137,1,1,1
580,1,331,232,52,137,1,1,1
581,1,330,232,46,141,1,1,1
582,1,329,230,39,145,1,1,1
583,1,322,234,41,145,1,1,1
584,1,315,233,47,151,1,1,1
585,1,310,234,51,149,1,1,1
586,1,303,236,55,151,1,1,1
587,1,299,238,59,147,1,1,1
588,1,296,239,59,147,1,1,1
589,1,294,241,62,148,1,1,1
590,1,291,242,65,148,1,1,1
591,1,288,241,67,148,1,1,1
592,1,288,242,66,148,1,1,1
593,1,284,241,67,149,1,1,1
594,1,286,243,59,148,1,1,1
595,1,284,244,58,148,1,1,1
596,1,282,245,56,144,1,1,1
597,1,283,244,47,144,1,1,1
598,1,281,243,44,147,1,1,1
599,1,280,243,42,147,1,1,1
600,1,276,243,43,147,1,1,1
601,1,266,246,51,147,1,1,1
602,1,256,246,60,147,1,1,1
603,1,247,246,70,146,1,1,1
604,1,240,247,76,146,1,1,1
605,1,236,248,79,146,1,1,1
606,1,234,248,82,146,1,1,1
607,1,235,248,81,142,1,1,1
608,1,234,248,81,142,1,1,1
609,1,234,248,79,142,1,1,1
610,1,232,248,79,142,1,1,1
611,1,232,249,74,140,1,1,1
612,1,232,250,68,140,1,1,1
613,1,233,247,62,143,1,1,1
614,1,232,248,58,142,1,1,1
615,1,232,247,51,148,1,1,1
616,1,230,248,45,148,1,1,1
617,1,227,250,43,150,1,1,1
618,1,234,248,46,154,1,1,1
619,1,246,250,46,154,1,1,1
620,1,264,249,53,154,1,1,1
621,1,282,247,53,154,1,1,1
622,1,289,248,72,156,1,1,1
623,1,301,249,71,155,1,1,1
624,1,303,255,72,150,1,1,1
625,1,308,253,71,152,1,1,1
626,1,302,255,75,152,1,1,1
627,1,306,257,69,152,1,1,1
628,1,306,256,65,152,1,1,1
629,1,307,256,59,152,1,1,1
630,1,306,258,55,152,1,1,1
631,1,307,257,49,152,1,1,1
632,1,303,259,45,152,1,1,1
633,1,300,259,45,152,1,1,1
634,1,296,260,43,152,1,1,1
635,1,296,259,41,153,1,1,1
636,1,282,259,53,153,1,1,1
637,1,272,258,62,153,1,1,1
638,1,264,259,71,152,1,1,1
639,1,256,259,79,153,1,1,1
640,1,250,260,85,151,1,1,1
641,1,248,261,85,151,1,1,1
642,1,249,261,85,152,1,1,1
643,1,249,264,84,148,1,1,1
644,1,249,263,82,151,1,1,1
645,1,249,264,78,149,1,1,1
646,1,248,265,72,149,1,1,1
647,1,248,265,68,149,1,1,1
648,1,247,266,61,149,1,1,1
649,1,247,270,55,148,1,1,1
650,1,245,271,50,148,1,1,1
651,1,242,274,44,151,1,1,1
652,1,239,278,39,154,1,1,1
653,1,234,282,46,157,1,1,1
654,1,224,284,54,161,1,1,1
655,1,219,288,59,158,1,1,1
656,1,209,291,69,156,1,1,1
657,1,204,293,73,156,1,1,1
658,1,201,297,76,156,1,1,1
659,1,201,299,75,156,1,1,1
660,1,201,302,74,154,1,1,1
661,1,200,308,72,149,1,1,1
662,1,200,308,66,148,1,1,1
663,1,200,308,62,153,1,1,1
664,1,198,309,59,153,1,1,1
665,1,197,310,56,153,1,1,1
666,1,197,309,49,153,1,1,1
667,1,191,309,48,154,1,1,1
668,1,190,309,42,154,1,1,1
669,1,187,310,42,154,1,1,1
670,1,180,311,51,154,1,1,1
671,1,172,314,58,153,1,1,1
672,1,164,314,66,148,1,1,1
673,1,160,315,70,149,1,1,1
674,1,161,316,71,148,1,1,1
675,1,160,317,70,147,1,1,1
676,1,159,316,71,148,1,1,1
677,1,158,321,70,144,1,1,1
678,1,157,324,70,144,1,1,1
679,1,156,322,71,144,1,1,1
680,1,156,322,65,146,1,1,1
681,1,154,324,64,146,1,1,1
682,1,154,324,59,147,1,1,1
683,1,151,325,57,153,1,1,1
684,1,149,327,51,153,1,1,1
685,1,147,326,48,160,1,1,1
686,1,145,329,50,164,1,1,1
687,1,142,333,52,163,1,1,1
688,1,136,335,57,164,1,1,1
689,1,130,336,62,164,1,1,1
690,1,128,337,66,163,1,1,1
691,1,124,338,69,164,1,1,1
692,1,124,338,68,164,1,1,1
693,1,123,337,66,164,1,1,1
694,1,120,342,66,161,1,1,1
695,1,119,345,62,157,1,1,1
696,1,115,343,63,158,1,1,1
697,1,113,343,57,159,1,1,1
698,1,110,344,57,159,1,1,1
699,1,109,344,56,159,1,1,1
700,1,103,345,57,159,1,1,1
701,1,99,345,63,160,1,1,1
702,1,96,346,66,160,1,1,1
703,1,82,349,80,152,1,1,1
704,1,77,349,84,153,1,1,1
705,1,68,348,94,155,1,1,1
706,1,72,351,92,149,1,1,1
707,1,78,350,95,149,1,1,1
708,1,85,350,99,149,1,1,1
709,1,104,350,95,149,1,1,1
710,1,114,343,85,150,1,1,1
711,1,116,341,85,150,1,1,1
712,1,114,341,83,149,1,1,1
713,1,116,341,73,149,1,1,1
714,1,112,342,72,154,1,1,1
715,1,109,341,64,156,1,1,1
716,1,107,339,59,162,1,1,1
717,1,104,341,54,161,1,1,1
718,1,98,342,57,165,1,1,1
719,1,95,344,62,166,1,1,1
720,1,84,344,71,169,1,1,1
721,1,74,343,82,170,1,1,1
722,1,65,346,92,163,1,1,1
723,1,60,348,95,161,1,1,1
724,1,57,351,96,162,1,1,1
725,1,56,351,99,161,1,1,1
726,1,60,349,99,161,1,1,1
727,1,68,347,101,162,1,1,1
728,1,82,346,101,162,1,1,1
729,1,99,343,102,162,1,1,1
730,1,119,339,102,162,1,1,1
731,1,139,341,85,153,1,1,1
732,1,156,339,85,153,1,1,1
733,1,177,338,79,153,1,1,1
734,1,195,334,53,153,1,1,1
735,1,192,328,56,161,1,1,1
736,1,186,333,64,156,1,1,1
737,1,176,331,71,155,1,1,1
738,1,172,330,75,156,1,1,1
739,1,166,332,81,155,1,1,1
740,1,163,331,82,155,1,1,1
741,1,162,334,82,155,1,1,1
742,1,155,330,89,156,1,1,1
743,1,154,330,89,156,1,1,1
744,1,150,330,89,156,1,1,1
745,1,149,328,85,157,1,1,1
746,1,149,328,78,156,1,1,1
747,1,150,326,74,156,1,1,1
748,1,157,327,72,156,1,1,1
749,1,173,326,64,156,1,1,1
750,1,194,329,59,153,1,1,1
751,1,213,329,59,152,1,1,1
752,1,235,327,58,153,1,1,1
753,1,243,319,66,152,1,1,1
754,1,250,320,71,146,1,1,1
755,1,246,317,75,148,1,1,1
756,1,242,317,82,146,1,1,1
757,1,235,319,90,141,1,1,1
758,1,233,320,90,140,1,1,1
759,1,232,321,90,139,1,1,1
760,1,232,321,90,139,1,1,1
761,1,233,320,87,140,1,1,1
762,1,230,320,86,140,1,1,1
763,1,231,319,81,140,1,1,1
764,1,230,318,74,140,1,1,1
765,1,230,318,67,140,1,1,1
766,1,228,312,63,150,1,1,1
767,1,225,308,55,150,1,1,1
768,1,218,309,54,149,1,1,1
769,1,212,310,57,150,1,1,1
770,1,211,311,59,148,1,1,1
771,1,216,316,68,142,1,1,1
772,1,222,314,80,144,1,1,1
773,1,236,312,78,144,1,1,1
774,1,243,310,78,144,1,1,1
775,1,243,313,82,146,1,1,1
776,1,243,311,81,145,1,1,1
777,1,242,310,82,145,1,1,1
778,1,240,306,84,151,1,1,1
779,1,234,303,86,155,1,1,1
780,1,238,302,78,153,1,1,1
781,1,237,299,71,152,1,1,1
782,1,237,301,67,150,1,1,1
783,1,237,301,61,150,1,1,1
784,1,238,301,51,150,1,1,1
785,1,238,300,47,147,1,1,1
786,1,236,296,47,147,1,1,1
787,1,233,296,48,147,1,1,1
788,1,220,295,52,149,1,1,1
789,1,212,294,64,145,1,1,1
790,1,202,298,86,140,1,1,1
791,1,214,299,89,139,1,1,1
792,1,234,303,93,133,1,1,1
793,1,248,296,93,133,1,1,1
794,1,263,294,93,133,1,1,1
795,1,272,297,86,132,1,1,1
796,1,275,298,82,129,1,1,1
797,1,274,290,80,136,1,1,1
798,1,272,291,74,136,1,1,1
799,1,270,290,75,136,1,1,1
800,1,273,288,60,137,1,1,1
801,1,269,288,57,137,1,1,1
802,1,259,287,57,141,1,1,1
803,1,253,284,57,141,1,1,1
804,1,246,282,57,140,1,1,1
805,1,242,282,62,144,1,1,1
806,1,237,282,66,145,1,1,1
807,1,233,282,70,146,1,1,1
808,1,230,281,72,146,1,1,1
809,1,224,282,79,142,1,1,1
810,1,223,282,78,142,1,1,1
811,1,217,281,85,145,1,1,1
812,1,218,279,81,146,1,1,1
813,1,219,279,76,144,1,1,1
814,1,216,276,75,145,1,1,1
815,1,219,275,69,146,1,1,1
816,1,218,273,63,148,1,1,1
817,1,219,272,57,145,1,1,1
818,1,218,271,49,144,1,1,1
819,1,216,271,44,144,1,1,1
820,1,215,268,44,143,1,1,1
821,1,215,267,44,143,1,1,1
822,1,201,267,59,142,1,1,1
823,1,193,267,74,141,1,1,1
824,1,202,264,80,144,1,1,1
825,1,215,261,85,145,1,1,1
826,1,234,269,88,132,1,1,1
827,1,254,266,88,132,1,1,1
828,1,273,273,88,128,1,1,1
829,1,284,268,81,130,1,1,1
830,1,286,264,77,133,1,1,1
831,1,290,264,71,133,1,1,1
832,1,287,263,67,133,1,1,1
833,1,287,260,67,133,1,1,1
834,1,286,261,67,133,1,1,1
835,1,288,260,56,134,1,1,1
836,1,281,261,48,133,1,1,1
837,1,279,255,45,141,1,1,1
838,1,267,253,55,141,1,1,1
839,1,268,257,52,134,1,1,1
840,1,267,258,53,134,1,1,1
841,1,256,258,61,136,1,1,1
842,1,248,256,67,137,1,1,1
843,1,249,255,66,136,1,1,1
844,1,249,256,66,136,1,1,1
845,1,245,251,70,142,1,1,1
846,1,240,250,70,142,1,1,1
847,1,243,247,65,144,1,1,1
848,1,245,246,60,144,1,1,1
849,1,242,243,58,144,1,1,1
850,1,245,241,51,145,1,1,1
851,1,244,242,48,137,1,1,1
852,1,243,243,45,137,1,1,1
853,1,245,246,42,131,1,1,1
854,1,243,245,43,131,1,1,1
855,1,239,240,42,136,1,1,1
856,1,230,239,50,136,1,1,1
857,1,224,239,56,133,1,1,1
858,1,216,239,63,133,1,1,1
859,1,211,239,69,133,1,1,1
860,1,211,239,69,133,1,1,1
861,1,212,241,69,134,1,1,1
862,1,217,239,68,133,1,1,1
863,1,223,235,69,133,1,1,1
864,1,238,232,68,133,1,1,1
865,1,255,232,64,129,1,1,1
866,1,276,231,57,133,1,1,1
867,1,278,227,56,133,1,1,1
868,1,283,234,51,127,1,1,1
869,1,277,230,51,133,1,1,1
870,1,273,230,54,133,1,1,1
871,1,270,230,54,134,1,1,1
872,1,269,229,54,134,1,1,1
873,1,267,224,54,134,1,1,1
874,1,269,224,51,128,1,1,1
875,1,267,224,51,128,1,1,1
876,1,266,225,51,128,1,1,1
877,1,265,226,51,128,1,1,1
878,1,263,227,52,127,1,1,1
879,1,263,226,51,128,1,1,1
880,1,262,224,52,128,1,1,1
881,1,261,223,52,128,1,1,1
882,1,261,224,51,127,1,1,1
883,1,260,220,54,134,1,1,1
884,1,261,220,51,127,1,1,1
885,1,262,220,51,128,1,1,1
886,1,262,218,52,127,1,1,1
887,1,263,217,51,134,1,1,1
888,1,265,219,49,132,1,1,1
889,1,266,218,49,131,1,1,1
890,1,265,216,51,131,1,1,1
891,1,267,218,51,131,1,1,1
892,1,268,219,51,131,1,1,1
893,1,267,221,51,131,1,1,1
894,1,268,217,51,130,1,1,1
895,1,268,221,50,128,1,1,1
896,1,270,220,55,130,1,1,1
897,1,278,221,56,120,1,1,1
898,1,289,218,56,120,1,1,1
899,1,309,219,55,120,1,1,1
900,1,337,215,48,120,1,1,1
901,1,355,219,44,111,1,1,1
1,2,386,35,23,51,1,1,1
2,2,386,33,24,53,1,1,1
3,2,387,33,24,53,1,1,1
4,2,385,34,24,52,1,1,1
5,2,386,34,24,53,1,1,1
6,2,386,34,24,53,1,1,1
7,2,386,35,24,53,1,1,1
8,2,386,35,24,52,1,1,1
9,2,387,34,24,53,1,1,1
10,2,385,33,24,53,1,1,1
11,2,385,34,24,52,1,1,1
12,2,385,34,24,53,1,1,1
13,2,385,33,24,52,1,1,1
14,2,385,33,24,52,1,1,1
15,2,385,32,24,53,1,1,1
16,2,384,31,25,53,1,1,1
17,2,384,33,25,53,1,1,1
18,2,384,32,25,53,1,1,1
19,2,384,32,24,53,1,1,1
20,2,383,33,24,52,1,1,1
21,2,383,32,24,53,1,1,1
22,2,383,32,24,52,1,1,1
23,2,383,32,24,52,1,1,1
24,2,382,31,24,53,1,1,1
25,2,382,32,24,52,1,1,1
26,2,382,32,24,53,1,1,1
27,2,381,32,24,53,1,1,1
28,2,381,32,24,52,1,1,1
29,2,380,32,24,53,1,1,1
30,2,380,33,24,52,1,1,1
31,2,379,33,25,52,1,1,1
32,2,379,33,24,52,1,1,1
33,2,379,33,24,52,1,1,1
34,2,378,33,24,53,1,1,1
35,2,378,32,24,53,1,1,1
36,2,377,33,25,52,1,1,1
37,2,377,32,25,52,1,1,1
38,2,377,31,24,53,1,1,1
39,2,376,33,25,51,1,1,1
40,2,376,32,25,51,1,1,1
41,2,376,32,25,50,1,1,1
42,2,373,33,28,49,1,1,1
43,2,372,33,28,49,1,1,1
44,2,372,33,28,49,1,1,1
45,2,373,33,27,49,1,1,1
46,2,371,33,27,49,1,1,1
47,2,369,33,29,50,1,1,1
48,2,366,33,31,50,1,1,1
49,2,368,33,29,50,1,1,1
50,2,366,32,32,52,1,1,1
51,2,366,33,30,49,1,1,1
52,2,365,34,32,49,1,1,1
53,2,365,34,31,50,1,1,1
54,2,365,34,31,50,1,1,1
55,2,364,35,31,50,1,1,1
56,2,362,33,33,51,1,1,1
57,2,364,33,32,51,1,1,1
58,2,362,34,33,51,1,1,1
59,2,362,34,33,51,1,1,1
60,2,362,34,33,51,1,1,1
61,2,363,32,31,52,1,1,1
62,2,362,33,31,52,1,1,1
63,2,362,32,31,52,1,1,1
64,2,362,34,31,52,1,1,1
65,2,362,34,31,52,1,1,1
66,2,361,34,31,52,1,1,1
67,2,361,35,31,52,1,1,1
68,2,361,35,31,52,1,1,1
69,2,360,34,31,52,1,1,1
70,2,360,35,31,52,1,1,1
71,2,359,36,30,52,1,1,1
72,2,359,35,30,52,1,1,1
73,2,358,35,30,52,1,1,1
74,2,358,36,30,52,1,1,1
75,2,358,36,30,52,1,1,1
76,2,358,36,30,52,1,1,1
77,2,358,36,30,52,1,1,1
78,2,357,37,30,52,1,1,1
79,2,356,36,30,52,1,1,1
80,2,356,36,30,52,1,1,1
81,2,355,36,30,54,1,1,1
82,2,353,35,30,55,1,1,1
83,2,354,36,30,55,1,1,1
84,2,353,36,31,55,1,1,1
85,2,353,36,31,55,1,1,1
86,2,352,37,31,55,1,1,1
87,2,352,36,30,55,1,1,1
88,2,352,37,30,55,1,1,1
89,2,352,37,30,55,1,1,1
90,2,351,37,30,55,1,1,1
91,2,350,37,30,55,1,1,1
92,2,351,38,30,55,1,1,1
93,2,350,39,30,55,1,1,1
94,2,350,38,30,55,1,1,1
95,2,349,37,30,55,1,1,1
96,2,347,38,30,55,1,1,1
97,2,348,37,30,55,1,1,1
98,2,348,38,30,55,1,1,1
99,2,347,38,30,55,1,1,1
100,2,346,38,30,58,1,1,1
101,2,346,41,30,58,1,1,1
102,2,346,39,30,58,1,1,1
103,2,346,39,30,58,1,1,1
104,2,345,38,30,58,1,1,1
105,2,344,39,31,58,1,1,1
106,2,344,39,30,58,1,1,1
107,2,343,39,31,58,1,1,1
108,2,343,39,31,58,1,1,1
109,2,343,39,30,58,1,1,1
110,2,342,39,30,58,1,1,1
111,2,342,40,30,59,1,1,1
112,2,342,40,30,59,1,1,1
113,2,341,41,30,58,1,1,1
114,2,341,41,30,59,1,1,1
115,2,340,41,30,59,1,1,1
116,2,340,41,30,59,1,1,1
117,2,339,41,30,58,1,1,1
118,2,339,41,30,59,1,1,1
119,2,339,41,30,59,1,1,1
120,2,338,42,30,59,1,1,1
121,2,337,43,30,58,1,1,1
122,2,336,42,31,58,1,1,1
123,2,337,41,30,58,1,1,1
124,2,337,40,30,58,1,1,1
125,2,335,41,31,57,1,1,1
126,2,335,42,31,58,1,1,1
127,2,335,43,31,58,1,1,1
128,2,334,44,30,58,1,1,1
129,2,335,43,30,58,1,1,1
130,2,334,43,30,58,1,1,1
131,2,334,44,30,58,1,1,1
132,2,333,44,30,58,1,1,1
133,2,333,44,30,58,1,1,1
134,2,334,44,30,58,1,1,1
135,2,333,44,30,58,1,1,1
136,2,332,45,30,58,1,1,1
137,2,331,45,30,58,1,1,1
138,2,331,45,30,58,1,1,1
139,2,331,46,30,58,1,1,1
140,2,330,45,30,58,1,1,1
141,2,330,47,30,57,1,1,1
142,2,330,47,30,57,1,1,1
143,2,329,47,30,58,1,1,1
144,2,329,47,30,58,1,1,1
145,2,328,47,30,58,1,1,1
146,2,327,48,31,58,1,1,1
147,2,327,49,31,57,1,1,1
148,2,326,47,30,58,1,1,1
149,2,326,48,30,58,1,1,1
150,2,326,48,30,58,1,1,1
151,2,325,49,30,57,1,1,1
152,2,326,49,30,57,1,1,1
153,2,326,48,30,58,1,1,1
154,2,325,49,30,57,1,1,1
155,2,323,49,30,58,1,1,1
156,2,323,50,30,57,1,1,1
157,2,322,51,31,59,1,1,1
158,2,322,50,31,58,1,1,1
159,2,322,51,31,59,1,1,1
160,2,321,52,31,59,1,1,1
161,2,319,52,32,59,1,1,1
162,2,319,53,31,58,1,1,1
163,2,319,53,31,59,1,1,1
164,2,317,52,31,59,1,1,1
165,2,317,53,31,59,1,1,1
166,2,318,53,29,59,1,1,1
167,2,319,53,31,59,1,1,1
168,2,322,54,31,59,1,1,1
169,2,326,54,32,59,1,1,1
170,2,329,55,31,59,1,1,1
171,2,329,55,31,59,1,1,1
172,2,328,55,31,59,1,1,1
173,2,327,56,32,59,1,1,1
174,2,326,57,32,59,1,1,1
175,2,327,56,31,59,1,1,1
176,2,326,57,33,60,1,1,1
177,2,325,57,32,60,1,1,1
178,2,326,58,31,59,1,1,1
179,2,326,57,31,60,1,1,1
180,2,321,58,34,59,1,1,1
181,2,321,57,33,62,1,1,1
182,2,321,58,33,62,1,1,1
183,2,319,61,34,59,1,1,1
184,2,319,58,35,62,1,1,1
185,2,318,58,34,63,1,1,1
186,2,317,60,34,61,1,1,1
187,2,317,61,33,60,1,1,1
188,2,317,58,33,63,1,1,1
189,2,319,60,33,62,1,1,1
190,2,323,61,34,61,1,1,1
191,2,328,61,33,60,1,1,1
192,2,331,62,33,60,1,1,1
193,2,333,63,33,61,1,1,1
194,2,332,63,33,60,1,1,1
195,2,332,62,34,62,1,1,1
196,2,329,63,35,62,1,1,1
197,2,330,63,33,64,1,1,1
198,2,328,64,34,64,1,1,1
199,2,329,64,32,64,1,1,1
200,2,327,64,33,64,1,1,1
201,2,324,64,36,64,1,1,1
202,2,325,65,33,64,1,1,1
203,2,324,65,34,64,1,1,1
204,2,321,65,36,64,1,1,1
205,2,322,66,34,64,1,1,1
206,2,321,67,33,64,1,1,1
207,2,320,68,33,62,1,1,1
208,2,320,68,33,62,1,1,1
209,2,319,68,33,64,1,1,1
210,2,318,68,34,64,1,1,1
211,2,318,69,34,64,1,1,1
212,2,316,69,34,64,1,1,1
213,2,316,69,33,64,1,1,1
214,2,315,70,34,64,1,1,1
215,2,315,70,32,64,1,1,1
216,2,313,70,34,64,1,1,1
217,2,310,72,35,63,1,1,1
218,2,311,72,33,64,1,1,1
219,2,309,72,34,64,1,1,1
220,2,307,72,35,64,1,1,1
221,2,308,74,33,64,1,1,1
222,2,310,74,33,64,1,1,1
223,2,316,75,35,64,1,1,1
224,2,326,76,38,64,1,1,1
225,2,337,77,38,64,1,1,1
226,2,342,76,40,64,1,1,1
227,2,346,76,36,64,1,1,1
228,2,344,77,38,65,1,1,1
229,2,344,77,37,65,1,1,1
230,2,344,76,35,64,1,1,1
231,2,341,76,38,64,1,1,1
232,2,340,78,37,64,1,1,1
233,2,339,78,36,65,1,1,1
234,2,338,79,38,65,1,1,1
235,2,340,80,35,64,1,1,1
236,2,334,81,39,64,1,1,1
237,2,337,81,35,64,1,1,1
238,2,333,80,37,65,1,1,1
239,2,334,81,37,64,1,1,1
240,2,332,82,38,64,1,1,1
241,2,332,82,37,64,1,1,1
242,2,332,82,34,64,1,1,1
243,2,331,82,36,64,1,1,1
244,2,330,82,36,64,1,1,1
245,2,328,83,37,64,1,1,1
246,2,326,84,37,64,1,1,1
247,2,327,83,35,66,1,1,1
248,2,327,84,36,66,1,1,1
249,2,324,85,36,64,1,1,1
250,2,323,83,37,64,1,1,1
251,2,321,84,38,64,1,1,1
252,2,320,84,38,64,1,1,1
253,2,319,86,37,64,1,1,1
254,2,320,86,36,64,1,1,1
255,2,316,87,39,64,1,1,1
256,2,318,88,36,64,1,1,1
257,2,316,87,36,64,1,1,1
258,2,316,87,35,64,1,1,1
259,2,314,87,36,65,1,1,1
260,2,312,86,37,64,1,1,1
261,2,312,87,36,65,1,1,1
262,2,310,87,38,65,1,1,1
263,2,310,88,38,64,1,1,1
264,2,308,88,37,69,1,1,1
265,2,308,88,36,69,1,1,1
266,2,307,89,37,69,1,1,1
267,2,306,89,38,70,1,1,1
268,2,306,90,38,70,1,1,1
269,2,307,91,40,70,1,1,1
270,2,316,92,39,70,1,1,1
271,2,327,90,40,74,1,1,1
272,2,341,92,37,74,1,1,1
273,2,342,92,41,74,1,1,1
274,2,344,93,41,73,1,1,1
275,2,344,93,40,74,1,1,1
276,2,340,94,44,73,1,1,1
277,2,341,93,42,74,1,1,1
278,2,340,94,40,73,1,1,1
279,2,340,93,38,74,1,1,1
280,2,338,94,39,73,1,1,1
281,2,338,94,38,74,1,1,1
282,2,339,95,37,73,1,1,1
283,2,336,95,38,73,1,1,1
284,2,337,96,36,72,1,1,1
285,2,336,96,36,72,1,1,1
286,2,332,96,40,73,1,1,1
287,2,332,97,39,73,1,1,1
288,2,332,98,37,72,1,1,1
289,2,331,98,38,73,1,1,1
290,2,329,98,39,72,1,1,1
291,2,329,98,38,73,1,1,1
292,2,327,98,39,73,1,1,1
293,2,326,99,38,72,1,1,1
294,2,326,100,37,72,1,1,1
295,2,323,101,40,73,1,1,1
296,2,325,100,38,73,1,1,1
297,2,322,100,39,73,1,1,1
298,2,322,102,38,72,1,1,1
299,2,320,102,39,73,1,1,1
300,2,319,102,40,73,1,1,1
301,2,316,102,42,72,1,1,1
302,2,316,103,40,73,1,1,1
303,2,315,103,41,72,1,1,1
304,2,314,103,41,72,1,1,1
305,2,314,103,41,73,1,1,1
306,2,313,103,40,73,1,1,1
307,2,313,105,39,72,1,1,1
308,2,312,105,39,72,1,1,1
309,2,310,105,40,73,1,1,1
310,2,310,105,39,73,1,1,1
311,2,308,105,40,73,1,1,1
312,2,308,106,39,73,1,1,1
313,2,307,106,40,72,1,1,1
314,2,307,106,38,72,1,1,1
315,2,303,106,41,73,1,1,1
316,2,303,106,39,73,1,1,1
317,2,301,108,40,73,1,1,1
318,2,299,107,41,72,1,1,1
319,2,300,109,39,73,1,1,1
320,2,299,109,39,73,1,1,1
321,2,300,108,36,73,1,1,1
322,2,297,109,38,73,1,1,1
323,2,294,109,40,73,1,1,1
324,2,294,111,39,73,1,1,1
325,2,293,109,40,73,1,1,1
326,2,293,110,38,73,1,1,1
327,2,289,108,42,77,1,1,1
328,2,290,109,40,76,1,1,1
329,2,286,109,43,77,1,1,1
330,2,287,109,41,77,1,1,1
331,2,284,110,43,76,1,1,1
332,2,282,111,44,76,1,1,1
333,2,282,112,43,76,1,1,1
334,2,281,111,44,80,1,1,1
335,2,282,111,43,77,1,1,1
336,2,280,113,42,74,1,1,1
337,2,279,114,42,73,1,1,1
338,2,278,115,42,73,1,1,1
339,2,279,115,39,74,1,1,1
340,2,278,116,41,74,1,1,1
341,2,275,116,43,74,1,1,1
342,2,276,115,41,73,1,1,1
343,2,273,115,43,74,1,1,1
344,2,272,116,43,74,1,1,1
345,2,272,116,42,74,1,1,1
346,2,270,116,44,74,1,1,1
347,2,271,116,42,74,1,1,1
348,2,267,117,46,74,1,1,1
349,2,269,118,43,74,1,1,1
350,2,267,119,44,74,1,1,1
351,2,269,119,40,73,1,1,1
352,2,265,119,44,74,1,1,1
353,2,265,120,43,74,1,1,1
354,2,266,118,40,74,1,1,1
355,2,263,117,44,79,1,1,1
356,2,263,117,43,79,1,1,1
357,2,262,117,43,80,1,1,1
358,2,261,118,43,79,1,1,1
359,2,260,118,44,79,1,1,1
360,2,258,118,44,79,1,1,1
361,2,259,118,43,79,1,1,1
362,2,258,118,44,79,1,1,1
363,2,256,119,44,79,1,1,1
364,2,255,118,43,79,1,1,1
365,2,255,118,43,79,1,1,1
366,2,253,119,43,79,1,1,1
367,2,253,118,43,79,1,1,1
368,2,252,120,43,79,1,1,1
369,2,250,122,44,79,1,1,1
370,2,249,122,44,79,1,1,1
371,2,248,121,43,79,1,1,1
372,2,248,121,43,79,1,1,1
373,2,246,122,43,79,1,1,1
374,2,246,124,43,79,1,1,1
375,2,245,123,43,80,1,1,1
376,2,244,124,44,79,1,1,1
377,2,243,123,43,80,1,1,1
378,2,241,122,43,79,1,1,1
379,2,241,122,43,79,1,1,1
380,2,240,122,43,79,1,1,1
381,2,239,123,43,79,1,1,1
382,2,238,123,43,79,1,1,1
383,2,236,121,44,79,1,1,1
384,2,235,123,44,80,1,1,1
385,2,235,122,43,79,1,1,1
386,2,234,122,43,79,1,1,1
387,2,233,123,43,79,1,1,1
388,2,232,124,43,79,1,1,1
389,2,232,122,43,83,1,1,1
390,2,231,121,43,83,1,1,1
391,2,229,122,44,84,1,1,1
392,2,227,124,43,83,1,1,1
393,2,226,123,43,83,1,1,1
394,2,226,122,43,84,1,1,1
395,2,224,124,43,83,1,1,1
396,2,223,125,43,83,1,1,1
397,2,223,126,43,83,1,1,1
398,2,221,125,43,83,1,1,1
399,2,220,125,43,83,1,1,1
400,2,219,126,43,83,1,1,1
401,2,217,126,43,84,1,1,1
402,2,216,127,43,84,1,1,1
403,2,214,127,43,84,1,1,1
404,2,212,127,43,84,1,1,1
405,2,211,127,43,84,1,1,1
406,2,209,129,43,83,1,1,1
407,2,209,129,43,83,1,1,1
408,2,206,130,43,83,1,1,1
409,2,204,131,43,83,1,1,1
410,2,203,131,43,83,1,1,1
411,2,202,132,43,83,1,1,1
412,2,201,131,42,83,1,1,1
413,2,198,130,45,88,1,1,1
414,2,196,132,45,88,1,1,1
415,2,194,132,45,88,1,1,1
416,2,193,132,45,86,1,1,1
417,2,191,135,45,86,1,1,1
418,2,190,134,44,86,1,1,1
419,2,189,134,45,86,1,1,1
420,2,187,135,45,86,1,1,1
421,2,187,136,45,86,1,1,1
422,2,186,136,45,86,1,1,1
423,2,183,136,45,85,1,1,1
424,2,181,138,45,86,1,1,1
425,2,181,138,45,86,1,1,1
426,2,178,138,45,86,1,1,1
427,2,176,137,45,86,1,1,1
428,2,175,138,44,86,1,1,1
429,2,174,139,44,86,1,1,1
430,2,173,140,45,86,1,1,1
431,2,170,140,45,86,1,1,1
432,2,169,141,44,85,1,1,1
433,2,168,140,44,86,1,1,1
434,2,166,143,44,86,1,1,1
435,2,165,143,44,86,1,1,1
436,2,161,142,47,89,1,1,1
437,2,160,143,47,88,1,1,1
438,2,158,144,47,88,1,1,1
439,2,157,144,47,89,1,1,1
440,2,155,144,47,89,1,1,1
441,2,154,145,47,88,1,1,1
442,2,153,146,47,88,1,1,1
443,2,150,146,46,88,1,1,1
444,2,149,148,46,89,1,1,1
445,2,148,147,47,88,1,1,1
446,2,146,150,47,88,1,1,1
447,2,144,149,47,89,1,1,1
448,2,143,150,46,89,1,1,1
449,2,139,148,50,92,1,1,1
450,2,138,148,50,92,1,1,1
451,2,137,149,50,92,1,1,1
452,2,136,151,50,93,1,1,1
453,2,135,151,50,93,1,1,1
454,2,133,153,50,92,1,1,1
455,2,132,152,50,93,1,1,1
456,2,130,154,50,92,1,1,1
457,2,129,153,50,92,1,1,1
458,2,128,153,50,93,1,1,1
459,2,126,155,50,92,1,1,1
460,2,125,155,50,92,1,1,1
461,2,123,155,50,93,1,1,1
462,2,123,156,50,93,1,1,1
463,2,120,157,50,93,1,1,1
464,2,119,158,50,93,1,1,1
465,2,118,160,50,92,1,1,1
466,2,117,160,50,93,1,1,1
467,2,115,161,51,94,1,1,1
468,2,113,164,51,95,1,1,1
469,2,112,165,51,95,1,1,1
470,2,111,165,51,95,1,1,1
471,2,109,169,51,95,1,1,1
472,2,107,170,51,95,1,1,1
473,2,106,171,51,95,1,1,1
474,2,105,172,51,95,1,1,1
475,2,103,174,51,95,1,1,1
476,2,102,175,51,95,1,1,1
477,2,101,176,51,95,1,1,1
478,2,98,177,51,95,1,1,1
479,2,96,178,51,95,1,1,1
480,2,94,179,55,97,1,1,1
481,2,92,180,55,96,1,1,1
482,2,92,181,55,96,1,1,1
483,2,93,180,55,97,1,1,1
484,2,101,181,55,96,1,1,1
485,2,118,182,58,96,1,1,1
486,2,134,181,59,96,1,1,1
487,2,139,181,54,94,1,1,1
488,2,141,182,53,93,1,1,1
489,2,141,181,53,95,1,1,1
490,2,138,181,53,96,1,1,1
491,2,138,182,53,96,1,1,1
492,2,136,183,53,96,1,1,1
493,2,134,183,53,97,1,1,1
494,2,133,184,53,97,1,1,1
495,2,131,185,53,96,1,1,1
496,2,129,185,53,96,1,1,1
497,2,125,186,56,98,1,1,1
498,2,124,184,56,98,1,1,1
499,2,122,185,55,98,1,1,1
500,2,120,187,56,98,1,1,1
501,2,120,189,55,98,1,1,1
502,2,124,189,56,98,1,1,1
503,2,138,187,56,98,1,1,1
504,2,156,189,60,99,1,1,1
505,2,181,189,60,100,1,1,1
506,2,199,189,55,97,1,1,1
507,2,202,187,55,97,1,1,1
508,2,200,188,55,97,1,1,1
509,2,200,187,55,97,1,1,1
510,2,198,189,55,97,1,1,1
511,2,197,190,55,97,1,1,1
512,2,194,192,55,96,1,1,1
513,2,193,190,55,99,1,1,1
514,2,191,192,54,99,1,1,1
515,2,188,191,54,99,1,1,1
516,2,187,193,54,99,1,1,1
517,2,185,195,54,99,1,1,1
518,2,183,195,55,99,1,1,1
519,2,179,194,54,100,1,1,1
520,2,177,193,56,103,1,1,1
521,2,177,195,55,103,1,1,1
522,2,173,194,56,103,1,1,1
523,2,172,194,55,103,1,1,1
524,2,169,197,56,103,1,1,1
525,2,168,197,55,103,1,1,1
526,2,166,196,56,104,1,1,1
527,2,164,199,57,105,1,1,1
528,2,163,198,55,106,1,1,1
529,2,159,200,56,106,1,1,1
530,2,158,201,55,106,1,1,1
531,2,155,201,58,107,1,1,1
532,2,155,202,57,107,1,1,1
533,2,161,202,57,107,1,1,1
534,2,171,201,58,107,1,1,1
535,2,189,204,58,107,1,1,1
536,2,211,203,58,107,1,1,1
537,2,231,204,58,107,1,1,1
538,2,254,201,58,107,1,1,1
539,2,274,201,59,108,1,1,1
540,2,298,204,58,108,1,1,1
541,2,318,208,58,107,1,1,1
542,2,341,203,58,107,1,1,1
543,2,354,205,54,105,1,1,1
544,2,356,206,54,105,1,1,1
545,2,353,206,55,105,1,1,1
546,2,354,206,54,105,1,1,1
547,2,351,205,55,105,1,1,1
548,2,348,207,54,105,1,1,1
549,2,346,207,55,105,1,1,1
550,2,344,208,55,106,1,1,1
551,2,340,208,55,105,1,1,1
552,2,339,208,55,106,1,1,1
553,2,338,208,55,106,1,1,1
554,2,334,209,55,105,1,1,1
555,2,331,210,55,105,1,1,1
556,2,332,210,55,105,1,1,1
557,2,328,210,55,108,1,1,1
558,2,328,209,55,108,1,1,1
559,2,325,210,55,107,1,1,1
560,2,322,212,55,108,1,1,1
561,2,319,210,55,108,1,1,1
562,2,318,213,55,108,1,1,1
563,2,313,213,54,108,1,1,1
564,2,311,213,55,108,1,1,1
565,2,310,212,55,108,1,1,1
566,2,308,212,55,108,1,1,1
567,2,305,212,55,108,1,1,1
568,2,301,213,55,110,1,1,1
569,2,301,214,55,110,1,1,1
570,2,297,213,55,111,1,1,1
571,2,294,214,58,112,1,1,1
572,2,293,215,58,111,1,1,1
573,2,290,214,58,111,1,1,1
574,2,289,215,57,111,1,1,1
575,2,287,217,57,110,1,1,1
576,2,284,215,58,111,1,1,1
577,2,281,217,57,111,1,1,1
578,2,277,217,58,110,1,1,1
579,2,276,217,57,110,1,1,1
580,2,273,217,57,111,1,1,1
581,2,270,217,58,110,1,1,1
582,2,269,219,57,110,1,1,1
583,2,266,218,57,113,1,1,1
584,2,264,218,57,113,1,1,1
585,2,260,218,58,113,1,1,1
586,2,257,219,57,113,1,1,1
587,2,257,219,57,114,1,1,1
588,2,254,219,57,114,1,1,1
589,2,252,218,57,113,1,1,1
590,2,249,219,57,114,1,1,1
591,2,247,220,57,114,1,1,1
592,2,244,220,57,114,1,1,1
593,2,242,221,57,114,1,1,1
594,2,239,223,56,113,1,1,1
595,2,235,222,57,113,1,1,1
596,2,233,223,57,113,1,1,1
597,2,228,225,57,113,1,1,1
598,2,228,225,57,113,1,1,1
599,2,224,224,57,113,1,1,1
600,2,221,226,57,113,1,1,1
601,2,218,224,57,113,1,1,1
602,2,214,226,57,113,1,1,1
603,2,212,226,57,113,1,1,1
604,2,210,226,56,113,1,1,1
605,2,208,227,57,113,1,1,1
606,2,199,226,62,117,1,1,1
607,2,196,227,62,116,1,1,1
608,2,193,226,63,117,1,1,1
609,2,191,226,62,116,1,1,1
610,2,187,229,62,116,1,1,1
611,2,185,229,62,116,1,1,1
612,2,183,230,62,116,1,1,1
613,2,179,230,63,116,1,1,1
614,2,176,231,62,116,1,1,1
615,2,172,230,62,116,1,1,1
616,2,171,234,63,116,1,1,1
617,2,170,233,63,116,1,1,1
618,2,177,234,62,116,1,1,1
619,2,189,234,63,116,1,1,1
620,2,205,234,63,117,1,1,1
621,2,224,234,63,116,1,1,1
622,2,245,232,65,122,1,1,1
623,2,260,230,65,114,1,1,1
624,2,267,231,64,116,1,1,1
625,2,269,233,65,116,1,1,1
626,2,268,231,65,116,1,1,1
627,2,262,232,61,117,1,1,1
628,2,260,232,61,117,1,1,1
629,2,259,231,61,116,1,1,1
630,2,255,232,61,117,1,1,1
631,2,253,232,61,117,1,1,1
632,2,250,235,60,116,1,1,1
633,2,245,234,59,117,1,1,1
634,2,245,236,59,116,1,1,1
635,2,239,235,60,116,1,1,1
636,2,238,237,59,116,1,1,1
637,2,232,237,63,116,1,1,1
638,2,230,237,64,116,1,1,1
639,2,228,237,64,116,1,1,1
640,2,224,238,64,116,1,1,1
641,2,224,239,63,116,1,1,1
642,2,219,239,64,116,1,1,1
643,2,217,239,64,116,1,1,1
644,2,215,243,63,116,1,1,1
645,2,211,243,63,116,1,1,1
646,2,208,245,64,116,1,1,1
647,2,203,246,66,117,1,1,1
648,2,202,247,65,117,1,1,1
649,2,200,252,66,118,1,1,1
650,2,195,255,66,117,1,1,1
651,2,194,257,65,117,1,1,1
652,2,195,260,66,117,1,1,1
653,2,188,263,66,118,1,1,1
654,2,185,266,69,117,1,1,1
655,2,183,269,68,118,1,1,1
656,2,179,273,69,117,1,1,1
657,2,177,276,69,117,1,1,1
658,2,175,279,69,117,1,1,1
659,2,172,282,69,117,1,1,1
660,2,168,283,74,117,1,1,1
661,2,167,283,73,117,1,1,1
662,2,163,285,75,117,1,1,1
663,2,164,285,68,117,1,1,1
664,2,162,287,68,117,1,1,1
665,2,159,289,69,116,1,1,1
666,2,159,291,68,117,1,1,1
667,2,158,290,69,116,1,1,1
668,2,157,292,69,116,1,1,1
669,2,157,292,69,116,1,1,1
670,2,155,292,68,117,1,1,1
671,2,151,295,61,115,1,1,1
672,2,150,293,62,119,1,1,1
673,2,145,293,65,119,1,1,1
674,2,145,293,65,120,1,1,1
675,2,142,296,64,120,1,1,1
676,2,138,296,64,120,1,1,1
677,2,134,298,65,120,1,1,1
678,2,132,295,66,125,1,1,1
679,2,130,299,66,124,1,1,1
680,2,126,298,66,125,1,1,1
681,2,124,299,67,125,1,1,1
682,2,121,301,67,125,1,1,1
683,2,120,303,67,124,1,1,1
684,2,116,303,66,125,1,1,1
685,2,113,303,66,125,1,1,1
686,2,108,305,66,124,1,1,1
687,2,106,306,66,125,1,1,1
688,2,99,306,66,124,1,1,1
689,2,96,306,66,125,1,1,1
690,2,93,307,66,125,1,1,1
691,2,91,308,66,125,1,1,1
692,2,88,308,68,125,1,1,1
693,2,84,310,69,125,1,1,1
694,2,82,308,68,126,1,1,1
695,2,76,310,68,125,1,1,1
696,2,75,311,68,125,1,1,1
697,2,71,309,71,128,1,1,1
698,2,70,309,71,128,1,1,1
699,2,64,312,71,128,1,1,1
700,2,61,311,71,128,1,1,1
701,2,60,312,71,128,1,1,1
702,2,56,314,70,126,1,1,1
703,2,55,317,70,125,1,1,1
704,2,45,316,70,125,1,1,1
705,2,41,318,71,125,1,1,1
706,2,42,316,70,125,1,1,1
707,2,45,315,70,126,1,1,1
708,2,54,314,71,126,1,1,1
709,2,67,312,71,125,1,1,1
710,2,80,309,71,126,1,1,1
711,2,84,309,71,126,1,1,1
712,2,82,309,72,125,1,1,1
713,2,80,311,71,125,1,1,1
714,2,76,309,71,125,1,1,1
715,2,74,308,71,126,1,1,1
716,2,72,310,63,125,1,1,1
717,2,65,311,67,126,1,1,1
718,2,64,312,67,123,1,1,1
719,2,59,313,67,123,1,1,1
720,2,58,316,67,122,1,1,1
721,2,56,316,62,122,1,1,1
722,2,52,318,58,119,1,1,1
723,2,48,317,57,119,1,1,1
724,2,43,316,58,120,1,1,1
725,2,41,316,60,120,1,1,1
726,2,43,318,63,119,1,1,1
727,2,58,316,63,120,1,1,1
728,2,71,310,64,120,1,1,1
729,2,91,311,64,120,1,1,1
730,2,117,309,70,116,1,1,1
731,2,132,303,70,116,1,1,1
732,2,154,301,70,117,1,1,1
733,2,171,300,66,115,1,1,1
734,2,181,299,67,116,1,1,1
735,2,181,298,66,115,1,1,1
736,2,178,297,65,118,1,1,1
737,2,174,296,61,116,1,1,1
738,2,172,299,61,113,1,1,1
739,2,170,300,59,112,1,1,1
740,2,167,300,60,112,1,1,1
741,2,163,298,59,112,1,1,1
742,2,160,299,59,111,1,1,1
743,2,157,299,60,112,1,1,1
744,2,153,299,60,111,1,1,1
745,2,151,299,59,112,1,1,1
746,2,147,300,60,111,1,1,1
747,2,147,299,60,111,1,1,1
748,2,154,299,59,111,1,1,1
749,2,166,296,60,112,1,1,1
750,2,182,295,60,111,1,1,1
751,2,201,294,60,112,1,1,1
752,2,218,288,63,117,1,1,1
753,2,241,287,63,114,1,1,1
754,2,254,286,68,111,1,1,1
755,2,259,287,64,108,1,1,1
756,2,259,288,65,106,1,1,1
757,2,255,291,65,105,1,1,1
758,2,253,287,65,106,1,1,1
759,2,250,288,65,106,1,1,1
760,2,247,287,65,106,1,1,1
761,2,244,287,64,106,1,1,1
762,2,242,287,65,106,1,1,1
763,2,240,286,64,106,1,1,1
764,2,235,287,65,106,1,1,1
765,2,233,285,65,106,1,1,1
766,2,230,285,64,106,1,1,1
767,2,227,285,65,106,1,1,1
768,2,225,286,62,103,1,1,1
769,2,223,287,62,104,1,1,1
770,2,224,284,63,104,1,1,1
771,2,233,283,62,104,1,1,1
772,2,243,281,63,104,1,1,1
773,2,257,279,63,104,1,1,1
774,2,266,278,62,104,1,1,1
775,2,268,279,63,104,1,1,1
776,2,269,279,63,103,1,1,1
777,2,267,278,62,103,1,1,1
778,2,265,276,63,104,1,1,1
779,2,264,277,58,104,1,1,1
780,2,262,278,58,103,1,1,1
781,2,259,276,55,104,1,1,1
782,2,256,273,53,107,1,1,1
783,2,252,273,56,104,1,1,1
784,2,253,277,54,104,1,1,1
785,2,249,275,57,104,1,1,1
786,2,245,273,55,104,1,1,1
787,2,240,273,58,104,1,1,1
788,2,241,272,53,104,1,1,1
789,2,238,271,56,104,1,1,1
790,2,245,272,54,104,1,1,1
791,2,256,271,54,104,1,1,1
792,2,276,273,54,101,1,1,1
793,2,297,269,52,100,1,1,1
794,2,309,267,54,104,1,1,1
795,2,313,267,52,102,1,1,1
796,2,310,266,54,101,1,1,1
797,2,308,265,53,100,1,1,1
798,2,308,263,53,99,1,1,1
799,2,307,265,52,102,1,1,1
800,2,301,265,56,102,1,1,1
801,2,297,263,55,103,1,1,1
802,2,292,261,57,101,1,1,1
803,2,292,262,53,98,1,1,1
804,2,289,260,53,98,1,1,1
805,2,286,259,53,99,1,1,1
806,2,284,260,54,99,1,1,1
807,2,280,260,53,99,1,1,1
808,2,279,259,53,99,1,1,1
809,2,278,257,54,98,1,1,1
810,2,275,257,54,98,1,1,1
811,2,271,255,54,98,1,1,1
812,2,269,257,53,98,1,1,1
813,2,263,254,54,98,1,1,1
814,2,262,253,53,99,1,1,1
815,2,260,255,53,98,1,1,1
816,2,255,254,54,98,1,1,1
817,2,253,254,54,99,1,1,1
818,2,249,254,53,99,1,1,1
819,2,247,250,53,99,1,1,1
820,2,244,252,53,98,1,1,1
821,2,241,249,54,98,1,1,1
822,2,242,254,53,98,1,1,1
823,2,243,252,54,99,1,1,1
824,2,254,252,53,99,1,1,1
825,2,270,252,54,98,1,1,1
826,2,288,251,54,99,1,1,1
827,2,303,248,53,99,1,1,1
828,2,331,248,54,99,1,1,1
829,2,332,244,61,98,1,1,1
830,2,336,245,61,98,1,1,1
831,2,335,248,60,93,1,1,1
832,2,333,245,60,93,1,1,1
833,2,329,244,60,93,1,1,1
834,2,329,244,60,93,1,1,1
835,2,326,242,60,93,1,1,1
836,2,323,241,61,93,1,1,1
837,2,323,241,61,93,1,1,1
838,2,321,244,58,88,1,1,1
839,2,319,243,57,89,1,1,1
840,2,317,243,57,89,1,1,1
841,2,316,238,57,90,1,1,1
842,2,313,239,57,89,1,1,1
843,2,308,239,57,89,1,1,1
844,2,305,239,57,89,1,1,1
845,2,304,234,57,89,1,1,1
846,2,302,233,57,89,1,1,1
847,2,301,232,57,90,1,1,1
848,2,300,231,57,89,1,1,1
849,2,299,234,57,90,1,1,1
850,2,297,231,58,90,1,1,1
851,2,295,231,57,89,1,1,1
852,2,291,229,56,90,1,1,1
853,2,289,228,55,91,1,1,1
854,2,287,228,56,91,1,1,1
855,2,284,228,56,90,1,1,1
856,2,281,227,56,90,1,1,1
857,2,280,226,55,90,1,1,1
858,2,277,226,56,90,1,1,1
859,2,277,223,56,90,1,1,1
860,2,275,225,56,90,1,1,1
861,2,275,223,56,90,1,1,1
862,2,276,224,56,90,1,1,1
863,2,281,219,59,94,1,1,1
864,2,296,221,56,90,1,1,1
865,2,315,220,55,90,1,1,1
866,2,328,220,56,90,1,1,1
867,2,334,221,55,90,1,1,1
868,2,336,221,51,88,1,1,1
869,2,333,222,54,86,1,1,1
870,2,332,223,54,83,1,1,1
871,2,330,220,55,83,1,1,1
872,2,329,220,54,83,1,1,1
873,2,327,220,54,83,1,1,1
874,2,324,221,55,83,1,1,1
875,2,324,220,54,83,1,1,1
876,2,323,220,54,83,1,1,1
877,2,321,219,55,83,1,1,1
878,2,319,218,54,83,1,1,1
879,2,318,216,55,83,1,1,1
880,2,316,217,54,83,1,1,1
881,2,315,215,55,84,1,1,1
882,2,314,217,54,83,1,1,1
883,2,310,215,54,84,1,1,1
884,2,308,216,55,83,1,1,1
885,2,308,214,54,84,1,1,1
886,2,306,214,55,84,1,1,1
887,2,304,214,54,83,1,1,1
888,2,303,213,54,83,1,1,1
889,2,300,213,55,84,1,1,1
890,2,297,213,54,83,1,1,1
891,2,294,213,54,84,1,1,1
892,2,293,213,54,84,1,1,1
893,2,291,213,55,84,1,1,1
894,2,292,214,55,84,1,1,1
895,2,289,212,55,83,1,1,1
896,2,291,215,47,80,1,1,1
897,2,284,217,51,80,1,1,1
898,2,287,225,50,80,1,1,1
899,2,306,228,52,80,1,1,1
900,2,323,224,57,83,1,1,1
901,2,338,216,62,95,1,1,1
