1 1 -30 130 76 177
1 2 70 161 70 189
1 5 107 247 99 228
2 1 -32 130 78 177
2 2 72 167 68 189
2 5 112 243 99 228
3 1 -32 129 78 177
3 2 72 166 70 188
3 5 114 238 99 228
4 1 -30 130 75 173
4 2 72 167 70 189
4 5 116 239 99 228
5 1 -30 128 74 175
5 2 72 166 70 190
5 5 123 240 96 225
6 1 -23 128 70 177
6 2 72 169 63 186
6 5 125 241 96 225
7 1 -28 127 75 177
7 2 68 164 71 193
7 5 126 241 99 226
8 1 -30 128 76 178
8 2 70 166 71 192
8 5 128 240 98 225
9 1 -26 128 71 178
9 2 72 169 71 193
9 5 130 238 99 225
10 1 -28 128 71 178
10 2 71 169 67 193
10 5 130 239 104 225
11 1 -29 128 74 178
11 2 75 169 63 198
11 5 131 239 103 224
12 1 -30 129 74 177
12 2 76 171 62 198
12 5 129 239 106 225
13 1 -31 128 73 178
13 2 75 170 62 198
13 5 130 240 105 225
14 1 -31 129 73 177
14 2 74 171 61 186
14 5 130 238 106 224
15 1 -33 129 74 177
15 2 74 166 61 194
15 5 130 241 106 225
16 1 -33 129 74 177
16 2 74 168 60 189
16 5 128 234 106 225
17 1 -35 129 74 177
17 2 70 167 62 191
17 5 127 236 106 224
18 1 -36 129 74 177
18 2 70 170 63 191
18 5 123 234 107 226
19 2 69 172 60 185
19 5 124 241 107 226
20 2 69 174 60 185
20 5 123 236 106 225
21 2 67 173 60 186
21 5 124 236 100 226
22 2 66 173 60 186
22 5 125 239 100 226
23 2 64 173 60 185
23 5 124 242 95 222
24 2 64 173 60 186
24 5 128 246 94 221
25 2 62 172 61 185
25 5 128 244 94 221
26 2 61 174 60 185
26 5 129 245 94 222
27 2 61 173 60 186
27 5 130 241 95 221
28 2 59 166 60 194
28 5 131 245 95 221
29 2 57 168 62 193
29 5 129 245 101 222
30 2 58 169 62 193
30 5 131 241 102 222
31 2 57 168 63 194
31 5 131 244 102 221
32 2 57 170 62 193
32 5 134 245 102 221
33 2 58 178 59 184
33 5 131 242 109 222
34 2 55 174 62 194
34 4 -72 246 146 245
34 5 133 244 116 222
35 2 55 174 62 194
35 4 -66 245 145 247
35 5 135 245 116 221
36 2 55 175 62 193
36 4 -60 247 141 244
36 5 133 243 119 222
37 2 55 173 59 193
37 4 -58 247 138 244
37 5 137 244 114 221
38 2 49 170 66 193
38 4 -55 246 139 244
38 5 140 243 114 222
39 2 52 171 66 193
39 4 -52 245 139 244
39 5 142 244 114 222
40 2 52 171 66 193
40 4 -46 244 127 245
40 5 144 246 114 221
41 2 52 171 66 193
41 4 -43 245 127 245
41 5 145 245 114 221
42 2 51 169 66 193
42 4 -46 238 126 254
42 5 145 244 114 221
43 2 51 171 66 193
43 4 -34 237 114 255
43 5 146 245 114 221
44 2 50 170 66 193
44 4 -31 238 110 256
44 5 157 245 104 222
45 2 51 170 66 193
45 4 -26 240 108 255
45 5 156 241 105 222
46 2 50 171 66 194
46 4 -18 241 97 256
46 5 160 241 106 222
47 2 51 170 66 193
47 4 -19 238 98 255
47 5 164 242 106 222
48 2 52 169 66 193
48 4 -11 240 90 255
48 5 165 242 106 222
49 2 52 167 66 194
49 4 -9 241 89 255
49 5 167 246 106 221
50 2 49 167 69 193
50 4 -5 245 88 255
50 5 170 245 106 222
51 2 48 166 71 194
51 4 0 246 88 255
51 5 169 245 106 221
52 2 49 167 72 194
52 4 1 247 99 258
52 5 174 244 107 231
53 2 50 165 72 194
53 4 5 246 105 259
53 5 175 244 107 231
54 2 51 164 72 194
54 4 10 247 105 258
54 5 173 245 107 230
55 2 52 167 68 185
55 4 11 248 114 258
55 5 178 248 108 230
56 2 45 165 77 185
56 4 14 249 113 258
56 5 177 248 108 230
57 2 41 169 77 184
57 4 18 250 113 258
57 5 182 251 107 230
58 2 42 169 77 184
58 4 20 251 114 258
58 5 184 251 108 230
59 2 43 171 77 184
59 4 22 250 114 258
59 5 185 251 108 230
60 2 43 169 77 184
60 4 25 253 113 258
60 5 188 254 108 231
61 2 43 168 77 184
61 4 31 250 104 262
61 5 193 253 108 231
62 2 43 169 77 184
62 4 35 252 99 262
62 5 192 251 107 230
63 2 44 169 77 184
63 4 41 250 99 262
63 5 194 248 110 237
64 2 44 171 77 184
64 4 43 250 98 262
64 5 197 247 110 238
65 2 45 172 77 185
65 4 45 249 99 262
65 5 199 249 110 238
66 2 43 169 81 193
66 4 49 250 99 262
66 5 204 252 110 237
67 2 42 170 68 193
67 4 51 251 99 262
67 5 199 251 110 237
68 2 42 170 68 193
68 4 56 252 99 262
68 5 202 248 110 238
69 2 42 170 68 179
69 4 61 251 99 262
69 5 211 250 99 237
70 2 38 174 68 172
70 4 67 250 102 262
70 5 212 250 96 237
71 2 40 171 63 180
71 4 72 248 112 262
71 5 215 248 95 237
72 2 30 173 73 180
72 4 71 253 123 262
72 5 221 250 102 237
73 2 28 170 73 179
73 4 75 252 133 263
73 5 220 252 112 237
74 2 28 172 86 180
74 4 82 252 133 262
74 5 226 254 111 237
75 2 26 173 87 180
75 4 86 253 133 262
75 5 228 254 116 237
76 2 26 175 86 180
76 4 87 255 132 262
76 5 233 251 116 237
77 2 24 175 87 180
77 4 91 256 133 262
77 5 240 256 112 231
78 2 25 176 86 180
78 4 95 254 133 262
78 5 238 254 111 231
79 2 23 177 87 179
79 4 101 256 120 262
79 5 245 254 101 231
80 2 23 177 86 180
80 4 106 256 116 262
80 5 246 253 101 230
81 2 21 177 86 180
81 4 107 258 117 262
81 5 250 254 101 231
82 2 20 177 86 180
82 4 110 254 117 262
82 5 249 253 101 230
83 2 17 179 93 180
83 4 111 256 117 262
83 5 251 253 101 231
84 2 15 170 94 185
84 4 125 253 102 262
84 5 257 251 101 231
85 2 12 175 94 186
85 4 131 255 93 262
85 5 258 250 101 231
86 2 12 169 93 192
86 4 135 258 94 262
86 5 263 254 100 230
87 2 10 171 93 197
87 4 138 256 93 262
87 5 274 255 100 230
88 2 8 176 94 198
88 5 276 258 100 230
88 4 144 256 95 267
89 2 7 178 94 186
89 4 145 260 93 262
89 5 276 252 106 238
90 2 6 179 93 188
90 4 148 261 95 263
90 5 282 256 100 239
91 2 3 180 94 197
91 4 155 260 94 263
91 5 283 251 107 249
92 2 3 176 94 201
92 5 286 250 106 249
92 4 154 260 108 263
93 2 6 180 74 198
93 4 163 259 102 262
93 5 290 252 110 249
94 2 5 176 74 205
94 4 167 262 102 263
94 5 291 257 111 249
95 1 -41 137 89 166
95 2 4 182 74 205
95 4 169 261 102 263
95 5 296 259 110 249
96 1 -34 136 88 167
96 2 2 180 75 205
96 4 171 261 101 262
96 5 296 257 120 245
97 1 -32 138 91 174
97 2 0 184 77 206
97 4 174 261 102 263
97 5 298 257 120 246
98 1 -32 132 91 173
98 2 1 181 76 208
98 4 179 260 94 263
98 5 302 257 120 246
99 1 -29 134 91 173
99 2 -3 183 79 210
99 4 182 260 94 263
99 5 304 259 120 245
100 1 -31 135 91 173
100 2 -4 186 78 209
100 4 186 260 94 263
100 5 307 260 126 246
101 1 -31 133 84 173
101 2 -21 187 92 210
101 4 188 273 90 250
101 5 307 261 126 245
102 1 -30 129 84 174
102 2 -28 181 102 213
102 4 192 271 90 250
102 5 310 261 126 246
103 1 -27 134 75 173
103 2 -36 184 105 212
103 4 194 273 90 250
103 5 312 259 126 246
104 1 -25 130 75 174
104 2 -39 182 105 212
104 4 196 273 90 250
104 5 306 265 126 245
105 1 -27 131 75 174
105 2 -45 187 106 212
105 4 199 273 89 249
105 5 317 262 114 245
106 1 -23 133 75 174
106 2 -48 188 106 212
106 4 203 272 93 249
106 5 321 265 102 246
107 1 -25 131 75 174
107 2 -51 185 106 212
107 4 204 273 98 250
107 5 324 262 102 245
108 1 -24 131 75 174
108 4 202 273 97 250
108 5 320 261 102 246
109 1 -28 135 85 177
109 4 203 273 97 250
109 5 326 269 87 235
110 1 -36 133 96 176
110 4 210 274 97 250
110 5 328 271 80 239
111 1 -41 134 96 176
111 4 211 273 110 250
111 5 328 272 95 240
112 1 -19 135 85 176
112 4 215 272 110 249
112 5 334 267 103 240
113 1 -18 134 85 176
113 4 208 273 110 250
113 5 336 277 109 227
114 1 -14 135 85 176
114 4 220 273 111 250
114 5 339 272 112 233
115 1 -20 134 89 179
115 4 213 273 111 250
115 5 340 270 111 233
116 1 -16 134 89 179
116 4 221 280 110 250
116 5 342 275 111 232
117 1 -12 129 82 187
117 4 219 273 110 249
117 5 338 288 111 232
118 1 -11 130 82 187
118 5 339 272 115 239
118 4 220 276 116 247
119 1 -12 131 82 188
119 5 342 283 114 239
119 4 224 276 116 247
120 1 -13 132 82 188
120 4 225 278 105 245
120 5 343 277 108 237
121 1 -13 134 82 187
121 4 228 280 105 244
121 5 343 274 108 237
122 1 -6 133 77 187
122 4 234 279 104 245
122 5 346 277 109 237
123 1 -7 133 76 187
123 4 242 281 104 245
123 5 354 274 108 237
124 1 -9 134 76 187
124 4 245 278 104 245
124 5 357 274 108 237
125 1 -9 135 77 187
125 4 255 282 88 244
125 5 364 277 104 236
126 1 -8 135 77 187
126 4 261 285 89 245
126 5 364 275 110 241
127 1 -1 135 73 187
127 4 267 278 83 245
127 5 367 274 115 248
128 1 2 135 72 186
128 4 268 278 84 245
128 5 370 278 120 247
129 1 6 136 73 186
129 4 273 283 83 256
129 5 370 277 125 259
130 1 5 134 73 187
130 4 274 284 83 256
130 5 375 279 125 260
131 1 7 134 73 187
131 4 279 284 83 256
131 5 377 279 131 259
132 1 8 136 73 186
132 4 283 285 82 256
132 5 381 282 133 260
133 1 10 136 79 186
133 4 287 291 82 256
133 5 385 283 133 260
134 1 12 136 86 187
134 4 290 293 83 256
134 5 390 285 132 260
135 1 16 139 85 187
135 4 294 293 82 256
135 5 395 286 133 259
136 1 18 138 89 187
136 4 298 294 83 244
136 5 402 287 127 259
137 1 20 138 89 187
137 4 299 297 86 226
137 5 407 289 125 232
138 1 21 139 89 187
138 4 299 296 86 226
138 5 407 290 127 232
139 1 21 140 89 187
139 4 302 298 89 226
139 5 410 290 124 232
140 1 23 140 89 187
140 4 308 298 89 226
140 5 415 290 120 232
141 1 32 141 78 187
141 4 303 298 96 226
141 5 422 289 112 233
142 1 23 141 89 187
142 4 307 297 95 226
142 5 432 290 103 233
143 1 25 141 83 187
143 4 311 297 96 226
143 5 443 290 92 233
144 1 27 141 90 187
144 4 319 298 91 226
144 5 452 290 87 232
145 1 30 142 79 187
145 4 326 304 92 226
145 5 463 291 81 232
146 1 31 143 89 187
146 4 331 300 91 226
146 5 469 290 81 233
147 1 33 142 89 188
147 4 342 295 84 226
147 5 470 289 84 232
148 1 35 143 89 187
148 4 344 297 91 225
148 5 469 290 93 233
149 1 45 142 82 188
149 4 350 297 90 225
149 5 468 295 111 227
150 1 51 142 82 191
150 4 355 298 90 226
150 5 469 295 123 227
151 1 50 145 83 191
151 4 356 312 95 225
151 5 468 297 131 226
152 1 51 144 85 196
152 4 357 312 95 225
152 5 470 296 130 227
153 1 53 146 86 196
153 4 364 316 95 225
153 5 471 298 131 227
154 1 55 145 86 204
154 2 -42 208 88 235
154 4 365 316 95 226
154 5 471 297 130 227
155 1 57 145 86 204
155 2 -40 208 87 236
155 4 375 317 95 226
155 5 475 296 131 227
156 1 60 146 85 204
156 2 -39 208 88 238
156 4 377 318 95 226
156 5 481 295 127 227
157 1 59 145 86 204
157 2 -41 211 91 237
157 4 380 318 94 226
157 5 487 295 127 227
158 1 62 148 86 204
158 2 -39 211 91 238
158 4 393 318 95 226
158 5 498 295 122 227
159 1 64 148 86 204
159 2 -38 213 91 238
159 4 396 319 95 226
159 5 506 295 120 227
160 1 67 149 86 204
160 2 -38 217 91 238
160 4 405 320 94 225
160 5 517 295 115 227
161 1 65 149 86 204
161 2 -39 218 91 237
161 4 411 324 100 214
161 5 527 295 110 227
162 1 70 151 86 204
162 2 -39 221 92 237
162 4 418 325 97 214
162 5 540 294 102 228
163 1 72 151 86 204
163 2 -37 222 91 237
163 4 425 324 97 214
163 5 551 295 99 228
164 1 70 149 87 204
164 2 -39 222 92 237
164 3 -42 171 84 218
164 4 431 325 98 214
164 5 552 294 103 228
165 1 73 147 86 204
165 2 -39 216 91 244
165 3 -36 170 78 217
165 4 438 326 98 214
165 5 555 295 103 228
166 1 76 151 82 205
166 2 -37 218 91 245
166 3 -29 168 79 218
166 4 444 326 100 215
166 5 552 298 114 225
167 1 78 151 82 205
167 2 -38 219 91 245
167 3 -27 166 80 211
167 4 449 329 100 215
167 5 553 300 120 225
168 1 82 149 82 205
168 2 -35 217 91 245
168 3 -23 169 80 212
168 4 456 330 99 214
168 5 554 301 126 223
169 1 85 149 83 205
169 2 -37 218 92 244
169 3 -21 170 91 204
169 4 460 330 99 214
169 5 552 301 133 223
170 1 88 151 82 206
170 2 -35 220 98 240
170 3 -18 169 99 203
170 4 465 331 104 214
170 5 553 302 140 223
171 1 93 148 82 205
171 2 -33 219 98 240
171 3 -14 170 108 208
171 4 470 332 107 214
171 5 554 300 140 223
172 1 98 148 86 206
172 2 -32 221 98 240
172 3 -13 172 115 212
172 4 473 332 111 215
172 5 559 301 141 222
173 1 100 153 94 205
173 2 -31 223 105 241
173 3 -12 170 119 215
173 4 478 334 114 215
174 1 99 154 100 205
174 2 -31 227 112 240
174 3 -9 172 118 215
174 4 484 343 117 215
175 1 106 154 96 206
175 2 -33 225 123 237
175 3 -1 171 109 216
175 4 490 344 120 215
176 1 105 154 96 206
176 2 -28 229 122 237
176 3 2 171 108 216
176 4 496 346 120 215
177 1 111 153 90 205
177 2 -25 231 123 237
177 3 10 170 108 217
177 4 503 351 121 216
178 1 110 156 90 206
178 2 -22 236 123 237
178 3 3 174 111 211
178 4 511 349 127 226
179 1 112 155 90 206
179 2 -20 236 123 241
179 3 16 171 95 211
179 4 520 349 125 227
180 1 115 154 90 206
180 2 -16 238 123 241
180 3 7 170 102 212
180 4 531 349 125 227
181 1 113 156 90 206
181 2 -14 233 119 252
181 3 7 169 102 212
181 4 540 348 125 227
182 1 116 157 91 206
182 2 -13 232 119 252
182 3 8 169 102 212
182 4 546 349 125 227
183 1 119 155 90 206
183 2 -9 237 118 252
183 3 8 171 102 212
184 1 123 160 86 196
184 2 -9 237 119 252
184 3 8 170 102 212
185 1 126 157 86 202
185 2 -3 237 107 251
185 3 35 174 80 220
186 1 128 156 87 206
186 2 -1 238 107 251
186 3 37 173 83 226
187 1 135 159 87 206
187 2 -1 236 107 252
187 3 27 174 98 227
188 1 143 164 87 206
188 2 0 236 107 252
188 3 35 180 97 227
189 1 141 159 90 214
189 2 5 238 99 252
189 3 38 179 97 227
190 1 147 159 90 214
190 2 8 236 98 251
190 3 40 181 98 227
191 1 151 162 91 214
191 2 9 240 96 256
191 3 36 181 102 228
192 1 158 163 87 215
192 2 8 240 107 267
192 3 51 181 91 228
193 1 160 163 86 214
193 2 6 244 110 271
193 3 52 186 91 228
194 1 163 164 85 214
194 2 5 243 115 277
194 3 52 185 91 229
195 1 162 160 87 216
195 2 8 246 118 277
195 3 53 186 91 228
196 1 165 160 86 216
196 2 12 247 118 278
196 3 54 187 91 228
197 1 168 163 87 217
197 2 12 249 118 277
197 3 52 182 91 228
198 1 166 163 87 217
198 2 15 249 119 277
198 3 55 181 92 233
199 1 169 163 87 217
199 2 17 253 118 277
199 3 61 183 86 230
200 1 172 165 88 217
200 2 15 254 121 277
200 3 71 184 82 230
201 1 174 164 88 217
201 2 15 255 121 278
201 3 73 184 82 230
202 1 178 165 87 217
202 2 15 256 121 278
202 3 75 182 82 231
203 1 183 165 88 217
203 2 15 258 121 278
203 3 78 184 89 228
204 1 193 168 80 217
204 2 17 258 115 278
204 3 81 184 95 228
205 1 196 163 81 217
205 2 20 258 106 278
205 3 82 185 106 229
206 1 201 162 80 217
206 2 20 260 106 277
206 3 87 184 112 233
207 1 204 163 80 217
207 2 24 261 98 277
207 3 91 185 112 232
208 1 207 164 80 217
208 2 26 261 92 270
208 3 93 189 112 233
209 1 209 165 80 217
209 2 29 261 91 270
209 3 92 189 112 233
210 1 215 165 85 217
210 2 33 262 92 270
210 3 94 191 112 233
211 1 215 161 95 218
211 2 34 259 92 270
211 3 106 187 101 238
212 1 222 164 94 217
212 2 37 259 92 270
212 3 108 186 101 238
213 1 219 167 102 217
213 2 36 259 92 270
213 3 107 187 101 238
214 1 221 169 101 217
214 2 36 257 92 270
214 3 116 186 92 238
215 1 221 173 102 217
215 2 35 259 92 270
215 3 123 187 85 238
216 1 224 173 102 211
216 2 33 258 92 270
216 3 126 186 85 238
217 1 222 173 102 210
217 2 33 258 92 270
217 3 129 185 90 239
218 1 227 173 102 210
218 2 33 257 92 270
218 3 133 191 91 238
219 1 230 173 102 210
219 2 31 255 92 270
219 3 131 192 97 246
220 1 235 173 102 210
220 2 33 258 92 270
220 3 138 190 96 253
221 1 240 174 101 210
221 2 34 258 92 270
221 3 141 193 99 258
222 1 245 176 97 211
222 2 34 253 81 271
222 3 143 193 100 262
223 1 250 175 97 210
223 2 33 251 82 270
223 3 146 197 102 258
224 1 262 176 85 211
224 2 33 251 82 270
224 3 149 198 101 257
225 1 266 173 85 219
225 2 29 250 81 270
225 3 154 200 100 257
226 1 269 176 85 218
226 2 28 252 81 270
226 3 155 203 99 253
227 1 275 176 85 225
227 2 28 252 85 272
227 3 161 206 92 252
228 1 277 177 85 225
228 2 28 253 85 273
228 3 164 207 90 253
229 1 282 177 86 227
229 2 23 247 89 273
229 3 167 204 86 255
230 1 284 177 86 228
230 2 23 248 89 273
230 3 171 206 82 255
231 1 284 177 92 228
231 2 21 248 97 273
231 3 175 209 75 251
232 1 285 179 94 227
232 2 19 246 102 269
232 3 176 208 78 252
233 1 285 180 95 227
233 2 19 244 102 270
233 3 180 211 78 249
234 1 288 182 94 227
234 2 18 241 107 269
234 3 183 210 79 250
235 1 289 184 94 227
235 2 13 242 113 260
235 3 186 210 79 249
236 1 291 183 101 227
236 2 17 240 113 260
236 3 190 211 79 249
237 1 294 185 101 227
237 2 11 237 118 260
237 3 194 214 83 250
238 1 298 182 100 227
238 2 13 237 118 260
238 3 196 214 91 255
239 1 302 185 100 227
239 2 14 232 118 261
239 3 199 215 99 260
240 1 305 184 101 227
240 2 12 238 118 260
240 3 203 215 102 261
241 1 316 185 93 227
241 2 11 235 118 260
241 3 207 216 101 262
242 1 324 186 88 227
242 2 12 235 112 260
242 3 210 218 97 264
243 1 330 180 89 228
243 2 13 236 112 260
243 3 211 220 96 265
244 1 336 183 88 227
244 2 11 231 112 261
244 3 214 219 95 266
245 1 340 184 88 227
245 2 16 232 103 261
245 3 214 219 95 268
246 1 344 184 88 227
246 2 18 231 103 261
246 3 216 219 95 267
247 1 342 184 93 227
247 2 18 229 103 261
247 3 220 223 90 263
248 1 347 183 93 226
248 2 19 226 103 260
248 3 223 220 86 264
249 1 344 179 100 227
249 2 19 224 103 261
249 3 230 222 86 264
250 1 350 184 100 226
250 2 20 227 103 260
250 3 236 224 90 263
251 1 351 184 105 226
251 2 21 220 103 261
251 3 240 224 94 264
252 1 352 184 105 227
252 2 22 217 102 260
252 3 243 224 99 271
253 1 353 189 105 226
253 2 21 215 103 260
253 3 246 224 102 274
254 1 354 188 105 227
254 2 22 211 102 261
254 3 248 223 105 285
255 1 355 187 115 227
255 2 22 208 103 261
255 3 253 226 105 291
256 1 357 189 114 226
256 2 23 207 102 260
256 3 254 227 109 294
257 1 360 189 114 226
257 2 22 205 103 261
257 3 258 228 108 293
258 1 366 189 115 226
258 2 22 212 100 234
258 3 261 232 109 292
259 1 371 189 114 226
259 2 24 209 100 234
259 3 262 231 110 294
260 1 374 187 114 226
260 2 23 209 100 234
260 3 268 236 105 288
261 1 384 190 114 226
261 2 23 211 100 234
261 3 267 236 106 289
262 1 390 192 113 226
262 2 22 210 97 234
262 3 270 234 101 288
263 1 396 191 113 226
263 2 23 212 98 234
263 3 272 241 99 287
264 1 397 191 109 236
264 2 16 208 98 233
264 3 275 241 93 286
265 1 402 191 109 241
265 2 16 212 98 234
265 3 277 241 87 286
266 1 417 190 96 245
266 2 14 209 98 233
266 3 279 241 82 286
267 1 416 188 99 255
267 2 13 208 97 233
267 3 280 241 86 282
268 1 418 188 98 256
268 2 15 199 98 234
268 3 286 242 86 281
269 1 420 189 98 256
269 2 14 197 97 233
269 3 288 243 86 281
270 1 422 190 99 256
270 2 12 197 98 233
270 3 290 243 86 281
271 1 425 190 98 255
271 2 11 194 97 234
271 3 295 244 86 281
272 1 422 190 104 255
272 2 10 199 93 228
272 3 296 246 101 281
273 1 428 191 113 256
273 2 8 193 93 228
273 3 296 244 114 281
274 1 424 193 120 255
274 2 5 190 95 228
274 3 299 246 120 281
275 1 428 196 119 255
275 2 2 187 95 227
275 3 302 248 120 281
276 1 431 194 120 255
276 2 -2 183 95 228
276 3 305 247 117 281
277 1 435 193 120 255
277 2 -5 182 95 227
277 3 304 250 117 281
278 1 441 203 114 243
278 2 -6 181 95 228
278 3 306 248 117 281
279 1 448 205 114 243
279 2 -8 180 95 228
279 3 304 249 118 280
280 1 455 203 113 243
280 2 -6 179 95 228
280 3 304 248 117 281
281 1 458 204 113 242
281 2 -7 178 95 228
281 3 306 248 117 281
282 1 460 203 113 243
282 2 -8 176 95 227
282 3 309 245 124 281
283 1 464 204 113 242
283 2 -10 175 95 227
283 3 314 248 129 281
284 1 466 207 114 242
284 2 -9 179 95 228
284 3 317 246 136 281
285 1 470 208 113 243
285 2 -15 178 95 227
285 3 322 248 138 281
286 1 484 206 114 242
286 2 -13 176 95 227
286 3 330 246 141 281
287 1 487 206 114 242
287 2 -17 175 95 227
287 3 336 250 141 281
288 1 488 208 114 242
288 2 -16 181 95 227
288 3 341 249 141 281
289 1 489 208 114 242
289 2 -16 182 94 221
289 3 343 251 140 280
290 1 491 207 118 242
290 2 -13 177 87 222
290 3 348 252 141 280
291 1 491 207 121 242
291 2 -16 172 86 222
291 3 349 253 141 280
292 1 491 211 122 242
292 2 -16 171 86 222
292 3 352 257 140 280
293 1 493 210 128 243
293 2 -17 171 86 222
293 3 354 259 140 280
294 1 490 210 135 242
294 2 -17 169 84 222
294 3 351 257 141 280
295 1 498 210 134 243
295 2 -21 169 84 222
295 3 354 259 140 280
296 1 497 211 134 242
296 2 -18 175 84 204
296 3 358 261 132 281
297 1 500 209 135 243
297 2 -20 172 84 204
297 3 364 264 124 280
298 1 500 212 135 242
298 2 -21 171 84 205
298 3 362 264 124 280
299 1 503 209 135 243
299 2 -24 171 84 205
299 3 362 265 120 280
300 1 503 209 135 248
300 2 -26 171 84 204
300 3 364 266 116 280
301 1 508 209 134 253
301 2 -28 168 84 205
301 3 364 266 106 280
302 1 512 212 135 258
302 2 -33 170 84 205
302 3 362 266 106 280
303 1 537 214 117 265
303 2 -35 169 84 204
303 3 362 268 106 280
304 1 543 215 112 267
304 2 -41 168 84 204
304 3 360 268 106 280
305 1 543 213 112 278
305 3 358 269 106 280
306 1 542 217 112 278
306 3 356 271 110 280
307 1 538 224 112 277
307 3 354 275 113 280
308 1 538 224 112 277
308 3 355 273 109 280
309 1 537 224 113 278
309 3 353 274 109 280
310 1 532 224 118 286
310 3 352 275 111 280
311 1 526 226 118 286
311 3 353 278 111 279
312 1 526 228 118 286
312 3 353 280 114 280
313 1 521 229 117 286
313 3 352 278 114 279
314 1 520 229 117 286
314 3 351 278 122 280
315 1 520 230 118 286
315 3 350 278 122 279
316 1 518 231 118 286
316 3 347 278 127 279
317 1 517 233 118 286
317 3 345 281 127 280
318 1 523 231 108 286
318 3 341 280 132 280
319 1 517 234 108 286
319 3 341 279 132 280
320 1 514 232 108 286
320 3 331 279 139 280
321 1 512 233 108 286
321 3 326 279 139 279
322 1 507 231 107 286
322 3 321 279 139 279
323 1 502 237 107 285
323 3 314 283 139 280
324 1 495 236 107 285
324 3 308 283 139 279
325 1 490 241 108 285
325 3 301 284 139 279
326 1 486 237 107 285
326 3 292 287 140 279
327 1 483 239 107 285
327 3 285 288 140 279
328 1 477 242 107 286
328 3 280 290 140 279
329 1 475 245 107 285
329 3 273 291 140 280
330 1 470 246 107 285
330 3 268 292 141 280
331 1 469 247 108 285
331 3 267 293 140 280
332 1 459 247 121 286
332 3 264 294 141 280
333 1 456 261 124 286
333 3 256 295 141 280
334 1 450 258 130 285
334 3 252 297 140 279
335 1 450 262 131 286
335 3 246 297 141 279
336 1 449 263 131 286
336 3 246 297 140 280
337 1 447 265 132 285
337 3 244 299 140 279
338 1 446 266 132 285
338 3 240 299 141 279
339 1 448 271 125 274
339 3 238 300 140 280
340 1 445 270 128 275
340 3 234 301 141 280
341 1 443 272 128 274
341 3 231 302 141 280
342 1 440 274 128 274
342 3 228 304 141 279
343 1 437 276 128 275
343 3 221 298 147 294
344 1 432 278 128 274
344 3 218 301 148 293
345 1 425 275 128 275
345 3 233 302 101 294
346 1 421 283 128 274
346 3 233 303 101 294
347 1 416 286 128 274
347 3 233 305 101 294
348 1 411 293 131 229
348 3 232 307 101 294
349 1 408 296 132 226
349 3 233 308 101 293
350 1 402 296 132 226
350 3 237 316 96 279
351 1 402 301 132 225
351 3 238 316 96 279
352 1 395 296 133 226
352 3 239 315 96 279
353 2 -43 141 87 162
353 1 393 299 132 226
353 3 237 309 101 293
354 1 390 296 132 226
354 3 238 310 100 293
355 2 -49 136 101 169
355 1 393 296 132 226
355 3 239 310 101 293
356 2 -48 137 101 169
356 1 387 296 133 226
356 3 241 310 101 294
357 2 -46 146 100 156
357 1 387 321 132 201
357 3 243 310 111 294
358 2 -43 145 99 155
358 1 385 321 132 201
358 3 245 310 117 294
359 2 -38 141 92 156
359 1 384 321 131 201
359 3 246 311 124 293
360 2 -35 140 92 156
360 1 383 321 132 201
360 3 249 311 126 293
361 2 -30 140 92 156
361 1 388 322 123 201
361 3 251 311 130 293
362 2 -16 142 72 156
362 1 386 326 123 201
362 3 254 312 129 293
363 2 -13 137 72 159
363 1 385 321 123 201
363 3 255 313 136 293
364 2 -6 135 62 160
364 1 387 332 123 201
364 3 254 308 138 308
365 2 3 136 52 159
365 1 385 333 123 201
365 3 258 310 136 309
366 2 7 137 52 159
366 1 390 339 113 201
366 3 261 313 138 308
367 2 8 136 65 160
367 1 393 340 113 201
367 3 264 315 133 308
368 2 13 137 72 159
368 1 396 343 113 201
368 3 263 312 135 211
369 2 15 134 82 160
369 1 401 355 113 201
369 3 277 315 116 210
370 2 16 137 87 160
370 1 406 352 113 201
370 3 281 312 108 211
371 2 17 134 87 160
371 1 406 354 117 201
371 3 287 312 101 210
372 2 19 138 87 160
372 1 412 355 116 201
372 3 294 312 100 211
373 2 21 134 87 160
373 1 414 357 124 200
373 3 296 312 100 211
374 2 21 132 92 168
374 1 418 361 124 201
374 3 300 312 100 210
375 2 27 126 91 169
375 1 420 363 124 201
375 3 304 312 100 210
376 2 33 124 77 168
376 1 422 366 132 201
376 3 309 312 100 211
377 2 39 124 76 168
377 1 426 367 133 201
377 3 314 312 100 211
378 2 51 123 59 168
378 1 427 370 139 201
378 3 319 312 100 211
379 2 58 124 58 168
379 1 433 375 141 202
379 3 326 322 95 201
380 2 60 123 58 168
380 1 436 378 146 201
380 3 332 322 95 201
381 2 66 123 58 168
381 1 441 380 145 201
381 3 332 322 106 200
382 2 71 123 58 168
382 1 444 386 146 202
382 3 336 323 106 200
383 2 77 124 63 155
383 1 446 389 146 202
383 3 344 322 106 200
384 2 76 127 75 155
384 1 449 397 146 202
384 3 351 322 106 200
385 2 83 128 79 155
385 1 451 400 147 202
385 3 358 322 105 200
386 2 84 123 85 155
386 1 456 405 146 202
386 3 365 322 105 200
387 2 83 127 91 155
387 1 460 409 146 202
387 3 371 322 106 200
388 2 87 130 91 148
388 3 377 315 105 200
389 2 86 128 91 148
389 3 385 314 105 210
390 2 86 128 93 148
390 3 392 309 105 216
391 2 90 125 94 149
391 3 398 311 105 217
392 2 92 127 94 148
392 3 403 309 105 216
393 2 99 123 94 148
393 3 409 303 104 217
394 2 108 119 73 149
394 3 415 305 104 220
395 2 115 119 74 149
395 3 423 302 104 220
396 2 121 119 73 149
396 3 426 302 104 220
397 2 123 115 73 148
397 3 433 303 104 220
398 2 125 114 73 148
398 3 439 302 106 220
399 2 127 111 73 149
399 3 447 299 107 220
400 2 128 109 74 149
400 3 451 296 108 228
401 2 136 106 62 148
401 3 457 293 108 229
402 2 140 103 63 149
402 3 460 294 112 229
403 2 145 100 62 148
403 3 466 289 112 228
404 2 148 96 63 148
404 3 467 290 112 231
405 2 147 91 65 149
405 3 462 286 122 235
406 2 153 89 65 149
406 3 465 283 133 240
407 2 154 85 66 149
407 3 471 287 136 240
408 2 157 80 66 150
408 3 473 274 146 252
409 2 159 75 65 149
409 3 470 270 161 255
410 2 159 70 65 149
410 3 467 269 169 267
411 2 162 65 66 149
411 3 470 264 169 267
412 2 167 60 58 149
412 3 483 260 165 281
413 2 166 53 59 149
413 3 500 255 155 281
414 2 167 47 58 149
414 3 508 253 149 281
415 2 168 42 59 148
415 3 525 245 139 281
416 2 170 39 58 148
416 3 532 241 140 284
417 2 171 35 65 148
417 3 538 238 140 288
418 2 173 36 65 148
418 3 538 233 140 288
419 2 173 36 65 148
419 3 537 236 145 288
420 2 178 36 65 148
420 3 533 238 157 288
421 2 176 36 65 148
421 3 533 237 168 287
422 2 177 37 63 139
423 2 178 37 65 148
424 2 179 36 65 148
425 2 181 37 65 148
426 2 189 38 52 138
427 2 190 37 49 134
428 2 191 39 49 132
429 2 191 34 53 128
430 2 194 34 46 127
431 2 194 32 47 131
432 2 193 32 49 130
433 2 192 32 48 128
434 2 194 31 46 129
435 2 192 29 47 132
436 2 192 33 50 127
437 2 193 32 48 128
438 2 193 35 48 126
439 2 192 30 48 131
440 2 186 35 62 124
441 2 186 34 62 125
442 2 184 33 62 124
443 2 182 33 62 124
444 2 182 33 58 124
445 2 179 30 58 123
446 2 178 32 58 120
447 2 175 29 58 121
448 2 174 26 58 124
449 2 172 26 58 124
450 2 170 25 58 124
451 2 169 24 51 125
452 2 167 24 50 125
453 2 166 25 50 126
454 2 165 26 50 124
455 2 164 26 52 124
456 2 162 25 52 124
457 2 160 23 55 125
458 2 159 22 55 125
459 2 158 20 58 129
460 2 157 20 57 122
461 2 155 19 59 122
462 2 153 17 61 123
463 2 151 15 62 122
464 2 150 14 61 120
465 2 149 12 61 119
466 2 148 10 59 117
467 2 146 7 59 117
468 2 145 3 55 117
469 2 143 -1 53 117
470 2 142 -5 50 117
471 2 141 -8 46 115
472 2 139 -12 46 117
473 2 138 -20 47 123
474 2 137 -24 42 123
475 2 135 -25 45 121
476 2 135 -26 45 122
477 2 134 -25 45 120
478 2 131 -25 48 122
479 2 130 -26 48 121
480 2 129 -27 48 123
481 2 127 -27 48 126
482 2 130 -26 44 123
483 2 129 -29 44 123
484 2 128 -30 41 123
485 2 127 -33 40 124
486 2 126 -35 41 123
487 2 125 -37 43 121
488 2 125 -42 41 122
489 2 123 -43 43 122
490 2 123 -45 40 123
491 2 117 -47 48 126
492 2 115 -47 48 126
493 2 117 -44 48 120
494 2 113 -47 51 126
495 2 112 -47 52 126
496 2 113 -51 48 127
497 2 112 -47 48 126
498 2 109 -48 48 126
499 2 108 -47 45 120
500 2 104 -47 46 120
501 2 100 -47 46 120
502 2 100 -46 46 120
503 2 99 -48 42 121
504 2 92 -47 48 126
505 2 91 -46 48 126
506 2 91 -48 48 126
507 2 90 -46 48 126
508 2 92 -46 48 126
509 2 88 -47 48 127
510 2 87 -44 48 127
511 2 83 -46 48 127
512 2 84 -46 46 121
513 2 79 -42 48 127
514 2 76 -43 48 127
515 2 79 -37 48 112
516 2 75 -37 48 112
517 2 73 -38 48 112
518 2 69 -41 50 118
519 2 67 -43 50 118
520 2 64 -44 51 118
521 2 63 -43 50 118
522 2 64 -39 48 112
523 2 64 -39 48 112
524 2 61 -40 50 118
525 2 59 -40 51 118
526 2 57 -40 50 118
527 2 58 -38 48 112
528 2 57 -37 48 112
529 2 56 -36 48 112
530 2 54 -36 48 112
531 2 53 -36 48 112
532 2 51 -35 48 112
533 2 49 -34 47 113
534 2 47 -33 47 112
535 2 48 -39 55 112
536 2 48 -42 55 112
537 2 43 -42 59 120
538 2 42 -41 58 117
539 2 40 -39 58 116
540 2 38 -39 52 116
541 2 37 -41 51 119
542 2 34 -40 50 117
543 2 34 -41 47 119
544 2 31 -42 49 120
545 2 31 -42 45 119
546 2 30 -41 49 122
547 2 27 -43 50 122
548 2 28 -42 49 122
549 2 29 -40 50 121
550 2 28 -39 57 121
551 2 30 -38 50 126
552 2 25 -34 63 115
553 2 30 -37 58 118
554 2 30 -35 59 119
555 2 31 -36 58 121
556 2 33 -35 57 119
557 2 35 -36 53 120
558 2 34 -36 55 122
559 2 33 -36 55 122
560 2 31 -36 55 122
561 2 31 -36 55 122
562 2 32 -36 55 122
563 2 39 -36 55 121
564 2 39 -36 62 122
565 2 39 -34 67 122
566 2 40 -35 71 124
567 2 39 -33 75 124
568 2 42 -34 75 124
569 2 45 -31 75 125
570 2 44 -29 75 124
571 2 46 -29 72 126
572 2 50 -31 68 128
573 2 51 -31 67 127
574 2 54 -28 68 127
575 2 56 -32 67 128
576 2 58 -31 67 128
577 2 58 -34 67 132
578 2 60 -36 57 133
579 2 58 -34 58 132
580 2 60 -32 58 132
581 2 60 -32 58 133
582 2 59 -31 60 139
583 2 59 -29 59 139
584 2 59 -29 60 139
585 2 59 -29 59 139
586 2 59 -28 59 139
587 2 58 -29 60 139
588 2 58 -29 59 139
589 2 57 -28 59 139
590 2 56 -26 59 139
591 2 54 -26 60 140
592 2 54 -25 60 139
593 2 51 -27 71 146
594 2 49 -25 70 146
595 2 48 -23 70 146
596 2 47 -21 70 147
597 2 46 -18 70 146
598 2 44 -15 71 150
599 2 43 -12 70 153
600 2 43 -8 70 154
601 2 41 -4 70 154
602 2 41 -1 70 154
603 2 40 1 70 152
604 2 39 1 70 155
605 2 39 12 71 148
606 2 35 11 72 148
607 2 34 9 72 149
608 2 32 9 72 149
609 2 31 10 71 149
610 2 30 9 71 149
611 2 26 6 75 156
612 2 24 7 76 155
613 2 22 7 76 156
614 2 21 12 72 148
615 2 20 13 72 148
616 2 17 15 72 148
617 2 14 16 72 148
618 2 13 17 72 148
619 2 10 17 72 148
620 2 11 18 77 154
621 2 2 19 84 155
622 2 3 21 84 154
623 2 0 21 84 154
624 2 -3 22 84 155
625 2 -6 23 84 155
626 2 -8 23 84 155
627 2 -10 22 84 155
628 2 -12 23 84 154
629 2 -16 23 85 155
630 2 -18 22 85 155
631 2 -20 23 84 155
632 2 -23 24 84 162
633 2 -32 26 85 165
634 2 -34 26 73 166
754 2 -63 169 131 271
755 2 -60 168 132 271
756 2 -57 170 129 265
757 2 -51 169 121 265
758 2 -48 169 119 265
759 2 -44 166 117 271
760 2 -38 166 113 271
761 2 -36 165 114 271
762 2 -32 165 119 271
763 2 -32 163 137 272
764 2 -34 163 155 272
765 2 -38 161 172 272
766 2 -11 169 159 272
767 2 -11 179 160 260
768 2 -7 177 156 260
769 2 -12 178 157 260
770 2 -11 178 156 260
771 2 -12 178 156 260
772 2 -8 177 143 261
773 2 -2 175 134 262
774 2 2 180 134 262
775 2 10 174 112 272
776 2 10 175 105 279
777 2 6 179 105 279
778 2 8 176 107 291
779 2 7 179 116 291
780 2 5 180 125 298
781 2 8 185 129 287
782 2 7 188 140 284
783 2 11 192 141 284
784 2 8 188 147 285
785 2 9 191 147 285
786 2 9 198 147 285
787 2 11 201 147 285
788 2 14 200 148 285
789 2 22 200 135 285
790 2 27 196 132 285
791 2 33 195 122 285
792 2 38 197 122 286
793 2 43 197 116 286
794 2 49 200 116 285
795 2 53 199 119 286
796 2 61 202 130 286
797 2 69 203 144 286
798 2 75 208 156 278
799 2 80 209 163 277
800 2 80 211 170 277
801 2 82 214 174 277
802 2 83 216 174 271
803 2 83 216 173 271
804 2 88 214 173 271
805 2 95 214 160 269
806 2 102 215 160 269
807 2 114 217 160 269
808 2 126 215 123 274
809 2 138 212 108 285
810 2 148 212 108 294
811 2 153 209 101 303
812 2 157 210 107 311
813 2 159 212 118 308
814 2 160 223 124 301
815 2 159 225 136 302
816 2 156 227 148 302
817 2 157 231 155 301
818 2 158 237 154 301
819 2 155 236 157 301
820 2 156 241 157 302
821 2 159 241 153 301
822 2 164 241 143 302
823 2 173 234 129 301
824 2 178 237 123 316
825 2 186 240 107 316
826 2 186 240 107 316
827 2 187 241 107 316
828 2 187 241 107 317
829 2 191 241 117 316
830 2 191 241 134 316
831 2 186 251 158 272
832 2 180 251 174 272
833 2 178 255 182 271
834 2 171 257 184 272
835 2 169 257 171 272
836 2 167 258 174 272
837 2 161 256 168 272
838 2 165 255 155 272
839 2 165 252 146 272
840 2 173 257 136 272
841 2 179 256 126 272
842 2 183 255 121 272
843 2 187 257 121 272
844 2 189 251 118 271
845 2 187 258 120 272
846 2 182 264 130 271
847 2 175 266 138 271
848 2 166 271 150 272
849 2 155 275 160 271
850 2 144 279 171 271
851 2 135 279 176 271
852 2 128 287 179 271
853 2 122 289 179 271
854 2 116 292 176 271
855 2 114 295 166 270
856 2 111 295 158 270
857 2 109 299 148 271
858 2 102 299 141 270
859 2 97 298 132 271
860 2 90 299 127 271
861 2 81 300 131 270
862 2 70 300 138 271
863 2 62 302 141 271
864 2 52 306 144 271
865 2 46 307 145 271
866 2 41 309 144 271
867 2 34 311 144 271
868 2 26 314 144 271
869 2 20 315 144 271
870 2 13 317 144 271
871 2 6 317 144 271
872 2 -8 318 143 271
873 2 -10 317 144 271
874 2 -17 319 144 272
875 2 -24 318 144 271
876 2 -29 319 143 271
877 2 -30 320 143 271
878 2 -36 317 153 271
879 2 -38 319 162 272
880 2 -50 326 180 196
881 2 -46 328 183 194
882 2 -41 330 183 194
883 2 -41 335 193 193
884 2 -44 330 202 194
885 2 -46 346 209 194
886 2 -41 344 209 194
887 2 -37 355 209 194
888 2 -32 355 208 193
889 2 -28 364 208 194
890 2 -23 369 209 194
891 2 -15 369 187 194
892 2 -8 369 175 194
893 2 1 371 166 194
894 2 2 370 166 194
895 2 15 372 153 194
896 2 22 370 154 194
897 2 35 370 134 194
898 2 43 382 134 194
899 2 52 385 134 193
900 2 65 386 120 193
