1502,0,198,39,59,167,1,1,1
1503,0,196,39,59,166,1,1,1
1504,0,194,39,59,164,1,1,1
1505,0,193,39,57,163,1,1,1
1506,0,191,39,57,162,1,1,1
1507,0,189,39,57,161,1,1,1
1508,0,187,38,56,161,1,1,1
1509,0,185,38,56,160,1,1,1
1510,0,183,38,56,159,1,1,1
1511,0,182,38,54,158,1,1,1
1512,0,180,38,54,156,1,1,1
1513,0,178,38,54,155,1,1,1
1514,0,176,38,53,154,1,1,1
1515,0,174,38,53,153,1,1,1
1516,0,172,38,53,152,1,1,1
1517,0,171,38,51,151,1,1,1
1518,0,169,38,51,150,1,1,1
1519,0,167,38,51,149,1,1,1
1520,0,165,38,50,148,1,1,1
1521,0,163,38,50,146,1,1,1
1522,0,161,38,50,145,1,1,1
1523,0,160,38,48,144,1,1,1
1524,0,158,38,48,143,1,1,1
1525,0,156,38,48,142,1,1,1
1526,0,154,38,47,141,1,1,1
1527,0,152,38,47,140,1,1,1
1528,0,150,38,47,139,1,1,1
1529,0,149,38,46,138,1,1,1
1530,0,147,38,46,137,1,1,1
1531,0,146,38,45,136,1,1,1
1532,0,144,38,45,136,1,1,1
1533,0,143,38,44,135,1,1,1
1534,0,141,38,44,135,1,1,1
1535,0,140,38,44,134,1,1,1
1536,0,138,38,44,134,1,1,1
1537,0,137,38,43,133,1,1,1
1538,0,136,38,42,133,1,1,1
1539,0,134,38,42,132,1,1,1
1540,0,133,38,41,131,1,1,1
1541,0,131,38,42,131,1,1,1
1542,0,130,38,41,130,1,1,1
1543,0,128,38,41,130,1,1,1
1544,0,127,38,40,129,1,1,1
1545,0,125,38,40,129,1,1,1
1546,0,124,38,39,128,1,1,1
1547,0,123,39,39,127,1,1,1
1548,0,121,39,39,126,1,1,1
1549,0,120,39,39,125,1,1,1
1550,0,119,39,39,125,1,1,1
1551,0,118,39,39,124,1,1,1
1552,0,117,39,39,124,1,1,1
1553,0,116,39,38,123,1,1,1
1554,0,115,39,38,122,1,1,1
1555,0,114,39,38,122,1,1,1
1556,0,113,39,38,121,1,1,1
1557,0,112,39,38,121,1,1,1
1558,0,111,39,37,120,1,1,1
1559,0,110,39,37,120,1,1,1
1560,0,109,39,37,119,1,1,1
1561,0,108,39,37,118,1,1,1
1562,0,107,39,37,118,1,1,1
1563,0,106,39,36,117,1,1,1
1564,0,105,39,36,117,1,1,1
1565,0,104,39,36,116,1,1,1
1566,0,103,39,36,115,1,1,1
1567,0,102,39,36,115,1,1,1
1568,0,100,39,36,114,1,1,1
1569,0,99,39,36,114,1,1,1
1570,0,98,39,36,113,1,1,1
1571,0,97,39,36,113,1,1,1
1572,0,96,39,36,112,1,1,1
1573,0,95,39,35,111,1,1,1
1574,0,94,39,35,111,1,1,1
1575,0,93,39,35,110,1,1,1
1576,0,92,39,35,110,1,1,1
1577,0,91,39,35,109,1,1,1
1578,0,90,39,35,109,1,1,1
1579,0,89,39,34,108,1,1,1
1580,0,88,39,34,107,1,1,1
1581,0,87,39,34,107,1,1,1
1582,0,86,39,34,106,1,1,1
1583,0,85,39,34,106,1,1,1
1584,0,84,39,33,105,1,1,1
1585,0,83,39,33,104,1,1,1
1586,0,82,39,33,104,1,1,1
1587,0,81,39,33,103,1,1,1
1588,0,80,39,33,103,1,1,1
1589,0,78,39,33,102,1,1,1
1590,0,77,39,33,102,1,1,1
1591,0,76,39,33,101,1,1,1
1592,0,75,39,33,100,1,1,1
1593,0,74,39,33,100,1,1,1
1594,0,73,39,32,99,1,1,1
1595,0,72,39,32,99,1,1,1
1596,0,71,39,32,98,1,1,1
1597,0,70,39,32,97,1,1,1
1598,0,69,39,32,97,1,1,1
1599,0,68,39,31,96,1,1,1
1600,0,67,39,31,96,1,1,1
1601,0,66,39,31,95,1,1,1
1602,0,65,39,31,95,1,1,1
1603,0,64,39,31,94,1,1,1
1604,0,63,39,30,93,1,1,1
1605,0,62,39,30,93,1,1,1
1606,0,61,39,30,92,1,1,1
1607,0,60,39,30,92,1,1,1
1608,0,59,39,30,91,1,1,1
1609,0,58,39,30,91,1,1,1
1610,0,57,39,30,90,1,1,1
1611,0,56,39,30,90,1,1,1
1612,0,55,39,30,90,1,1,1
1613,0,54,39,30,89,1,1,1
1614,0,54,39,29,89,1,1,1
1615,0,53,39,29,89,1,1,1
1616,0,52,39,30,89,1,1,1
1617,0,51,39,30,88,1,1,1
1618,0,50,39,30,88,1,1,1
1619,0,50,39,29,88,1,1,1
1620,0,49,39,29,87,1,1,1
1621,0,48,39,29,87,1,1,1
1622,0,47,39,29,87,1,1,1
1623,0,47,39,29,87,1,1,1
1624,0,46,39,29,86,1,1,1
1625,0,45,39,29,86,1,1,1
1626,0,44,39,29,86,1,1,1
1627,0,43,39,29,85,1,1,1
1628,0,43,39,28,85,1,1,1
1629,0,42,39,29,85,1,1,1
1630,0,41,39,29,85,1,1,1
1631,0,40,39,29,84,1,1,1
1632,0,40,40,28,83,1,1,1
1633,0,39,40,28,83,1,1,1
1634,0,38,40,28,82,1,1,1
1635,0,37,40,28,82,1,1,1
1636,0,36,40,29,82,1,1,1
1637,0,36,40,28,82,1,1,1
1638,0,35,40,28,81,1,1,1
1639,0,34,40,28,81,1,1,1
1640,0,33,40,28,81,1,1,1
1641,0,32,40,28,80,1,1,1
1642,0,32,40,28,80,1,1,1
1643,0,31,40,28,80,1,1,1
1644,0,30,40,28,80,1,1,1
1645,0,29,40,28,79,1,1,1
1646,0,29,40,27,79,1,1,1
1647,0,28,40,27,79,1,1,1
1648,0,27,40,27,78,1,1,1
1649,0,26,40,28,78,1,1,1
1650,0,25,40,28,78,1,1,1
1651,0,25,40,27,78,1,1,1
1652,0,24,40,27,77,1,1,1
1653,0,23,40,27,77,1,1,1
1654,0,22,40,27,77,1,1,1
1655,0,22,41,27,76,1,1,1
1656,0,21,40,26,77,1,1,1
1657,0,20,40,25,77,1,1,1
1658,0,20,39,24,78,1,1,1
1659,0,19,39,23,78,1,1,1
1660,0,19,38,22,79,1,1,1
1661,0,18,38,21,79,1,1,1
1662,0,18,38,20,79,1,1,1
1663,0,17,38,20,79,1,1,1
1664,0,16,39,21,78,1,1,1
1665,0,15,40,22,77,1,1,1
1666,0,14,41,22,76,1,1,1
1667,0,13,42,23,75,1,1,1
1668,0,13,43,23,75,1,1,1
1669,0,12,42,23,76,1,1,1
1670,0,11,42,23,76,1,1,1
1671,0,10,42,24,76,1,1,1
1672,0,10,42,23,76,1,1,1
1673,0,9,42,23,76,1,1,1
1674,0,8,42,24,77,1,1,1
1675,0,7,42,24,77,1,1,1
1676,0,7,42,23,77,1,1,1
1677,0,6,42,24,77,1,1,1
1678,0,5,42,24,77,1,1,1
1679,0,4,42,24,77,1,1,1
1680,0,4,42,24,78,1,1,1
1681,0,3,41,24,78,1,1,1
1682,0,3,41,23,77,1,1,1
1683,0,2,41,23,76,1,1,1
1684,0,2,41,22,75,1,1,1
1685,0,2,41,22,74,1,1,1
1686,0,1,41,22,73,1,1,1
1687,0,1,41,21,72,1,1,1
1688,0,0,41,21,71,1,1,1
1689,0,0,41,20,70,1,1,1
2079,1,324,43,35,91,1,1,1
2080,1,322,42,35,91,1,1,1
2081,1,320,42,35,91,1,1,1
2082,1,319,42,34,91,1,1,1
2083,1,317,42,35,90,1,1,1
2084,1,315,42,35,90,1,1,1
2085,1,314,42,34,90,1,1,1
2086,1,312,42,34,90,1,1,1
2087,1,311,42,34,89,1,1,1
2088,1,309,42,34,89,1,1,1
2089,1,307,42,34,89,1,1,1
2090,1,306,42,34,88,1,1,1
2091,1,304,42,34,88,1,1,1
2092,1,302,42,34,88,1,1,1
2093,1,301,42,33,88,1,1,1
2094,1,299,42,34,87,1,1,1
2095,1,298,42,33,87,1,1,1
2096,1,296,42,33,87,1,1,1
2097,1,294,42,34,86,1,1,1
2098,1,293,42,33,86,1,1,1
2099,1,291,42,33,86,1,1,1
2100,1,289,42,33,86,1,1,1
2101,1,288,42,33,85,1,1,1
2102,1,286,42,33,85,1,1,1
2103,1,285,42,32,85,1,1,1
2104,1,283,42,33,85,1,1,1
2105,1,281,42,33,84,1,1,1
2106,1,280,42,32,84,1,1,1
2107,1,278,42,32,84,1,1,1
2108,1,277,42,32,83,1,1,1
2109,1,275,42,32,83,1,1,1
2110,1,273,42,32,83,1,1,1
2111,1,272,42,31,83,1,1,1
2112,1,270,42,32,82,1,1,1
2113,1,268,42,32,82,1,1,1
2114,1,267,42,31,82,1,1,1
2115,1,265,42,32,81,1,1,1
2116,1,264,42,31,81,1,1,1
2117,1,262,42,31,81,1,1,1
2118,1,260,42,31,81,1,1,1
2119,1,259,42,31,80,1,1,1
2120,1,257,42,31,80,1,1,1
2121,1,255,42,31,80,1,1,1
2122,1,254,42,31,79,1,1,1
2123,1,252,42,31,79,1,1,1
2124,1,251,42,30,79,1,1,1
2125,1,249,42,30,79,1,1,1
2126,1,247,42,31,78,1,1,1
2127,1,246,42,30,78,1,1,1
2128,1,244,42,30,78,1,1,1
2129,1,243,42,30,78,1,1,1
2130,1,241,41,30,78,1,1,1
2131,1,240,41,30,78,1,1,1
2132,1,239,41,29,78,1,1,1
2133,1,238,41,29,78,1,1,1
2134,1,236,41,30,78,1,1,1
2135,1,235,41,29,78,1,1,1
2136,1,234,41,29,78,1,1,1
2137,1,233,41,29,78,1,1,1
2138,1,231,41,29,77,1,1,1
2139,1,230,41,29,77,1,1,1
2140,1,229,41,29,77,1,1,1
2141,1,228,41,28,77,1,1,1
2142,1,226,41,29,77,1,1,1
2143,1,225,41,29,77,1,1,1
2144,1,224,41,28,77,1,1,1
2145,1,223,41,28,77,1,1,1
2146,1,222,41,28,76,1,1,1
2147,1,220,41,28,76,1,1,1
2148,1,219,41,28,76,1,1,1
2149,1,218,41,28,76,1,1,1
2150,1,217,41,27,76,1,1,1
2151,1,215,41,28,76,1,1,1
2152,1,214,41,28,76,1,1,1
2153,1,213,41,27,76,1,1,1
2154,1,212,41,27,75,1,1,1
2155,1,210,41,28,75,1,1,1
2156,1,209,41,27,75,1,1,1
2157,1,208,41,27,75,1,1,1
2158,1,207,41,27,75,1,1,1
2159,1,206,41,26,75,1,1,1
2160,1,204,41,27,75,1,1,1
2161,1,203,41,27,75,1,1,1
2162,1,202,41,26,74,1,1,1
2163,1,201,41,26,74,1,1,1
2164,1,199,41,27,74,1,1,1
2165,1,198,41,26,74,1,1,1
2166,1,197,41,26,74,1,1,1
2167,1,196,41,26,74,1,1,1
2168,1,194,41,26,74,1,1,1
2169,1,193,41,26,74,1,1,1
2170,1,192,41,26,73,1,1,1
2171,1,191,41,25,73,1,1,1
2172,1,190,41,25,73,1,1,1
2173,1,188,41,26,73,1,1,1
2174,1,187,41,25,73,1,1,1
2175,1,186,41,25,73,1,1,1
2176,1,185,41,25,73,1,1,1
2177,1,183,41,25,73,1,1,1
2178,1,182,41,25,72,1,1,1
2179,1,181,41,25,72,1,1,1
2180,1,180,41,24,72,1,1,1
2181,1,178,41,25,72,1,1,1
2182,1,177,41,25,72,1,1,1
2183,1,176,41,24,72,1,1,1
2184,1,175,41,24,72,1,1,1
2185,1,174,41,24,72,1,1,1
2186,1,173,41,24,71,1,1,1
2187,1,172,41,24,71,1,1,1
2188,1,171,41,24,71,1,1,1
2189,1,170,41,24,71,1,1,1
2190,1,169,41,24,71,1,1,1
2191,1,168,41,24,70,1,1,1
2192,1,167,41,24,70,1,1,1
2193,1,166,41,24,70,1,1,1
2194,1,165,41,24,70,1,1,1
2195,1,164,41,24,70,1,1,1
2196,1,163,41,24,70,1,1,1
2197,1,162,41,24,69,1,1,1
2198,1,161,41,24,69,1,1,1
2199,1,160,41,25,69,1,1,1
2200,1,159,41,25,69,1,1,1
2201,1,159,41,24,69,1,1,1
2202,1,158,41,24,69,1,1,1
2203,1,157,41,24,68,1,1,1
2204,1,156,41,24,68,1,1,1
2205,1,155,41,24,68,1,1,1
2206,1,154,41,24,68,1,1,1
2207,1,153,41,24,68,1,1,1
2208,1,152,41,24,67,1,1,1
2209,1,151,41,24,67,1,1,1
2210,1,150,41,24,67,1,1,1
2211,1,149,41,24,67,1,1,1
2212,1,148,41,25,67,1,1,1
2213,1,147,41,25,67,1,1,1
2214,1,146,41,25,66,1,1,1
2215,1,145,41,25,66,1,1,1
2216,1,144,41,25,66,1,1,1
2217,1,144,41,24,66,1,1,1
2218,1,143,41,24,66,1,1,1
2219,1,142,41,24,66,1,1,1
2220,1,141,41,24,65,1,1,1
2221,1,140,41,24,65,1,1,1
2222,1,139,41,24,65,1,1,1
2223,1,138,41,24,65,1,1,1
2224,1,137,41,24,65,1,1,1
2225,1,136,41,25,65,1,1,1
2226,1,135,41,25,64,1,1,1
2227,1,134,41,25,64,1,1,1
2228,1,133,41,25,64,1,1,1
2229,1,132,41,25,64,1,1,1
2230,1,131,41,25,64,1,1,1
2231,1,130,41,25,63,1,1,1
2232,1,129,41,25,63,1,1,1
2233,1,129,41,24,63,1,1,1
2234,1,128,41,24,63,1,1,1
2235,1,127,41,24,63,1,1,1
2236,1,126,41,24,63,1,1,1
2237,1,125,41,24,62,1,1,1
2238,1,124,41,24,62,1,1,1
2239,1,123,41,25,62,1,1,1
2240,1,122,41,25,62,1,1,1
2241,1,121,41,25,62,1,1,1
2242,1,120,41,25,62,1,1,1
2243,1,119,41,25,61,1,1,1
2244,1,118,41,25,61,1,1,1
2245,1,117,41,25,61,1,1,1
2246,1,116,41,25,61,1,1,1
2247,1,115,41,25,61,1,1,1
2248,1,114,41,25,60,1,1,1
2249,1,114,41,24,60,1,1,1
2250,1,113,41,24,60,1,1,1
2251,1,112,41,24,60,1,1,1
2252,1,111,41,25,60,1,1,1
2253,1,110,41,25,60,1,1,1
2254,1,109,41,25,59,1,1,1
2255,1,108,41,25,59,1,1,1
2256,1,107,41,25,59,1,1,1
2257,1,106,41,25,59,1,1,1
2258,1,105,41,25,59,1,1,1
2259,1,104,41,25,59,1,1,1
2260,1,103,41,25,58,1,1,1
2261,1,102,41,25,58,1,1,1
2262,1,101,41,25,58,1,1,1
2263,1,100,41,25,58,1,1,1
2264,1,99,41,25,58,1,1,1
2265,1,99,42,25,57,1,1,1
2266,1,98,42,25,56,1,1,1
2267,1,97,42,25,56,1,1,1
2268,1,97,42,24,56,1,1,1
2269,1,96,42,25,56,1,1,1
2270,1,95,42,25,56,1,1,1
2271,1,95,42,24,56,1,1,1
2272,1,94,42,25,56,1,1,1
2273,1,94,42,24,56,1,1,1
2274,1,93,42,24,56,1,1,1
2275,1,92,42,25,55,1,1,1
2276,1,92,42,24,55,1,1,1
2277,1,91,42,24,55,1,1,1
2278,1,90,42,25,55,1,1,1
2279,1,90,42,24,55,1,1,1
2280,1,89,42,24,55,1,1,1
2281,1,89,42,24,55,1,1,1
2282,1,88,42,24,55,1,1,1
2283,1,87,42,24,55,1,1,1
2284,1,87,42,24,55,1,1,1
2285,1,86,42,24,54,1,1,1
2286,1,86,42,23,54,1,1,1
2287,1,85,42,23,54,1,1,1
2288,1,84,42,24,54,1,1,1
2289,1,84,42,23,54,1,1,1
2290,1,83,42,23,54,1,1,1
2291,1,82,42,24,54,1,1,1
2292,1,82,42,23,54,1,1,1
2293,1,81,42,23,54,1,1,1
2294,1,81,42,23,53,1,1,1
2295,1,80,42,23,53,1,1,1
2296,1,79,42,23,53,1,1,1
2297,1,79,42,23,53,1,1,1
2298,1,78,42,23,53,1,1,1
2299,1,77,42,23,53,1,1,1
2300,1,77,42,23,53,1,1,1
2301,1,76,42,23,53,1,1,1
2302,1,76,42,22,53,1,1,1
2303,1,75,42,23,53,1,1,1
2304,1,74,42,23,52,1,1,1
2305,1,74,42,22,52,1,1,1
2306,1,73,42,22,52,1,1,1
2307,1,73,42,22,52,1,1,1
2308,1,72,42,22,52,1,1,1
2309,1,71,42,22,52,1,1,1
2310,1,71,42,22,52,1,1,1
2311,1,70,42,22,52,1,1,1
2312,1,69,42,22,52,1,1,1
2313,1,69,42,22,51,1,1,1
2314,1,68,42,22,51,1,1,1
2315,1,68,42,21,51,1,1,1
2316,1,67,42,22,51,1,1,1
2317,1,66,42,22,51,1,1,1
2318,1,66,42,21,51,1,1,1
2319,1,65,42,22,51,1,1,1
2320,1,64,42,22,51,1,1,1
2321,1,64,42,21,51,1,1,1
2322,1,63,42,22,51,1,1,1
2323,1,63,42,21,50,1,1,1
2324,1,62,42,21,50,1,1,1
2325,1,61,42,21,50,1,1,1
2326,1,61,42,21,50,1,1,1
2327,1,60,42,21,50,1,1,1
2328,1,60,42,20,50,1,1,1
2329,1,59,42,21,50,1,1,1
2330,1,58,42,21,50,1,1,1
2331,1,58,42,20,50,1,1,1
2332,1,57,42,21,49,1,1,1
2333,1,56,42,21,49,1,1,1
2334,1,56,42,20,49,1,1,1
2335,1,55,42,21,49,1,1,1
2336,1,55,42,20,49,1,1,1
2337,1,54,42,20,49,1,1,1
2338,1,53,42,21,49,1,1,1
2339,1,53,42,20,49,1,1,1
2340,1,52,42,20,49,1,1,1
2341,1,52,42,20,49,1,1,1
2342,1,51,41,20,49,1,1,1
2343,1,51,41,20,49,1,1,1
2344,1,50,41,20,49,1,1,1
2345,1,50,41,20,49,1,1,1
2346,1,49,41,20,49,1,1,1
2347,1,49,41,20,49,1,1,1
2348,1,49,41,19,49,1,1,1
2349,1,48,41,20,49,1,1,1
2350,1,48,41,19,49,1,1,1
2351,1,47,41,20,49,1,1,1
2352,1,47,41,19,48,1,1,1
2353,1,46,41,20,48,1,1,1
2354,1,46,41,20,48,1,1,1
2355,1,46,41,19,48,1,1,1
2356,1,45,41,20,48,1,1,1
2357,1,45,41,19,48,1,1,1
2358,1,44,41,20,48,1,1,1
2359,1,44,41,19,48,1,1,1
2360,1,43,41,20,48,1,1,1
2361,1,43,41,19,48,1,1,1
2362,1,43,41,19,48,1,1,1
2363,1,42,41,19,47,1,1,1
2364,1,42,41,19,47,1,1,1
2365,1,41,41,19,47,1,1,1
2366,1,41,41,19,47,1,1,1
2367,1,40,41,20,47,1,1,1
2368,1,40,41,19,47,1,1,1
2369,1,40,41,19,47,1,1,1
2370,1,39,41,19,47,1,1,1
2371,1,39,41,19,47,1,1,1
2372,1,38,41,19,47,1,1,1
2373,1,38,40,19,47,1,1,1
2374,1,37,40,19,47,1,1,1
2375,1,37,40,19,47,1,1,1
2376,1,37,40,18,47,1,1,1
2377,1,36,40,19,47,1,1,1
2378,1,36,40,18,47,1,1,1
2379,1,35,40,19,47,1,1,1
2380,1,35,40,19,47,1,1,1
2381,1,34,40,19,47,1,1,1
2382,1,34,40,19,47,1,1,1
2383,1,34,40,18,47,1,1,1
2384,1,33,40,19,46,1,1,1
2385,1,33,40,18,46,1,1,1
2386,1,32,40,19,46,1,1,1
2387,1,32,40,18,46,1,1,1
2388,1,31,40,19,46,1,1,1
2389,1,31,40,18,46,1,1,1
2390,1,31,40,18,46,1,1,1
2391,1,30,40,18,46,1,1,1
2392,1,30,40,18,46,1,1,1
2393,1,29,40,19,46,1,1,1
2394,1,29,40,18,45,1,1,1
2395,1,28,40,19,45,1,1,1
2396,1,28,40,18,45,1,1,1
2397,1,28,40,18,45,1,1,1
2398,1,27,40,18,45,1,1,1
2399,1,27,40,18,45,1,1,1
2400,1,26,40,18,45,1,1,1
2401,1,26,40,18,45,1,1,1
2402,1,25,40,18,45,1,1,1
2403,1,25,40,18,45,1,1,1
2404,1,25,40,18,45,1,1,1
2405,1,24,39,18,45,1,1,1
2406,1,24,39,18,45,1,1,1
2407,1,24,39,17,45,1,1,1
2408,1,23,39,18,45,1,1,1
2409,1,23,39,18,45,1,1,1
2410,1,23,39,17,45,1,1,1
2411,1,22,39,18,45,1,1,1
2412,1,22,39,18,45,1,1,1
2413,1,22,39,17,45,1,1,1
2414,1,21,39,18,44,1,1,1
2415,1,21,39,18,44,1,1,1
2416,1,21,39,17,44,1,1,1
2417,1,20,39,18,44,1,1,1
2418,1,20,39,18,44,1,1,1
2419,1,20,39,17,44,1,1,1
2420,1,19,39,18,44,1,1,1
2421,1,19,39,18,44,1,1,1
2422,1,19,39,17,44,1,1,1
2423,1,18,38,18,44,1,1,1
2424,1,18,38,17,44,1,1,1
2425,1,18,38,17,44,1,1,1
2426,1,17,38,18,44,1,1,1
2427,1,17,38,17,44,1,1,1
2428,1,17,38,17,44,1,1,1
2429,1,16,38,18,44,1,1,1
2430,1,16,38,17,44,1,1,1
2431,1,16,38,17,44,1,1,1
2432,1,15,38,18,43,1,1,1
2433,1,15,38,17,43,1,1,1
2434,1,15,38,17,43,1,1,1
2435,1,14,38,18,43,1,1,1
2436,1,14,38,17,43,1,1,1
2437,1,14,38,17,43,1,1,1
2438,1,13,38,18,43,1,1,1
2439,1,13,38,17,43,1,1,1
2440,1,13,38,17,43,1,1,1
2441,1,13,38,17,43,1,1,1
2442,1,13,37,17,43,1,1,1
2443,1,13,37,17,43,1,1,1
2444,1,13,37,17,43,1,1,1
2445,1,13,37,17,43,1,1,1
2446,1,13,37,17,43,1,1,1
2447,1,13,37,17,43,1,1,1
2448,1,13,37,17,43,1,1,1
2449,1,13,37,17,43,1,1,1
2450,1,13,37,17,43,1,1,1
2451,1,13,37,17,43,1,1,1
2452,1,13,37,17,43,1,1,1
2453,1,14,37,16,42,1,1,1
2454,1,14,37,16,42,1,1,1
2455,1,14,37,16,42,1,1,1
2456,1,14,37,17,42,1,1,1
2457,1,14,37,17,42,1,1,1
2458,1,14,37,17,42,1,1,1
2459,1,14,37,17,42,1,1,1
2460,1,14,37,17,42,1,1,1
2461,1,14,36,17,43,1,1,1
2462,1,14,36,17,43,1,1,1
2463,1,14,36,17,43,1,1,1
2464,1,14,36,17,43,1,1,1
2465,1,15,36,16,42,1,1,1
2466,1,15,36,16,42,1,1,1
2467,1,15,36,16,42,1,1,1
2468,1,15,36,16,42,1,1,1
2469,1,15,36,16,42,1,1,1
2470,1,15,36,17,42,1,1,1
2471,1,15,36,17,42,1,1,1
2472,1,15,36,17,42,1,1,1
2473,1,15,36,17,42,1,1,1
2474,1,15,36,17,42,1,1,1
2475,1,15,36,17,42,1,1,1
2476,1,16,36,16,41,1,1,1
2477,1,16,36,16,41,1,1,1
2478,1,16,36,16,41,1,1,1
2479,1,16,36,16,41,1,1,1
2480,1,16,35,16,42,1,1,1
2481,1,16,35,16,42,1,1,1
2482,1,16,35,16,42,1,1,1
2483,1,16,35,16,42,1,1,1
2484,1,16,35,16,42,1,1,1
2485,1,16,35,17,42,1,1,1
2486,1,16,35,17,42,1,1,1
2487,1,16,35,17,42,1,1,1
2488,1,17,35,16,41,1,1,1
2489,1,17,35,16,41,1,1,1
2490,1,17,35,16,41,1,1,1
2491,1,17,35,16,41,1,1,1
2492,1,17,35,16,41,1,1,1
2493,1,17,35,16,41,1,1,1
2494,1,17,35,16,41,1,1,1
2495,1,17,35,16,41,1,1,1
2496,1,17,35,16,41,1,1,1
2497,1,17,35,16,41,1,1,1
2498,1,17,35,16,41,1,1,1
2499,1,18,35,16,41,1,1,1
1502,2,49,44,15,52,1,1,1
1503,2,49,44,15,52,1,1,1
1504,2,50,44,15,52,1,1,1
1505,2,51,44,15,52,1,1,1
1506,2,51,44,15,52,1,1,1
1507,2,52,44,15,52,1,1,1
1508,2,53,44,15,52,1,1,1
1509,2,53,44,15,52,1,1,1
1510,2,54,44,15,52,1,1,1
1511,2,55,44,15,53,1,1,1
1512,2,55,44,15,53,1,1,1
1513,2,56,44,15,53,1,1,1
1514,2,56,44,15,53,1,1,1
1515,2,57,44,15,53,1,1,1
1516,2,58,44,15,53,1,1,1
1517,2,58,44,15,53,1,1,1
1518,2,59,44,15,53,1,1,1
1519,2,60,44,15,53,1,1,1
1520,2,60,44,15,53,1,1,1
1521,2,61,44,15,53,1,1,1
1522,2,62,44,15,53,1,1,1
1523,2,62,44,15,53,1,1,1
1524,2,63,44,15,53,1,1,1
1525,2,63,44,15,53,1,1,1
1526,2,64,44,15,53,1,1,1
1527,2,65,44,15,53,1,1,1
1528,2,65,44,15,53,1,1,1
1529,2,66,44,15,54,1,1,1
1530,2,67,44,15,54,1,1,1
1531,2,67,44,15,54,1,1,1
1532,2,68,44,15,54,1,1,1
1533,2,69,44,15,54,1,1,1
1534,2,69,44,15,54,1,1,1
1535,2,70,44,15,54,1,1,1
1536,2,70,44,15,54,1,1,1
1537,2,71,44,15,54,1,1,1
1538,2,72,44,15,54,1,1,1
1539,2,72,44,15,54,1,1,1
1540,2,73,44,15,54,1,1,1
1541,2,74,44,15,54,1,1,1
1542,2,74,44,15,54,1,1,1
1543,2,75,44,15,54,1,1,1
1544,2,76,44,15,54,1,1,1
1545,2,76,44,15,54,1,1,1
1546,2,77,44,15,54,1,1,1
1547,2,78,44,15,55,1,1,1
1548,2,78,44,15,55,1,1,1
1549,2,78,44,16,55,1,1,1
1550,2,78,44,17,55,1,1,1
1551,2,78,44,18,56,1,1,1
1552,2,78,44,19,56,1,1,1
1553,2,78,44,20,56,1,1,1
1554,2,79,44,20,57,1,1,1
1555,2,79,44,20,57,1,1,1
1556,2,80,44,20,57,1,1,1
1557,2,81,44,19,57,1,1,1
1558,2,81,44,20,57,1,1,1
1559,2,82,44,20,57,1,1,1
1560,2,83,44,19,57,1,1,1
1561,2,83,44,20,57,1,1,1
1562,2,84,44,19,57,1,1,1
1563,2,85,44,19,57,1,1,1
1564,2,86,44,19,57,1,1,1
1565,2,86,45,19,57,1,1,1
1566,2,87,45,19,57,1,1,1
1567,2,88,45,19,57,1,1,1
1568,2,88,45,19,57,1,1,1
1569,2,89,45,19,57,1,1,1
1570,2,90,45,18,57,1,1,1
1571,2,91,45,18,57,1,1,1
1572,2,91,45,19,57,1,1,1
1573,2,92,45,18,57,1,1,1
1574,2,93,45,18,57,1,1,1
1575,2,93,45,18,57,1,1,1
1576,2,94,46,18,57,1,1,1
1577,2,95,46,18,57,1,1,1
1578,2,96,46,17,57,1,1,1
1579,2,96,46,18,57,1,1,1
1580,2,97,46,18,57,1,1,1
1581,2,98,46,17,57,1,1,1
1582,2,98,46,18,57,1,1,1
1583,2,99,46,17,57,1,1,1
1584,2,100,46,17,57,1,1,1
1585,2,100,46,18,57,1,1,1
1586,2,101,46,17,57,1,1,1
1587,2,102,47,17,57,1,1,1
1588,2,103,47,17,57,1,1,1
1589,2,103,47,17,57,1,1,1
1590,2,104,47,17,57,1,1,1
1591,2,105,47,16,57,1,1,1
1592,2,105,47,17,57,1,1,1
1593,2,106,47,17,57,1,1,1
1594,2,107,47,16,57,1,1,1
1595,2,108,47,16,57,1,1,1
1596,2,108,47,16,57,1,1,1
1597,2,109,47,16,57,1,1,1
1598,2,110,48,16,57,1,1,1
1599,2,110,48,16,57,1,1,1
1600,2,111,48,16,57,1,1,1
1601,2,112,48,16,57,1,1,1
1602,2,113,48,15,57,1,1,1
1603,2,113,48,16,57,1,1,1
1604,2,114,48,15,57,1,1,1
1605,2,115,48,15,57,1,1,1
1606,2,115,48,16,57,1,1,1
1607,2,116,48,15,57,1,1,1
1608,2,117,48,15,57,1,1,1
1609,2,118,49,15,57,1,1,1
1610,2,118,48,15,58,1,1,1
1611,2,119,48,15,58,1,1,1
1612,2,120,48,15,58,1,1,1
1613,2,120,48,16,58,1,1,1
1614,2,121,48,16,58,1,1,1
1615,2,122,48,15,58,1,1,1
1616,2,123,48,15,59,1,1,1
1617,2,123,48,16,59,1,1,1
1618,2,124,48,16,59,1,1,1
1619,2,125,48,16,59,1,1,1
1620,2,125,48,17,59,1,1,1
1621,2,126,48,16,59,1,1,1
1622,2,127,48,16,59,1,1,1
1623,2,128,48,16,60,1,1,1
1624,2,128,47,17,61,1,1,1
1625,2,129,47,17,61,1,1,1
1626,2,130,47,16,61,1,1,1
1627,2,130,47,17,61,1,1,1
1628,2,131,47,17,61,1,1,1
1629,2,132,47,17,61,1,1,1
1630,2,133,47,17,62,1,1,1
1631,2,133,47,18,62,1,1,1
1632,2,134,47,17,62,1,1,1
1633,2,135,47,17,62,1,1,1
1634,2,135,47,18,62,1,1,1
1635,2,136,47,18,62,1,1,1
1636,2,137,47,18,62,1,1,1
1637,2,138,47,18,63,1,1,1
1638,2,138,46,19,64,1,1,1
1639,2,138,46,21,64,1,1,1
1640,2,138,46,22,64,1,1,1
1641,2,138,46,24,65,1,1,1
1642,2,139,46,24,65,1,1,1
1643,2,140,46,24,65,1,1,1
1644,2,141,46,24,65,1,1,1
1645,2,142,46,24,65,1,1,1
1646,2,143,46,24,65,1,1,1
1647,2,144,46,24,65,1,1,1
1648,2,146,46,23,66,1,1,1
1649,2,147,46,23,66,1,1,1
1650,2,148,46,23,66,1,1,1
1651,2,149,46,23,66,1,1,1
1652,2,150,46,23,66,1,1,1
1653,2,151,46,23,66,1,1,1
1654,2,153,46,22,67,1,1,1
1655,2,154,46,22,67,1,1,1
1656,2,155,46,22,67,1,1,1
1657,2,156,46,22,67,1,1,1
1658,2,157,46,22,67,1,1,1
1659,2,158,46,22,67,1,1,1
1660,2,160,46,21,68,1,1,1
1661,2,161,46,21,68,1,1,1
1662,2,162,46,21,68,1,1,1
1663,2,163,46,21,68,1,1,1
1664,2,164,46,21,68,1,1,1
1665,2,165,46,21,68,1,1,1
1666,2,167,47,20,68,1,1,1
1667,2,168,46,20,69,1,1,1
1668,2,169,46,20,69,1,1,1
1669,2,170,46,20,69,1,1,1
1670,2,171,46,20,70,1,1,1
1671,2,172,46,20,70,1,1,1
1672,2,173,46,21,70,1,1,1
1673,2,174,46,21,70,1,1,1
1674,2,175,46,21,71,1,1,1
1675,2,176,46,21,71,1,1,1
1676,2,177,46,21,71,1,1,1
1677,2,178,46,22,71,1,1,1
1678,2,179,46,22,72,1,1,1
1679,2,180,46,22,72,1,1,1
1680,2,181,46,22,72,1,1,1
1681,2,182,46,22,72,1,1,1
1682,2,184,46,22,73,1,1,1
1683,2,185,46,22,73,1,1,1
1684,2,186,46,22,73,1,1,1
1685,2,187,46,22,73,1,1,1
1686,2,188,46,22,74,1,1,1
1687,2,189,46,23,74,1,1,1
1688,2,190,46,23,74,1,1,1
1689,2,191,46,23,74,1,1,1
1690,2,192,46,23,75,1,1,1
1691,2,193,46,23,75,1,1,1
1692,2,194,46,24,75,1,1,1
1693,2,195,46,24,75,1,1,1
1694,2,196,46,24,76,1,1,1
1695,2,197,46,24,76,1,1,1
1696,2,198,46,24,76,1,1,1
1697,2,200,46,24,77,1,1,1
1698,2,201,46,24,77,1,1,1
1699,2,202,46,24,77,1,1,1
1700,2,203,46,24,77,1,1,1
1701,2,205,46,24,77,1,1,1
1702,2,206,46,24,78,1,1,1
1703,2,207,46,24,78,1,1,1
1704,2,208,46,24,78,1,1,1
1705,2,210,46,24,78,1,1,1
1706,2,211,47,24,77,1,1,1
1707,2,212,47,24,78,1,1,1
1708,2,213,47,24,78,1,1,1
1709,2,215,47,24,78,1,1,1
1710,2,216,47,24,78,1,1,1
1711,2,217,47,24,78,1,1,1
1712,2,218,47,24,79,1,1,1
1713,2,220,47,24,79,1,1,1
1714,2,221,47,24,79,1,1,1
1715,2,222,48,24,78,1,1,1
1716,2,223,48,24,78,1,1,1
1717,2,225,48,24,79,1,1,1
1718,2,226,48,24,79,1,1,1
1719,2,227,48,24,79,1,1,1
1720,2,228,48,24,79,1,1,1
1721,2,230,48,24,79,1,1,1
1722,2,231,48,24,80,1,1,1
1723,2,232,48,24,80,1,1,1
1724,2,233,49,24,79,1,1,1
1725,2,235,49,24,79,1,1,1
1726,2,236,49,24,79,1,1,1
1727,2,237,49,24,80,1,1,1
1728,2,238,49,24,80,1,1,1
1729,2,240,49,24,80,1,1,1
1730,2,241,49,24,80,1,1,1
1731,2,242,49,24,80,1,1,1
1732,2,244,50,24,80,1,1,1
1733,2,244,49,26,80,1,1,1
1734,2,245,49,27,80,1,1,1
1735,2,246,49,28,80,1,1,1
1736,2,247,49,29,80,1,1,1
1737,2,248,49,30,80,1,1,1
1738,2,249,49,31,80,1,1,1
1739,2,250,49,31,80,1,1,1
1740,2,252,49,30,80,1,1,1
1741,2,253,49,30,81,1,1,1
1742,2,255,49,30,81,1,1,1
1743,2,256,49,30,82,1,1,1
1744,2,258,49,29,82,1,1,1
1745,2,259,49,29,83,1,1,1
1746,2,261,49,29,83,1,1,1
1747,2,262,49,29,84,1,1,1
1748,2,264,49,28,84,1,1,1
1749,2,266,50,28,84,1,1,1
1750,2,268,50,27,83,1,1,1
1751,2,270,50,26,82,1,1,1
1752,2,272,50,26,82,1,1,1
1753,2,274,50,25,81,1,1,1
1754,2,277,51,24,80,1,1,1
1755,2,277,50,25,81,1,1,1
1756,2,278,50,26,82,1,1,1
1757,2,278,50,27,83,1,1,1
1758,2,279,49,28,85,1,1,1
1759,2,279,49,29,86,1,1,1
1760,2,280,49,30,87,1,1,1
1761,2,281,48,30,88,1,1,1
1762,2,283,48,29,88,1,1,1
1763,2,285,48,29,88,1,1,1
1764,2,287,48,28,88,1,1,1
1765,2,289,47,28,89,1,1,1
1766,2,290,47,28,89,1,1,1
1767,2,292,47,28,89,1,1,1
1768,2,294,47,27,90,1,1,1
1769,2,296,46,26,91,1,1,1
1770,2,298,46,26,91,1,1,1
1771,2,299,46,26,91,1,1,1
1772,2,301,46,26,91,1,1,1
1773,2,303,45,25,92,1,1,1
1774,2,305,45,25,92,1,1,1
1775,2,307,45,24,92,1,1,1
1776,2,309,45,24,93,1,1,1
1777,2,309,45,25,93,1,1,1
1778,2,310,46,26,93,1,1,1
1779,2,311,47,27,93,1,1,1
1780,2,311,48,29,92,1,1,1
1781,2,312,49,30,92,1,1,1
1782,2,313,50,31,92,1,1,1
1783,2,315,49,31,93,1,1,1
1784,2,317,49,31,94,1,1,1
1785,2,319,49,31,94,1,1,1
1786,2,321,48,31,96,1,1,1
1787,2,323,48,31,96,1,1,1
1788,2,325,48,31,97,1,1,1
1774,3,0,42,28,113,1,1,1
1775,3,0,41,28,114,1,1,1
1776,3,0,41,29,114,1,1,1
1777,3,0,41,30,114,1,1,1
1778,3,0,41,31,115,1,1,1
1779,3,0,41,32,115,1,1,1
1780,3,1,41,32,115,1,1,1
1781,3,1,41,33,115,1,1,1
1782,3,1,41,34,116,1,1,1
1783,3,1,41,35,116,1,1,1
1784,3,1,41,36,116,1,1,1
1785,3,2,41,36,117,1,1,1
1786,3,3,41,36,117,1,1,1
1787,3,4,41,36,118,1,1,1
1788,3,5,41,36,118,1,1,1
1789,3,7,41,36,119,1,1,1
1790,3,8,41,36,119,1,1,1
1791,3,9,41,36,120,1,1,1
1792,3,10,41,36,120,1,1,1
1793,3,12,41,36,121,1,1,1
1794,3,13,41,36,121,1,1,1
1795,3,14,41,36,122,1,1,1
1796,3,15,41,36,122,1,1,1
1797,3,17,41,36,123,1,1,1
1798,3,18,41,36,123,1,1,1
1799,3,19,41,36,124,1,1,1
1800,3,20,41,36,124,1,1,1
1801,3,22,42,36,124,1,1,1
1802,3,23,42,36,124,1,1,1
1803,3,25,42,36,124,1,1,1
1804,3,26,42,37,125,1,1,1
1805,3,28,42,37,125,1,1,1
1806,3,29,42,37,125,1,1,1
1807,3,31,42,37,126,1,1,1
1808,3,32,42,38,126,1,1,1
1809,3,34,42,38,127,1,1,1
1810,3,35,42,38,127,1,1,1
1811,3,37,42,38,127,1,1,1
1812,3,38,42,39,128,1,1,1
1813,3,40,42,39,128,1,1,1
1814,3,41,42,39,128,1,1,1
1815,3,43,42,39,129,1,1,1
1816,3,44,42,40,129,1,1,1
1817,3,46,42,40,130,1,1,1
1818,3,47,42,40,130,1,1,1
1819,3,49,42,40,130,1,1,1
1820,3,51,42,40,131,1,1,1
1821,3,53,42,40,131,1,1,1
1822,3,54,42,41,132,1,1,1
1823,3,56,42,41,132,1,1,1
1824,3,58,42,41,133,1,1,1
1825,3,60,42,41,133,1,1,1
1826,3,61,42,41,134,1,1,1
1827,3,63,42,41,134,1,1,1
1828,3,65,42,41,135,1,1,1
1829,3,67,42,41,135,1,1,1
1830,3,68,42,42,136,1,1,1
1831,3,70,42,42,136,1,1,1
1832,3,72,42,42,137,1,1,1
1833,3,74,42,42,137,1,1,1
1834,3,75,42,42,138,1,1,1
1835,3,77,42,42,138,1,1,1
1836,3,79,42,42,139,1,1,1
1837,3,81,42,42,139,1,1,1
1838,3,82,42,43,140,1,1,1
1839,3,84,42,43,140,1,1,1
1840,3,86,42,43,141,1,1,1
1841,3,88,42,43,141,1,1,1
1842,3,90,42,43,142,1,1,1
1843,3,92,42,41,143,1,1,1
1844,3,94,42,40,144,1,1,1
1845,3,96,42,39,145,1,1,1
1846,3,98,43,38,145,1,1,1
1847,3,101,43,38,145,1,1,1
1848,3,104,43,38,145,1,1,1
1849,3,107,43,38,145,1,1,1
1850,3,108,42,39,146,1,1,1
1851,3,109,42,41,146,1,1,1
1852,3,111,42,42,147,1,1,1
1853,3,112,42,43,147,1,1,1
1854,3,113,41,45,149,1,1,1
1855,3,115,41,46,149,1,1,1
1856,3,116,41,47,150,1,1,1
1857,3,118,41,48,150,1,1,1
1858,3,119,40,50,152,1,1,1
1859,3,120,40,51,152,1,1,1
1860,3,122,40,52,153,1,1,1
1861,3,123,40,54,153,1,1,1
1862,3,125,40,55,154,1,1,1
1863,3,128,39,54,155,1,1,1
1864,3,131,39,53,156,1,1,1
1865,3,134,39,52,157,1,1,1
1866,3,137,39,52,157,1,1,1
1867,3,140,39,51,158,1,1,1
1868,3,143,39,50,159,1,1,1
1869,3,146,39,50,160,1,1,1
1870,3,148,38,51,161,1,1,1
1871,3,151,38,51,162,1,1,1
1872,3,154,38,51,163,1,1,1
1873,3,156,38,52,164,1,1,1
1874,3,159,38,52,164,1,1,1
1875,3,162,37,52,166,1,1,1
1876,3,164,37,53,167,1,1,1
1877,3,167,37,54,168,1,1,1
1878,3,170,37,54,168,1,1,1
1879,3,172,37,55,169,1,1,1
1880,3,175,36,55,171,1,1,1
1881,3,178,36,55,172,1,1,1
1882,3,180,36,56,172,1,1,1
1883,3,183,36,56,173,1,1,1
1884,3,186,36,56,174,1,1,1
1885,3,189,36,57,175,1,1,1
1886,3,191,36,58,175,1,1,1
1887,3,194,36,58,176,1,1,1
1888,3,197,36,58,177,1,1,1
1889,3,200,36,58,178,1,1,1
1890,3,202,36,59,179,1,1,1
1891,3,205,36,59,180,1,1,1
1892,3,208,37,59,179,1,1,1
1893,3,211,37,59,180,1,1,1
1894,3,213,37,60,181,1,1,1
1895,3,216,37,60,182,1,1,1
1896,3,219,37,60,183,1,1,1
1897,3,222,37,60,184,1,1,1
1898,3,225,38,61,184,1,1,1
1899,3,228,37,61,186,1,1,1
1900,3,232,37,60,187,1,1,1
1901,3,236,37,60,188,1,1,1
1902,3,240,37,59,189,1,1,1
1903,3,244,37,59,190,1,1,1
1904,3,248,36,58,192,1,1,1
1905,3,252,36,58,193,1,1,1
1906,3,256,36,57,194,1,1,1
1907,3,260,36,57,195,1,1,1
1908,3,264,36,56,196,1,1,1
1909,3,267,35,57,199,1,1,1
1910,3,271,35,56,200,1,1,1
1911,3,275,35,56,201,1,1,1
1912,3,279,35,55,202,1,1,1
1913,3,283,35,55,203,1,1,1
1914,3,287,34,54,205,1,1,1
1915,3,291,34,54,206,1,1,1
1916,3,295,34,53,207,1,1,1
1917,3,299,34,53,208,1,1,1
1918,3,303,34,52,209,1,1,1
1766,4,24,33,15,33,1,1,1
1767,4,23,33,15,33,1,1,1
1768,4,23,33,15,33,1,1,1
1769,4,23,33,15,33,1,1,1
1770,4,23,33,15,33,1,1,1
1771,4,22,33,15,33,1,1,1
1772,4,22,33,15,33,1,1,1
1773,4,22,33,15,33,1,1,1
1774,4,22,33,15,33,1,1,1
1775,4,22,33,15,34,1,1,1
1776,4,21,33,15,34,1,1,1
1777,4,21,33,15,34,1,1,1
1778,4,21,33,15,34,1,1,1
1779,4,21,33,15,34,1,1,1
1780,4,21,33,15,34,1,1,1
1781,4,20,33,15,34,1,1,1
1782,4,20,33,15,34,1,1,1
1783,4,20,33,15,34,1,1,1
1784,4,20,34,15,34,1,1,1
1785,4,19,34,15,34,1,1,1
1786,4,19,34,15,34,1,1,1
1787,4,19,34,15,34,1,1,1
1788,4,19,34,15,34,1,1,1
1789,4,19,34,15,34,1,1,1
1790,4,18,34,15,34,1,1,1
1791,4,18,34,15,34,1,1,1
1792,4,18,34,15,35,1,1,1
1793,4,18,34,15,35,1,1,1
1794,4,18,34,15,35,1,1,1
1795,4,17,34,15,35,1,1,1
1796,4,17,34,15,35,1,1,1
1797,4,17,34,15,35,1,1,1
1798,4,17,34,15,35,1,1,1
1799,4,17,34,15,35,1,1,1
1800,4,16,34,15,35,1,1,1
1801,4,16,35,15,35,1,1,1
1802,4,16,35,15,35,1,1,1
1803,4,16,35,15,35,1,1,1
1804,4,15,35,15,35,1,1,1
1805,4,15,35,15,35,1,1,1
1806,4,15,35,15,35,1,1,1
1807,4,15,35,15,35,1,1,1
1808,4,15,35,15,35,1,1,1
1809,4,14,35,15,35,1,1,1
1810,4,14,35,15,36,1,1,1
1811,4,14,35,15,36,1,1,1
1812,4,14,35,15,36,1,1,1
1813,4,14,35,15,36,1,1,1
1814,4,13,35,15,36,1,1,1
1815,4,13,35,15,36,1,1,1
1816,4,13,35,15,36,1,1,1
1817,4,13,35,15,36,1,1,1
1818,4,13,36,15,36,1,1,1
1819,4,12,36,16,36,1,1,1
1820,4,12,36,16,36,1,1,1
1821,4,12,36,16,36,1,1,1
1822,4,12,36,16,36,1,1,1
1823,4,12,36,16,36,1,1,1
1824,4,12,36,16,37,1,1,1
1825,4,12,36,16,37,1,1,1
1826,4,12,36,16,37,1,1,1
1827,4,12,36,16,37,1,1,1
1828,4,12,36,16,37,1,1,1
1829,4,11,37,18,37,1,1,1
1830,4,11,37,18,37,1,1,1
1831,4,11,37,18,37,1,1,1
1832,4,11,37,18,37,1,1,1
1833,4,11,37,18,37,1,1,1
1834,4,11,37,18,38,1,1,1
1835,4,11,37,18,38,1,1,1
1836,4,11,37,18,38,1,1,1
1837,4,11,37,18,38,1,1,1
1838,4,11,37,18,38,1,1,1
1839,4,10,38,20,38,1,1,1
1840,4,10,38,20,38,1,1,1
1841,4,10,38,20,38,1,1,1
1842,4,10,38,20,38,1,1,1
1843,4,10,38,20,38,1,1,1
1844,4,10,38,20,39,1,1,1
1845,4,10,38,20,39,1,1,1
1846,4,10,38,20,39,1,1,1
1847,4,10,38,20,39,1,1,1
1848,4,10,38,20,39,1,1,1
1849,4,10,39,21,39,1,1,1
1850,4,11,38,20,39,1,1,1
1851,4,12,38,19,38,1,1,1
1852,4,14,38,17,38,1,1,1
1853,4,14,38,17,38,1,1,1
1854,4,14,38,17,38,1,1,1
1855,4,14,38,17,38,1,1,1
1856,4,15,38,17,38,1,1,1
1857,4,15,38,17,38,1,1,1
1858,4,15,38,17,38,1,1,1
1859,4,15,38,17,39,1,1,1
1860,4,16,38,17,39,1,1,1
1861,4,16,38,17,39,1,1,1
1862,4,16,38,17,39,1,1,1
1863,4,16,38,17,39,1,1,1
1864,4,17,38,17,39,1,1,1
1865,4,17,39,17,39,1,1,1
1866,4,17,39,17,39,1,1,1
1867,4,17,39,18,39,1,1,1
1868,4,18,39,17,39,1,1,1
1869,4,18,39,17,39,1,1,1
1870,4,18,39,17,39,1,1,1
1871,4,18,39,18,39,1,1,1
1872,4,19,39,17,40,1,1,1
1873,4,19,39,17,40,1,1,1
1874,4,19,39,17,40,1,1,1
1875,4,19,39,18,40,1,1,1
1876,4,20,39,17,40,1,1,1
1877,4,20,39,17,40,1,1,1
1878,4,20,40,18,40,1,1,1
1879,4,20,40,18,40,1,1,1
1880,4,21,40,17,40,1,1,1
1881,4,21,40,17,40,1,1,1
1882,4,21,40,18,40,1,1,1
1883,4,21,40,18,40,1,1,1
1884,4,22,40,17,40,1,1,1
1885,4,22,40,17,41,1,1,1
1886,4,22,40,18,41,1,1,1
1887,4,22,40,18,41,1,1,1
1888,4,23,40,17,41,1,1,1
1889,4,23,40,17,41,1,1,1
1890,4,23,40,18,41,1,1,1
1891,4,23,41,18,41,1,1,1
1892,4,24,41,17,41,1,1,1
1893,4,24,41,18,41,1,1,1
1894,4,24,41,18,41,1,1,1
1895,4,24,41,18,41,1,1,1
1896,4,25,41,17,41,1,1,1
1897,4,25,41,18,41,1,1,1
1898,4,25,41,18,42,1,1,1
1899,4,25,41,18,42,1,1,1
1900,4,26,41,17,42,1,1,1
1901,4,26,41,18,42,1,1,1
1902,4,26,41,18,42,1,1,1
1903,4,26,41,18,42,1,1,1
1904,4,27,42,18,42,1,1,1
1905,4,27,42,18,42,1,1,1
1906,4,27,42,19,42,1,1,1
1907,4,28,42,18,42,1,1,1
1908,4,28,42,19,42,1,1,1
1909,4,29,42,18,42,1,1,1
1910,4,29,42,19,43,1,1,1
1911,4,29,42,19,43,1,1,1
1912,4,30,42,19,43,1,1,1
1913,4,30,42,19,43,1,1,1
1914,4,31,42,19,43,1,1,1
1915,4,31,42,19,44,1,1,1
1916,4,32,42,19,44,1,1,1
1917,4,32,42,19,44,1,1,1
1918,4,32,42,20,44,1,1,1
1919,4,33,42,19,44,1,1,1
1920,4,33,42,20,45,1,1,1
1921,4,34,42,19,45,1,1,1
1922,4,34,42,20,45,1,1,1
1923,4,34,42,20,45,1,1,1
1924,4,35,42,20,45,1,1,1
1925,4,35,42,20,46,1,1,1
1926,4,36,42,20,46,1,1,1
1927,4,36,42,20,46,1,1,1
1928,4,37,42,20,46,1,1,1
1929,4,37,42,20,46,1,1,1
1930,4,37,42,21,47,1,1,1
1931,4,38,42,20,47,1,1,1
1932,4,38,42,21,47,1,1,1
1933,4,39,42,20,47,1,1,1
1934,4,39,42,21,47,1,1,1
1935,4,40,42,21,48,1,1,1
1936,4,40,42,21,48,1,1,1
1937,4,40,42,21,48,1,1,1
1938,4,41,42,21,48,1,1,1
1939,4,41,42,21,48,1,1,1
1940,4,41,42,21,48,1,1,1
1941,4,42,42,21,48,1,1,1
1942,4,42,42,21,48,1,1,1
1943,4,42,42,21,48,1,1,1
1944,4,43,42,21,48,1,1,1
1945,4,43,42,21,48,1,1,1
1946,4,43,42,21,48,1,1,1
1947,4,44,42,21,48,1,1,1
1948,4,44,43,21,48,1,1,1
1949,4,44,43,21,48,1,1,1
1950,4,45,43,21,48,1,1,1
1951,4,45,43,21,48,1,1,1
1952,4,45,43,21,48,1,1,1
1953,4,46,43,21,48,1,1,1
1954,4,46,43,21,48,1,1,1
1955,4,46,43,21,48,1,1,1
1956,4,47,43,21,48,1,1,1
1957,4,47,43,21,48,1,1,1
1958,4,47,43,21,48,1,1,1
1959,4,48,43,21,48,1,1,1
1960,4,48,43,21,48,1,1,1
1961,4,49,44,21,48,1,1,1
1962,4,49,44,21,47,1,1,1
1963,4,50,44,20,47,1,1,1
1964,4,51,44,20,47,1,1,1
1965,4,52,44,19,47,1,1,1
1966,4,53,45,19,46,1,1,1
1967,4,52,43,20,48,1,1,1
1968,4,52,42,20,50,1,1,1
1969,4,52,41,20,51,1,1,1
1970,4,52,40,21,53,1,1,1
1971,4,54,41,20,51,1,1,1
1972,4,56,42,20,50,1,1,1
1973,4,58,44,20,48,1,1,1
1974,4,58,44,20,48,1,1,1
1975,4,59,44,20,48,1,1,1
1976,4,59,44,20,48,1,1,1
1977,4,60,44,20,48,1,1,1
1978,4,60,44,20,48,1,1,1
1979,4,61,44,20,49,1,1,1
1980,4,61,44,20,49,1,1,1
1981,4,62,44,20,49,1,1,1
1982,4,62,44,20,49,1,1,1
1983,4,63,44,20,49,1,1,1
1984,4,64,44,20,50,1,1,1
1985,4,64,43,20,51,1,1,1
1986,4,65,43,20,51,1,1,1
1987,4,66,43,20,51,1,1,1
1988,4,66,43,21,51,1,1,1
1989,4,67,43,20,51,1,1,1
1990,4,68,43,20,52,1,1,1
1991,4,69,43,20,52,1,1,1
1992,4,69,43,21,52,1,1,1
1993,4,70,43,21,52,1,1,1
1994,4,71,43,20,52,1,1,1
1995,4,71,43,21,52,1,1,1
1996,4,72,43,21,53,1,1,1
1997,4,73,43,21,53,1,1,1
1998,4,74,43,20,53,1,1,1
1999,4,74,43,21,53,1,1,1
2000,4,75,43,21,53,1,1,1
2001,4,76,43,21,53,1,1,1
2002,4,77,43,21,54,1,1,1
2003,4,77,43,21,54,1,1,1
2004,4,78,43,21,54,1,1,1
2005,4,78,43,22,54,1,1,1
2006,4,79,43,22,54,1,1,1
2007,4,80,43,21,54,1,1,1
2008,4,80,43,22,54,1,1,1
2009,4,81,43,22,54,1,1,1
2010,4,82,43,22,55,1,1,1
2011,4,82,43,22,55,1,1,1
2012,4,83,43,22,55,1,1,1
2013,4,84,43,22,55,1,1,1
2014,4,84,43,23,55,1,1,1
2015,4,85,43,22,55,1,1,1
2016,4,86,43,22,55,1,1,1
2017,4,86,43,23,55,1,1,1
2018,4,87,44,23,55,1,1,1
2019,4,88,44,22,55,1,1,1
2020,4,88,44,23,55,1,1,1
2021,4,89,44,23,55,1,1,1
2022,4,90,44,23,55,1,1,1
2023,4,90,44,23,55,1,1,1
2024,4,91,44,23,55,1,1,1
2025,4,92,44,23,55,1,1,1
2026,4,92,44,24,56,1,1,1
2027,4,93,44,23,56,1,1,1
2028,4,94,44,23,56,1,1,1
2029,4,94,44,24,56,1,1,1
2030,4,95,44,24,56,1,1,1
2031,4,96,44,23,56,1,1,1
2032,4,96,44,24,56,1,1,1
2033,4,97,44,24,56,1,1,1
2034,4,98,45,24,56,1,1,1
2035,4,98,44,24,57,1,1,1
2036,4,99,44,24,57,1,1,1
2037,4,100,44,24,57,1,1,1
2038,4,101,44,24,57,1,1,1
2039,4,102,44,24,58,1,1,1
2040,4,103,44,23,58,1,1,1
2041,4,104,44,23,58,1,1,1
2042,4,105,43,23,59,1,1,1
2043,4,106,43,23,59,1,1,1
2044,4,107,43,23,60,1,1,1
2045,4,107,43,23,60,1,1,1
2046,4,108,43,23,60,1,1,1
2047,4,109,43,23,60,1,1,1
2048,4,110,43,23,60,1,1,1
2049,4,111,43,23,61,1,1,1
2050,4,112,42,22,62,1,1,1
2051,4,113,42,22,62,1,1,1
2052,4,114,42,22,62,1,1,1
2053,4,115,42,22,62,1,1,1
2054,4,116,42,22,63,1,1,1
2055,4,116,42,22,63,1,1,1
2056,4,117,42,22,63,1,1,1
2057,4,118,41,22,64,1,1,1
2058,4,119,41,22,64,1,1,1
2059,4,120,41,22,65,1,1,1
2060,4,121,41,21,65,1,1,1
2061,4,122,41,21,65,1,1,1
2062,4,123,41,21,65,1,1,1
2063,4,124,41,21,65,1,1,1
2064,4,125,41,21,66,1,1,1
2065,4,126,41,21,66,1,1,1
2066,4,127,41,21,66,1,1,1
2067,4,128,41,22,66,1,1,1
2068,4,129,41,22,67,1,1,1
2069,4,130,41,23,67,1,1,1
2070,4,131,41,23,67,1,1,1
2071,4,132,42,24,67,1,1,1
2072,4,133,42,24,67,1,1,1
2073,4,134,42,24,67,1,1,1
2074,4,135,42,25,67,1,1,1
2075,4,136,42,25,68,1,1,1
2076,4,137,42,26,68,1,1,1
2077,4,138,42,26,68,1,1,1
2078,4,139,43,27,68,1,1,1
2079,4,140,43,27,68,1,1,1
2080,4,142,43,26,68,1,1,1
2081,4,143,43,27,68,1,1,1
2082,4,145,43,26,69,1,1,1
2083,4,146,43,26,69,1,1,1
2084,4,148,43,26,69,1,1,1
2085,4,149,43,26,69,1,1,1
2086,4,151,43,25,70,1,1,1
2087,4,152,43,26,70,1,1,1
2088,4,154,43,25,70,1,1,1
2089,4,155,43,25,71,1,1,1
2090,4,157,43,25,71,1,1,1
2091,4,158,43,25,71,1,1,1
2092,4,160,43,25,71,1,1,1
2093,4,161,43,25,72,1,1,1
2094,4,163,43,24,72,1,1,1
2095,4,164,43,25,72,1,1,1
2096,4,166,43,24,73,1,1,1
2097,4,167,43,24,73,1,1,1
2098,4,169,44,24,72,1,1,1
2099,4,170,44,24,72,1,1,1
2100,4,172,44,23,73,1,1,1
2101,4,173,44,24,73,1,1,1
2102,4,175,44,23,73,1,1,1
2103,4,176,44,23,74,1,1,1
2104,4,178,44,23,74,1,1,1
2105,4,179,44,23,74,1,1,1
2106,4,181,44,23,74,1,1,1
2107,4,182,44,23,75,1,1,1
2108,4,184,44,22,75,1,1,1
2109,4,185,44,23,75,1,1,1
2110,4,187,44,22,76,1,1,1
2111,4,188,44,22,76,1,1,1
2112,4,190,44,22,76,1,1,1
2113,4,191,44,22,76,1,1,1
2114,4,193,44,21,77,1,1,1
2115,4,194,44,22,77,1,1,1
2116,4,196,44,21,77,1,1,1
2117,4,198,45,21,77,1,1,1
2118,4,199,45,21,77,1,1,1
2119,4,200,45,22,77,1,1,1
2120,4,202,45,22,77,1,1,1
2121,4,203,45,22,77,1,1,1
2122,4,204,45,23,77,1,1,1
2123,4,206,45,23,77,1,1,1
2124,4,207,45,24,77,1,1,1
2125,4,208,45,24,77,1,1,1
2126,4,210,45,24,77,1,1,1
2127,4,211,45,25,77,1,1,1
2128,4,213,45,25,77,1,1,1
2129,4,214,45,25,77,1,1,1
2130,4,215,45,26,77,1,1,1
2131,4,217,45,26,77,1,1,1
2132,4,218,45,27,77,1,1,1
2133,4,219,45,27,77,1,1,1
2134,4,221,45,27,77,1,1,1
2135,4,222,45,28,77,1,1,1
2136,4,224,46,28,77,1,1,1
2137,4,226,46,28,77,1,1,1
2138,4,228,46,28,78,1,1,1
2139,4,230,46,28,78,1,1,1
2140,4,232,46,28,79,1,1,1
2141,4,234,46,29,79,1,1,1
2142,4,236,46,29,80,1,1,1
2143,4,238,46,29,80,1,1,1
2144,4,240,46,29,81,1,1,1
2145,4,242,46,30,82,1,1,1
2146,4,244,46,30,82,1,1,1
2147,4,246,46,30,83,1,1,1
2148,4,248,46,30,83,1,1,1
2149,4,250,46,30,84,1,1,1
2150,4,252,47,31,83,1,1,1
2151,4,254,47,31,84,1,1,1
2152,4,256,47,31,84,1,1,1
2153,4,258,47,31,85,1,1,1
2154,4,260,47,32,86,1,1,1
2155,4,262,47,32,86,1,1,1
2156,4,264,47,32,87,1,1,1
2157,4,266,47,32,87,1,1,1
2158,4,268,47,32,88,1,1,1
2159,4,270,47,33,88,1,1,1
2160,4,272,47,33,89,1,1,1
2161,4,274,47,33,89,1,1,1
2162,4,276,47,33,90,1,1,1
2163,4,278,48,34,90,1,1,1
2164,4,280,48,34,90,1,1,1
2165,4,282,48,34,91,1,1,1
2166,4,284,48,34,92,1,1,1
2167,4,287,49,34,91,1,1,1
2168,4,289,49,34,92,1,1,1
2169,4,291,49,34,93,1,1,1
2170,4,294,49,33,93,1,1,1
2171,4,296,50,34,93,1,1,1
2172,4,298,50,34,94,1,1,1
2173,4,301,50,33,95,1,1,1
2174,4,303,50,33,95,1,1,1
2175,4,305,51,34,95,1,1,1
2176,4,307,51,34,96,1,1,1
2177,4,310,51,33,96,1,1,1
2178,4,312,51,33,97,1,1,1
2179,4,314,52,34,97,1,1,1
2180,4,317,52,33,97,1,1,1
2181,4,319,52,33,98,1,1,1
2182,4,321,52,33,99,1,1,1
2064,5,0,53,47,115,1,1,1
2065,5,4,52,47,115,1,1,1
2066,5,8,52,47,115,1,1,1
2067,5,12,52,48,115,1,1,1
2068,5,16,52,48,115,1,1,1
2069,5,21,52,48,115,1,1,1
2070,5,25,52,48,114,1,1,1
2071,5,29,52,48,114,1,1,1
2072,5,33,52,49,114,1,1,1
2073,5,37,52,49,114,1,1,1
2074,5,42,52,49,114,1,1,1
2075,5,48,52,48,114,1,1,1
2076,5,54,53,48,114,1,1,1
2077,5,60,53,48,114,1,1,1
2078,5,66,54,48,114,1,1,1
2079,5,72,54,48,114,1,1,1
2080,5,78,55,48,114,1,1,1
2081,5,84,55,48,114,1,1,1
2082,5,90,56,48,114,1,1,1
2083,5,96,56,48,114,1,1,1
2084,5,102,57,48,114,1,1,1
2085,5,108,57,48,114,1,1,1
2086,5,115,58,47,114,1,1,1
2087,5,121,58,51,119,1,1,1
2088,5,127,59,55,124,1,1,1
2089,5,133,59,59,130,1,1,1
2090,5,140,60,62,135,1,1,1
2091,5,146,60,66,141,1,1,1
2092,5,152,61,70,145,1,1,1
2093,5,159,61,73,151,1,1,1
2094,5,165,62,77,156,1,1,1
2095,5,171,62,81,162,1,1,1
2096,5,178,63,84,167,1,1,1
2097,5,188,63,85,172,1,1,1
2098,5,198,64,86,177,1,1,1
2099,5,208,64,88,183,1,1,1
2100,5,219,65,88,188,1,1,1
2101,5,229,66,89,192,1,1,1
2102,5,239,66,91,198,1,1,1
2103,5,249,67,92,203,1,1,1